SAMPLES:	9656
BITSPERSAMPLE:	16
CHANNELS:	1
SAMPLERATE:	16000
NORMALIZED:	FALSE
0
-1
0
6
-2
4
7
0
6
4
-6
-7
-14
-16
-7
18
33
17
-2
-12
-5
3
-4
-14
-8
4
7
13
0
-2
9
6
-10
-28
-34
-1
32
19
5
-8
-11
9
15
0
-14
-2
25
28
-8
-20
-1
9
-4
-25
-13
15
16
9
15
5
1
9
-2
-29
-39
-23
7
19
2
-3
19
23
-5
-37
-34
7
17
6
-2
5
20
17
-5
-30
-22
12
20
-8
-16
9
29
32
8
-21
-37
-31
3
16
15
21
28
15
-27
-44
-16
20
12
-12
-13
18
37
19
-9
-27
-28
-7
7
-3
6
9
2
-9
-18
-16
5
28
25
3
-25
-46
-34
-7
7
7
-4
-1
18
19
-10
-3
21
-1
-21
-25
-1
22
11
-6
-6
12
20
19
-10
-37
-40
4
45
18
-28
-14
21
34
2
-49
-38
12
18
3
10
33
49
12
-58
-74
-13
25
18
1
-2
11
23
34
24
5
-5
-6
-14
-22
-8
9
7
1
-38
-35
20
32
36
2
-29
5
38
12
-21
-31
-3
7
-21
4
41
24
6
-21
-14
14
-18
-32
-14
16
52
57
-16
-56
-18
16
10
-17
4
39
36
19
0
-41
-46
-20
0
0
-14
-9
52
67
5
-31
-50
-64
-30
-9
12
27
66
55
-3
-57
-54
0
-5
-13
18
53
35
31
36
24
0
-60
-62
-24
-24
19
52
41
-34
-67
-52
-49
-14
46
89
66
14
-56
-53
-44
-1
60
34
8
-34
4
13
7
13
-29
-43
-47
13
42
10
-4
5
40
8
-19
-29
-5
-28
-59
-12
65
57
-20
3
0
14
-6
-11
-5
-23
-2
-17
-25
0
33
77
93
29
-52
-81
-71
-35
42
26
-36
-16
60
85
24
-30
1
-11
-77
-128
-11
103
67
-21
-34
51
66
-39
-103
5
99
101
-41
-150
-85
73
86
-20
-28
22
59
-17
-68
8
94
5
-108
-37
57
66
14
-70
-55
8
30
35
18
13
-3
25
4
-3
-16
-20
-48
-44
26
44
23
-41
27
39
-4
-40
-32
18
13
21
38
-6
-53
-48
-10
57
1
-23
2
-24
36
59
51
-5
-106
-33
61
4
-65
-60
9
66
56
35
28
-5
-110
-101
-16
-17
-16
-38
37
78
88
52
8
-14
-24
-49
-61
-47
-81
-7
87
103
21
17
-2
-128
-49
16
37
36
-6
71
104
107
-20
-62
-55
-25
38
-114
-90
98
95
-5
-28
28
87
34
-123
-145
-42
89
119
-16
-73
-22
83
100
-110
-242
28
185
74
-43
-133
39
84
39
18
-140
-70
51
96
35
-95
-58
108
138
-2
-55
-148
-52
-42
7
158
28
73
56
6
-48
23
42
3
-1
-176
0
85
-40
-40
58
117
143
46
-165
-82
-94
-27
-42
-122
-19
108
249
43
-56
0
-22
-27
-141
-98
-34
-32
68
50
91
62
38
16
-57
-35
-22
19
-107
-75
4
102
65
-56
-1
-29
-5
28
103
22
-61
4
-2
-62
-142
-58
66
34
1
75
82
0
-93
-69
-27
-57
-37
11
11
155
139
-14
-86
-138
-96
52
79
-35
-84
67
136
113
16
-118
-27
-32
26
36
53
-22
-83
8
-89
11
48
-8
74
30
71
109
-87
-173
-87
-68
49
73
143
180
-22
1
16
40
-107
-146
20
111
67
-135
-69
144
181
2
-173
-175
-21
36
-66
-71
76
89
35
55
-18
-53
58
-82
-141
-14
44
54
8
-33
132
214
-3
-59
-33
-113
-98
37
11
-35
-23
125
194
-93
-204
-1
193
15
-195
-18
138
106
-138
-89
86
110
-14
-166
-67
116
102
69
-49
-90
47
54
-2
-121
3
33
-6
-70
-54
60
68
57
164
-46
-117
-14
-48
-107
-240
-93
161
166
3
-34
163
181
-15
-160
-218
-43
-23
43
31
-1
63
105
108
-30
-124
-169
105
102
-51
-142
-42
64
-42
15
27
-3
5
112
48
-106
-80
138
114
-26
-159
-53
71
103
-9
-81
-10
51
221
-79
-142
-67
154
255
-150
-387
24
295
-61
-312
-196
316
317
-28
-66
-63
16
6
-83
-161
-233
243
362
84
-88
79
104
-184
-303
-224
-38
59
115
137
30
-115
33
228
53
-441
-225
207
306
-98
-230
20
310
269
-153
-139
-189
116
181
30
42
52
197
-37
-235
-105
1
47
-97
-107
91
113
74
2
49
-91
-175
-78
131
73
-150
-1
84
210
-96
-43
-2
36
-45
-94
60
-1
113
-3
-64
-84
-11
63
-1
57
44
4
-7
-32
131
-194
-248
-33
129
109
-99
100
195
56
-162
-122
21
156
132
-156
-182
27
171
61
-198
58
286
152
-98
-251
-61
50
28
-111
-219
-25
226
93
87
0
1
156
-89
-146
-259
8
85
-151
-101
194
219
-27
-94
51
211
110
-188
-355
-47
100
-51
-170
22
47
347
222
-58
-312
-210
-23
-44
1
-47
196
57
82
71
0
-151
20
145
-14
-89
-123
148
0
-212
-109
-19
132
37
-72
-13
129
162
-84
-68
-125
5
187
-121
26
56
114
137
-24
236
20
-128
-291
-120
-26
-156
-33
22
303
81
114
-49
17
156
60
-114
-275
-47
-36
161
-7
130
271
70
-49
-166
-201
-18
-110
-141
51
-9
274
30
-178
14
132
97
-78
-146
79
117
-23
-111
143
40
-224
-176
318
146
107
-17
-249
-35
-192
114
-73
78
200
151
-34
-236
-171
142
122
59
-103
-173
101
82
-11
23
111
-19
54
52
17
-111
-228
-146
1
182
68
-56
-12
80
77
-157
-105
1
45
-67
-160
-105
223
405
-63
-173
-47
129
137
-136
-65
-17
261
34
-144
-295
-76
88
10
-113
-185
277
-105
101
-37
190
102
-112
-167
-445
115
-58
184
-49
-18
380
285
135
-401
-367
99
219
25
-216
-14
441
261
-58
-318
-260
4
-31
-179
-35
46
446
160
-138
-281
-196
226
138
92
-164
142
188
189
-116
-242
-24
66
-206
-231
87
171
293
64
-132
-113
-158
53
57
-181
40
208
32
-240
-406
27
-60
-30
172
213
115
116
417
14
-406
-307
92
121
-310
-282
374
560
450
-243
-214
-148
81
-131
-266
-172
103
290
218
-60
-103
127
334
2
-291
-215
117
257
205
-70
-234
-38
109
309
-292
-292
-8
510
67
-417
-440
-101
221
73
-165
-220
325
-38
53
-297
2
186
70
-67
31
177
132
3
-420
-190
187
244
11
-66
183
219
61
-52
-372
-336
-252
330
38
-47
111
125
214
-184
40
-272
108
-67
94
-159
-20
304
-97
8
-73
-236
-138
100
200
-314
-422
239
434
401
-160
-44
63
54
1
-358
-295
-43
496
401
23
-190
232
174
-220
-481
-270
62
-16
-11
155
237
136
50
-378
-158
-111
424
189
-239
-192
330
485
-183
-217
-247
274
-26
-141
-49
450
-139
-35
-197
-131
-53
-31
319
148
-6
-65
-53
-149
64
-84
-141
-96
462
368
-319
-168
0
113
71
-266
-114
-57
94
422
231
-212
-320
284
158
-342
-263
-2
83
247
-28
-412
24
236
115
119
84
6
-25
48
-197
-423
-326
389
579
174
-84
112
68
9
-501
-560
-256
-45
436
174
318
109
214
190
-205
-408
-518
125
-270
-15
208
279
491
173
124
-501
-291
47
16
-300
-444
336
357
231
-86
-151
-35
-36
147
-196
228
-208
-56
-58
-26
-38
-392
84
-14
470
96
-59
35
205
491
-288
-398
-317
268
331
-266
-105
260
629
43
-317
-212
-67
-131
-232
-20
-140
129
195
343
-262
-183
376
289
16
-545
-333
-211
237
-27
-345
-19
555
654
40
-263
71
-94
-113
-88
-52
-405
-411
137
248
-109
-137
267
331
142
-56
-99
61
-224
-90
-179
-169
47
515
429
-253
-60
243
262
-586
-425
362
224
-194
-216
127
594
279
33
-146
87
286
-371
-449
-532
-141
518
322
188
-164
356
427
-218
-733
-775
79
20
231
129
-1
61
219
154
135
-363
-69
22
473
-119
-181
-21
61
240
-177
-153
-195
392
44
-399
-274
232
292
-72
-457
-255
203
258
465
-116
-6
-81
207
-4
-87
-207
-402
270
214
210
-350
-103
188
105
141
-209
-178
106
455
222
-343
91
101
-25
-617
47
134
100
-582
81
141
178
-153
-99
368
344
-10
-563
91
-149
-150
-313
219
473
-84
-379
14
291
-6
205
-411
-69
291
278
-336
-554
-208
339
256
-151
-62
748
483
195
-483
-98
164
19
-206
-543
31
1
238
-281
232
-5
366
35
91
-253
79
-107
-316
-328
30
203
-321
-71
-159
772
213
187
-731
267
366
304
-714
-210
294
-72
-128
-34
307
-327
151
-55
279
-421
-4
165
202
-123
-209
193
399
144
-483
-77
167
596
-264
-323
-171
396
625
-104
-594
-305
400
339
-273
-323
-292
-26
212
80
-173
-84
202
267
-293
202
6
-247
-220
354
269
-169
189
139
435
-380
-359
-476
154
338
71
109
494
262
-495
-353
-263
-110
-345
-292
34
491
133
-185
53
111
-34
90
-48
40
-235
-107
-193
36
61
430
168
-41
-133
131
216
-331
-265
-378
546
-100
161
-156
63
-83
103
-185
-663
124
250
162
96
538
152
-216
-78
90
-463
-372
70
443
236
83
425
12
125
-213
-348
-512
187
87
-18
35
215
585
411
-13
-438
73
-334
-532
-625
-76
236
-4
-4
332
426
93
-233
78
33
89
-624
-83
171
78
22
59
372
120
790
330
-179
-859
-356
-195
-266
-291
-238
134
591
551
11
206
-42
-255
-594
60
23
199
69
116
181
157
-66
-184
38
-87
13
-205
373
483
210
-397
-320
-96
163
-339
-523
-204
282
639
364
-332
-127
361
-95
-253
-278
-20
-43
283
166
-149
-139
10
480
-257
-293
-87
389
-66
-290
132
12
-103
-379
111
239
116
-351
14
361
-124
-146
173
529
-42
149
-500
-112
-201
-172
-175
-48
340
259
483
125
318
-344
-149
-310
-121
-239
-100
-83
92
-16
280
329
116
-202
-386
-207
-4
205
214
-203
3
219
378
-10
-259
-315
-332
-80
107
262
-27
-38
170
317
109
-148
-204
-101
79
-160
-132
82
177
158
-393
31
58
309
-254
382
-14
152
-97
-180
-134
49
351
-65
128
-217
315
67
-171
-427
176
-63
-21
-29
266
9
-15
1
-159
89
-162
126
-24
12
-30
-101
30
47
99
45
163
236
74
-86
-81
-29
-221
-105
-46
79
63
46
-145
-560
-36
103
148
-43
472
224
272
-11
-117
-417
-538
-143
-24
-216
172
561
276
125
-35
147
-30
52
-278
-552
-306
54
104
-63
-50
418
169
131
346
183
-306
-65
68
-239
-494
-74
307
-10
96
84
155
239
270
77
151
-218
-503
-521
89
-218
-532
-319
387
506
254
21
73
307
6
-361
-663
-257
-188
50
302
259
422
470
298
-486
-365
-321
-123
3
227
69
81
531
306
-238
-447
-289
523
665
-288
-395
-48
159
-313
-214
-270
10
373
421
246
-88
239
6
-171
-370
-142
16
-138
-279
-87
368
266
0
204
564
80
-578
-252
310
-3
-460
-234
-18
201
207
63
-4
371
580
205
-641
-293
-290
-200
-444
-208
198
561
402
28
0
221
238
-274
-180
-149
-323
-345
216
127
256
17
112
-74
114
-158
-389
-270
-232
70
225
597
87
-17
319
199
-227
-349
-284
-103
-433
-304
84
278
34
472
784
75
-181
67
86
-776
-1060
-447
79
85
-14
555
593
693
772
313
-753
-481
-106
-153
-372
-382
151
304
522
107
-308
166
480
397
-125
22
-161
-205
-353
-540
-328
-459
301
272
504
140
98
42
-388
-412
11
-171
-465
-22
513
540
25
-120
240
336
105
-230
-428
27
179
141
-521
-521
-257
198
290
103
66
272
664
-21
-384
-432
-345
-126
42
-77
-58
538
500
187
-279
-118
310
302
-266
-651
157
83
-170
108
230
-3
-116
304
426
146
-423
-285
-37
108
-240
-404
-238
229
554
340
12
-70
-121
323
-19
-744
-663
-8
436
245
211
236
155
177
24
-549
-645
-81
356
196
-426
-456
106
505
298
-442
-134
756
816
-39
-529
-184
-367
44
-389
-315
140
683
900
561
-345
-815
198
387
-501
-987
494
1132
-68
-574
-52
243
105
142
-119
-589
92
507
4
-753
-486
14
345
439
81
-104
275
404
-236
-809
-370
143
384
168
-354
15
446
548
-710
-807
-308
435
397
-148
-252
254
799
90
-686
33
302
95
-271
103
104
136
72
-216
-413
162
743
-165
-488
-483
328
4
142
-77
-152
-13
-51
-164
-65
35
-153
183
359
-80
-136
157
223
-370
-159
128
-29
18
-12
522
120
-221
-171
139
214
-95
-288
-96
258
-177
-252
-305
-338
101
386
145
117
338
101
83
-398
-589
-354
-1
-36
-294
521
462
894
319
-6
-421
-301
-170
-145
-254
-641
123
303
158
249
608
45
74
248
120
-537
-682
-529
519
152
-365
-211
288
820
225
-253
-40
656
174
192
-205
-492
-450
128
-265
-658
-409
442
548
189
151
135
291
309
-15
-961
-127
-85
-256
-250
58
101
280
292
-175
-75
-153
-204
-107
11
-228
-159
676
368
-385
-387
133
-100
30
184
-539
17
538
-118
-534
789
411
-548
-341
223
379
-177
-253
530
938
379
19
-270
-256
-227
18
-122
-123
134
694
1065
148
-531
-335
338
150
-557
-736
-150
395
331
-119
-486
374
297
-248
-378
-295
-401
-326
-58
-202
50
-67
31
95
220
-105
-179
-162
-51
-293
-193
-72
-159
80
-38
-93
-144
-28
56
-66
-154
-271
-135
172
57
-84
-48
89
211
21
245
513
478
241
162
290
-210
-286
-264
-195
346
207
86
366
650
181
-19
90
30
-328
-378
281
256
-24
-540
192
662
-21
-237
257
379
-106
-127
-235
-55
27
-120
-161
-417
-272
-88
61
61
-30
-35
196
530
323
-7
-330
2
133
-185
-304
87
24
-124
142
63
-62
-11
100
103
137
-331
-192
89
-370
-477
67
535
44
-328
43
506
-100
-417
-205
-35
55
97
-160
-22
362
258
-110
-70
25
-450
-266
-78
-107
-461
-250
238
207
-220
-57
580
462
-21
-273
-143
143
88
-63
-61
52
41
193
421
254
13
-200
10
-48
122
175
180
65
101
255
264
125
-202
-104
-286
-304
-362
-399
-107
75
109
92
189
137
-283
-577
-458
24
-121
-320
137
610
504
12
76
350
-2
-384
38
364
57
-44
178
220
-126
-550
-500
-121
-62
-220
78
539
596
124
-152
-264
-329
-547
-640
-461
-253
-280
-234
35
-260
-528
-123
369
-10
-10
345
692
686
418
98
-70
-9
-50
38
-26
-33
190
501
439
239
155
131
173
-119
-421
-315
2
132
416
729
743
731
632
269
-137
-432
-515
-153
314
456
539
772
862
630
59
-400
-640
-835
-649
-549
-629
-604
-207
95
78
-240
-328
-44
23
-298
-539
-418
-127
-79
-352
-467
-439
-304
-367
-434
-546
-688
-691
-749
-875
-848
-618
-346
-227
-255
-196
-162
-284
-550
-651
-509
-187
-39
98
405
950
1182
1147
1371
1511
1663
1658
1434
1382
1443
1481
1420
1663
2182
2791
3153
3347
3411
2871
1955
1068
268
-713
-1509
-2082
-2101
-1451
-1005
-1163
-1257
-1135
-1461
-2295
-3273
-3856
-3900
-3630
-2989
-2181
-1434
-914
-464
-262
-535
-1138
-1899
-2449
-2621
-2755
-2694
-2403
-2215
-2104
-1809
-1535
-1321
-1195
-757
172
1409
2544
3756
4720
5319
5635
5367
4298
2892
2194
2245
3025
3766
4779
6029
7483
8211
7610
6141
4521
2225
-913
-4362
-7861
-11271
-13175
-12299
-8851
-4750
-1160
2031
5111
7221
6623
3727
202
-2006
-2818
-2266
-746
1147
2586
3706
4241
3010
-524
-5214
-9257
-12332
-14381
-14700
-12796
-9323
-4350
1161
5513
7685
7430
5575
3273
879
-1655
-3457
-3251
-983
1998
4561
6302
7548
7680
6930
5770
3593
874
-1152
-1210
-124
1591
3638
6129
8778
11126
12127
10172
5588
129
-5648
-12222
-17704
-19182
-15847
-9762
-3321
2704
7936
11502
11387
7396
1634
-3111
-5763
-5876
-3792
-344
3265
6320
8082
7431
3912
-1155
-6261
-10562
-13538
-14132
-12132
-9756
-7700
-4834
-1503
334
1400
2922
4720
5687
5134
3367
1955
1238
-95
-1800
-1943
-393
1532
3343
4861
5362
4605
3467
2549
1292
-201
-526
1227
3789
5839
7872
10194
11983
11277
7268
1299
-5360
-12914
-20131
-22797
-18897
-11395
-3659
4072
11424
16217
16311
11577
4255
-2502
-6717
-7444
-5021
-1065
2934
6445
8848
8319
3871
-3014
-9259
-13573
-15576
-14814
-10965
-5873
-2080
974
3373
3309
851
-781
-562
602
1777
2557
3067
3586
2989
710
-1631
-2584
-2508
-1871
-397
1477
2761
3608
4386
4603
3792
2779
2415
2740
3624
5068
7213
9173
10522
10962
9046
3920
-3338
-11346
-19482
-24699
-23396
-16009
-6285
3203
11475
17537
19847
16564
8149
-1501
-8247
-10783
-9794
-5856
-145
5175
8521
9233
6675
910
-5985
-11510
-14283
-14003
-10900
-5776
-177
3913
5685
5845
3829
-174
-3684
-4320
-2703
-515
1154
1967
2497
2633
1427
-1195
-3320
-3822
-2833
-1077
624
1458
2100
3089
3972
4103
3736
3902
4622
5716
6587
7485
7930
8017
8193
7891
4923
-770
-7357
-14199
-21362
-25176
-21525
-11676
-905
7895
15260
20848
21976
16737
6844
-2943
-9137
-11132
-9629
-5220
178
4245
6142
5878
2863
-2651
-8234
-11416
-11588
-9269
-4868
426
4789
6870
6528
4179
193
-4634
-8518
-8982
-6082
-2222
886
3033
3962
3706
2239
-401
-3295
-4934
-4588
-2936
-1380
-742
-218
1226
3224
4895
6091
7145
8058
8198
7536
6517
5699
4729
4077
4589
6114
6069
2594
-2948
-9615
-17396
-23679
-23244
-15071
-3982
6034
14512
21388
24071
20323
10803
-707
-9723
-14092
-13799
-9756
-3837
1476
4712
6015
4744
726
-4220
-7479
-8285
-6930
-3690
684
4089
5358
4456
1379
-2600
-6668
-10052
-11033
-7854
-2574
1889
4563
5532
4754
2795
75
-3203
-5906
-6181
-4042
-1481
-88
302
720
1971
3717
5319
6621
7951
9576
10332
9773
8309
6869
5603
4743
4837
5264
3904
-56
-5826
-13150
-21410
-26365
-23295
-13043
-1153
9274
17877
23822
24473
18583
7512
-4379
-12661
-15585
-13667
-8300
-1771
3506
6244
6298
3943
-521
-5435
-8346
-8470
-6405
-2751
1377
3885
4007
2551
-334
-4302
-7805
-9935
-10215
-7786
-2523
3295
7327
8644
7265
4439
922
-2951
-6681
-8722
-8002
-5480
-2745
-525
1570
3771
6287
9245
12073
13741
13728
12335
9464
5275
1023
-1770
-2686
-1829
899
4197
5154
2389
-3667
-12612
-21922
-25520
-19940
-8574
3290
13773
22422
27152
25505
16637
3206
-9498
-16990
-18533
-15668
-9815
-3162
1844
4284
4455
2707
-496
-3535
-4715
-3849
-1506
1508
3593
3488
1824
11
-2321
-5250
-7261
-7880
-7290
-5020
-937
2718
3987
3321
2000
595
-1009
-3187
-5492
-6264
-4918
-2775
-972
942
3125
5416
7789
10391
12341
12323
10395
7473
3652
-829
-4027
-4784
-3277
-185
4167
8825
11755
10223
3582
-6608
-18328
-27988
-29565
-20369
-5089
9628
21062
28776
30473
24061
10620
-5295
-18094
-23652
-21725
-14830
-5888
2215
7438
9230
8269
4996
495
-3100
-4423
-3858
-2239
-222
1081
715
-666
-1722
-2808
-4334
-5591
-6686
-7420
-6385
-3202
77
1961
2906
3644
4233
3693
1381
-2040
-4416
-4654
-3797
-2503
-378
2820
6071
8856
11109
11826
9940
6060
1995
-1785
-4516
-5371
-3426
507
5377
9821
13037
13723
9640
923
-10584
-22355
-30993
-30684
-19201
-2112
12988
23562
29505
29177
21253
7059
-9080
-21137
-25056
-21333
-13169
-3744
4444
9194
10334
8970
6058
2077
-1425
-2955
-2803
-1840
-969
-1100
-2265
-3305
-3123
-2290
-2098
-2192
-2548
-3657
-4646
-3570
-858
1383
2628
3614
4402
4084
1989
-1759
-5608
-7390
-6631
-4028
-470
3151
5951
7643
8621
8384
6419
3244
491
-956
-1475
-1070
336
2574
4901
7159
9077
9863
8489
3679
-3579
-12108
-21177
-28068
-26822
-15397
193
13186
21595
25663
24121
16377
3961
-9416
-18720
-20798
-16467
-8793
-423
6370
9765
9876
8238
5586
2282
-736
-2552
-3244
-3311
-3099
-3083
-3150
-2525
-575
1630
2483
2018
280
-2937
-5958
-6323
-4358
-1874
393
2567
4178
4130
1788
-2634
-7161
-9118
-7581
-3709
820
4990
8028
9620
9765
8484
5648
1828
-1385
-3137
-3707
-3284
-1815
558
3359
6238
8395
9101
8699
6057
546
-7225
-16136
-24561
-27649
-20610
-6051
8660
18871
24249
24690
19509
9374
-3372
-14455
-19303
-16835
-9929
-1927
5053
9018
9477
7932
5732
2919
-65
-1947
-2684
-2910
-2960
-2845
-2866
-2530
-996
1472
2973
2206
-252
-3977
-7889
-9623
-7897
-4177
98
4278
7223
7798
5685
1016
-4885
-9069
-9314
-6317
-1831
2916
6759
8717
8785
7594
5134
1671
-1473
-3000
-3012
-2527
-1675
-176
2152
5024
7673
9032
8878
7852
4519
-1626
-9595
-18256
-25767
-26526
-16729
-1271
12093
20167
23635
22507
16558
6710
-4807
-13751
-16332
-12821
-6597
-528
3763
4940
3963
3137
3049
2708
1880
1331
669
-606
-2244
-3762
-4822
-4560
-2142
1366
3506
2821
-7
-4446
-8821
-10324
-7748
-2578
3479
8663
10992
9682
5278
-1278
-7824
-11256
-10350
-6338
-925
4120
7114
7471
6168
4369
2272
174
-1236
-1687
-1680
-1626
-1440
-559
1423
4223
6810
8278
8620
7737
4266
-1747
-9570
-18184
-24565
-22899
-11726
2639
13503
19327
21136
18941
12877
3667
-6485
-13426
-14082
-9969
-4661
-297
2308
2831
2695
3403
4462
4663
4057
3069
1310
-1072
-3352
-5028
-5472
-3842
-409
3000
4287
2511
-1404
-6242
-9980
-9918
-5416
982
6554
9782
9612
6211
909
-5022
-10061
-11956
-9580
-4519
827
4573
6073
5713
4611
3326
1898
727
240
298
42
-616
-1250
-1060
249
2847
5626
7163
6945
6282
4973
982
-5348
-12465
-18909
-21996
-17375
-5487
7321
15649
19011
18866
15734
9678
1098
-7634
-12137
-11007
-7118
-3460
-451
1459
2313
3372
5346
6721
6459
5093
3004
13
-3091
-5363
-6386
-5530
-2591
1038
3409
3170
131
-4255
-8182
-9907
-8220
-3263
2664
7422
9529
8072
3365
-2638
-8206
-11591
-11058
-6899
-1521
2945
5692
6396
5282
3510
2072
1441
1501
1609
820
-934
-3319
-5269
-5742
-3672
618
5385
9037
10994
11422
8747
2682
-5412
-13831
-20633
-21207
-12799
380
11207
16477
17220
15125
10812
4066
-3928
-9645
-10060
-6624
-2382
962
2828
2862
2633
3649
5223
5659
4651
2674
84
-2774
-5249
-6945
-6923
-4644
-987
2040
3313
2065
-1121
-4398
-6607
-6803
-4232
425
4455
6249
5135
1837
-2085
-5206
-7409
-7951
-6104
-2707
426
2149
2892
2829
2255
2118
2720
3007
2045
159
-1921
-3595
-4592
-4152
-1534
2811
7791
11164
11917
10662
8442
3771
-2761
-9654
-16271
-20885
-18351
-7674
4412
11826
14302
14153
12417
9547
4578
-1520
-5489
-4972
-2880
-1624
-1469
-2135
-3111
-2077
1381
4656
5780
5094
3170
208
-2822
-4899
-5688
-4410
-1043
2620
4244
3460
382
-4160
-7769
-9182
-8632
-5948
-1091
3886
6671
6241
3066
-829
-3652
-5352
-5899
-4818
-2448
-26
1890
2735
2076
716
23
257
730
585
-309
-1310
-1502
-1104
5
2259
5553
8702
10274
10296
9009
6321
1321
-4827
-11560
-17933
-20997
-16072
-4784
6272
12394
14345
14138
12723
9392
3284
-3286
-6599
-5908
-4026
-2532
-1710
-1460
-927
1453
4439
5691
4510
2020
-746
-2834
-3955
-4151
-3287
-1053
1602
2749
1676
-852
-3853
-6422
-6721
-5279
-3554
-1363
2061
4506
4079
1293
-2041
-4116
-3921
-2983
-2744
-2612
-1419
-144
309
-215
-1092
-1659
-538
1916
3653
4109
3533
2482
1634
1497
1323
1348
2711
5153
6590
6075
4730
3285
469
-3823
-8674
-13459
-16659
-13676
-4090
6377
12120
13469
12602
10786
7903
3082
-2733
-5816
-4753
-2592
-1755
-2075
-2890
-3229
-1289
2257
4941
5457
4460
2486
421
-1533
-3336
-4496
-3755
-1652
115
521
-105
-1209
-2572
-3093
-3492
-4524
-5051
-3134
-599
638
369
-211
2
1286
1523
-422
-2660
-3356
-2791
-2277
-2082
-2068
-1011
1394
4084
5289
4677
3307
2047
1432
901
528
435
1691
3518
4750
4718
4485
3961
1782
-1962
-6739
-11634
-14518
-10829
-2147
5948
9019
9099
8322
8252
6928
3494
-502
-1800
-1110
-902
-1992
-3692
-4799
-3756
59
3939
5676
4894
2742
70
-2134
-3843
-4811
-4216
-1926
336
1197
666
-502
-1730
-2561
-2738
-3553
-5000
-5532
-3779
-1587
127
1108
1928
2463
2423
580
-2131
-3725
-3750
-3270
-2757
-2166
-1557
50
2390
4411
5064
5104
4469
3516
1923
-43
-1323
-709
1534
3676
5143
5623
5896
4393
807
-4651
-10334
-14968
-13871
-5785
3525
7767
7696
7531
8417
9001
6444
2056
-1019
-1124
-1489
-2925
-4951
-5751
-4209
211
4496
5868
4502
2028
-443
-2216
-3155
-3849
-3448
-1583
655
1294
500
-976
-1554
-1205
-790
-1736
-4022
-6180
-6096
-3432
-664
678
772
1329
2185
2380
88
-2654
-3682
-2571
-1557
-1460
-2000
-1823
27
2413
3978
4042
3668
3096
2668
1543
104
-521
924
3427
4858
4488
3268
3062
2824
1017
-2998
-7858
-12046
-11588
-4991
2605
5403
4485
4644
6915
8716
6840
2658
-86
51
87
-1379
-3524
-4610
-3236
353
3450
3716
2029
53
-1213
-1871
-2645
-3514
-3155
-1062
802
1154
466
-146
-146
-55
-800
-3139
-6046
-7662
-6265
-3180
-471
881
1772
2732
3255
2197
-170
-1830
-1909
-1318
-1371
-1946
-2699
-2304
-558
1673
2955
3487
3602
3492
2861
1493
370
764
2639
3683
3376
2582
2906
3144
1698
-1677
-5763
-9517
-10539
-6125
345
3594
2839
2950
5247
7830
7330
4353
1927
1687
1154
-1139
-3718
-4965
-3832
-722
2276
2807
1812
591
-184
-900
-1819
-3040
-3271
-1962
-488
-117
-495
-495
169
1069
717
-1162
-3642
-5388
-5388
-3338
-720
567
855
1147
1874
2054
993
-953
-1879
-1665
-1628
-2460
-3452
-3506
-1942
652
2480
3192
3417
3551
3468
2919
1560
531
1248
2787
3186
2419
1871
2412
3308
2410
-678
-4648
-8256
-9836
-6456
-262
3129
2380
2046
4263
6941
6881
3833
1069
578
693
-728
-2610
-3510
-2223
808
3136
2541
407
-1081
-1454
-1514
-1982
-2858
-2907
-1611
-383
-352
-689
-276
963
2299
2176
370
-2117
-3982
-4561
-3599
-2649
-2561
-2286
-959
806
1681
1280
11
-394
-394
-1092
-2644
-3444
-3105
-1736
-4
1287
2498
3971
5128
4909
4046
2661
1603
1151
1291
584
-145
197
1796
3257
2847
581
-2760
-5777
-7689
-5421
-518
2319
1052
478
2862
5687
5940
3525
1276
520
604
-865
-2706
-3410
-1690
1319
3571
3290
1489
396
-28
-497
-1905
-3538
-4463
-3274
-1712
-950
-413
1018
2576
3380
2949
711
-1746
-3562
-4449
-4635
-3470
-2426
-1833
-1124
-165
609
890
309
-1023
-1654
-1737
-1850
-2110
-1978
-1184
490
2183
2961
3547
4155
4255
3547
2389
648
-447
-248
348
406
544
1283
2637
3671
2542
-318
-3192
-5629
-6589
-3532
1228
2441
478
-43
2023
3951
3704
1496
-61
343
1104
530
-344
-211
1446
3568
3852
1725
-534
-1414
-1720
-2050
-2844
-3662
-3220
-1315
-28
63
177
784
1420
1360
284
-1815
-3218
-3409
-3076
-2970
-2399
-1550
-968
-521
-219
-6
7
-219
-939
-1294
-1236
-1514
-1835
-1395
-250
1012
2264
2981
3407
3639
3375
2351
1022
-70
-318
615
1492
1664
1625
2221
2625
1807
-406
-3196
-5332
-5435
-2347
1265
1554
-772
-1064
1561
3926
3875
2093
949
1450
2266
1616
316
81
1286
2755
2675
887
-711
-789
-449
-983
-2440
-3734
-3564
-2116
-983
-879
-632
186
1147
1583
1232
-33
-1523
-2304
-2947
-3725
-3544
-1561
209
239
-732
-1152
-696
-562
-1625
-2828
-2506
-1441
-945
-718
-241
638
1716
2324
1750
1174
1361
1887
2143
1799
881
648
1747
2554
2084
1430
1853
2890
2938
940
-1950
-4153
-4963
-3512
-95
1786
407
-1028
480
3052
3857
2369
487
129
1231
1995
1811
1467
1730
2350
2262
679
-1060
-1580
-1234
-1224
-1871
-2850
-3044
-1820
-473
-204
-525
-522
-322
-40
-64
-561
-1301
-1830
-2067
-2504
-2814
-1928
12
573
-909
-2608
-2683
-1503
-630
-1065
-1731
-1356
-536
-218
-312
-544
-372
484
1235
1317
1584
2595
3605
3570
2076
723
1169
2809
3353
2612
1765
1819
1997
1112
-1077
-3583
-4792
-3039
840
2509
152
-2396
-1357
1684
3224
2047
108
12
1939
3366
2795
1172
451
1161
1990
1300
-251
-795
-286
1
-1051
-2897
-3966
-3021
-1486
-931
-1305
-1618
-1364
-465
270
43
-670
-1207
-1091
-959
-1265
-1362
-179
467
-849
-2644
-2697
-1250
-67
-519
-1907
-2179
-1299
-726
-986
-1428
-1452
-410
989
1654
1830
2448
3150
3393
2884
1898
1714
2827
3714
2953
1651
1299
1928
2075
780
-1225
-2812
-3586
-2771
-128
1524
-46
-2361
-1845
726
2373
1939
563
96
1135
2368
2479
1815
1287
1315
1486
1113
123
-541
-650
-754
-1529
-2580
-3176
-2543
-1602
-1422
-1903
-2036
-1582
-688
297
512
-47
-806
-1119
-1446
-1596
-1169
-106
112
-845
-1832
-1576
-530
89
-706
-2355
-3071
-2324
-1256
-958
-1040
-766
485
1746
2090
1795
2132
3033
3614
3295
2707
2833
3452
3396
2445
1599
1486
1648
1426
495
-1304
-3100
-3111
-968
265
-1427
-3858
-3442
-413
2212
2545
1211
330
873
2184
2521
1692
645
666
1377
1836
1316
419
-244
-585
-1143
-2096
-2742
-2532
-1763
-1362
-1353
-1551
-1486
-1098
-502
-401
-758
-1292
-1257
-895
-663
-678
-348
-173
-741
-1405
-1190
-272
187
-623
-2154
-2719
-1990
-1184
-1236
-1568
-1465
-646
385
953
1333
2191
3213
3676
3472
3008
2930
3514
3876
3196
2188
2176
2935
3323
2032
-341
-2475
-3294
-3126
-1899
-680
-1250
-3041
-3201
-850
1576
1911
254
-1250
-912
968
2310
2182
1208
766
1163
1738
1699
1241
941
789
447
-407
-1238
-1460
-1110
-1229
-2109
-3120
-3371
-2747
-1713
-1153
-1229
-1622
-1771
-1540
-1240
-903
-143
611
369
-329
-495
51
356
-272
-1741
-2554
-1879
-787
-525
-1044
-1465
-1067
398
1733
2247
2240
2386
2528
2438
2225
2192
2781
3107
2826
2421
2868
3448
3062
1490
-501
-2093
-2729
-1870
-757
-1401
-3539
-4162
-2226
125
697
-401
-1596
-1315
570
2270
2470
1630
1223
1736
2596
2902
2500
1899
1253
482
-475
-1173
-1260
-1000
-1215
-2032
-2718
-2780
-2286
-1649
-1409
-1730
-2140
-2143
-1707
-1384
-1183
-670
-55
-318
-1168
-1363
-533
385
291
-621
-999
-65
909
681
-532
-1315
-935
197
811
458
18
250
970
1530
1826
2049
2726
3453
3580
3113
3003
3383
3657
2810
900
-1120
-2285
-2386
-1279
-385
-1397
-3467
-3585
-1531
293
148
-1238
-2167
-1169
1144
2567
2038
703
294
1178
2449
2861
2338
1478
1006
872
684
263
12
-319
-1138
-1956
-2209
-2016
-1706
-1490
-1925
-2586
-2970
-2720
-2354
-2340
-2439
-1773
-845
-814
-1129
-710
350
1068
810
-132
-490
327
1053
609
-435
-868
-284
646
963
555
379
893
1511
1687
1697
1968
2421
2481
2149
2189
2821
3149
2282
609
-1005
-1786
-1374
-58
342
-1349
-3275
-2746
-395
892
167
-1346
-1851
-630
1393
1971
709
-531
-174
1225
2281
2276
1600
1101
1142
1238
871
403
273
-6
-816
-1524
-1484
-1125
-977
-1236
-1978
-2657
-2783
-2353
-2363
-3085
-3585
-2662
-1461
-1328
-1677
-1081
229
1067
831
202
428
1470
1935
1010
-267
-609
100
753
508
-200
-219
509
1157
1101
908
1413
2462
2809
2302
2112
2763
3314
2608
952
-414
-917
-848
-139
493
-596
-2678
-2812
-689
774
150
-1348
-2127
-1257
762
1874
783
-763
-724
770
2028
2233
1629
1066
1257
1779
1727
967
347
-69
-566
-969
-811
-540
-650
-1174
-2006
-2929
-3343
-3049
-3126
-3723
-3751
-2743
-1916
-1665
-1385
-599
310
711
516
397
960
1554
1267
173
-659
-500
344
872
674
347
624
1336
1701
1581
1543
2060
2514
2401
1975
1982
2194
1797
818
-301
-1055
-1062
61
710
-480
-2302
-2092
-173
1021
258
-1425
-2184
-1087
807
1295
59
-1000
-445
1061
2099
2068
1508
1169
1420
1664
1343
692
312
117
-255
-534
-529
-393
-514
-1148
-2308
-3289
-3445
-3125
-3108
-3353
-3150
-2440
-1787
-1332
-879
-241
314
442
229
303
760
975
553
-102
-208
297
876
1017
761
522
777
1266
1299
1090
1236
1845
2323
2338
2164
2273
2434
1852
756
-285
-866
-672
275
519
-943
-2283
-1593
302
923
-353
-2181
-2576
-1086
599
557
-821
-1267
117
1916
2507
1926
1163
975
1399
1533
858
119
90
353
381
261
91
-98
-371
-1106
-2537
-3681
-3732
-3281
-3302
-3389
-2936
-2278
-1720
-1189
-771
-632
-426
-92
196
407
728
968
991
940
1099
1411
1724
1826
1543
1112
785
918
1178
1389
1289
1383
1742
2354
2530
1830
652
-394
-818
-405
451
134
-1325
-2005
-982
294
301
-773
-1961
-2031
-814
340
41
-995
-1031
224
1631
2078
1701
1263
1384
1803
1742
981
321
273
363
230
96
77
51
-140
-877
-1966
-2787
-3080
-3257
-3325
-3342
-3351
-3070
-2204
-1286
-1002
-1168
-1202
-698
225
944
921
677
1031
1838
2242
1998
1586
1489
1616
1629
1371
1111
1066
1231
1170
1048
1311
2095
2154
1346
205
-528
-734
-83
449
-539
-2289
-2408
-694
423
-252
-1732
-2502
-1757
-33
688
-498
-1630
-869
895
1913
1802
1213
890
1450
2296
2296
1391
787
741
692
434
155
-218
-552
-782
-1163
-1638
-2063
-2497
-2985
-3116
-3049
-3058
-2861
-2066
-1226
-1027
-1156
-1006
-317
530
1115
1054
959
1483
2421
2884
2567
2011
1661
1752
1890
1850
1625
1570
1647
1605
1374
928
311
-583
-1150
-872
-299
-848
-2243
-2796
-1979
-967
-773
-1421
-2233
-1984
-563
506
61
-836
-729
411
1558
1932
1514
1147
1555
2267
2300
1702
1294
1305
1341
1145
736
266
-89
-507
-1365
-2384
-2876
-2597
-2054
-2062
-2919
-3641
-3111
-1819
-1295
-1879
-2404
-1729
-142
1067
1021
372
442
1628
2898
3183
2614
2271
2721
3202
2859
2069
1800
1932
1888
1539
1077
622
191
-443
-1115
-1283
-1057
-1510
-2593
-3081
-2453
-1768
-1767
-2375
-2836
-2299
-805
247
-76
-729
-427
736
1684
1835
1452
1214
1564
2146
2313
1960
1586
1340
1146
1047
894
330
-382
-959
-1649
-1993
-1629
-1507
-2492
-3488
-3337
-2243
-1362
-1610
-2543
-2800
-1587
7
433
-263
-517
557
2126
3008
2881
2522
2843
3733
4233
3815
3259
3115
3161
2677
1962
1125
270
-414
-478
-479
-1191
-2358
-2947
-2632
-2344
-2653
-3339
-3728
-3406
-2430
-1847
-2140
-2411
-1718
-518
452
871
1087
1555
2336
2766
2589
2282
2296
2413
2145
1489
876
535
285
-341
-1376
-2052
-1938
-1517
-1654
-2300
-2705
-2105
-1207
-1214
-2164
-2700
-1893
-428
239
-224
-569
233
1725
2478
1934
1212
1660
2935
3636
3278
2640
2658
3244
3478
2810
1549
676
738
1180
719
-705
-1849
-1838
-1228
-1302
-2277
-3406
-3527
-2660
-1866
-2179
-2930
-2893
-1935
-884
-503
-713
-804
-128
809
1135
885
975
1622
2174
2111
1660
1276
1247
1140
580
-98
-406
-608
-1072
-1570
-1861
-1931
-1929
-1927
-2049
-1905
-1298
-557
-191
38
391
800
1207
1507
1666
1874
2374
2880
3120
3068
2791
2384
1804
1298
1114
1084
589
-278
-795
-742
-525
-711
-1246
-1898
-2044
-1518
-949
-1181
-1825
-2031
-1688
-1075
-659
-636
-894
-679
-71
404
469
396
347
215
302
279
235
-149
-531
-717
-446
-399
-833
-1270
-1268
-787
-387
-227
-492
-539
-158
422
595
493
529
810
1211
1528
1609
1561
1626
1747
1852
1770
1659
1437
999
604
958
1306
632
-378
-427
136
344
-32
-838
-1722
-1768
-1033
-887
-1845
-2499
-2056
-1300
-727
-418
-513
-654
-46
707
761
432
388
382
222
104
-51
-281
-602
-677
-677
-630
-712
-875
-1196
-1315
-1081
-796
-690
-794
-775
-593
-238
0
196
383
808
1418
2001
2267
2500
2818
3100
2904
2436
1840
1456
1505
1819
1502
303
-615
-642
-411
-733
-1458
-2412
-2805
-2126
-1165
-1273
-2075
-2238
-1527
-593
28
226
68
284
1031
1502
1165
655
514
429
317
46
-136
-444
-592
-631
-677
-1038
-1370
-1372
-1356
-1357
-1414
-1324
-1315
-1180
-997
-796
-580
-230
265
661
1126
1533
1929
2196
2569
2879
3066
2963
2658
2105
1425
1098
1366
1358
335
-795
-936
-505
-371
-853
-1764
-2483
-2169
-1207
-949
-1600
-2032
-1529
-816
-337
-305
-533
-565
85
720
688
526
571
645
421
364
253
33
53
349
179
-436
-676
-684
-810
-1158
-1515
-1752
-1525
-1015
-725
-784
-714
-163
632
1156
1350
1420
1762
2386
2656
2189
1572
1191
1022
1307
1567
983
6
-34
438
401
-195
-829
-1492
-1632
-925
-550
-1284
-1945
-1600
-1097
-910
-840
-912
-1049
-572
141
401
309
471
738
740
752
803
759
565
531
265
-278
-628
-653
-666
-933
-1137
-1229
-976
-685
-511
-541
-513
-134
451
1151
1566
1868
2003
2245
2257
1959
1583
1131
785
743
982
548
-282
-718
-580
-464
-679
-1121
-1848
-2082
-1633
-1209
-1701
-2295
-2176
-1636
-1071
-632
-482
-572
-173
477
799
796
1033
1224
1346
1395
1257
1056
1038
911
252
-405
-668
-586
-542
-728
-1079
-1262
-891
-379
-165
-265
-157
238
766
1261
1420
1504
1601
1971
2031
1939
1551
1181
1094
1244
1138
384
-199
-343
-118
-180
-489
-1145
-1728
-1701
-1423
-1700
-2505
-2856
-2647
-2106
-1622
-1374
-1482
-1407
-941
-430
-115
187
388
303
408
486
643
1041
1332
607
-308
-162
771
1250
586
-433
-830
76
1264
1336
304
-57
936
2140
2406
1783
1125
1238
1634
1556
952
423
399
942
1281
583
-257
-269
245
158
-464
-1235
-1674
-1449
-914
-1048
-1975
-2302
-1689
-1071
-1059
-1240
-1493
-1441
-826
-344
-497
-648
-334
19
199
40
-198
-116
115
-52
-537
-776
-607
-309
-395
-742
-918
-615
30
471
563
609
1092
1720
2233
2214
1931
1957
2333
2505
2120
1540
1240
1661
2126
1729
679
51
225
448
307
-445
-1445
-2039
-1665
-1327
-1858
-2585
-2655
-2196
-1694
-1184
-1144
-1214
-981
-470
-286
-226
-49
187
323
178
109
252
442
212
-236
-582
-587
-382
-458
-810
-1177
-939
-349
128
127
168
686
1339
1841
1908
1961
1929
2029
1967
1644
1260
1319
1697
1486
869
275
237
378
425
-140
-1155
-1712
-1532
-1145
-1467
-2012
-2299
-1958
-1356
-838
-727
-945
-816
-432
-10
21
30
-34
-51
127
403
577
453
205
-287
-503
-413
-279
-522
-913
-980
-634
-143
10
112
311
846
1306
1656
1702
1762
1772
1784
1595
1156
1006
1297
1551
1035
415
45
107
194
59
-656
-1524
-1691
-1248
-988
-1366
-1718
-1848
-1548
-1040
-644
-753
-891
-637
-345
-280
-490
-436
-231
165
350
247
-87
-136
172
206
-155
-731
-839
-593
-137
-50
-247
-283
198
1018
1404
1474
1430
1825
2172
2192
1908
1555
1271
1119
1359
1279
877
377
167
5
-125
-256
-759
-1362
-1658
-1425
-1422
-1547
-1659
-1626
-1527
-1207
-836
-773
-720
-523
-310
-427
-367
-213
-85
59
310
208
-25
103
291
161
-305
-592
-670
-515
-448
-472
-582
-357
206
716
884
943
1243
1586
1925
1883
1755
1427
1143
1021
1313
1584
1301
637
84
131
348
376
-272
-1198
-1619
-1199
-747
-957
-1431
-1720
-1483
-1012
-703
-896
-1120
-981
-749
-793
-799
-581
-325
2
284
268
77
205
506
546
218
-87
-168
-13
241
335
192
217
557
943
1085
1022
993
1022
994
805
479
77
113
556
736
301
-209
-277
-41
181
5
-594
-1199
-1037
-412
-217
-555
-718
-551
-251
42
105
-134
-241
-84
-273
-607
-997
-1039
-672
-72
-251
-889
-1084
-516
214
202
-257
-655
-271
429
1002
796
634
1020
1717
2068
1890
1761
1858
2080
1827
1144
261
-29
330
603
82
-911
-1497
-1401
-1019
-939
-1387
-2161
-2447
-1868
-1235
-1141
-1234
-1055
-671
-205
176
303
487
784
929
562
63
-96
195
643
707
218
-520
-684
-237
200
9
-553
-872
-627
-22
393
479
506
880
1342
1582
1598
1739
1882
1841
1399
746
362
551
968
863
163
-633
-827
-590
-378
-742
-1446
-1944
-1842
-1553
-1452
-1491
-1520
-1309
-938
-547
-472
-290
-95
62
119
-3
-233
-135
400
555
238
-208
-198
92
303
157
-141
-218
80
576
672
647
995
1645
1967
1812
1573
1419
1618
1617
1017
136
-42
301
347
-88
-834
-1291
-1332
-947
-954
-1384
-1900
-1773
-1320
-1100
-1115
-1155
-893
-531
-34
51
36
19
409
503
167
-119
-25
386
666
627
-42
-405
-297
112
35
-436
-794
-601
-82
217
425
549
983
1660
2106
2006
1724
1726
1755
1457
772
339
518
847
699
-5
-624
-984
-885
-903
-1299
-1912
-2065
-1786
-1613
-1646
-1710
-1352
-900
-492
-415
-453
-591
-286
153
176
-17
142
567
680
637
470
514
608
748
553
167
-17
325
733
707
571
725
1170
1370
1390
1124
858
728
607
14
-621
-644
-329
-275
-659
-1018
-1211
-1104
-872
-785
-1118
-1399
-1156
-728
-548
-473
-172
143
453
742
763
497
254
188
40
-21
100
388
493
271
-71
-281
-173
-76
-122
-432
-548
-383
32
331
563
919
1479
2074
2259
2158
1729
1481
1209
807
-9
-542
-540
-376
-512
-1036
-1526
-1861
-1723
-1715
-1900
-2303
-2261
-1957
-1628
-1481
-1312
-857
-286
353
467
331
177
216
251
573
970
1097
1080
997
980
889
853
746
658
493
352
281
281
452
862
1444
1818
1973
2005
1988
1695
1261
815
383
-26
-228
-281
-551
-1033
-1425
-1610
-1829
-2079
-2334
-2580
-2730
-2582
-2289
-2073
-1873
-1503
-1002
-508
-105
192
292
275
307
399
507
793
1264
1528
1431
1160
1056
1072
1076
869
648
518
532
588
640
699
902
1333
1716
1846
1742
1571
1313
916
303
-285
-572
-418
-165
-205
-671
-1076
-1276
-1465
-1799
-2136
-2294
-2186
-1818
-1495
-1378
-1460
-1277
-878
-570
-562
-569
-415
-147
158
284
295
298
486
704
782
612
391
345
395
443
412
442
634
1100
1577
1875
1990
2056
2207
2335
2232
1832
1423
1043
709
477
298
-21
-400
-668
-897
-1237
-1689
-2078
-2314
-2404
-2382
-2298
-2155
-2045
-1881
-1664
-1490
-1401
-1245
-952
-626
-303
-57
239
511
741
798
853
857
820
794
704
525
385
480
685
943
1154
1395
1639
1832
1871
1838
1784
1662
1560
1386
1038
598
327
204
66
-169
-486
-719
-895
-1142
-1542
-1894
-2063
-2010
-1808
-1648
-1547
-1416
-1242
-1132
-1048
-960
-801
-505
-145
121
274
389
446
457
399
283
187
183
169
73
-48
-158
-148
22
287
543
793
1041
1240
1362
1370
1322
1349
1412
1343
1166
1032
983
919
771
542
305
99
-75
-254
-495
-781
-967
-1010
-1083
-1204
-1337
-1430
-1472
-1439
-1393
-1320
-1130
-856
-577
-437
-405
-390
-327
-285
-233
-226
-276
-253
-134
18
126
236
394
664
922
1138
1279
1381
1452
1510
1506
1402
1304
1213
1040
748
409
68
-153
-259
-357
-523
-677
-735
-759
-875
-1078
-1195
-1150
-1051
-986
-935
-832
-641
-372
-137
-15
117
337
570
641
540
382
316
299
221
81
-58
-114
-130
-136
-190
-201
-123
24
139
175
221
327
501
596
616
610
653
669
618
509
321
97
-118
-214
-267
-311
-371
-369
-370
-437
-559
-677
-729
-757
-768
-758
-629
-380
-74
124
151
130
137
146
101
26
-68
-83
-27
27
27
-10
-9
28
63
66
148
289
463
582
686
786
899
990
1014
977
904
835
700
521
267
-23
-303
-481
-585
-659
-727
-789
-854
-969
-1095
-1202
-1240
-1186
-999
-720
-440
-211
-18
120
137
134
188
295
376
420
424
425
435
404
342
252
201
202
209
169
151
209
295
343
392
479
591
678
683
608
497
381
246
113
-32
-190
-351
-482
-586
-667
-730
-775
-782
-815
-866
-866
-775
-647
-554
-464
-335
-147
33
150
196
240
308
378
408
370
346
351
356
313
262
229
242
267
243
201
193
249
329
406
450
479
498
516
497
444
333
175
12
-120
-223
-317
-432
-574
-666
-707
-723
-755
-795
-812
-780
-692
-580
-467
-360
-251
-130
-15
81
170
258
336
397
449
483
516
545
545
493
420
350
267
177
110
85
74
75
123
232
333
411
474
507
500
437
328
195
78
-20
-110
-222
-335
-409
-463
-536
-611
-708
-819
-882
-851
-784
-730
-663
-571
-494
-424
-314
-178
-59
54
186
311
412
510
592
633
642
668
689
641
551
465
390
316
266
222
152
98
131
172
158
146
161
153
93
39
9
-54
-150
-213
-257
-301
-345
-382
-422
-469
-511
-545
-574
-586
-527
-442
-389
-353
-286
-185
-79
-14
11
42
133
257
353
411
450
470
485
530
564
533
436
321
242
203
160
98
36
-7
-10
-2
-33
-73
-63
-38
-42
-67
-99
-144
-181
-211
-222
-249
-291
-315
-319
-324
-326
-325
-338
-341
-332
-293
-240
-186
-124
-52
13
91
149
178
200
254
322
382
450
536
613
630
591
531
470
378
292
209
139
86
63
23
-44
-96
-134
-173
-195
-223
-276
-312
-321
-304
-298
-340
-404
-433
-427
-392
-362
-382
-418
-389
-303
-233
-214
-222
-197
-125
-31
66
151
214
271
331
391
448
459
450
474
535
577
549
480
426
385
302
217
161
110
81
72
31
-46
-94
-117
-133
-162
-196
-233
-295
-331
-300
-272
-307
-347
-361
-375
-390
-415
-437
-427
-375
-309
-271
-272
-271
-227
-158
-84
-11
58
144
244
292
298
316
364
397
453
517
509
454
436
451
459
405
314
295
368
368
238
110
69
78
34
-67
-154
-159
-147
-174
-246
-326
-350
-359
-401
-475
-525
-558
-567
-561
-521
-449
-388
-332
-309
-282
-228
-168
-123
-33
90
195
258
312
361
416
457
486
525
538
524
503
467
416
353
275
231
221
167
68
17
-7
-75
-164
-238
-285
-321
-323
-317
-312
-259
-174
-131
-138
-153
-159
-155
-176
-238
-233
-165
-107
-82
-72
-55
-41
-40
-70
-96
-95
-43
7
32
57
115
164
170
173
209
258
277
293
297
315
364
397
335
289
321
336
279
196
117
47
12
-61
-206
-308
-305
-268
-283
-371
-399
-313
-251
-315
-367
-374
-321
-263
-234
-247
-216
-134
-54
-14
-37
-25
12
45
72
110
111
150
187
199
233
241
201
182
195
230
276
298
276
256
272
294
279
202
133
115
129
77
-45
-149
-196
-229
-283
-298
-272
-252
-259
-268
-274
-295
-308
-304
-276
-219
-142
-75
-63
-39
15
47
68
100
127
150
181
178
160
162
153
166
199
173
100
78
90
78
44
32
24
27
51
87
77
18
-13
5
12
-15
-67
-156
-175
-117
-104
-161
-201
-139
-47
-51
-93
-109
-41
-6
-50
-96
-48
50
75
53
34
73
131
147
74
-12
21
183
191
20
-51
53
159
98
-33
-88
-19
33
8
-95
-90
-5
20
-39
-53
-10
17
-2
-46
-26
11
9
-68
-100
-55
-7
-35
-88
-62
27
40
-58
-96
-30
44
28
-22
-12
87
109
58
32
68
151
163
111
56
110
135
147
108
17
17
122
137
64
-40
-81
-8
5
-84
-185
-166
-108
-84
-146
-181
-167
-155
-155
-168
-208
-218
-195
-142
-59
-74
-127
-95
-28
11
12
-31
-23
106
199
165
108
108
210
283
241
106
87
222
291
195
96
104
130
155
94
3
1
87
57
-27
-45
-30
-44
-96
-146
-113
-69
-75
-153
-186
-134
-83
-138
-218
-208
-143
-102
-128
-154
-136
-52
-67
-143
-114
-2
37
3
-20
33
106
130
91
54
87
166
173
121
79
103
160
152
102
91
136
141
107
85
103
109
77
37
29
46
49
9
-22
-9
10
-17
-71
-109
-66
-74
-149
-206
-170
-147
-180
-230
-235
-214
-187
-168
-185
-182
-157
-95
-61
-29
-39
-8
83
148
127
129
139
184
227
189
161
191
259
295
248
183
209
261
258
163
95
94
152
128
-20
-102
-40
2
-55
-121
-128
-113
-131
-195
-251
-242
-222
-217
-263
-288
-235
-202
-269
-313
-250
-199
-201
-187
-132
-75
-38
-32
-14
52
122
128
130
156
206
289
286
192
179
281
337
299
242
262
321
282
190
162
193
180
120
49
13
18
-6
-45
-83
-77
-70
-128
-219
-227
-198
-232
-302
-329
-274
-226
-273
-357
-356
-294
-235
-240
-261
-221
-118
-69
-78
-70
4
102
119
106
150
243
265
272
296
297
283
297
319
322
305
269
231
209
206
201
167
91
43
68
71
16
-60
-79
-33
2
-69
-181
-217
-199
-181
-249
-329
-327
-271
-265
-323
-366
-317
-239
-211
-205
-164
-121
-69
-35
-7
32
81
116
133
175
251
297
270
252
271
308
303
265
240
227
210
175
115
59
43
53
33
-39
-70
-57
-48
-52
-66
-94
-90
-66
-75
-129
-178
-182
-193
-215
-251
-269
-252
-227
-246
-253
-210
-142
-98
-47
-11
20
38
47
103
189
217
173
197
286
330
286
241
235
273
294
232
166
142
144
108
42
-37
-61
-61
-84
-132
-172
-143
-105
-111
-167
-148
-94
-68
-125
-171
-171
-126
-111
-191
-255
-223
-153
-142
-157
-181
-140
-62
2
-2
9
74
167
178
121
122
225
327
304
221
226
302
320
246
166
134
142
143
88
10
-45
-54
-71
-117
-182
-234
-246
-215
-193
-177
-186
-179
-161
-123
-119
-142
-163
-161
-127
-122
-151
-150
-114
-103
-108
-74
-2
54
65
57
120
191
206
200
225
246
282
296
318
335
338
303
268
263
265
234
150
83
55
25
-33
-99
-169
-209
-226
-245
-280
-308
-302
-269
-258
-266
-255
-213
-192
-195
-205
-218
-256
-256
-210
-184
-198
-177
-129
-77
-26
-2
29
93
173
233
252
268
316
380
402
390
394
428
453
428
381
357
343
308
250
183
103
57
23
-55
-146
-190
-212
-244
-274
-303
-335
-351
-336
-312
-303
-326
-316
-271
-244
-284
-328
-321
-265
-232
-240
-234
-165
-102
-86
-80
-51
19
93
179
234
274
309
349
365
386
431
467
464
429
424
422
401
341
275
212
175
145
86
-10
-102
-139
-170
-217
-265
-281
-296
-314
-321
-316
-317
-348
-352
-331
-325
-356
-386
-349
-268
-221
-223
-209
-159
-92
-43
-33
-36
-17
47
144
224
244
260
319
366
393
414
415
402
428
484
462
409
411
422
383
277
185
126
81
-15
-113
-167
-186
-222
-263
-273
-273
-278
-306
-311
-315
-330
-380
-397
-401
-378
-358
-367
-363
-295
-216
-196
-190
-181
-135
-92
-48
-2
63
137
197
224
258
333
365
352
345
384
439
453
418
419
465
439
358
282
260
231
170
40
-77
-96
-76
-118
-213
-250
-232
-203
-253
-326
-355
-323
-312
-326
-331
-323
-298
-270
-252
-237
-234
-231
-189
-139
-119
-113
-76
3
93
130
131
168
251
307
301
280
304
349
366
367
354
357
350
305
253
231
196
131
61
2
-42
-112
-176
-185
-170
-182
-203
-211
-236
-258
-291
-320
-321
-279
-268
-288
-274
-215
-159
-170
-202
-204
-144
-91
-67
-41
17
103
160
181
215
269
290
275
278
315
335
313
302
347
383
353
299
261
239
200
121
26
-32
-61
-104
-163
-204
-217
-227
-241
-250
-236
-218
-234
-278
-306
-297
-273
-268
-260
-240
-206
-184
-196
-186
-146
-118
-111
-80
-21
47
91
119
166
241
303
322
307
290
296
341
365
336
301
317
365
367
296
213
166
136
92
-9
-108
-148
-148
-181
-245
-290
-275
-254
-275
-302
-286
-261
-269
-289
-282
-246
-232
-232
-227
-197
-170
-166
-166
-143
-101
-67
-36
2
78
162
203
215
253
314
358
360
338
336
351
357
352
336
313
286
254
213
178
146
85
11
-56
-93
-119
-144
-186
-230
-264
-275
-263
-255
-276
-306
-302
-274
-242
-245
-247
-244
-213
-188
-190
-210
-197
-161
-120
-95
-89
-63
19
113
159
170
196
271
347
368
359
367
393
410
391
377
380
391
352
275
222
198
144
56
-2
-22
-53
-112
-180
-207
-215
-235
-288
-337
-340
-308
-297
-321
-343
-343
-323
-314
-303
-297
-268
-223
-186
-176
-163
-143
-107
-64
-26
16
75
148
201
233
259
301
335
368
393
409
397
386
383
385
374
322
260
217
197
147
74
8
-30
-58
-97
-143
-182
-199
-218
-256
-301
-335
-350
-343
-336
-344
-353
-328
-282
-252
-249
-240
-204
-141
-89
-65
-49
-7
36
68
106
150
197
239
273
286
305
329
337
327
327
334
336
317
280
247
226
196
136
77
34
6
-35
-80
-108
-114
-132
-177
-217
-237
-245
-268
-304
-322
-309
-291
-283
-287
-286
-270
-251
-253
-244
-208
-161
-112
-72
-30
14
67
111
150
173
190
225
267
294
300
310
328
344
342
325
296
269
254
232
186
126
87
69
51
14
-39
-79
-91
-101
-127
-178
-215
-226
-216
-213
-224
-242
-249
-236
-221
-221
-245
-264
-259
-234
-208
-200
-183
-139
-77
-32
5
50
102
143
175
204
236
266
282
295
311
327
334
327
308
285
268
238
183
128
85
53
19
-27
-64
-85
-106
-138
-170
-197
-213
-219
-230
-244
-248
-235
-221
-210
-197
-180
-165
-157
-153
-134
-103
-73
-55
-47
-27
7
54
81
92
115
142
168
192
199
199
199
203
213
213
199
186
174
169
153
121
86
60
40
16
-17
-50
-72
-99
-123
-140
-142
-141
-135
-134
-141
-148
-143
-135
-132
-135
-125
-107
-96
-88
-77
-63
-55
-56
-57
-24
7
17
15
22
43
73
92
96
104
113
126
136
136
124
113
107
94
73
49
33
20
4
-10
-26
-44
-58
-62
-61
-70
-89
-93
-76
-54
-38
-45
-55
-59
-50
-41
-34
-34
-33
-19
2
10
6
2
2
8
9
13
10
7
10
18
36
55
76
87
95
110
129
136
130
120
112
108
95
72
44
27
18
-5
-35
-56
-60
-75
-97
-114
-114
-114
-120
-125
-120
-106
-96
-89
-79
-65
-52
-36
-28
-17
-3
4
6
16
26
29
31
24
30
42
42
34
31
35
48
55
48
49
59
69
66
55
47
47
54
48
27
14
18
17
-1
-28
-50
-56
-61
-69
-76
-74
-71
-62
-51
-51
-56
-47
-31
-23
-29
-30
-11
14
23
11
14
30
38
30
22
25
38
42
35
29
33
45
43
28
13
9
16
24
21
8
0
2
-3
-9
-14
-15
-14
-13
-13
-13
-8
-8
-20
-26
-23
-21
-32
-32
-22
-15
-14
-20
-19
-17
-17
-20
-27
-34
-31
-22
-21
-23
-10
8
26
31
29
31
35
35
29
18
3
-1
4
15
21
21
19
28
31
27
20
12
6
0
-3
-1
-1
2
19
35
32
23
14
19
29
27
17
19
33
38
32
18
9
10
1
