SAMPLES:	9135
BITSPERSAMPLE:	16
CHANNELS:	1
SAMPLERATE:	16000
NORMALIZED:	FALSE
1
0
0
1
1
1
1
1
1
2
2
2
2
1
2
2
1
1
1
0
0
0
0
0
0
0
0
0
0
0
0
-1
-1
-1
0
-1
-2
-1
0
-1
-1
0
0
-1
-1
-1
1
2
0
0
0
-1
1
0
1
1
0
2
1
3
-1
-1
3
0
1
1
1
2
1
1
2
3
1
0
-4
4
-3
3
2
-2
3
0
2
-2
-1
3
7
0
0
-13
-2
-7
-5
1
1
32
-8
9
-17
-52
-15
45
23
-15
-3
3
16
-7
-11
-35
17
32
-1
-13
-9
1
2
-14
-8
11
10
-6
-4
-7
9
1
-4
6
15
14
-21
-23
-14
6
-3
9
-4
9
-2
-12
-3
0
4
3
16
-9
-6
-3
4
-27
7
4
-15
6
-3
19
4
-8
-13
13
11
16
-10
-7
9
-8
4
-23
4
25
4
4
-22
-15
1
9
1
-23
-9
3
30
9
2
-22
19
-13
18
18
-9
30
-16
13
-40
-14
-12
21
19
4
-2
2
41
28
19
-68
-36
2
30
50
5
-29
-20
12
-12
-8
-17
-11
50
126
-17
-59
-28
-199
-127
159
282
52
-121
0
-96
74
36
-160
-65
134
6
-17
70
-149
84
33
88
29
10
-26
-83
-5
-37
31
-67
48
133
70
-85
-346
-187
357
188
47
-259
-255
319
53
-86
-15
-83
72
160
44
-314
26
132
-57
-39
130
-112
127
201
-322
56
-114
169
-16
-144
219
-51
27
-40
-42
-213
108
289
-88
-97
43
27
-198
18
156
2
-84
36
100
-197
149
110
-262
7
114
8
-129
127
-57
-71
-41
164
-12
-223
138
-61
109
-67
98
56
31
113
-289
-345
306
424
-114
-229
-291
258
267
-90
-315
3
300
-47
-122
-106
-99
240
140
-105
-213
-19
-77
11
371
22
-21
-43
143
-90
80
330
-279
45
-302
-547
340
484
-292
38
82
-30
279
-88
122
-323
-243
241
-12
36
6
-74
-356
443
330
54
-112
-89
6
-260
290
-560
-290
58
274
245
190
300
-441
-82
-115
-494
-370
237
409
-30
-247
166
348
78
210
-128
203
39
-28
-466
-451
184
203
339
79
398
309
275
-140
-438
-187
111
116
117
-9
-426
236
-369
160
209
176
138
-374
-844
-540
-159
157
619
250
279
-126
90
-179
30
-18
159
-192
-248
177
-339
-56
326
269
136
43
129
-226
-507
260
-77
-345
508
57
140
-210
-323
212
-112
202
483
-208
-268
174
-8
-38
180
233
-220
261
-522
-200
385
62
347
-63
-217
-67
-211
-435
399
126
-170
361
-269
-220
358
18
-565
19
159
-70
220
-54
113
-84
-160
-88
-151
-95
297
246
-663
-248
398
-372
71
257
-152
-209
225
43
-176
185
410
-52
-65
332
87
-122
20
259
33
249
-169
-199
-85
255
-461
319
295
-69
-261
-348
-202
-127
753
-117
-341
-265
80
43
139
399
-138
176
-52
91
-207
-43
178
-104
104
-190
274
41
-139
22
-97
-10
-82
111
-332
91
276
-26
232
-231
115
-177
-323
342
108
-381
-47
-270
-22
411
108
60
-271
-276
-146
-108
192
440
523
57
-370
29
-318
-289
254
21
269
16
224
-122
-417
71
113
502
77
179
-11
-384
-157
-231
-156
340
333
-84
-366
-175
63
162
-164
-74
142
619
167
-475
-459
-194
400
-32
109
-291
-142
187
208
-493
50
449
42
-638
-326
-55
-575
395
548
117
7
678
263
-15
204
3
129
-480
55
170
-233
-752
260
-200
-122
922
-132
-76
-31
192
62
-271
-130
-995
-821
-239
204
640
-6
374
302
-313
94
-156
-114
412
907
67
-295
-244
-85
412
-249
203
132
-64
270
-97
-705
-213
-47
55
246
19
262
-9
-116
173
58
-485
-30
160
130
505
-49
-267
-358
-7
412
260
-250
-150
239
-273
54
152
-78
-251
454
118
-81
246
-166
398
-291
-280
446
32
-124
190
130
30
91
-15
-351
-283
130
162
-213
-149
164
-169
-388
-52
300
-228
-51
-21
-575
-236
264
-81
-80
29
-96
-255
-123
203
111
-61
72
329
109
-217
-227
80
-80
252
140
142
515
51
-187
-262
-61
348
347
51
-455
141
278
-148
-97
82
157
334
152
-63
-222
-266
99
-93
76
80
111
58
33
-129
-161
-17
96
213
-14
-240
-56
-145
-108
-32
-119
15
111
97
-496
-222
-200
7
50
103
176
-183
35
-34
-85
-327
59
54
-81
122
-46
-54
131
118
-87
-231
-306
333
510
287
-27
-184
-227
-96
100
233
27
2
510
366
70
-31
-297
-363
158
629
675
-63
-394
-477
-207
74
225
95
-194
105
283
53
-272
-489
-364
99
284
279
89
-392
-473
-168
224
255
196
-147
-530
-194
-61
-50
-38
-81
-6
-162
-100
-155
-239
-123
22
168
187
199
91
-67
-103
-60
16
496
465
190
107
-19
244
226
-2
-177
-131
177
384
503
378
304
136
225
214
41
-121
18
253
303
448
113
-493
-359
-42
285
479
225
-267
-710
-650
-303
-35
-39
38
-175
-478
-651
-799
-870
-614
-318
-304
-270
-584
-981
-996
-808
-466
3
108
-57
-254
-377
-437
-95
386
675
933
687
211
-340
-211
323
863
1052
1084
791
549
667
789
928
1005
1116
1198
840
194
82
421
855
1329
1534
819
86
-358
-250
17
491
760
373
-189
-604
-859
-1085
-1015
-710
-477
-497
-885
-1314
-1915
-2134
-1812
-1383
-1189
-1113
-964
-1336
-1431
-1314
-1180
-983
-684
-595
-600
-381
-302
4
261
542
431
137
-95
-221
153
748
1232
1273
1065
799
935
1061
1197
1313
1542
1743
1665
1642
1291
1288
1420
1862
2134
2171
1853
1340
1099
1291
1394
1157
696
141
-119
-207
-486
-715
-1009
-1067
-987
-1181
-1694
-2400
-2575
-2746
-2619
-2333
-2344
-2593
-2836
-2656
-2351
-1829
-1434
-1326
-1308
-1329
-978
-800
-777
-457
103
485
539
505
186
-39
415
1140
1638
1596
1435
1215
1172
1411
1724
1955
2056
2145
1942
1732
1676
1783
2054
2304
2376
2053
1665
1569
1439
1186
1032
1012
913
445
-194
-936
-1248
-1112
-693
-456
-977
-1618
-1918
-2371
-2718
-2445
-2368
-2423
-2271
-2242
-2822
-2925
-2553
-2258
-1708
-1242
-1047
-967
-980
-1046
-920
-635
-60
737
1084
1154
1021
438
14
186
828
1520
1845
1798
1698
1455
1593
1877
1968
2058
2315
2343
2108
1904
1646
1580
1873
2139
2091
2146
1968
1396
706
133
-435
-673
-274
-120
-500
-1054
-1519
-1854
-1950
-1820
-1969
-2122
-2210
-2572
-3234
-3490
-3535
-3188
-2237
-1545
-1427
-1657
-1552
-1583
-1403
-1022
-745
-628
-236
109
184
506
888
934
1133
1206
893
692
849
1311
1828
2149
2001
2156
2108
2087
2016
2052
2338
2624
2751
2380
1700
1239
1623
2176
2371
2311
1471
289
-571
-640
-622
-542
-743
-1232
-1416
-1619
-1741
-2163
-2396
-2450
-1953
-1648
-2118
-2918
-3504
-3466
-3031
-2149
-1717
-1707
-1481
-1318
-1373
-1199
-809
-502
-168
202
154
34
128
377
739
947
971
750
665
770
1324
1745
1790
1748
1760
1935
1880
2049
2206
2380
2533
2773
2678
2344
2190
2094
2159
2026
1675
1295
633
-25
-464
-663
-877
-1110
-1141
-1529
-1715
-1946
-2044
-2127
-2162
-2121
-2472
-2585
-2785
-2865
-2813
-2445
-1996
-1601
-1141
-1110
-1161
-1050
-726
-301
46
165
-115
-147
-48
149
382
691
947
973
608
277
488
847
1151
1592
1613
1479
1413
1285
1588
1696
2013
2071
1980
2076
1487
1080
1176
1451
1433
1211
1272
946
168
-549
-531
-694
-709
-377
-568
-998
-1425
-1559
-1466
-1429
-1346
-1054
-887
-1194
-1420
-1623
-1769
-1687
-1159
-618
-718
-650
-522
-500
-532
-361
-137
-274
60
554
197
-105
-44
-84
277
499
999
593
-263
35
3
100
432
1105
792
594
715
621
163
-339
246
434
684
892
522
50
-211
110
-65
51
225
301
395
45
32
-373
-288
94
632
998
721
186
16
-150
-267
19
276
268
332
529
209
45
-94
-155
-191
-39
19
-124
-200
-304
-154
-113
-10
154
-45
-146
-278
-385
-540
-518
-591
-394
-319
-552
-392
-578
-902
-988
-889
-707
-402
-600
-753
-639
-688
-824
-665
-948
-509
-183
-192
157
26
-89
-132
4
221
486
736
714
853
781
823
788
771
865
1214
1289
1219
1322
1019
953
797
861
973
1217
1199
1000
818
674
624
642
833
555
608
464
479
112
-60
-259
-376
-385
-451
-306
-1068
-1007
-1228
-1245
-1139
-1175
-1528
-1683
-1545
-1609
-1548
-1668
-1554
-1398
-1342
-1152
-946
-1250
-1295
-1042
-811
-458
-207
-381
-241
-234
-30
244
-221
336
631
589
1061
665
226
800
745
734
1093
1266
1216
1129
1336
1312
1157
1463
1446
1425
1436
1319
1452
1016
865
1296
1404
1056
1058
775
197
191
301
-123
-401
-261
-509
-489
-364
-443
-953
-1303
-826
-828
-1342
-1222
-1161
-1371
-1189
-906
-1191
-1325
-1116
-1228
-1063
-1277
-1320
-898
-894
-397
-711
-1044
-1240
-1369
290
658
-189
0
37
-372
-78
870
176
288
1110
734
-827
-759
361
-237
1308
2880
2662
1524
1500
1044
862
1544
1887
1836
1150
1108
-17
-1441
-799
192
671
1204
1336
950
-234
-508
-661
-837
-571
688
745
37
409
-651
-1067
-710
-295
-53
-132
-363
-972
-1080
-1531
-1196
-896
-592
-258
-575
-703
-701
-1280
-1559
-608
-370
-591
-486
-160
-251
-477
-36
95
-561
20
892
263
387
811
71
303
1133
662
653
641
259
157
544
436
-526
333
796
-209
565
759
19
379
438
370
619
372
718
603
80
514
444
354
450
379
326
150
-265
-151
-34
-219
188
187
-273
-386
-452
-873
-416
-360
-503
174
-268
-862
-254
-436
-834
158
-239
-842
-169
-451
-544
-550
-624
-80
-371
-567
-47
-577
-914
-248
-482
-335
-45
29
-151
-100
-134
-130
0
-89
509
265
95
507
232
-280
-102
462
295
479
1017
457
220
921
775
492
520
794
666
872
1093
287
287
923
324
36
829
552
169
282
370
10
-105
129
7
-70
397
201
-370
-37
-34
-471
-364
-203
-630
-544
-347
-860
-941
-886
-1103
-1037
-924
-654
-366
-872
-764
-706
-1027
-1080
-512
-605
-755
27
209
-249
66
551
-188
-178
394
-74
-53
688
251
-137
503
453
91
731
946
516
780
818
182
84
655
689
519
868
1187
976
959
1068
690
445
771
801
447
653
198
33
416
308
24
246
259
-220
-193
-431
-648
-578
-398
-574
-817
-665
-860
-1088
-974
-1048
-1186
-1048
-963
-884
-671
-853
-790
-555
-463
-631
-799
-836
-994
-544
-390
-81
18
-107
27
194
12
-50
215
239
353
324
379
396
191
389
848
1040
1242
975
897
935
941
925
762
616
914
1029
1030
1012
541
637
1022
676
518
582
80
201
278
-137
-126
152
-149
-324
-163
-463
-878
-528
-622
-1322
-982
-1018
-1115
-788
-982
-1039
-804
-770
-954
-1054
-1006
-646
-645
-688
-498
-407
-367
-269
-405
-355
-359
-358
16
257
38
4
564
332
-107
633
758
337
1107
1057
618
697
754
542
657
1002
1136
944
970
1158
614
596
736
582
515
819
640
414
517
78
136
278
-35
-14
-53
-313
-371
-608
-483
-608
-891
-661
-703
-883
-836
-881
-1101
-923
-854
-987
-825
-1047
-1120
-1002
-1144
-775
-708
-852
-571
-307
-238
-223
-68
32
-316
-342
180
470
759
966
908
900
1196
1055
760
805
917
1423
1086
869
1388
652
222
1389
1116
425
947
735
257
379
380
348
-73
-59
381
58
-199
40
-608
-744
-386
-512
-269
-503
-771
-636
-658
-863
-581
-737
-1082
-836
-959
-1083
-972
-1131
-1100
-962
-737
-764
-842
-668
-870
-837
-621
-741
-275
-80
-334
147
287
112
266
611
484
533
1192
1163
999
1342
1296
1400
1535
1333
1036
1182
1375
909
943
939
667
712
673
629
676
410
268
85
-33
3
14
-201
-178
-113
-140
-405
-401
-438
-704
-639
-781
-963
-1061
-898
-848
-984
-1038
-1024
-1082
-1107
-958
-966
-1215
-932
-1015
-1035
-664
-550
-353
-202
-328
-611
-91
46
-316
106
193
62
563
975
693
452
636
247
428
793
1142
985
1082
1428
830
993
1378
1170
1138
1120
1049
900
727
807
798
187
164
739
275
59
386
259
-129
70
112
-382
-802
-434
-447
-921
-677
-530
-1008
-1108
-829
-1132
-1393
-1094
-784
-956
-883
-842
-1028
-1077
-783
-530
-679
-551
-504
-678
-468
149
74
-135
-140
-297
-191
-250
-11
-49
-5
190
610
527
345
361
136
460
583
851
1542
1496
1083
1222
1022
740
1056
1308
897
1362
1845
908
265
206
-6
83
746
801
521
373
194
-215
-617
-574
-535
-672
-480
-276
-628
-892
-1082
-1134
-1001
-639
-361
-398
-617
-662
-787
-940
-780
-659
-669
-720
-624
-512
-863
-928
-835
-845
-440
-190
-240
-704
-945
-639
-549
-551
-145
24
-36
416
465
108
306
300
380
998
1485
1454
1402
1206
897
1558
1891
1757
1892
1749
1682
1041
289
437
672
981
1404
1555
908
378
166
-178
-108
-145
-253
-239
-405
-516
-676
-1044
-1215
-885
-476
-383
-621
-950
-1343
-1488
-1120
-781
-913
-1038
-1071
-1415
-1490
-1409
-1455
-1494
-1338
-1251
-1270
-1170
-1161
-897
-978
-1181
-868
-643
-601
-373
-337
-470
186
286
209
536
1018
1289
1564
2008
2215
2088
2019
2330
2507
2674
2895
2737
2278
1734
1623
1847
1995
2127
1794
1453
1297
1010
436
35
-181
-259
-232
-334
-632
-1118
-1526
-1523
-1292
-1090
-949
-1153
-1537
-1843
-2012
-1846
-1696
-1751
-1626
-1563
-1736
-1847
-2085
-2406
-2538
-2373
-1864
-1465
-1411
-1726
-1767
-1705
-1700
-1121
-771
-664
-348
81
372
674
639
659
1397
1778
2124
2820
2811
2446
2853
3077
3011
3472
3702
3196
2965
2543
1979
1828
2215
2482
2120
1770
1344
863
443
285
97
-173
-226
-212
-574
-1224
-1606
-1866
-2075
-1725
-1313
-1549
-2006
-2212
-2385
-2514
-2347
-2100
-2191
-2313
-2111
-2294
-2726
-2773
-2533
-2482
-2373
-1968
-1955
-1793
-1337
-982
-1011
-993
-516
-329
-67
467
912
1166
1352
1824
2102
2061
2487
2799
2697
3246
3644
3533
3469
3536
3381
3254
3272
2421
1750
1906
2366
2454
2197
1666
799
371
355
218
-249
-696
-807
-992
-1239
-1626
-2036
-2439
-2668
-2259
-1901
-2120
-2540
-2735
-2873
-2735
-2283
-2104
-2450
-2699
-2474
-2399
-2431
-2130
-1826
-2001
-1937
-1521
-1262
-1140
-945
-642
-689
-612
-100
223
250
672
1439
1878
1982
2088
2180
2201
2562
3186
3544
3596
3825
3939
3758
3885
4031
3190
1903
1411
1846
2450
2566
1978
1017
274
168
278
53
-628
-1168
-1402
-1706
-1923
-2170
-2610
-3023
-2669
-1960
-1859
-2219
-2540
-2635
-2496
-1889
-1470
-1872
-2338
-2236
-2050
-2056
-1910
-1765
-1655
-1451
-1318
-1564
-1929
-1840
-1077
-364
-206
-386
-635
-608
138
1156
1652
1758
1851
2142
2339
2603
2792
3238
3932
4613
4824
4318
3862
3379
2596
1679
1534
2386
2978
2503
1262
399
-125
-338
-12
-43
-1031
-1799
-1678
-1769
-2256
-2240
-2173
-2558
-2451
-1658
-1758
-2497
-2278
-1781
-1739
-1524
-1212
-1777
-2320
-1760
-1137
-1495
-1953
-1922
-2016
-2055
-1346
-879
-1347
-1510
-1006
-841
-974
-553
-98
25
439
1324
1766
1668
1665
2075
2642
3224
3710
3636
3401
3724
4290
4385
3528
1879
590
1181
2984
3644
2409
504
-515
-528
355
938
-34
-1688
-2206
-1799
-1646
-1711
-1937
-2588
-2536
-1526
-1103
-1768
-2431
-2214
-1743
-1102
-793
-1291
-2228
-2101
-1090
-746
-1118
-1524
-1825
-2092
-1510
-735
-874
-1510
-1501
-1140
-923
-517
-109
-139
-27
710
1593
1845
1872
1925
2077
2612
3371
3689
3328
3420
3979
4031
3203
1629
541
1156
3034
3800
2009
-77
-1162
-585
642
1326
254
-1967
-2534
-1847
-1031
-1213
-1883
-2789
-2938
-1738
-799
-1090
-1922
-2115
-1658
-1215
-929
-1297
-1991
-2004
-1079
-454
-1001
-1751
-1986
-1655
-1024
-414
-818
-1845
-2140
-1223
-341
-132
-148
-277
-36
859
2110
2335
1825
1658
2096
2613
3149
3522
3308
3298
3783
3949
2687
887
265
1637
3474
3299
930
-1111
-1351
187
1550
1391
-1011
-3117
-2727
-995
-63
-807
-2221
-3554
-3054
-1071
-28
-988
-2229
-2427
-1854
-1089
-570
-1163
-2053
-1821
-935
-865
-1608
-1838
-1636
-1409
-1134
-1094
-1509
-1701
-1037
-410
-505
-659
-364
109
728
1577
2155
2055
1909
2198
2561
2916
3294
3793
3731
3739
3822
3616
2413
958
894
2198
3218
2328
44
-1197
-692
695
1170
-155
-2401
-3441
-1955
-527
-612
-2010
-3475
-3870
-2353
-160
-72
-1645
-2591
-2159
-1171
-370
-255
-1216
-2138
-1488
-392
-400
-1161
-1451
-1279
-1250
-1162
-1348
-1747
-1540
-744
-537
-1110
-1187
-371
597
1221
1537
1394
1254
1897
2750
3078
2923
3022
3248
3562
4267
4427
3729
2275
825
782
2298
3693
2163
-647
-1661
-401
1091
1130
-433
-2903
-3733
-2028
-409
-1100
-3003
-4078
-3830
-2224
-374
-484
-2243
-2991
-1723
-378
16
-339
-1324
-2020
-1311
0
43
-899
-1210
-816
-570
-712
-1146
-1633
-1683
-872
-388
-1043
-1563
-682
737
1378
1314
1109
1012
1710
3027
3287
2670
2296
2968
3678
4387
4695
3978
2911
1744
1224
2057
3361
2937
88
-1551
-908
578
1193
34
-2214
-3964
-2661
-710
-674
-2610
-4230
-4501
-3247
-1066
-381
-1975
-3357
-2662
-920
60
30
-932
-2106
-1865
-403
351
-243
-1018
-1303
-1354
-878
-396
-761
-1611
-1705
-1139
-966
-931
-523
11
331
714
1145
1492
1961
2770
2911
2697
2581
3125
3609
4074
4457
4119
3658
2745
1819
1713
3171
3697
1457
-1022
-1070
387
1227
560
-1372
-3572
-3145
-940
-43
-1814
-3888
-4361
-3403
-1400
-318
-1474
-3415
-3295
-1264
279
268
-789
-2097
-2263
-891
467
70
-1136
-1766
-1795
-1370
-501
-243
-1327
-2508
-2333
-1384
-535
-77
-307
-913
-765
612
1887
2136
1808
1544
1783
2780
3760
3849
3119
2920
3745
4625
4673
2866
778
860
3345
4536
2099
-1008
-1471
340
1942
1415
-1181
-3955
-3353
-577
670
-1470
-4077
-4638
-2990
-517
341
-1542
-3759
-3329
-858
599
20
-1511
-2554
-2085
-450
524
-493
-1991
-2050
-1201
-761
-887
-1278
-1938
-2234
-1678
-1113
-1034
-867
-418
-468
-572
161
1495
2238
2239
1706
1228
1912
3634
4501
3594
2418
2933
4292
5053
3830
1381
363
2363
4719
3580
160
-1460
-168
1699
1960
-36
-2956
-3620
-1021
1020
-287
-3203
-4234
-3017
-956
265
-889
-3147
-3509
-1387
264
-220
-1469
-2229
-2115
-1053
-40
-703
-2290
-2663
-1784
-1231
-1417
-1818
-2404
-2841
-2289
-1419
-1317
-1615
-1344
-962
-706
-95
1148
1653
1445
1356
1745
2505
3339
3990
3350
2831
3664
5260
5477
4162
2101
1308
2740
5288
4815
1328
-1151
111
2516
2842
831
-2176
-3283
-1229
1430
652
-2631
-4445
-3320
-1152
177
-519
-2700
-3822
-2117
52
75
-1360
-2277
-2335
-1692
-620
-503
-1806
-2845
-2620
-1983
-1709
-1754
-2421
-3439
-3517
-2475
-1693
-1870
-2322
-2284
-1732
-511
602
862
395
298
1154
2256
3039
3208
2715
2532
3231
4939
5753
4931
3484
2137
2541
4623
6016
3973
296
-242
2053
3701
2787
53
-2190
-2210
719
2134
30
-3223
-3778
-1899
7
533
-1068
-3302
-3392
-1059
598
-213
-1833
-2475
-2372
-1491
-695
-1090
-2523
-3049
-2482
-2342
-2510
-2312
-2361
-3182
-3757
-3277
-2571
-1934
-1629
-2095
-2702
-1844
250
1171
563
-193
351
1398
2715
3401
2715
1903
2671
4614
5548
4751
3867
2719
2685
4188
5758
4385
1151
359
2116
3658
3013
997
-1088
-1472
600
2094
577
-2110
-2808
-1415
-188
185
-642
-2148
-2488
-1059
147
-482
-1716
-2033
-1919
-1532
-1166
-1318
-2384
-3100
-2716
-2241
-2170
-2440
-3006
-3712
-3645
-2638
-2205
-2602
-3056
-2820
-2060
-1153
-598
-697
-858
-140
895
1427
1311
1613
2267
2713
3176
3458
4067
4426
4765
3980
2612
2854
4793
5398
3229
996
1632
3255
3844
2446
126
-1390
-309
2161
1903
-741
-2654
-1826
-313
423
-79
-1699
-2827
-1777
-150
-219
-1657
-2283
-1942
-1706
-1485
-1651
-2197
-2794
-2679
-2596
-2842
-2504
-2279
-2956
-3860
-3440
-2342
-2048
-2486
-3078
-3062
-2029
-524
-223
-1060
-1238
58
1442
1885
1533
1406
1836
2823
3778
4016
4189
3973
3973
3263
3245
4264
5149
4118
2023
1659
3142
3864
2935
980
-376
-271
1385
2253
422
-1855
-2064
-433
348
-49
-1090
-2238
-2257
-943
-14
-893
-2165
-2234
-1896
-1840
-1762
-1898
-2647
-3227
-2943
-2706
-2855
-2664
-2522
-3227
-3984
-3278
-2141
-1932
-2627
-3097
-2859
-1495
80
251
-902
-987
718
2335
2434
1783
1511
2100
3582
4531
4462
3392
3449
3956
3835
3726
4195
4274
2925
1795
2466
3171
2886
1642
381
-380
348
1798
1254
-881
-2121
-1122
-36
80
-569
-1742
-2481
-1605
-206
-263
-1703
-2432
-2275
-1999
-1709
-1758
-2520
-3494
-3308
-2596
-2402
-2662
-2960
-3181
-3354
-2791
-2142
-2158
-2628
-2742
-2050
-1270
-440
-191
-402
-196
871
1970
2026
1556
1840
2585
3115
3387
3398
3748
3642
4074
3685
2837
2802
3991
4224
2401
1014
1936
2943
2591
1243
50
-396
489
1832
914
-1121
-1879
-500
214
-173
-850
-1619
-1973
-1248
-366
-888
-2087
-2266
-2009
-2132
-2168
-2068
-2580
-3282
-3231
-2768
-2710
-2631
-2742
-3169
-3267
-2370
-1531
-1860
-2441
-2338
-1376
-456
18
-341
-618
250
1780
2286
1600
1198
1834
2913
3248
3154
2696
2984
3586
4014
3070
1969
2474
3971
3849
1903
817
1832
2927
2584
1041
-398
-331
1056
2091
680
-1222
-1443
-114
509
46
-921
-1796
-1942
-1055
-540
-1327
-2336
-2379
-2052
-2095
-2112
-2238
-2697
-3191
-3045
-2744
-2722
-2532
-2446
-2715
-2863
-2018
-1069
-1145
-1705
-1784
-1212
-335
358
227
-312
49
1361
2121
1753
1174
1567
2244
2800
2751
2354
2485
2959
3375
2605
1559
2070
3546
3733
1953
708
1625
3011
2851
1167
-246
-142
1349
2224
939
-944
-1208
123
847
134
-969
-1761
-1767
-1157
-848
-1514
-2471
-2496
-2149
-2076
-2186
-2334
-2709
-3205
-3000
-2463
-2348
-2605
-2634
-2261
-1979
-1631
-1288
-1270
-1228
-970
-544
-415
-270
113
264
478
845
1223
1200
1158
1672
2107
1992
1775
1858
2384
2755
2765
2256
1244
1449
2961
3841
2455
601
1019
2708
3105
1886
542
116
669
1861
1794
250
-992
-452
412
197
-362
-959
-1640
-1886
-1207
-916
-1690
-2322
-2257
-2202
-2189
-1906
-1945
-2741
-3021
-2223
-1630
-1801
-2057
-1908
-1818
-1484
-872
-829
-1150
-1095
-525
-244
-159
108
107
9
327
949
995
724
955
1411
1377
1442
1701
2047
2193
2258
2065
1270
1271
2523
3481
2417
698
918
2597
3390
2327
641
-93
634
2150
2148
221
-1461
-927
431
617
-281
-1465
-2151
-1904
-920
-800
-1876
-2687
-2517
-2156
-2010
-1832
-1990
-2579
-2671
-1942
-1470
-1625
-1610
-1484
-1693
-1629
-765
-393
-836
-1117
-683
-253
31
334
67
-275
15
827
962
445
500
999
1230
1341
1626
1758
1898
2079
2345
1624
1174
2127
3388
2845
1208
1009
2445
3348
2630
1141
260
724
2018
2106
401
-1156
-833
388
518
-462
-1443
-1890
-1674
-965
-875
-1826
-2581
-2246
-1801
-1847
-1943
-1922
-2203
-2307
-1762
-1357
-1541
-1640
-1386
-1310
-1282
-782
-627
-928
-983
-584
-377
-399
-147
-74
-327
-116
351
561
345
512
971
918
990
1314
1803
2085
1923
1897
1405
1440
2471
3350
2536
938
1174
2785
3225
2093
687
333
834
1891
1836
141
-1239
-757
490
302
-761
-1505
-1817
-1670
-1010
-766
-1654
-2405
-2010
-1548
-1567
-1638
-1587
-2004
-2236
-1531
-1127
-1284
-1398
-1304
-1299
-1200
-524
-480
-960
-1159
-837
-470
-386
-238
-508
-754
-244
544
591
115
177
899
1102
1258
1397
1579
1841
2155
2421
1705
1263
2222
3502
2991
1183
919
2470
3299
2247
591
65
737
1826
1686
-13
-1384
-934
335
211
-896
-1718
-1814
-1528
-1041
-937
-1639
-2177
-1863
-1452
-1457
-1487
-1426
-1773
-2102
-1575
-942
-969
-1435
-1495
-1296
-1004
-505
-412
-1054
-1476
-876
-18
-174
-635
-796
-568
72
728
715
-51
-2
1105
1630
1349
1041
1468
2105
2331
2453
1738
1226
1982
3434
3073
1201
767
2197
2958
2013
701
235
497
1363
1529
122
-1283
-990
153
-44
-988
-1496
-1541
-1496
-1096
-921
-1574
-2058
-1680
-1314
-1561
-1675
-1426
-1623
-1946
-1594
-1126
-1224
-1458
-1296
-1136
-1162
-832
-683
-996
-1262
-766
-260
-393
-552
-426
-147
213
615
591
173
346
1297
1456
1169
1107
1749
2293
2402
2341
1505
1076
2255
3672
2715
497
458
2456
3197
1931
260
-246
521
1953
1862
-317
-1879
-991
547
228
-989
-1705
-1830
-1359
-638
-676
-1770
-2256
-1705
-1323
-1480
-1551
-1604
-2009
-2086
-1506
-1116
-1278
-1499
-1460
-1328
-1087
-635
-724
-1226
-1236
-572
-40
-227
-337
-172
215
628
748
561
296
843
1500
1485
1099
1178
2050
2652
2457
1759
985
1406
2772
3319
1700
17
822
2763
2966
1219
-206
-128
1031
2049
1202
-892
-1829
-611
575
-12
-1204
-1819
-1734
-1155
-625
-897
-1871
-2240
-1791
-1481
-1565
-1684
-1878
-2263
-2213
-1433
-1147
-1440
-1698
-1485
-1366
-1031
-427
-476
-1093
-1184
-298
491
498
110
-264
90
1111
1631
1049
162
503
1697
2118
1710
1233
1699
2251
2419
1863
882
1284
2806
3055
1036
-82
1619
3204
2307
506
-239
417
1442
2095
493
-1521
-1395
460
852
-681
-1648
-1594
-1362
-972
-709
-1443
-2551
-2339
-1475
-1621
-2125
-2067
-2193
-2504
-1956
-1213
-1675
-2222
-1772
-1172
-1180
-1067
-653
-727
-748
-239
254
145
28
279
466
709
976
1098
656
615
1343
1884
1611
1300
1463
1974
2171
1967
1081
752
1840
2998
2151
363
634
2485
2970
1484
122
76
955
1700
1385
-419
-1396
-417
865
295
-1097
-1471
-1244
-1102
-964
-1130
-1902
-2450
-1991
-1568
-1828
-1996
-1982
-2237
-2299
-1615
-1157
-1687
-2139
-1617
-883
-713
-868
-783
-513
-113
208
176
-59
142
638
780
499
489
863
1049
1171
1199
1188
1274
1781
2279
1825
1319
1009
1120
1866
2766
2176
369
328
2468
3440
1737
-104
-72
962
1894
1707
-76
-1668
-967
975
792
-897
-1725
-1408
-1140
-921
-954
-1862
-2682
-2230
-1521
-1707
-2119
-2119
-2268
-2500
-1801
-1103
-1492
-2135
-1785
-930
-556
-521
-707
-787
-371
381
585
152
2
459
880
919
846
877
842
1013
1340
1489
1390
1521
1948
1868
1755
1341
1073
1474
2671
2459
725
200
2050
3173
1846
126
-20
863
1728
1697
10
-1572
-942
898
720
-1115
-1905
-1451
-1072
-1055
-1266
-2020
-2683
-2128
-1608
-2025
-2431
-2181
-2199
-2538
-2141
-1425
-1436
-1734
-1640
-1259
-893
-317
-193
-688
-746
200
953
661
84
311
945
1344
1374
1067
776
1035
1687
1913
1480
1426
1843
1946
1844
1208
935
1710
2932
2136
225
250
2374
3008
1363
-313
-178
858
1911
1379
-592
-1918
-585
1143
410
-1432
-2046
-1425
-925
-776
-1342
-2498
-2696
-1714
-1354
-2085
-2502
-2237
-2258
-2243
-1700
-1562
-1847
-1781
-1272
-1110
-1011
-395
-142
-457
-500
247
881
724
518
567
850
1221
1528
1447
1072
1166
1635
1893
1827
1972
1781
1497
1322
1342
1544
2251
2313
893
61
1562
3115
1984
-152
-558
589
1548
1590
130
-1637
-1548
568
1222
-514
-2069
-1857
-1040
-499
-602
-1809
-2995
-2473
-1081
-1102
-2195
-2694
-2452
-2218
-1654
-1289
-1964
-2664
-2011
-815
-673
-1039
-1069
-742
-292
316
649
380
279
750
1359
1358
1322
1422
1408
1499
1767
2206
1932
1876
1884
2117
1832
1296
1102
1935
2506
1537
140
714
2208
2211
520
-579
-151
866
1446
338
-1320
-1710
-131
770
-274
-1579
-1702
-1155
-594
-548
-1332
-2397
-2229
-1358
-1305
-1905
-2368
-2422
-2390
-1868
-1467
-1987
-2532
-2137
-1228
-1075
-1291
-1155
-888
-476
74
396
215
330
1107
1705
1435
1237
1711
2141
2100
1973
2035
2163
2635
2522
1997
1480
1468
1659
2256
2288
1034
-80
942
2464
1785
-217
-890
-49
943
1107
-109
-1747
-1810
171
932
-562
-1813
-1519
-832
-511
-363
-1218
-2403
-2036
-875
-951
-1987
-2301
-2152
-2384
-2136
-1478
-1870
-2908
-2737
-1544
-1102
-1375
-1487
-1382
-944
35
690
198
-276
647
1873
1970
1428
1555
2031
2406
2783
2708
2262
2242
2801
2817
1673
950
1810
3006
2200
267
-61
1596
2456
1118
-722
-1186
-105
1270
961
-1196
-2608
-1281
871
681
-1115
-1988
-1413
-427
212
-284
-1798
-2388
-1287
-395
-908
-1876
-2236
-2276
-1940
-1495
-1691
-2624
-2985
-2305
-1538
-1474
-1782
-1899
-1504
-620
79
18
-226
156
1223
1717
1691
1487
1848
2364
2789
2807
2673
2850
2859
2796
2161
1633
1722
2722
2504
809
-278
1214
2432
1395
-851
-1323
-321
916
806
-929
-2590
-2027
285
826
-876
-2158
-1562
-398
255
5
-1134
-2043
-1287
-51
-267
-1552
-2077
-1813
-1526
-1205
-1429
-2448
-3002
-2224
-1398
-1628
-2200
-2196
-1681
-927
-264
-273
-662
-306
962
1650
1504
1330
1770
2349
2808
3053
2957
2866
2829
3040
2523
1824
1982
2860
2423
680
88
1536
2214
918
-915
-1268
-453
556
458
-1426
-3001
-2046
197
315
-1475
-2329
-1627
-436
338
33
-1399
-2037
-717
498
-149
-1411
-1696
-1412
-1063
-631
-990
-2361
-2835
-1705
-869
-1607
-2480
-2323
-1587
-827
-483
-748
-968
-106
1125
1367
971
1210
1891
2329
2634
2914
2917
2699
2897
3038
2338
2052
2843
3059
1493
414
1324
2348
1420
-312
-1146
-759
220
602
-868
-2796
-2576
-572
93
-1229
-2281
-2058
-1185
-195
109
-913
-1904
-1137
218
194
-725
-1201
-1175
-1053
-501
-309
-1426
-2466
-1969
-851
-1036
-2006
-2466
-2034
-1115
-484
-836
-1534
-1020
496
1325
759
428
1040
2233
2885
2821
2553
2431
2912
3085
2480
2252
3085
3221
1690
713
1853
2859
1770
-219
-970
-403
605
814
-973
-3037
-2744
-358
328
-1472
-2919
-2458
-1125
-168
-154
-1420
-2383
-1395
252
380
-898
-1600
-1234
-540
75
-205
-1421
-2175
-1349
-350
-773
-1804
-2223
-1755
-901
-413
-783
-1400
-968
307
973
637
375
826
1897
2541
2648
2146
2088
2659
2757
2267
2399
3202
2632
1214
1240
2579
2687
1158
-209
-443
49
930
555
-1396
-2894
-1753
18
-312
-1846
-2591
-2260
-1326
-268
-471
-2069
-2589
-1170
124
-347
-1283
-1595
-1343
-568
151
-434
-1729
-1747
-477
-23
-767
-1445
-1441
-968
-378
-194
-695
-990
-215
814
876
510
571
1294
1874
2278
2174
1768
1752
1964
2068
2255
2721
2257
1086
1092
2398
2677
1239
-95
-144
448
1163
780
-988
-2345
-1349
281
-193
-1769
-2381
-1892
-1204
-552
-773
-2115
-2548
-1223
-253
-859
-1756
-1640
-1250
-791
-367
-617
-1528
-1515
-423
-33
-746
-1100
-748
-378
-129
190
47
-359
176
1156
1368
722
806
1522
2043
2177
1891
1549
1297
1437
1873
2416
2230
910
181
1456
2820
2023
-111
-793
14
1134
1266
-183
-2106
-2143
-124
667
-840
-2288
-2184
-1373
-606
-432
-1470
-2715
-2118
-786
-588
-1509
-1809
-1731
-1452
-613
-163
-1126
-2003
-1142
126
27
-717
-987
-634
206
1029
823
-158
22
1568
2366
1568
811
1199
2131
2761
2406
1427
758
1288
2259
2666
1699
281
4
1346
2388
1367
-663
-1323
-138
1216
932
-902
-2305
-1671
62
371
-1026
-2281
-2148
-1107
-231
-528
-1926
-2654
-1652
-455
-670
-1609
-2017
-1802
-1321
-676
-740
-1437
-1715
-1080
-424
-267
-375
-643
-746
-102
1003
1169
620
523
1439
2211
2333
2052
1883
2242
2681
2669
2014
1304
1249
2075
2587
1581
12
87
1495
1905
433
-1049
-1233
-288
694
197
-1677
-2764
-1522
20
-334
-1722
-2300
-1871
-985
-278
-796
-2175
-2363
-1108
-348
-849
-1534
-1716
-1610
-938
-467
-906
-1577
-1380
-781
-580
-474
-404
-443
-363
248
905
1079
1145
1311
1627
1971
2497
2724
2634
2448
2482
2473
2195
1896
2151
2392
1730
627
636
1499
1498
309
-783
-891
-392
207
-342
-1900
-2803
-1701
-380
-902
-2280
-2681
-1955
-1037
-713
-1396
-2410
-2187
-1026
-572
-1141
-1602
-1602
-1343
-850
-462
-884
-1602
-1422
-612
-291
-602
-782
-631
-255
408
907
884
811
1384
2145
2461
2355
2607
2931
3028
2910
2771
2406
2155
2619
2823
1902
818
1107
1803
1423
223
-549
-722
-272
77
-583
-2236
-2644
-1503
-858
-1666
-2544
-2600
-2302
-1638
-1238
-1906
-2849
-2470
-1275
-1092
-1656
-1855
-1679
-1411
-898
-533
-972
-1454
-1091
-456
-288
-433
-431
-434
-61
756
1248
1126
1038
1667
2384
2802
2839
2817
2705
2961
3265
2862
2092
2365
3148
2718
1288
1099
1892
2031
938
-192
-754
-448
422
119
-1734
-2961
-1941
-622
-1088
-2360
-3018
-2816
-1976
-1255
-1836
-3284
-3365
-1998
-1186
-1737
-2314
-2254
-1917
-1288
-687
-868
-1583
-1545
-730
-136
-81
-281
-421
-43
913
1646
1459
1239
1687
2555
3017
3086
2940
2798
2932
3193
2952
2461
2475
2763
2396
1654
1526
1833
1664
925
241
-113
-48
200
-210
-1445
-2105
-1513
-902
-1366
-2230
-2515
-2308
-1877
-1700
-2174
-2919
-2955
-2279
-1814
-2046
-2514
-2676
-2253
-1545
-1228
-1635
-2081
-1752
-916
-514
-664
-827
-459
215
945
1316
1398
1618
2199
2871
3127
3287
3205
3288
3251
3067
2798
2976
3252
2698
1608
1485
2241
2446
1300
141
-259
178
777
266
-1319
-2307
-1385
-424
-871
-1957
-2379
-2253
-1704
-1152
-1586
-2845
-3144
-2057
-1447
-1891
-2461
-2576
-2544
-1927
-1303
-1622
-2466
-2354
-1434
-898
-1010
-1114
-1109
-620
409
1215
1135
1031
1832
2716
3159
3142
3183
3081
3158
3327
3282
3231
3136
2762
2123
2073
2519
2267
1264
274
146
446
522
-151
-1382
-1893
-1257
-569
-993
-1983
-2395
-2088
-1430
-1160
-1886
-2693
-2703
-1774
-1187
-1470
-2250
-2574
-1822
-959
-1009
-2065
-2567
-1903
-942
-809
-1466
-1915
-1290
-7
796
480
123
669
1964
2827
2605
2134
2242
3076
3419
3172
2895
2981
3010
2752
2538
2462
2236
1712
1068
653
593
644
233
-708
-1252
-1136
-829
-989
-1569
-2096
-2252
-1832
-1659
-1875
-2413
-2504
-2011
-1442
-1417
-1907
-1992
-1520
-957
-1005
-1524
-1738
-1380
-799
-866
-1354
-1364
-663
18
75
-1
233
823
1531
1913
1809
1726
2068
2482
2402
2407
2695
2846
2393
2130
2351
2569
2350
1701
950
678
1070
1242
326
-819
-996
-473
-307
-840
-1576
-2060
-1915
-1406
-1402
-2084
-2624
-2303
-1710
-1452
-1750
-1989
-1803
-1291
-955
-1159
-1468
-1414
-983
-692
-809
-1051
-787
-174
330
308
282
646
1272
1737
1579
1429
1479
1845
1832
1793
1972
2140
1998
1751
1807
2054
2071
1704
979
611
895
1188
691
-377
-733
-468
-118
-400
-1054
-1640
-1699
-1217
-1086
-1592
-2242
-2190
-1727
-1441
-1381
-1595
-1720
-1497
-962
-714
-1051
-1266
-1088
-675
-491
-499
-423
-281
162
591
863
908
1054
1454
1648
1697
1420
1289
1267
1660
2012
1800
1207
977
1563
2069
1741
806
225
479
1052
1027
89
-892
-833
-135
169
-448
-1331
-1742
-1385
-832
-909
-1652
-2331
-2130
-1364
-885
-1150
-1699
-1774
-1208
-521
-453
-948
-1342
-982
-268
73
-166
-428
-50
636
1231
1182
1023
1183
1661
1946
1593
1149
1095
1489
1675
1464
1087
834
1041
1392
1385
779
169
213
535
557
57
-512
-760
-613
-326
-426
-970
-1360
-1298
-1034
-997
-1289
-1660
-1780
-1473
-1161
-1213
-1470
-1445
-1100
-776
-665
-778
-889
-654
-183
19
-83
20
430
863
1039
1195
1407
1653
1802
1803
1586
1407
1339
1531
1635
1385
834
620
1058
1394
1115
368
-60
130
592
631
-234
-1077
-1091
-436
-290
-875
-1483
-1667
-1237
-835
-878
-1622
-2020
-1619
-1041
-1013
-1485
-1733
-1510
-930
-598
-776
-1095
-929
-308
162
190
80
259
741
1242
1454
1515
1588
1735
1917
1956
1746
1331
1244
1503
1491
1056
528
516
695
924
727
78
-321
44
586
293
-509
-1046
-901
-443
-294
-806
-1483
-1433
-815
-489
-946
-1504
-1572
-1168
-824
-999
-1493
-1751
-1324
-819
-807
-1184
-1329
-853
-273
57
-61
6
411
1111
1528
1469
1600
1927
2308
2061
1864
1648
1629
1756
1763
1309
433
401
924
1031
281
-451
-578
-358
91
-127
-1103
-1827
-1323
-565
-732
-1255
-1597
-1411
-765
-137
-523
-1367
-1186
-264
32
-559
-1023
-964
-551
-149
-374
-1011
-1142
-438
28
-210
-445
-257
255
768
1028
1002
1019
1436
1847
1809
1521
1377
1511
1678
1671
1259
811
719
977
965
421
-181
-306
-157
-140
-504
-1154
-1537
-1342
-985
-1150
-1499
-1578
-1319
-1077
-920
-828
-927
-880
-657
-334
-248
-241
-251
-289
-154
39
161
-6
-166
-70
254
543
470
380
451
857
1166
1208
1017
778
902
993
1062
989
937
614
356
609
859
657
95
-222
-252
-98
90
-319
-1165
-1385
-831
-568
-954
-1234
-1301
-1210
-782
-393
-629
-1105
-884
-298
-21
-39
-139
-280
-185
394
653
284
-30
140
505
642
695
549
434
715
1086
1093
762
792
820
727
540
443
447
436
414
-40
-275
-18
339
-2
-690
-828
-617
-343
-502
-984
-1502
-1296
-718
-657
-1081
-1307
-1014
-687
-400
-382
-621
-636
-149
305
200
63
206
488
660
779
749
674
819
1043
1147
1038
1040
1130
1264
1339
1241
1005
847
854
764
415
130
78
-7
-262
-580
-704
-796
-795
-910
-1256
-1410
-1293
-1158
-1296
-1432
-1447
-1378
-1195
-972
-895
-1045
-950
-615
-354
-259
-224
-199
-99
283
520
460
359
562
838
958
1016
1054
1126
1289
1609
1698
1631
1656
1846
1922
1820
1685
1383
1235
1024
862
576
331
-66
-558
-709
-815
-1000
-1525
-1859
-2082
-2029
-1793
-1898
-2290
-2518
-2030
-1587
-1415
-1568
-1650
-1396
-804
-260
-366
-565
-364
242
620
578
404
363
701
1068
1118
861
766
1105
1354
1493
1410
1512
1671
1849
1925
1816
1805
1740
1809
1492
1218
1017
1016
821
386
-37
-505
-482
-659
-1071
-1694
-1840
-1765
-1967
-2161
-2355
-2263
-2268
-2144
-2129
-1988
-1634
-1410
-1335
-1251
-747
-354
-196
-182
1
324
651
811
764
773
1029
1311
1364
1288
1292
1407
1549
1746
1659
1466
1460
1558
1589
1322
1235
947
848
770
687
371
-22
-116
-290
-342
-562
-819
-1152
-1161
-1045
-1211
-1475
-1631
-1479
-1393
-1302
-1334
-1369
-1235
-968
-758
-823
-785
-671
-434
-340
-290
-231
-104
150
292
365
401
666
892
905
904
966
1198
1258
1241
1177
1119
1142
1150
1092
837
641
573
496
324
35
-119
-231
-291
-413
-547
-603
-692
-689
-736
-744
-759
-698
-619
-558
-454
-372
-283
-251
-224
-171
-126
-134
-201
-211
-192
-141
-66
-113
-92
-65
103
164
169
180
214
271
358
499
418
320
358
494
441
394
305
129
73
115
44
-194
-321
-326
-348
-392
-450
-499
-532
-406
-358
-410
-348
-137
-21
-40
91
244
326
308
380
376
378
473
476
346
252
419
458
355
260
232
277
354
350
160
61
230
295
187
-76
-39
-21
-33
-189
-358
-408
-468
-425
-647
-746
-835
-726
-748
-847
-917
-874
-695
-686
-615
-618
-444
-251
-84
8
88
253
423
569
552
561
634
738
750
730
684
679
752
781
744
681
698
643
650
632
605
519
447
419
345
309
205
101
-60
-111
-205
-358
-534
-675
-714
-810
-889
-1081
-1112
-1078
-1007
-1059
-1106
-1067
-975
-796
-663
-597
-621
-451
-204
29
38
39
159
322
508
524
486
451
586
704
720
705
635
677
756
905
848
749
714
803
893
765
690
526
591
599
504
289
137
132
40
-37
-310
-413
-557
-538
-636
-814
-943
-991
-939
-966
-905
-1009
-1004
-915
-731
-698
-724
-627
-555
-400
-295
-175
-207
-155
82
222
226
152
273
355
447
483
476
484
472
670
740
736
643
750
814
801
779
740
717
640
630
513
441
412
369
174
55
46
11
-139
-278
-410
-535
-543
-536
-637
-823
-830
-759
-709
-743
-787
-810
-734
-594
-553
-569
-571
-434
-294
-209
-221
-224
-171
-32
65
40
-21
17
178
305
346
275
276
443
684
722
571
490
631
876
897
742
539
595
761
863
716
474
396
474
590
464
219
-29
-62
-48
-100
-307
-573
-677
-605
-538
-722
-906
-930
-795
-728
-795
-878
-857
-680
-590
-570
-566
-451
-356
-344
-363
-273
-92
-45
-93
-149
10
224
380
338
239
271
485
720
723
591
474
577
760
879
814
633
588
728
916
859
653
476
500
554
488
284
58
-47
-65
-82
-261
-478
-594
-557
-579
-713
-848
-889
-831
-804
-835
-897
-862
-744
-676
-685
-692
-611
-478
-384
-354
-314
-214
-57
70
138
159
235
379
488
495
478
523
584
635
638
629
618
675
727
720
658
638
678
689
633
530
459
440
406
293
153
46
-13
-79
-205
-358
-443
-472
-526
-667
-768
-774
-758
-783
-866
-867
-835
-778
-757
-724
-673
-598
-510
-424
-317
-211
-103
-34
33
137
277
336
344
365
461
553
592
563
548
592
671
715
672
572
556
666
725
662
502
455
493
545
476
303
161
137
199
131
-57
-239
-262
-202
-256
-452
-647
-657
-575
-585
-765
-917
-876
-777
-737
-797
-831
-783
-652
-535
-490
-459
-396
-278
-162
-52
20
108
200
301
391
477
549
584
600
615
651
659
661
625
605
595
593
568
501
427
386
412
383
282
174
147
153
137
66
-43
-119
-131
-109
-176
-288
-382
-416
-433
-463
-511
-607
-681
-651
-568
-586
-690
-694
-576
-458
-444
-462
-420
-288
-132
-51
-46
-26
122
277
352
335
354
424
542
602
563
488
495
600
622
532
408
406
454
478
405
264
185
224
293
202
32
-59
-2
34
-51
-193
-321
-311
-252
-263
-436
-606
-588
-464
-447
-573
-701
-696
-555
-452
-484
-584
-557
-380
-214
-185
-239
-224
-72
106
194
160
157
282
474
569
537
515
575
693
718
675
599
579
622
636
566
462
433
423
367
274
185
125
60
-16
-98
-169
-226
-287
-344
-396
-426
-450
-484
-530
-559
-568
-557
-570
-574
-582
-561
-510
-484
-467
-457
-377
-331
-295
-256
-174
-97
-49
12
110
217
285
358
419
496
576
650
657
639
650
686
681
611
539
521
498
433
344
255
193
144
89
-2
-94
-135
-138
-165
-235
-295
-298
-272
-278
-333
-371
-377
-356
-350
-391
-454
-464
-419
-398
-432
-491
-474
-389
-331
-353
-371
-318
-225
-136
-87
-53
-3
102
220
297
327
381
456
508
538
548
539
535
538
522
472
425
402
362
288
244
225
172
105
60
49
26
-6
-48
-65
-68
-67
-101
-149
-154
-163
-200
-256
-285
-292
-311
-352
-402
-431
-408
-400
-439
-498
-486
-402
-351
-374
-389
-318
-180
-100
-99
-103
-21
123
217
231
203
262
381
482
473
397
391
469
531
479
372
324
362
400
373
272
199
197
247
235
135
49
35
72
53
-19
-99
-116
-84
-77
-155
-238
-257
-239
-251
-318
-363
-385
-396
-409
-400
-416
-427
-424
-397
-374
-361
-338
-312
-261
-209
-163
-140
-72
6
74
134
208
265
290
323
385
446
441
427
443
481
489
488
459
418
420
434
379
288
250
238
218
165
87
15
-11
-3
-45
-143
-222
-237
-241
-278
-353
-427
-451
-427
-427
-478
-518
-507
-461
-437
-452
-461
-430
-372
-322
-298
-280
-231
-149
-79
-34
15
74
131
197
264
312
337
375
434
480
504
511
525
532
540
533
520
483
455
426
385
324
269
233
167
84
28
0
-65
-141
-188
-206
-250
-286
-318
-348
-375
-381
-387
-404
-417
-422
-411
-393
-379
-386
-385
-355
-316
-311
-310
-289
-238
-188
-141
-110
-72
4
90
147
172
215
280
346
389
398
403
448
499
492
446
418
422
420
382
303
230
185
170
143
76
-19
-70
-59
-61
-109
-180
-205
-181
-159
-192
-240
-261
-224
-185
-202
-255
-281
-245
-211
-229
-279
-299
-281
-244
-230
-239
-235
-182
-117
-74
-43
-17
38
103
147
172
208
249
284
310
325
336
334
328
333
323
274
229
214
202
162
114
78
49
24
10
-8
-31
-43
-35
-48
-70
-77
-67
-78
-110
-132
-131
-134
-158
-177
-201
-217
-221
-225
-248
-269
-270
-238
-234
-241
-222
-185
-141
-109
-91
-70
-15
53
77
65
81
138
186
194
174
162
202
240
215
163
147
160
155
123
92
66
64
76
80
59
40
39
54
75
75
56
50
68
75
74
60
53
55
51
35
19
2
-19
-45
-67
-77
-91
-113
-146
-154
-150
-150
-160
-176
-200
-209
-182
-157
-173
-203
-176
-128
-78
-45
-26
-35
-5
63
94
78
77
103
117
133
132
118
109
140
145
96
59
95
120
78
34
37
73
92
82
46
37
69
110
92
28
-9
24
56
22
-40
-73
-58
-26
-17
-65
-123
-118
-75
-84
-131
-151
-136
-122
-119
-113
-110
-96
-71
-43
-28
-8
34
51
43
65
112
135
130
108
92
109
153
159
104
48
51
90
103
51
-32
-69
-33
1
-43
-127
-159
-122
-86
-99
-151
-192
-181
-126
-106
-152
-185
-147
-98
-95
-100
-85
-71
-43
0
11
6
29
71
91
102
131
150
149
175
214
209
184
183
202
199
174
155
143
138
149
143
95
66
81
84
53
18
-2
-20
-30
-41
-82
-123
-126
-114
-128
-164
-183
-187
-196
-199
-209
-237
-245
-227
-219
-228
-222
-195
-173
-165
-145
-102
-57
-23
-6
23
81
135
157
177
203
232
256
282
297
292
296
300
284
266
268
252
209
175
166
148
134
110
56
11
0
-8
-58
-123
-162
-177
-195
-219
-259
-294
-304
-286
-283
-318
-351
-346
-311
-293
-305
-319
-294
-237
-185
-163
-163
-132
-58
16
50
68
102
160
236
285
290
296
340
390
407
390
377
371
383
381
354
320
295
286
256
211
184
169
122
51
5
-5
-39
-97
-159
-203
-224
-230
-261
-321
-361
-350
-334
-358
-394
-398
-369
-340
-323
-322
-312
-273
-215
-179
-173
-163
-107
-39
-12
-6
19
66
120
162
171
168
196
258
291
269
242
249
289
331
319
267
251
292
325
289
221
183
181
192
167
89
19
0
10
-4
-53
-125
-173
-163
-142
-168
-233
-273
-260
-221
-206
-231
-271
-255
-189
-140
-159
-186
-150
-82
-55
-69
-68
-39
4
35
44
33
45
75
100
100
89
82
76
88
98
87
61
52
63
78
61
28
6
17
36
28
-4
-30
-19
3
14
-4
-32
-30
5
15
-6
-20
-5
14
21
16
7
18
46
60
48
39
55
81
94
82
63
55
66
87
96
84
62
44
48
63
56
10
-39
-53
-34
-40
-92
-143
-165
-156
-150
-168
-213
-249
-233
-184
-182
-234
-267
-230
-164
-127
-144
-171
-124
-45
8
2
-20
8
83
145
157
137
159
231
288
301
286
292
318
346
338
307
290
290
287
268
248
227
198
156
123
98
57
4
-53
-105
-139
-162
-193
-241
-297
-326
-333
-350
-379
-406
-422
-415
-390
-377
-374
-368
-331
-282
-253
-234
-199
-148
-98
-57
-22
19
76
135
173
208
255
311
352
375
397
425
454
472
476
465
453
460
464
429
381
348
317
275
224
165
99
43
-9
-57
-119
-189
-245
-293
-339
-369
-395
-441
-485
-504
-498
-501
-514
-512
-502
-484
-450
-404
-373
-352
-320
-260
-200
-138
-91
-50
-9
53
128
181
214
241
298
356
401
425
448
464
494
521
512
487
473
473
452
416
369
332
298
255
188
131
80
21
-44
-116
-176
-223
-264
-321
-385
-416
-422
-437
-463
-486
-479
-448
-424
-417
-413
-385
-330
-275
-234
-220
-186
-119
-44
1
17
51
109
164
199
218
233
264
309
339
324
316
338
364
369
348
323
314
321
302
264
223
197
171
146
119
73
12
-22
-24
-49
-102
-160
-189
-192
-197
-231
-274
-291
-279
-266
-280
-292
-284
-260
-242
-225
-220
-214
-181
-135
-107
-103
-86
-42
10
33
43
51
82
127
155
153
149
167
197
214
210
207
205
210
215
211
192
169
159
157
136
105
77
66
50
24
2
-26
-59
-78
-82
-98
-128
-153
-165
-166
-174
-192
-201
-193
-178
-171
-176
-172
-146
-117
-104
-104
-90
-60
-24
1
9
17
45
75
87
84
84
99
115
125
128
131
133
144
158
158
140
133
132
129
120
106
88
69
59
55
50
23
-3
-20
-30
-45
-55
-69
-94
-109
-110
-121
-140
-152
-161
-178
-185
-170
-161
-163
-167
-153
-132
-109
-89
-86
-85
-67
-30
1
4
1
16
42
65
76
77
77
97
121
128
124
127
134
139
147
145
136
146
156
143
124
114
118
116
93
63
43
38
36
15
-15
-35
-49
-59
-77
-97
-109
-121
-137
-147
-150
-146
-138
-143
-159
-161
-131
-108
-112
-129
-124
-83
-51
-44
-51
-35
12
61
67
55
72
121
148
140
132
139
165
185
182
165
168
174
172
155
139
127
117
93
65
44
29
17
-7
-36
-62
-72
-76
-90
-119
-149
-157
-152
-159
-168
-173
-180
-177
-159
-141
-148
-164
-158
-137
-123
-110
-102
-97
-78
-46
-25
-14
-7
12
36
60
84
103
109
109
132
161
169
163
159
167
183
192
175
142
132
146
153
132
88
58
57
61
41
-2
-42
-58
-53
-58
-84
-114
-124
-126
-134
-141
-142
-149
-156
-159
-145
-128
-127
-137
-136
-116
-90
-77
-80
-85
-70
-28
7
3
-14
1
42
72
72
59
66
97
133
138
125
120
142
168
167
152
147
151
156
159
144
117
105
107
104
78
43
16
-10
-17
-23
-57
-94
-106
-103
-104
-132
-163
-176
-162
-148
-166
-196
-197
-156
-135
-153
-169
-148
-113
-87
-87
-87
-68
-24
10
11
5
31
83
113
118
115
134
169
193
187
172
169
186
202
196
177
161
154
154
143
111
81
63
43
19
-3
-30
-62
-82
-92
-107
-129
-147
-158
-164
-173
-185
-192
-187
-180
-170
-157
-150
-137
-121
-102
-86
-76
-68
-50
-25
-5
10
25
45
74
94
99
105
117
136
143
140
140
134
136
147
147
132
123
118
114
99
81
60
36
21
12
-11
-41
-51
-58
-73
-89
-95
-108
-126
-126
-116
-117
-129
-135
-133
-125
-109
-96
-97
-97
-73
-45
-34
-22
-2
13
33
54
66
72
83
96
95
93
103
114
111
104
98
93
85
82
74
55
37
29
29
24
9
-12
-25
-32
-44
-55
-65
-78
-80
-76
-81
-91
-89
-90
-86
-76
-69
-69
-65
-52
-39
-32
-22
-9
-3
9
26
41
50
54
56
62
76
87
86
81
84
91
94
86
72
63
58
49
34
22
10
-4
-18
-25
-31
-41
-54
-62
-68
-75
-79
-83
-83
-76
-72
-65
-61
-55
-43
-30
-17
-8
-5
4
22
38
48
48
52
65
80
85
82
78
83
87
86
77
62
51
51
53
41
21
3
-3
-9
-24
-41
-62
-80
-84
-83
-90
-101
-115
-118
-105
-93
-106
-120
-113
-90
-76
-79
-81
-70
-36
-10
-7
-13
1
27
50
59
66
76
93
112
120
125
127
127
125
124
125
119
106
97
96
91
82
71
51
33
23
11
-7
-27
-47
-61
-74
-82
-98
-113
-123
-133
-136
-141
-146
-148
-149
-144
-131
-122
-115
-102
-83
-67
-52
-35
-21
-4
12
26
38
58
84
103
109
116
129
143
161
155
137
138
154
150
126
104
99
107
102
75
45
32
34
28
-2
-37
-59
-58
-60
-79
-106
-126
-127
-113
-116
-135
-143
-140
-132
-116
-116
-123
-114
-92
-73
-63
-45
-29
-12
9
29
47
65
79
88
103
113
123
132
132
137
141
138
132
123
120
110
89
71
62
53
30
6
-7
-20
-33
-51
-71
-97
-109
-104
-106
-128
-148
-140
-121
-116
-130
-141
-133
-101
-82
-91
-96
-70
-37
-22
-16
-4
18
41
61
70
73
86
103
105
104
103
107
114
117
107
97
