SAMPLES:	8322
BITSPERSAMPLE:	16
CHANNELS:	1
SAMPLERATE:	16000
NORMALIZED:	FALSE
-7
-15
-17
-14
-10
-4
6
15
17
11
9
11
5
-5
-11
-8
-1
-1
-2
-1
5
10
11
6
-2
-8
-11
-18
-22
-16
-7
4
10
9
7
2
-10
-21
-18
-4
9
15
21
32
33
17
-4
-21
-29
-34
-29
-15
12
36
45
39
25
-3
-37
-54
-62
-61
-46
-13
16
37
52
52
43
17
-10
-34
-41
-40
-34
-19
6
30
49
61
50
33
13
-7
-17
-30
-36
-34
-25
-19
3
31
39
26
13
25
24
-8
-47
-58
-41
-20
-22
-37
-27
15
44
58
61
45
18
-22
-60
-74
-55
-40
-23
-7
24
66
81
48
-7
-30
-9
-22
-68
-70
-15
61
77
51
31
43
44
-8
-83
-111
-59
-8
8
-5
38
109
129
78
-4
-55
-53
-56
-98
-97
-56
17
67
75
60
40
6
-47
-70
-71
-58
-26
-8
39
84
93
95
58
-1
-46
-58
-51
-47
-59
-43
35
103
121
93
52
14
3
-11
-49
-60
-50
-49
-56
-17
33
51
48
64
67
56
-3
-50
-43
-68
-78
-98
-103
-63
35
107
84
47
29
36
39
15
-58
-94
-50
25
45
48
56
53
60
10
-74
-129
-99
-52
-17
31
87
111
58
1
-56
-135
-173
-152
-88
-22
31
65
132
208
115
-23
-73
-131
-171
-125
-70
-25
53
113
150
193
197
131
26
-83
-163
-160
-114
-75
-12
70
148
168
155
59
-24
-59
-114
-158
-145
-83
-46
8
52
97
130
119
52
-8
-30
-85
-79
-44
-2
-8
-16
-13
17
43
50
34
-26
18
48
6
-98
-105
-57
-20
-26
-25
41
126
143
59
-6
-13
-9
-48
-69
-49
15
45
42
29
51
103
76
-27
-90
-86
-77
-97
-81
9
52
70
73
51
44
0
-54
-37
-8
-6
-22
-47
-37
20
61
53
13
1
31
12
-35
-44
-17
-37
-58
-50
0
33
68
64
30
21
-1
-54
-82
-89
-50
29
31
79
104
141
119
21
-80
-136
-146
-150
-56
51
129
168
129
63
-35
-142
-172
-164
-141
-62
85
158
151
138
109
42
-105
-179
-152
-76
16
33
111
187
158
60
-112
-129
-135
-112
-59
1
103
145
143
81
-21
-111
-110
-69
-52
-88
22
106
126
101
113
67
-38
-104
-174
-176
-135
-49
10
89
111
175
196
80
-9
-59
-109
-146
-134
-87
-12
76
139
187
172
101
-25
-133
-139
-199
-166
-64
33
109
94
96
158
151
-13
-69
-87
-73
-130
-156
-104
-22
116
159
139
41
50
90
13
-126
-189
-127
-51
-25
-8
69
137
171
87
52
-45
-176
-168
-137
-92
-17
129
169
168
83
-17
-76
-117
-226
-200
-47
77
156
138
201
118
-50
-148
-159
-154
-89
-56
-15
65
143
149
42
90
-6
-90
-125
-135
-12
-6
17
70
201
156
113
16
-79
-1
9
16
-99
-79
5
7
-34
-18
48
97
125
31
-95
-84
-45
13
34
61
36
63
73
-102
-166
-60
-60
-169
-134
34
31
92
139
301
304
90
-34
-128
-153
-325
-306
-163
-77
70
222
305
273
234
221
58
-117
-189
-263
-309
-304
-211
-81
136
232
324
345
308
145
-52
-152
-310
-468
-340
-206
-101
99
297
386
361
276
48
-35
-166
-302
-342
-220
-80
-35
121
235
239
215
162
44
-71
-184
-165
-110
-143
-116
-28
163
157
85
32
-10
-100
-52
10
-52
33
75
86
-24
-51
-124
-126
-64
-48
81
70
142
137
135
-1
-62
-74
-83
-117
-174
-75
23
132
133
100
33
100
-8
-100
-155
-93
-15
16
68
6
57
35
80
65
-46
-77
15
-67
-63
14
58
99
81
66
-56
-59
-115
-52
-109
-10
107
139
120
43
-24
-72
-142
-200
-91
2
115
135
175
155
45
-10
-121
-170
-137
-64
15
93
93
56
78
-34
-78
-43
-52
-22
14
34
59
-15
18
3
-49
7
6
1
49
81
-58
-70
-110
-73
-42
86
139
92
93
60
-13
-107
-93
-124
-80
-47
76
54
84
64
36
58
-59
-67
-84
-88
-122
-27
79
76
99
133
25
-16
-65
-123
-112
-38
72
116
165
154
63
33
-53
-135
-132
-138
-80
2
68
126
147
79
94
51
-43
-152
-157
-50
-30
7
41
78
1
49
5
-44
-29
37
103
45
-51
-109
-66
-135
-185
-79
140
174
180
74
90
16
-25
-153
-172
-152
-121
-32
-52
73
148
319
231
161
-40
-95
-244
-310
-262
-158
79
129
202
194
164
64
20
-118
-122
-92
-87
-82
18
84
44
51
53
43
-42
56
-15
-3
-60
-141
-65
-39
53
99
116
78
51
0
-76
-124
-115
-78
-34
-4
-29
92
93
93
129
81
-2
-35
-37
-126
-43
-1
64
80
43
-13
-45
-16
-92
-29
-37
-22
11
104
9
37
53
74
67
-46
-57
-181
-147
-158
-68
-16
143
225
269
246
89
5
-175
-211
-234
-221
-209
-59
115
175
344
257
260
135
26
-132
-286
-331
-231
-102
-173
-40
74
223
313
286
319
241
31
-102
-280
-519
-442
-311
-184
61
336
499
571
372
172
-83
-282
-509
-591
-423
-156
213
350
372
259
265
166
1
-84
-198
-275
-186
-128
-64
51
103
268
123
104
9
-27
-140
-243
-256
-281
-5
53
195
147
263
156
28
-107
-169
-191
-38
-12
-71
106
134
152
60
157
25
-36
-175
-218
-148
-113
-71
-25
115
152
232
129
40
70
-70
-194
-88
-104
-39
80
33
46
52
22
1
-54
-60
-6
63
18
5
15
2
-75
-36
38
65
127
-2
49
-120
-131
-182
-111
-9
95
210
195
222
19
8
-174
-234
-303
-74
18
46
169
235
224
49
28
-173
-159
-103
-77
69
38
125
79
144
-11
-74
-21
-89
81
-7
102
31
31
-87
-125
-189
-159
4
28
86
127
122
16
30
-22
-195
-174
-2
98
226
192
145
-70
-182
-223
-303
-285
-47
197
408
459
193
17
-158
-197
-215
-177
-82
-25
-40
52
165
116
211
105
88
2
-135
-85
-74
-159
-249
-64
-96
33
74
233
185
132
126
16
-15
-137
-80
-126
-126
-69
50
28
40
76
-19
-32
-131
-108
35
137
147
25
34
-5
117
9
-4
-25
-68
-21
-94
-85
-142
-13
-134
-101
-45
149
213
191
65
8
28
-48
-47
-184
-121
-43
72
78
131
85
8
-85
-158
-113
-23
74
156
200
167
166
34
-159
-332
-391
-284
-33
132
196
198
261
197
52
-82
-178
-169
-141
-76
-70
67
91
137
95
99
23
46
-15
-7
11
-7
48
0
4
-100
-119
-115
-173
44
150
160
111
183
18
-157
-237
-265
-115
-18
159
143
200
138
182
36
5
-205
-243
-199
-195
15
5
179
294
302
-50
-88
-74
-141
-58
-118
-78
-119
110
42
30
132
84
-19
75
-43
-145
-17
26
54
84
131
-20
84
-90
-92
-196
-103
-118
4
215
69
223
252
209
-94
70
-141
-322
-151
-277
-223
-59
33
134
191
142
89
92
90
45
-82
-172
-121
-217
-166
-40
88
275
188
269
259
175
-52
-360
-278
-402
-176
-125
2
35
336
432
415
284
-65
-248
-512
-421
-266
22
149
376
478
477
184
-170
-402
-374
-431
-168
-74
26
231
197
286
46
165
-122
-143
-319
-66
-68
43
237
107
230
120
154
-143
-122
-271
-194
-251
-149
93
190
363
284
184
-42
-37
-238
-243
-253
-140
118
265
197
164
127
22
-70
-73
-155
-115
35
80
7
16
111
62
-126
-43
-150
-25
43
-1
45
58
35
-164
-170
-260
-62
143
261
284
177
-48
-204
-219
-424
-194
-7
117
146
334
323
271
161
-119
-380
-485
-338
-185
159
250
485
400
302
-97
-306
-396
-292
-223
-90
116
205
325
182
53
-120
-213
-287
-135
-8
123
184
274
280
224
120
113
-81
-236
-266
-166
-217
-83
83
92
143
130
102
-20
-73
-121
-99
-100
111
48
106
150
61
-4
-220
-370
-289
-137
41
169
243
273
227
307
139
87
-20
-215
-382
-489
-479
-335
-60
249
472
660
620
492
241
-191
-560
-801
-714
-526
-279
117
465
739
726
614
271
18
-283
-464
-623
-569
-429
-242
147
356
524
472
467
200
132
-237
-529
-620
-592
-284
-56
297
474
585
556
307
26
-254
-436
-568
-347
-108
66
336
324
291
137
-41
-201
-211
-116
-31
69
33
106
54
182
69
29
-12
-174
-160
-211
-126
-161
99
144
214
186
53
6
-52
-52
-193
-125
-274
-180
-105
97
304
378
398
335
170
-143
-285
-403
-342
-207
12
100
71
126
52
-10
1
71
84
65
103
71
5
-30
-52
-104
-221
-247
-227
-58
127
326
282
269
111
-45
-177
-261
-238
-160
-18
4
103
217
305
174
-104
-244
-217
-178
-77
-70
73
170
339
372
215
-54
-247
-260
-293
-274
-213
-102
116
202
391
361
229
13
-98
-330
-390
-255
-78
114
239
246
252
231
2
-196
-284
-279
-218
51
245
235
139
144
31
-160
-131
-218
-70
-3
119
-33
51
152
93
1
-115
-155
-281
-95
12
154
215
272
92
-58
-110
-187
-156
-156
-31
118
229
304
296
255
53
-112
-255
-454
-367
-190
10
166
301
294
79
23
7
-51
-97
-94
-60
-8
15
95
142
96
129
-71
-224
-211
-136
172
332
307
180
-131
-213
-249
-330
-299
-240
-109
66
296
320
282
211
-37
-220
-272
-243
-165
-61
60
205
336
285
3
-152
-247
-237
-166
-31
52
210
335
340
205
-71
-252
-303
-183
-113
47
141
207
257
194
-106
-285
-436
-377
-177
182
400
487
286
57
-38
-199
-168
-346
-261
-77
109
231
197
102
25
124
-19
-26
-97
-69
-41
-61
-67
-244
-82
-129
99
20
160
-69
-7
-183
-111
52
297
464
367
289
-148
-235
-498
-326
-195
-49
61
240
304
311
442
238
1
-148
-328
-364
-328
-110
-14
165
122
130
23
-54
-29
-48
44
42
-32
-10
139
90
114
31
-93
-100
-173
-175
-185
-29
40
189
168
155
138
63
-90
-228
-311
-234
-18
106
206
227
115
72
134
79
-84
-136
-181
-164
-49
164
208
179
192
-115
-232
-385
-299
-294
-114
130
257
329
254
92
-74
-100
-212
-223
-145
77
245
335
311
212
26
-93
-286
-417
-447
-237
-78
122
291
334
433
340
41
-173
-306
-336
-316
-164
-81
99
403
417
349
135
148
-215
-249
-394
-356
-140
80
335
318
171
-33
-28
-155
-145
-223
-160
-144
76
158
135
136
47
68
-56
-53
-125
-187
-203
-236
-5
173
351
365
358
178
27
-147
-330
-361
-342
-86
154
403
329
247
51
-73
-260
-350
-310
-139
105
268
218
129
1
-10
-9
66
25
-24
-156
-326
-224
-83
43
10
219
253
259
142
41
-68
-280
-222
-276
-94
71
146
131
131
-4
-48
16
-134
-27
-10
30
133
214
152
97
149
50
88
-116
-256
-366
-355
-228
42
281
366
465
286
112
-60
-263
-422
-426
-301
-226
40
94
205
333
329
318
206
19
-119
-253
-237
-198
-164
-69
-41
37
217
222
109
-2
-128
-203
-151
-141
-86
-13
61
17
92
57
21
-30
-123
-24
-41
133
21
46
11
-41
-19
24
-27
56
-3
-28
8
44
140
184
205
107
-57
-120
-214
-271
-166
-39
-121
83
384
554
654
393
-2
-278
-419
-525
-490
-485
-183
179
368
459
300
282
208
102
-187
-325
-523
-475
-293
-125
45
102
252
135
299
155
-1
-119
-277
-330
-260
-122
-76
176
282
308
239
110
-116
-206
-116
54
198
264
311
122
-9
-173
-250
-276
-236
-100
113
187
178
376
416
337
249
-215
-529
-535
-427
-287
15
421
605
657
278
-6
-420
-472
-494
-343
-340
-204
-32
161
302
155
139
-66
-12
-71
-52
-95
14
30
98
25
-83
26
9
161
139
240
277
251
124
-32
-163
-285
-129
-230
-39
128
372
524
422
178
-95
-263
-426
-528
-542
-401
-180
62
264
362
409
283
167
-25
-133
-345
-434
-362
-305
-84
14
168
269
338
341
219
-25
-173
-267
-299
-230
-201
-87
133
300
399
363
250
142
6
-78
-240
-240
-224
-127
31
232
272
215
211
153
23
-130
-270
-299
-261
-190
-68
99
232
294
260
176
80
-81
-191
-313
-311
-276
-120
33
101
151
63
57
47
57
-54
-170
-196
-193
-24
-25
59
86
183
250
291
246
45
-111
-280
-332
-299
-197
-66
100
182
220
267
127
84
32
-75
-249
-319
-225
-35
123
92
162
266
219
112
-58
-263
-233
-219
-65
17
61
147
246
307
198
137
-28
-118
-153
-165
-135
1
181
309
312
168
71
17
18
39
11
-44
7
46
46
10
-47
-109
-91
-116
-192
-212
-237
-265
-274
-264
-197
-71
38
113
102
103
100
-4
-150
-279
-348
-313
-331
-231
-111
85
263
342
346
310
321
238
207
38
-40
-49
13
107
227
356
457
574
552
428
182
-1
-179
-288
-257
-218
-74
87
248
355
348
173
-38
-153
-276
-368
-445
-382
-234
-86
-2
-6
-64
-208
-316
-515
-632
-705
-619
-531
-437
-351
-283
-194
-176
-163
-195
-274
-318
-321
-308
-263
-220
-132
28
213
451
591
686
772
795
812
776
772
827
929
1000
1024
1049
1078
1110
1125
1142
1036
828
539
273
-1
-195
-382
-566
-664
-728
-782
-859
-926
-1054
-1167
-1282
-1429
-1514
-1524
-1465
-1389
-1299
-1171
-969
-744
-525
-382
-326
-343
-326
-357
-395
-489
-513
-410
-227
65
364
668
934
1110
1155
1184
1107
1071
1064
1185
1411
1731
2078
2414
2752
2907
2912
2605
2144
1515
756
-35
-823
-1400
-1872
-2147
-2282
-2221
-1949
-1553
-1071
-698
-393
-228
-172
-281
-472
-752
-994
-1121
-1125
-1057
-877
-605
-358
-130
-91
-222
-483
-854
-1276
-1652
-1969
-2039
-1865
-1559
-1142
-679
-251
175
563
817
1016
1213
1352
1506
1709
1958
2200
2492
2749
2950
3132
3340
3496
3581
3427
2955
2191
1258
252
-752
-1709
-2537
-3083
-3317
-3215
-2905
-2433
-1882
-1277
-740
-332
-110
-19
-59
-228
-401
-550
-655
-668
-565
-379
-146
102
255
253
52
-252
-699
-1239
-1833
-2360
-2699
-2813
-2790
-2573
-2109
-1500
-778
-64
533
1043
1412
1597
1738
1926
2102
2242
2548
2893
3245
3536
3826
4023
4150
4141
3918
3410
2659
1665
540
-551
-1678
-2731
-3523
-3931
-3998
-3768
-3287
-2664
-1990
-1316
-720
-242
10
102
74
19
-108
-240
-321
-324
-215
-6
217
441
566
520
267
-224
-906
-1687
-2442
-3055
-3515
-3737
-3640
-3215
-2500
-1694
-802
78
874
1464
1887
2125
2280
2418
2569
2708
2957
3369
3890
4392
4783
4967
5013
4887
4483
3667
2465
1065
-384
-1786
-3104
-4242
-5052
-5416
-5356
-4862
-4089
-3177
-2246
-1347
-512
185
659
869
891
807
675
515
393
317
346
495
661
754
703
498
100
-480
-1213
-2012
-2741
-3303
-3744
-4032
-4006
-3668
-3058
-2221
-1234
-240
789
1714
2434
2920
3259
3424
3476
3520
3533
3658
3921
4313
4641
4925
5080
4991
4545
3625
2169
446
-1289
-2941
-4449
-5600
-6289
-6426
-6007
-5148
-4069
-2968
-1887
-875
-4
596
931
1071
1111
1072
989
934
918
922
941
1034
1180
1230
1139
897
484
-154
-969
-1866
-2701
-3419
-4042
-4495
-4660
-4393
-3792
-2951
-1891
-692
499
1563
2467
3136
3538
3731
3819
3823
3832
3944
4200
4537
4900
5190
5378
5404
5018
4094
2558
690
-1307
-3228
-5075
-6559
-7460
-7726
-7359
-6411
-5130
-3780
-2370
-1035
86
913
1441
1652
1713
1752
1698
1628
1569
1571
1624
1738
1839
1844
1723
1460
1016
319
-612
-1712
-2794
-3762
-4585
-5237
-5590
-5537
-5029
-4086
-2893
-1553
-177
1167
2378
3370
4015
4323
4400
4380
4328
4210
4171
4316
4624
4961
5279
5555
5580
5085
3862
1996
-182
-2462
-4692
-6687
-8170
-8957
-8910
-8085
-6650
-4950
-3177
-1448
64
1280
2044
2346
2327
2244
2151
2017
1969
2030
2159
2308
2478
2513
2328
1912
1353
643
-299
-1440
-2654
-3821
-4799
-5541
-6074
-6300
-6132
-5450
-4296
-2777
-1198
366
1860
3218
4260
4812
4994
4995
4933
4809
4678
4620
4690
4884
5149
5287
5312
5104
4332
2874
791
-1478
-3821
-5998
-7918
-9274
-9828
-9499
-8370
-6678
-4736
-2756
-829
903
2270
3133
3474
3504
3448
3296
3044
2850
2748
2712
2703
2708
2617
2294
1752
1015
154
-947
-2268
-3670
-4913
-5949
-6684
-7074
-7104
-6678
-5727
-4306
-2520
-611
1159
2729
4082
5063
5491
5497
5323
5061
4777
4571
4454
4447
4577
4743
4799
4777
4548
3803
2370
359
-1913
-4208
-6370
-8280
-9610
-10128
-9728
-8493
-6633
-4484
-2237
-96
1806
3309
4237
4547
4452
4252
3980
3608
3276
3032
2851
2723
2582
2355
1968
1363
546
-383
-1402
-2645
-4026
-5276
-6306
-7006
-7366
-7349
-6907
-5958
-4481
-2643
-639
1225
2878
4334
5376
5861
5842
5529
5029
4547
4212
3990
3881
3957
4202
4435
4620
4599
4203
3182
1412
-884
-3288
-5593
-7751
-9467
-10391
-10365
-9369
-7547
-5210
-2719
-309
1848
3638
4878
5371
5153
4651
4147
3598
3040
2599
2341
2191
2127
2028
1799
1360
659
-217
-1226
-2392
-3711
-5048
-6222
-7122
-7586
-7590
-7177
-6323
-4969
-3134
-994
1161
2995
4459
5588
6210
6208
5772
5088
4387
3843
3589
3469
3467
3643
3946
4203
4288
4211
3820
2825
1009
-1331
-3709
-5914
-7967
-9590
-10336
-10119
-8991
-7037
-4569
-1967
459
2543
4268
5451
5784
5377
4688
4054
3385
2715
2217
1968
1892
1867
1859
1701
1229
465
-465
-1588
-2927
-4341
-5653
-6778
-7586
-7904
-7651
-6901
-5784
-4290
-2370
-154
1950
3596
4842
5713
6057
5821
5162
4324
3558
3082
2964
3025
3191
3538
3983
4344
4404
4214
3781
2865
1132
-1235
-3621
-5732
-7621
-9147
-9858
-9625
-8530
-6667
-4250
-1715
608
2590
4222
5376
5726
5270
4512
3847
3214
2626
2242
2074
2017
2025
2016
1824
1305
430
-605
-1737
-3005
-4367
-5574
-6512
-7187
-7467
-7191
-6402
-5323
-3971
-2277
-325
1561
3094
4210
4963
5319
5140
4534
3766
2989
2453
2320
2534
2762
3053
3437
3813
3852
3582
3238
2751
1830
160
-1893
-3779
-5378
-6833
-7915
-8282
-7914
-6876
-5105
-2886
-676
1244
2845
4182
5056
5192
4725
4082
3535
3044
2664
2484
2382
2249
2148
1975
1538
732
-291
-1417
-2570
-3790
-4943
-5836
-6431
-6763
-6740
-6254
-5447
-4375
-3080
-1588
-43
1387
2545
3356
3853
4007
3790
3366
2867
2373
2074
2125
2420
2718
3026
3326
3463
3399
3096
2735
2438
1977
953
-632
-2231
-3611
-4824
-5879
-6556
-6723
-6245
-5041
-3296
-1484
136
1568
2858
3884
4421
4385
4035
3724
3494
3224
2981
2754
2407
2008
1563
960
99
-864
-1851
-2832
-3689
-4422
-4989
-5363
-5562
-5546
-5267
-4743
-4084
-3279
-2335
-1269
-174
854
1710
2356
2782
3005
3004
2810
2557
2359
2341
2472
2692
2863
2987
3063
3048
2949
2783
2703
2765
2703
2039
730
-672
-1984
-3348
-4746
-5824
-6402
-6374
-5589
-4219
-2644
-1088
407
1881
3219
4067
4280
4140
4011
3820
3440
2986
2505
1906
1275
722
157
-544
-1322
-2025
-2593
-3006
-3367
-3686
-3991
-4273
-4462
-4517
-4511
-4432
-4136
-3527
-2614
-1569
-481
635
1747
2700
3318
3574
3542
3304
2987
2757
2605
2490
2477
2543
2721
2873
2944
2960
3054
3338
3589
3326
2187
649
-836
-2293
-3907
-5482
-6634
-7107
-6768
-5675
-4131
-2423
-680
1042
2729
4132
4815
4812
4549
4220
3648
2876
2007
1148
425
-124
-581
-974
-1285
-1582
-1761
-1888
-2136
-2530
-2962
-3511
-4157
-4694
-5062
-5290
-5222
-4732
-3841
-2627
-1265
96
1456
2743
3637
4020
4055
3820
3350
2801
2430
2216
2123
2201
2435
2782
3066
3338
3510
3776
4127
4316
3796
2415
754
-863
-2558
-4465
-6165
-7298
-7615
-7023
-5695
-4001
-2103
-178
1641
3324
4546
4905
4616
4185
3597
2707
1740
851
88
-455
-678
-739
-776
-890
-987
-1073
-1252
-1670
-2250
-2889
-3621
-4347
-4932
-5313
-5467
-5243
-4574
-3445
-2064
-659
722
2126
3294
3952
4168
4095
3644
2995
2416
2061
1817
1775
1969
2381
2825
3116
3337
3538
3774
4069
4241
3797
2443
754
-790
-2371
-4213
-5966
-7100
-7414
-6913
-5726
-4074
-2241
-410
1324
2996
4193
4535
4182
3681
3066
2173
1186
398
-194
-573
-693
-604
-531
-612
-710
-757
-858
-1200
-1616
-2041
-2572
-3244
-3850
-4318
-4660
-4799
-4508
-3774
-2731
-1570
-276
1170
2580
3577
4030
4115
3845
3251
2557
1983
1537
1280
1357
1680
2074
2409
2718
3057
3414
3873
4329
4487
3896
2583
1133
-374
-2196
-4251
-6003
-7127
-7568
-7138
-5959
-4400
-2640
-781
1096
2771
3767
3911
3561
3081
2406
1491
676
61
-397
-537
-350
-82
100
292
541
680
598
289
-215
-926
-1830
-2877
-3915
-4845
-5572
-5910
-5676
-4856
-3668
-2193
-492
1303
2846
3835
4188
4050
3522
2724
1849
1109
631
503
771
1375
2134
2937
3740
4478
5107
5637
6034
6012
5160
3367
1320
-761
-3019
-5481
-7527
-8747
-9124
-8589
-7167
-5239
-3158
-1118
876
2638
3687
3805
3325
2786
2163
1396
719
297
146
408
973
1576
2016
2325
2477
2385
1925
1082
12
-1175
-2564
-4000
-5248
-6223
-6858
-6982
-6503
-5453
-3995
-2384
-751
834
2155
2967
3269
3144
2698
2070
1494
1095
978
1226
1833
2732
3689
4568
5300
5804
5992
5879
5685
5340
4492
2813
606
-1476
-3461
-5538
-7526
-8838
-9329
-9020
-7820
-5980
-3991
-2023
-91
1708
3084
3687
3603
3288
3033
2681
2276
2076
2038
2128
2490
2922
3057
2872
2545
2052
1263
182
-1122
-2490
-3765
-4960
-5978
-6674
-7053
-7138
-6747
-5803
-4537
-3178
-1776
-404
898
2012
2732
3021
3039
2946
2834
2746
2765
2912
3296
3870
4475
4909
5135
5077
4803
4395
3843
3223
2591
1781
458
-1239
-2868
-4307
-5700
-6946
-7694
-7757
-7198
-5969
-4277
-2504
-858
701
2157
3274
3801
3813
3613
3465
3277
2997
2749
2587
2483
2427
2355
2068
1515
835
87
-844
-1926
-3057
-4034
-4869
-5612
-6160
-6415
-6400
-6130
-5478
-4489
-3331
-2065
-718
594
1738
2682
3357
3697
3767
3699
3538
3371
3246
3202
3306
3549
3761
3801
3746
3582
3179
2597
2014
1438
1051
727
115
-970
-2010
-2784
-3517
-4315
-4948
-5221
-5058
-4372
-3328
-2222
-1170
-163
855
1881
2637
2908
2947
3048
3129
2990
2718
2343
1829
1408
1088
612
-106
-823
-1457
-2042
-2602
-3094
-3535
-3801
-3940
-4007
-3960
-3840
-3667
-3390
-2893
-2270
-1608
-867
-74
694
1446
2176
2744
3063
3240
3358
3350
3226
3069
2890
2703
2454
2236
2004
1756
1436
1166
1037
1032
1146
1479
1857
1826
1229
551
-57
-914
-2108
-3291
-4166
-4672
-4719
-4306
-3610
-2718
-1665
-422
892
1867
2357
2543
2603
2455
2045
1497
885
304
-72
-275
-404
-548
-614
-548
-409
-396
-534
-709
-826
-1050
-1402
-1861
-2414
-2917
-3222
-3396
-3467
-3263
-2726
-1962
-1046
-29
904
1769
2497
2923
3028
2936
2623
2201
1807
1525
1280
1207
1349
1637
1934
2218
2485
2793
3099
3436
3797
3840
3251
2220
1152
-107
-1699
-3444
-4915
-5940
-6383
-6177
-5473
-4532
-3402
-2088
-639
579
1270
1534
1670
1744
1625
1344
1086
905
894
1128
1446
1624
1675
1772
1842
1694
1315
742
92
-540
-1211
-1957
-2832
-3737
-4500
-4894
-5009
-4977
-4678
-3900
-2752
-1458
-193
897
1835
2588
3005
3077
2904
2544
2181
2062
2070
2077
2241
2622
3069
3431
3663
3697
3617
3516
3383
3280
3025
2320
1087
-176
-1383
-2830
-4458
-5851
-6765
-7227
-7104
-6369
-5288
-4053
-2679
-1184
292
1401
2030
2397
2736
2975
3033
3017
2980
2877
2870
2922
2777
2385
1948
1556
1027
319
-460
-1228
-1938
-2586
-3154
-3642
-4132
-4580
-4823
-4807
-4630
-4345
-3783
-2920
-1852
-729
339
1245
2048
2713
3117
3209
3161
3093
3079
3182
3270
3286
3337
3480
3470
3263
2902
2412
1867
1435
1090
863
734
435
-253
-1065
-1786
-2644
-3756
-4806
-5516
-5861
-5765
-5169
-4230
-3132
-1869
-451
966
2130
2892
3355
3698
3903
3801
3464
3069
2657
2284
1950
1512
911
328
-90
-484
-986
-1490
-1891
-2149
-2296
-2386
-2480
-2607
-2808
-3037
-3259
-3430
-3546
-3535
-3255
-2676
-1815
-799
232
1280
2306
3181
3782
4101
4181
4035
3782
3445
2980
2441
1946
1541
1156
719
299
-18
-175
-177
-65
264
779
1167
1080
574
-10
-785
-1883
-3089
-4069
-4724
-4990
-4673
-3877
-2895
-1797
-522
803
1930
2657
3038
3232
3322
3212
2886
2498
2046
1611
1313
1002
519
34
-234
-404
-608
-752
-796
-828
-891
-1009
-1220
-1632
-2263
-2945
-3520
-3983
-4270
-4194
-3721
-2961
-1880
-567
692
1796
2763
3544
3984
4027
3756
3322
2820
2210
1516
910
443
30
-254
-344
-318
-282
-78
303
697
1122
1645
2038
1967
1377
614
-221
-1275
-2508
-3581
-4251
-4558
-4420
-3763
-2810
-1798
-709
535
1682
2451
2845
3047
3106
2957
2591
2140
1643
1139
822
663
447
154
61
163
203
72
-105
-274
-491
-808
-1201
-1622
-2148
-2698
-3093
-3317
-3462
-3432
-3123
-2597
-1909
-1050
-97
742
1426
1967
2391
2613
2566
2329
2046
1701
1260
864
594
368
139
60
121
209
302
466
731
1056
1466
1967
2421
2466
1973
1261
464
-629
-2017
-3294
-4223
-4802
-4876
-4382
-3571
-2613
-1511
-233
1007
1923
2437
2707
2875
2887
2686
2356
1958
1560
1314
1167
929
639
497
549
626
609
549
488
374
144
-218
-731
-1437
-2263
-3055
-3780
-4375
-4750
-4779
-4458
-3801
-2816
-1611
-337
854
1897
2776
3375
3587
3482
3178
2707
2107
1525
987
500
159
40
27
109
299
557
813
1080
1319
1542
1725
1648
1073
173
-720
-1682
-2794
-3855
-4578
-4886
-4680
-3946
-2880
-1667
-329
1042
2300
3270
3797
3901
3762
3484
2998
2358
1708
1106
662
503
488
452
478
649
847
890
759
445
-4
-572
-1303
-2124
-2944
-3693
-4329
-4740
-4900
-4808
-4369
-3588
-2586
-1396
-88
1201
2344
3256
3836
4046
3921
3418
2625
1765
915
68
-627
-1037
-1198
-1184
-986
-672
-323
17
316
566
745
915
1134
1369
1413
1087
544
38
-506
-1203
-1898
-2305
-2383
-2138
-1499
-606
289
1090
1850
2467
2720
2567
2167
1672
1129
599
134
-194
-359
-286
3
324
556
719
897
970
837
527
119
-368
-887
-1451
-1992
-2488
-2898
-3163
-3251
-3165
-2912
-2443
-1781
-1071
-341
386
987
1389
1580
1545
1285
858
355
-138
-509
-733
-820
-698
-389
-24
343
743
1082
1272
1321
1292
1220
1136
1080
1178
1420
1543
1374
1099
905
619
91
-541
-1061
-1405
-1531
-1426
-1226
-1025
-766
-403
-14
262
356
394
493
661
789
898
1048
1190
1349
1580
1717
1596
1382
1207
967
568
138
-263
-642
-969
-1227
-1457
-1711
-1979
-2207
-2430
-2684
-2934
-3065
-3036
-2870
-2537
-2018
-1367
-657
29
641
1138
1450
1591
1638
1612
1471
1288
1127
933
695
500
350
185
70
79
166
373
733
1188
1733
2335
2763
2741
2325
1710
907
-120
-1265
-2296
-3009
-3270
-3094
-2629
-1977
-1159
-243
649
1387
1838
2007
2018
1963
1763
1438
1099
806
591
504
513
522
565
679
824
890
850
662
339
-73
-604
-1282
-2061
-2818
-3506
-4107
-4526
-4675
-4504
-4053
-3336
-2374
-1240
-94
941
1804
2397
2656
2630
2381
1950
1427
879
398
27
-207
-289
-229
-62
178
490
843
1162
1431
1703
1909
2101
2247
2239
1835
1133
410
-263
-1013
-1801
-2341
-2510
-2329
-1829
-1118
-406
274
926
1449
1693
1643
1402
1064
721
388
105
-28
-21
101
387
772
1088
1315
1484
1510
1310
946
435
-227
-966
-1705
-2407
-3019
-3523
-3888
-4051
-3997
-3739
-3273
-2603
-1828
-971
-62
786
1429
1825
1968
1854
1541
1085
583
122
-239
-466
-459
-236
88
423
809
1157
1425
1563
1587
1510
1420
1367
1367
1473
1496
1330
972
678
369
-41
-542
-937
-1127
-1083
-849
-525
-206
58
309
465
477
271
-26
-285
-430
-469
-417
-212
113
547
1029
1479
1753
1830
1756
1542
1136
566
-53
-707
-1327
-1868
-2269
-2583
-2822
-2971
-3000
-2905
-2707
-2446
-2126
-1735
-1225
-689
-220
142
402
551
586
532
416
290
262
314
396
569
840
1104
1280
1419
1495
1485
1394
1292
1200
1215
1304
1486
1747
1935
1850
1539
1208
780
167
-548
-1143
-1585
-1813
-1820
-1636
-1406
-1153
-829
-476
-199
-112
-75
10
181
339
517
773
1096
1424
1742
1995
2077
1974
1723
1406
943
349
-302
-910
-1464
-1990
-2405
-2708
-2984
-3213
-3325
-3312
-3192
-2954
-2595
-2120
-1524
-880
-269
262
675
929
1112
1226
1223
1147
1140
1171
1187
1222
1313
1365
1370
1375
1336
1233
1100
995
920
913
976
1161
1369
1369
1047
632
241
-290
-994
-1664
-2119
-2316
-2178
-1752
-1239
-686
-76
568
1080
1359
1397
1342
1273
1161
996
888
852
857
947
1095
1171
1114
985
792
491
48
-471
-1007
-1531
-2058
-2499
-2801
-3018
-3216
-3295
-3186
-2956
-2668
-2260
-1704
-1059
-388
245
783
1160
1388
1499
1490
1339
1104
928
833
756
685
691
774
849
902
920
910
826
735
656
628
631
759
960
1047
838
529
279
-20
-460
-918
-1191
-1262
-1083
-676
-201
212
603
979
1242
1226
959
629
345
95
-143
-249
-181
9
317
703
996
1151
1205
1142
878
440
-78
-608
-1126
-1625
-2045
-2328
-2501
-2606
-2641
-2591
-2473
-2248
-1914
-1538
-1149
-707
-234
173
455
619
721
773
757
668
605
625
676
752
866
980
1061
1150
1171
1084
973
883
811
764
829
977
1145
1166
930
594
274
-98
-603
-1079
-1391
-1489
-1324
-942
-523
-129
286
652
842
769
532
274
66
-98
-169
-71
184
553
1052
1551
1899
2035
1996
1769
1319
694
-36
-782
-1467
-2053
-2487
-2755
-2936
-2999
-2937
-2778
-2581
-2313
-1962
-1569
-1143
-652
-174
230
547
804
1034
1173
1210
1191
1213
1223
1221
1225
1250
1207
1154
1130
1068
899
724
660
652
692
778
871
762
392
-68
-500
-990
-1541
-2010
-2186
-2069
-1710
-1145
-474
203
784
1249
1527
1509
1226
873
607
406
260
309
573
960
1406
1797
2041
2074
1881
1439
779
-15
-874
-1682
-2340
-2845
-3157
-3225
-3125
-2932
-2651
-2313
-1982
-1676
-1369
-1065
-731
-383
-48
302
678
1031
1324
1546
1700
1754
1732
1658
1533
1379
1219
1064
924
746
592
491
442
422
455
638
787
718
254
-345
-928
-1500
-2140
-2660
-2894
-2738
-2210
-1394
-493
340
1111
1729
2155
2207
1936
1534
1201
932
721
679
861
1163
1543
1906
2080
1991
1646
1114
389
-472
-1361
-2100
-2607
-2889
-2983
-2866
-2667
-2468
-2248
-1987
-1796
-1735
-1660
-1465
-1147
-770
-376
61
589
1116
1576
1920
2106
2111
2021
1894
1641
1329
1075
919
796
725
736
763
758
768
848
934
845
401
-331
-1128
-1864
-2589
-3234
-3627
-3645
-3222
-2359
-1275
-257
668
1490
2097
2340
2247
1915
1541
1299
1224
1285
1492
1844
2264
2668
2840
2629
2068
1283
309
-767
-1794
-2622
-3179
-3366
-3180
-2768
-2287
-1878
-1566
-1402
-1412
-1605
-1853
-2041
-2053
-1796
-1259
-564
231
1112
1948
2587
2929
2984
2810
2484
2026
1554
1166
903
716
696
797
876
888
910
926
793
431
-233
-1201
-2171
-2942
-3532
-3970
-4108
-3809
-3059
-1969
-839
101
867
1470
1778
1823
1643
1349
1152
1283
1689
2180
2711
3235
3633
3753
3455
2699
1573
230
-1092
-2211
-3036
-3524
-3612
-3278
-2619
-1885
-1330
-1041
-946
-1075
-1459
-1953
-2381
-2575
-2392
-1769
-828
261
1415
2487
3246
3567
3466
3007
2346
1627
1024
674
617
695
878
1213
1506
1572
1422
1166
697
-39
-1076
-2224
-3170
-3759
-4062
-4073
-3712
-3006
-2002
-900
-2
495
712
722
559
299
27
-86
214
931
1855
2833
3707
4255
4421
4180
3372
2111
674
-730
-1929
-2672
-3006
-3007
-2644
-1973
-1293
-835
-638
-742
-1075
-1561
-2063
-2408
-2444
-2144
-1471
-483
627
1613
2354
2772
2821
2525
1997
1412
938
743
818
1145
1509
1865
2107
2195
1943
1449
822
23
-1002
-2112
-2951
-3395
-3483
-3389
-3002
-2371
-1577
-846
-286
-95
-240
-550
-873
-1098
-1199
-1072
-581
353
1450
2516
3395
3915
3919
3558
2844
1791
611
-464
-1239
-1630
-1630
-1469
-1106
-664
-351
-300
-427
-792
-1335
-1817
-2107
-2154
-1923
-1388
-704
116
850
1395
1656
1638
1338
945
633
469
536
880
1469
2043
2518
2749
2761
2446
1863
1147
386
-504
-1515
-2374
-2861
-2977
-2901
-2662
-2289
-1704
-1086
-554
-328
-404
-673
-942
-1090
-1117
-1018
-714
-63
849
1755
2402
2749
2722
2388
1777
993
125
-674
-1197
-1350
-1149
-835
-526
-301
-115
-95
-272
-588
-982
-1323
-1448
-1235
-825
-306
255
876
1362
1610
1526
1226
786
319
27
-7
249
659
1207
1696
2056
2136
2027
1714
1330
858
288
-421
-1205
-1828
-2162
-2291
-2403
-2365
-2080
-1534
-967
-521
-355
-327
-388
-456
-512
-517
-434
-146
446
1147
1698
1985
2024
1774
1322
612
-221
-1025
-1581
-1856
-1780
-1478
-1161
-829
-453
-175
-122
-217
-461
-687
-736
-548
-220
264
827
1376
1879
2198
2161
1834
1401
957
559
336
358
573
909
1201
1407
1490
1452
1246
924
420
-313
-1216
-1969
-2423
-2611
-2662
-2515
-2040
-1369
-639
-59
273
271
102
-98
-259
-399
-399
-191
317
981
1538
1825
1827
1567
994
289
-526
-1338
-1968
-2219
-2167
-1938
-1619
-1272
-911
-662
-608
-732
-859
-957
-901
-639
-195
387
1015
1600
2078
2388
2452
2315
2088
1819
1653
1669
1779
1829
1796
1700
1535
1304
961
577
164
-362
-1069
-1766
-2211
-2438
-2541
-2518
-2313
-1890
-1344
-810
-473
-371
-385
-366
-224
-7
258
596
1092
1636
2063
2164
1887
1339
665
-100
-894
-1582
-2063
-2283
-2222
-1991
-1766
-1570
-1438
-1396
-1419
-1485
-1530
-1432
-1075
-512
242
1105
1807
2209
2381
2361
2104
1634
1128
842
878
1220
1628
2000
2198
2309
2353
2238
1865
1211
398
-547
-1481
-2183
-2518
-2561
-2449
-2124
-1535
-818
-163
113
94
-62
-244
-338
-319
-150
93
572
1195
1650
1758
1511
1004
340
-453
-1332
-2032
-2370
-2392
-2181
-1688
-1183
-846
-659
-613
-760
-1077
-1350
-1486
-1316
-837
-168
567
1278
1768
2032
2145
2051
1722
1420
1366
1487
1687
1803
1753
1587
1406
1133
768
227
-522
-1286
-1832
-2056
-2001
-1761
-1442
-1056
-527
85
554
688
468
233
151
210
342
555
882
1301
1767
1997
1867
1351
602
-200
-993
-1777
-2439
-2749
-2764
-2543
-2216
-1927
-1818
-1709
-1563
-1415
-1256
-1059
-715
-34
809
1487
1957
2273
2389
2316
2165
1819
1438
1253
1337
1446
1467
1228
959
773
628
324
-158
-830
-1674
-2350
-2633
-2577
-2407
-2139
-1688
-945
-140
519
742
721
636
646
759
973
1179
1440
1874
2345
2492
2248
1663
852
54
-713
-1432
-2034
-2346
-2419
-2247
-2019
-1868
-1904
-1873
-1789
-1645
-1471
-1139
-629
12
710
1243
1559
1684
1695
1588
1541
1505
1519
1719
2034
2253
2197
2037
1731
1395
1020
352
-541
-1558
-2448
-3048
-3211
-3189
-3085
-2734
-2141
-1416
-636
-100
137
328
637
977
1343
1703
1955
2302
2636
2711
2368
1677
694
-221
-928
-1493
-1892
-2037
-1976
-1745
-1370
-1185
-1169
-1227
-1237
-1183
-1011
-813
-551
-45
523
960
1298
1565
1714
1877
2079
2214
2326
2420
2323
2030
1569
1036
574
273
-158
-799
-1514
-2212
-2643
-2757
-2729
-2680
-2482
-2035
-1415
-752
-319
-150
72
350
674
935
1144
1373
1668
1973
1958
1611
904
149
-363
-631
-829
-1038
-1142
-1161
-1119
-1119
-1323
-1636
-1857
-1843
-1532
-1082
-536
57
754
1384
1812
1988
1954
1876
1823
1833
1964
2112
2166
2138
2034
1829
1592
1411
993
293
-648
-1666
-2446
-2814
-2876
-2889
-2695
-2281
-1725
-1081
-690
-607
-593
-432
-241
-18
301
582
1005
1531
1812
1737
1423
975
515
147
-324
-890
-1253
-1503
-1677
-1826
-1948
-2051
-1887
-1512
-1069
-586
-128
275
651
941
1079
1153
1230
1396
1646
2014
2407
2775
2833
2621
2228
1793
1447
1209
727
48
-701
-1382
-1872
-2001
-2071
-2156
-1973
-1642
-1300
-990
-876
-963
-878
-702
-558
-323
67
400
899
1360
1509
1394
1188
836
446
68
-397
-800
-1037
-1244
-1466
-1575
-1633
-1652
-1549
-1302
-988
-641
-280
54
359
671
982
1294
1632
1960
2221
2503
2688
2528
2055
1501
972
572
323
53
-351
-711
-1066
-1259
-1242
-1198
-1222
-1192
-989
-813
-614
-538
-614
-584
-344
-25
241
491
629
727
810
626
302
-51
-417
-834
-1091
-1226
-1332
-1271
-1127
-1069
-1006
-964
-975
-940
-775
-531
-172
362
780
1172
1610
1989
2174
2246
2237
2168
2161
2076
1719
1296
894
609
451
288
-70
-576
-1033
-1468
-1796
-1940
-2005
-1898
-1627
-1318
-989
-686
-485
-355
-98
188
382
559
680
742
858
974
957
801
563
240
-64
-349
-712
-1136
-1457
-1695
-1809
-1873
-1967
-1953
-1742
-1356
-953
-524
-92
335
831
1303
1641
1900
2142
2418
2653
2745
2624
2365
2144
1992
1853
1617
1161
556
-160
-773
-1214
-1494
-1644
-1717
-1635
-1525
-1406
-1404
-1490
-1499
-1349
-1036
-736
-481
-211
121
490
743
843
795
711
583
361
41
-341
-659
-861
-969
-1082
-1205
-1317
-1337
-1239
-1054
-874
-657
-421
-123
213
569
869
1137
1451
1750
2033
2164
2128
1929
1728
1556
1444
1311
1086
756
334
-170
-701
-1067
-1251
-1279
-1202
-1035
-850
-698
-640
-679
-732
-671
-444
-73
283
524
709
905
996
837
491
114
-186
-426
-688
-986
-1233
-1378
-1428
-1458
-1536
-1582
-1471
-1197
-880
-601
-327
-14
337
648
872
1033
1183
1329
1456
1505
1465
1383
1337
1229
1027
794
572
443
347
105
-193
-394
-408
-386
-493
-677
-754
-601
-396
-341
-438
-467
-334
-70
125
199
293
444
660
782
802
701
468
165
-151
-393
-571
-761
-1003
-1168
-1147
-1031
-994
-1101
-1182
-1045
-677
-343
-180
-87
93
376
621
708
667
652
755
907
999
958
855
791
754
674
533
329
127
-30
-168
-308
-455
-597
-728
-795
-795
-739
-653
-543
-404
-212
51
326
554
714
870
1002
1062
1040
907
709
490
264
2
-267
-517
-752
-931
-1047
-1142
-1208
-1241
-1251
-1171
-1009
-830
-641
-403
-155
89
326
531
719
927
1119
1263
1366
1411
1380
1301
1205
1073
925
725
452
136
-182
-507
-815
-1057
-1242
-1362
-1392
-1335
-1232
-1118
-951
-720
-440
-171
66
326
597
832
958
1025
1056
1072
1021
911
772
565
318
59
-213
-482
-719
-948
-1132
-1238
-1272
-1224
-1121
-1001
-837
-633
-460
-292
-115
59
272
518
749
946
1083
1157
1164
1123
1039
950
855
724
536
343
155
-19
-141
-244
-355
-465
-526
-576
-590
-546
-478
-399
-295
-152
-29
83
142
175
231
254
235
199
187
148
89
-10
-131
-229
-307
-357
-409
-447
-476
-452
-361
-264
-238
-230
-196
-128
-37
24
18
65
176
296
351
313
234
169
165
128
61
6
13
10
-49
-127
-137
-114
-110
-128
-170
-168
-55
94
197
305
429
613
794
822
747
699
618
419
216
28
-92
-215
-341
-442
-490
-526
-539
-547
-600
-622
-599
-517
-413
-360
-313
-187
-5
176
200
163
311
579
749
752
645
521
466
376
82
-190
-349
-325
-287
-282
-472
-723
-804
-749
-588
-705
-946
-880
-487
-243
-79
67
398
1031
1402
1128
783
887
998
870
566
313
355
458
300
-97
-232
-113
-75
-196
-440
-666
-723
-913
-1196
-1367
-1137
-574
-146
81
141
364
870
1124
902
713
804
978
971
665
332
353
507
438
140
-149
-362
-592
-912
-1342
-1595
-1556
-1416
-1294
-1083
-788
-427
-83
107
213
408
632
746
773
743
756
854
934
879
827
762
638
472
227
-103
-357
-503
-597
-694
-777
-774
-674
-552
-478
-433
-378
-256
-171
-145
-91
60
272
455
633
833
1002
1070
1006
891
774
594
381
180
-35
-225
-372
-518
-641
-694
-764
-836
-868
-852
-825
-774
-677
-533
-327
-100
89
264
444
580
645
671
675
648
584
471
329
213
152
61
-77
-162
-163
-138
-120
-131
-205
-255
-316
-387
-477
-546
-570
-477
-319
-171
-24
138
312
452
520
511
486
462
432
398
366
305
233
173
89
-26
-186
-359
-458
-472
-482
-472
-451
-417
-343
-213
-120
-86
-54
25
133
260
358
371
379
414
437
434
412
317
226
166
140
104
-5
-112
-135
-126
-161
-231
-310
-338
-270
-244
-249
-206
-133
-6
103
112
109
151
172
169
129
47
-33
-76
-98
-124
-155
-237
-294
-309
-325
-352
-400
-420
-413
-357
-286
-182
-105
-72
4
54
97
154
213
296
470
660
764
809
808
794
712
589
404
224
65
5
-72
-210
-247
-267
-245
-285
-343
-357
-299
-230
-226
-168
-110
41
195
258
241
259
327
241
96
47
-41
-172
-266
-335
-354
-326
-313
-424
-440
-438
-457
-518
-625
-661
-595
-485
-436
-378
-186
11
129
202
181
273
425
512
511
568
685
740
762
655
556
577
601
479
295
178
117
61
-68
-211
-238
-177
-155
-210
-280
-192
-26
1
-42
-48
-40
69
112
-73
-158
-78
-28
-128
-194
-192
-142
-126
-151
-150
-198
-211
-230
-307
-385
-382
-389
-381
-371
-369
-288
-160
-54
-17
41
133
234
288
264
205
233
350
397
335
299
402
480
444
339
263
240
213
110
-56
-99
-8
77
78
7
58
169
202
74
-107
-131
-57
-44
-196
-326
-312
-190
-135
-216
-300
-229
-101
-76
-214
-350
-353
-313
-283
-322
-286
-171
-95
-38
38
17
3
106
138
85
103
197
204
214
260
248
232
258
250
221
201
187
161
150
138
108
54
48
136
214
171
76
114
176
152
87
39
3
4
49
4
-132
-212
-207
-220
-240
-276
-326
-301
-249
-259
-360
-440
-428
-363
-343
-368
-321
-167
3
42
-36
-40
108
265
246
107
123
304
380
258
126
139
207
242
198
127
120
181
165
105
67
43
51
32
59
72
109
148
181
194
150
124
123
121
81
42
11
21
43
-20
-122
-148
-159
-178
-224
-306
-389
-372
-359
-418
-465
-431
-342
-258
-181
-166
-145
-89
8
7
-22
21
120
198
191
167
214
314
296
238
230
266
266
222
129
63
78
95
73
28
11
33
77
69
27
7
5
30
56
36
21
65
118
140
137
118
92
82
48
15
-31
-103
-156
-178
-188
-220
-273
-310
-263
-204
-216
-286
-310
-298
-292
-286
-260
-196
-105
-20
11
41
101
148
164
176
193
202
193
188
191
208
225
227
228
221
214
190
137
73
20
2
-22
-56
-49
-12
12
20
45
72
75
65
42
47
60
39
-3
-35
-35
-32
-51
-85
-99
-84
-87
-136
-203
-254
-259
-250
-254
-258
-241
-194
-136
-113
-124
-98
-59
-40
-30
-29
-15
17
70
115
154
194
235
263
272
265
245
208
170
153
129
95
69
54
56
66
69
68
70
71
63
49
24
6
-14
-31
-60
-84
-89
-81
-82
-103
-121
-131
-150
-184
-206
-217
-209
-190
-169
-149
-123
-91
-64
-59
-65
-71
-56
-40
-43
-46
-17
41
77
92
104
125
156
175
173
172
172
167
154
143
135
121
105
100
125
148
156
147
143
138
122
83
39
12
-7
-30
-39
-37
-51
-85
-125
-163
-198
-224
-251
-273
-271
-241
-218
-203
-192
-172
-141
-100
-61
-42
-34
-26
-8
-8
-21
-15
-6
9
21
33
54
84
92
78
80
101
123
123
105
104
136
160
169
161
174
216
238
218
177
153
150
149
123
96
81
83
68
25
-30
-79
-118
-167
-212
-241
-258
-266
-276
-285
-278
-255
-217
-183
-151
-110
-73
-50
-38
-27
-27
-35
-24
-7
-1
-8
-8
-7
-2
1
-17
-37
-23
7
29
44
60
88
111
133
141
147
171
204
216
214
231
255
259
235
214
216
221
202
150
102
62
13
-56
-132
-194
-211
-207
-224
-252
-255
-235
-226
-242
-256
-236
-187
-136
-108
-81
-42
-8
9
10
-1
-8
8
23
11
-18
-37
-35
-25
-31
-50
-57
-36
-15
-25
-46
-49
-25
3
25
46
86
148
204
237
247
265
289
295
283
267
256
240
207
157
108
76
33
-25
-72
-105
-150
-211
-264
-302
-319
-318
-303
-270
-210
-138
-87
-55
-24
12
44
71
87
98
119
157
176
156
132
113
84
29
-35
-98
-143
-176
-210
-239
-252
-238
-214
-180
-138
-90
-46
-9
23
55
92
134
173
216
270
325
362
377
373
360
327
260
158
44
-57
-153
-255
-347
-400
-408
-395
-376
-352
-311
-251
-196
-160
-130
-82
-20
53
122
196
279
362
418
439
430
409
375
310
229
152
83
15
-63
-142
-194
-233
-262
-290
-313
-328
-327
-324
-326
-318
-281
-206
-114
-9
97
207
305
376
410
411
381
337
291
228
146
58
-14
-77
-144
-218
-278
-316
-332
-342
-366
-381
-365
-323
-274
-223
-156
-65
47
148
220
273
336
394
416
405
392
384
360
321
266
203
138
76
-3
-98
-185
-247
-298
-345
-368
-363
-338
-299
-250
-188
-119
-46
24
95
163
220
257
279
289
278
248
211
170
117
54
-12
-76
-133
-191
-254
-305
-322
-315
-305
-296
-268
-218
-164
-115
-70
-17
53
119
166
200
228
251
281
302
295
275
255
233
186
121
57
1
-48
-89
-135
-175
-196
-193
-186
-176
-156
-130
-100
-62
-22
15
47
83
125
158
170
169
167
155
126
87
49
9
-36
-78
-114
-150
-176
-189
-198
-203
-200
-187
-170
-150
-129
-99
-60
-26
6
39
83
128
164
187
200
206
206
197
168
136
106
81
56
26
-8
-36
-54
-70
-89
-112
-127
-130
-120
-104
-91
-74
-46
-6
26
46
63
78
81
75
59
34
8
-9
-22
-35
-44
-42
-40
-41
-41
-47
-54
-54
-53
-57
-52
-42
-33
-21
-2
23
47
71
92
107
115
122
118
106
92
80
74
66
50
35
28
19
3
-14
-39
-58
-67
-68
-77
-83
-73
-57
-44
-37
-31
-31
-30
-33
-46
-68
-83
-90
-96
-102
-98
-82
-61
-39
-22
-10
-3
8
16
14
14
25
35
44
50
63
77
95
104
108
108
109
104
92
75
64
56
51
42
32
25
27
26
18
5
-6
-9
-13
-15
-18
-19
-7
7
11
9
7
3
-10
-28
-55
-83
-105
-120
-137
-151
-152
-140
-127
-116
-106
-98
-88
-74
-64
-57
-42
-19
3
24
43
63
86
107
121
129
133
135
134
125
112
98
86
72
54
38
24
12
0
-13
-27
-37
-42
-43
-40
-33
-19
0
20
39
52
63
71
69
62
51
34
16
-5
-27
-48
-67
-80
-91
-107
-119
-127
-134
-136
-136
-133
-125
-111
-92
-73
-54
-30
3
32
57
79
104
125
144
157
162
161
161
156
141
117
92
68
41
11
-20
-50
-73
-90
-102
-110
-113
-105
-90
-74
-60
-43
-25
-9
4
11
