SAMPLES:	9127
BITSPERSAMPLE:	16
CHANNELS:	1
SAMPLERATE:	16000
NORMALIZED:	FALSE
3
-1
-6
-3
-1
-6
-9
-4
-4
-3
-3
-5
-6
-1
1
-1
-2
1
3
3
5
6
6
12
10
5
9
14
10
6
4
4
4
6
1
0
2
3
1
-2
-1
-7
-9
-9
-9
-9
-6
-9
-10
-9
-10
-7
-4
-9
-12
-7
0
2
1
-1
-5
-2
-1
2
2
-3
-5
2
6
5
4
1
2
5
5
-1
-3
3
4
-1
-1
1
6
7
3
-2
-3
-2
3
0
-4
0
6
2
4
9
13
16
15
11
6
6
7
7
5
2
-1
-1
-4
-6
-11
-11
-17
-15
-14
-18
-21
-23
-17
-19
-16
-21
-23
-17
-16
-21
-22
-13
-7
-2
-1
4
10
17
15
9
11
18
20
23
22
21
28
37
34
23
21
29
32
25
23
18
24
26
21
20
22
12
7
6
6
20
25
14
5
5
7
-3
-9
-13
-21
-25
-21
-18
-40
-30
-32
-41
-48
-44
-53
-59
-51
-49
-50
-51
-35
-30
-19
-7
-4
-3
7
8
14
27
31
35
30
28
13
-3
-26
-25
-33
-28
-15
-5
6
24
30
30
25
19
28
26
19
10
26
45
64
66
62
70
76
42
21
21
7
8
7
-8
-9
5
-6
-12
-14
-13
-14
-5
-23
-34
-51
-58
-68
-80
-71
-67
-46
-36
-18
-35
-43
-56
-59
-52
-45
-47
-37
-7
24
55
70
55
54
85
64
40
32
28
19
13
24
25
43
38
30
27
5
-17
-14
-21
-24
-10
4
3
-3
17
25
23
14
29
32
21
9
17
36
15
-8
16
15
-17
-42
-52
-61
-50
-36
-65
-83
-74
-52
-53
-43
-49
-48
-33
-6
20
13
30
39
33
30
36
27
8
21
13
-5
-8
-19
-25
-26
-12
-13
10
19
19
16
3
-1
-4
12
5
12
15
25
31
43
37
26
34
23
8
0
10
12
3
0
6
25
23
11
4
-14
-12
-20
8
-4
0
2
14
2
-6
22
5
-12
-35
-43
-56
-46
-46
-26
-3
26
31
43
56
58
51
48
45
77
59
46
70
86
73
48
40
11
4
1
-26
-48
-27
-24
-55
-74
-49
-37
-21
-27
-18
6
7
14
-11
-17
-9
40
2
-35
-87
-91
-94
-140
-213
-258
-254
-285
-365
-530
-588
-672
-812
-843
-506
-291
-545
-775
-161
767
810
-148
-654
316
1883
2269
1243
332
952
2253
2517
1284
362
603
881
346
-7
334
373
-416
-1601
-2045
-1314
14
-39
-1621
-2846
-2035
-127
885
251
-1279
-1782
-366
1560
1732
429
-543
-277
805
1700
1410
293
-184
218
592
454
135
-168
-480
-887
-1369
-1295
-957
-1246
-2192
-2230
-1203
-400
-849
-1847
-1833
-188
1409
1073
-306
-367
1454
3453
3659
2511
1411
1669
2863
4217
3516
474
-1819
101
3594
3195
-1039
-4477
-3737
-307
2005
-459
-4985
-5878
-2153
1217
954
-1690
-3996
-2935
819
3038
1125
-1158
-979
773
2155
2403
1170
-69
667
1756
1402
537
572
630
606
444
-234
-819
-235
9
-1063
-2236
-2191
-1928
-1733
-1796
-2040
-2127
-1639
-1469
-1931
-1753
-684
372
482
242
167
1214
2851
3472
2540
1766
2523
4020
4411
2847
1314
1615
2263
1112
-531
-14
1273
385
-2355
-3920
-3161
-820
298
-1937
-5114
-4786
-1236
1179
528
-2013
-3662
-1826
2174
3597
1289
-892
-488
1395
3127
3153
1229
-101
818
1841
1459
754
434
3
-104
-173
-660
-997
-1152
-1724
-2197
-1728
-2388
-3536
-2630
84
36
-2922
-4951
-3156
886
3063
656
-3306
-2800
2095
5875
4564
731
-1119
1793
6326
7481
3648
-342
-6
3504
5149
2265
-1916
-2233
1087
2332
-682
-4385
-4574
-1608
701
-1072
-4896
-5583
-2230
988
585
-2324
-4140
-2090
1946
3413
1031
-1369
-853
1650
3519
3030
1021
-46
1152
2490
2231
1060
417
217
388
349
-88
-866
-1688
-2097
-1649
-1356
-2959
-4371
-2669
534
-216
-4106
-5982
-2957
1599
2829
-941
-4690
-2758
3112
6145
3323
-944
-1464
2910
7369
7062
2473
-253
1481
4502
5146
2935
-559
-2320
-202
2649
1936
-1942
-4559
-3931
-1420
141
-1185
-4169
-5209
-2920
-188
4
-1536
-2777
-2189
114
2103
1442
-155
-166
1193
2242
2478
1977
1221
1485
2127
1897
1149
947
836
529
222
-269
-1491
-2195
-1578
-817
-2356
-4645
-4324
-808
666
-2426
-6295
-5455
-436
3074
1023
-3885
-4550
636
5960
5169
446
-1752
1596
6771
8015
4378
720
1296
4155
5544
4151
911
-1762
-925
2328
2853
-653
-4301
-4559
-2345
-196
-830
-3909
-5931
-4296
-1033
-45
-1487
-3221
-3143
-912
1612
1744
48
-462
670
2062
2761
2571
1633
1389
2172
2447
1818
1227
1091
566
-146
-840
-1109
-1193
-1678
-2760
-3174
-2143
-1664
-2727
-4177
-3979
-2160
-584
-1059
-2611
-2601
-383
2038
2272
828
-68
1512
4301
5396
3899
2464
2947
4568
4991
3362
1606
2187
2744
667
-1014
831
2239
-405
-3758
-4410
-2629
-235
191
-3488
-6857
-4910
-197
1251
-1066
-3952
-4469
-1067
2938
2807
-726
-1880
102
2402
3317
2662
809
261
1801
2602
1695
988
760
238
-196
-779
-1639
-1457
-758
-2288
-4574
-3693
-559
-173
-3142
-5429
-4038
-295
1847
-70
-3339
-3061
1201
4673
3667
432
-485
2548
6256
6851
3757
1489
2343
4562
4933
3555
1152
-907
-530
2117
2739
-491
-3911
-4208
-2158
-416
-682
-3470
-5761
-4609
-1330
-60
-1253
-3070
-3657
-1728
1499
2140
73
-1037
43
1684
2927
2834
1155
433
1767
2684
1886
978
482
245
153
-297
-1326
-1694
-1681
-2367
-2965
-2215
-1719
-2460
-3244
-3033
-2208
-1124
-817
-1490
-1658
-312
1275
1748
1433
1119
1806
3368
4434
3906
3227
3410
4148
4145
3146
2007
2239
2427
659
-1267
-251
1624
606
-2630
-4531
-3660
-1067
154
-2211
-5611
-5618
-1955
830
174
-2706
-4161
-2049
1819
3103
898
-1255
-726
1759
3480
3043
1108
196
1224
2448
2050
802
-25
-509
-773
-817
-973
-2090
-3111
-2733
-1383
-1184
-2554
-3816
-3266
-1205
55
-843
-2375
-1958
383
2212
2071
723
221
1760
4156
4828
3370
2123
2747
4281
4627
3097
1324
1443
2256
1240
-851
-574
1120
654
-2242
-4083
-3309
-900
256
-1780
-5172
-5329
-1684
1323
408
-2803
-4288
-2122
1928
3290
781
-1917
-1227
1563
3398
2716
552
-531
507
2062
2015
771
-619
-1378
-1232
-557
-889
-2293
-3060
-2018
-811
-1327
-2765
-3231
-2063
-389
16
-1157
-1818
-457
1581
2283
1457
662
1242
3058
4400
3966
2719
2522
3633
4189
3333
1945
1515
1997
1423
-462
-921
769
1211
-1315
-3863
-3722
-1437
279
-880
-4252
-5585
-2803
746
919
-1858
-4057
-3011
618
2922
1453
-1331
-1689
474
2600
2767
1057
-459
-260
1019
1499
850
-137
-1291
-1869
-1163
-304
-1396
-2928
-2533
-880
-702
-2042
-2872
-1997
-156
529
-557
-1643
-508
1805
2810
1615
449
1042
3032
4432
3948
2397
2013
3455
4523
3569
1543
923
1915
2103
204
-1186
-160
1086
-265
-2998
-4012
-2310
23
-153
-3128
-5367
-3798
-140
1235
-1025
-3889
-3624
-259
2534
1868
-857
-2012
-284
2200
2771
1260
-372
-356
708
1183
626
-431
-1384
-1646
-1100
-1125
-1987
-2230
-1208
-665
-1622
-2908
-2606
-538
1108
295
-1896
-2019
632
3267
2967
654
-573
1239
4314
5253
3273
1189
1719
4025
5058
3271
843
637
1987
1865
154
-496
382
456
-1179
-2939
-2909
-1247
27
-1366
-4056
-4592
-1937
629
229
-2448
-3963
-2233
1049
2320
371
-1779
-1454
1008
2661
2022
153
-721
169
1317
1216
-182
-1512
-1809
-971
-619
-1730
-2819
-1945
-415
-815
-2890
-3601
-1558
976
979
-1369
-2719
-729
2747
3695
1256
-998
188
3837
5846
4138
1124
867
3769
5881
4352
1062
44
1836
3056
1506
-647
-702
434
164
-1647
-2915
-2294
-799
-660
-2599
-4234
-3193
-496
422
-1312
-3316
-2886
-316
1665
1019
-1041
-1747
-208
1886
2285
915
-545
-518
573
1078
277
-827
-1529
-1931
-1871
-1081
-516
-1169
-2716
-3444
-2335
-291
343
-1130
-2610
-1823
695
2348
1608
-272
-546
1611
3894
3908
2209
1367
2517
4309
4864
3706
2010
1447
2405
3247
2058
-369
-913
866
1750
-247
-2818
-3223
-1437
115
-722
-3351
-4553
-2605
76
238
-1891
-3495
-2510
120
1675
635
-1283
-1490
181
1703
1665
460
-528
-307
586
741
-234
-1185
-1257
-1222
-1701
-2016
-1430
-827
-1520
-2974
-3237
-1504
305
85
-1768
-2454
-549
2212
2757
781
-820
495
3428
4615
3107
1309
1685
3854
5308
4287
2011
1177
2493
3496
2038
-397
-656
1120
1681
-361
-2730
-2828
-1056
208
-982
-3485
-4130
-1950
294
-90
-2276
-3451
-2042
533
1472
-24
-1672
-1202
710
1860
1212
-242
-902
-75
779
246
-901
-1235
-1238
-1627
-1577
-941
-910
-1963
-2960
-2845
-1391
50
-385
-2290
-2673
-461
1939
1998
167
-1017
390
3160
4202
2541
671
1196
3563
5094
4212
2157
1273
2274
3548
3120
888
-723
87
1830
1495
-930
-2755
-2222
-363
356
-1250
-3468
-3450
-1216
520
-187
-2284
-3216
-1639
871
1449
-207
-1706
-1145
672
1807
1176
-451
-1136
-338
536
312
-668
-1677
-2077
-1649
-872
-802
-1518
-2421
-2716
-1999
-881
-590
-1314
-1878
-1383
-68
1064
1189
437
97
1043
2417
2854
2323
1902
2145
2919
3476
3433
2860
2305
2195
2478
2165
921
107
765
1583
650
-1464
-2485
-1445
65
62
-1862
-3615
-3016
-571
681
-542
-2535
-2803
-951
1082
1234
-340
-1426
-762
865
1717
1150
-153
-775
-265
490
367
-655
-1565
-1772
-1603
-1575
-1511
-1392
-1592
-2370
-2882
-2227
-824
-256
-1111
-2092
-1555
459
2006
1523
-14
-246
1512
3440
3639
2357
1405
2038
3657
4471
3521
1864
1334
2340
2938
1756
-56
-181
1036
1177
-612
-2294
-2098
-666
-59
-1312
-3133
-3302
-1385
277
-330
-2260
-2752
-1143
936
1345
-71
-1349
-698
1124
1912
1055
-197
-481
110
592
251
-586
-1435
-1889
-1753
-1122
-844
-1595
-2824
-3154
-2074
-718
-607
-1801
-2655
-1725
388
1534
697
-604
-248
1747
3296
2925
1595
1229
2499
3996
4116
2965
2066
2189
2767
2939
2109
409
-474
649
1970
867
-1687
-2841
-1678
-98
16
-1877
-3785
-3313
-756
737
-548
-2773
-2937
-641
1623
1559
-349
-1441
-312
1646
2170
1001
-347
-505
451
1087
407
-854
-1510
-1544
-1451
-1395
-1462
-1742
-2248
-2674
-2637
-1909
-1060
-973
-1813
-2305
-1240
653
1430
550
-442
231
2195
3427
2800
1552
1611
3029
4178
3948
2789
1891
2039
2862
2930
1369
-433
-262
1376
1667
-481
-2718
-2737
-885
347
-784
-3299
-4159
-2111
492
500
-1777
-3238
-1916
914
2268
890
-1071
-956
1003
2465
2056
566
-371
84
1030
1152
185
-1079
-1781
-1475
-948
-1389
-2532
-2773
-2004
-1709
-2529
-3151
-2494
-1147
-645
-1410
-2086
-1170
801
1841
995
-93
576
2716
4018
3354
1971
1870
3349
4725
4402
2584
1296
1928
3118
2350
124
-602
681
1140
-561
-2505
-2546
-1193
-339
-1342
-3369
-3905
-1951
126
-211
-2122
-2907
-1365
1040
1961
687
-893
-499
1492
2724
2003
468
-231
483
1453
1192
-213
-1322
-1479
-1262
-1233
-1496
-1957
-2475
-2865
-2918
-2460
-1753
-1650
-2323
-2681
-1813
-284
517
137
-584
-196
1461
2967
2949
1961
1682
2720
4122
4452
3691
2842
2702
2889
3101
2803
1543
-27
-171
1027
1276
-437
-2469
-2883
-1729
-565
-1009
-2892
-4068
-2933
-705
29
-1375
-2788
-2109
175
1771
1336
-122
-499
823
2384
2496
1282
224
371
1187
1422
526
-809
-1420
-1222
-1126
-1655
-2298
-2590
-2614
-2691
-2831
-2822
-2513
-2108
-1953
-1951
-1624
-719
203
405
183
512
1664
2778
3031
2601
2509
3234
4235
4494
3816
3015
2813
3036
3134
2559
1022
-484
-239
1205
1118
-1279
-3464
-3258
-1387
-276
-1472
-3958
-4732
-2521
236
201
-2187
-3524
-1792
1252
2464
1011
-780
-402
1742
3187
2492
849
112
776
1602
1420
183
-1053
-1400
-1201
-1330
-1912
-2392
-2602
-2742
-2952
-3012
-2769
-2260
-2023
-2187
-2211
-1404
-192
452
215
-2
735
2242
3208
2900
2259
2553
3729
4477
4136
3191
2844
3240
3429
2799
1878
980
13
-355
362
842
-623
-2913
-3573
-2183
-644
-790
-2784
-4485
-3582
-735
833
-554
-2854
-2880
-177
2520
2530
364
-996
264
2673
3551
2046
-28
-438
857
1906
1171
-748
-2142
-2000
-1215
-1126
-2008
-2947
-3268
-2973
-2547
-2397
-2426
-2333
-2089
-1775
-1237
-531
98
362
404
648
1509
2638
3137
2782
2378
2688
3557
4119
3741
2815
2432
2760
2842
2218
1421
515
-456
-565
424
700
-993
-3039
-3208
-1599
-246
-761
-2828
-4116
-2812
-11
1018
-772
-2814
-2220
560
2624
1994
-178
-991
594
2613
2747
1098
-404
-316
790
1330
479
-1052
-2007
-1797
-1067
-1069
-2105
-3063
-2888
-2046
-1669
-2077
-2494
-2209
-1351
-726
-764
-898
-385
591
1163
1055
1036
1671
2582
2872
2511
2165
2481
3129
3277
2594
1991
2205
2557
2112
1188
764
516
-78
-326
235
264
-1006
-2287
-2173
-1084
-295
-866
-2498
-3288
-1835
397
701
-1194
-2695
-1590
1017
2283
973
-1062
-1204
750
2432
1889
-68
-1163
-321
1080
1115
-274
-1636
-1857
-1148
-544
-972
-2074
-2509
-1849
-1093
-1153
-1724
-1934
-1350
-608
-464
-775
-657
119
742
679
384
726
1574
2171
1977
1458
1389
2074
2797
2722
1922
1431
1928
2680
2465
1408
810
852
699
380
678
912
-47
-1573
-1890
-862
98
-232
-1879
-3312
-2638
-278
784
-884
-3018
-2858
-520
1461
1091
-1009
-2192
-922
1292
1930
530
-1095
-1130
314
1454
979
-491
-1385
-1044
-54
352
-473
-1707
-1919
-938
-102
-503
-1539
-1881
-1152
-274
-188
-831
-1231
-672
314
607
94
-122
503
1396
1670
1309
1043
1518
2327
2562
2138
1875
2333
2846
2597
1942
1731
1635
1013
658
1286
1609
284
-1491
-1841
-733
180
-480
-2606
-4086
-2935
-335
279
-2006
-4180
-3374
-461
1352
298
-2100
-2689
-524
1969
2092
199
-1154
-350
1585
2469
1406
-267
-811
60
1091
933
-447
-1588
-1358
-419
-217
-1041
-1907
-1955
-1357
-924
-1103
-1600
-1628
-1070
-557
-518
-519
-178
455
983
1185
1198
1414
2035
2645
2714
2494
2666
3247
3512
2965
2261
2273
2452
1637
567
738
1448
705
-1228
-2359
-1883
-866
-790
-2370
-4332
-4204
-1834
-365
-1712
-3917
-3935
-1568
754
710
-1205
-2165
-524
2036
2791
1460
50
359
1958
2995
2278
699
-172
248
1052
1045
-163
-1580
-1872
-1058
-542
-1252
-2459
-2866
-2188
-1407
-1434
-2145
-2383
-1653
-681
-391
-576
-388
485
1429
1761
1627
1735
2448
3216
3336
2903
2800
3337
3922
3582
2455
1735
2055
2083
781
-449
-96
564
-427
-2413
-3294
-2449
-1297
-1507
-3394
-4909
-3900
-1241
-336
-2133
-3939
-3013
-101
1779
965
-942
-1114
1013
3165
3121
1418
313
1045
2516
2880
1699
184
-388
70
645
246
-1141
-2217
-2066
-1358
-1349
-2108
-2746
-2599
-1978
-1636
-1744
-1861
-1455
-733
-328
-321
25
898
1684
1821
1707
2017
2753
3222
2971
2480
2514
3062
3293
2866
2133
1592
1451
1618
1190
-262
-1336
-665
380
-417
-2574
-3613
-2653
-1126
-888
-2473
-4242
-3754
-1122
522
-674
-2750
-2695
-270
2056
1996
120
-985
334
2629
3280
1803
197
241
1533
2377
1632
-30
-1030
-694
36
-3
-1058
-2202
-2344
-1553
-1057
-1550
-2315
-2393
-1748
-1040
-858
-1176
-1242
-632
253
562
448
585
1144
1659
1893
1854
1750
1873
2142
2236
2013
1847
1863
1988
1964
1654
1050
676
795
572
-348
-829
-147
224
-757
-2150
-2331
-1318
-419
-869
-2425
-3217
-1998
13
279
-1329
-2541
-1536
675
1779
789
-842
-881
829
2339
2023
524
-327
385
1667
1878
709
-558
-708
-60
314
-110
-970
-1676
-1721
-1091
-485
-732
-1633
-2140
-1667
-676
-178
-636
-1456
-1377
-289
750
694
-44
-344
468
1599
1877
1146
587
997
1939
2344
1897
1315
1444
2154
2362
1647
934
1036
1146
492
-86
358
781
-60
-1577
-2036
-1202
-290
-652
-2320
-3571
-2632
-396
200
-1614
-3275
-2399
119
1519
529
-1277
-1398
551
2452
2312
706
-216
623
2154
2560
1419
9
-287
454
1101
653
-614
-1482
-1194
-436
-432
-1296
-2040
-1964
-1467
-1232
-1484
-1795
-1681
-1220
-906
-907
-718
-182
361
424
385
751
1488
1896
1669
1417
1765
2536
2877
2534
2081
2121
2319
2173
1767
1202
313
-171
546
1110
-83
-2070
-2631
-1607
-598
-937
-2664
-4125
-3396
-940
100
-1539
-3414
-2816
-285
1568
1080
-690
-1194
527
2737
3081
1591
376
920
2360
2948
2078
584
-189
224
945
693
-599
-1646
-1642
-1165
-1188
-1832
-2435
-2516
-2269
-2073
-2095
-2058
-1742
-1426
-1307
-1134
-586
144
603
575
595
1089
1883
2332
2199
1921
2095
2697
3056
2822
2252
2076
2237
2059
1514
1102
534
-345
-521
234
229
-1352
-2816
-2666
-1495
-782
-1454
-3144
-3917
-2304
80
303
-1596
-2771
-1371
1217
2467
1380
-345
-295
1776
3554
3172
1419
409
1105
2474
2702
1308
-367
-863
-224
378
-117
-1585
-2671
-2389
-1487
-1390
-2257
-3037
-2910
-2174
-1585
-1590
-1886
-1840
-1158
-397
-153
-124
163
708
1107
1380
1523
1739
1984
2082
1978
1996
2195
2251
2035
1729
1650
1583
1216
824
697
281
-528
-731
1
244
-931
-2331
-2348
-1149
-193
-673
-2349
-3187
-1639
783
1015
-1038
-2337
-946
1640
2697
1392
-448
-368
1774
3448
2711
732
-168
741
2064
2067
535
-1002
-1184
-321
190
-480
-1823
-2565
-2107
-1252
-1254
-2146
-2806
-2505
-1715
-1301
-1475
-1792
-1622
-944
-340
-247
-319
-29
556
905
985
1117
1460
1737
1727
1530
1586
1964
2141
1810
1330
1363
1692
1608
996
626
476
87
-147
300
587
-307
-1602
-1790
-800
82
-271
-1752
-2718
-1651
505
1011
-702
-2220
-1301
1067
2286
1267
-432
-599
1155
2832
2539
818
-176
567
1914
2117
836
-605
-922
-135
403
-259
-1499
-2127
-2016
-1687
-1500
-1685
-2320
-2830
-2666
-1952
-1375
-1365
-1811
-2123
-1607
-371
458
122
-511
-267
913
1975
2077
1322
851
1409
2409
2697
2082
1411
1403
1999
2406
1974
999
604
901
734
-54
-182
446
262
-1030
-1924
-1425
-307
56
-1005
-2570
-2572
-508
1200
277
-1803
-2051
67
2192
2263
500
-737
285
2501
3304
1911
162
-12
1312
2330
1696
-135
-1338
-935
66
-17
-1259
-2460
-2773
-2279
-1710
-1813
-2578
-3170
-2968
-2214
-1588
-1461
-1756
-1948
-1501
-526
329
400
2
-6
814
1798
2172
1770
1298
1382
1909
2343
2313
1795
1204
1191
1719
2044
1492
481
118
552
615
24
-196
163
80
-678
-1212
-921
-146
228
-515
-1729
-1673
48
1348
528
-1155
-1269
490
2139
2031
476
-563
321
2130
2606
1245
-273
-360
742
1469
741
-846
-1791
-1391
-541
-638
-1741
-2645
-2710
-2240
-1782
-1765
-2247
-2649
-2447
-1781
-1187
-999
-1162
-1367
-1089
-218
604
593
72
24
768
1613
1832
1303
747
893
1580
1943
1597
992
802
1218
1738
1790
1253
632
739
1442
1419
471
208
1183
1621
567
-664
-489
625
1275
397
-1347
-1882
-192
1557
780
-1511
-2231
-477
1488
1526
-250
-1621
-885
1170
1957
610
-1070
-1109
219
1171
552
-988
-1812
-1168
-180
-310
-1410
-2163
-2033
-1496
-1211
-1411
-1867
-2087
-1897
-1546
-1262
-1133
-1159
-1368
-1351
-859
-149
49
-316
-580
-54
895
1333
1001
510
653
1383
1993
1904
1413
1234
1745
2479
2719
2279
1678
1649
2312
2570
1661
718
1152
2011
1548
0
-856
-322
589
446
-1116
-2542
-2030
-162
327
-1325
-2830
-2129
-162
892
141
-1322
-1538
38
1644
1406
-60
-815
-46
1152
1345
278
-922
-1064
-306
83
-584
-1578
-2013
-1851
-1539
-1494
-1907
-2380
-2494
-2253
-1930
-1694
-1638
-1771
-1828
-1444
-700
-193
-226
-311
77
826
1488
1723
1542
1469
1879
2455
2688
2521
2295
2306
2650
3010
2944
2354
1810
1971
2319
1781
576
317
1170
1331
-61
-1567
-1575
-453
167
-917
-2747
-3143
-1317
425
-243
-2288
-2752
-880
1185
1418
-136
-1358
-488
1661
2484
1177
-464
-525
769
1650
955
-652
-1602
-1164
-328
-550
-1761
-2604
-2531
-2176
-2073
-2205
-2425
-2559
-2494
-2229
-1770
-1257
-1055
-1269
-1298
-599
482
1028
722
411
910
2013
2643
2357
1640
1531
2189
2837
2698
1966
1451
1727
2380
2441
1802
1049
810
1184
1473
769
-298
-197
750
676
-692
-1644
-1145
-73
93
-1044
-2283
-1957
-142
888
-298
-1951
-1608
362
1657
1010
-621
-1200
112
1738
1587
-124
-1293
-718
551
796
-410
-1827
-2084
-1232
-636
-1136
-2217
-2751
-2260
-1394
-1120
-1656
-2169
-1894
-1057
-505
-532
-783
-749
-220
407
651
524
560
874
1241
1418
1450
1409
1393
1386
1367
1376
1484
1542
1345
1161
1290
1638
1757
1460
926
906
1412
1411
635
363
1014
1254
372
-586
-568
110
506
-153
-1505
-1972
-691
641
-22
-1795
-2241
-825
663
675
-736
-1838
-1153
646
1290
44
-1374
-1251
61
880
268
-1083
-1704
-1001
-63
-157
-1090
-1720
-1575
-967
-527
-737
-1347
-1598
-1199
-622
-421
-674
-1007
-996
-514
-5
64
-226
-255
90
562
833
832
666
693
1016
1348
1488
1463
1398
1466
1823
2185
2230
1891
1577
1715
2107
1836
980
810
1532
1593
367
-800
-707
120
367
-700
-2263
-2550
-1031
249
-673
-2559
-2807
-1082
527
434
-1041
-1976
-982
1019
1677
421
-910
-622
827
1701
1005
-486
-1132
-427
507
370
-835
-1774
-1538
-688
-507
-1230
-1989
-1955
-1358
-1029
-1265
-1617
-1556
-1153
-800
-768
-748
-440
-17
194
282
531
991
1337
1337
1207
1363
1865
2301
2183
1772
1766
2359
2775
2364
1534
1348
1828
1770
961
536
898
818
-126
-985
-934
-383
-254
-1151
-2410
-2387
-888
80
-905
-2345
-2180
-445
918
647
-704
-1323
-124
1643
1892
518
-574
-135
1171
1692
735
-733
-1167
-397
221
-260
-1376
-2049
-1831
-1184
-1049
-1681
-2325
-2290
-1714
-1305
-1366
-1610
-1616
-1259
-731
-383
-366
-303
29
487
855
1102
1220
1327
1499
1681
1796
1919
2032
2003
1901
1950
2190
2299
1930
1371
1330
1594
1288
578
504
907
663
-342
-982
-723
-110
-108
-1124
-2246
-1915
-316
339
-908
-2179
-1641
90
1098
504
-841
-1165
190
1695
1500
63
-735
-82
1078
1285
194
-1113
-1321
-522
30
-560
-1757
-2251
-1662
-965
-1162
-1963
-2370
-1905
-1244
-1169
-1581
-1672
-1179
-654
-599
-765
-530
94
540
484
407
766
1378
1621
1403
1209
1480
2004
2263
1982
1591
1744
2390
2546
1827
1240
1424
1606
1198
939
1078
874
106
-457
-412
-88
18
-637
-1815
-2060
-796
203
-632
-2040
-2066
-661
604
566
-628
-1404
-525
1150
1585
439
-625
-404
714
1402
801
-625
-1316
-687
123
-88
-1208
-2107
-1977
-1143
-825
-1551
-2477
-2470
-1633
-1072
-1369
-1930
-1893
-1201
-589
-569
-798
-602
65
639
737
762
1049
1499
1739
1749
1760
2014
2307
2320
2179
2172
2442
2575
2200
1695
1688
1636
1091
841
1277
1159
-48
-1010
-718
26
104
-865
-2214
-2486
-1019
346
-505
-2412
-2597
-724
914
774
-666
-1581
-596
1455
2101
668
-728
-373
1037
1736
958
-577
-1366
-746
252
-3
-1437
-2370
-1986
-1258
-1266
-1983
-2645
-2546
-1892
-1541
-1802
-1996
-1681
-1189
-957
-869
-546
-26
395
517
616
1096
1841
2109
1792
1635
2111
2702
2817
2406
1986
2050
2595
2798
2070
1230
1125
1238
930
830
881
209
-912
-1100
-437
-99
-562
-1579
-2342
-1836
-292
227
-1157
-2419
-1644
234
1152
519
-784
-1088
344
1998
1818
232
-614
133
1347
1514
349
-1089
-1366
-477
104
-694
-1994
-2408
-1845
-1347
-1593
-2291
-2654
-2337
-1790
-1621
-1746
-1634
-1249
-927
-758
-451
58
522
699
692
962
1619
2209
2163
1752
1696
2233
2771
2658
2000
1586
1996
2500
2155
1245
823
847
744
680
791
346
-656
-1121
-626
-110
-254
-1050
-1907
-1864
-590
394
-378
-1814
-1782
-229
993
830
-315
-1000
-225
1341
1764
634
-504
-338
667
1227
626
-684
-1442
-1021
-255
-436
-1424
-2155
-2074
-1661
-1469
-1710
-2095
-2242
-2009
-1691
-1431
-1180
-1021
-1040
-975
-464
301
748
629
415
701
1538
2197
2063
1494
1426
2047
2630
2563
2002
1629
1855
2197
2000
1461
1021
665
564
984
1176
298
-918
-1055
-232
296
-207
-1406
-2167
-1427
108
329
-1138
-2196
-1394
221
889
148
-1067
-1188
195
1444
1046
-248
-724
-4
913
954
29
-973
-1021
-313
-93
-814
-1541
-1513
-1228
-1261
-1537
-1688
-1612
-1492
-1588
-1752
-1534
-937
-633
-940
-1190
-595
437
859
451
78
562
1652
2232
1754
1123
1389
2347
2900
2487
1731
1676
2178
2398
2032
1284
563
642
1536
1677
289
-1120
-877
242
608
-390
-1898
-2392
-1090
420
-102
-2024
-2640
-1138
484
556
-724
-1753
-1186
567
1396
386
-868
-699
509
1269
832
-308
-930
-433
369
231
-693
-1265
-1057
-746
-807
-1163
-1433
-1433
-1353
-1475
-1557
-1277
-966
-1100
-1421
-1238
-468
181
162
-195
-92
706
1568
1707
1211
1023
1621
2460
2688
2323
1912
1862
2127
2442
2053
949
428
1257
1807
763
-781
-1048
-197
448
-106
-1678
-2568
-1505
148
-140
-1941
-2661
-1384
161
435
-623
-1653
-1199
462
1309
456
-654
-492
629
1404
1065
0
-558
36
816
539
-384
-772
-489
-305
-529
-978
-1214
-1117
-996
-1277
-1584
-1369
-941
-998
-1419
-1411
-805
-145
5
-265
-371
300
1275
1585
1142
958
1517
2300
2635
2348
1800
1660
2233
2531
1710
689
990
1740
1224
-272
-986
-461
289
54
-1377
-2581
-1940
-237
9
-1675
-2880
-1986
-159
548
-369
-1690
-1623
48
1383
826
-584
-863
266
1436
1375
298
-527
-193
741
958
82
-745
-616
-72
-92
-636
-1078
-1008
-759
-861
-1291
-1368
-955
-732
-1074
-1443
-1139
-353
107
-181
-542
-159
875
1478
1195
741
1009
1901
2590
2473
1651
1275
1846
2339
1736
1026
1097
1201
553
-183
-298
-134
-196
-822
-1754
-1989
-1025
-278
-1111
-2418
-2262
-822
178
-100
-1135
-1563
-521
1026
1231
68
-675
-43
1141
1575
878
-183
-437
400
1089
632
-321
-636
-323
-30
-134
-584
-908
-876
-758
-896
-992
-835
-743
-1011
-1237
-934
-363
-66
-299
-561
-274
619
1187
980
564
809
1596
2188
2081
1411
1123
1574
1999
1558
1000
1060
1124
538
-177
-305
-90
-111
-718
-1626
-1908
-1104
-373
-1019
-2231
-2303
-1079
-16
-77
-1009
-1582
-752
773
1225
225
-615
-148
1053
1636
1043
-58
-421
370
1109
744
-222
-612
-347
6
-44
-448
-866
-943
-748
-620
-652
-713
-772
-890
-846
-494
-113
-48
-223
-220
211
847
1129
928
745
1014
1724
2164
1740
990
961
1399
1518
1376
1145
530
-115
-46
401
269
-467
-1190
-1565
-1263
-497
-472
-1689
-2499
-1746
-490
-157
-768
-1575
-1556
-378
745
492
-548
-780
69
1071
1257
561
-264
-137
747
1138
597
-40
-171
-15
235
264
-68
-494
-611
-534
-396
-250
-313
-675
-919
-594
5
222
-56
-296
-96
531
1072
1041
653
625
1180
1788
1697
1076
744
901
1007
1088
1174
728
-236
-601
-60
365
-49
-968
-1718
-1615
-574
-7
-988
-2285
-2089
-815
-30
-324
-1207
-1699
-995
286
597
-277
-975
-604
330
890
540
-298
-529
93
679
623
211
-135
-139
197
560
512
170
-117
-107
166
492
496
39
-350
-141
432
710
509
139
162
671
1166
1174
858
727
953
1251
1234
987
617
267
353
913
938
-66
-1038
-906
-135
104
-613
-1752
-2124
-1153
-72
-506
-1897
-2293
-1245
-106
8
-807
-1533
-1152
66
638
4
-816
-770
-43
522
305
-435
-818
-473
81
213
-55
-415
-482
-185
262
413
179
-105
-60
376
863
945
550
278
602
1213
1461
1185
839
919
1404
1725
1562
1231
1192
1377
1386
1168
814
370
178
501
630
-89
-1048
-1202
-690
-380
-815
-1753
-2275
-1663
-655
-713
-1775
-2294
-1567
-501
-151
-668
-1354
-1219
-172
524
112
-651
-720
-150
402
285
-390
-850
-611
-121
-13
-340
-747
-789
-500
-150
-85
-236
-404
-287
136
562
680
536
509
826
1274
1558
1569
1458
1509
1810
2109
2163
2130
1990
1754
1589
1624
1393
879
655
844
583
-310
-882
-719
-466
-724
-1464
-2147
-2061
-1182
-790
-1595
-2471
-2125
-996
-381
-677
-1457
-1650
-793
306
262
-623
-1091
-555
226
379
-185
-909
-1013
-482
67
-163
-816
-1161
-852
-306
-64
-341
-744
-649
-63
467
486
222
232
670
1167
1373
1325
1311
1545
1901
2115
2177
2175
2024
1815
1793
1783
1468
1179
1216
1128
504
-103
-164
-3
-151
-712
-1398
-1584
-1013
-522
-1013
-1893
-1914
-1094
-456
-580
-1200
-1611
-1147
-229
2
-717
-1301
-1043
-432
-118
-407
-1055
-1355
-821
-218
-378
-1004
-1297
-978
-454
-289
-646
-928
-652
-73
156
4
17
375
787
1005
1074
1157
1439
1779
1856
1835
2005
2151
1989
1759
1632
1446
1310
1432
1338
653
-26
9
325
216
-395
-1102
-1351
-816
-199
-561
-1479
-1650
-849
-119
-88
-609
-1063
-790
53
423
-111
-731
-802
-342
105
-91
-850
-1194
-777
-390
-576
-1087
-1283
-1021
-677
-738
-1029
-1027
-611
-279
-383
-500
-203
291
551
519
448
729
1259
1559
1475
1349
1403
1624
1809
1582
1006
773
1209
1487
857
-83
-308
171
506
117
-838
-1396
-795
165
41
-1033
-1521
-872
52
315
-243
-947
-811
110
658
177
-621
-683
-97
273
4
-432
-603
-442
-268
-367
-486
-366
-276
-513
-690
-435
26
88
-349
-616
-229
453
706
345
-22
225
912
1295
1118
733
595
860
1197
1039
397
56
351
638
208
-493
-770
-541
-296
-498
-1127
-1490
-1020
-380
-469
-1023
-1109
-524
134
340
-5
-346
-45
704
915
346
-66
187
542
443
148
-94
-158
-128
-173
-307
-289
-158
-254
-487
-442
-30
212
8
-214
-7
517
904
826
531
556
1035
1477
1539
1246
987
1063
1322
1263
760
346
362
442
-7
-695
-1008
-888
-865
-1259
-1869
-2108
-1692
-1245
-1472
-2045
-2049
-1376
-728
-643
-952
-1068
-580
109
329
97
-98
40
462
880
820
383
123
387
807
917
562
160
181
618
932
684
225
169
550
900
885
608
446
670
981
1099
1098
1037
937
898
1005
974
767
620
669
498
12
-303
-248
-207
-537
-1073
-1511
-1424
-980
-986
-1645
-2103
-1759
-1106
-914
-1290
-1678
-1579
-1022
-491
-559
-1093
-1268
-665
13
53
-407
-744
-409
337
670
244
-170
114
823
1139
867
576
773
1309
1624
1450
1181
1303
1639
1742
1606
1499
1505
1570
1490
1202
889
854
965
874
330
-288
-459
-243
-232
-760
-1456
-1697
-1322
-961
-1211
-1869
-2162
-1707
-1067
-968
-1413
-1706
-1461
-832
-361
-636
-1215
-1106
-230
225
-148
-750
-684
38
616
347
-323
-289
569
1180
782
168
318
1107
1620
1379
805
779
1394
1819
1576
1154
1095
1335
1464
1204
728
525
747
924
538
-144
-416
-190
-36
-337
-919
-1314
-1121
-655
-665
-1237
-1617
-1360
-830
-606
-841
-1282
-1296
-756
-431
-757
-1084
-909
-652
-649
-818
-839
-671
-447
-516
-723
-519
75
411
150
1
449
1194
1577
1398
1106
1297
1938
2370
2227
1813
1704
1975
2156
1876
1261
845
918
1130
784
-99
-710
-656
-419
-663
-1399
-2030
-1941
-1379
-1278
-1853
-2359
-2101
-1426
-1000
-1141
-1543
-1429
-742
-238
-406
-559
-376
-61
51
10
-11
114
254
85
-107
82
522
537
144
-10
348
895
1074
731
329
582
1253
1597
1331
974
1023
1371
1607
1403
978
817
1144
1387
992
346
156
380
416
35
-567
-887
-719
-503
-802
-1450
-1732
-1456
-1149
-1265
-1645
-1881
-1687
-1254
-1075
-1337
-1531
-1297
-870
-631
-669
-792
-700
-325
17
105
90
205
459
748
944
1051
1143
1261
1366
1428
1532
1702
1783
1658
1446
1346
1363
1330
1070
759
625
629
433
65
-194
-273
-337
-543
-830
-999
-869
-746
-924
-1265
-1289
-964
-679
-745
-1058
-1124
-892
-649
-541
-483
-619
-793
-725
-424
-190
-258
-600
-855
-530
144
354
-144
-488
-80
663
1071
870
425
479
1189
1779
1704
1298
1088
1275
1621
1652
1217
785
798
1001
822
297
-42
-90
-85
-306
-794
-1191
-1084
-817
-998
-1531
-1759
-1449
-1031
-938
-1228
-1437
-1175
-591
-311
-499
-691
-448
9
242
125
-85
-52
216
402
303
123
139
339
492
464
377
383
519
658
710
730
830
951
902
781
759
852
874
810
725
683
626
501
361
290
272
121
-130
-319
-327
-363
-591
-906
-1062
-1044
-1028
-1112
-1299
-1432
-1410
-1285
-1197
-1192
-1179
-1069
-886
-695
-511
-346
-231
-95
84
319
573
761
840
915
1102
1325
1456
1430
1376
1429
1550
1516
1284
1042
916
854
672
351
99
1
-131
-446
-769
-888
-836
-842
-1030
-1239
-1233
-1016
-844
-856
-921
-824
-514
-168
-28
-126
-183
-1
280
365
261
142
140
231
227
70
-58
-40
-1
-43
-137
-141
-14
121
115
53
137
358
557
623
546
528
705
903
870
728
664
661
662
650
491
170
-78
-120
-154
-312
-519
-773
-988
-991
-894
-1013
-1223
-1224
-1055
-955
-923
-881
-783
-615
-445
-371
-302
-120
71
115
118
226
357
468
540
541
551
646
788
866
840
808
855
927
923
873
809
750
741
710
620
501
421
332
216
49
-144
-261
-328
-445
-637
-769
-808
-826
-907
-1028
-1064
-988
-889
-886
-880
-786
-592
-430
-363
-318
-177
-18
57
89
124
183
201
245
229
181
228
262
196
214
248
202
249
270
301
401
430
327
322
403
443
439
354
304
363
409
372
248
169
185
185
122
62
34
21
9
-57
-100
-120
-94
-75
-95
-124
-111
-82
-78
-86
-124
-141
-107
-113
-194
-240
-240
-258
-276
-329
-388
-385
-364
-377
-416
-439
-418
-362
-335
-324
-302
-230
-150
-87
-37
26
99
181
242
282
297
336
395
424
421
391
373
373
374
330
261
207
185
163
125
61
6
4
19
1
-37
-53
-28
19
42
37
51
103
162
192
183
178
207
233
215
163
122
85
36
-45
-134
-210
-279
-364
-448
-537
-614
-672
-714
-738
-744
-733
-696
-635
-581
-521
-434
-330
-231
-131
-35
79
206
322
412
491
577
665
725
741
747
765
789
779
721
662
630
586
499
393
301
242
185
105
8
-59
-97
-140
-215
-283
-311
-318
-349
-406
-435
-428
-415
-425
-438
-433
-418
-407
-397
-380
-359
-331
-292
-256
-243
-231
-207
-168
-128
-102
-75
-29
22
53
65
83
122
168
199
211
228
261
291
307
313
337
384
424
433
433
441
464
476
456
437
432
423
378
311
244
190
126
33
-72
-159
-238
-333
-435
-531
-607
-672
-725
-769
-792
-787
-768
-734
-689
-627
-559
-468
-367
-262
-154
-40
75
182
273
349
421
484
527
552
572
581
570
551
525
499
462
417
376
338
294
249
214
179
153
130
109
89
68
42
26
11
-14
-40
-57
-81
-109
-135
-167
-203
-239
-283
-327
-366
-407
-444
-475
-512
-539
-552
-560
-563
-559
-538
-503
-463
-417
-364
-291
-206
-119
-31
59
152
255
345
411
485
568
639
685
718
752
777
779
761
735
708
668
604
519
436
348
252
151
51
-37
-109
-181
-264
-330
-385
-430
-470
-506
-528
-532
-530
-527
-515
-502
-482
-458
-436
-420
-410
-400
-385
-369
-361
-345
-318
-286
-250
-214
-176
-130
-78
-26
29
91
154
229
298
360
422
488
545
588
625
667
708
728
733
724
716
684
635
570
502
432
350
269
186
98
5
-79
-161
-240
-321
-387
-438
-479
-522
-555
-574
-588
-604
-618
-616
-605
-596
-587
-563
-530
-494
-455
-409
-357
-299
-237
-168
-94
-29
37
104
168
221
263
302
340
375
398
425
446
466
483
491
491
492
483
467
448
426
399
370
332
287
243
194
133
76
29
-28
-73
-110
-142
-178
-213
-247
-277
-305
-335
-352
-358
-363
-369
-365
-361
-365
-360
-354
-345
-331
-314
-290
-263
-238
-216
-183
-156
-127
-89
-48
-7
35
75
118
165
203
243
287
328
363
390
409
425
429
426
411
389
363
322
280
238
188
133
83
39
-4
-52
-96
-133
-163
-193
-224
-238
-243
-248
-245
-234
-222
-208
-194
-178
-159
-145
-131
-118
-102
-91
-80
-65
-56
-51
-50
-41
-36
-33
-27
-15
-2
23
47
74
100
117
140
159
169
172
183
189
196
188
180
172
153
120
91
61
22
-11
-40
-65
-87
-106
-118
-119
-120
-122
-117
-104
-91
-75
-62
-39
-25
-7
7
19
28
37
39
40
42
38
33
26
15
2
-10
-27
-41
-53
-56
-60
-55
-50
-42
-34
-20
-7
3
17
26
37
47
54
57
60
54
48
37
25
14
0
-16
-33
-54
-69
-91
-115
-137
-152
-164
-168
-164
-153
-138
-120
-97
-69
-42
-17
14
49
87
117
149
176
199
215
225
232
236
233
230
225
216
201
181
157
132
105
76
48
17
-13
-45
-73
-102
-129
-152
-166
-176
-181
-186
-185
-185
-180
-181
-175
-171
-162
-152
-140
-123
-115
-107
-97
-87
-78
-68
-57
-39
-21
-3
16
34
53
69
86
97
111
118
122
125
125
126
120
121
120
120
120
123
125
126
122
121
119
113
108
105
105
97
83
64
44
24
-1
-31
-59
-85
-107
-125
-147
-166
-187
-202
-213
-223
-232
-231
-222
-206
-190
-173
-149
-121
-88
-54
-21
14
52
87
125
155
182
204
219
228
231
229
220
208
185
160
131
98
62
24
-13
-51
-84
-115
-137
-157
-169
-177
-180
-180
-178
-171
-160
-146
-129
-107
-84
-57
-34
-5
13
34
47
65
82
99
113
126
136
138
142
138
136
126
119
106
99
88
81
73
67
61
58
54
54
54
51
49
44
36
25
16
0
-11
-30
-44
-63
-83
-106
-129
-147
-165
-183
-201
-214
-224
-228
-230
-231
-227
-220
-209
-197
-180
-162
-141
-117
-90
-57
-28
5
44
86
129
169
209
244
277
304
331
351
360
369
375
379
376
361
343
323
296
258
211
160
110
59
5
-48
-104
-154
-197
-238
-276
-315
-346
-366
-381
-394
-403
-404
-392
-375
-360
-337
-308
-272
-231
-194
-158
-125
-92
-57
-26
-2
16
41
62
79
88
93
105
119
130
139
151
164
181
200
217
231
244
260
276
288
296
301
309
317
314
306
293
276
254
227
192
151
108
62
17
-30
-84
-135
-182
-228
-270
-308
-345
-369
-387
-396
-398
-395
-388
-365
-339
-308
-276
-242
-199
-157
-118
-87
-58
-32
-4
17
34
50
66
83
98
106
109
113
119
125
132
136
143
156
169
178
186
193
205
219
232
242
247
249
246
240
228
205
181
152
123
89
48
4
-36
-75
-113
-150
-188
-218
-234
-245
-252
-254
-252
-237
-217
-195
-177
-158
-128
-93
-59
-34
-12
19
53
81
96
101
104
109
108
95
70
45
32
25
7
-19
-49
-64
-69
-80
-95
-112
-114
-102
-83
-74
-64
-54
-27
8
28
36
38
51
73
85
73
55
42
43
36
15
-19
-44
-54
-54
-64
-85
-100
-86
-60
-45
-37
-29
6
53
94
121
145
179
224
262
276
278
291
306
315
298
264
237
218
185
134
74
24
-19
-66
-128
-194
-254
-297
-340
-386
-425
-444
-440
-428
-421
-417
-394
-360
-320
-287
-251
-201
-140
-80
-28
15
55
103
143
177
199
219
241
259
264
263
261
256
249
235
221
207
198
185
173
161
159
163
158
155
150
154
162
163
146
129
123
124
113
84
47
24
13
-4
-45
-97
-139
-164
-189
-236
-300
-349
-369
-379
-402
-440
-468
-463
-436
-417
-416
-406
-367
-300
-232
-183
-140
-72
18
104
172
221
273
343
412
453
468
474
492
516
516
488
452
427
405
373
316
249
190
148
104
47
-20
-72
-103
-131
-175
-225
-257
-265
-269
-288
-314
-320
-308
-296
-299
-308
-303
-274
-244
-238
-242
-230
-193
-159
-147
-153
-137
-88
-43
-27
-24
-2
51
105
128
126
145
192
241
259
254
255
290
330
334
316
301
309
323
316
275
241
227
220
196
151
103
66
40
-5
-58
-111
-153
-191
-230
-275
-311
-344
-376
-408
-429
-436
-439
-446
-443
-420
-382
-346
-325
-302
-253
-185
-124
-78
-33
34
122
198
239
270
324
394
440
449
441
457
490
496
459
408
382
373
351
286
204
150
128
93
19
-70
-118
-125
-142
-192
-251
-273
-256
-244
-262
-284
-285
-257
-225
-222
-236
-237
-214
-190
-188
-200
-199
-175
-155
-150
-153
-140
-114
-88
-73
-54
-24
15
52
86
123
168
217
261
295
327
359
388
407
407
404
397
390
372
341
301
263
220
169
109
41
-21
-79
-131
-179
-226
-270
-304
-328
-353
-372
-383
-385
-382
-372
-353
-331
-309
-290
-263
-222
-183
-158
-137
-107
-64
-24
-5
3
24
66
105
118
123
145
188
226
240
240
255
288
319
324
309
301
313
320
305
264
229
209
187
143
86
33
-9
-43
-91
-149
-200
-228
-248
-278
-318
-346
-351
-340
-336
-337
-331
-306
-268
-226
-199
-181
-153
-113
-69
-43
-33
-18
19
54
73
80
89
117
147
160
159
164
188
220
234
230
233
250
270
275
270
266
269
269
259
237
211
192
172
146
107
70
36
5
-32
-78
-120
-159
-195
-227
-255
-289
-324
-344
-347
-346
-347
-348
-338
-304
-267
-245
-225
-202
-168
-121
-81
-60
-37
-4
38
74
91
98
112
138
160
170
179
184
194
203
209
210
211
214
215
216
215
205
197
194
180
168
159
140
118
92
69
56
43
16
-17
-42
-59
-71
-92
-120
-143
-156
-169
-185
-204
-221
-229
-235
-239
-238
-229
-227
-221
-213
-203
-193
-183
-178
-158
-124
-98
-77
-61
-32
6
42
62
69
92
126
152
166
183
201
226
235
223
217
225
226
204
181
160
155
144
120
87
67
60
54
43
23
2
-3
5
4
-8
-29
-32
-17
-6
-21
-46
-56
-48
-44
-66
-98
-113
-112
-116
-140
-175
-196
-191
-179
-176
-188
-197
-183
-155
-143
-147
-146
-123
-84
-54
-39
-21
19
64
99
121
136
163
200
220
226
225
233
250
250
223
193
187
180
162
138
105
73
54
29
-4
-28
-63
-84
-100
-117
-140
-157
-167
-169
-168
-171
-178
-177
-166
-154
-141
-134
-130
-111
-77
-47
-32
-30
-8
33
67
69
60
69
101
123
114
99
104
127
142
135
110
107
129
141
131
106
99
115
127
112
84
66
59
61
47
16
-17
-37
-41
-54
-86
-118
-129
-137
-148
-168
-202
-221
-220
-218
-229
-239
-238
-220
-208
-199
-186
-164
-136
-113
-91
-67
-32
1
32
62
95
131
155
176
200
227
252
265
268
277
295
306
304
296
288
276
255
225
193
164
130
84
37
-4
-46
-94
-142
-180
-209
-238
-268
-296
-315
-327
-331
-335
-329
-317
-301
-279
-245
-206
-182
-165
-139
-93
-53
-21
2
39
82
113
136
158
176
180
187
192
189
184
180
178
182
173
153
146
148
135
117
106
102
101
99
87
82
79
68
46
25
12
6
-1
-17
-33
-41
-42
-51
-72
-103
-116
-128
-137
-151
-165
-173
-168
-162
-161
-177
-180
-148
-129
-122
-117
-86
-31
16
46
67
85
112
132
141
144
150
164
172
169
167
167
160
154
134
108
84
70
50
33
19
6
-12
-47
-74
-88
-95
-125
-161
-183
-189
-190
-189
-204
-204
-192
-169
-148
-145
-136
-114
-88
-48
-22
0
26
65
100
124
143
160
171
180
183
184
189
184
176
149
153
146
126
88
58
42
27
0
-41
-79
-93
-87
-102
-129
-151
-143
-127
-123
-118
-115
-110
-72
-53
-46
-65
-60
-44
-28
-11
-11
-1
9
28
34
18
-3
3
2
11
-2
15
28
40
60
59
58
51
60
65
57
58
51
69
98
86
73
61
72
76
59
29
-2
-14
-9
-9
-23
-44
-42
-24
-25
-67
-90
-110
-105
-77
-81
-78
-84
-59
-36
-34
-48
-58
-55
-48
-36
-45
-73
-55
-21
0
10
13
42
74
114
129
128
158
190
201
188
173
176
160
152
135
115
101
83
52
33
13
-24
-74
-123
-132
-154
-183
-191
-192
-191
-194
-223
-231
-230
-242
-245
-240
-212
-169
-108
-74
-46
-27
0
56
91
120
146
162
204
237
246
235
233
214
175
162
140
109
88
85
112
116
107
93
45
44
16
-37
-83
-91
-95
-77
-80
-85
-82
-65
-79
-112
-116
-124
-113
-111
-91
-95
-88
-72
-71
-70
-74
-88
-97
-113
-123
-121
-95
-80
-79
-57
-65
-69
-49
-45
-36
-29
-19
-9
39
108
147
194
240
278
311
304
295
292
294
270
252
252
240
217
198
181
149
99
39
21
-5
-49
-109
-146
-202
-186
-207
-229
-229
-249
-254
-264
-307
-380
-398
-922
-1287
-832
-1091
-1606
-299
1117
1189
906
967
589
654
1403
955
123
467
731
94
65
-124
40
267
-6
-160
-539
-674
-639
-328
-236
-375
-146
337
-115
-394
163
-18
-154
212
441
-188
120
66
-704
216
506
-623
-183
625
-522
-194
105
-600
131
509
-383
298
650
-470
124
1103
88
-185
730
-486
-775
549
-83
-672
-119
295
-6
32
225
-302
43
258
-139
213
-86
-76
347
-88
-454
-591
-679
-1452
-958
-638
-618
149
1004
460
-106
1011
1230
764
770
648
659
417
84
39
413
202
4
152
-691
-1348
-737
-405
-1071
-867
-302
-511
-525
-344
118
218
191
342
639
404
236
736
629
519
578
828
401
239
275
360
252
160
114
28
-342
-389
20
-367
-374
-224
-275
-500
81
-54
-409
-295
-320
-256
-203
-262
-391
31
-56
-90
12
-45
-54
248
129
210
246
-544
25
522
94
-212
172
116
-165
-147
-89
-16
-94
-7
-32
-22
-464
-136
294
-56
-164
260
188
-330
226
425
193
237
705
281
85
445
470
271
160
378
419
46
-270
195
-156
-382
-145
-186
-837
-717
-66
-252
-678
-369
82
-128
-117
-416
-20
3
-451
-339
46
-75
-265
-32
87
305
132
-25
-34
119
156
197
60
-296
-90
291
161
152
590
362
105
176
422
191
87
237
197
283
14
-165
-144
21
120
308
-42
-450
-112
-17
-334
-48
316
-200
-270
-48
-321
-468
11
-15
-213
-10
-256
-362
-352
-85
306
277
11
64
184
-173
-65
495
392
47
229
52
-289
-14
45
-28
220
126
-216
-256
78
157
12
92
277
51
-175
-63
26
-16
140
257
65
-69
-92
176
249
-43
-77
154
-275
-384
-28
-48
-43
84
40
-112
-106
-142
-133
113
63
-157
-121
-113
-219
-25
64
-48
-45
186
142
-191
-276
94
411
134
-45
247
287
12
308
316
-81
-79
158
123
-57
-88
85
96
-174
-72
21
-187
-357
-43
89
-185
-258
-143
-181
-347
-80
173
-59
-52
154
-19
-167
-42
-36
125
272
153
110
178
45
67
144
-20
-9
121
41
-133
-2
-80
-105
224
238
25
-20
-89
-271
-188
-86
-128
-7
192
4
-51
49
-39
0
205
138
2
-25
-83
49
127
61
-18
22
-29
-125
-149
-272
-290
-64
41
-151
-245
-177
-26
-55
-84
-28
5
-72
-58
41
39
214
219
135
149
90
36
114
130
98
256
215
-1
133
237
79
218
289
-34
-150
-88
-213
-257
-44
-51
-171
5
92
-6
-13
-70
-43
128
88
-49
18
-31
-165
110
146
-115
-139
86
72
-75
-127
-92
-70
-69
-43
-63
-63
-101
-45
-2
-50
-39
94
162
113
125
143
-42
-84
115
11
-24
36
-9
-112
-93
-24
-63
-51
5
82
49
-14
-17
69
-8
-45
86
73
26
30
41
-6
-34
81
184
176
105
102
83
1
-76
-97
-106
-127
-114
-75
-144
-201
-189
-143
-123
-59
-50
-65
77
79
23
73
97
1
72
134
19
-13
13
-37
59
132
52
48
18
-39
-13
11
-196
-215
-70
-122
-131
-32
-28
-56
18
-27
-38
55
40
-65
25
67
35
165
142
78
150
121
-44
-1
47
49
163
173
-13
13
118
45
-11
6
-17
-85
-64
-57
-40
34
101
139
131
-33
-174
-134
-39
-16
11
-75
-259
-210
-97
-153
-174
-99
-59
-35
-27
-117
-162
-12
124
165
180
139
-3
-6
143
163
95
57
94
122
112
45
7
1
36
151
95
-58
-62
79
107
77
45
-55
-103
-29
31
-21
-105
-176
-124
-65
-91
-125
-110
-78
3
111
82
-5
71
182
117
63
43
-26
-70
-45
-32
-43
-82
-159
-142
-81
-97
-159
-97
-64
-83
-55
-5
-22
-22
74
100
101
65
94
155
122
107
143
51
-62
16
29
-39
6
65
65
40
32
37
-26
-141
-109
-32
-73
-144
-79
-22
-95
-53
5
-53
-100
1
71
18
-49
-11
77
90
64
68
0
-37
87
107
-27
-24
69
40
18
31
36
16
-5
28
76
58
23
-7
33
104
93
38
-22
-58
0
40
4
-3
-2
-20
-33
-77
-112
-72
-44
-81
-66
-68
-88
-46
-64
-95
-35
22
9
-56
-117
-110
-24
48
27
12
23
56
53
53
91
126
121
138
148
100
77
106
157
155
129
52
8
17
17
-14
-13
-24
-61
-66
-61
-39
-43
-38
-24
-48
-118
-127
-76
-42
-10
-15
-85
-122
-86
-74
-103
-125
-80
-53
-83
-92
-72
-52
-17
20
14
19
20
-7
-22
0
31
85
100
77
84
71
45
75
124
100
78
87
94
82
69
43
54
80
89
82
27
-17
1
-24
-92
-83
-75
-89
-63
-44
-77
-104
-113
-90
-66
-67
-44
-33
-78
-57
-16
-57
-68
-34
-17
6
14
-9
-16
-15
23
71
41
9
37
50
63
67
33
13
8
1
34
62
69
78
61
48
64
50
8
31
100
137
104
55
32
48
67
86
70
15
-27
-31
-64
-105
-103
-103
-113
-119
-146
-178
-175
-160
-135
-139
-147
-132
-112
-114
-81
-58
-45
-3
29
39
70
110
143
151
108
121
179
203
190
153
115
138
129
81
42
15
27
60
33
-13
-38
-66
-44
-10
-25
-44
-42
-43
-18
-21
-19
30
58
65
68
19
-33
-13
24
48
36
-12
-54
-98
-144
-150
-142
-139
-114
-124
-162
-168
-170
-164
-133
-103
-79
-63
-50
-11
26
32
50
97
145
173
164
131
119
148
193
213
177
120
99
116
128
108
57
22
35
51
25
-27
-66
-64
-32
-26
-65
-109
-134
-118
-93
-112
-136
-134
-108
-81
-71
-80
-83
-84
-80
-55
-32
-20
-9
0
0
-4
-20
-23
-21
-22
-1
29
29
19
5
-3
15
45
69
89
107
126
134
103
74
75
83
92
93
63
29
16
7
8
7
4
12
9
-9
-16
-28
-35
-20
-16
-28
-43
-66
-74
-67
-67
-57
-53
-66
-70
-83
-106
-109
-99
-77
-33
-11
-4
2
5
24
52
55
63
79
97
122
125
107
98
99
105
109
79
48
33
29
34
28
1
-11
-2
13
20
-4
-47
-70
-72
-64
-63
-82
-93
-83
-69
-62
-72
-84
-66
-18
28
47
39
31
50
79
84
54
19
11
25
26
-2
-45
-69
-57
-39
-51
-99
-137
-133
-93
-54
-41
-43
-31
1
34
43
29
27
51
86
106
96
72
61
66
73
61
32
8
4
12
16
3
-14
-17
-10
-1
1
-12
-23
-21
-12
-4
-5
-16
-28
-28
-22
-20
-26
-40
-52
-52
-43
-35
-30
-29
-29
-25
-21
-17
-12
-7
3
14
17
17
19
24
33
38
36
38
45
58
65
57
45
37
43
51
45
23
1
-7
0
11
4
