SAMPLES:	9733
BITSPERSAMPLE:	16
CHANNELS:	1
SAMPLERATE:	16000
NORMALIZED:	FALSE
-97
-72
-2
63
64
39
80
83
84
12
-37
-79
-69
-58
-58
-51
-39
21
61
99
82
55
47
4
-47
-110
-119
-99
-58
-25
21
70
70
63
22
-12
-46
-61
-59
-45
-21
35
65
70
77
76
53
-8
-53
-58
-25
-50
-49
-15
56
69
45
80
29
-17
-57
-39
-82
-95
-95
-41
39
54
97
73
76
19
36
-38
-67
-92
-111
-55
-34
22
17
48
36
46
53
12
-14
-23
7
-29
-50
-53
-17
3
-8
20
13
37
23
41
28
8
-19
-21
-2
0
-20
-18
-12
-11
-1
7
35
42
47
22
7
-32
-11
-37
-34
-29
-23
-4
19
44
17
8
3
35
26
9
-43
-7
-6
-52
-47
-7
-12
-11
74
51
39
32
55
-15
-27
-22
-39
-41
-18
41
39
58
47
31
-3
2
-22
-25
-83
-66
-49
-15
-38
-28
30
65
82
61
40
-14
-12
-22
-11
-48
-33
-8
67
0
-36
-7
45
-2
-35
41
-28
-25
-31
42
-31
-12
14
28
30
11
81
87
78
-39
-57
-48
-34
-36
-52
-67
-38
37
39
-2
9
0
33
5
-8
-69
15
89
72
-6
-31
23
16
-59
-94
-10
-37
-10
4
65
16
79
69
31
-36
-59
-59
-102
-96
-103
-1
-21
39
21
40
54
55
53
47
45
-26
-36
-11
-19
-88
-38
83
82
31
22
-1
-59
-111
-61
-41
16
30
26
44
59
45
-16
-23
-6
47
-31
-97
-131
-40
-9
19
14
17
142
122
85
-30
-43
-88
-25
6
-56
-59
9
24
-6
-5
-23
24
92
85
43
23
-23
-91
-122
-62
-79
23
107
80
32
104
41
-32
-89
-109
-24
74
120
87
92
53
87
54
-50
-72
-41
-70
11
-13
-44
-41
24
-47
33
-21
-5
-74
15
47
45
49
2
-10
-133
-26
-93
-50
-37
140
80
14
47
27
-75
-156
-35
-55
40
36
126
113
39
64
50
5
-113
-102
-92
-27
-114
-47
38
117
151
69
124
39
33
-122
-149
-179
-59
-6
-44
37
43
167
99
108
-35
-2
-24
-85
-173
-150
-71
-49
99
108
141
147
112
-66
-85
-53
-75
-86
-5
5
84
144
60
-81
-65
-8
-41
-38
-80
17
76
63
-73
-10
50
80
84
-20
-44
-50
11
-116
-103
-29
27
44
45
40
-39
13
-43
64
21
107
-72
-68
-42
-59
-70
-181
47
118
245
41
130
111
59
-72
-154
-166
-142
-21
-66
53
53
128
152
187
8
-96
-38
-51
-75
-133
-63
-113
6
64
121
-1
-13
122
68
-29
-59
32
-64
34
-15
31
-36
-93
0
-21
72
20
103
12
82
-30
-69
-140
-146
-57
-8
137
67
222
139
105
-94
-25
-101
-153
-141
-33
88
0
88
36
25
1
97
13
-175
-97
-67
7
-28
77
69
85
136
12
26
-148
-100
-125
39
-8
-16
97
95
19
-84
43
-48
-41
13
141
55
29
138
12
-121
-197
-135
-178
-14
27
119
145
231
150
20
-8
-120
-168
-162
-24
-132
13
100
77
29
76
73
13
-52
-39
-18
-102
-124
-49
32
-57
-3
47
69
-27
-7
7
47
108
7
44
-33
-18
-68
-143
-139
-43
121
91
190
52
181
33
52
-67
-77
-140
-95
30
-91
61
32
75
-41
140
106
61
-39
-36
-72
-106
32
-85
-25
-16
95
-16
46
52
71
93
-26
15
-31
86
-150
-41
-192
14
-56
9
-75
-126
42
-18
143
-56
160
-82
70
21
115
-85
-42
-32
-104
5
-1
69
-75
104
55
184
-54
21
-41
-21
-124
11
38
-51
-17
-71
83
30
113
24
19
-147
-36
14
-55
-111
-9
152
130
126
-37
-78
-39
-46
-167
-62
-34
29
22
146
-75
-51
104
111
-17
-50
18
8
120
-64
-32
37
98
63
-8
-175
-204
-57
-16
-74
-9
132
183
155
107
-83
-136
-96
-35
-59
-50
56
65
80
54
109
-13
-12
-102
-50
-149
-3
37
104
-16
40
190
81
-106
-153
-11
-124
46
41
82
-58
37
11
9
-117
-46
-10
6
212
191
8
-223
2
-115
-69
-230
-22
14
270
158
91
175
67
-6
-179
-123
-258
-64
-106
8
15
125
164
177
61
0
-26
-69
-138
-132
-132
-99
-60
-23
196
149
96
174
237
32
-55
13
-50
-170
-112
-73
-40
24
97
-43
35
63
112
70
-13
-85
-75
73
-98
-66
-176
75
-20
131
67
73
-58
-65
0
-25
-125
-99
50
-78
26
163
168
-140
0
-53
5
-243
-58
-20
123
61
179
262
36
-94
-115
-79
-287
-9
-85
-20
148
295
147
-2
-1
-24
10
-68
-86
-137
-52
10
101
-137
8
141
232
-5
-59
-66
-90
-122
-149
-20
-15
238
197
61
3
-14
-54
-130
-65
-167
-95
46
120
133
4
100
-21
140
-30
-20
-89
50
21
-224
-216
-156
115
120
192
167
370
154
-101
-132
-221
-369
-163
-53
18
173
203
216
354
117
-89
-60
-157
-324
-265
-151
-34
147
276
292
132
135
30
-97
-208
-209
-236
-182
-65
-14
47
167
229
97
18
148
5
-91
-140
17
-168
-148
12
126
29
14
146
56
50
-130
24
-53
-37
-182
-4
-160
-42
60
75
118
141
97
78
98
-130
-21
-109
40
-16
-47
-339
-49
134
149
28
136
168
184
-10
-257
-177
-149
-68
73
115
80
63
73
-10
-252
-254
-197
-62
60
246
168
258
284
97
-161
-285
-173
-125
0
42
90
95
217
140
-103
-158
-92
35
-112
-17
9
-84
-16
107
97
131
34
-215
-86
118
-5
-231
32
194
162
17
-21
-43
-122
-124
15
13
60
57
12
-69
-5
-115
-71
15
70
118
49
-124
-143
96
-92
-106
95
354
130
-35
-87
-35
-85
-30
-125
127
213
144
-121
-152
-116
-10
108
34
47
38
116
-95
17
-76
-50
-135
252
154
-94
-105
113
132
-188
-117
20
357
132
-13
-229
-138
-254
-66
-36
64
201
241
202
8
-218
-409
-96
-26
-93
41
479
85
-105
11
245
-77
-201
-355
-240
-69
-21
12
174
472
349
363
-126
-201
-355
-342
-427
-95
0
221
512
551
218
-320
-112
-70
-205
-343
-187
-43
176
-43
14
16
134
309
224
-163
-86
97
-146
-338
-103
230
81
141
-37
-114
-163
129
27
-1
7
-17
93
-125
-38
46
146
-50
55
-32
-106
-176
-234
-120
208
407
132
300
263
41
-281
-188
-247
-268
-244
-123
204
317
202
149
220
29
-80
-147
-305
-265
-152
-147
-3
344
298
294
-50
-118
-182
-21
-230
-237
-184
1
213
236
170
82
285
8
141
12
-114
-183
-32
-297
-203
-268
-365
264
481
384
391
606
322
-113
-821
-762
-534
-356
-117
280
584
777
742
380
52
-83
-394
-602
-614
-697
-530
-115
235
617
843
741
414
203
7
-175
-795
-951
-719
-230
-81
169
528
657
623
419
323
-191
-468
-596
-486
-353
-132
-132
233
303
651
801
323
-118
-142
-422
-824
-548
-449
-65
524
851
384
588
303
-205
-564
-716
-606
-91
-8
-127
572
576
256
182
135
-430
-287
-161
-58
-222
-10
132
225
223
-115
-337
-61
125
-42
195
292
291
87
-247
-405
-85
-294
-157
239
272
335
388
-39
-245
169
-57
-185
-126
-273
28
86
-153
-136
170
-88
-32
-141
-224
133
113
-182
152
561
153
-162
-179
-227
-242
-369
-171
37
232
230
445
69
55
-38
-80
117
74
144
11
-169
-316
-13
67
58
57
124
80
229
200
-106
-145
-180
-300
-150
-245
61
399
237
75
290
-59
-276
-321
-119
8
84
148
71
275
75
-208
-184
-229
-177
-119
54
-66
293
473
99
-193
-133
-286
-70
-28
-171
64
171
376
185
-6
-463
211
146
152
-75
-60
174
147
116
-264
-336
-163
15
-77
-59
-68
296
362
148
-368
-111
159
-149
-139
-48
124
380
65
-152
-115
-94
-31
-2
40
-244
75
410
224
-149
-254
-107
100
-70
-295
-253
-67
-13
181
251
157
256
232
147
-396
-261
-184
-261
-260
-7
334
246
287
70
89
12
-74
-68
99
37
234
-139
55
-121
-273
-209
-192
-183
-145
376
373
28
-115
68
-152
58
-71
100
133
321
5
-136
-125
-111
-122
-49
-230
-139
75
247
286
341
131
-143
21
-326
-376
-420
-266
-93
460
199
62
309
564
-127
-3
-3
-451
-534
-338
-37
-80
377
383
472
245
-13
-288
-130
-342
-306
191
153
-65
119
51
-91
131
47
-88
-128
5
304
321
40
-74
26
-79
-158
-147
-324
39
112
26
304
78
19
87
27
-204
-187
-213
145
283
-48
-27
85
34
28
-301
-308
-20
162
220
204
67
155
308
-41
-182
-421
-238
-11
-228
-207
-46
224
296
214
-124
280
223
18
-101
-202
-145
-29
-266
-175
164
-214
58
442
375
-127
1
174
-94
-85
-157
-193
-155
316
291
21
-57
-94
-106
-136
-306
-225
138
173
322
245
78
26
-26
-353
-164
84
-63
44
-71
84
32
-90
-290
-175
10
121
367
312
115
10
-117
-221
-265
-399
22
64
153
83
290
224
235
204
-174
-123
-210
-269
-409
-301
-93
339
221
457
394
220
-10
-18
-373
-472
-190
-252
113
68
207
378
369
84
-23
-81
-387
-357
-314
-47
-69
91
288
324
391
77
5
-17
-261
-536
-352
-213
-103
154
478
273
365
312
88
-229
-393
-161
-89
-58
146
195
-14
33
-36
-59
-65
155
-175
132
245
17
-61
-150
-36
1
-102
-300
20
-14
-23
232
129
108
-91
-89
-34
-218
-248
-25
-25
171
134
39
179
128
174
-100
4
-168
-99
167
28
-205
-288
-131
3
-35
37
295
465
202
-5
100
-179
-212
-219
-194
-94
73
-14
134
102
212
198
236
-81
-68
-137
-419
-57
-2
18
-43
145
229
364
-192
-307
-140
-68
166
67
-183
203
156
86
142
-15
125
76
17
-404
-258
-147
-135
-19
-39
438
456
-169
49
17
-185
-424
-294
-126
2
64
215
147
365
249
108
87
-274
-363
-308
-374
-105
308
7
-20
509
428
-112
-117
-103
-73
102
-25
-85
56
-55
-73
-21
37
77
375
144
-118
-53
83
-167
-450
-186
132
171
230
281
134
38
-138
-208
-349
-427
-341
-367
21
331
307
435
551
243
-149
-249
-232
-235
-516
-612
-32
250
209
646
595
481
327
-316
-362
-557
-714
-345
-40
138
282
513
383
314
-29
-333
-90
261
-81
-344
140
135
-178
54
97
95
-49
-348
-84
-33
247
223
316
-155
-144
-108
-161
-31
-168
-66
340
136
23
67
-170
-319
-182
154
-77
-398
-307
360
473
158
191
464
428
15
-633
-577
-214
-71
-6
85
386
286
326
9
-45
-258
-332
-282
-330
-227
-91
172
530
546
385
165
-103
22
-452
-210
-191
-204
-120
186
-11
210
400
161
-71
55
-79
-407
-333
-62
-83
-33
222
-25
158
134
-14
-9
129
-231
-86
-2
-46
64
-147
-80
290
320
207
-134
23
-238
-431
-85
-157
145
388
196
-22
167
57
-148
-123
-123
32
84
-155
153
241
-43
113
-83
124
-322
-324
120
56
-198
-108
156
192
41
8
21
298
201
-141
63
289
360
-329
-369
-170
-277
-348
46
431
245
-5
268
201
-134
-329
-249
-175
-214
-110
-19
154
194
-61
99
31
-151
283
108
47
132
-223
-374
-460
-225
52
141
276
166
364
476
-142
-445
-87
253
102
-235
-291
34
-289
-109
159
434
172
221
285
280
-325
-756
-345
-201
-300
-123
399
546
284
239
184
-132
-161
-203
152
-161
-547
-519
143
303
286
321
270
80
-78
-419
-135
-46
31
219
-56
-145
41
299
169
42
-63
-92
275
-41
-522
-64
116
-148
-135
-72
113
511
243
-100
-127
191
125
-178
133
240
-57
-37
-121
-555
-364
-424
128
454
392
171
-20
251
-281
-208
-91
74
-323
-141
49
50
-96
59
323
457
250
-537
-124
124
-94
-573
-25
478
204
-143
-150
331
236
-67
-69
154
-435
-506
-351
114
79
404
545
506
282
-268
-43
-272
-559
-269
19
-96
-48
393
567
156
-281
177
145
-521
-396
-12
324
100
-146
56
-48
-207
-177
34
-120
2
375
596
123
-380
-367
12
-63
-515
359
449
163
173
160
-182
-860
-578
187
698
475
185
50
-112
-92
-508
-464
-499
-14
674
297
236
217
67
-47
-86
-248
-221
-25
97
-1
367
136
-283
-124
-38
-22
62
12
-110
182
-138
-355
87
200
-39
205
75
-198
-84
-119
-89
-77
60
468
143
-229
-218
51
37
200
161
140
203
-141
108
-442
-540
-86
30
64
726
657
133
66
-487
-580
-202
-455
-317
-45
72
380
502
204
236
410
433
-104
-829
-485
-442
-336
-144
559
488
506
302
225
-42
-471
-363
-543
-386
-481
-38
524
563
437
118
-249
53
-86
-103
222
189
1
-125
25
-393
-778
54
242
38
546
677
391
191
-69
-364
-474
-722
-532
-158
320
326
596
828
740
-2
-144
-539
-1012
-784
-477
-13
240
887
729
253
458
-59
-449
-568
-417
-243
-255
18
210
501
14
106
172
25
-98
-144
125
-116
-294
-1
44
-364
-443
98
365
15
143
333
355
9
-188
-280
-237
-196
-321
254
23
-173
167
237
160
19
-52
-108
-78
-308
-73
266
160
413
316
321
267
-56
-361
-182
-217
-295
220
192
-59
42
-12
13
-54
-257
-148
-89
135
-124
127
149
-256
-165
85
-101
-143
-100
-98
201
415
391
251
-103
-141
-565
-515
-229
-130
-116
160
413
532
446
330
185
-337
-463
-380
-524
-459
-203
289
596
815
800
496
348
117
-252
-624
-838
-564
-311
7
300
732
715
620
111
-114
-15
-583
-515
-556
-364
64
178
139
204
345
49
-25
4
-187
-193
-322
16
46
-2
139
166
118
-6
-262
-455
-556
-349
200
356
201
437
593
232
-284
-231
-239
-238
-297
-110
-17
-84
100
228
264
260
327
216
-13
38
-65
-170
-125
-146
-173
-52
-44
86
246
-146
-45
-134
-215
-59
152
-97
32
79
105
29
-106
60
33
224
78
58
183
12
-81
-111
-190
-313
38
-131
-43
255
207
302
344
222
-131
-151
-194
-332
-543
-178
-70
135
100
-51
62
137
-114
121
630
229
51
297
171
-531
-746
-464
-496
-674
-260
419
466
335
504
451
-1
-355
-226
-354
-696
-433
319
410
274
495
572
410
161
-142
-308
-364
-454
-226
146
305
188
304
395
48
-313
-394
-238
-126
-55
132
96
304
225
53
-71
-19
2
-184
-15
-92
-238
-253
-51
3
-78
-31
196
292
105
29
151
192
-36
-109
4
35
-18
202
184
-13
-112
-33
-12
31
98
73
38
-10
199
203
209
-51
-58
17
-316
-499
-413
-313
-145
52
4
259
240
-102
-117
87
-97
-322
-231
-62
-127
-171
-46
0
22
47
17
4
187
149
177
327
340
316
160
44
-79
-225
-348
-211
69
94
47
94
198
309
350
311
270
258
203
-69
-294
-390
-327
-152
-102
-206
-28
302
391
332
122
-35
-111
-474
-590
-587
-535
-477
-280
-51
-100
-31
48
26
-213
-259
-292
-326
-369
-326
-147
27
193
147
151
252
225
396
481
371
391
455
480
491
464
520
552
461
523
479
378
310
294
193
35
21
88
7
-78
-103
-138
-48
-183
-241
-384
-490
-562
-701
-723
-584
-566
-640
-503
-473
-598
-636
-559
-722
-891
-896
-840
-880
-772
-519
-378
-221
-123
-108
26
84
118
299
505
653
944
1131
1259
1379
1315
1272
1181
1219
1291
1448
1672
1688
1647
1709
1772
1574
1357
903
603
172
-309
-691
-928
-1192
-1391
-1344
-1288
-1305
-1332
-1188
-1089
-1155
-1357
-1558
-1716
-1809
-1922
-1952
-1876
-1722
-1543
-1324
-1092
-998
-936
-793
-756
-766
-839
-739
-532
-198
79
502
942
1261
1557
1809
1884
1855
2003
1987
2144
2412
2792
3074
3373
3541
3641
3395
2847
2181
1382
460
-448
-1112
-1619
-1978
-2029
-1960
-1695
-1332
-990
-628
-379
-113
-47
-137
-505
-828
-1263
-1738
-1995
-2249
-2326
-2360
-2135
-1927
-1530
-1304
-978
-776
-787
-906
-1177
-1366
-1687
-1856
-1947
-1811
-1581
-1127
-509
121
762
1432
2039
2435
2717
2870
2928
2998
2942
2843
2849
3024
3220
3510
3658
3719
3480
3005
2148
1220
120
-1035
-2016
-2530
-2790
-2931
-2665
-2166
-1518
-1010
-480
9
230
232
101
-239
-689
-1100
-1492
-1800
-1943
-1960
-1864
-1703
-1434
-1224
-1006
-761
-583
-563
-652
-737
-1016
-1421
-1883
-2168
-2311
-2426
-2430
-2134
-1513
-816
95
1038
1855
2613
3293
3654
3721
3664
3583
3416
3275
3250
3312
3473
3743
3852
3707
3251
2445
1377
399
-705
-1933
-2877
-3326
-3427
-3243
-2795
-2237
-1481
-780
-232
27
186
95
-234
-617
-1010
-1326
-1479
-1413
-1483
-1406
-1189
-1087
-1038
-958
-886
-997
-949
-995
-1235
-1420
-1559
-1892
-2134
-2191
-2406
-2477
-2116
-1558
-1152
-334
711
1527
2459
3359
3965
4393
4665
4653
4554
4321
3978
3816
3819
3715
3562
3471
3084
2239
1287
168
-1211
-2552
-3646
-4443
-4773
-4610
-4109
-3298
-2295
-1311
-519
180
575
565
380
-36
-543
-903
-1174
-1382
-1273
-977
-789
-529
-235
-283
-420
-486
-619
-866
-1084
-1195
-1506
-1756
-1971
-2264
-2486
-2490
-2451
-2131
-1402
-678
61
1071
2120
2937
3820
4540
4810
4937
4943
4711
4321
4130
3920
3767
3737
3549
3052
2410
1360
11
-1290
-2547
-3814
-4733
-5078
-5197
-4918
-4081
-2969
-2024
-1082
-265
345
706
813
509
172
-47
-418
-639
-613
-439
-319
-9
242
247
78
-92
-445
-837
-1149
-1531
-1967
-2294
-2498
-2790
-2922
-2833
-2689
-2451
-1932
-1252
-472
470
1405
2310
3336
4276
4800
5118
5322
5179
4948
4668
4306
3986
3869
3723
3379
2831
2022
812
-588
-1992
-3444
-4729
-5562
-5854
-5672
-5123
-4257
-2917
-1637
-668
166
1036
1496
1367
1162
938
605
165
-98
-143
9
140
259
404
448
118
-350
-728
-1211
-1835
-2278
-2532
-2900
-3122
-3142
-3140
-3117
-2915
-2630
-2102
-1386
-671
65
1145
2234
3118
4092
5034
5454
5605
5721
5466
4955
4566
4273
3881
3602
3346
2802
2004
845
-714
-2179
-3454
-4831
-5925
-6209
-5967
-5513
-4431
-2903
-1534
-345
802
1702
2227
2314
2021
1648
1346
957
556
493
498
421
519
555
318
-213
-684
-1248
-1827
-2470
-3100
-3391
-3595
-3945
-4144
-3896
-3675
-3548
-3151
-2513
-1840
-1055
-121
830
1904
2955
3906
4939
5713
5978
6021
6022
5596
4920
4491
4172
3679
3210
2755
1986
883
-493
-1978
-3322
-4590
-5764
-6360
-6161
-5684
-4868
-3349
-1610
-218
986
2144
2882
3104
2929
2526
2059
1664
1103
785
682
565
365
350
236
-236
-826
-1441
-2031
-2779
-3421
-3841
-4023
-4266
-4437
-4182
-3875
-3671
-3247
-2537
-1816
-1057
-208
795
1793
2696
3491
4354
5202
5571
5753
5893
5644
5021
4457
4030
3487
2934
2477
1952
1208
105
-1216
-2466
-3560
-4813
-5824
-6097
-5872
-5361
-4329
-2706
-1023
312
1550
2694
3396
3453
3164
2787
2285
1625
1147
908
702
470
450
576
274
-328
-941
-1696
-2616
-3344
-3897
-4392
-4622
-4525
-4349
-4087
-3530
-2954
-2381
-1744
-1125
-483
238
992
1681
2500
3353
4090
4803
5419
5654
5573
5334
4844
4161
3555
2974
2505
2200
1798
1166
409
-577
-1873
-3066
-4097
-5084
-5812
-5714
-5098
-4303
-3046
-1380
139
1278
2263
3045
3415
3269
2844
2355
1961
1408
919
741
583
261
3
-245
-752
-1498
-2342
-3123
-3686
-4216
-4666
-4637
-4329
-4208
-3887
-3110
-2544
-2237
-1626
-874
-370
145
878
1597
2358
3066
3755
4541
5168
5309
5305
5312
4821
4066
3572
3094
2442
2118
2004
1572
960
192
-888
-2076
-3029
-4056
-4936
-5162
-4969
-4520
-3576
-2089
-694
472
1544
2464
3061
3247
3048
2719
2309
1802
1335
980
595
111
-248
-645
-1194
-1836
-2558
-3252
-3850
-4278
-4620
-4613
-4333
-4010
-3576
-2880
-2285
-1904
-1321
-702
-307
54
658
1230
1800
2414
2960
3570
4252
4564
4685
4804
4572
4022
3591
3217
2561
2199
2234
2174
1809
1288
604
-451
-1627
-2756
-3810
-4713
-5118
-4992
-4395
-3514
-2205
-630
788
1867
2834
3715
3974
3636
3279
2827
2058
1285
659
30
-656
-1134
-1663
-2193
-2684
-3232
-3748
-3968
-4087
-4292
-4124
-3601
-3278
-3001
-2370
-1808
-1586
-1285
-795
-444
-106
370
860
1469
2078
2518
3074
3725
4021
4061
4238
4076
3523
3203
3014
2518
2175
2355
2410
2211
1915
1287
276
-856
-1939
-3126
-4142
-4719
-4815
-4354
-3524
-2410
-962
544
1750
2730
3576
3956
3702
3279
2718
1844
959
193
-543
-1222
-1745
-2188
-2617
-2855
-3154
-3501
-3594
-3506
-3592
-3478
-3021
-2738
-2726
-2339
-1752
-1639
-1477
-1039
-628
-294
233
761
1249
1861
2287
2654
3292
3714
3744
3918
3985
3547
3189
3187
2842
2396
2620
2891
2703
2484
2113
1190
-20
-1112
-2309
-3495
-4372
-4775
-4556
-3846
-2842
-1479
98
1398
2461
3420
3901
3686
3244
2606
1658
619
-275
-1138
-1918
-2371
-2656
-2902
-2983
-3046
-3248
-3307
-3163
-3282
-3377
-3007
-2722
-2806
-2608
-2018
-1753
-1680
-1306
-816
-434
11
541
1126
1708
2125
2562
3244
3793
3878
4023
4171
3822
3331
3162
2853
2307
2302
2659
2804
2765
2664
2141
1248
211
-989
-2216
-3282
-4114
-4406
-4019
-3357
-2392
-969
483
1513
2450
3282
3449
3039
2521
1753
714
-303
-1146
-1857
-2402
-2753
-2972
-3012
-3024
-3211
-3364
-3269
-3196
-3366
-3302
-2897
-2653
-2587
-2189
-1705
-1524
-1352
-966
-564
-180
260
736
1337
1934
2304
2683
3251
3557
3573
3712
3679
3261
2940
2830
2515
2248
2475
2942
3356
3597
3585
3172
2355
1104
-183
-1373
-2749
-3905
-4116
-3831
-3603
-2731
-1232
-86
638
1730
2546
2569
2235
1810
1113
181
-725
-1581
-2191
-2620
-3110
-3269
-3159
-3250
-3367
-3194
-2903
-2915
-2798
-2380
-2049
-1857
-1781
-1591
-1318
-1260
-1291
-1043
-648
-419
-152
445
985
1288
1692
2216
2671
2926
3152
3422
3428
3223
3124
3068
2841
2580
2748
3257
3713
4003
4113
3953
3244
2103
1004
-232
-1782
-3188
-3828
-3907
-3934
-3628
-2619
-1513
-764
31
1013
1508
1353
1123
877
319
-501
-1216
-1703
-2172
-2556
-2611
-2517
-2588
-2663
-2506
-2411
-2344
-2216
-2102
-1915
-1525
-1335
-1340
-1014
-727
-936
-955
-562
-476
-490
-178
160
342
690
1095
1422
1899
2286
2481
2865
3135
3038
3148
3381
3202
3150
3711
4222
4442
4711
4753
4097
3105
1943
490
-1084
-2680
-4020
-4664
-4810
-4888
-4392
-3160
-2142
-1412
-252
777
1021
1058
1123
769
114
-413
-817
-1176
-1433
-1640
-1647
-1484
-1516
-1650
-1552
-1438
-1531
-1555
-1389
-1320
-1223
-1130
-1106
-1056
-1041
-1146
-1254
-1174
-1200
-1237
-1062
-828
-685
-346
217
795
1412
2025
2649
3113
3452
3676
3893
3943
3856
4018
4443
4797
5042
5240
5057
4246
2999
1556
0
-1731
-3523
-4857
-5489
-5809
-5793
-5056
-3877
-2821
-1775
-468
603
1124
1352
1480
1328
860
324
-28
-392
-784
-1078
-1078
-998
-1104
-1120
-1025
-1012
-1059
-1030
-921
-940
-1042
-1193
-1362
-1521
-1883
-2294
-2498
-2612
-2762
-2679
-2310
-1938
-1487
-710
116
925
1792
2624
3390
4010
4428
4722
4984
5047
4889
4938
5181
5215
5247
5272
4846
3894
2606
1110
-529
-2193
-3915
-5362
-6005
-6209
-6278
-5664
-4478
-3362
-2271
-832
394
1017
1512
1885
1869
1659
1356
946
547
228
-143
-342
-309
-479
-736
-663
-660
-838
-910
-956
-1238
-1485
-1648
-2125
-2639
-2886
-3344
-3774
-3760
-3689
-3618
-3096
-2315
-1645
-798
240
1141
2100
3158
3892
4486
5054
5347
5371
5444
5370
5071
4966
5051
4981
4877
4693
3957
2769
1416
-121
-1805
-3479
-5072
-6196
-6509
-6551
-6325
-5243
-3775
-2589
-1323
300
1454
1979
2481
2839
2673
2232
1844
1364
790
265
-52
-198
-378
-694
-846
-760
-975
-1355
-1527
-1765
-2295
-2744
-3088
-3687
-4280
-4538
-4758
-4886
-4678
-4277
-3656
-2711
-1685
-597
674
1957
3014
4132
5172
5742
6065
6297
6186
5822
5523
5132
4735
4582
4549
4494
4504
4182
3325
2172
770
-908
-2621
-4193
-5713
-6727
-6877
-6670
-6095
-4791
-3211
-1832
-397
1131
2132
2618
2987
3009
2649
2181
1622
970
494
116
-240
-418
-583
-937
-1218
-1372
-1775
-2196
-2496
-2993
-3529
-3780
-4148
-4790
-5078
-4977
-5028
-4852
-4115
-3285
-2418
-1205
130
1301
2554
3670
4474
5267
5893
6060
6135
6147
5730
5250
5010
4633
4107
3971
4003
3880
3776
3514
2728
1544
172
-1373
-2811
-4157
-5521
-6284
-6138
-5867
-5399
-4070
-2452
-1342
-176
1280
2169
2405
2619
2707
2373
1917
1452
958
532
87
-344
-624
-918
-1460
-1924
-2133
-2555
-3094
-3331
-3601
-4101
-4381
-4469
-4690
-4861
-4566
-4124
-3677
-2892
-1951
-921
276
1401
2366
3298
4129
4541
4861
5241
5277
5118
5077
4876
4428
4176
4002
3547
3152
3059
2934
2763
2610
2210
1431
491
-579
-1684
-2690
-3729
-4632
-4856
-4645
-4463
-3821
-2588
-1502
-724
351
1402
1866
2068
2287
2181
1777
1351
892
347
-218
-717
-1126
-1459
-1874
-2351
-2586
-2724
-3073
-3327
-3316
-3464
-3773
-3703
-3440
-3442
-3377
-2796
-2177
-1712
-999
-140
677
1436
2111
2680
3223
3539
3584
3770
3958
3753
3558
3577
3288
2776
2596
2514
2143
1901
1988
2102
2282
2535
2541
2235
1696
839
-50
-834
-1866
-2983
-3482
-3501
-3638
-3477
-2604
-1714
-1190
-430
526
1018
1128
1247
1231
928
513
103
-313
-752
-1270
-1593
-1650
-1857
-2221
-2288
-2254
-2448
-2572
-2413
-2379
-2526
-2396
-2034
-1849
-1756
-1388
-903
-595
-329
90
528
837
993
1228
1531
1667
1660
1817
2040
2031
2000
2196
2318
2198
2204
2419
2511
2539
2834
3231
3533
3828
4044
3891
3312
2428
1376
328
-859
-2198
-3156
-3517
-3828
-4045
-3593
-2873
-2466
-1964
-1129
-549
-394
-176
96
71
-147
-318
-497
-714
-951
-1121
-1098
-1091
-1218
-1191
-1003
-1004
-1127
-1025
-853
-989
-1077
-871
-835
-1090
-1236
-1106
-1084
-1237
-1284
-1192
-1075
-969
-689
-266
109
371
695
1154
1454
1608
1933
2395
2587
2746
3273
3772
3911
4108
4554
4790
4826
4981
4954
4371
3452
2357
1147
-109
-1531
-3022
-4118
-4697
-5188
-5434
-5056
-4481
-4006
-3305
-2374
-1609
-1038
-457
16
259
378
400
415
360
188
83
146
185
139
198
279
200
103
83
-39
-360
-684
-923
-1273
-1762
-2166
-2310
-2408
-2622
-2664
-2433
-2203
-2044
-1737
-1227
-760
-340
239
920
1544
2172
2943
3702
4252
4694
5137
5417
5396
5282
5150
4895
4540
4314
4099
3526
2661
1641
540
-674
-2029
-3412
-4614
-5424
-5920
-6183
-6027
-5524
-4922
-4171
-3164
-2143
-1305
-521
267
869
1248
1578
1833
1915
1833
1787
1778
1693
1479
1216
942
569
138
-228
-565
-1009
-1568
-1957
-2187
-2586
-3084
-3335
-3372
-3581
-3714
-3470
-3121
-2823
-2312
-1566
-759
82
1007
1952
2866
3693
4328
4950
5416
5511
5506
5515
5225
4703
4404
4156
3673
3357
3239
2823
2038
1170
98
-1170
-2330
-3530
-4836
-5741
-6114
-6400
-6448
-5871
-5004
-4223
-3200
-1906
-752
231
1159
2000
2588
2957
3175
3259
3171
2863
2510
2221
1786
1131
607
148
-508
-1159
-1619
-2088
-2720
-3196
-3423
-3632
-3911
-4091
-3982
-3779
-3650
-3402
-2817
-2150
-1545
-784
186
1083
1868
2742
3529
4091
4475
4846
5084
5088
4956
4755
4488
4047
3579
3168
2737
2217
1842
1653
1334
667
-96
-863
-1794
-2767
-3670
-4534
-5163
-5426
-5475
-5272
-4628
-3662
-2692
-1611
-353
761
1659
2450
3073
3397
3471
3400
3170
2793
2278
1660
1041
397
-277
-928
-1522
-2084
-2568
-2874
-3077
-3287
-3408
-3338
-3190
-3115
-2988
-2671
-2296
-2006
-1670
-1134
-551
-47
505
1169
1769
2240
2649
3009
3255
3392
3463
3516
3518
3420
3295
3158
2901
2523
2166
1796
1348
993
871
777
495
133
-336
-927
-1484
-2046
-2750
-3401
-3639
-3632
-3622
-3301
-2563
-1808
-1216
-462
419
1071
1485
1897
2158
2160
1995
1764
1399
878
343
-121
-538
-970
-1356
-1594
-1758
-1900
-1922
-1775
-1619
-1560
-1477
-1257
-1094
-1143
-1157
-1015
-950
-1063
-1033
-799
-591
-456
-119
336
699
1003
1422
1825
2073
2262
2510
2721
2760
2702
2600
2417
2055
1662
1333
1029
710
642
884
1082
1079
1079
969
505
-36
-519
-1236
-2135
-2687
-2929
-3259
-3379
-3048
-2606
-2265
-1692
-890
-254
228
701
1097
1291
1283
1192
1102
896
545
296
209
51
-154
-196
-189
-255
-228
-126
-78
-145
-279
-394
-580
-881
-1275
-1552
-1709
-1975
-2169
-2067
-1833
-1683
-1360
-786
-278
199
801
1344
1709
2049
2378
2574
2633
2570
2435
2270
2033
1721
1457
1270
1080
1104
1440
1790
1949
2041
1954
1519
917
268
-667
-1846
-2722
-3258
-3834
-4225
-4078
-3656
-3256
-2705
-1857
-1029
-378
257
912
1401
1596
1704
1847
1790
1510
1274
1150
904
597
476
418
270
205
300
282
124
-83
-354
-676
-1083
-1613
-2113
-2426
-2726
-3106
-3161
-2939
-2739
-2403
-1762
-1076
-489
241
969
1506
1955
2334
2552
2674
2690
2545
2344
2132
1798
1497
1402
1318
1261
1544
2080
2440
2628
2708
2402
1763
1071
120
-1186
-2404
-3246
-4020
-4662
-4729
-4355
-3903
-3334
-2405
-1326
-385
413
1144
1759
2109
2260
2367
2367
2115
1833
1713
1536
1200
988
936
781
591
539
470
204
-160
-548
-1049
-1612
-2202
-2808
-3348
-3725
-3980
-4040
-3858
-3544
-3116
-2420
-1576
-867
-155
664
1359
1830
2317
2716
2851
2874
2873
2722
2430
2139
1848
1588
1424
1336
1384
1755
2251
2570
2760
2747
2271
1483
664
-401
-1842
-3075
-3828
-4491
-5020
-4955
-4382
-3802
-3110
-2059
-842
151
982
1840
2565
2970
3165
3378
3418
3111
2733
2499
2116
1525
1092
847
519
163
-26
-220
-562
-977
-1377
-1863
-2431
-3009
-3523
-3884
-4145
-4301
-4208
-3852
-3372
-2806
-1993
-1081
-298
479
1263
1845
2183
2462
2662
2639
2493
2371
2164
1875
1581
1311
1152
1074
1068
1228
1647
2192
2607
2891
2922
2437
1659
778
-386
-1870
-3206
-4086
-4804
-5322
-5222
-4586
-3768
-2814
-1518
-43
1208
2238
3145
3852
4145
4044
3851
3489
2835
2120
1586
1029
400
-5
-153
-317
-435
-340
-283
-397
-628
-875
-1283
-1850
-2469
-3024
-3531
-3938
-4173
-4120
-3868
-3520
-2977
-2195
-1371
-630
137
902
1484
1830
2101
2257
2174
1988
1846
1685
1397
1181
1129
1104
1112
1276
1628
2061
2586
3066
3317
3194
2661
1787
769
-409
-1852
-3254
-4138
-4610
-4978
-4863
-4047
-3005
-2034
-814
611
1765
2570
3230
3689
3765
3536
3188
2725
2098
1441
1003
658
260
-12
22
130
156
293
480
421
87
-325
-813
-1536
-2430
-3263
-3978
-4568
-4936
-5011
-4795
-4395
-3789
-2903
-1910
-1023
-224
627
1328
1692
1923
2140
2181
2046
1939
1899
1780
1614
1590
1624
1674
1728
1924
2262
2648
3067
3362
3383
2974
2151
1168
89
-1263
-2744
-3898
-4480
-4871
-4970
-4353
-3308
-2269
-1122
355
1712
2571
3192
3684
3788
3495
3065
2594
1993
1339
879
673
465
259
248
442
557
562
646
603
204
-362
-927
-1716
-2775
-3769
-4564
-5266
-5783
-5943
-5733
-5237
-4495
-3503
-2328
-1129
-106
840
1714
2274
2517
2663
2677
2438
2159
2025
1878
1635
1533
1588
1676
1772
1951
2236
2563
2919
3255
3412
3220
2592
1633
577
-605
-1984
-3362
-4253
-4654
-4873
-4686
-3842
-2621
-1448
-170
1255
2454
3224
3745
4024
3884
3433
2872
2276
1549
852
425
213
30
-79
78
335
463
527
620
507
38
-647
-1425
-2423
-3599
-4733
-5623
-6237
-6597
-6556
-5999
-5074
-3992
-2730
-1288
60
1119
2015
2740
3012
2950
2841
2616
2188
1759
1511
1344
1232
1236
1412
1643
1879
2153
2525
2868
3165
3408
3467
3130
2310
1184
-30
-1250
-2609
-3903
-4648
-4758
-4632
-4102
-2937
-1450
-95
1218
2553
3533
4025
4163
4020
3523
2774
1978
1273
581
-48
-343
-279
-173
-63
301
756
976
1021
1006
724
23
-898
-1933
-3135
-4437
-5635
-6508
-6959
-7080
-6827
-5966
-4727
-3439
-1968
-374
972
1955
2738
3216
3207
2958
2601
2135
1650
1194
888
819
853
899
1178
1614
1962
2273
2712
3008
3176
3396
3398
2949
2144
1070
-167
-1242
-2290
-3398
-4042
-3876
-3550
-3045
-1896
-418
743
1738
2782
3493
3654
3454
3075
2445
1649
834
211
-241
-621
-720
-377
39
289
701
1247
1411
1223
1019
569
-304
-1315
-2429
-3707
-4912
-5920
-6661
-6958
-6815
-6378
-5477
-4084
-2674
-1352
136
1456
2242
2773
3130
3032
2613
2168
1638
1084
657
390
362
610
862
1201
1786
2334
2639
2959
3272
3301
3309
3302
2921
2100
1123
25
-1004
-1889
-2775
-3481
-3402
-2899
-2442
-1574
-204
917
1647
2446
3034
3028
2731
2336
1638
864
236
-199
-465
-546
-440
7
671
1146
1432
1789
1925
1569
1023
383
-588
-1822
-2992
-4188
-5356
-6256
-6810
-7042
-6774
-6142
-5227
-3918
-2368
-1021
240
1540
2405
2798
3043
3025
2575
2030
1544
1019
604
440
446
642
1041
1457
1920
2432
2743
2850
3024
3139
3072
2974
2745
2062
1072
110
-793
-1643
-2534
-3235
-3330
-2808
-2324
-1652
-459
776
1453
2003
2590
2691
2343
1902
1387
700
147
-134
-165
-81
133
597
1323
1809
1936
1979
1941
1434
578
-331
-1382
-2662
-3834
-4781
-5689
-6408
-6719
-6642
-6211
-5434
-4484
-3258
-1790
-411
680
1723
2566
2889
2909
2824
2411
1784
1311
909
512
336
448
671
1008
1384
1746
2130
2453
2529
2520
2579
2584
2511
2312
1837
967
51
-739
-1403
-2165
-2804
-2911
-2411
-1865
-1228
-152
1046
1808
2264
2703
2751
2341
1786
1217
503
-136
-446
-418
-304
-79
366
1034
1580
1717
1629
1449
920
50
-914
-1948
-3086
-4075
-4730
-5266
-5674
-5763
-5435
-4848
-4097
-3264
-2255
-1122
-55
831
1579
2171
2451
2501
2457
2156
1605
1138
831
505
226
208
393
666
1025
1398
1737
2065
2262
2324
2344
2430
2459
2323
2015
1322
408
-337
-851
-1532
-2285
-2504
-2074
-1557
-1046
-178
847
1554
1924
2149
2122
1702
1082
462
-104
-593
-849
-700
-345
42
548
1225
1784
1941
1813
1501
924
52
-947
-1955
-2920
-3761
-4362
-4641
-4756
-4746
-4459
-3861
-3199
-2582
-1853
-1024
-287
359
912
1328
1605
1716
1669
1514
1201
818
530
351
204
136
297
591
918
1263
1655
2036
2305
2489
2648
2878
3022
2885
2412
1615
571
-411
-1197
-2028
-2844
-3082
-2588
-1974
-1288
-243
914
1677
2072
2279
2141
1567
800
83
-503
-934
-1112
-806
-214
395
1061
1854
2445
2533
2266
1782
994
-54
-1138
-2168
-3047
-3729
-4140
-4242
-4127
-3957
-3657
-3126
-2593
-2211
-1824
-1329
-856
-408
23
450
836
1125
1319
1431
1407
1211
1000
863
713
584
611
779
998
1240
1554
1915
2209
2426
2617
2852
2836
2407
1624
577
-584
-1543
-2324
-3090
-3490
-3055
-2200
-1359
-225
1109
2110
2610
2794
2596
1968
1107
255
-481
-963
-1167
-914
-215
567
1303
2082
2753
2914
2579
1974
1077
-44
-1172
-2228
-3084
-3638
-3928
-3959
-3732
-3449
-3232
-2906
-2546
-2408
-2348
-2110
-1784
-1417
-841
-175
508
1226
1834
2167
2275
2144
1742
1298
872
427
134
148
363
624
1070
1609
2114
2522
2862
3065
2959
2401
1378
75
-1141
-2101
-2930
-3528
-3521
-2731
-1622
-490
779
2047
2857
3075
2840
2254
1331
291
-541
-1035
-1202
-999
-294
725
1666
2419
3006
3223
2854
2032
975
-201
-1402
-2418
-3076
-3312
-3227
-2968
-2555
-2163
-2037
-2130
-2295
-2605
-3108
-3464
-3479
-3148
-2465
-1475
-290
1006
2174
2955
3309
3196
2585
1642
710
-114
-750
-972
-699
-155
595
1512
2413
3146
3607
3796
3572
2833
1465
-281
-1837
-2863
-3630
-4147
-3901
-2709
-1197
181
1563
2773
3346
3199
2613
1718
554
-581
-1240
-1322
-938
-225
864
2111
3048
3510
3574
3096
2006
550
-863
-2043
-2873
-3290
-3181
-2553
-1662
-878
-288
-7
-392
-1281
-2291
-3350
-4415
-5067
-5022
-4318
-2992
-1264
493
2159
3464
4074
3960
3264
1998
529
-643
-1409
-1761
-1452
-536
617
1868
2991
3745
4071
4044
3476
2357
902
-870
-2636
-3629
-3828
-3862
-3552
-2348
-648
719
1732
2474
2698
2229
1329
358
-424
-972
-1135
-612
527
1720
2803
3854
4382
4066
3136
1889
294
-1391
-2818
-3628
-3660
-3094
-2176
-919
453
1335
1520
1167
143
-1435
-3070
-4440
-5404
-5709
-5265
-4039
-2178
-174
1460
2706
3489
3388
2575
1456
223
-874
-1421
-1293
-606
493
1697
2757
3572
3847
3530
2959
2207
1010
-311
-1495
-2506
-3081
-2886
-2372
-1919
-1184
-81
748
1031
1001
728
235
-361
-905
-1116
-823
-218
671
1934
3231
4045
4402
4294
3554
2300
870
-623
-1952
-2871
-3222
-2989
-2188
-1255
-411
455
1029
883
167
-768
-1867
-2896
-3555
-3797
-3609
-2897
-1849
-697
347
1027
1221
1117
724
10
-678
-973
-861
-331
603
1764
2844
3598
3857
3593
2903
1941
995
48
-889
-1708
-2348
-2669
-2333
-1710
-1326
-971
-157
544
616
495
384
-18
-622
-986
-1021
-786
-329
397
1464
2615
3375
3738
3815
3396
2429
1354
329
-712
-1572
-1950
-1897
-1551
-1123
-804
-505
-321
-607
-1196
-1671
-2021
-2353
-2357
-1958
-1358
-653
133
757
1084
1017
616
53
-610
-1293
-1748
-1652
-1016
-96
1037
2256
3188
3632
3575
3158
2396
1550
617
-349
-1227
-2129
-2934
-3080
-2646
-2387
-2240
-1446
-268
357
641
886
920
494
-20
-317
-362
-332
-151
494
1531
2345
2754
3038
2942
2303
1386
547
-250
-998
-1488
-1476
-999
-429
-118
84
141
-305
-1104
-1728
-2204
-2715
-2871
-2356
-1443
-403
606
1482
2072
2220
1839
1166
425
-423
-1106
-1260
-934
-381
437
1392
2160
2478
2502
2316
2079
1515
585
-434
-1394
-2428
-3080
-2985
-2734
-2628
-2070
-955
-130
267
441
439
141
-316
-707
-718
-454
-107
520
1609
2552
2960
3035
2770
1981
847
-282
-1252
-1925
-2274
-2184
-1494
-588
9
380
678
547
41
-466
-999
-1589
-1786
-1540
-1044
-347
342
815
1200
1449
1243
867
630
417
340
624
1114
1683
2209
2530
2466
2217
1767
1217
661
-59
-1038
-1925
-2654
-3088
-2985
-2735
-2628
-2114
-1001
-196
191
484
482
33
-450
-898
-1193
-1174
-920
-467
410
1401
1986
2346
2406
1905
1111
383
-355
-1073
-1505
-1625
-1456
-1127
-995
-967
-795
-741
-879
-998
-1029
-879
-463
126
741
1408
1880
2006
2028
1803
1204
639
254
-39
8
480
1070
1725
2352
2672
2783
2822
2642
2157
1398
163
-1244
-2409
-3142
-3429
-3434
-3384
-2886
-1790
-816
-290
114
254
-152
-545
-702
-769
-630
-251
230
852
1432
1548
1301
884
67
-911
-1509
-1886
-2100
-1939
-1526
-1083
-511
-84
-11
108
69
-474
-911
-867
-939
-994
-482
174
603
1128
1638
1886
2138
2220
2041
2106
2281
2192
2218
2470
2315
1913
1728
1546
1305
1020
372
-534
-1320
-2129
-2566
-2308
-2073
-2130
-1562
-531
86
381
537
238
-324
-768
-1131
-1238
-1072
-917
-566
195
699
678
648
457
-105
-703
-1102
-1474
-1791
-1979
-1991
-1738
-1371
-1168
-1061
-998
-1082
-1056
-832
-628
-384
191
942
1493
1835
2025
1966
1770
1552
1340
1264
1345
1540
1859
2266
2451
2346
2257
2228
1974
1317
481
-565
-1648
-2390
-2373
-2091
-1851
-1470
-783
-112
331
535
498
270
-97
-287
-70
468
891
1228
1568
1668
1292
576
-339
-1398
-2319
-2985
-3334
-3446
-3338
-3025
-2293
-1346
-764
-671
-578
-416
-480
-581
-371
-26
179
431
763
1097
1193
1038
925
1052
1182
1293
1690
2265
2646
2759
2754
2523
2169
1677
837
-252
-1487
-2768
-3543
-3378
-2839
-2336
-1425
-162
803
1514
2045
2162
1897
1432
974
757
831
810
875
1238
1428
1256
967
489
-257
-930
-1470
-1956
-2307
-2606
-2832
-2525
-2039
-2121
-2267
-2062
-1979
-2161
-1940
-1350
-779
-240
302
891
1541
1866
1951
2309
2661
2646
2673
2921
2878
2623
2269
1735
1077
464
-399
-1403
-2410
-3458
-4141
-3874
-3129
-2506
-1755
-686
261
852
1183
1291
1243
1081
974
1169
1537
1814
2101
2475
2621
2342
1802
1078
304
-458
-1125
-1554
-1811
-2088
-2106
-1769
-1566
-1632
-1614
-1513
-1664
-1733
-1467
-939
-476
-178
119
530
791
818
949
1160
1240
1371
1756
2081
2257
2315
2173
2011
1924
1624
968
131
-977
-2152
-2794
-2864
-2880
-2980
-2882
-2490
-2018
-1710
-1405
-940
-445
-41
539
1252
1780
2118
2470
2738
2679
2291
1668
1015
306
-398
-858
-1085
-1320
-1379
-1240
-1196
-1288
-1296
-1342
-1480
-1395
-1033
-462
204
653
1023
1516
1810
1704
1519
1377
1213
1178
1361
1607
1951
2127
2112
2154
2212
1772
915
-124
-1450
-2750
-3461
-3617
-3590
-3433
-3083
-2455
-1703
-1161
-800
-324
132
406
795
1233
1450
1503
1580
1561
1377
970
321
-404
-1072
-1592
-1875
-1802
-1558
-1303
-1142
-953
-689
-587
-655
-544
-187
131
303
484
701
928
1118
1267
1385
1463
1534
1817
2209
2522
2712
2867
2856
2721
2476
1959
1068
-70
-1295
-2245
-2602
-2616
-2555
-2359
-1964
-1540
-1200
-993
-873
-771
-697
-605
-409
-254
-179
-62
172
339
444
389
123
-256
-493
-685
-782
-646
-475
-521
-646
-651
-774
-1049
-1173
-932
-570
-328
-270
-130
129
309
420
663
952
1153
1428
1823
2160
2390
2607
2740
2750
2584
2159
1462
538
-480
-1322
-1721
-1692
-1474
-1186
-819
-478
-307
-272
-266
-312
-394
-454
-399
-335
-293
-278
-194
-107
-139
-328
-685
-1074
-1379
-1466
-1364
-1073
-763
-644
-654
-621
-616
-760
-857
-615
-143
222
453
671
922
1152
1351
1505
1610
1667
1715
1797
1883
1812
1539
1183
892
686
306
-223
-824
-1450
-1928
-1960
-1587
-1088
-621
-261
-44
157
273
213
192
271
352
452
625
632
502
419
357
213
-31
-494
-985
-1370
-1674
-1873
-1844
-1770
-1765
-1691
-1556
-1516
-1367
-985
-426
169
674
1074
1436
1721
1853
1921
2070
2246
2383
2470
2470
2358
2097
1721
1328
1000
627
99
-568
-1291
-1903
-2236
-2295
-2129
-1794
-1377
-1085
-864
-673
-585
-616
-516
-250
40
270
517
677
760
833
843
683
423
76
-359
-812
-1089
-1303
-1566
-1763
-1852
-1945
-2013
-1858
-1464
-1003
-550
-74
448
952
1308
1489
1639
1840
2059
2255
2456
2578
2552
2370
2197
2047
1886
1597
1186
676
102
-487
-950
-1160
-1180
-1205
-1180
-1076
-1070
-1252
-1432
-1540
-1659
-1628
-1410
-1119
-836
-473
-105
252
546
731
688
543
325
4
-406
-801
-1161
-1423
-1456
-1338
-1288
-1232
-1030
-861
-799
-685
-452
-162
190
553
885
1275
1733
2110
2341
2469
2457
2274
2022
1808
1618
1376
1068
721
338
-47
-318
-453
-538
-583
-563
-551
-549
-567
-625
-726
-727
-659
-588
-549
-518
-526
-464
-375
-303
-324
-411
-575
-793
-1048
-1335
-1554
-1551
-1275
-868
-529
-336
-210
-89
8
60
68
99
250
501
701
863
1099
1397
1619
1727
1742
1674
1564
1398
1147
800
443
118
-188
-503
-769
-926
-949
-921
-920
-956
-918
-753
-502
-317
-188
-19
242
536
777
900
950
983
961
794
473
89
-243
-477
-649
-777
-883
-935
-953
-957
-1000
-1099
-1224
-1310
-1277
-1066
-779
-545
-295
32
368
657
868
945
948
947
1017
1094
1179
1240
1324
1405
1440
1358
1182
929
599
232
-149
-538
-940
-1206
-1325
-1374
-1407
-1444
-1460
-1411
-1294
-1111
-847
-538
-208
160
534
816
1009
1094
1100
1075
981
793
569
367
215
129
69
12
-79
-220
-415
-625
-867
-1130
-1328
-1379
-1308
-1169
-963
-703
-377
-19
315
607
881
1089
1218
1355
1474
1536
1576
1619
1618
1558
1406
1147
776
370
-9
-329
-592
-836
-1041
-1186
-1228
-1240
-1224
-1166
-1074
-952
-756
-514
-311
-169
-67
46
126
161
142
128
80
-12
-79
-107
-145
-239
-357
-463
-553
-634
-710
-731
-670
-535
-345
-145
41
219
387
535
662
764
813
821
801
767
732
691
638
601
568
521
469
421
364
292
216
159
128
125
92
35
9
-13
-39
-34
-4
-12
-61
-126
-173
-200
-243
-307
-351
-349
-348
-352
-370
-427
-504
-550
-567
-592
-616
-617
-569
-513
-435
-346
-207
-74
38
149
278
384
448
484
493
459
385
309
204
86
-46
-147
-211
-243
-255
-233
-198
-143
-90
-53
-22
23
86
144
214
276
360
454
524
534
500
467
434
388
317
259
196
164
117
43
-49
-130
-235
-361
-480
-573
-645
-727
-766
-759
-682
-557
-383
-205
4
240
487
681
777
822
873
936
971
955
847
681
504
290
33
-257
-536
-759
-890
-994
-1094
-1164
-1185
-1148
-1088
-1013
-934
-758
-548
-376
-206
72
382
614
798
935
974
972
1009
1017
928
799
737
663
496
283
70
-149
-372
-567
-726
-869
-949
-925
-853
-748
-546
-340
-177
24
233
354
450
599
782
939
1013
988
966
973
885
678
463
250
43
-96
-262
-414
-506
-595
-735
-875
-947
-954
-927
-886
-820
-668
-452
-315
-212
-73
74
146
201
261
293
318
358
359
274
169
157
169
86
-56
-88
-66
-64
-89
-128
-114
-12
100
111
179
214
234
318
353
259
298
491
492
366
287
237
175
108
14
-134
-185
-173
-248
-321
-410
-509
-522
-463
-453
-447
-265
-128
-56
3
117
228
331
345
350
404
364
255
170
159
23
-142
-241
-342
-416
-427
-465
-556
-537
-372
-224
-189
-206
-95
116
283
213
133
257
488
561
437
378
477
606
507
332
240
223
211
178
-15
-160
-145
-163
-352
-605
-682
-655
-612
-640
-672
-600
-321
-108
-102
-98
87
322
490
528
541
577
602
640
595
433
268
254
245
80
-155
-244
-191
-184
-293
-387
-353
-239
-192
-185
-151
-92
61
208
184
112
174
357
398
339
296
265
207
151
68
-94
-239
-274
-260
-399
-632
-710
-686
-763
-850
-821
-704
-554
-435
-368
-228
-9
190
295
383
499
640
737
783
760
736
740
642
487
373
309
212
78
-45
-87
-115
-209
-277
-285
-330
-398
-371
-291
-208
-123
-35
113
346
452
386
387
547
641
563
480
445
452
415
146
-167
-274
-320
-550
-816
-912
-854
-789
-841
-907
-880
-753
-625
-560
-493
-360
-193
-13
121
146
188
313
451
489
429
370
416
515
514
414
347
367
413
330
158
59
31
68
80
-28
-140
-21
114
78
-1
12
111
229
256
141
110
219
327
298
152
80
104
110
-57
-267
-339
-321
-227
-295
-549
-571
-304
-183
-379
-541
-367
-153
-164
-269
-253
-110
89
109
-76
-135
59
215
116
15
31
122
226
169
-7
-99
0
169
106
-143
-150
99
254
110
-43
116
378
461
391
338
445
593
582
435
305
335
381
270
84
-34
-139
-193
-221
-410
-605
-570
-480
-519
-634
-684
-553
-383
-397
-454
-389
-249
-126
-43
-47
-54
45
265
285
168
214
378
407
300
222
188
217
238
169
-15
-132
-60
-1
-102
-150
-34
116
174
158
152
167
265
294
157
172
343
430
425
411
337
222
141
122
-34
-272
-310
-205
-220
-305
-323
-349
-408
-443
-457
-552
-585
-534
-498
-517
-440
-340
-271
-173
-46
41
67
123
212
276
246
165
166
273
318
254
199
282
388
346
140
81
211
225
110
7
4
101
227
219
162
218
301
262
148
49
-16
35
142
108
12
120
219
120
-28
-117
-215
-247
-201
-274
-418
-466
-398
-355
-493
-664
-609
-428
-332
-391
-380
-216
-60
-16
2
54
173
252
258
273
235
236
324
349
259
254
317
327
219
100
56
56
72
20
-55
16
175
209
129
148
195
145
101
81
16
52
202
269
232
213
295
307
129
-71
-157
-193
-245
-371
-477
-431
-357
-398
-501
-524
-449
-392
-418
-418
-331
-217
-167
-172
-118
-32
55
100
112
143
173
157
102
118
167
166
170
235
313
333
287
274
281
276
227
153
138
154
187
195
162
154
205
221
182
151
132
138
149
136
77
37
22
-77
-228
-316
-341
-386
-456
-490
-453
-373
-364
-422
-407
-323
-298
-310
-272
-190
-94
-26
-6
-10
17
62
87
48
25
81
152
156
110
120
196
261
244
215
240
281
277
228
173
129
133
134
108
103
172
274
323
320
306
336
366
323
184
88
69
6
-122
-226
-269
-287
-311
-370
-451
-495
-496
-495
-513
-530
-504
-431
-378
-341
-285
-235
-192
-148
-103
-61
-12
38
95
146
186
217
253
286
321
355
372
374
362
360
328
266
229
216
181
146
134
163
218
263
270
256
271
286
250
166
90
30
-32
-86
-123
-159
-194
-225
-255
-274
-293
-349
-417
-445
-464
-492
-492
-463
-418
-358
-299
-257
-198
-141
-115
-98
-74
-67
-47
-10
21
61
91
108
134
182
219
222
212
198
202
214
219
237
285
349
396
452
503
538
557
541
490
432
373
298
199
96
21
-40
-99
-145
-195
-235
-271
-323
-388
-450
-514
-567
-590
-594
-569
-519
-448
-387
-329
-261
-200
-148
-125
-104
-45
26
60
71
110
171
200
179
147
135
131
94
35
-1
-7
-8
-6
6
61
153
224
258
301
364
418
422
384
352
355
387
382
341
287
263
247
191
97
6
-59
-105
-165
-241
-303
-359
-414
-471
-544
-604
-625
-619
-597
-570
-523
-431
-318
-225
-138
-48
47
142
220
275
321
359
381
372
336
291
243
198
147
76
4
-26
-25
-28
-20
1
45
97
129
149
172
192
189
177
167
170
184
192
194
198
215
232
213
168
108
42
-29
-122
-231
-343
-428
-496
-557
-608
-636
-629
-587
-539
-496
-422
-320
-209
-105
3
115
229
338
416
454
493
521
487
424
371
324
261
185
120
81
63
34
-16
-47
-51
-65
-90
-106
-106
-84
-57
-44
-28
13
64
109
151
194
239
284
310
303
251
174
86
-15
-139
-280
-407
-495
-558
-612
-653
-662
-632
-584
-533
-477
-397
-278
-152
-46
54
164
277
372
424
462
505
534
528
507
487
468
440
394
349
300
243
185
118
48
-10
-67
-126
-167
-178
-171
-165
-152
-114
-63
-32
-5
37
83
113
115
96
64
39
-1
-83
-187
-272
-332
-392
-462
-509
-518
-507
-493
-470
-440
-391
-319
-254
-204
-143
-62
21
92
167
242
317
389
437
470
498
522
523
500
458
417
376
318
240
164
112
61
11
-36
-70
-79
-70
-59
-54
-43
-7
32
57
81
90
89
92
75
28
-25
-70
-125
-196
-263
-322
-360
-391
-420
-445
-449
-426
-394
-376
-359
-319
-275
-235
-186
-137
-84
-2
94
175
239
308
376
423
449
449
432
417
389
334
272
223
173
121
79
36
5
-19
-40
-61
-68
-54
-34
-15
11
44
68
77
74
56
21
-13
-44
-82
-120
-145
-160
-168
-179
-197
-211
-217
-218
-223
-227
-218
-207
-197
-187
-167
-133
-99
-61
-17
34
95
150
191
222
245
264
269
257
231
208
182
156
125
108
102
95
83
65
49
38
38
39
44
51
60
71
71
52
20
-18
-70
-120
-166
-212
-248
-262
-267
-265
-263
-250
-226
-205
-191
-171
-152
-133
-115
-101
-85
-50
-8
24
58
97
139
172
192
202
200
193
186
172
145
116
95
77
55
37
36
44
53
52
50
62
81
99
113
128
149
175
186
179
157
131
97
47
-13
-76
-129
-175
-214
-251
-281
-300
-301
-302
-307
-300
-286
-276
-261
-250
-237
-203
-155
-103
-48
18
89
156
212
251
272
271
262
250
227
194
162
138
115
87
60
39
21
-4
-35
-58
-61
-49
-30
-6
31
85
137
173
191
201
213
210
182
141
107
75
37
-10
-65
-114
-151
-193
-245
-289
-322
-346
-366
-382
-391
-381
-355
-316
-264
-197
-117
-33
51
135
205
256
288
305
316
317
310
298
287
270
245
207
164
113
50
-18
-84
-134
-167
-185
-185
-163
-124
-76
-31
8
47
90
117
123
129
138
145
138
122
96
68
35
-17
-82
-142
-199
-252
-296
-330
-347
-347
-337
-316
-281
-236
-188
-135
-79
-18
38
89
131
167
202
233
263
285
303
316
319
311
294
267
228
176
117
58
6
-37
-69
-92
-100
-99
-94
-85
-70
-57
-47
-46
-39
-26
-13
-4
5
8
7
-3
-28
-63
-103
-147
-191
-225
-251
-265
-268
-262
-248
-223
-197
-171
-140
-106
-70
-31
5
46
87
128
172
214
250
280
303
313
314
306
289
264
235
199
165
134
105
82
58
37
20
5
-4
-8
-12
-16
-20
-21
-26
-34
-42
-55
-66
-79
-97
-113
-131
-153
-176
-203
-230
-254
-273
-288
-293
-291
-284
-270
-252
-229
-197
-162
-123
-77
-26
27
85
144
203
261
308
340
358
363
355
340
310
274
233
194
160
130
105
80
61
48
39
35
35
34
37
35
31
24
13
-2
-14
-26
-42
-57
-74
-92
-111
-137
-167
-196
-223
-247
-262
-275
-278
-277
-270
-260
-246
-231
-216
-196
-171
-141
-106
-63
-11
48
111
169
218
259
290
303
304
286
257
224
190
153
122
94
72
59
50
47
46
46
43
40
37
30
24
19
22
30
40
46
50
51
39
16
-16
-50
-87
-119
-150
-171
-181
-186
-190
-187
-182
-180
-179
-177
-173
-163
-152
-134
-107
-71
-31
11
53
95
134
166
187
197
201
195
185
169
145
118
92
68
51
38
28
19
12
5
-6
-19
-35
-50
-56
-55
-47
-36
-19
-3
14
25
25
17
1
-15
-29
-37
-39
-42
-43
-44
-50
-54
-67
-83
-96
-105
-106
-99
-89
-71
-50
-25
1
27
53
78
99
115
127
135
138
134
126
116
101
90
79
69
61
51
35
18
1
-19
-41
-63
-81
-88
-92
-93
-84
-73
-60
-46
-38
-26
-21
-19
-18
-13
-11
-9
-12
-16
-18
-23
-34
-46
-57
-69
-77
-81
-85
-80
-68
-57
-36
-13
13
40
64
84
102
113
119
120
121
116
105
92
76
64
50
35
18
8
-2
-13
-24
-36
-50
-61
-74
-78
-75
-66
-59
-43
-23
-2
16
28
35
40
40
35
31
31
25
19
11
5
-1
-12
-28
-42
-56
-71
-88
-98
-99
-92
-82
-68
-45
-24
1
21
42
57
62
59
57
58
58
56
48
44
40
27
15
4
-12
-26
-37
-44
-44
-43
-41
-34
-21
-9
2
12
25
40
52
59
66
70
69
64
62
61
57
52
44
39
29
12
-6
-24
-43
-59
-75
-83
-82
-79
-68
-59
-46
-33
-22
-11
1
11
20
27
35
46
48
49
43
34
20
0
-22
-39
-54
-72
-81
-88
-89
-84
-77
-67
-50
-36
-22
-6
11
28
39
49
60
72
80
82
80
78
68
52
40
26
14
2
-7
-16
-19
-30
-41
-46
-51
-56
-56
-52
-43
-26
-7
11
28
42
51
59
68
73
77
78
78
76
71
62
46
30
13
-6
-25
-43
-59
-71
-76
-81
-82
-75
-69
-59
-46
-38
-27
-16
-8
2
12
16
16
