SAMPLES:	10540
BITSPERSAMPLE:	16
CHANNELS:	1
SAMPLERATE:	16000
NORMALIZED:	FALSE
10
10
5
6
3
1
0
-5
-3
-3
-2
-9
-11
-16
-15
-18
-20
-24
-26
-26
-26
-25
-28
-29
-35
-32
-34
-32
-34
-30
-31
-31
-28
-26
-23
-22
-16
-14
-10
-12
-6
-3
5
11
14
14
17
24
25
30
25
28
30
36
38
45
50
53
51
44
42
40
45
44
47
42
41
35
35
32
30
29
22
15
4
-3
-11
-11
-17
-18
-23
-27
-31
-36
-38
-40
-41
-46
-50
-56
-58
-61
-66
-70
-67
-64
-63
-63
-62
-63
-60
-55
-49
-44
-39
-31
-25
-18
-13
-6
0
7
14
15
25
29
36
38
41
45
56
62
66
67
69
71
75
80
80
84
83
82
80
81
77
82
81
81
74
70
62
59
53
48
40
34
30
20
13
2
-1
-6
-10
-22
-30
-40
-41
-47
-51
-61
-67
-69
-72
-77
-89
-91
-95
-94
-100
-98
-102
-100
-104
-100
-98
-88
-86
-84
-83
-78
-66
-56
-47
-41
-29
-21
-10
-4
8
18
33
46
58
66
75
81
92
93
106
106
109
112
120
123
120
123
111
117
107
107
95
95
86
83
71
59
45
29
27
15
9
-10
-16
-36
-41
-54
-63
-73
-87
-93
-106
-110
-113
-115
-124
-126
-134
-139
-148
-152
-155
-161
-163
-160
-156
-145
-135
-137
-135
-129
-114
-102
-91
-92
-75
-57
-35
-20
-5
17
39
63
78
109
133
164
188
213
237
260
281
296
316
330
335
336
342
345
351
338
325
308
304
289
269
242
223
217
201
190
143
122
80
69
29
0
-44
-78
-110
-149
-174
-213
-227
-268
-291
-341
-356
-381
-392
-430
-465
-496
-526
-545
-574
-577
-593
-577
-581
-578
-578
-563
-543
-517
-484
-457
-421
-384
-342
-309
-269
-222
-157
-92
-30
30
90
151
208
268
332
405
485
571
641
699
754
820
877
928
950
964
971
984
997
999
998
973
951
900
863
800
750
674
607
521
435
338
231
135
29
-58
-170
-249
-343
-418
-525
-617
-719
-811
-897
-972
-1033
-1105
-1167
-1236
-1278
-1311
-1330
-1365
-1378
-1384
-1371
-1347
-1305
-1248
-1176
-1098
-1009
-901
-786
-665
-559
-464
-358
-230
-80
79
238
376
500
619
737
865
993
1137
1249
1353
1407
1480
1533
1614
1674
1724
1751
1754
1755
1730
1729
1676
1645
1551
1482
1366
1276
1156
1043
912
773
628
451
280
84
-73
-267
-429
-619
-777
-953
-1097
-1249
-1386
-1502
-1612
-1704
-1796
-1855
-1924
-1961
-2010
-2039
-2072
-2068
-2059
-2027
-1976
-1902
-1812
-1715
-1600
-1467
-1314
-1154
-986
-831
-663
-483
-266
-66
129
302
482
660
848
1023
1178
1303
1417
1524
1620
1711
1784
1857
1912
1983
2014
2042
2028
2044
2028
2000
1932
1869
1785
1686
1610
1515
1420
1284
1153
974
815
626
454
273
101
-79
-248
-425
-592
-747
-889
-1014
-1122
-1221
-1316
-1405
-1511
-1619
-1765
-1887
-1936
-1857
-1762
-1741
-1827
-1944
-2008
-2012
-1991
-1979
-1962
-1924
-1866
-1810
-1731
-1599
-1385
-1132
-892
-709
-583
-443
-260
-45
176
398
614
783
907
1006
1110
1254
1451
1654
1779
1851
1880
1918
1950
2006
2057
2127
2194
2247
2245
2185
2093
1992
1917
1827
1770
1682
1602
1457
1321
1140
971
795
638
471
281
87
-135
-343
-542
-684
-841
-946
-1069
-1164
-1293
-1366
-1436
-1474
-1518
-1572
-1661
-1810
-1936
-2031
-1989
-1908
-1789
-1791
-1856
-1997
-2085
-2141
-2149
-2121
-2070
-1989
-1923
-1836
-1753
-1582
-1356
-1057
-800
-555
-368
-176
14
237
456
687
911
1101
1267
1399
1541
1677
1847
1973
2089
2138
2201
2227
2285
2343
2423
2491
2539
2518
2409
2265
2103
2014
1957
1936
1846
1730
1551
1380
1161
947
736
542
361
160
-46
-274
-480
-673
-813
-938
-1038
-1140
-1246
-1360
-1444
-1501
-1550
-1598
-1641
-1686
-1777
-1934
-2088
-2174
-2139
-2060
-1978
-1993
-2066
-2188
-2278
-2339
-2328
-2249
-2152
-2069
-2018
-1934
-1820
-1618
-1387
-1096
-840
-584
-367
-160
5
191
434
704
957
1163
1349
1453
1589
1723
1931
2113
2297
2398
2474
2532
2611
2689
2758
2845
2874
2866
2734
2603
2449
2403
2334
2265
2088
1900
1691
1472
1220
959
754
560
402
180
-27
-282
-490
-698
-845
-1005
-1117
-1215
-1326
-1429
-1518
-1574
-1660
-1699
-1760
-1804
-1939
-2088
-2255
-2323
-2322
-2292
-2273
-2308
-2346
-2423
-2447
-2493
-2462
-2406
-2277
-2174
-2072
-1973
-1838
-1661
-1437
-1160
-899
-617
-353
-123
53
221
450
742
1027
1280
1460
1589
1706
1884
2077
2284
2454
2612
2713
2808
2854
2926
2984
3047
3036
2942
2830
2717
2668
2579
2509
2331
2169
1936
1736
1478
1243
987
742
507
262
58
-182
-384
-614
-789
-1002
-1149
-1310
-1426
-1558
-1634
-1699
-1762
-1837
-1936
-2043
-2165
-2259
-2388
-2484
-2559
-2563
-2592
-2609
-2667
-2731
-2798
-2808
-2776
-2704
-2601
-2491
-2388
-2269
-2117
-1924
-1680
-1386
-1074
-779
-503
-231
-6
197
433
733
1051
1343
1599
1775
1932
2109
2324
2514
2735
2921
3080
3159
3234
3302
3391
3480
3485
3419
3253
3143
3037
2978
2866
2731
2516
2279
2008
1735
1447
1152
884
596
323
33
-214
-470
-697
-911
-1104
-1296
-1476
-1642
-1793
-1941
-2026
-2096
-2152
-2243
-2320
-2439
-2597
-2735
-2801
-2791
-2801
-2803
-2852
-2875
-2924
-2931
-2946
-2894
-2793
-2630
-2494
-2379
-2251
-2084
-1868
-1628
-1326
-1031
-711
-413
-133
85
317
605
920
1253
1510
1740
1905
2123
2330
2560
2753
2938
3106
3215
3311
3344
3449
3507
3612
3556
3460
3232
3113
3000
2943
2827
2666
2448
2160
1897
1574
1304
980
748
425
163
-159
-409
-713
-937
-1158
-1335
-1508
-1655
-1812
-1984
-2118
-2204
-2230
-2288
-2300
-2386
-2455
-2592
-2700
-2825
-2849
-2840
-2782
-2766
-2783
-2839
-2897
-2900
-2871
-2737
-2591
-2394
-2266
-2131
-2032
-1869
-1652
-1330
-980
-635
-321
-38
205
412
648
940
1307
1670
1999
2210
2376
2509
2691
2881
3112
3319
3484
3581
3617
3651
3680
3735
3718
3613
3416
3268
3147
3056
2900
2706
2421
2119
1816
1516
1202
890
577
224
-123
-437
-711
-993
-1228
-1440
-1627
-1809
-1973
-2141
-2316
-2434
-2471
-2461
-2478
-2491
-2537
-2600
-2696
-2795
-2886
-2914
-2849
-2772
-2727
-2742
-2747
-2770
-2741
-2695
-2563
-2401
-2204
-2077
-1967
-1853
-1680
-1445
-1119
-762
-429
-123
136
375
564
799
1069
1408
1738
2061
2272
2416
2548
2731
2931
3117
3286
3409
3510
3569
3618
3654
3680
3666
3543
3335
3115
2993
2929
2864
2703
2417
2071
1712
1426
1127
843
500
168
-187
-515
-808
-1093
-1340
-1549
-1686
-1839
-1965
-2138
-2311
-2458
-2514
-2489
-2442
-2435
-2467
-2552
-2653
-2768
-2864
-2910
-2870
-2788
-2738
-2742
-2778
-2825
-2827
-2768
-2659
-2499
-2298
-2081
-1937
-1803
-1678
-1482
-1198
-814
-453
-134
143
389
587
791
1065
1391
1765
2098
2357
2513
2667
2814
2967
3120
3298
3482
3623
3738
3777
3812
3802
3768
3580
3335
3135
3063
3041
2986
2834
2518
2138
1766
1473
1156
878
561
225
-148
-496
-848
-1184
-1444
-1608
-1723
-1855
-1976
-2157
-2353
-2544
-2604
-2621
-2575
-2530
-2515
-2592
-2706
-2823
-2954
-3021
-2970
-2855
-2776
-2733
-2759
-2833
-2885
-2830
-2720
-2555
-2316
-2076
-1905
-1752
-1606
-1457
-1223
-885
-512
-136
214
491
675
850
1055
1352
1696
2078
2366
2593
2721
2841
2934
3078
3252
3467
3659
3802
3910
3926
3903
3754
3547
3260
3147
3124
3176
3076
2853
2450
2041
1676
1382
1121
840
581
248
-130
-542
-905
-1243
-1487
-1605
-1662
-1759
-1897
-2077
-2308
-2513
-2594
-2582
-2515
-2427
-2394
-2452
-2591
-2775
-2944
-3005
-2943
-2831
-2726
-2700
-2744
-2860
-2928
-2946
-2849
-2658
-2381
-2145
-1975
-1862
-1758
-1618
-1398
-1057
-681
-271
83
368
520
673
908
1246
1644
2024
2328
2506
2652
2779
2919
3062
3290
3520
3737
3905
4014
4050
4006
3867
3596
3364
3254
3323
3375
3301
3002
2583
2144
1796
1506
1214
951
662
327
-60
-485
-918
-1300
-1559
-1653
-1682
-1764
-1869
-2037
-2265
-2455
-2534
-2537
-2500
-2404
-2359
-2408
-2587
-2801
-3010
-3101
-3052
-2927
-2830
-2781
-2818
-2936
-3055
-3120
-3049
-2847
-2557
-2312
-2111
-1958
-1840
-1717
-1467
-1108
-697
-257
151
430
584
736
948
1270
1685
2101
2420
2639
2785
2889
3015
3158
3370
3604
3855
4029
4158
4170
4080
3798
3467
3234
3226
3357
3426
3306
2970
2536
2079
1702
1349
1077
830
608
287
-102
-556
-998
-1342
-1523
-1582
-1609
-1650
-1764
-1970
-2230
-2430
-2524
-2528
-2475
-2369
-2312
-2349
-2527
-2789
-3032
-3128
-3093
-3005
-2920
-2877
-2922
-3007
-3101
-3155
-3104
-2928
-2654
-2383
-2151
-1956
-1819
-1673
-1412
-1060
-644
-209
219
527
723
870
1087
1377
1756
2148
2490
2743
2946
3096
3224
3364
3538
3775
3987
4181
4260
4202
3898
3489
3184
3191
3372
3515
3458
3130
2635
2144
1741
1381
1105
910
738
483
135
-307
-838
-1315
-1541
-1555
-1549
-1531
-1559
-1724
-1985
-2219
-2382
-2455
-2456
-2324
-2178
-2140
-2274
-2576
-2917
-3140
-3124
-3021
-2895
-2820
-2787
-2855
-2970
-3121
-3169
-3025
-2673
-2330
-2087
-1901
-1736
-1553
-1366
-1085
-712
-234
259
666
829
914
1050
1363
1720
2064
2375
2653
2914
3046
3130
3165
3374
3687
4006
4145
4187
4014
3448
2633
2086
2095
2505
2995
3209
2925
2384
1967
1557
1030
666
744
814
637
264
-222
-862
-1342
-1359
-1161
-1042
-952
-921
-1155
-1625
-2016
-2217
-2330
-2249
-1898
-1709
-1838
-2221
-2717
-3381
-3490
-3492
-3728
-3775
-3275
-2985
-3224
-3099
-3419
-3897
-3599
-2468
-2115
-2135
-1765
-1819
-2111
-1661
-743
-47
919
2233
2687
2234
1750
1534
1762
2647
3722
4027
3958
4105
4106
3729
3732
4462
5487
6282
6468
5325
2733
61
-1105
-732
326
1262
1571
916
-81
-704
-1141
-1544
-1056
560
1786
1491
196
-1116
-2018
-1749
-435
751
1175
1218
737
-614
-2218
-3018
-2873
-2125
-1152
-822
-1585
-2851
-3723
-4437
-4953
-4361
-2461
-744
-352
-1103
-2474
-3451
-3062
-1767
-1098
-900
-406
-284
-1381
-2796
-3310
-2541
-807
1043
1762
1392
1046
1249
1348
1326
1695
2758
3799
4152
3617
2633
2235
2880
4082
4665
4870
5018
5347
4876
3118
-95
-2965
-3673
-2335
-727
2
-47
-645
-902
-673
-558
-637
365
2252
3299
2295
285
-1483
-2031
-1079
587
1591
1506
843
-223
-1740
-3183
-3653
-2968
-1562
-475
-495
-1635
-2796
-3071
-2769
-2771
-2637
-1708
-600
-433
-1168
-2363
-3329
-3033
-1766
-1196
-1617
-1785
-1651
-2100
-2843
-3007
-2372
-885
882
1842
1864
1972
2430
2642
2597
2604
3093
3602
3993
3572
2792
2353
2631
3318
3579
4015
4450
5038
3830
837
-2936
-4646
-3811
-1676
100
662
536
323
647
437
35
587
2707
4213
3594
1097
-1309
-2505
-1964
-574
609
996
927
342
-949
-2628
-3524
-2967
-1510
-281
-204
-943
-1925
-2304
-2729
-3295
-3401
-2344
-837
-226
-879
-2459
-3550
-3397
-2500
-2207
-2264
-1939
-1436
-1631
-2537
-3197
-2739
-962
1094
2319
2428
2433
2663
2605
1923
1438
1972
3158
3923
3383
2082
1261
1927
3221
4063
4320
5052
5833
4301
-112
-4633
-5849
-4013
-1034
1046
1421
681
684
1274
806
86
1328
4037
5084
3494
580
-2075
-3175
-2122
-70
1119
1280
1105
544
-954
-2770
-3620
-2945
-1389
-157
15
-907
-1980
-2708
-3155
-3244
-2708
-1533
-475
-173
-1126
-2649
-3569
-3361
-2770
-2190
-1553
-1298
-1644
-2253
-2713
-2877
-2126
-330
1465
2392
2526
2482
2134
1530
1130
1410
2253
2920
2965
2198
1286
1047
1957
3099
3909
4503
5319
4770
1533
-2994
-5778
-5413
-3128
-427
1094
1237
1007
1536
1612
916
974
2960
4863
4496
2143
-591
-2410
-2563
-1175
378
1154
1337
1306
567
-1019
-2487
-2738
-1800
-560
183
122
-612
-1387
-2196
-2911
-3229
-2608
-1168
70
259
-1016
-2528
-3324
-3081
-2628
-2036
-1516
-1281
-1518
-2209
-2893
-2967
-1602
396
2034
2594
2662
2495
1877
908
298
751
1738
2588
2439
1514
660
1064
2144
3077
3817
5112
5754
3396
-1400
-5722
-6806
-5209
-2224
211
1317
1574
2092
2184
1140
610
2213
4635
5111
3369
707
-1644
-2777
-2149
-741
376
1106
1789
1644
236
-1502
-2351
-2165
-1424
-511
55
-141
-794
-1607
-2646
-3267
-2953
-1620
-374
239
-311
-1468
-2468
-2830
-2776
-2332
-1568
-1141
-1292
-1921
-2589
-2829
-2040
-387
1302
2364
2774
2749
2234
1251
356
367
1096
1901
2131
1866
1376
1485
2319
2976
3601
4448
5470
4143
328
-4330
-6662
-6199
-3979
-1540
-6
1073
1945
2717
2062
1097
1277
3186
4381
3576
1268
-974
-2361
-2434
-1481
-422
352
1082
1656
1225
-220
-1637
-2162
-1870
-1117
-416
-90
-401
-870
-1858
-2983
-3639
-2797
-981
610
897
-236
-1706
-2583
-2598
-2386
-1972
-1486
-1013
-1103
-1806
-2616
-2592
-1218
806
2494
3222
3359
3030
2236
1043
214
324
1137
2150
2265
1906
1453
2129
2901
3756
4342
5442
5166
1979
-3285
-7249
-7660
-5563
-2437
-181
1311
2135
3128
2783
1381
544
2048
3751
3538
1373
-970
-2710
-3273
-2550
-1282
-286
573
1552
1757
615
-1069
-2082
-2281
-1717
-864
-67
-102
-364
-1229
-2538
-3629
-3424
-1873
-97
1021
523
-837
-2115
-2504
-2573
-2201
-1552
-879
-643
-1056
-1770
-2310
-1672
-25
1887
3179
3713
3733
2959
1592
207
-148
416
1517
2310
2517
2187
2334
2796
3433
3973
5030
5461
3305
-1328
-5939
-7666
-6777
-4072
-1400
751
2005
3172
3406
2379
1117
1428
2675
2859
1555
-371
-2084
-3226
-3105
-2141
-1015
-71
1075
1850
1421
-74
-1603
-2448
-2469
-1733
-831
-331
-475
-798
-1674
-3081
-4100
-3441
-1245
782
1486
410
-1158
-2200
-2175
-2130
-2052
-1671
-754
-288
-748
-1721
-1979
-768
1305
3148
3904
3984
3464
2507
946
-364
-740
269
1726
2684
2653
2415
2796
3672
4472
5012
5373
4075
323
-4565
-7545
-7681
-5572
-2582
154
2001
3277
4020
3477
2042
1386
2122
2560
1594
-47
-1556
-2760
-3391
-2960
-1928
-725
637
1857
2001
804
-855
-2065
-2608
-2447
-1624
-688
-297
-337
-707
-1949
-3409
-3923
-2816
-1134
419
816
58
-1178
-1924
-2297
-2503
-2191
-1348
-543
-512
-1012
-1535
-1243
-43
1653
2954
3598
3705
3174
1979
522
-333
-276
575
1494
2320
2728
3190
3395
3778
4165
4992
5334
3048
-1692
-6462
-7906
-6824
-4084
-1549
942
2701
4267
4620
3389
1661
1420
2294
2088
667
-1041
-2191
-3108
-3175
-2556
-1511
-331
1331
2599
2293
586
-1217
-2186
-2489
-2093
-1334
-619
-302
-165
-767
-2414
-3975
-3907
-2126
-34
1176
793
-464
-1666
-2243
-2615
-2750
-2233
-1128
-262
-396
-1153
-1553
-798
756
2221
2994
3165
3095
2494
1244
-357
-1021
-414
1097
2360
2924
2857
2980
3456
4036
4452
5094
4727
1773
-3362
-7632
-8672
-6783
-3328
-126
2259
3797
4986
4833
3221
1461
1229
1668
1363
109
-1227
-2407
-3201
-3168
-2283
-982
543
2132
2933
2170
293
-1456
-2446
-2716
-2336
-1489
-588
-136
-54
-657
-1572
-2834
-3600
-3258
-1779
-105
646
329
-955
-1998
-2431
-2187
-1990
-1405
-597
57
-166
-629
-585
254
1352
2314
2782
2849
2395
1475
257
-564
-466
593
2143
2926
3192
3152
3604
4157
4971
5454
3973
6
-5070
-8209
-8445
-6038
-2610
513
2652
4152
4956
4421
2921
1629
1378
1214
603
-518
-1702
-2908
-3508
-3161
-2033
-517
1159
2562
2837
1737
-33
-1543
-2405
-2641
-2247
-1552
-713
0
415
-8
-1660
-3232
-3468
-2158
-754
123
-48
-699
-1174
-1368
-1796
-2221
-1937
-879
-38
-56
-482
-534
143
1070
1739
1874
1952
2000
1897
1024
76
-433
344
1446
2353
2497
2502
2902
3688
4589
4966
5120
3621
89
-5130
-8741
-9223
-6370
-2344
1187
3339
4504
5058
4464
2926
1320
829
694
399
-483
-1530
-2751
-3444
-3105
-1748
2
1633
2805
2928
1827
-10
-1640
-2640
-2952
-2605
-1726
-664
174
561
236
-644
-2148
-3229
-3283
-2261
-1126
-292
-164
-724
-1335
-1701
-1835
-1805
-1241
-519
-63
-165
-180
125
550
792
1023
1240
1547
1777
1554
837
312
382
1166
2047
2618
2922
3218
3638
4074
4585
4965
4495
1541
-3328
-7973
-9310
-7296
-3255
293
2760
4233
5219
5101
3637
1697
645
499
251
-436
-1430
-2406
-3103
-2948
-1931
-380
1170
2458
2833
2018
400
-1078
-2221
-2981
-3146
-2481
-1246
-76
662
632
0
-1024
-2379
-3325
-3386
-2309
-987
-35
-345
-1291
-2023
-2028
-1781
-1505
-1124
-579
-136
133
274
259
200
380
821
1193
1433
1563
1478
1139
860
841
1206
1905
2757
3406
3804
4054
4448
4820
5180
3673
-281
-5666
-8935
-8632
-5299
-1306
1741
3613
4819
5479
4831
3012
1231
531
210
-345
-1234
-2028
-2760
-2943
-2416
-1076
491
1975
2784
2529
1207
-336
-1718
-2838
-3475
-3252
-2106
-532
700
1170
824
-90
-985
-2061
-3152
-3859
-3312
-1956
-585
-223
-848
-1570
-1708
-1434
-1327
-1384
-1073
-165
652
861
421
-133
-294
31
551
1116
1792
2171
2153
1717
1244
1117
1477
2078
2669
3230
3805
4509
4961
5011
3223
-775
-5834
-8703
-8026
-4456
-494
2259
3681
4578
5043
4467
2790
1056
230
-116
-540
-1186
-1891
-2587
-2782
-2183
-857
599
1800
2447
2236
1105
-454
-1890
-2921
-3295
-2861
-1664
-228
919
1318
950
-71
-973
-1807
-2845
-3646
-3536
-2390
-996
-133
-472
-1226
-1623
-1475
-1366
-1272
-894
-16
685
858
392
-371
-870
-590
272
1333
2286
2663
2550
1841
1156
653
909
1384
2251
3119
3993
4541
4692
4487
2700
-1071
-5834
-8379
-7585
-3974
-169
2308
3394
4206
4844
4517
2885
983
-74
-481
-623
-934
-1550
-2398
-2690
-2001
-666
720
1858
2497
2182
1012
-479
-1767
-2776
-3126
-2572
-1273
227
1321
1609
987
-66
-1040
-1504
-2405
-3458
-3776
-2719
-1186
-114
-285
-1216
-1705
-1486
-1049
-846
-545
77
821
838
217
-650
-1137
-901
5
1046
2033
2738
2797
2105
1056
240
347
974
1793
2539
3382
4255
5027
5266
3815
70
-4927
-8349
-8350
-5399
-1373
1743
3507
4482
5094
4623
2850
671
-523
-694
-519
-576
-1152
-2170
-2878
-2474
-1122
436
1650
2387
2337
1422
-46
-1577
-2795
-3329
-2855
-1551
69
1339
1857
1423
326
-737
-1427
-1764
-2446
-2998
-2943
-2093
-1130
-559
-826
-1492
-1619
-1134
-440
-3
349
616
663
249
-359
-840
-915
-301
849
1955
2673
2632
2030
1063
359
79
668
1356
2289
3072
3968
4533
4755
4264
1994
-2052
-6474
-8272
-6942
-3161
402
2804
3808
4433
4351
3299
1421
32
-476
-464
-574
-974
-1772
-2585
-2627
-1691
-235
1082
2089
2402
1808
552
-793
-1982
-2776
-2818
-1917
-559
723
1334
1232
412
-547
-1247
-1312
-1235
-1789
-2472
-2685
-2119
-1492
-1121
-1626
-1933
-1374
-226
524
582
367
399
411
172
-243
-557
-442
336
1171
1590
1716
1559
1348
1064
859
864
1289
1806
2524
3249
3886
4231
4389
3645
967
-3403
-7224
-7982
-5536
-1584
1497
3016
3382
3681
3510
2500
887
-174
-473
-361
-402
-857
-1803
-2593
-2426
-1244
255
1480
2194
2156
1421
256
-1004
-2161
-2792
-2516
-1466
-219
616
847
526
-52
-484
-696
-755
-1258
-1929
-2397
-2346
-2138
-1899
-1899
-1879
-1335
-405
434
771
753
633
520
249
-57
-347
-506
-412
136
740
1408
1794
1763
1423
1028
874
1024
1469
1959
2679
3332
3952
4030
3848
2498
-422
-4488
-7220
-6980
-3960
-288
2007
2823
3057
3413
3196
2151
673
-167
-386
-266
-469
-1229
-2276
-2614
-1885
-508
781
1787
2274
2066
1140
-122
-1400
-2421
-2808
-2350
-1391
-338
406
784
666
285
-94
-303
-675
-1622
-2564
-3061
-2862
-2415
-1897
-1679
-1256
-504
310
616
480
284
284
327
176
-149
-603
-793
-495
170
870
1530
1978
1988
1626
1157
829
888
1285
1982
2815
3642
4220
4319
3935
2166
-1174
-5275
-7349
-6341
-2856
423
2163
2533
2867
3371
3239
2028
561
-92
-104
-62
-613
-1673
-2756
-2814
-1768
-209
1079
2010
2367
1970
841
-583
-1966
-2949
-3095
-2325
-1169
-63
690
1134
982
503
-35
-341
-748
-1671
-2727
-3440
-3383
-2792
-1847
-1266
-715
-70
662
948
805
397
97
-218
-515
-814
-1073
-1004
-435
434
1234
1898
2171
2017
1516
1004
713
841
1396
2173
3013
3589
3849
3815
3726
2281
-1117
-5285
-7309
-5993
-2539
431
1740
2119
2787
3644
3412
1874
367
13
301
319
-440
-1720
-2740
-2644
-1428
45
1183
1978
2308
1776
509
-981
-2230
-2922
-2765
-1863
-685
308
1007
1226
878
278
-189
-514
-1286
-2191
-2876
-3013
-2806
-2273
-1790
-1213
-494
210
440
246
-64
-205
-336
-613
-868
-911
-579
-25
446
780
1184
1652
1870
1695
1239
852
768
1083
1687
2340
2923
3418
3791
4065
4044
2310
-1620
-5984
-7645
-5766
-1993
864
2062
2460
3191
3740
3014
1262
64
112
467
225
-825
-2215
-3037
-2584
-1220
193
1220
1993
2225
1518
137
-1248
-2274
-2738
-2360
-1278
-123
689
1082
1052
533
-35
-349
-448
-937
-1845
-2782
-3234
-3056
-2294
-1387
-839
-510
-130
137
-12
-414
-681
-631
-455
-270
-198
-146
9
302
593
914
1363
1747
1680
1328
933
810
1012
1546
2171
2690
3256
3685
3879
3610
2176
-1225
-5284
-7218
-5686
-2024
1064
2346
2454
2712
3153
2731
1215
-15
-3
508
389
-519
-1741
-2554
-2301
-1172
33
890
1584
1948
1509
257
-1119
-2128
-2452
-1981
-962
-10
562
856
858
467
-98
-453
-621
-883
-1648
-2729
-3572
-3434
-2395
-1128
-604
-659
-613
-324
-223
-406
-531
-387
-26
231
257
22
-108
62
491
987
1541
2068
2123
1614
830
351
583
1386
2184
2721
3178
3632
4124
4235
2579
-1327
-5610
-7099
-4961
-1226
1245
1782
1626
2068
2584
1964
550
-73
553
1184
809
-508
-2020
-2878
-2495
-1331
-159
826
1740
2040
1276
-151
-1393
-2043
-2082
-1448
-520
220
625
800
637
99
-353
-466
-340
-666
-1516
-2516
-3157
-3133
-2433
-1683
-1317
-932
-387
-20
-209
-571
-631
-318
-7
142
167
88
91
196
437
822
1423
1920
1854
1306
589
343
636
1387
2089
2777
3478
4080
4263
4090
2823
-507
-4697
-6882
-5354
-1689
1292
1850
1217
1080
1785
1781
743
124
863
1771
1443
-67
-1896
-2948
-2681
-1465
-284
632
1466
1948
1339
-150
-1477
-2042
-1876
-1207
-349
290
617
739
589
94
-424
-545
-512
-489
-1166
-2489
-3709
-3946
-3123
-1719
-720
-611
-540
-310
-117
-314
-401
-239
186
382
350
75
-178
-85
380
904
1432
1901
1944
1402
453
-40
274
1425
2592
3508
3968
4268
4273
4093
2733
-666
-4785
-6539
-4690
-1268
976
955
238
331
1296
1544
929
787
1750
2331
1395
-566
-2342
-3051
-2490
-1205
-86
781
1596
1848
877
-758
-1789
-1833
-1352
-680
-31
367
481
441
170
-274
-487
-234
-51
-326
-1168
-2583
-3811
-4089
-3232
-1985
-935
-634
-471
-258
-151
-378
-536
-308
129
388
348
225
96
189
486
837
1285
1659
1601
1020
315
168
765
1899
2838
3583
3986
4282
4106
3887
2899
-23
-4209
-6549
-5176
-1860
703
849
-48
-193
987
1660
1266
1084
2035
2653
1589
-527
-2343
-2937
-2270
-952
42
787
1521
1799
717
-1022
-1991
-1776
-1043
-333
153
295
317
297
64
-389
-528
-70
233
-135
-1284
-2947
-4282
-4516
-3518
-2021
-794
-505
-491
-513
-485
-590
-462
-37
458
646
451
173
-94
-35
270
678
1114
1679
1809
1278
521
305
1020
2245
3270
3793
3999
4064
3800
3353
2096
-745
-4323
-5669
-3827
-792
731
102
-1006
-790
723
1627
1484
1561
2419
2519
1031
-1083
-2335
-2273
-1221
-106
418
674
1077
956
-269
-1668
-1958
-1175
-279
180
167
-13
-47
111
25
-278
-177
343
506
-314
-1931
-3632
-4532
-4186
-2989
-1763
-1108
-870
-674
-558
-686
-736
-305
429
851
724
322
23
-26
44
174
498
1092
1716
1772
1249
709
870
1670
2612
3172
3317
3377
3363
3056
2806
2281
84
-3310
-5148
-3795
-942
818
207
-1254
-1355
304
1556
1443
1378
2173
2588
1409
-485
-1907
-1907
-815
312
454
242
477
581
-426
-1844
-2154
-1253
-149
356
157
-297
-332
61
168
-179
-240
179
296
-544
-1828
-3360
-4406
-4301
-3064
-1706
-738
-562
-836
-863
-665
-434
-128
474
917
929
448
-48
-245
-11
496
874
1188
1634
1968
1649
1076
866
1410
2336
2936
2986
2863
2839
2708
2741
2298
186
-2998
-4471
-3048
-582
488
-659
-2167
-1800
333
1694
1495
1357
2124
2413
1174
-709
-1761
-1247
97
807
292
-281
-38
139
-773
-1865
-1754
-617
354
438
-215
-790
-527
227
456
65
-55
268
172
-768
-2082
-3357
-3966
-3592
-2597
-1769
-1296
-1156
-1068
-866
-605
-376
81
665
873
561
71
-122
102
508
713
819
1059
1599
1895
1683
1168
1122
1590
2228
2373
2206
2225
2579
2848
3044
2676
450
-2662
-4001
-2568
-428
333
-1010
-2421
-1794
452
1599
1155
1037
1960
2383
1173
-691
-1612
-765
859
1353
145
-873
-409
216
-568
-1813
-1849
-711
306
281
-688
-1441
-878
338
730
225
-2
261
151
-778
-1939
-2991
-3665
-3566
-2747
-1815
-1074
-872
-1194
-1295
-791
-128
252
438
458
408
319
165
93
381
979
1451
1627
1694
1770
1695
1424
1167
1317
1829
2140
2116
2060
2344
3002
3618
2386
-962
-3756
-3262
-711
964
-64
-2346
-2860
-688
1498
1486
625
866
1868
1746
206
-1425
-1366
397
1879
1179
-670
-1215
-288
123
-833
-1774
-1492
-328
327
-416
-1775
-1812
-178
1241
1047
90
-276
-26
-75
-919
-2298
-3291
-3215
-2474
-2035
-2022
-1890
-1516
-947
-551
-523
-561
-140
382
446
149
59
384
874
1142
1091
1053
1487
2140
2264
1733
1103
976
1399
1924
1990
1961
2217
2703
3170
2968
846
-2169
-3256
-1600
542
869
-1049
-2915
-2207
386
1649
914
303
920
1526
839
-672
-1517
-504
1433
1916
190
-1362
-892
290
124
-990
-1529
-1032
-224
-194
-1302
-2126
-1124
700
1229
400
-237
-118
109
-224
-1229
-2498
-3117
-2813
-2298
-2119
-1956
-1661
-1353
-943
-555
-467
-422
-101
226
225
112
153
526
1035
1334
1310
1378
1857
2203
1981
1358
1081
1358
1995
2183
1955
1886
2311
2932
3111
1525
-1433
-2983
-1695
558
1256
-487
-2807
-2670
7
1762
1002
-79
348
1286
1042
-334
-1430
-735
1270
2080
422
-1419
-1016
468
600
-520
-1300
-1175
-597
-411
-1238
-2049
-1244
463
1009
267
-255
-115
123
-123
-837
-1894
-2761
-2954
-2755
-2472
-1999
-1427
-1460
-1463
-1049
-564
-367
-159
-44
-72
24
148
364
746
1407
1723
1623
1631
1784
1781
1584
1495
1564
1915
2044
1935
2011
2290
2710
2693
1019
-1667
-2432
-710
1142
1141
-944
-2999
-2359
540
1926
782
-378
120
992
809
-343
-1160
-367
1360
1710
-150
-1638
-741
920
940
-249
-1117
-1228
-832
-552
-1095
-1624
-800
485
584
-136
-382
-61
283
185
-576
-1915
-2820
-2758
-2259
-2001
-1838
-1795
-1856
-1502
-853
-525
-613
-452
-193
-49
-90
-27
254
870
1477
1615
1452
1515
1760
1807
1584
1524
1748
1991
1919
1760
2034
2593
3141
2544
318
-2140
-2060
193
1820
807
-1990
-3387
-1577
1456
2027
374
-800
-25
1036
754
-553
-1021
260
1643
1072
-1015
-1818
-363
1280
1022
-407
-1334
-1170
-577
-495
-1107
-1383
-544
314
99
-558
-506
105
465
169
-904
-2225
-2797
-2297
-1741
-1724
-1984
-2096
-1818
-1297
-931
-868
-696
-301
4
-179
-500
-281
556
1304
1544
1547
1707
1900
1943
1731
1606
1886
2303
2150
1639
1539
2084
2873
2717
673
-1844
-2108
19
1772
1019
-1737
-3321
-1727
1340
2126
357
-1135
-480
922
1109
-4
-844
-142
1192
1081
-776
-1864
-666
1042
1151
-35
-1104
-1278
-601
-19
-462
-1198
-845
97
229
-327
-623
-419
-61
40
-752
-1889
-2255
-1554
-1091
-1488
-2272
-2385
-1625
-797
-642
-1016
-1063
-617
-167
-368
-714
-393
566
1211
1197
1138
1596
2170
2305
1795
1504
1819
2446
2292
1655
1412
2156
3096
2346
-261
-2335
-1262
1236
2127
-145
-2997
-3178
-114
2403
1515
-995
-1727
-153
1324
1195
-146
-767
227
1400
615
-1285
-1531
38
1088
488
-692
-1282
-731
353
422
-851
-1574
-721
291
292
-196
-544
-720
-612
-826
-1560
-1986
-1272
-434
-645
-1775
-2418
-1945
-939
-448
-877
-1493
-1305
-429
-62
-468
-776
-325
490
1098
1378
1448
1716
2160
2405
2286
2101
2092
2043
2150
2148
2420
2061
572
-1364
-1359
442
1767
660
-2093
-3361
-1385
1832
2182
-204
-2021
-1072
858
1601
601
-615
-285
1026
1019
-662
-1324
68
1284
509
-1175
-1975
-1255
329
957
-210
-1437
-927
240
345
-259
-527
-414
-269
-664
-1605
-2117
-1420
-510
-642
-1620
-1916
-1033
-167
-380
-1270
-1811
-1422
-416
88
-227
-575
-260
272
522
622
879
1398
1937
2313
2389
2314
2245
2301
2304
2238
2277
1511
-269
-1445
-356
1308
1308
-803
-2874
-2466
409
2209
573
-1963
-1964
215
1585
1069
-314
-651
570
1601
578
-1016
-622
921
1027
-386
-1366
-1044
9
555
-401
-1847
-1664
73
923
287
-499
-786
-780
-645
-583
-987
-1252
-1143
-989
-1271
-1336
-1161
-1045
-998
-693
-481
-579
-559
-482
-498
-512
-200
283
775
1058
946
698
908
1606
2178
2104
1848
1955
2479
2863
2597
1096
-610
-779
732
1516
221
-1911
-2530
-791
1394
1156
-1263
-2505
-1022
929
1076
-46
-732
-127
1036
967
-446
-887
643
1759
705
-901
-1134
-222
567
251
-1135
-1899
-871
377
-33
-1249
-1439
-866
-435
-277
-423
-891
-1062
-859
-912
-1013
-702
-507
-883
-1208
-1019
-663
-443
-280
-211
-142
144
615
864
778
677
827
1241
1771
2087
1878
1584
1701
2205
2480
1949
471
-669
-135
1376
1563
-214
-2234
-2160
-85
1382
212
-1902
-2060
-313
839
262
-840
-991
82
973
394
-769
-377
1084
1241
-132
-978
-372
716
1125
277
-1146
-1346
-144
499
-448
-1442
-1388
-865
-598
-793
-1344
-1626
-1042
-436
-539
-891
-741
-466
-491
-641
-754
-635
-199
265
78
-290
22
815
1163
1001
984
1321
1877
2178
1961
1535
1603
2188
2506
1798
328
-400
358
1353
850
-932
-2190
-1393
572
1076
-760
-2475
-1867
-67
599
-201
-1095
-1008
31
669
-33
-913
-300
774
522
-396
-404
331
723
404
-613
-1297
-581
695
499
-831
-1335
-694
-134
-305
-955
-1608
-1513
-771
-426
-876
-1217
-972
-652
-614
-641
-569
-412
-92
103
150
321
896
1149
903
789
1304
1951
2164
1859
1472
1786
2605
3009
2129
489
-452
331
1617
1411
-413
-1937
-1454
394
1169
-453
-2478
-2406
-617
428
-239
-1366
-1511
-575
203
-195
-1016
-696
423
595
-217
-571
-44
478
312
-481
-1088
-584
470
508
-542
-1184
-793
-95
-30
-627
-1255
-1166
-530
-110
-430
-956
-1047
-788
-687
-698
-634
-483
-339
-186
53
532
1100
1095
637
538
1429
2347
2480
1754
1440
2104
3162
3041
1341
-216
83
1621
1902
418
-1368
-1289
449
1596
80
-2336
-2606
-748
521
-185
-1587
-2096
-1126
49
-97
-1297
-1533
-514
25
-436
-721
-265
165
133
-426
-966
-683
253
385
-601
-1318
-859
-28
142
-355
-890
-846
-316
57
-326
-833
-760
-233
-153
-472
-675
-435
5
274
177
80
425
770
709
624
1086
1815
2094
1750
1464
1908
2827
2959
1606
39
206
1623
2074
706
-948
-1071
456
1526
264
-1934
-2147
-412
558
-290
-1565
-1779
-854
53
-327
-1531
-1673
-539
-10
-665
-1035
-583
-182
-306
-741
-1145
-909
-149
-45
-859
-1308
-747
-111
-143
-549
-873
-841
-414
-69
-228
-532
-421
-168
-122
-53
127
146
56
252
587
880
899
753
802
1248
1811
1863
1594
1336
1703
2260
2312
1302
361
574
1579
1695
575
-545
-466
737
1353
87
-1724
-1624
-53
514
-474
-1538
-1590
-784
-35
-436
-1546
-1611
-505
-34
-651
-918
-508
-330
-560
-890
-1193
-1060
-484
-525
-1285
-1407
-600
-270
-861
-1350
-1177
-653
-256
-313
-714
-641
37
320
-109
-329
65
449
501
551
790
1127
1247
1116
1040
1521
2149
2130
1538
1463
2230
2808
2097
671
169
1179
2054
1321
-369
-981
207
1564
870
-1254
-2049
-665
630
111
-1311
-1869
-1081
-3
-63
-1303
-1859
-892
-40
-538
-1218
-995
-498
-445
-747
-1139
-1201
-731
-500
-1079
-1416
-794
-295
-817
-1449
-1357
-826
-455
-564
-996
-1025
-234
374
19
-601
-422
279
733
811
776
965
1285
1567
1501
1551
1803
2028
1902
1925
2267
2562
2013
977
663
1456
1869
1014
-166
-259
706
1393
568
-1089
-1508
-258
573
-229
-1380
-1473
-783
-315
-571
-1375
-1593
-866
-361
-893
-1331
-929
-543
-737
-1050
-1113
-995
-736
-774
-1265
-1422
-850
-503
-1036
-1485
-1170
-586
-436
-674
-965
-772
-109
242
-160
-573
-162
505
757
614
817
1144
1463
1619
1659
1648
1800
2003
2005
2178
2477
2141
1185
940
1662
1935
990
-76
-100
899
1574
700
-1002
-1321
53
753
-321
-1527
-1414
-477
42
-458
-1513
-1681
-745
-241
-923
-1477
-1096
-662
-781
-1167
-1410
-1379
-1082
-1051
-1395
-1494
-1122
-1002
-1317
-1434
-1099
-787
-761
-780
-630
-361
-179
-199
-320
-142
289
583
616
817
1288
1527
1520
1567
1896
2043
2039
1877
2007
2402
2497
1665
939
1342
2044
1566
336
-153
568
1413
997
-602
-1405
-304
908
204
-1397
-1665
-544
346
-36
-1207
-1783
-927
61
-387
-1555
-1640
-825
-462
-855
-1407
-1676
-1476
-1104
-1233
-1754
-1817
-1409
-1217
-1255
-1200
-1227
-1332
-1044
-547
-453
-674
-584
-182
178
441
594
664
1036
1689
1891
1688
1745
2134
2182
2031
2029
2280
2578
2319
1515
1102
1810
2216
1383
185
172
1074
1532
499
-1017
-1100
290
885
-347
-1592
-1261
-101
260
-581
-1718
-1738
-612
-46
-859
-1641
-1258
-667
-704
-1143
-1556
-1670
-1336
-1051
-1401
-1788
-1587
-1265
-1471
-1701
-1541
-1362
-1379
-1276
-1035
-889
-736
-537
-433
-193
354
842
967
1118
1457
1783
2055
2274
2260
2120
2282
2700
2936
2540
1682
1399
2077
2577
1760
516
317
1217
1727
799
-716
-976
233
888
-174
-1472
-1248
-108
272
-534
-1513
-1521
-581
-107
-882
-1652
-1266
-547
-660
-1372
-1725
-1453
-1140
-1268
-1751
-1936
-1522
-1190
-1648
-2191
-1811
-1166
-1225
-1662
-1558
-929
-368
-393
-714
-595
236
972
867
500
823
1790
2296
2091
1740
1922
2461
2989
2711
1801
1486
2278
2751
1974
1005
922
1544
1831
1128
-88
-375
485
869
-179
-1202
-834
50
106
-596
-1183
-1100
-373
-52
-719
-1350
-922
-322
-525
-1135
-1377
-1154
-895
-916
-1369
-1717
-1552
-1215
-1517
-2039
-1970
-1509
-1406
-1667
-1723
-1377
-834
-662
-870
-818
-136
526
562
315
455
1224
1869
1846
1469
1641
2359
2903
2476
1420
1131
1979
2483
1651
561
594
1585
2074
1077
-284
-258
943
1246
-9
-1055
-572
522
635
-370
-1266
-909
181
328
-698
-1340
-791
-147
-428
-1106
-1397
-1254
-839
-651
-1090
-1505
-1238
-943
-1067
-1297
-1546
-1724
-1519
-1151
-1169
-1368
-1289
-805
-399
-265
-313
-203
169
641
947
1016
1206
1550
1906
1979
2094
1949
1499
1207
1648
1874
1259
601
654
1149
1369
692
-345
-215
749
852
-179
-832
-439
297
274
-486
-1045
-673
107
221
-520
-969
-540
-87
-397
-956
-1185
-1076
-745
-649
-1007
-1331
-1040
-727
-906
-1275
-1327
-1192
-1051
-949
-985
-987
-676
-181
-1
-5
197
632
922
1098
1361
1548
1637
1765
1959
2023
1816
1411
1182
1434
1612
1182
493
357
838
1015
239
-708
-562
266
325
-603
-1252
-887
-165
-149
-944
-1502
-1038
-172
-134
-833
-1122
-603
-79
-203
-727
-1111
-961
-546
-461
-920
-1281
-1128
-760
-740
-1061
-1379
-1309
-884
-583
-743
-992
-713
-87
350
333
307
630
1246
1728
1810
1787
1910
2244
2395
2394
1982
1557
1518
1820
1733
1206
749
765
1079
962
121
-620
-404
90
-248
-1107
-1372
-910
-532
-744
-1348
-1623
-1136
-494
-726
-1385
-1302
-647
-418
-712
-1015
-1212
-1078
-746
-749
-1222
-1429
-1126
-825
-903
-1170
-1323
-1211
-848
-551
-631
-779
-360
280
547
462
618
1028
1508
1831
1837
1883
2200
2609
2632
2189
1775
1934
2163
1842
1346
1059
1172
1462
1294
308
-306
107
461
-154
-1018
-1213
-833
-522
-863
-1587
-1826
-1196
-643
-957
-1539
-1428
-952
-777
-949
-1315
-1539
-1273
-820
-840
-1162
-1308
-1096
-780
-716
-1046
-1434
-1341
-779
-403
-639
-838
-422
263
608
487
362
721
1558
2009
1885
1826
2304
2827
2662
2038
1779
2132
2296
1852
1257
1231
1664
1605
635
-198
11
420
-26
-931
-1262
-838
-438
-777
-1596
-1853
-1239
-709
-1060
-1680
-1603
-1006
-686
-972
-1440
-1541
-1106
-703
-847
-1299
-1358
-929
-579
-700
-1092
-1223
-947
-456
-302
-510
-591
-133
430
608
533
567
959
1472
1813
1794
1821
2055
2297
2063
1731
1701
1887
1756
1449
1252
1382
1504
1126
350
69
394
442
-122
-668
-663
-375
-369
-858
-1404
-1442
-1026
-886
-1344
-1750
-1536
-1072
-1074
-1586
-1940
-1673
-1163
-1115
-1610
-1934
-1399
-618
-738
-1533
-1633
-786
-88
-283
-806
-613
361
1083
834
392
770
1786
2223
1851
1559
2055
2667
2619
1876
1502
1848
2237
1847
1135
1010
1462
1623
946
84
9
555
535
-277
-831
-538
-141
-364
-1039
-1441
-1233
-844
-922
-1488
-1713
-1347
-919
-1203
-1759
-1923
-1577
-1250
-1344
-1772
-1967
-1405
-854
-1158
-1873
-1810
-1062
-595
-796
-1130
-803
109
828
685
407
856
1879
2365
2090
1926
2432
3112
3005
2302
1985
2412
2716
2198
1459
1398
1918
1868
916
108
273
690
322
-593
-1008
-660
-331
-687
-1442
-1671
-1198
-802
-1222
-1819
-1687
-1041
-971
-1514
-1881
-1599
-1189
-1225
-1762
-2005
-1517
-988
-1325
-1989
-1950
-1285
-1012
-1333
-1582
-1129
-331
162
45
-6
646
1534
1825
1668
1874
2473
2943
2743
2281
2257
2701
2762
2193
1753
1896
2232
1949
1115
587
822
975
392
-376
-568
-282
-255
-741
-1308
-1349
-1023
-993
-1419
-1777
-1489
-1162
-1304
-1718
-1753
-1489
-1257
-1372
-1696
-1664
-1248
-1009
-1310
-1576
-1381
-1000
-931
-1037
-972
-640
-194
107
227
346
772
1223
1473
1559
1786
2102
2147
1957
1928
2107
2113
1853
1671
1709
1930
1871
1311
781
944
1226
828
95
-160
101
205
-181
-807
-1069
-835
-697
-1151
-1681
-1603
-1265
-1384
-1843
-1995
-1759
-1636
-1760
-1925
-1867
-1611
-1404
-1503
-1630
-1374
-1047
-1009
-1042
-748
-302
9
201
380
707
1128
1464
1536
1657
2000
2362
2206
1856
1857
2175
2155
1784
1461
1524
1826
1828
1158
519
714
1142
837
15
-305
-30
215
-90
-736
-1076
-809
-559
-927
-1391
-1401
-1176
-1176
-1396
-1565
-1580
-1610
-1677
-1632
-1580
-1641
-1725
-1693
-1540
-1345
-1428
-1560
-1369
-823
-507
-454
-320
118
713
1026
1119
1230
1719
2152
2155
1793
1847
2249
2409
1957
1547
1621
2042
2005
1315
695
903
1379
1097
230
-176
130
395
71
-602
-893
-696
-484
-643
-1014
-1217
-1015
-802
-910
-1115
-1274
-1457
-1349
-1016
-1068
-1569
-1722
-1404
-1099
-1298
-1700
-1785
-1313
-739
-725
-966
-800
50
589
548
374
875
1574
1916
1582
1282
1573
2193
2155
1479
1130
1555
2043
1716
848
476
954
1322
820
-23
-260
207
418
-98
-868
-916
-570
-481
-774
-1102
-1068
-788
-657
-860
-960
-952
-998
-910
-693
-685
-929
-1067
-967
-730
-727
-991
-1167
-821
-354
-213
-517
-500
55
659
721
511
671
1197
1635
1306
873
1003
1615
1583
1087
746
1089
1527
1343
504
172
707
1069
511
-238
-300
136
254
-304
-1000
-1164
-670
-411
-881
-1529
-1341
-751
-582
-987
-1384
-1408
-858
-394
-687
-1246
-1050
-379
-180
-544
-772
-580
-109
158
98
-122
153
746
1035
857
851
1166
1460
1437
1092
917
1139
1435
1165
704
570
963
1215
792
70
33
573
689
70
-536
-467
-24
15
-550
-1166
-1187
-715
-495
-1041
-1543
-1346
-819
-686
-978
-1423
-1475
-898
-414
-711
-1198
-1027
-407
-78
-278
-554
-487
36
504
507
204
404
1047
1414
1292
1188
1369
1590
1570
1309
1090
1205
1294
1101
711
709
980
923
367
5
220
396
183
-333
-606
-492
-194
-393
-958
-1336
-1136
-777
-928
-1369
-1544
-1254
-959
-875
-1229
-1569
-1317
-720
-628
-972
-1096
-767
-357
-218
-343
-435
-155
377
682
592
625
993
1411
1519
1546
1538
1696
1644
1546
1366
1391
1293
1062
758
725
979
865
268
-160
132
392
153
-455
-721
-533
-178
-364
-980
-1331
-1046
-636
-861
-1342
-1484
-1144
-915
-980
-1316
-1503
-1249
-861
-875
-1126
-1124
-813
-629
-629
-598
-469
-176
177
434
511
762
1152
1398
1491
1611
1807
1836
1672
1556
1605
1636
1426
1099
870
996
1150
800
87
-100
236
346
-68
-582
-715
-482
-276
-628
-1107
-1237
-969
-823
-935
-1139
-1186
-1095
-1044
-985
-1013
-1133
-1224
-1071
-865
-730
-810
-967
-930
-604
-346
-348
-291
-50
332
647
837
961
1163
1440
1616
1657
1465
1387
1467
1578
1422
1194
976
959
1108
1033
569
139
138
264
232
-75
-426
-591
-459
-421
-642
-945
-1073
-996
-857
-823
-909
-1011
-1098
-991
-805
-800
-987
-1048
-907
-719
-637
-744
-842
-752
-509
-340
-260
-102
151
384
527
762
1036
1271
1343
1352
1242
1223
1332
1430
1313
1089
895
861
1008
1018
653
196
77
186
208
-7
-339
-549
-562
-529
-607
-787
-952
-1012
-960
-849
-773
-777
-910
-945
-776
-612
-601
-652
-647
-578
-451
-384
-404
-423
-345
-247
-117
20
169
302
407
511
682
866
973
997
844
698
745
948
986
832
592
530
668
730
544
256
155
194
178
10
-168
-239
-282
-367
-491
-598
-629
-653
-651
-659
-632
-604
-599
-647
-592
-460
-431
-446
-423
-313
-226
-211
-241
-225
-138
-5
103
122
178
357
521
587
615
676
758
789
674
496
435
526
606
536
341
208
227
242
169
7
-117
-185
-198
-263
-392
-509
-597
-644
-683
-706
-755
-739
-690
-614
-541
-490
-466
-400
-286
-226
-162
-82
17
103
146
170
219
311
367
423
498
640
766
821
874
940
1038
1076
1046
897
721
617
612
595
486
330
186
88
-18
-144
-301
-439
-542
-608
-752
-938
-1075
-1130
-1181
-1248
-1315
-1355
-1285
-1155
-1040
-1001
-928
-791
-635
-527
-452
-351
-193
-21
112
173
244
373
510
599
666
767
920
1112
1247
1315
1380
1508
1622
1628
1478
1303
1203
1186
1154
1061
883
684
555
434
228
-30
-224
-359
-499
-709
-973
-1214
-1344
-1409
-1508
-1674
-1780
-1730
-1615
-1555
-1554
-1511
-1399
-1249
-1130
-1065
-977
-803
-569
-413
-335
-229
-26
190
340
453
611
833
1073
1280
1432
1569
1731
1888
1936
1873
1776
1709
1667
1671
1628
1483
1279
1130
970
738
472
243
62
-139
-375
-667
-945
-1160
-1308
-1463
-1637
-1766
-1792
-1753
-1718
-1747
-1761
-1687
-1550
-1471
-1445
-1372
-1202
-999
-858
-767
-634
-425
-201
-30
124
330
576
810
1016
1227
1412
1598
1765
1855
1817
1761
1762
1792
1815
1796
1718
1568
1435
1275
1061
821
639
463
262
25
-236
-510
-760
-945
-1148
-1350
-1507
-1553
-1580
-1616
-1669
-1703
-1693
-1656
-1641
-1651
-1600
-1460
-1305
-1214
-1120
-975
-776
-575
-379
-190
33
295
539
756
977
1227
1449
1615
1673
1656
1660
1733
1834
1871
1835
1736
1615
1493
1339
1148
933
758
597
407
179
-59
-298
-554
-780
-983
-1159
-1278
-1330
-1360
-1429
-1496
-1524
-1534
-1555
-1566
-1527
-1447
-1335
-1249
-1180
-1094
-936
-743
-583
-435
-238
12
244
462
678
894
1116
1331
1443
1449
1460
1541
1642
1705
1726
1673
1562
1451
1334
1175
987
852
713
522
309
116
-79
-316
-546
-766
-940
-1052
-1096
-1147
-1233
-1314
-1353
-1364
-1379
-1399
-1392
-1345
-1253
-1185
-1162
-1135
-1027
-857
-701
-577
-440
-242
-24
195
399
615
837
1045
1179
1223
1239
1312
1440
1553
1593
1578
1526
1454
1350
1211
1056
924
809
652
456
237
51
-144
-345
-554
-721
-840
-914
-975
-1067
-1147
-1197
-1185
-1181
-1205
-1236
-1219
-1156
-1101
-1064
-1024
-934
-807
-656
-526
-405
-260
-76
122
305
502
704
874
962
993
1002
1048
1148
1263
1332
1313
1263
1205
1125
996
848
726
620
495
332
163
-4
-172
-347
-505
-632
-726
-787
-835
-892
-955
-979
-969
-954
-963
-973
-962
-927
-865
-802
-730
-641
-518
-382
-258
-148
-38
101
262
444
634
791
893
918
911
922
955
1018
1077
1115
1082
1013
920
809
684
549
436
312
180
36
-117
-274
-421
-559
-695
-795
-838
-865
-901
-937
-954
-957
-955
-937
-919
-903
-860
-791
-722
-647
-547
-425
-303
-183
-65
51
171
310
467
630
796
935
1004
999
986
1006
1076
1149
1194
1179
1118
1036
935
810
678
557
436
301
134
-45
-227
-383
-525
-675
-813
-911
-956
-983
-1018
-1057
-1096
-1100
-1085
-1072
-1064
-1025
-944
-847
-756
-666
-543
-401
-243
-112
1
112
262
433
603
760
889
982
1001
999
1002
1053
1123
1192
1199
1126
1026
935
842
706
576
462
341
185
22
-151
-322
-471
-591
-704
-801
-845
-860
-889
-942
-973
-972
-948
-919
-897
-872
-822
-739
-640
-563
-484
-372
-237
-112
-22
63
164
298
446
597
706
759
762
748
761
816
905
973
988
933
866
789
703
601
503
412
306
179
31
-122
-267
-386
-498
-610
-690
-728
-744
-773
-819
-846
-849
-826
-802
-782
-749
-688
-606
-522
-432
-338
-225
-104
17
112
204
313
438
570
691
798
842
815
763
756
800
869
917
899
809
699
608
518
406
291
183
61
-73
-212
-345
-480
-594
-697
-788
-849
-858
-850
-865
-885
-877
-843
-796
-734
-683
-624
-546
-430
-331
-239
-140
-17
110
224
328
417
507
623
748
856
919
926
876
814
800
833
875
874
827
724
611
502
393
266
141
25
-102
-246
-389
-523
-645
-750
-843
-923
-975
-977
-968
-962
-961
-934
-888
-824
-755
-681
-601
-499
-378
-261
-139
-7
137
270
386
482
584
701
825
945
1035
1078
1057
992
941
928
946
962
936
836
700
571
459
333
190
48
-99
-250
-395
-534
-685
-817
-922
-1001
-1077
-1116
-1127
-1133
-1134
-1111
-1057
-997
-916
-821
-732
-641
-513
-362
-221
-84
77
240
390
528
655
761
873
1021
1156
1231
1238
1199
1139
1104
1117
1131
1093
1010
893
753
605
459
309
139
-18
-171
-334
-507
-663
-805
-937
-1044
-1123
-1182
-1221
-1235
-1243
-1248
-1225
-1165
-1089
-1001
-901
-797
-688
-558
-412
-259
-100
80
256
410
549
677
814
957
1098
1207
1265
1271
1244
1226
1234
1246
1231
1181
1085
942
796
661
516
347
177
9
-172
-349
-512
-676
-840
-972
-1078
-1164
-1225
-1266
-1311
-1342
-1337
-1305
-1254
-1169
-1067
-980
-881
-745
-598
-457
-292
-105
69
238
414
571
705
853
1018
1149
1233
1278
1283
1272
1285
1318
1320
1280
1207
1098
963
829
689
522
347
182
11
-166
-335
-504
-675
-828
-944
-1039
-1118
-1176
-1238
-1304
-1337
-1324
-1282
-1217
-1133
-1052
-976
-876
-747
-611
-466
-295
-115
55
222
387
539
686
850
997
1105
1163
1192
1219
1246
1286
1311
1296
1237
1147
1047
935
805
658
502
334
160
-6
-169
-341
-509
-657
-784
-897
-983
-1053
-1132
-1214
-1268
-1277
-1255
-1201
-1131
-1073
-1016
-936
-824
-701
-569
-420
-265
-105
59
215
357
503
658
810
934
1021
1066
1088
1122
1167
1203
1213
1191
1130
1040
949
851
727
589
446
292
135
-10
-159
-326
-478
-592
-693
-782
-858
-938
-1034
-1106
-1129
-1129
-1110
-1054
-998
-961
-917
-834
-737
-630
-493
-351
-224
-81
79
218
338
467
605
731
842
923
955
975
1021
1069
1084
1074
1036
971
902
834
728
587
448
324
188
42
-101
-243
-376
-478
-567
-667
-759
-829
-886
-937
-976
-989
-976
-935
-875
-827
-785
-719
-623
-519
-408
-295
-179
-56
71
197
303
402
508
614
707
775
810
827
847
874
885
875
845
796
727
652
577
470
352
242
131
-2
-136
-251
-356
-451
-527
-594
-674
-743
-782
-807
-835
-839
-820
-784
-734
-676
-619
-562
-474
-355
-240
-132
-24
87
191
299
406
494
570
655
731
772
794
813
827
825
809
783
727
654
577
492
390
280
178
65
-72
-225
-348
-451
-531
-597
-671
-763
-844
-888
-900
-908
-894
-856
-818
-773
-714
-640
-573
-471
-338
-202
-86
43
168
272
370
485
600
699
801
886
931
949
978
986
969
946
930
892
830
754
638
502
383
288
166
2
-168
-323
-455
-555
-647
-764
-887
-973
-1022
-1068
-1107
-1134
-1129
-1087
-1012
-944
-894
-829
-721
-590
-452
-309
-169
-30
116
263
388
504
632
771
877
951
1006
1053
1103
1147
1167
1143
1099
1055
998
919
819
715
604
474
322
153
-14
-166
-293
-417
-548
-690
-816
-921
-1012
-1094
-1150
-1174
-1185
-1181
-1160
-1130
-1087
-1015
-919
-811
-686
-541
-401
-278
-153
-18
126
281
443
585
706
816
911
973
1029
1105
1182
1230
1245
1218
1161
1090
1023
941
831
720
603
468
302
131
-35
-183
-315
-444
-588
-733
-849
-941
-1023
-1094
-1141
-1160
-1159
-1151
-1133
-1103
-1046
-961
-853
-736
-611
-480
-355
-242
-127
5
156
312
457
571
663
751
842
922
991
1057
1108
1132
1127
1097
1039
969
893
807
701
586
473
344
193
43
-96
-231
-361
-478
-590
-695
-780
-848
-910
-967
-995
-996
-984
-960
-928
-884
-821
-733
-634
-535
-434
-325
-217
-112
-8
97
201
303
401
489
569
646
718
787
849
891
899
882
856
825
792
750
693
612
506
396
285
173
62
-44
-149
-256
-360
-457
-539
-613
-679
-739
-776
-787
-786
-785
-781
-765
-725
-668
-598
-521
-437
-342
-242
-148
-66
15
96
183
266
336
401
472
546
611
666
714
751
759
740
701
661
630
611
574
509
424
334
234
127
23
-75
-162
-239
-312
-398
-496
-578
-636
-677
-704
-709
-702
-699
-691
-680
-657
-614
-543
-456
-366
-274
-180
-88
-8
71
145
216
291
363
424
476
531
584
631
665
694
698
679
650
614
572
528
488
432
356
266
175
78
-17
-104
-188
-268
-344
-413
-488
-557
-619
-664
-690
-687
-673
-659
-645
-629
-606
-569
-509
-433
-348
-258
-153
-58
29
109
182
247
309
374
434
492
542
585
616
643
665
673
662
637
608
571
532
482
419
336
248
163
76
-14
-97
-175
-254
-336
-415
-488
-557
-611
-649
-675
-689
-693
-689
-686
-671
-642
-599
-550
-486
-419
-347
-259
-161
-64
32
125
210
284
348
407
468
530
589
643
682
712
727
731
722
708
688
664
631
577
507
425
335
237
146
58
-23
-105
-194
-290
-390
-482
-559
-622
-681
-728
-754
-769
-780
-783
-781
-769
-734
-673
-606
-542
-473
-399
-315
-221
-118
-12
91
183
262
330
400
473
540
601
657
702
733
752
758
746
732
723
706
668
618
546
462
377
290
201
118
46
-29
-118
-216
-309
-399
-483
-548
-605
-658
-695
-717
-737
-754
-757
-745
-722
-683
-628
-575
-518
-448
-368
-286
-201
-107
-14
71
150
220
290
365
441
509
569
618
654
675
689
697
700
696
683
658
612
546
474
409
341
270
201
131
52
-36
-128
-215
-293
-363
-421
-478
-529
-578
-619
-652
-671
-675
-670
-652
-624
-586
-551
-509
-452
-385
-315
-237
-158
-84
-13
56
122
190
256
319
381
434
482
529
570
599
617
618
611
595
581
561
515
453
394
336
278
219
149
68
-8
-76
-148
-215
-275
-330
-383
-430
-474
-508
-534
-546
-546
-537
-520
-500
-475
-451
-413
-365
-300
-234
-172
-119
-66
-11
42
91
144
206
253
294
328
367
411
447
465
474
481
485
484
464
432
390
342
289
237
188
134
75
9
-54
-108
-156
-213
-274
-326
-364
-397
-420
-434
-451
-459
-458
-451
-437
-409
-368
-329
-290
-234
-171
-125
-97
-65
-17
50
112
157
199
238
279
305
322
341
377
422
453
456
441
422
407
388
353
307
262
226
183
131
76
20
-42
-101
-152
-204
-249
-284
-318
-360
-398
-424
-441
-451
-456
-451
-435
-406
-365
-322
-277
-223
-161
-114
-79
-40
11
74
133
178
214
258
300
335
352
365
386
405
419
432
443
435
408
360
300
244
205
161
116
76
40
-15
-82
-143
-191
-239
-287
-335
-365
-376
-384
-405
-435
-450
-444
-431
-416
-395
-374
-342
-286
-222
-173
-127
-72
-10
50
105
153
201
254
292
315
335
372
400
410
414
439
469
477
453
404
366
330
292
238
191
155
128
79
6
-61
-106
-143
-207
-274
-318
-333
-342
-373
-425
-462
-459
-439
-435
-447
-437
-396
-360
-351
-340
-295
-217
-135
-77
-35
22
105
168
193
205
252
319
367
379
379
393
435
467
449
413
413
421
373
299
246
228
224
217
165
81
12
-20
-71
-147
-204
-213
-212
-238
-291
-351
-390
-402
-399
-392
-376
-352
-323
-338
-375
-386
-350
-299
-233
-167
-98
-42
8
39
41
63
139
240
306
340
364
368
351
329
313
315
335
355
345
311
267
220
160
125
121
127
96
37
-19
-64
-118
-171
-206
-206
-187
-179
-210
-267
-284
-279
-283
-291
-260
-227
-230
-275
-315
-307
-247
-175
-134
-112
-71
-19
22
36
74
149
234
275
279
272
296
313
294
257
255
309
345
314
242
211
209
186
124
72
49
46
41
-12
-102
-129
-100
-108
-145
-159
-172
-212
-225
-220
-243
-242
-191
-180
-225
-237
-216
-236
-270
-227
-146
-94
-63
-55
-86
-79
13
90
123
155
218
249
212
152
137
182
245
306
278
247
276
276
179
100
104
151
177
131
14
-67
-49
-9
-59
-127
-109
-50
-49
-125
-206
-235
-177
-103
-109
-191
-202
-156
-153
-225
-255
-287
-288
-210
-113
-125
-152
-143
-168
-148
0
145
177
220
219
118
71
152
205
258
347
319
205
161
152
113
113
186
196
164
142
85
-37
-94
-41
5
-3
-4
-25
-99
-146
-121
-96
-82
-43
-31
-119
-217
-232
-205
-164
-125
-121
-137
-121
-108
-115
-160
-167
-67
74
86
44
25
26
92
173
173
139
207
260
191
97
100
156
210
203
115
48
75
113
46
-26
7
113
116
23
-106
-155
-106
-63
-118
-159
-99
-75
-115
-174
-162
-99
-59
-111
-196
-210
-121
-66
-101
-159
-141
-79
-76
-101
-96
-8
69
78
38
53
124
188
177
131
142
213
218
110
33
89
194
211
160
110
95
131
199
163
97
124
129
23
-100
-114
-75
-42
-57
-127
-176
-132
-75
-114
-195
-184
-112
-152
-301
-351
-262
-169
-112
-135
-210
-177
-35
-6
-24
37
115
127
70
-28
-62
10
97
155
172
131
98
62
104
203
255
237
177
109
85
96
90
92
94
106
88
33
-28
-14
31
4
-4
-9
-54
-86
-131
-200
-164
-94
-74
-99
-157
-226
-197
-110
-58
13
60
-23
-110
-48
14
34
31
9
-12
40
59
1
-33
39
130
123
47
-14
37
133
134
29
7
56
97
80
32
13
39
64
-13
-96
-61
42
55
-28
-120
-101
7
25
-54
-92
-34
40
27
-58
-83
-39
9
20
-40
-96
-14
38
-26
-80
-34
90
118
43
-22
-51
-11
80
104
-4
-3
58
16
-65
-29
50
66
29
-38
-39
39
92
35
-95
-135
-54
-15
-64
-126
-104
-27
14
-63
-96
-18
59
80
36
-7
-14
39
72
30
-18
42
79
17
-17
34
106
120
84
81
78
58
56
69
20
31
145
80
-80
-119
-16
16
15
-12
-64
-89
-87
-53
-120
-114
-100
-91
-146
-144
-130
-94
-59
-51
-42
-16
3
-41
-16
-3
5
2
50
36
-10
-18
20
90
162
197
155
100
60
89
95
78
48
18
2
14
75
112
111
59
40
23
-10
-50
-44
-48
-41
-38
-116
-176
-153
-54
-42
-57
-59
-66
-79
-125
-108
-49
36
62
9
-36
-47
1
21
29
49
103
101
-4
-85
-8
89
98
81
102
71
45
53
-28
-57
72
164
51
-21
9
36
-2
-28
-75
-91
-54
-35
-84
-147
-102
-67
-81
-62
-35
-69
-54
-29
-37
12
60
13
-37
-45
-36
10
77
107
131
147
98
30
71
157
183
162
169
121
27
22
38
-14
-13
76
40
-75
-86
-18
-14
-24
-40
-70
-137
-154
-169
-265
-274
-165
-81
-122
-128
-104
-104
-92
-87
-85
-51
21
26
-23
-27
18
76
118
131
120
136
193
253
266
282
279
209
111
61
60
100
144
112
62
31
35
12
-17
-65
-93
-18
0
-92
-172
-200
-187
-158
-145
-221
-250
-196
-191
-256
-274
-189
-124
-109
-151
-178
-107
6
59
19
34
101
111
73
58
115
219
307
271
210
236
285
238
181
148
163
178
148
81
49
23
36
39
27
38
30
-22
-106
-84
-80
-73
-120
-178
-236
-242
-229
-217
-194
-218
-276
-279
-213
-163
-110
-110
-76
-62
-5
29
42
46
84
125
96
127
210
294
269
207
184
256
340
347
274
171
153
155
101
40
52
98
119
41
-104
-105
-20
-57
-189
-244
-223
-212
-216
-263
-314
-289
-192
-202
-332
-343
-198
-143
-224
-250
-157
-51
-28
17
21
25
93
151
139
160
267
294
225
166
190
271
272
220
249
310
321
268
154
49
84
173
186
129
57
-31
-109
-160
-179
-163
-152
-173
-218
-268
-279
-246
-246
-262
-259
-232
-204
-205
-252
-288
-261
-168
-63
-21
-32
12
76
75
66
111
201
269
243
175
158
202
262
296
280
258
308
335
271
179
155
173
183
118
39
15
18
10
-19
-59
-133
-146
-157
-231
-294
-301
-264
-247
-251
-316
-353
-326
-281
-240
-197
-168
-160
-118
-117
-146
-114
-30
35
63
96
98
105
176
243
235
242
296
313
283
292
308
317
325
276
221
189
189
181
152
102
58
39
-3
-76
-113
-101
-118
-163
-201
-229
-218
-221
-276
-313
-295
-274
-270
-261
-292
-303
-266
-231
-227
-167
-75
-55
-75
-22
53
69
113
171
197
188
197
171
178
236
274
285
286
311
322
274
187
169
203
194
139
103
53
29
-4
-61
-100
-88
-54
-98
-173
-221
-195
-196
-223
-262
-240
-210
-225
-261
-283
-237
-175
-147
-184
-171
-110
-71
-64
-79
-25
82
156
184
185
205
223
227
183
176
244
325
323
250
198
195
215
207
170
165
181
153
50
-26
-34
-5
11
-67
-147
-160
-157
-211
-239
-243
-207
-187
-243
-307
-299
-227
-168
-151
-172
-150
-121
-130
-164
-151
-61
63
81
10
9
92
131
139
183
221
238
256
220
140
164
244
249
152
104
166
199
116
77
101
113
87
26
-78
-132
-83
-74
-141
-188
-151
-131
-164
-208
-191
-150
-104
-92
-166
-205
-132
-113
-190
-194
-133
-75
-10
32
14
22
76
76
52
55
121
165
141
124
145
154
164
178
174
157
144
123
91
87
97
92
44
7
13
5
-56
-95
-92
-79
-80
-121
-149
-118
-111
-146
-147
-116
-101
-109
-148
-168
-130
-79
-81
-117
-122
-47
38
16
-17
27
92
97
79
65
72
97
130
139
124
152
204
188
127
139
173
146
89
68
60
70
59
20
-14
-44
-52
-54
-49
-48
-33
-42
-84
-127
-117
-93
-132
-161
-133
-127
-132
-90
-96
-130
-103
-55
-37
-14
-12
-23
-1
0
26
51
73
94
68
23
26
111
148
148
128
83
73
77
100
100
97
92
76
41
21
21
3
-24
-31
-17
-41
-74
-96
-107
-98
-81
-65
-74
-82
-108
-156
-163
-126
-66
-25
-35
-53
-54
-51
-46
-19
27
62
72
59
28
29
62
77
85
104
107
107
95
54
31
62
88
91
108
95
35
11
14
8
7
32
13
-58
-97
-94
-93
-94
-65
-62
-70
-83
-102
-114
-93
-61
-39
-44
-51
-33
-18
-22
-16
1
7
25
40
39
42
72
68
60
79
89
63
53
56
50
68
86
72
38
57
49
3
-5
28
10
-18
-8
-28
-59
-71
-72
-89
-87
-61
-53
-88
-97
-82
-78
-81
-51
-43
-47
-51
-65
-76
-59
-26
16
61
51
41
48
66
63
49
49
75
103
117
113
78
58
64
88
97
95
95
79
33
-11
-22
-14
-3
-3
-10
-32
-35
-43
-59
-73
-70
-49
-56
-72
-83
-82
-78
-70
-69
