-34
-37
-44
-46
-41
-43
-48
-48
-48
-53
-52
-47
-46
-47
-41
-42
-42
-36
-30
-27
-20
-11
-7
-3
-1
4
10
15
17
27
32
35
44
48
50
55
61
55
55
51
48
48
52
47
43
47
45
44
33
29
21
24
18
9
-10
-12
-13
-17
-19
-24
-27
-32
-30
-30
-31
-37
-32
-37
-36
-42
-35
-56
-56
-48
-27
-33
-19
-14
-47
-47
-11
1
-31
1
9
-2
9
43
16
-8
36
56
43
41
60
33
28
65
63
37
28
55
35
32
50
37
16
33
57
35
22
18
6
-18
-2
5
-26
-39
-30
-36
-60
-47
-44
-70
-71
-54
-48
-66
-63
-74
-83
-77
-61
-72
-92
-72
-68
-71
-62
-55
-63
-56
-25
-26
-30
-28
-22
-18
3
26
30
33
36
56
70
97
116
123
137
165
171
169
181
192
189
193
186
175
159
160
159
139
127
118
106
74
52
23
5
-14
-24
-46
-79
-112
-142
-179
-216
-233
-262
-280
-309
-324
-332
-336
-334
-352
-370
-380
-373
-377
-355
-347
-354
-317
-253
-211
-194
-159
-129
-83
-40
19
64
129
207
288
336
376
437
474
525
562
587
559
558
580
593
622
655
661
614
608
575
522
470
436
374
314
284
214
124
50
26
-6
-23
-44
-98
-175
-220
-253
-307
-337
-363
-394
-427
-467
-525
-611
-647
-653
-640
-648
-650
-675
-729
-747
-736
-707
-698
-680
-677
-687
-680
-621
-606
-592
-526
-442
-373
-335
-261
-210
-89
18
164
207
314
325
476
490
616
623
757
789
787
812
804
902
898
1047
994
1001
937
986
929
882
851
823
778
725
681
549
434
367
326
268
260
223
150
71
16
-57
-104
-122
-125
-173
-216
-235
-293
-382
-413
-432
-453
-486
-503
-620
-832
-961
-944
-855
-807
-695
-769
-902
-957
-871
-972
-996
-990
-960
-1059
-1002
-1047
-1183
-1137
-933
-705
-651
-486
-465
-427
-292
-86
-22
22
173
346
417
542
598
661
690
960
1081
1079
1005
1090
1091
1192
1379
1425
1365
1377
1528
1420
1374
1273
1204
1031
1056
1037
845
672
593
538
423
463
433
273
175
159
50
-116
-168
-209
-300
-331
-330
-445
-623
-695
-754
-775
-820
-914
-1100
-1245
-1233
-1210
-1194
-1222
-1192
-1193
-1110
-1108
-1183
-1271
-1313
-1211
-1236
-1192
-1300
-1262
-1259
-1081
-973
-816
-770
-553
-411
-275
-38
-69
98
57
391
394
637
676
732
842
986
1167
1241
1323
1340
1311
1338
1425
1534
1638
1682
1758
1706
1776
1706
1641
1513
1458
1382
1238
1132
911
738
574
511
457
414
383
279
187
32
-41
-153
-232
-309
-351
-429
-533
-658
-813
-933
-990
-1071
-1199
-1297
-1358
-1411
-1365
-1346
-1346
-1372
-1333
-1359
-1458
-1490
-1584
-1571
-1663
-1548
-1685
-1576
-1571
-1417
-1360
-1203
-990
-937
-671
-750
-455
-533
-216
-177
58
46
290
372
520
669
840
958
1098
1276
1334
1524
1482
1566
1459
1607
1650
1946
1965
2068
1982
1982
1935
1916
1858
1757
1678
1545
1440
1277
1141
918
818
705
670
613
536
370
205
87
-15
-121
-232
-337
-467
-603
-700
-823
-1048
-1217
-1337
-1407
-1410
-1331
-1284
-1333
-1425
-1493
-1574
-1651
-1662
-1686
-1800
-1939
-1966
-2022
-2083
-1940
-1826
-1585
-1449
-1246
-1203
-1175
-972
-970
-718
-615
-396
-366
-163
-1
13
315
400
642
745
1082
1076
1215
1253
1359
1541
1636
1829
1755
1886
1850
2041
2079
2170
2170
2131
2162
2145
2121
1920
1794
1677
1550
1494
1334
1157
903
724
589
443
356
171
43
-139
-236
-381
-526
-625
-741
-798
-904
-1069
-1323
-1517
-1640
-1532
-1348
-1254
-1312
-1508
-1595
-1699
-1704
-1825
-1876
-1991
-2041
-2063
-2136
-2140
-2105
-1910
-1556
-1373
-1217
-1202
-1255
-1083
-1013
-800
-771
-625
-494
-390
-11
-132
244
187
569
780
1001
1146
1008
1286
1104
1481
1466
1746
1800
2037
2047
1964
1976
1979
2045
2174
2277
2310
2136
2062
2005
1886
1836
1777
1680
1474
1413
1128
884
617
491
356
282
218
84
-94
-303
-401
-586
-647
-721
-874
-1068
-1292
-1411
-1484
-1414
-1315
-1209
-1268
-1386
-1489
-1610
-1836
-1855
-1956
-2111
-2070
-2132
-2115
-2291
-2107
-2076
-1724
-1513
-1267
-1405
-1175
-1278
-1148
-1140
-1010
-815
-666
-282
-312
-145
-110
237
335
741
761
906
919
1079
1094
1342
1453
1606
1799
1851
2037
2115
2105
2011
2042
1993
2111
2221
2190
2139
2059
2022
2019
1970
1871
1729
1617
1390
1190
960
685
463
319
221
89
4
-162
-322
-487
-625
-765
-891
-1026
-1224
-1378
-1455
-1391
-1291
-1264
-1278
-1404
-1428
-1416
-1558
-1644
-1834
-1957
-2018
-1940
-2078
-2005
-2160
-1845
-1746
-1338
-1389
-1304
-1218
-1369
-934
-1285
-940
-1027
-657
-565
-462
-223
-391
222
85
495
455
463
573
684
881
916
1181
1320
1363
1646
1513
1645
1660
1830
1905
1953
2022
1853
1983
1732
1885
1706
1828
1827
1780
1693
1557
1536
1302
1259
1092
990
852
688
460
178
0
-176
-219
-327
-393
-556
-708
-825
-1058
-1204
-1353
-1270
-1130
-998
-1039
-1174
-1337
-1319
-1434
-1494
-1617
-1676
-1791
-1836
-1931
-1976
-1977
-1765
-1640
-1373
-1266
-1311
-1212
-1313
-1023
-1055
-779
-884
-632
-666
-463
-486
-217
-288
163
208
493
378
577
509
823
913
996
1288
1140
1477
1311
1613
1394
1677
1655
1684
1820
1719
1810
1632
1656
1547
1570
1580
1480
1564
1409
1454
1271
1273
1210
1191
1127
905
843
601
465
206
13
-98
-213
-295
-368
-457
-651
-709
-873
-1002
-1063
-1052
-931
-930
-958
-1181
-1091
-1258
-1105
-1360
-1411
-1642
-1656
-1622
-1886
-1750
-2021
-1545
-1707
-1293
-1492
-1290
-1254
-1223
-967
-1144
-898
-887
-832
-644
-709
-498
-761
-220
-350
6
93
180
337
349
577
432
841
807
1061
1045
1231
1087
1308
1215
1374
1366
1411
1351
1442
1456
1404
1391
1309
1339
1307
1305
1308
1327
1311
1324
1233
1240
1126
1051
902
782
707
548
501
284
196
46
-27
-88
-210
-247
-479
-593
-743
-714
-727
-673
-561
-684
-667
-784
-778
-931
-974
-1115
-1275
-1300
-1580
-1556
-1715
-1674
-1564
-1382
-1243
-1165
-1204
-1245
-1040
-1064
-1011
-1000
-982
-836
-722
-587
-764
-455
-505
-115
-116
75
6
116
315
317
490
482
585
767
791
996
940
1113
1090
1159
1198
1059
1315
1182
1330
1126
1298
1197
1257
1251
1233
1249
1134
1196
1113
1192
1090
1047
996
851
923
688
676
456
385
236
86
77
-181
-90
-302
-249
-514
-557
-729
-653
-546
-494
-473
-574
-739
-705
-862
-879
-1107
-1178
-1332
-1306
-1417
-1487
-1528
-1552
-1293
-1338
-1075
-1225
-1045
-1216
-958
-1084
-769
-955
-737
-809
-537
-542
-612
-316
-670
75
-486
130
-164
209
177
187
452
369
690
570
656
820
781
925
675
797
820
941
1004
972
1224
995
1226
998
1159
970
1163
1040
1065
1165
1120
1186
1043
1215
989
1097
879
803
728
442
488
189
275
65
175
55
-38
15
-328
-308
-448
-377
-382
-254
-312
-397
-476
-475
-631
-551
-992
-624
-1250
-1038
-1323
-1429
-1372
-1501
-1011
-1470
-629
-1569
-580
-1384
-668
-1019
-758
-862
-836
-794
-864
-661
-984
-601
-510
-475
-177
-267
-186
-11
56
-75
47
340
125
511
227
651
254
569
369
600
665
842
827
763
943
931
816
859
937
1017
1011
1133
1151
1093
1308
1061
1282
1095
1315
1031
990
844
772
751
474
620
446
461
452
334
232
233
97
89
-114
29
-154
109
4
-14
-163
-169
-305
-468
-528
-790
-952
-1051
-1105
-1375
-1222
-1383
-1055
-1270
-1113
-1237
-1011
-1089
-1166
-1306
-1041
-1240
-1017
-1330
-732
-1344
-667
-1071
-825
-940
-640
-588
-791
-207
-745
-102
-393
156
-346
138
-84
195
169
142
247
268
518
639
572
707
708
1077
794
1149
816
1206
1188
1359
1337
1336
1455
1431
1509
1303
1394
1252
1299
1116
1084
881
941
807
1029
696
868
549
678
582
641
411
234
327
169
308
156
34
32
-142
-50
-405
-446
-736
-756
-722
-1141
-931
-1258
-1326
-1255
-1334
-1189
-1139
-1131
-1162
-1211
-971
-1514
-1009
-1710
-1056
-1521
-886
-1624
-1299
-1252
-1050
-810
-955
-765
-863
-644
-829
-492
-717
-117
-586
52
-622
323
-362
359
-30
320
327
357
735
749
944
695
909
726
1353
1394
1531
1215
1630
1446
1880
1462
1537
1463
1517
1446
1409
1251
1030
1213
1219
1245
1266
1131
898
951
1073
838
609
697
511
384
471
291
195
124
-22
-45
-332
-327
-581
-709
-765
-1171
-864
-1380
-1016
-1443
-1379
-1290
-1482
-997
-1798
-1053
-1813
-1154
-1822
-1272
-1747
-1515
-1658
-1632
-1319
-1659
-1149
-1561
-1061
-1520
-901
-1313
-738
-842
-815
-616
-541
-464
-377
-231
-247
10
55
30
395
661
484
842
624
977
814
1234
946
1488
1608
1567
1685
1603
1703
1587
1813
1763
1760
1569
1694
1596
1649
1363
1510
1274
1667
1317
1440
1282
1217
1095
1025
890
763
693
425
480
400
187
159
142
-281
-125
-531
-432
-924
-852
-1046
-1098
-1418
-1496
-1481
-1446
-1437
-1634
-1462
-1896
-1322
-1680
-1650
-1913
-1740
-1991
-1674
-1845
-1778
-1688
-1731
-1304
-1648
-979
-1617
-876
-1434
-914
-756
-795
-623
-1027
-179
-487
334
-291
280
37
489
514
690
693
926
1068
772
1116
1429
1293
1563
1794
1498
1924
1536
2079
1517
2176
1671
1841
1610
1834
1843
1270
1926
1535
1848
1406
1612
1215
1173
1458
871
1166
654
774
540
542
473
124
286
-182
105
-308
-326
-694
-938
-806
-1268
-1035
-1729
-1076
-1946
-1584
-1663
-1920
-1628
-1562
-1580
-2163
-1592
-2203
-1478
-2008
-1747
-2165
-1837
-1803
-1742
-1506
-1954
-1080
-1677
-855
-1419
-633
-1305
-456
-970
-371
-452
-477
-4
-43
86
69
657
473
966
760
1123
694
1250
996
1470
1217
1564
1735
1742
1977
1665
1855
1701
1992
1930
1795
1953
1794
1855
1495
1613
1600
1623
1626
1562
1450
1111
1231
1019
995
957
769
483
459
324
257
235
20
-85
-272
-433
-653
-635
-1063
-1071
-1604
-1136
-1715
-1307
-1895
-1209
-2045
-1635
-1736
-2007
-1441
-2197
-1428
-2239
-1271
-2001
-1631
-1924
-1703
-1549
-1625
-1318
-1530
-1333
-1400
-1007
-1160
-704
-978
-345
-819
-423
-351
177
-111
5
218
157
486
880
397
848
854
1009
1022
1155
1297
1160
1737
1389
1809
1401
1544
1543
1832
1665
1615
1705
1494
1677
1542
1409
1418
1729
1406
1363
1110
1263
1161
1023
1048
780
898
565
557
405
409
262
150
167
-89
-366
-228
-1017
-356
-1161
-960
-1203
-1204
-1168
-1321
-1054
-1660
-919
-1826
-1196
-1583
-1541
-1491
-1772
-1340
-1876
-967
-1732
-1015
-1990
-1159
-1559
-1065
-957
-1461
-701
-1441
-225
-1110
-146
-1198
127
-459
-52
-199
-452
80
259
228
507
472
689
566
945
395
1102
1162
1157
1338
1102
1477
1060
1613
979
1847
1205
1615
1165
1487
1058
1259
1101
1206
1312
1333
1170
1221
1236
730
1301
751
851
421
832
172
821
-7
400
-88
337
-316
-19
-561
-324
-625
-588
-823
-1156
-952
-946
-1010
-1503
-854
-1595
-633
-1594
-1125
-1745
-962
-1665
-1405
-1168
-1771
-936
-1315
-1269
-1444
-1224
-1071
-1020
-818
-1089
-894
-947
-663
-442
-973
-322
-394
-55
-123
-90
-7
-49
545
335
582
138
535
571
608
828
965
752
1256
983
1432
995
1294
1137
1216
1281
1402
1170
1131
1211
1066
1340
937
1423
1008
1405
967
1097
705
1015
704
895
389
752
306
695
-17
703
213
136
251
-272
-138
-406
-202
-967
-170
-843
-383
-640
-1300
-529
-1238
-310
-1434
-856
-1470
-1062
-1055
-1396
-732
-1447
-513
-1267
-1244
-1384
-1094
-942
-1190
-744
-1153
-614
-742
-717
-368
-837
-313
-1018
-341
-657
-348
-405
-497
-9
129
200
458
358
744
414
946
479
883
954
559
955
545
1124
563
1272
660
1242
1001
964
808
943
941
1051
932
893
809
921
989
737
1088
432
932
247
610
295
586
182
242
335
190
245
-32
100
-249
-186
-519
-609
-406
-540
-740
-792
-689
-973
-550
-934
-427
-918
-372
-1354
-854
-894
-949
-837
-1050
-769
-1033
-456
-958
-877
-863
-722
-406
-876
-166
-490
-586
-156
-435
-59
-560
109
-305
299
-234
295
103
302
322
213
219
107
744
334
659
248
763
764
839
717
464
750
442
778
555
407
333
735
642
642
838
263
607
490
523
547
312
231
337
308
405
409
280
120
568
156
-3
426
-619
220
-384
-157
-72
-586
-246
-639
47
-637
28
-677
-250
-306
-253
-532
-248
-542
-551
-221
-558
-585
-763
-204
-840
152
-827
-189
-592
282
-302
-13
-407
-201
121
-51
-65
79
-496
299
148
-282
289
-165
383
-126
754
-162
323
285
231
269
283
318
53
667
1
375
296
-35
349
-82
89
217
256
-128
-84
338
-182
514
49
-8
43
-63
117
-552
411
-430
62
-276
156
-513
211
22
-206
194
-182
-70
-623
460
-1197
473
-819
249
-524
50
69
-1
509
-398
370
-675
687
-548
636
-774
238
-204
548
-228
509
184
-151
800
-280
592
9
555
63
172
304
-245
743
-80
371
-135
43
256
141
785
-419
766
-455
412
159
24
64
-177
194
-394
317
-808
36
-517
-264
-236
-399
-453
-448
-271
-643
-145
-448
-317
-560
-566
-356
-1088
-66
-738
37
-455
-311
-356
-592
34
-1142
343
-883
350
-676
-2
-727
119
64
-132
385
-650
699
-261
1117
-526
950
-483
1183
528
787
99
668
490
503
1222
631
1159
382
1430
400
1050
851
524
858
1023
934
913
829
364
945
492
611
393
786
-52
351
287
-62
392
76
393
-375
202
-382
-298
-546
-499
-504
-713
-598
-982
-776
-1311
-1023
-890
-1153
-805
-1048
-1323
-1294
-1148
-1201
-1204
-1104
-1241
-954
-1112
-1043
-924
-945
-997
-794
-670
-1133
-573
-842
-956
-587
104
-481
51
511
-294
1043
-263
737
177
1157
524
660
883
268
1528
952
1174
1199
1605
1306
1408
1576
1269
1752
1301
1793
1816
1098
2180
894
1380
763
1697
732
1391
1182
555
852
325
858
557
500
15
135
-130
-442
-613
-973
-662
-596
-625
-907
-1140
-966
-1423
-1100
-1423
-1208
-1501
-1914
-1641
-2024
-1381
-1861
-1257
-1757
-1581
-1666
-1606
-1861
-1439
-1685
-1390
-1687
-1336
-1228
-1567
-903
-1037
-554
-405
-179
-378
-269
-175
385
5
913
423
520
632
1279
764
1332
1468
1444
1596
1987
1440
2203
2278
2368
2114
2526
2145
1912
2501
1509
2158
2085
2366
2076
2108
1341
1462
1563
1083
1381
945
353
391
475
27
-38
28
-567
-71
-429
-550
-930
-1219
-1141
-1062
-1129
-1437
-1599
-1940
-1888
-1970
-2333
-1885
-2055
-2057
-1968
-2216
-2398
-2533
-1714
-2471
-1667
-2744
-1812
-2581
-1592
-1736
-1906
-1144
-1228
-933
-1131
-270
-973
-31
-643
491
-455
473
188
473
883
996
1077
1324
1326
1979
1684
2177
1812
2366
2401
2180
2000
1836
2211
2162
2929
2188
2375
1684
2380
1963
1975
1903
1689
1355
1242
1382
705
795
709
437
680
318
263
-175
-378
-745
-439
-365
-932
-796
-1469
-1359
-1704
-1633
-1712
-1719
-1628
-1759
-1617
-2518
-1762
-2280
-1635
-2304
-2089
-2557
-2341
-2203
-2251
-1994
-2492
-1255
-1476
-1417
-1147
-1398
-1126
-576
-291
-772
257
-129
173
805
585
955
1268
1953
1236
1819
1975
1920
2044
1135
1571
1767
2453
2257
2031
1533
1822
2562
2030
2150
1701
1765
1163
1288
1085
427
727
455
709
555
621
178
-197
221
190
394
87
-542
-743
-439
-875
-1253
-1617
-1677
-980
-802
-1015
-1626
-1521
-1829
-1381
-1862
-1942
-2046
-2055
-1968
-2458
-1865
-1843
-1241
-988
-826
-642
-1098
-564
-323
-416
-173
100
58
70
517
556
882
1053
1879
1290
2214
1835
1584
1264
923
1594
1707
2275
1495
1366
905
1003
1591
1683
987
795
566
178
408
52
-74
-359
-192
52
-149
-259
-781
-495
-447
-276
-105
-815
-974
-891
-493
-848
-967
-1303
-987
-892
-883
-831
-1691
-1359
-955
-470
-1227
-1263
-1698
-1344
-1271
-984
-913
-1722
-482
-209
70
-402
-127
-11
548
861
812
544
1118
1160
1766
1676
1859
1689
2668
1747
1676
1166
712
1736
2276
2436
1319
1139
163
1135
1657
1253
861
198
-323
-46
150
-457
-725
-692
-805
-334
-890
-1523
-1550
-1110
-580
-408
-878
-1702
-1602
-1292
-677
-1045
-1816
-2231
-1666
-949
-620
-1036
-1943
-1508
-1140
-499
-1012
-1439
-1961
-532
-495
-623
-994
-1427
-678
728
849
-80
-308
-186
993
1607
1409
500
1157
1562
2219
2455
1873
2311
2518
2150
1849
1879
1916
2448
2306
1701
1046
1223
1379
1926
1327
929
316
179
-206
54
-342
-885
-714
-793
-918
-1265
-1118
-1188
-509
-774
-826
-1125
-1506
-1318
-809
-792
-1526
-1875
-1980
-1715
-746
-847
-1310
-1654
-1935
-986
-826
-1162
-1565
-1280
-1155
-860
-856
-1403
-915
-533
363
-15
-67
-148
563
998
1502
833
417
1724
1489
2757
2311
1965
1842
1518
1189
1943
2509
2127
1608
1000
220
977
1490
1417
431
171
-396
98
-283
-215
-464
-941
-752
-601
-1061
-1602
-871
-444
-381
-538
-896
-1316
-988
-177
179
-441
-1326
-1747
-1265
-342
266
85
-934
-1644
-799
-198
117
-447
-933
-1031
-563
-302
-415
-316
-460
925
975
-207
-112
176
1244
1860
1585
344
93
1143
2286
2735
2050
1006
149
35
1063
2223
1912
520
-136
-512
3
800
964
185
-846
-757
-894
-1107
-976
-766
-1209
-1231
-1233
-1838
-2116
-1643
-485
-323
-1058
-1616
-1867
-1164
-201
274
-317
-1548
-2044
-1394
-101
651
504
-471
-1434
-836
435
1122
399
-312
-295
113
429
662
543
781
1259
1541
1032
531
1385
2005
2387
1675
1223
838
1998
2702
2666
2534
1266
845
487
1671
2304
2064
893
-183
-371
471
1628
882
-200
-1420
-1216
-760
-651
-1080
-1845
-2130
-2119
-1753
-2224
-2935
-2491
-1721
-1529
-2295
-2606
-2732
-2052
-868
-908
-1932
-3249
-3189
-1788
-105
88
-1208
-2297
-2263
-615
980
805
-815
-1294
-567
393
939
701
550
974
1467
2177
1909
922
1998
3861
3017
2155
2151
1549
3441
4631
4002
2813
1514
1125
2487
4212
3863
2330
545
90
1175
2621
2404
450
-531
-831
-243
-331
-480
-1310
-1647
-1704
-1952
-2078
-2862
-2559
-1673
-1595
-2370
-3184
-3094
-2258
-1231
-1389
-2304
-3545
-3951
-2718
-1256
-881
-1822
-3146
-3540
-2433
-777
114
-1036
-2254
-2154
-1025
-396
7
-12
-38
127
831
1085
821
2002
2660
2867
2075
1605
2025
3872
4353
4153
2786
1377
1599
3153
4987
4005
1893
510
647
2314
3575
2790
366
-495
-330
892
941
-136
-734
-1307
-1339
-942
-921
-1745
-1447
-907
-1003
-2011
-2377
-1878
-942
-462
-1143
-2393
-3421
-3046
-1538
-475
-862
-2399
-3070
-2979
-1444
-23
-160
-2018
-2991
-2124
-530
250
-236
-812
-913
-223
636
926
839
1178
1955
1751
1375
1012
2318
3362
3660
3388
1439
437
1538
3644
3955
3005
348
-656
909
2652
3163
1622
-734
-1656
-11
1040
653
-461
-1619
-2061
-1311
-599
-1269
-1623
-1472
-1396
-1590
-2072
-2123
-1304
-706
-838
-1550
-2473
-2708
-1710
-501
-420
-1135
-2301
-2367
-1296
-59
411
-442
-1866
-1856
-243
973
748
-53
-577
-197
941
1711
1773
1570
1378
1814
1897
1976
2517
3252
3530
2513
2493
1918
1107
2433
4721
2959
1085
185
53
1989
3706
2229
-953
-1933
-859
771
1377
-684
-2751
-3174
-2127
-869
-636
-2341
-3544
-2842
-2009
-2367
-2484
-2213
-2238
-2235
-2484
-2827
-2993
-2361
-1554
-1510
-2138
-2570
-2286
-1521
-748
-500
-1014
-1901
-1724
-384
852
688
-307
-527
-39
1481
2348
2006
1007
1604
2641
3000
2865
2957
3059
3561
4399
3794
2651
2026
3023
4806
4846
2431
691
1368
3045
4389
3162
218
-1648
164
2285
1840
-87
-2296
-2695
-1582
67
-357
-2409
-3431
-2835
-1792
-1999
-2559
-2760
-2491
-2456
-2784
-2965
-3283
-2947
-2260
-2430
-3134
-3315
-2635
-2007
-1903
-2171
-2462
-2584
-2006
-1091
-810
-1265
-1316
-852
-166
448
892
791
928
1323
1855
2091
2220
2565
2948
3418
3515
3235
2786
2424
2945
4842
4452
2372
1264
1912
3586
4423
3386
703
-778
797
3023
2688
516
-1332
-1753
-232
1289
511
-1466
-2500
-1767
-621
-808
-1614
-1917
-1617
-1782
-1919
-2167
-2256
-2228
-2245
-2335
-2346
-2584
-2533
-2448
-2372
-2000
-1871
-2423
-3135
-2335
-1088
-665
-1407
-1717
-1445
-316
782
707
-10
-80
1021
1857
1966
1390
1580
2088
3237
3097
1287
508
1948
4305
4361
1746
-523
629
3513
4784
2977
-612
-1624
921
3691
2732
-342
-2029
-1225
950
1954
383
-1908
-1996
-333
563
-499
-1819
-1584
-725
-545
-1287
-2088
-2022
-1268
-798
-1769
-2615
-2349
-1217
-1052
-2020
-2674
-2155
-1207
-970
-1407
-2041
-1736
-627
227
-75
-715
-544
562
1549
1359
885
737
1447
2133
2341
2464
2205
2085
1640
876
1468
3723
3379
948
-98
447
2350
4003
2372
-1029
-1472
461
2264
2223
-442
-2546
-1444
471
1050
175
-1765
-2465
-856
343
-657
-1626
-1623
-1187
-966
-1231
-1646
-2064
-1876
-1410
-1106
-1655
-2282
-2142
-1663
-1334
-1381
-1801
-2487
-1960
-760
-359
-1060
-1698
-1105
197
1019
817
141
-21
1160
2625
2390
1292
989
2101
3354
3823
2535
432
500
2979
5006
3363
150
-777
1760
4225
3988
1081
-1795
-1120
2021
3355
753
-2064
-2438
-569
1198
760
-1368
-2810
-1850
-17
98
-1461
-2266
-1408
-796
-1094
-1603
-1865
-1610
-1237
-1446
-2122
-2156
-1417
-990
-1679
-2488
-2351
-1256
-887
-1474
-2161
-2241
-1276
-192
-79
-923
-1101
-149
1024
1201
936
809
1155
1627
2178
2258
2419
2832
2544
1248
866
2945
4808
3350
353
-419
1879
4442
4406
1184
-1947
-1189
2354
3838
1013
-2411
-2695
-556
1479
1138
-1409
-3338
-2077
251
417
-1357
-2368
-1746
-960
-796
-1058
-1487
-2100
-1893
-1045
-855
-1407
-1722
-1836
-1812
-1292
-867
-1357
-2223
-1926
-922
-667
-1135
-1302
-862
-302
216
308
32
27
1131
1824
1617
1033
1333
2189
2873
3138
1847
484
1159
3913
4650
2030
-404
155
2880
4475
2963
-568
-1715
500
3061
2339
-850
-2765
-1607
719
1213
-475
-2671
-2818
-787
416
-691
-2242
-2098
-1103
-872
-1197
-1566
-1520
-1361
-1378
-1810
-1720
-946
-496
-1366
-2629
-2128
-514
79
-1035
-2393
-2275
-794
539
246
-1095
-1646
-102
1472
1450
414
24
981
2205
2569
1720
1442
2264
3366
2726
900
789
3393
4893
2562
-446
-242
2853
4746
3025
-741
-2370
286
3577
2791
-1411
-3585
-1850
1160
1703
-707
-3526
-3474
-782
991
-573
-2989
-2916
-1317
-601
-1033
-1906
-2292
-2020
-1844
-1866
-1511
-868
-1169
-2295
-2998
-1744
182
12
-2264
-3534
-1896
601
1117
-742
-2358
-1469
1286
2600
1207
-826
-316
2131
3528
2401
910
1086
3099
4434
3046
512
585
3923
5529
2891
-604
-28
3425
5207
3051
-941
-1923
1187
4050
2380
-1691
-3234
-1004
1833
1589
-1364
-3571
-2508
126
806
-1319
-3250
-2566
-672
-402
-1498
-2355
-2277
-1738
-1644
-2055
-2227
-1580
-1244
-2130
-3057
-2271
-526
-381
-2007
-3155
-2170
-318
473
-647
-2114
-1730
489
1972
1024
-582
-391
1635
2913
2330
991
1022
2701
4294
3181
713
428
3433
5513
3452
2
-198
3006
5218
3686
17
-1593
668
3701
3042
-778
-2916
-1267
1495
1675
-691
-3004
-2632
-370
751
-891
-2904
-2641
-912
-466
-1475
-2167
-1985
-1576
-1843
-2315
-1954
-844
-906
-2501
-3461
-2017
320
300
-2452
-4204
-2251
805
1250
-1367
-3426
-2097
1092
2560
581
-1825
-1260
1903
3563
1942
-275
-21
2612
4441
3463
442
-436
2593
5663
4276
259
-786
2213
5309
4363
691
-1517
333
3405
3429
-4
-2601
-1346
1277
1665
-522
-2561
-2342
-415
628
-769
-2686
-2508
-760
-182
-1367
-2262
-1835
-983
-1018
-1972
-2279
-1230
-225
-943
-2496
-2726
-924
582
-497
-2716
-2955
-927
740
114
-1909
-2451
-846
1234
1266
-311
-1338
34
2078
2303
817
-44
1072
2848
3585
1893
-6
774
3873
4819
2152
-394
496
3559
4656
2462
-540
-897
1571
3337
1649
-1459
-2162
-305
1263
480
-1435
-2592
-1732
-169
70
-1457
-2623
-1866
-677
-738
-1535
-1770
-1342
-985
-1408
-2025
-1398
-109
-187
-1923
-2893
-1492
823
845
-1781
-3674
-1981
1143
1642
-1118
-3396
-2049
1068
2560
531
-1985
-1769
1464
3571
1947
-799
-878
2235
4483
3361
94
-873
2082
5315
4347
336
-1211
1704
5064
4310
538
-1687
111
3026
2956
-136
-2479
-1428
894
1214
-888
-2570
-2267
-694
43
-1028
-2497
-2317
-875
-504
-1506
-2185
-1571
-728
-832
-1754
-2078
-1129
-63
-499
-1991
-2447
-970
631
33
-2064
-2741
-861
993
453
-1563
-2362
-791
1180
1474
-197
-1436
-371
1919
2616
1017
-310
567
2708
3593
2530
766
260
2187
4576
3905
802
-317
1808
4228
3796
1071
-869
-21
2163
2590
437
-1834
-1508
186
651
-489
-1788
-2140
-1418
-539
-773
-1886
-2117
-1202
-866
-1586
-1805
-1179
-950
-1438
-1901
-1921
-1238
-363
-628
-2178
-2754
-1177
560
-31
-2329
-3094
-1182
932
653
-1586
-2842
-1242
1460
1897
-192
-1899
-644
2100
3000
1210
-519
240
2507
3843
2938
937
52
1912
4468
4231
1388
-229
1372
3906
4087
1611
-519
-181
1857
2619
931
-1263
-1438
8
586
-146
-1250
-1701
-1402
-821
-770
-1360
-1593
-1315
-1169
-1511
-1455
-945
-908
-1465
-1837
-1736
-1185
-614
-792
-1869
-2320
-1322
-169
-379
-1756
-2372
-1369
34
23
-1312
-2022
-1155
427
648
-290
-978
-348
934
1491
1097
277
491
1572
2539
2621
1972
1108
1041
2473
3965
3312
1118
326
1986
3878
3516
1235
-432
190
1927
2363
718
-1279
-1421
-200
685
194
-1126
-2103
-1756
-672
-213
-970
-1893
-1900
-1332
-855
-773
-983
-1526
-1769
-1328
-948
-989
-1151
-1178
-1535
-1662
-1183
-498
-566
-1458
-1956
-1465
-409
-138
-857
-1772
-1512
-159
699
348
-769
-910
344
1781
1663
616
119
1138
2675
3280
2374
803
729
2679
4496
3422
728
31
2059
4133
3518
974
-885
23
2132
2597
324
-1945
-1710
93
937
-90
-1803
-2518
-1491
-138
-250
-1633
-2365
-1602
-722
-740
-1237
-1450
-1373
-1102
-884
-1093
-1394
-1168
-849
-1229
-1742
-1426
-649
-682
-1485
-1936
-1388
-639
-473
-1118
-1764
-1372
-117
612
-29
-861
-636
810
1689
1424
619
625
1520
2698
3186
2599
1511
1245
2419
4006
3795
1682
280
1431
3603
3924
1650
-557
-388
1708
2592
976
-1525
-1882
-308
809
90
-1478
-2254
-1628
-507
-336
-1268
-2030
-1646
-911
-970
-1325
-1332
-1127
-1199
-1297
-1335
-1367
-1296
-1166
-1308
-1790
-1845
-1291
-887
-1143
-1741
-1920
-1469
-743
-652
-1242
-1670
-1074
55
398
-92
-532
-79
1010
1737
1466
890
1035
2061
2959
2982
2249
1618
1817
2891
3672
2948
1293
861
2152
3400
2818
984
-175
454
1772
1878
356
-1178
-1091
38
559
-184
-1265
-1685
-1172
-421
-424
-1098
-1528
-1337
-1166
-1087
-901
-846
-1337
-1776
-1555
-1095
-1116
-1446
-1788
-1982
-1808
-1291
-1112
-1545
-1986
-1893
-1454
-1042
-971
-1357
-1700
-1375
-389
65
-275
-528
-170
531
1159
1373
1029
927
1410
2136
2440
2370
2246
1834
1583
2272
3365
2953
1267
576
1810
3238
2917
1050
-318
253
1903
2328
633
-1164
-1054
377
1024
281
-1069
-1748
-1026
171
232
-1000
-1786
-1307
-564
-482
-870
-1252
-1539
-1345
-957
-1140
-1695
-1682
-1249
-1404
-1875
-1825
-1302
-1111
-1520
-1991
-1943
-1230
-526
-817
-1805
-1892
-632
543
299
-578
-834
138
1494
1863
1007
159
763
2083
2708
2189
1671
1198
1267
2125
3185
2712
1100
329
1357
2885
2991
1401
-297
-151
1555
2448
1152
-841
-1215
1
1059
763
-535
-1716
-1349
0
573
-477
-1591
-1546
-872
-424
-420
-859
-1586
-1774
-1191
-708
-1009
-1576
-1746
-1667
-1448
-1186
-1123
-1537
-1829
-1568
-1140
-1004
-1125
-1288
-1294
-951
-426
-146
-436
-496
89
729
823
729
791
991
1241
1470
1720
1824
1879
1751
1297
1300
2329
3057
1913
385
629
2322
3296
2135
190
-390
1020
2442
1969
-160
-1390
-423
1057
1041
-275
-1440
-1414
-346
356
-303
-1492
-1670
-824
-472
-958
-1382
-1288
-1320
-1386
-1258
-1230
-1454
-1534
-1468
-1599
-1655
-1279
-1094
-1503
-1878
-1440
-783
-725
-1123
-1315
-1123
-595
-100
-45
-352
-406
197
784
1033
686
561
812
1357
1512
1464
1567
1897
1974
1382
1275
2195
2992
2218
909
804
2137
3249
2563
783
-177
1035
2544
2183
39
-1117
-280
966
972
-225
-1413
-1545
-395
344
-482
-1775
-1826
-992
-731
-1150
-1491
-1643
-1705
-1469
-1174
-1377
-1824
-1754
-1432
-1479
-1658
-1528
-1399
-1447
-1293
-1145
-1256
-1318
-967
-682
-802
-951
-637
-257
-100
67
220
144
140
617
1026
1024
798
840
1318
1971
2380
2002
1098
1097
2549
3667
2633
729
639
2521
3934
3016
836
-180
1102
2963
2765
344
-1339
-556
1131
1368
12
-1599
-1858
-681
275
-275
-1686
-2155
-1519
-937
-1028
-1370
-1726
-1923
-1690
-1262
-1114
-1509
-1847
-1849
-1518
-1262
-1140
-1421
-1783
-1564
-928
-739
-1125
-1393
-1211
-758
-545
-552
-760
-721
-306
309
322
-43
52
545
1131
1117
915
1010
1627
2331
2558
1781
954
1862
3460
3574
1738
629
1605
3623
3818
1940
-40
136
2146
3057
1345
-1107
-1286
190
1182
486
-1172
-2207
-1593
-148
-1
-1360
-2354
-1860
-1067
-971
-1232
-1542
-1754
-1534
-1037
-937
-1232
-1528
-1512
-1314
-1089
-992
-1170
-1574
-1514
-824
-530
-1031
-1503
-1227
-638
-473
-770
-1068
-885
-331
275
193
-287
-210
576
1368
1190
800
736
1684
2517
2757
2001
1094
1527
3044
3979
2655
938
820
2685
3931
2881
619
-401
914
2423
2087
-195
-1581
-984
434
628
-586
-1956
-2191
-1089
-332
-911
-2013
-2105
-1410
-1094
-1252
-1431
-1395
-1310
-1178
-1159
-1085
-981
-1097
-1374
-1387
-1042
-767
-975
-1455
-1432
-823
-529
-1001
-1444
-1219
-622
-394
-743
-1011
-740
-8
452
254
-272
23
1106
1667
1217
828
1300
2161
2693
2837
2192
1424
1737
3255
3843
2533
974
1016
2464
3440
2553
538
-552
478
1978
1626
-513
-1791
-1286
-103
149
-724
-2085
-2377
-1307
-435
-985
-1977
-1956
-1337
-1027
-1089
-1177
-1243
-1176
-935
-958
-978
-929
-1070
-1252
-1261
-1015
-950
-1065
-1432
-1321
-829
-787
-1191
-1332
-931
-667
-650
-880
-787
-375
71
233
202
190
440
1004
1454
1533
1419
1474
1927
2627
3112
2755
1766
1450
2469
3802
3491
1598
282
1298
3157
3217
1178
-769
-630
1112
1953
453
-1664
-2177
-980
239
-61
-1612
-2704
-2034
-694
-458
-1446
-2123
-1729
-1042
-903
-1172
-1331
-1140
-975
-1042
-1219
-931
-782
-1187
-1617
-1403
-900
-809
-1141
-1554
-1314
-675
-477
-916
-1232
-961
-416
-163
-426
-594
-351
285
672
696
382
553
1249
1801
1695
1538
1816
2182
2640
2999
2719
1739
1540
2559
3506
2816
1167
457
1387
2742
2623
847
-995
-683
1044
1611
-100
-1915
-2051
-905
119
-240
-1774
-2745
-1847
-474
-555
-1641
-2121
-1620
-1096
-956
-1153
-1401
-1380
-1000
-897
-1168
-1233
-1152
-1148
-1227
-1180
-1118
-1048
-1136
-1066
-711
-591
-905
-1035
-603
-235
-203
-436
-500
-286
255
701
732
561
444
1031
1642
1815
1485
1595
1852
2143
2533
2797
2590
1670
1299
2071
3250
2793
1131
140
760
2244
2617
1145
-1090
-1155
519
1487
281
-1483
-2209
-1571
-227
38
-1215
-2650
-2265
-971
-576
-1314
-1909
-1735
-1470
-1111
-1080
-1284
-1380
-954
-817
-1254
-1199
-880
-767
-974
-975
-1011
-930
-688
-478
-423
-650
-794
-513
-30
4
-181
-283
-269
88
629
703
421
663
1021
1147
1242
1343
1491
1689
1845
1598
1802
2264
2837
2206
984
638
2267
3438
2197
38
-581
993
2732
2458
-241
-2169
-1062
1204
1490
-520
-2455
-2732
-1056
314
-281
-2316
-3211
-2041
-548
-627
-1811
-2310
-1880
-1255
-864
-1051
-1500
-1318
-615
-579
-1035
-1089
-782
-383
-186
-529
-1069
-742
107
529
12
-774
-718
261
860
387
-284
-504
18
874
1059
358
51
667
1246
1303
990
851
1182
1695
1726
1393
1489
2046
2663
1885
665
812
2610
3178
1674
-112
-301
1254
2621
1886
-777
-1934
-701
1009
741
-1058
-2667
-2613
-1091
-277
-1159
-2840
-3075
-1841
-879
-1351
-2170
-2106
-1593
-1021
-870
-1235
-1427
-669
58
-194
-802
-911
-358
550
644
-319
-943
-325
713
1107
342
-838
-743
451
1108
482
-450
-843
-153
824
740
-55
-228
481
826
802
554
768
1427
1737
1260
805
1535
2699
3224
1700
-28
411
3067
3971
2001
-617
-1202
877
3100
2465
-1004
-2843
-1483
833
1052
-998
-3160
-3332
-1490
-379
-1030
-2754
-3208
-2030
-795
-1099
-1969
-1876
-1209
-521
-445
-992
-1257
-139
1003
651
-429
-911
-192
1209
1630
226
-1199
-914
590
1715
932
-1024
-1597
-227
873
650
-387
-1355
-1065
245
710
-87
-478
24
537
565
348
681
1426
1681
1201
1036
1554
2490
3213
2299
409
211
2415
3627
2344
148
-924
-27
2040
2429
-56
-2321
-1979
-210
502
-651
-2445
-3093
-2163
-1141
-1101
-2113
-2833
-2050
-854
-1062
-1869
-1549
-662
-241
-259
-695
-898
14
1218
1185
277
-523
-408
900
1785
923
-607
-1007
-251
1082
1426
-44
-1558
-1228
94
760
229
-1095
-1536
-565
316
186
-211
-242
42
439
481
406
918
1587
1647
1041
934
1687
2969
3100
1404
-154
630
2876
3392
1641
-915
-1433
457
2495
1520
-1317
-2698
-1747
-60
232
-1150
-2982
-2970
-1634
-716
-1283
-2364
-2333
-1229
-510
-980
-1350
-1046
-255
517
436
-538
-711
682
1789
1254
-11
-578
142
1293
1487
342
-827
-804
243
1000
336
-872
-1212
-656
-175
-128
-627
-1180
-1075
-499
-264
-405
-437
-76
262
169
-72
302
1094
1482
1328
928
1049
1837
2865
2821
1293
-79
633
2641
3040
1386
-823
-1289
218
2064
1480
-1005
-2534
-1924
-261
230
-756
-2488
-2778
-1741
-575
-752
-1783
-1968
-1045
-250
-532
-820
-695
-29
792
928
186
-213
731
1694
1567
488
-226
104
1000
1271
453
-572
-708
123
591
-27
-967
-1221
-891
-511
-694
-1327
-1640
-1247
-751
-780
-1028
-1012
-330
109
-58
-464
-96
708
1363
1317
771
895
1855
2914
2833
1501
46
493
2567
3388
1804
-564
-1275
144
2037
1833
-442
-2202
-2010
-450
336
-367
-2019
-2595
-1880
-707
-485
-1314
-1786
-1129
-127
-137
-550
-583
81
1011
1364
808
77
520
1556
1981
1174
220
42
615
1039
601
-242
-709
-332
-79
-379
-1143
-1533
-1409
-1075
-1242
-1933
-2215
-1861
-1217
-1122
-1332
-1438
-887
-296
-186
-214
-77
483
974
1198
1040
1296
2042
2659
2790
1888
819
605
2110
3061
2349
234
-910
-244
1285
1893
384
-1442
-2149
-896
-17
-166
-1263
-1972
-1759
-970
-353
-783
-1056
-803
28
212
45
13
396
956
1318
1459
994
867
1133
1486
1202
926
799
456
38
-206
-205
-367
-441
-834
-1423
-1851
-1702
-1439
-1543
-1904
-2380
-2481
-2122
-1520
-1403
-1585
-1538
-991
-393
-325
-445
-335
401
1069
1319
1007
905
1531
2319
2701
2455
1676
685
704
1835
2720
1997
239
-663
-84
1052
1311
384
-779
-1111
-580
-146
-112
-564
-942
-899
-353
47
-134
-472
-320
425
963
940
587
368
571
1230
1829
1632
798
242
445
914
836
238
-419
-711
-790
-783
-907
-1305
-1694
-1777
-1706
-1870
-2032
-2022
-1949
-1903
-1819
-1692
-1699
-1597
-1253
-900
-705
-576
-363
-293
-375
-136
388
602
454
568
688
656
662
1078
1451
1478
1148
599
223
683
1601
1822
1104
343
355
881
1265
1253
935
664
615
850
899
672
531
635
760
800
785
656
552
639
779
873
976
894
629
389
402
582
544
199
-231
-382
-324
-344
-686
-1305
-1708
-1675
-1341
-1340
-1674
-2130
-2177
-1856
-1556
-1633
-1850
-1922
-1844
-1568
-1378
-1381
-1512
-1446
-1180
-845
-768
-837
-824
-578
-268
-124
-193
-408
-287
89
399
370
311
391
637
970
1107
1110
1244
1437
1342
1201
1492
1993
2215
2012
1861
1948
2142
2139
2019
1970
1998
1953
1716
1469
1345
1351
1236
1036
827
697
630
554
302
-140
-385
-262
-102
-302
-730
-1026
-1033
-864
-912
-1264
-1611
-1593
-1446
-1516
-1868
-2194
-2136
-1877
-1673
-1694
-1788
-1848
-1650
-1301
-1183
-1311
-1388
-1174
-934
-941
-1126
-1249
-1067
-731
-541
-657
-777
-669
-329
-39
-114
-312
-318
5
292
516
574
558
624
918
1244
1403
1530
1626
1746
1801
1905
2060
2137
2087
2042
2166
2316
2337
2131
1837
1691
1715
1712
1536
1243
852
594
468
330
64
-149
-275
-392
-479
-635
-843
-1047
-1135
-1065
-987
-1056
-1250
-1347
-1228
-1081
-1057
-1166
-1257
-1181
-965
-920
-1062
-1132
-980
-813
-809
-851
-851
-824
-855
-817
-793
-880
-993
-977
-907
-910
-972
-1045
-998
-855
-674
-588
-604
-547
-302
-29
63
168
280
471
656
878
1039
1064
1083
1235
1433
1458
1475
1516
1594
1598
1568
1468
1365
1303
1274
1177
949
823
865
928
823
592
415
325
296
238
47
-210
-285
-178
-180
-357
-495
-421
-205
-61
-112
-270
-323
-214
-68
0
-76
-206
-246
-149
-90
-188
-346
-408
-381
-366
-479
-643
-720
-720
-690
-830
-1066
-1192
-1021
-798
-785
-989
-1092
-893
-600
-558
-740
-787
-570
-198
-124
-275
-315
-18
303
399
275
209
409
549
512
250
144
218
495
436
68
-74
76
266
175
39
-93
-26
128
256
237
159
195
278
361
425
596
768
834
873
879
821
804
886
970
910
826
789
736
660
578
421
238
241
336
267
-31
-265
-277
-212
-251
-381
-573
-663
-611
-449
-445
-630
-715
-649
-420
-259
-229
-366
-428
-329
-101
-33
-264
-293
29
239
48
-162
-267
-183
-27
-80
-339
-553
-499
-515
-596
-803
-940
-1033
-948
-908
-875
-891
-964
-922
-961
-1066
-888
-140
499
288
-552
-1168
-426
1349
2262
1367
150
174
1299
2349
2137
1075
695
1381
1634
948
131
61
698
1095
744
176
-78
2
85
-34
-104
40
128
-128
-428
-391
-115
32
20
105
322
444
423
282
157
250
432
621
649
469
270
246
328
292
225
94
12
-155
-455
-777
-970
-874
-661
-640
-967
-1170
-1369
-1075
-885
-976
-1226
-1316
-1000
-741
-975
-1334
-821
-708
-615
-398
-367
-234
-61
1
333
418
200
145
325
629
557
185
39
838
1332
666
26
332
1006
1318
661
-225
-83
576
728
384
291
184
57
-46
139
414
407
34
-251
-77
171
252
235
245
243
328
461
660
822
782
440
249
487
892
939
456
-31
30
457
623
216
-284
-324
-43
47
-467
-1287
-1473
-975
-547
-442
-879
-1392
-1274
-876
-757
-755
-673
-697
-704
-417
-277
-543
-845
-849
-387
174
133
-460
-628
-37
448
389
163
200
326
549
377
507
631
627
821
1069
1318
1524
1554
991
142
-719
-528
736
1675
1135
-548
-1578
-1111
130
316
-451
-831
-448
-49
-366
-944
-1167
-732
-217
73
208
429
496
158
-262
-142
637
1289
1337
831
292
82
278
537
753
806
705
407
-203
-890
-1272
-1122
-721
-376
-522
-1035
-1535
-1587
-1263
-953
-735
-634
-629
-578
-521
-794
-1125
-877
-155
453
581
366
212
360
678
949
1165
1472
1781
1857
1714
1337
1084
1273
1960
2577
2918
2662
1768
155
-1342
-1595
-323
1155
1110
-601
-2483
-2800
-1975
-1489
-1831
-1950
-1296
-628
-782
-1586
-2080
-1783
-996
-251
378
1130
1676
1336
232
-372
255
1508
2183
1879
1184
611
281
35
-181
-244
16
64
-751
-2061
-2797
-2534
-1956
-1829
-2111
-2095
-1494
-928
-1167
-1892
-1951
-972
279
844
564
87
15
378
788
1199
1703
2201
2450
2396
2070
1727
1682
1959
2359
2646
2669
2485
2222
2033
2034
2363
2577
1816
-86
-1700
-1650
-376
222
-775
-2324
-2785
-2007
-1355
-1743
-2433
-2194
-1409
-1027
-1147
-1098
-698
-430
-597
-586
209
1356
1907
1395
523
167
485
848
771
429
198
31
-319
-726
-959
-1105
-1454
-2220
-3169
-3600
-3231
-2517
-2309
-2639
-2830
-2303
-1297
-698
-762
-842
-347
523
1233
1383
1129
1044
1416
1933
2247
2457
2718
2920
2840
2503
2154
2085
2246
2404
2384
2378
2456
2526
2483
2337
2311
2217
1339
-403
-1717
-1536
-369
61
-873
-2126
-2259
-1515
-1256
-1826
-2213
-1699
-920
-572
-620
-545
-337
-362
-653
-691
83
1256
1701
1052
198
-104
10
-94
-498
-848
-924
-928
-1184
-1574
-1846
-1977
-2296
-2939
-3803
-4213
-3821
-2994
-2362
-2146
-2159
-1904
-1068
-196
145
161
430
1062
1741
2054
1924
1582
1431
1648
2044
2406
2746
2980
2893
2427
1924
1718
1864
2038
2044
2032
2247
2715
2955
2846
2598
2423
1660
130
-1156
-1117
-190
109
-604
-1465
-1399
-783
-598
-1164
-1521
-1142
-585
-423
-430
-144
140
-25
-597
-705
22
882
1024
525
65
-129
-334
-813
-1406
-1835
-2031
-2126
-2177
-2061
-1912
-2110
-2644
-3254
-3896
-4498
-4609
-3885
-2670
-1803
-1598
-1508
-879
89
621
477
456
1141
2112
2499
2119
1612
1504
1612
1513
1464
1849
2475
2634
2239
1767
1712
1881
1836
1441
1321
1850
2666
3119
3121
3200
3219
2479
709
-760
-971
-202
92
-296
-717
-369
154
1
-746
-1196
-942
-670
-467
-158
505
809
451
-279
-515
-99
318
354
137
10
-191
-442
-786
-1163
-1752
-2498
-3009
-2994
-2546
-2199
-2197
-2353
-2495
-2779
-3375
-4056
-4395
-3992
-2982
-1779
-705
92
614
874
1079
1089
962
886
1161
1552
1856
1949
1674
1144
795
884
1143
1388
1530
1563
1607
1769
1879
1751
1595
1603
1976
2508
2982
3453
3692
3145
1504
38
-515
-300
-459
-967
-1391
-1003
-165
208
-62
-427
-507
-783
-971
-778
-63
484
642
487
442
600
626
413
69
-184
-427
-485
-341
-330
-787
-1624
-2340
-2568
-2387
-2231
-2223
-2154
-2034
-2135
-2522
-2848
-3135
-3369
-3299
-2560
-1381
-304
320
647
1038
1489
1383
724
290
516
885
992
989
990
992
926
852
870
944
921
892
1244
1754
2045
1951
1976
2103
2409
2577
2891
3218
3149
1980
304
-548
-580
-612
-1359
-1889
-1843
-1144
-718
-629
-658
-443
-508
-905
-873
-233
334
362
374
732
1319
1579
1397
1071
764
299
-165
-187
44
-178
-876
-1469
-1616
-1624
-1794
-2059
-2160
-2103
-2213
-2442
-2586
-2711
-3067
-3262
-2829
-1871
-904
-255
318
1030
1680
1739
1274
883
776
629
497
637
837
872
828
931
1131
1229
1054
779
883
1289
1604
1669
1734
1874
2067
2322
2580
2916
2953
2138
513
-798
-1319
-1507
-1871
-2338
-2494
-2238
-1629
-1157
-733
-470
-455
-778
-665
-106
368
435
521
845
1338
1840
2090
2057
1777
1127
341
-8
70
-149
-748
-1296
-1511
-1641
-1751
-1916
-2073
-2243
-2465
-2639
-2726
-2765
-2986
-3182
-3019
-2384
-1478
-543
348
1030
1571
1827
1927
1802
1663
1327
1061
911
1012
1033
1031
1119
1280
1388
1402
1308
1126
1065
1200
1322
1340
1416
1653
2002
2258
2447
2503
2255
1162
-364
-1421
-1758
-2007
-2543
-2935
-2863
-2207
-1495
-918
-555
-231
-296
-377
-124
379
524
527
726
1133
1558
1913
2021
1872
1391
623
10
-146
-357
-997
-1704
-2031
-2162
-2236
-2217
-2108
-2094
-2207
-2414
-2542
-2581
-2699
-2886
-2938
-2615
-1961
-978
72
1051
1631
2010
2275
2535
2353
1939
1501
1234
1014
954
983
1056
1138
1203
1259
1300
1244
1106
1092
1279
1352
1326
1422
1691
1981
2138
2384
2444
2023
680
-574
-1258
-1557
-2266
-2961
-3109
-2586
-1734
-1076
-463
6
402
284
352
589
799
606
539
714
1071
1378
1553
1551
1411
924
272
-188
-437
-1116
-2059
-2689
-2816
-2825
-2761
-2568
-2353
-2254
-2266
-2289
-2383
-2560
-2831
-2990
-2881
-2340
-1503
-520
489
1412
2108
2577
2807
2620
2080
1458
991
702
566
573
652
821
1011
1239
1363
1360
1223
1143
1248
1296
1308
1404
1719
1969
2290
2722
3125
2804
1670
317
-444
-918
-1612
-2548
-2961
-2674
-1918
-1185
-468
242
763
843
778
861
886
678
405
371
575
968
1305
1477
1343
924
346
-69
-410
-1097
-2060
-2782
-3102
-3175
-3051
-2753
-2461
-2325
-2264
-2163
-2078
-2229
-2590
-2839
-2803
-2519
-2062
-1343
-438
537
1407
2087
2508
2607
2266
1580
886
289
-125
-223
41
391
705
1005
1336
1596
1704
1621
1442
1420
1528
1739
1989
2358
2692
3189
3638
3449
2249
815
-137
-803
-1593
-2449
-2888
-2736
-2024
-1322
-616
58
675
929
1177
1452
1461
1095
705
486
461
669
1026
1379
1528
1250
718
313
-42
-794
-1865
-2768
-3284
-3481
-3363
-3039
-2753
-2557
-2337
-2029
-1874
-2059
-2595
-3086
-3330
-3093
-2502
-1650
-697
288
1220
2039
2612
2581
2095
1428
855
259
-223
-597
-727
-471
180
870
1443
1869
2111
2188
2111
1865
1555
1447
1578
1940
2435
3126
3632
3432
2337
1060
187
-623
-1698
-2818
-3355
-3251
-2522
-1638
-620
331
1116
1520
1944
2261
2129
1526
999
657
523
712
1117
1480
1588
1389
1043
806
396
-502
-1694
-2671
-3365
-3744
-3794
-3573
-3260
-2870
-2398
-2004
-1856
-2020
-2396
-2771
-3054
-3068
-2656
-1819
-822
225
1133
1924
2417
2527
2183
1678
1020
284
-391
-763
-877
-617
-15
655
1171
1655
2058
2296
2369
2154
1824
1549
1657
1825
2325
2736
2736
1999
1255
628
-46
-1011
-2200
-3118
-3505
-3093
-2462
-1430
-332
747
1445
2191
2793
2925
2558
1986
1459
1108
1054
1145
1283
1434
1409
1289
1098
725
-64
-1014
-1938
-2791
-3495
-3843
-3848
-3641
-3265
-2771
-2252
-1982
-1941
-1974
-1994
-2165
-2378
-2380
-1965
-1274
-377
555
1439
2119
2489
2445
2098
1521
751
-67
-744
-1105
-1046
-593
40
581
1075
1538
2007
2259
2223
1945
1710
1616
1621
1872
2105
1944
1178
616
241
-207
-1143
-2134
-2951
-3270
-3057
-2590
-1777
-788
268
1121
2138
2924
3208
2967
2609
2140
1730
1496
1374
1323
1375
1397
1386
1245
785
-80
-981
-1769
-2493
-3176
-3640
-3780
-3628
-3211
-2693
-2123
-1851
-1827
-1880
-1717
-1636
-1666
-1724
-1582
-1153
-409
514
1298
1902
2189
2206
2023
1690
1043
230
-549
-1079
-1116
-719
-319
22
601
1272
1841
2203
2270
2057
1958
1955
1969
2077
1951
1190
253
-128
-416
-929
-1742
-2445
-2944
-2761
-2398
-1936
-1326
-542
112
1005
2079
2809
3013
2935
2694
2387
2177
1876
1515
1283
1164
1047
1076
988
479
-412
-1259
-2063
-2674
-3153
-3441
-3610
-3470
-3042
-2418
-1891
-1673
-1663
-1650
-1567
-1518
-1370
-1231
-999
-559
224
981
1559
1837
1939
1874
1619
1054
375
-244
-707
-978
-887
-646
-298
204
890
1511
2032
2307
2330
2312
2276
2280
2223
1916
994
151
-290
-573
-1161
-1766
-2325
-2631
-2516
-2051
-1555
-986
-441
89
821
1741
2243
2354
2321
2208
2014
1979
1931
1728
1491
1252
1049
893
685
118
-619
-1331
-1966
-2525
-2864
-3019
-3047
-2942
-2630
-2172
-1783
-1653
-1651
-1571
-1457
-1411
-1362
-1288
-1013
-499
179
731
1189
1422
1543
1503
1259
644
-37
-619
-952
-938
-626
-356
-50
530
1289
1979
2447
2614
2623
2640
2626
2629
2398
1652
572
-8
-333
-712
-1397
-1981
-2482
-2414
-2058
-1622
-1180
-630
-138
475
1328
1884
2025
2009
1931
1690
1594
1568
1430
1306
1263
1162
1135
1036
558
-252
-992
-1699
-2316
-2759
-2982
-3117
-3011
-2647
-2090
-1675
-1624
-1767
-1757
-1603
-1555
-1491
-1374
-1094
-630
-28
406
772
1035
1155
1101
947
525
36
-350
-663
-843
-706
-414
-56
562
1282
1916
2450
2906
3075
3196
3323
3276
2589
1426
298
-252
-572
-1063
-1694
-2038
-2071
-1779
-1346
-930
-554
-144
267
791
1341
1555
1460
1397
1458
1507
1608
1679
1606
1437
1260
1087
976
728
163
-558
-1139
-1671
-2143
-2525
-2824
-3012
-2837
-2380
-1904
-1662
-1632
-1648
-1518
-1407
-1458
-1540
-1470
-1156
-616
-9
388
688
889
943
800
545
7
-640
-1077
-1141
-1030
-790
-454
71
823
1618
2236
2628
2974
3168
3324
3311
2856
1800
703
-68
-659
-1215
-1780
-2139
-2194
-1719
-1153
-561
-51
407
683
1055
1477
1630
1499
1293
1115
1047
1187
1365
1459
1468
1442
1380
1360
1087
437
-387
-1079
-1667
-2102
-2401
-2562
-2592
-2363
-1923
-1432
-1251
-1386
-1561
-1529
-1532
-1593
-1587
-1420
-1067
-498
143
605
921
1084
1106
959
624
19
-576
-994
-1210
-1295
-1137
-846
-304
500
1417
2065
2547
2957
3228
3247
2747
1692
428
-375
-932
-1405
-1944
-2191
-2110
-1505
-863
-317
103
535
813
1172
1485
1493
1213
1010
957
945
974
1051
1215
1335
1332
1237
1190
972
448
-204
-711
-1163
-1572
-1902
-2054
-2076
-1906
-1613
-1276
-1146
-1171
-1154
-998
-1004
-1157
-1310
-1320
-1137
-743
-280
210
710
1096
1305
1357
1139
655
104
-385
-798
-967
-913
-737
-364
255
960
1573
2127
2584
3010
2934
2141
878
-63
-813
-1492
-2239
-2716
-2768
-2151
-1264
-388
376
1007
1427
1764
1964
1773
1285
732
310
134
255
378
548
833
1122
1188
1208
1077
632
-104
-805
-1378
-1764
-2043
-2209
-2156
-1847
-1372
-837
-477
-421
-491
-515
-621
-860
-1055
-1093
-918
-542
-104
284
654
938
1110
1195
1095
760
416
171
-41
-245
-279
-155
88
434
816
1198
1567
1993
2230
1941
1105
197
-493
-1199
-1974
-2711
-3107
-3034
-2352
-1458
-432
534
1417
2089
2692
2914
2644
2058
1390
711
238
-14
-218
-282
-81
208
461
676
637
276
-251
-790
-1449
-2034
-2446
-2580
-2481
-2111
-1584
-970
-432
-12
266
427
453
294
20
-235
-367
-391
-207
39
233
415
742
930
865
690
541
362
194
165
207
443
741
1116
1441
1865
2204
2188
1550
487
-503
-1251
-1963
-2815
-3514
-3729
-3295
-2452
-1424
-369
638
1553
2431
3133
3381
3139
2630
1959
1289
756
338
9
-150
-143
-27
234
411
265
-193
-737
-1347
-1985
-2519
-2911
-3122
-3013
-2523
-1862
-1209
-604
-12
497
857
993
884
715
601
517
435
438
407
377
476
584
519
468
502
446
358
426
508
628
850
1110
1314
1706
2000
1757
1054
255
-497
-1255
-1936
-2684
-3227
-3346
-2939
-2385
-1617
-781
101
983
1931
2617
2862
2764
2464
2039
1620
1209
742
365
199
165
214
323
323
91
-263
-615
-1116
-1708
-2271
-2689
-2954
-2928
-2650
-2241
-1772
-1256
-737
-159
429
766
907
1065
1177
1139
1092
1001
734
527
475
427
432
594
655
614
717
891
1095
1268
1335
1278
1496
1599
1153
318
-316
-959
-1634
-2218
-2769
-3261
-3265
-2754
-2077
-1256
-405
402
1266
2151
2586
2590
2348
1924
1404
1005
620
255
135
216
248
317
466
434
122
-266
-667
-1134
-1619
-1994
-2213
-2248
-2163
-1958
-1574
-1107
-722
-343
82
348
485
638
754
727
697
621
478
398
415
430
544
689
692
743
926
1106
1266
1517
1620
1730
2030
1977
1277
406
-242
-946
-1657
-2387
-3042
-3383
-3187
-2744
-2071
-1188
-344
399
1270
2003
2235
2122
1831
1391
987
673
317
37
-13
33
82
172
145
-98
-464
-845
-1298
-1702
-2011
-2233
-2268
-2051
-1604
-1032
-444
74
569
997
1244
1367
1401
1271
1065
899
674
408
209
78
-22
33
128
215
390
595
776
1023
1312
1399
1510
1519
1093
287
-317
-790
-1282
-1720
-2058
-2211
-1965
-1456
-975
-416
161
619
1049
1500
1638
1461
1213
885
463
151
-103
-362
-530
-574
-628
-566
-483
-571
-821
-995
-1175
-1411
-1660
-1860
-1952
-1917
-1672
-1315
-877
-432
174
806
1320
1683
1913
1985
1898
1705
1395
1130
900
665
545
608
661
709
819
971
1016
1088
1069
1018
874
464
-281
-1021
-1477
-1807
-1987
-2196
-2330
-2225
-1676
-1096
-592
-74
477
1001
1559
2018
2169
2106
1934
1660
1308
891
398
-66
-458
-820
-1139
-1315
-1494
-1719
-1942
-2124
-2295
-2404
-2398
-2344
-2220
-1957
-1491
-931
-359
242
863
1464
1935
2250
2333
2181
1808
1361
951
618
298
195
386
782
1198
1674
2106
2419
2561
2499
2324
1738
718
-553
-1471
-2194
-2705
-3111
-3254
-3136
-2589
-1747
-935
-213
353
855
1265
1531
1463
1229
990
714
492
413
388
278
232
250
230
129
-72
-465
-974
-1451
-1904
-2305
-2585
-2738
-2750
-2493
-2020
-1418
-733
-74
427
924
1380
1624
1574
1445
1229
1007
829
690
535
511
681
946
1195
1432
1646
1853
2024
2135
1980
1476
674
-122
-774
-1290
-1775
-2237
-2416
-2232
-1719
-1101
-393
208
760
1367
1951
2204
2097
1784
1306
760
216
-371
-889
-1222
-1404
-1461
-1330
-1213
-1279
-1448
-1586
-1762
-1936
-2099
-2278
-2301
-2021
-1463
-837
-136
514
1159
1754
2168
2187
1960
1595
1077
629
348
124
-32
81
408
744
1103
1364
1493
1599
1673
1527
1029
310
-549
-1200
-1637
-1934
-2217
-2251
-1942
-1333
-614
100
726
1226
1655
1972
2149
2106
1934
1628
1303
996
704
382
147
-92
-370
-647
-882
-1293
-1758
-2159
-2475
-2758
-2934
-2962
-2796
-2370
-1800
-1101
-403
215
751
1303
1664
1737
1617
1373
1055
789
594
461
418
472
608
859
1091
1212
1339
1465
1489
1188
672
-40
-587
-1046
-1355
-1687
-1905
-1911
-1556
-992
-474
75
554
1002
1368
1681
1685
1502
1173
767
397
72
-285
-531
-547
-564
-616
-541
-507
-593
-700
-788
-1074
-1316
-1439
-1452
-1402
-1150
-851
-468
96
639
980
1176
1273
1118
929
775
559
365
379
468
600
865
1097
1153
1234
1245
1099
650
-30
-966
-1703
-2197
-2578
-2824
-2837
-2524
-1970
-1088
-230
574
1225
1843
2369
2736
2842
2677
2372
1921
1430
921
423
-17
-453
-883
-1285
-1537
-1793
-2001
-2105
-2148
-2152
-2034
-1784
-1490
-1114
-722
-331
124
578
911
1150
1336
1349
1291
1298
1265
1181
1160
1163
1148
1139
1147
1162
1262
1386
1397
1249
753
57
-687
-1306
-1989
-2566
-2994
-3076
-2816
-2238
-1474
-644
160
817
1411
1752
1776
1439
964
347
-192
-620
-872
-966
-818
-556
-212
129
369
447
309
44
-262
-498
-775
-954
-959
-751
-352
115
490
740
962
1055
1064
977
760
535
466
472
534
696
876
961
1163
1366
1508
1319
839
77
-558
-1109
-1637
-2142
-2480
-2496
-2150
-1470
-762
9
663
1277
1749
2099
2103
1837
1343
737
163
-365
-892
-1320
-1539
-1669
-1667
-1575
-1504
-1565
-1578
-1623
-1731
-1765
-1672
-1441
-1121
-603
-145
432
1014
1522
1850
2100
2186
2051
1940
1728
1494
1314
1280
1245
1289
1488
1635
1818
1777
1376
624
-61
-794
-1517
-2095
-2639
-2939
-2788
-2193
-1541
-680
135
807
1346
1755
1785
1543
1142
568
-14
-513
-1007
-1371
-1472
-1439
-1298
-975
-637
-469
-387
-389
-421
-472
-573
-715
-722
-565
-370
-167
56
273
444
604
710
705
593
404
271
168
173
208
352
603
1036
1514
1744
1643
1328
1024
625
166
-422
-974
-1340
-1357
-1099
-634
-50
541
1123
1645
1934
1902
1602
1006
224
-543
-1236
-1872
-2271
-2430
-2406
-2174
-1774
-1418
-1101
-765
-507
-324
-194
-165
-138
-4
174
331
564
764
882
1012
1116
1122
1048
975
875
791
728
641
639
718
855
878
727
338
-103
-461
-843
-1231
-1664
-1900
-1948
-1588
-1079
-391
307
1000
1589
2101
2416
2404
2100
1551
902
187
-528
-1140
-1565
-1864
-2041
-2080
-2022
-1946
-1806
-1676
-1497
-1352
-1171
-907
-516
-141
229
639
968
1256
1502
1659
1672
1645
1533
1456
1406
1331
1173
1166
1145
1109
1008
741
160
-450
-890
-1278
-1531
-1815
-1935
-1886
-1413
-952
-322
232
740
1076
1443
1599
1525
1312
940
510
73
-250
-571
-719
-890
-1021
-1117
-1118
-1211
-1280
-1340
-1422
-1420
-1300
-1166
-1030
-778
-470
-139
193
477
674
847
982
1064
1141
1213
1230
1254
1335
1474
1581
1705
1615
1234
657
136
-338
-756
-1098
-1422
-1519
-1365
-928
-449
159
604
906
1105
1272
1255
1052
700
140
-361
-750
-984
-1174
-1206
-1244
-1209
-1079
-904
-832
-844
-901
-966
-933
-856
-753
-623
-400
-158
122
384
576
681
763
791
821
844
855
838
906
1038
1195
1361
1376
1116
626
189
-229
-641
-1026
-1320
-1418
-1237
-762
-226
403
919
1344
1623
1784
1651
1269
728
27
-635
-1189
-1541
-1761
-1750
-1596
-1283
-890
-528
-283
-149
-113
-161
-236
-327
-434
-480
-456
-345
-190
-16
149
296
440
527
609
630
614
572
561
581
689
848
844
675
415
203
0
-167
-373
-607
-698
-610
-363
-51
302
576
857
1115
1205
1130
898
534
54
-340
-711
-1010
-1170
-1225
-1162
-964
-697
-522
-369
-265
-222
-203
-214
-281
-346
-375
-379
-336
-267
-234
-215
-163
-115
-35
81
193
289
427
595
798
1055
1212
1163
955
696
410
174
4
-212
-357
-363
-174
53
382
632
814
921
934
792
494
97
-429
-851
-1221
-1508
-1664
-1608
-1475
-1211
-847
-532
-275
-51
76
128
175
155
126
177
233
306
431
533
543
540
481
390
342
251
100
5
0
9
144
276
262
83
-83
-286
-457
-596
-718
-810
-747
-517
-146
335
802
1153
1454
1668
1692
1555
1242
758
184
-304
-740
-1085
-1336
-1412
-1324
-1084
-818
-581
-364
-205
-117
-123
-190
-314
-447
-527
-521
-468
-366
-207
-13
191
405
634
823
909
918
868
836
771
716
594
354
67
-178
-305
-413
-416
-468
-415
-312
-89
100
306
431
451
479
439
362
205
46
-237
-470
-672
-842
-962
-1016
-1014
-943
-737
-515
-265
6
267
473
633
679
619
508
345
130
-64
-205
-318
-341
-265
-124
79
328
479
562
612
667
651
581
377
115
-112
-256
-294
-263
-146
-47
152
342
538
643
696
640
546
401
223
51
-133
-344
-555
-751
-965
-1137
-1246
-1319
-1366
-1298
-1179
-978
-716
-412
-117
194
451
608
690
676
584
470
354
185
64
16
78
222
416
504
561
619
656
636
528
328
42
-196
-404
-463
-463
-375
-260
-34
201
452
689
840
903
872
815
712
580
383
179
-21
-246
-461
-631
-775
-915
-1011
-1063
-1076
-1028
-940
-818
-681
-526
-383
-251
-149
-88
-29
25
45
54
69
93
175
333
463
544
627
682
708
716
640
464
270
75
-138
-276
-360
-401
-374
-252
-112
47
223
349
477
552
562
514
497
416
313
201
64
-76
-190
-273
-380
-432
-507
-549
-562
-517
-479
-394
-290
-197
-96
-21
32
54
44
-21
-103
-185
-244
-236
-185
-80
52
226
415
615
749
781
723
594
430
209
-22
-253
-420
-497
-465
-386
-265
-135
2
134
230
254
240
196
135
54
-11
-88
-174
-248
-274
-308
-350
-384
-393
-387
-351
-287
-182
-28
113
257
380
468
464
408
233
6
-235
-422
-541
-570
-523
-366
-106
195
489
752
899
910
799
596
321
35
-232
-426
-513
-496
-386
-193
22
195
320
384
353
256
126
-19
-157
-245
-296
-298
-262
-201
-142
-109
-111
-154
-206
-251
-272
-271
-223
-129
8
149
286
373
370
277
112
-95
-288
-441
-534
-560
-470
-304
-39
242
504
673
757
721
612
414
177
-48
-226
-345
-350
-261
-143
17
182
279
312
308
221
85
-51
-182
-278
-304
-287
-244
-153
-65
7
61
73
39
0
-37
-72
-78
-60
-12
62
153
233
270
241
161
36
-122
-264
-383
-461
-488
-439
-335
-173
23
203
345
423
422
363
274
148
11
-87
-151
-173
-132
-49
38
114
158
156
121
58
-24
-96
-156
-195
-193
-152
-109
-41
27
64
81
81
69
52
58
67
95
135
191
255
317
341
314
246
116
-47
-213
-355
-472
-533
-541
-492
-386
-245
-92
61
176
212
216
183
107
10
-57
-110
-132
-111
-46
47
139
191
199
189
127
28
-76
-179
-276
-310
-301
-268
-207
-118
-43
41
98
125
141
160
180
208
257
314
394
467
523
545
534
460
330
158
-35
-224
-373
-479
-524
-521
-468
-382
-266
-157
-70
-32
-28
-57
-107
-150
-195
-218
-210
-150
-56
61
152
224
270
291
254
178
65
-62
-170
-229
-273
-293
-283
-260
-221
-166
-113
-74
-35
-5
35
87
150
219
307
400
479
548
595
612
590
518
406
280
146
36
-43
-116
-167
-199
-200
-188
-172
-196
-228
-260
-292
-328
-353
-389
-412
-395
-363
-323
-275
-211
-147
-75
6
82
160
230
285
320
348
341
290
212
113
-1
-106
-191
-268
-309
-320
-298
-253
-172
-97
-9
77
148
188
234
255
254
248
242
249
273
309
324
347
350
352
313
244
152
67
-20
-103
-175
-235
-287
-330
-356
-376
-415
-463
-502
-537
-541
-533
-497
-428
-314
-190
-21
150
312
429
513
550
548
512
424
317
187
70
-36
-92
-151
-192
-200
-177
-140
-91
-37
-5
22
39
41
46
52
28
10
16
26
49
95
137
173
227
287
343
381
382
337
267
185
82
-48
-197
-326
-420
-478
-499
-486
-456
-411
-360
-295
-232
-183
-149
-125
-114
-101
-68
-15
30
66
100
150
226
289
323
334
353
368
383
373
330
267
207
128
38
-71
-185
-279
-329
-353
-362
-338
-276
-172
-48
77
177
262
308
328
313
263
171
73
-26
-85
-112
-115
-110
-92
-68
-29
-12
-53
-125
-204
-268
-330
-367
-382
-339
-262
-142
-11
101
188
245
275
275
243
182
130
102
100
119
154
165
167
157
116
38
-78
-210
-315
-378
-405
-381
-292
-161
-4
172
306
387
404
379
298
186
53
-64
-132
-146
-105
-31
78
177
258
292
277
190
58
-111
-287
-450
-569
-616
-590
-491
-353
-192
-28
130
231
268
251
197
111
33
-19
-38
-12
56
141
224
289
325
336
285
170
32
-90
-190
-250
-283
-285
-230
-132
-39
38
92
106
97
65
5
-58
-83
-80
-54
2
74
154
241
304
328
310
257
175
83
-21
-122
-191
-223
-223
-207
-170
-126
-85
-70
-79
-106
-149
-193
-232
-254
-256
-223
-173
-126
-75
-29
18
57
83
78
79
88
108
137
164
172
180
200
205
194
166
140
112
93
81
75
66
67
70
67
55
28
-11
-36
-59
-85
-91
-86
-77
-56
-22
-2
12
15
8
6
1
-21
-37
-36
-36
-23
-10
-5
-13
-5
-14
-46
-105
-174
-243
-284
-308
-329
-317
-289
-227
-149
-62
2
68
105
125
150