SAMPLES:	10959
BITSPERSAMPLE:	16
CHANNELS:	1
SAMPLERATE:	16000
NORMALIZED:	FALSE
19
12
-3
-18
16
-11
1
16
-12
-14
7
13
-15
13
6
-11
8
17
-29
4
-1
-15
17
24
-19
-26
36
3
-22
-4
9
-2
31
-28
-24
43
12
-49
9
44
-17
-3
-19
6
18
-1
-30
46
-6
-34
11
40
3
-32
-12
24
24
-20
-14
14
13
-39
16
15
-20
-33
13
2
30
-10
-3
1
-6
-36
23
28
6
-23
-64
33
41
-15
0
14
-3
-10
-28
21
39
5
-19
-6
-15
2
-7
31
21
-17
-7
-18
12
10
8
-16
19
-6
10
-18
-44
66
31
-22
-40
-6
31
40
-20
-12
2
-3
-42
-24
36
49
9
-46
-67
33
13
-34
24
6
2
18
4
6
-2
-26
5
-11
-2
15
-20
-2
-20
18
37
-79
-16
33
37
-29
-9
27
-20
-24
19
6
14
37
-58
36
-7
38
-11
-1
-29
22
-2
-73
-36
70
19
-10
15
-61
9
11
40
-26
5
-43
35
7
-4
-30
78
20
17
-64
-41
-5
75
-27
-19
-20
29
38
-67
53
19
72
-68
5
-68
-13
33
17
-5
46
-92
6
40
73
-53
-41
-16
36
37
-85
16
62
26
-31
-8
26
17
28
-49
27
-18
-72
-51
51
46
-21
12
21
25
-9
-55
13
9
-3
-33
18
39
22
-17
-82
24
68
-7
-56
14
13
32
28
20
-4
-36
-50
27
24
-2
-54
-26
-40
46
62
-8
87
-67
-139
34
64
-10
13
-20
11
59
-53
-75
82
84
-58
-24
-12
-23
47
-2
-45
-2
-14
0
19
51
21
17
7
-71
-42
15
1
-15
13
-1
12
26
-43
-23
39
-28
18
29
-60
-29
14
-39
21
46
21
-31
19
-104
43
130
-2
-71
-20
23
85
42
-106
-33
-10
-18
-30
84
-29
53
31
-62
-44
36
32
-5
18
-78
-42
37
-34
22
54
38
80
-79
-28
6
-32
40
48
-73
-50
-48
25
62
59
3
-23
-29
-22
-7
28
22
-14
-11
9
-4
29
-56
98
82
-76
-65
-61
6
89
38
-16
-44
-11
-25
-36
147
6
-53
65
-46
-34
41
-36
18
-30
-35
43
1
38
-5
2
75
-16
-51
-40
47
7
-30
-54
22
74
4
-82
-60
39
12
-48
-57
-32
83
102
-7
13
-24
-32
26
29
-68
-5
-53
29
118
62
20
-5
-56
40
-19
-75
67
-69
5
-24
-33
45
26
-47
46
-3
-8
42
-52
-18
-44
35
13
-45
6
-31
61
64
-24
27
-108
-20
66
-42
21
-37
2
-9
78
-104
14
64
30
2
-68
2
76
14
68
-194
-23
101
15
113
-94
-22
43
7
-36
19
-62
-1
-76
53
13
0
49
-49
-55
70
2
113
-7
-112
6
-77
113
-107
-44
-74
29
89
46
35
-115
32
162
-123
-51
-61
-71
78
34
-123
117
7
40
-3
3
94
54
21
-93
-68
-70
-54
83
-30
44
37
-105
44
119
16
31
34
87
-18
-116
-61
-79
-13
126
-9
85
-51
-36
37
55
66
-91
-45
54
-68
-15
-132
97
171
-86
-27
-54
-53
156
33
-72
-19
-69
69
152
53
-111
-11
-2
117
-91
-188
77
59
32
63
-81
29
51
-34
-129
42
30
-113
53
-125
51
178
-70
-16
72
-45
-19
30
-112
-68
114
-19
-15
249
-71
90
108
-202
9
5
-141
-70
114
-35
18
74
-51
11
124
-57
76
-12
-144
-83
-149
49
148
24
-120
-142
156
164
45
-17
-203
-32
-71
-23
-45
39
-17
57
-14
52
145
30
-52
-26
-40
-60
75
-98
-130
9
111
-77
150
162
-144
172
-37
-147
28
-18
-41
-18
-11
-42
52
155
107
78
-16
-107
-146
-75
59
37
-165
-14
95
-18
85
-89
169
98
-7
-57
-100
-16
166
13
-181
-15
-12
-60
78
109
-102
78
35
-68
55
-70
-130
41
39
-102
247
-130
79
126
-41
161
-84
-28
-9
-91
-54
-39
-65
160
-27
162
-69
-2
-70
-117
119
68
78
-100
-62
-38
-29
-78
146
28
32
-153
38
82
255
-57
-292
-15
85
69
-143
-23
47
228
10
-219
-40
191
-114
-147
2
47
336
48
-282
163
46
-83
106
-372
185
-3
-13
-105
-44
89
-25
17
-72
100
83
-28
-56
-109
-14
79
-123
45
-99
87
265
-159
2
143
-43
53
-99
-297
37
68
-145
52
251
-158
31
-50
-265
476
-106
51
-84
-94
121
37
-18
-329
165
78
-95
188
-123
217
14
59
158
-90
6
-113
-212
-80
-30
-57
197
-69
294
-170
127
173
-142
-134
-86
-184
-20
-292
82
372
181
270
-237
92
171
34
-193
-443
-29
-129
146
65
-163
365
123
162
-18
25
-176
8
-28
-295
24
-43
-42
24
29
102
261
-26
-22
-102
-133
70
-125
147
33
-68
57
-153
370
-83
-116
-29
-87
278
-116
-21
-130
33
269
49
-425
11
-117
179
428
-342
259
-276
142
-45
-144
93
-96
6
113
-158
167
-94
119
193
-268
319
-324
40
-239
201
91
-7
163
33
43
80
-271
82
125
-322
164
-319
154
-199
134
266
141
-196
-230
312
-57
-234
-227
-83
111
455
-225
-316
307
303
268
27
-209
-136
-76
-59
-436
-159
-74
-13
257
102
167
103
87
155
213
-325
-141
-292
-60
-28
-269
400
156
228
249
-161
77
67
-88
30
-304
-352
243
-220
386
312
-289
112
-133
245
47
-597
-129
-324
306
50
-9
87
88
427
187
-253
-255
-329
195
166
-463
-9
451
-1
440
39
-472
199
-187
43
-12
-24
-505
456
425
-284
43
37
55
58
-353
-330
351
-70
132
-313
-6
305
481
-427
-58
-307
231
-13
-66
-197
10
199
-139
328
-79
165
172
-288
-110
-284
156
-13
120
-406
-140
691
-121
254
-184
-41
361
21
-549
-24
-131
391
-270
166
-103
40
330
189
113
-256
90
-93
4
-351
-82
161
-56
354
-109
223
-85
72
105
-260
174
-353
-216
-7
410
56
72
-20
-186
377
-154
-322
-46
199
-349
313
-269
-17
376
-226
167
-282
124
-164
-52
-211
312
147
250
-15
-236
172
-336
468
-162
-497
156
-82
142
54
150
-114
445
-227
-429
295
-224
222
-130
-765
739
118
-148
283
-409
225
185
-24
-228
15
-348
450
93
-412
85
-44
533
-225
-41
3
205
196
-384
-129
-142
274
53
-256
-274
20
451
313
-313
-104
-21
139
357
-572
-102
22
283
-44
195
-344
83
-29
329
-125
-185
-3
-68
174
317
-95
-510
462
-160
-80
-9
-269
525
-112
-510
369
12
313
-114
-363
-329
520
-210
323
-292
-39
223
0
275
-398
114
-246
201
-7
-37
-1
-56
494
-247
394
-177
-208
27
-283
170
-121
320
-101
0
-314
403
-8
-313
38
-363
352
198
-142
46
109
-77
348
95
-141
-463
-78
91
449
-144
-433
366
-189
302
124
-401
159
-175
-43
351
-300
106
270
-154
38
-420
50
114
132
-297
-262
124
218
398
-317
169
-62
-3
-17
-253
-204
158
-154
107
237
-16
50
166
75
-89
167
-512
274
-610
221
-131
355
307
-238
325
-290
195
-18
-106
-126
182
-230
157
-270
211
-22
27
176
-408
93
-153
208
163
-197
428
-189
181
-178
-564
347
-588
719
-317
-47
372
-135
677
-313
119
-467
8
-216
-84
22
26
157
445
-48
-9
379
-195
208
-447
-111
-442
149
252
-1
81
462
-70
113
-325
-583
553
-267
-82
65
-285
526
285
-57
-169
-31
29
69
-217
-299
336
-286
111
159
-16
360
-291
-313
55
-297
511
-293
-263
398
-365
301
197
-103
-167
37
-266
150
47
78
213
-168
-198
405
121
-168
-388
-315
546
110
-156
-108
-8
-84
266
-65
-31
-35
-45
-57
263
-44
-120
316
-167
337
-181
-84
-115
-21
-350
316
190
18
-80
-423
616
272
-14
-697
-21
60
273
-591
108
-317
387
380
155
82
-51
-122
149
155
-586
81
-554
570
-346
404
-141
86
451
-220
255
-534
379
-103
132
-327
-64
-194
267
436
-501
39
-221
90
72
-103
74
155
-438
476
110
314
-97
-413
486
-307
161
-231
-216
219
126
67
-59
-357
-65
333
21
-300
-14
-438
443
242
-22
207
-393
237
269
-15
-38
-194
-275
-22
394
308
-312
-64
10
76
45
-113
-261
49
5
288
-2
198
-167
-209
78
115
-168
-257
-63
-242
103
498
199
-12
-141
-161
463
-234
-10
-551
-70
143
130
283
-526
700
-235
215
-211
-296
426
-329
-15
-134
228
133
-148
-435
344
320
-128
-154
-543
522
291
-233
-249
-115
369
-178
95
-489
421
250
-85
-141
-383
392
401
-294
-140
299
99
262
-326
-336
96
127
-358
-51
-528
730
468
-141
-74
-476
103
410
63
-688
-370
-110
956
-369
45
-23
258
333
-120
56
-161
-44
-348
303
-258
300
-87
-89
624
-80
63
-23
-100
-7
-131
-478
-114
760
-210
242
-511
205
633
-286
-194
41
-318
117
440
-256
-140
-191
112
520
155
-349
-404
205
113
232
-187
-397
55
-22
59
125
-286
150
-59
19
304
266
-206
-298
278
-55
-87
-22
-340
-8
-29
89
235
-330
455
59
256
-286
61
191
-382
240
-340
-5
102
255
-126
-200
145
107
83
-18
302
-237
-156
65
238
-120
-608
173
-417
394
-62
-418
-20
204
839
-115
-379
-126
567
-215
203
-621
35
-103
-193
327
-96
237
49
366
-291
215
-114
-54
-507
-305
7
237
-67
4
365
335
483
-245
269
-610
73
-129
-556
-242
-146
205
570
73
-8
684
-765
785
-672
-290
-373
-412
593
-260
302
195
304
475
19
85
-382
140
61
-330
-318
-215
-8
149
342
167
259
-377
559
-293
55
-449
-298
-120
-183
226
-203
561
141
130
5
229
-170
-367
-101
-185
226
-529
168
223
307
156
241
-180
-59
320
-392
96
-426
116
-501
397
-87
343
134
-173
151
-209
65
-461
366
-228
35
117
-296
590
59
-48
47
-61
-72
235
-483
-117
270
-191
370
-144
382
-213
-167
50
-274
280
-353
31
170
150
253
1
-326
89
93
-215
-27
-90
-109
122
75
106
344
-46
29
-255
-59
254
-429
-131
1
463
-83
203
-199
138
50
121
-697
207
18
30
5
-138
271
-168
356
-381
470
-595
124
-176
121
322
-349
251
-235
386
116
-282
-327
-7
431
-235
-185
-327
256
552
-208
88
-713
619
-160
-19
-391
-99
403
49
160
-420
132
-25
242
-193
192
-153
384
-79
-202
-66
-233
441
-137
-8
-88
120
179
-109
291
-53
85
-534
37
-88
108
-54
-200
132
146
17
140
195
24
58
-236
-294
153
-195
-33
233
-205
158
89
157
262
-354
-380
261
-211
490
-206
-340
153
130
162
-35
136
-261
208
-370
233
-296
21
130
121
-316
488
-95
28
28
-197
104
-131
301
-294
308
-84
131
-81
-141
255
-272
-199
299
-261
378
-126
468
23
-420
350
-245
119
-329
-284
43
152
143
148
-22
123
80
-85
-134
-50
-262
-381
-71
333
150
237
-72
66
307
-268
118
-392
49
-222
175
61
-79
371
-312
77
-16
184
-73
-205
-297
224
-76
38
-147
-55
272
9
181
16
110
-380
356
-401
26
128
-100
-187
119
213
292
-59
-172
-79
7
-285
113
64
-7
-56
-313
207
160
332
-226
-223
-231
519
-1
7
-472
112
-6
92
16
-227
53
399
-110
67
144
62
428
-736
224
-642
353
-26
-18
191
-338
310
-12
783
-422
51
-918
428
55
-70
-361
-36
688
-123
318
-351
359
-157
-47
-113
-249
79
336
-523
388
-108
-23
110
-26
34
-305
-218
133
284
168
-265
155
61
202
152
-374
142
-46
322
-190
-369
42
442
256
174
-254
-68
-8
-127
-193
-225
-287
330
-51
399
-319
401
-165
-32
80
-89
115
-217
118
-85
42
211
5
-647
138
-49
161
-568
-264
334
-80
468
-189
55
379
-267
293
-387
254
-218
201
-36
275
-12
116
82
8
-77
-415
538
-157
736
-735
449
-140
750
-515
-619
-116
192
191
-328
-66
453
469
-294
326
-499
868
-1001
-163
-855
52
-234
-405
-762
-823
-62
733
658
54
-107
318
971
189
337
-865
325
183
402
110
100
455
384
396
-7
-110
-493
-31
-377
-236
-639
-514
-303
-227
257
-86
60
100
22
582
-272
497
-238
-174
237
-52
378
48
-249
28
84
425
87
-264
257
-86
326
-408
113
-155
146
-139
-407
-437
188
-20
-101
66
-239
46
-199
526
-307
-248
-28
37
112
-78
-214
335
225
-35
-10
-45
279
-80
-41
-51
172
159
-144
-306
36
294
37
93
-390
532
108
195
-184
-158
184
156
178
161
-225
-519
80
56
136
-588
-97
468
554
151
-354
-65
-209
258
-146
-250
-487
165
144
139
332
187
62
-161
182
-213
-102
-217
-289
-81
208
73
-148
-27
51
-166
-397
-71
169
-51
-516
485
541
137
506
-378
568
-90
338
-88
-261
-309
183
121
641
-210
-319
1000
-83
163
-1010
-301
-241
-291
-421
-101
-530
549
144
194
198
108
34
-187
-122
-394
-201
-148
426
-200
391
-42
356
27
165
-314
-11
-79
-536
-1023
177
31
499
226
70
760
-147
474
157
-105
-803
-580
-508
110
282
635
227
536
550
810
361
-206
-856
-746
-562
493
341
-221
-120
415
708
133
-369
-492
-57
-407
-264
-37
-433
50
106
323
580
-49
-67
-107
-190
156
-129
-380
383
-396
257
-648
-176
480
-155
17
-201
175
285
-7
-59
182
44
167
-316
-242
250
-117
276
166
198
-353
200
413
-92
-414
-507
-127
28
-190
-472
267
669
1151
-311
189
-467
364
-15
-260
-525
-423
171
502
618
-355
140
526
811
-615
-629
-265
604
-126
-531
-355
297
822
-270
-498
-556
1230
713
-185
-957
-21
497
355
-385
-1160
-49
806
570
-683
-1102
293
1004
-112
-620
-777
-18
70
535
-478
169
745
246
-763
-481
52
310
-238
-382
62
-112
889
103
39
-58
207
258
-647
-289
-113
-53
508
8
528
194
313
512
-75
459
306
-87
-351
-846
-179
-175
39
24
-206
156
457
190
-162
254
-88
-109
-53
-345
-92
-309
182
82
-120
589
59
-447
-79
-235
-204
-600
-659
-159
-338
335
-152
-276
38
592
297
98
138
340
-165
-272
-84
-83
166
238
174
364
257
478
-185
-59
527
217
-4
-329
184
125
150
376
359
186
395
26
27
-136
118
-281
-405
65
74
28
-63
-264
-81
-157
-42
-112
-810
-345
-311
-390
-632
-211
-136
-167
-58
105
53
-1
-34
-116
-404
-297
-202
-282
-144
-131
77
259
365
260
45
29
341
344
42
-103
102
266
49
261
129
448
500
494
391
484
779
482
84
147
214
339
379
169
143
288
341
10
-106
-188
-77
-439
-625
-679
-338
-154
-401
-500
-449
53
272
31
-209
-80
-58
145
-53
-6
6
251
251
206
4
-173
-206
-370
-590
-573
-685
-829
-929
-956
-710
-663
-675
-798
-825
-842
-781
-723
-699
-719
-567
-387
-386
-228
-177
159
220
376
546
933
1103
1282
1150
1373
1486
1878
1704
1804
1953
2500
2741
2981
3063
3280
3232
3055
2606
2265
1915
1530
918
171
-552
-998
-1304
-1918
-2799
-3560
-3825
-3937
-4327
-4943
-5212
-5074
-4470
-4034
-4018
-3744
-3075
-2142
-1404
-1157
-820
-406
307
601
661
574
701
1137
1379
1257
994
861
891
1147
1460
1440
1356
1512
1777
2253
2475
2922
3201
3976
4811
5580
6264
6551
6902
6465
5143
2662
894
-59
-745
-2683
-4407
-4834
-3751
-2672
-2931
-4899
-6510
-6539
-5399
-4713
-4919
-4572
-3346
-1373
139
103
-744
4
2452
3790
2380
359
-579
-105
478
-18
-1691
-2777
-2115
-1354
-2560
-4397
-4990
-3983
-2480
-1814
-1918
-1661
151
2855
4479
4685
4814
5827
7047
7589
7512
6704
7009
7696
8061
7107
6328
6173
5026
2040
-1026
-2616
-3752
-6125
-8412
-9386
-8364
-5981
-4464
-5200
-6656
-6277
-4144
-2543
-2129
-1834
-880
856
2492
3149
2594
2617
3538
4570
4056
2474
-2
-2238
-3249
-3182
-3556
-4700
-5457
-5557
-5456
-5189
-4899
-4572
-3768
-2158
-710
71
941
2535
4651
6509
7761
7713
7348
7441
8120
7887
7171
6409
6158
6247
5543
4477
3273
2448
222
-2469
-4323
-5248
-6840
-8618
-8948
-7402
-5095
-2971
-2486
-3540
-4038
-2424
-502
-61
65
604
1810
2717
3533
3009
2371
2518
3278
2522
477
-2039
-4339
-5644
-5843
-5771
-6371
-6364
-5613
-4769
-4839
-4462
-3618
-2237
-825
399
875
1549
3111
5089
6352
7298
7739
7779
7602
7269
6892
6010
5533
4861
4179
3346
3082
2832
2965
2771
853
-2615
-4595
-4678
-5281
-7661
-8904
-7732
-4492
-1577
-645
-2422
-3719
-2053
808
1723
851
447
1201
2669
3483
2685
1269
1309
2575
2730
716
-2538
-5599
-7099
-6420
-5773
-6557
-7517
-6638
-4701
-3345
-3085
-3223
-2591
-496
1931
2660
2109
2649
4939
7299
8300
8038
7198
7253
7791
7652
6104
4544
3741
3303
2675
1861
1330
1780
2496
1240
-2312
-5336
-5555
-5188
-6484
-8538
-8342
-5315
-1354
533
-618
-2650
-2004
781
2534
1796
688
724
1907
3038
2792
1378
630
1410
2088
853
-2143
-5592
-7607
-7454
-6277
-6163
-6849
-6339
-4093
-2027
-1338
-1568
-1308
397
2475
3374
2687
2630
4192
6402
7177
6476
5515
5440
6056
6051
4961
3458
2564
2168
1805
1149
623
915
2243
3730
2881
-1053
-4685
-4725
-3424
-4514
-7436
-8456
-5770
-1179
1439
66
-3052
-3288
-65
2663
1841
-360
-972
635
2655
2825
1013
-104
1216
3131
2805
-282
-4285
-6472
-6176
-4940
-4806
-5613
-5576
-4117
-2628
-1864
-1430
-1026
-371
759
1781
2246
2792
3640
4452
4781
5195
5310
5114
4579
4289
3903
3573
3059
2326
1196
616
988
2307
3411
4048
3705
1323
-2176
-4129
-3507
-3587
-6319
-9173
-8249
-3805
342
1171
-1335
-3470
-2119
1319
2623
730
-895
45
2581
3878
2766
974
1267
3481
4921
3287
-784
-4716
-6307
-5583
-4699
-5108
-5979
-5712
-4204
-2856
-2093
-1988
-1540
-602
829
1799
1969
2274
3204
4255
4732
4704
4259
3913
3936
3916
3707
3223
2511
1786
1174
842
756
1302
2188
3638
4425
2745
-1225
-4264
-4136
-3362
-5434
-9219
-10034
-5711
-119
2177
-394
-3477
-2852
1300
4203
2956
307
73
2761
5119
4812
2699
1992
3687
5423
4119
-526
-5590
-8161
-7716
-6273
-5802
-6432
-6671
-5533
-3801
-2064
-1011
-454
401
1731
2997
3243
3103
3122
4109
5246
5537
4621
3428
3190
3457
3412
2443
1495
856
318
-548
-1232
-801
825
3019
4200
3496
246
-2772
-3281
-2552
-4291
-7995
-9277
-6043
-753
2128
906
-1755
-1898
1364
4190
3567
962
365
2388
4333
4112
2174
1180
2378
3960
3017
-856
-5549
-8375
-8326
-7120
-6552
-6622
-6439
-5352
-3259
-1085
221
672
1355
2733
4184
4362
3430
2801
3278
4170
4290
3060
1482
1075
1725
1937
1247
516
266
389
44
-353
37
1551
3507
5240
6338
5273
1968
-1404
-2041
-1716
-3894
-7891
-9316
-5856
-449
2200
207
-3117
-3170
390
3385
2596
-133
-665
1760
4059
3683
1510
642
2164
3722
2483
-1624
-6127
-8232
-7257
-5512
-4893
-5290
-4811
-3018
-1227
-697
-647
200
1777
3082
2992
2205
2046
2969
3631
3259
2059
1236
1276
1380
846
96
83
630
1269
1160
718
815
2030
3972
5501
6516
6717
4987
836
-2575
-2932
-3017
-6079
-10273
-10187
-5146
341
1291
-1806
-4332
-2494
2001
4030
2039
-285
767
3958
5544
4057
1856
2081
4168
4865
2040
-2849
-6940
-8301
-7235
-5874
-5675
-5903
-4988
-3107
-1554
-643
104
941
1773
2376
2454
2109
1817
1996
2349
2579
2093
1395
832
929
1294
1454
1440
1436
1662
1396
1195
1234
2086
3426
4953
6458
6802
4108
-691
-3414
-3085
-3790
-7590
-11374
-10312
-4741
619
1145
-1991
-3729
-934
3670
5097
2987
1281
2534
5013
5714
3945
2075
2484
4140
4195
1144
-3716
-7671
-8776
-7619
-6457
-6282
-6503
-5574
-3491
-1246
120
630
952
1670
2593
2690
2043
1471
1593
2189
2494
2065
1276
1083
1552
1957
1745
1226
1032
1014
760
357
597
2172
4441
6141
6793
5689
2239
-1424
-2781
-3269
-6296
-10306
-11088
-6789
-1142
1272
-309
-2329
-1017
2948
5703
4646
2247
2116
4008
5329
4398
2604
2261
3694
4508
2486
-1857
-6401
-8848
-9240
-8691
-8197
-7420
-6538
-5059
-3038
-570
1558
2278
1734
1364
2102
2667
2386
1623
1283
1927
2588
2146
872
368
1076
1991
1869
568
-299
-87
495
918
1490
3101
5387
7589
7614
4669
196
-2115
-1662
-2911
-7573
-11404
-9144
-2643
2211
1801
-1193
-1593
1896
5805
5968
3056
1193
2624
4889
4809
2543
870
1668
3378
2899
-792
-5770
-9293
-10057
-8886
-8072
-8082
-7512
-5390
-2808
-1342
-692
266
1757
2582
2234
1495
1488
2516
3390
2976
1672
852
1117
1513
1171
475
364
849
1004
842
563
1001
2026
3576
5173
6522
7503
7326
5171
1026
-1840
-2463
-3459
-7260
-10725
-9285
-3371
1729
1826
-1051
-2281
396
4093
4842
2408
657
2066
4488
4689
2439
683
1402
3254
2893
-774
-5825
-9264
-9825
-8637
-7739
-7457
-6652
-4646
-2502
-1347
-724
430
1858
2508
2307
1906
2081
2642
2919
2458
1763
1552
1780
1690
1119
703
911
1384
1742
1466
1140
1505
2609
4051
5349
6554
7434
7080
3884
-584
-2812
-2865
-4469
-8711
-11195
-8350
-2119
1660
721
-1876
-1644
1814
4852
4332
1659
904
2777
4591
3905
1710
631
1803
3134
1734
-2352
-7091
-9793
-9824
-8554
-7832
-7582
-6480
-4296
-2103
-1057
-462
552
1817
2748
3005
2746
2510
2747
2905
2738
2409
2224
2048
1722
1469
1450
1671
1552
1414
1135
1343
1779
2570
3382
4773
6319
7346
6381
2843
-1158
-2842
-3176
-5587
-9499
-10538
-6355
-455
1958
109
-2081
-956
2644
4910
3566
1159
1027
3001
4130
2903
787
243
1735
2616
667
-3743
-7995
-10025
-9490
-8057
-7367
-7099
-5784
-3100
-843
-131
-31
945
2619
3590
3214
2251
2319
3313
3945
3242
2028
1592
1976
2035
1165
380
347
968
1188
889
507
831
1983
3457
4782
5450
6268
6225
3962
-225
-2809
-3075
-4269
-7480
-9523
-6669
-1323
2096
1135
-1075
-1077
1724
4077
3269
953
273
2027
3343
2588
568
-198
841
1793
561
-2968
-6793
-9070
-9109
-7985
-6838
-5876
-4543
-2651
-960
213
1199
2289
2932
3183
3258
3355
3298
3053
2586
2298
2281
2095
1470
538
24
61
421
443
257
-14
192
857
1722
2609
3828
5403
6942
6795
3541
-798
-2512
-2117
-3768
-7724
-9163
-5445
-239
1520
-310
-2130
-1068
1939
3628
2230
-2
-75
1780
2761
1704
207
150
1420
2114
671
-2611
-6038
-7893
-7772
-6643
-5661
-4977
-3909
-1897
82
669
477
1073
2547
3630
3429
2477
2203
2871
3299
2705
1575
860
1000
1130
487
-533
-836
-186
584
673
192
88
1050
2739
4413
5324
6039
6353
5099
1512
-1723
-2530
-2893
-5274
-7994
-7155
-3048
573
738
-1079
-1944
-358
1888
2078
317
-867
298
2101
2520
1284
417
966
2139
2148
-129
-3708
-6793
-7522
-6522
-5293
-4848
-4058
-2324
-477
310
103
366
1505
2658
2547
1745
1502
2292
3024
2807
1975
1415
1623
1704
1089
-70
-548
-274
249
352
10
-326
-218
1161
3243
5097
5708
6010
5582
3461
307
-1469
-1874
-3651
-6453
-7316
-4352
-586
936
-248
-1613
-1346
110
898
-78
-1148
-689
1183
2261
1819
868
1108
2394
3051
1926
-961
-4272
-6484
-6547
-5362
-4431
-4163
-3502
-2064
-682
-282
-541
-261
1021
2395
2627
1791
1143
1556
2579
3040
2552
1672
1172
1104
841
180
-454
-370
174
511
-33
-732
-484
1017
2984
4327
5232
5649
4675
1745
-462
-497
-500
-3003
-5980
-5686
-2081
1153
1038
-1147
-2424
-1411
239
444
-942
-1850
-669
1432
2253
1448
641
1146
2440
3017
1515
-1751
-4722
-5459
-4519
-3830
-3727
-3188
-1947
-1073
-1103
-1458
-1085
29
1022
1366
1200
1158
1465
1883
1900
1806
1846
1828
1452
588
-223
-375
107
401
431
292
-66
-373
30
1409
3234
4632
5477
5486
3877
1221
-160
-116
-1247
-4010
-5462
-3507
-251
1111
-303
-2214
-2575
-1398
-296
-419
-1354
-1559
-195
1283
1570
978
957
2007
3252
3124
1112
-1893
-4388
-4943
-3866
-2840
-2850
-2996
-2355
-1314
-1102
-1893
-2375
-1607
-132
752
675
361
654
1597
2287
2203
1685
1464
1570
1549
1168
643
525
746
949
616
54
-97
801
2262
3593
4105
4522
4673
3846
1717
76
-439
-1248
-3005
-4235
-2947
-351
1149
174
-1608
-2467
-1972
-1329
-1473
-2021
-1813
-377
903
1110
658
839
1953
3167
3015
1155
-1387
-3384
-3882
-3283
-2630
-2572
-2662
-2503
-2235
-2317
-2740
-2884
-2229
-773
652
1161
695
213
552
1551
2308
2217
1751
1646
1965
2193
1836
1145
896
1386
1682
1285
467
176
1004
2482
3761
4430
4194
2647
791
-17
-197
-1528
-3530
-3798
-1631
822
1109
-661
-2362
-2558
-1872
-1453
-1734
-2112
-1599
-379
514
598
448
873
2070
2994
2628
1079
-905
-2546
-3090
-2395
-1515
-1516
-2029
-1940
-1324
-1320
-2181
-2932
-2527
-1163
-22
51
-518
-787
-293
680
1296
1300
1197
1592
2248
2594
2077
1229
922
1376
1829
1702
1037
593
1011
1942
2745
3232
3596
3310
1939
241
-330
-221
-1132
-2899
-3319
-1434
714
764
-1040
-2501
-2533
-1940
-1737
-2085
-2222
-1584
-361
669
991
812
889
1612
2300
2185
1197
-226
-1307
-1440
-1025
-1008
-1415
-1697
-1480
-1163
-1423
-2330
-2944
-2727
-2112
-1650
-1508
-1407
-1019
-363
142
552
966
1532
2244
2800
2693
2123
1573
1441
1778
1953
1534
1028
1095
1664
2373
2636
2693
2978
2967
2016
918
403
-302
-1783
-2990
-2358
-362
764
-58
-1382
-1935
-2032
-2242
-2680
-2987
-2477
-1294
-293
242
271
125
540
1464
2097
2179
1612
613
-199
-616
-759
-601
-705
-1166
-1183
-902
-1309
-2382
-3456
-3747
-2982
-2064
-1705
-1545
-1273
-841
-163
470
877
1326
1858
2277
2420
2264
1873
1589
1594
1697
1726
1626
1551
1516
1668
1987
2540
3281
3633
2998
1728
851
367
-520
-1887
-2521
-1521
-28
297
-602
-1667
-2377
-2829
-3078
-3115
-2753
-2094
-1290
-490
33
174
343
960
1800
2507
2607
1934
911
83
-369
-445
-225
-165
-526
-1284
-2021
-2435
-2778
-3358
-3804
-3544
-2736
-1898
-1488
-1319
-916
-131
689
1135
1304
1495
1859
2150
2180
1887
1595
1559
1635
1654
1489
1302
1507
2209
2834
3215
3488
3369
2769
1896
995
203
-626
-1518
-1753
-988
-246
-371
-1254
-2133
-2538
-2643
-2881
-3078
-2844
-2273
-1494
-630
118
617
1116
1667
2176
2350
2023
1414
928
691
549
303
-235
-938
-1423
-1698
-2165
-2937
-3645
-3876
-3543
-3052
-2658
-2153
-1402
-631
-82
275
608
987
1243
1423
1621
1823
1817
1707
1513
1372
1284
1298
1519
1698
1719
1870
2353
2783
2971
2913
2679
2238
1514
791
296
-267
-1109
-1659
-1538
-1015
-793
-1044
-1470
-1845
-2181
-2418
-2409
-2060
-1404
-689
142
939
1281
1175
1110
1284
1607
1753
1392
705
-56
-831
-1439
-1786
-2119
-2411
-2465
-2387
-2270
-2319
-2578
-2620
-2168
-1491
-837
-278
133
497
727
760
751
849
953
1024
1024
930
868
797
648
585
776
1081
1446
1744
1955
2157
2269
2269
2275
2186
1813
1281
722
218
-282
-850
-1268
-1032
-267
306
252
-261
-789
-1061
-1183
-1293
-1173
-822
-401
-11
342
623
758
705
517
369
130
-369
-1042
-1539
-1797
-1860
-1826
-1735
-1493
-1070
-745
-747
-900
-953
-761
-518
-419
-405
-291
-102
32
28
-59
-65
-28
13
111
198
143
4
-63
23
185
276
411
641
932
1253
1518
1610
1595
1588
1509
1445
1445
1388
1204
1056
1077
1205
1153
768
532
829
1183
1141
708
213
-132
-351
-600
-747
-707
-702
-805
-927
-1128
-1487
-1822
-1985
-1856
-1499
-1205
-1075
-928
-755
-605
-377
-164
-135
-118
125
488
588
109
-543
-717
-535
-547
-819
-1017
-885
-523
-471
-821
-1062
-1002
-818
-563
-345
-184
54
302
487
631
620
448
419
580
781
931
976
1004
1195
1485
1766
2074
2285
2291
2232
2185
1996
1545
991
726
971
1347
1385
1051
582
28
-682
-1559
-2347
-2749
-2802
-2681
-2461
-2134
-1769
-1372
-958
-549
-181
56
168
277
450
511
408
263
260
364
438
333
45
-274
-507
-676
-865
-1088
-1326
-1501
-1519
-1373
-1226
-1131
-995
-656
-173
179
130
-140
-378
-406
-259
-48
130
279
424
549
725
908
1074
1330
1773
2217
2451
2414
2262
2220
2241
2126
1893
1691
1403
930
375
-138
-500
-774
-1078
-1287
-1366
-1498
-1721
-1892
-1833
-1491
-1073
-739
-403
-88
114
223
321
411
482
482
435
426
412
342
215
72
-81
-193
-290
-449
-664
-932
-1134
-1219
-1165
-995
-757
-672
-817
-1093
-1292
-1362
-1319
-1166
-929
-633
-407
-278
-253
-169
-16
243
562
892
1136
1300
1384
1479
1663
1844
1942
1938
1856
1624
1244
756
308
-71
-343
-482
-465
-425
-453
-435
-254
48
275
323
252
158
22
-129
-181
-45
203
413
526
629
709
674
501
264
52
-71
-122
-151
-217
-291
-295
-246
-209
-223
-284
-368
-522
-812
-1151
-1362
-1385
-1293
-1162
-1082
-1029
-968
-913
-893
-891
-848
-685
-404
-157
-30
87
316
617
879
980
831
574
385
205
-65
-363
-580
-596
-468
-322
-187
-26
153
412
705
921
970
858
751
781
900
990
1101
1266
1447
1570
1560
1372
1014
551
106
-176
-312
-368
-423
-437
-338
-135
17
65
100
151
179
84
-89
-209
-221
-240
-336
-428
-469
-528
-635
-718
-705
-652
-699
-833
-905
-915
-955
-959
-808
-478
-144
-9
-98
-268
-427
-585
-764
-941
-1085
-1134
-1098
-978
-819
-657
-462
-196
69
272
417
509
639
844
1074
1278
1423
1473
1437
1430
1419
1312
1073
790
594
537
555
554
563
594
637
650
586
425
241
96
45
91
147
156
183
228
227
132
-47
-217
-288
-277
-207
-68
50
62
18
-32
-37
-14
-21
-108
-213
-400
-735
-1111
-1401
-1613
-1764
-1873
-1951
-1897
-1762
-1586
-1359
-1048
-771
-578
-434
-327
-195
-70
11
127
333
482
494
444
415
428
415
288
119
82
191
350
459
470
480
628
861
1022
1087
1077
1045
1038
1023
1016
1103
1231
1258
1174
1076
953
744
456
209
145
256
385
435
452
476
505
507
502
475
397
225
-12
-269
-523
-730
-876
-1014
-1149
-1239
-1281
-1298
-1357
-1440
-1457
-1391
-1320
-1298
-1260
-1140
-946
-790
-713
-639
-553
-502
-494
-469
-442
-441
-498
-588
-605
-539
-480
-489
-470
-360
-146
83
260
366
453
552
647
737
813
883
978
1122
1259
1335
1304
1242
1229
1269
1319
1388
1484
1581
1637
1621
1603
1600
1518
1298
963
621
352
143
-66
-271
-455
-607
-734
-829
-894
-910
-843
-703
-570
-519
-538
-586
-597
-559
-484
-412
-406
-557
-828
-1094
-1251
-1308
-1358
-1402
-1382
-1273
-1145
-1098
-1143
-1162
-1112
-1000
-857
-716
-586
-461
-375
-324
-273
-241
-254
-229
-144
-42
42
68
103
232
444
668
925
1160
1355
1496
1627
1766
1918
1994
1983
1942
1843
1645
1402
1214
1120
1058
896
669
481
331
162
9
-80
-55
42
106
126
158
182
182
150
61
-56
-166
-268
-343
-419
-527
-628
-715
-817
-941
-1074
-1178
-1269
-1390
-1508
-1535
-1476
-1361
-1252
-1160
-1062
-965
-933
-985
-1043
-1069
-1030
-962
-914
-905
-888
-816
-669
-492
-320
-151
24
200
400
595
751
867
961
1041
1112
1173
1200
1223
1240
1230
1191
1145
1098
1074
1087
1127
1159
1148
1104
1127
1265
1417
1449
1368
1240
1104
951
754
544
401
315
226
147
78
-15
-143
-307
-465
-573
-644
-718
-785
-836
-855
-824
-779
-800
-907
-1056
-1196
-1322
-1488
-1693
-1850
-1863
-1790
-1710
-1639
-1538
-1376
-1173
-1007
-876
-718
-542
-368
-247
-205
-209
-192
-172
-163
-161
-160
-140
-74
11
100
205
319
463
643
819
972
1120
1287
1490
1676
1789
1820
1779
1713
1653
1581
1484
1384
1308
1289
1343
1381
1311
1148
973
814
678
528
372
272
233
201
157
84
-33
-183
-357
-536
-694
-823
-963
-1102
-1213
-1248
-1198
-1102
-1036
-1021
-1018
-999
-994
-1052
-1181
-1310
-1344
-1315
-1297
-1307
-1299
-1262
-1193
-1143
-1115
-1074
-993
-916
-849
-782
-693
-577
-439
-303
-152
30
214
378
508
601
665
725
788
876
965
1048
1146
1280
1412
1511
1547
1552
1549
1562
1571
1539
1483
1430
1399
1381
1363
1309
1228
1103
957
790
594
371
142
-49
-184
-248
-272
-275
-278
-275
-294
-355
-443
-516
-596
-712
-836
-928
-935
-893
-894
-979
-1085
-1186
-1273
-1395
-1553
-1702
-1744
-1673
-1561
-1444
-1327
-1181
-983
-778
-644
-560
-506
-466
-417
-353
-302
-249
-194
-146
-48
71
158
209
271
363
485
610
700
793
917
1076
1232
1360
1426
1457
1485
1519
1537
1511
1436
1353
1279
1197
1105
1017
965
967
995
1000
974
896
773
593
373
140
-50
-159
-216
-265
-307
-360
-434
-543
-665
-762
-822
-876
-942
-993
-984
-919
-871
-865
-875
-886
-928
-1012
-1133
-1249
-1320
-1343
-1315
-1257
-1192
-1111
-1009
-917
-846
-791
-732
-650
-588
-557
-495
-361
-222
-135
-60
44
156
256
357
442
529
618
706
787
857
971
1137
1282
1337
1335
1342
1422
1519
1553
1483
1379
1293
1230
1155
1021
880
814
836
870
836
698
538
406
281
125
-59
-218
-281
-268
-265
-293
-339
-393
-452
-493
-528
-557
-586
-647
-717
-759
-740
-706
-735
-832
-956
-1034
-1090
-1190
-1345
-1462
-1491
-1423
-1311
-1226
-1184
-1107
-987
-816
-679
-630
-609
-512
-400
-289
-195
-104
13
128
236
317
385
452
549
605
645
698
796
929
1047
1096
1132
1178
1219
1240
1258
1253
1267
1274
1223
1118
1019
943
864
804
793
851
882
836
723
633
558
457
289
128
48
12
-30
-107
-196
-285
-363
-460
-568
-671
-741
-790
-838
-885
-914
-932
-963
-992
-1036
-1066
-1085
-1120
-1212
-1304
-1367
-1369
-1298
-1203
-1145
-1075
-965
-819
-680
-601
-581
-554
-482
-406
-317
-231
-155
-89
9
100
151
195
241
307
375
466
592
724
824
935
1054
1144
1209
1292
1360
1446
1534
1606
1622
1603
1543
1482
1410
1307
1242
1231
1227
1165
1009
801
604
416
210
15
-118
-196
-253
-322
-380
-439
-518
-629
-728
-789
-806
-837
-888
-924
-937
-964
-1021
-1065
-1071
-1037
-1022
-1054
-1123
-1192
-1273
-1330
-1348
-1322
-1269
-1201
-1143
-1054
-952
-896
-870
-851
-804
-723
-651
-579
-487
-373
-252
-109
15
137
268
438
612
789
961
1121
1281
1406
1530
1642
1727
1760
1785
1783
1786
1780
1741
1668
1590
1479
1319
1147
1023
1019
1087
1095
979
783
572
345
77
-192
-351
-405
-424
-471
-521
-553
-585
-651
-703
-695
-652
-618
-626
-656
-695
-746
-835
-916
-979
-1017
-1047
-1108
-1237
-1423
-1600
-1737
-1817
-1862
-1851
-1779
-1657
-1525
-1387
-1218
-1007
-781
-584
-400
-226
-68
33
121
221
330
440
526
595
681
778
848
915
1012
1138
1242
1346
1464
1585
1674
1752
1844
1946
2011
1996
1907
1746
1542
1298
1056
863
821
881
927
820
606
362
134
-98
-296
-370
-341
-283
-290
-335
-366
-363
-412
-472
-502
-511
-585
-751
-956
-1109
-1219
-1326
-1428
-1474
-1461
-1450
-1455
-1462
-1468
-1463
-1445
-1400
-1322
-1276
-1257
-1228
-1134
-1012
-899
-808
-722
-618
-511
-406
-355
-306
-235
-107
16
144
288
446
617
806
995
1173
1288
1373
1488
1637
1725
1747
1763
1825
1901
1912
1902
1855
1717
1497
1319
1140
916
722
709
873
1016
907
582
241
2
-234
-496
-654
-643
-576
-574
-620
-631
-576
-555
-542
-442
-284
-231
-334
-480
-534
-519
-535
-637
-755
-842
-968
-1183
-1392
-1511
-1550
-1571
-1585
-1604
-1603
-1612
-1646
-1608
-1452
-1206
-979
-735
-505
-360
-253
-137
1
120
255
321
370
411
447
525
590
689
817
937
983
1088
1279
1442
1562
1692
1822
1951
2095
2185
2144
1935
1602
1267
903
530
240
243
511
781
682
257
-136
-364
-545
-749
-835
-673
-357
-129
-66
-24
31
71
101
167
212
117
-156
-464
-623
-695
-782
-892
-950
-1020
-1134
-1274
-1356
-1402
-1512
-1610
-1507
-1299
-1233
-1294
-1242
-1006
-790
-858
-1061
-1019
-734
-576
-647
-733
-628
-409
-251
-237
-177
43
290
464
577
676
805
896
946
1084
1303
1477
1555
1680
1915
2108
2192
2277
2283
2001
1550
1159
819
451
168
291
881
1397
1221
560
7
-306
-611
-965
-1098
-873
-540
-406
-383
-266
-64
70
175
439
732
709
322
-68
-177
-76
-28
-156
-373
-555
-770
-1111
-1486
-1801
-2075
-2249
-2250
-2175
-2145
-2116
-1965
-1650
-1342
-1285
-1378
-1271
-952
-738
-723
-668
-458
-175
-43
-48
-23
129
310
466
595
710
815
923
1060
1337
1716
2078
2361
2660
2958
3171
3288
3173
2714
2027
1472
999
414
-127
-124
485
951
584
-347
-1003
-1144
-1205
-1415
-1479
-1204
-774
-417
-134
175
474
742
1084
1514
1752
1490
859
373
236
252
119
-175
-572
-1082
-1682
-2226
-2556
-2855
-3124
-3169
-2858
-2593
-2639
-2773
-2573
-1925
-1389
-1290
-1323
-1100
-732
-472
-392
-357
-128
214
516
607
592
639
786
965
1111
1235
1240
1221
1333
1652
2004
2321
2598
2917
3198
3410
3555
3320
2421
1366
743
150
-826
-1357
-714
439
670
-298
-1342
-1605
-1471
-1558
-1638
-1389
-961
-594
-204
245
628
1023
1624
2362
2745
2427
1603
884
632
688
700
470
-53
-820
-1609
-2299
-3035
-3709
-3999
-3949
-4010
-4047
-3774
-3286
-3012
-2883
-2426
-1476
-610
-405
-525
-265
329
803
971
1004
1062
1246
1464
1506
1316
1056
1004
1181
1336
1285
1073
1000
1261
1754
2214
2581
2899
3171
3655
3748
2886
1492
828
267
-941
-1930
-1403
-44
408
-581
-1748
-1923
-1557
-1612
-1727
-1469
-1052
-715
-134
533
986
1501
2265
3113
3445
3054
2093
1194
824
794
783
445
-292
-1331
-2192
-2826
-3496
-4132
-4481
-4507
-4469
-4445
-4273
-3861
-3384
-2893
-2091
-1041
-213
135
273
588
1171
1685
1890
1899
1852
1810
1781
1666
1406
1220
1256
1256
1013
675
454
367
462
858
1475
1964
2282
2768
3356
3131
1856
898
620
-379
-1925
-1873
-105
867
-21
-1461
-1854
-1354
-1010
-1151
-1241
-1104
-846
-221
435
665
1071
2209
3341
3611
3192
2439
1459
768
725
971
688
-260
-1362
-2156
-2755
-3395
-3921
-4501
-5030
-5017
-4548
-4498
-4451
-3556
-2044
-854
-538
-771
-485
583
1499
1775
1726
1593
1840
2327
2279
1617
1288
1567
1776
1511
830
147
-165
90
423
480
586
973
1614
2299
2975
3128
2404
1336
877
441
-989
-2166
-1264
619
1049
-241
-1578
-1792
-1116
-603
-640
-1047
-1361
-1106
-285
371
698
1488
2712
3563
3557
2964
1969
1095
911
1288
1332
560
-653
-1657
-2194
-2480
-2941
-3519
-3964
-4309
-4576
-4559
-4428
-4063
-3082
-1957
-1107
-687
-569
-362
443
1420
1911
1922
1721
1690
1936
1969
1639
1343
1280
1257
1062
642
256
119
212
408
488
493
818
1448
2150
2952
3010
1752
701
735
-5
-1607
-1929
-475
757
574
-752
-1920
-1765
-826
-320
-518
-993
-1195
-790
-100
340
1053
2256
3233
3539
3404
2709
1549
909
1195
1545
1173
190
-919
-1902
-2370
-2605
-3127
-3912
-4379
-4285
-4147
-4279
-4173
-3494
-2602
-1846
-1257
-852
-280
544
1225
1587
1764
1846
1940
2024
1897
1668
1425
1088
741
560
412
240
198
302
328
200
219
511
1013
1641
2364
2973
2882
1855
979
786
-118
-1681
-1982
-566
485
120
-1128
-2108
-1803
-615
30
-460
-1139
-1024
-308
356
611
1140
2190
3217
3642
3340
2497
1458
1044
1198
1166
524
-430
-1321
-1942
-2276
-2701
-3365
-3963
-4252
-4149
-3898
-3701
-3457
-2848
-2145
-1554
-985
-405
295
1088
1639
1756
1807
1890
1891
1884
1808
1519
1084
726
493
345
194
6
-101
-177
-300
-385
-241
254
1042
1722
2324
2798
2511
1532
1098
917
-363
-1571
-1095
266
621
-91
-1217
-1820
-1247
-244
-187
-960
-1416
-1011
-308
267
537
1127
2151
3132
3364
2888
2063
1312
1228
1381
1029
176
-618
-1194
-1619
-1885
-2381
-3182
-3723
-3712
-3816
-4047
-3647
-2824
-2330
-1900
-1324
-741
15
749
994
1158
1650
1996
1823
1457
1253
1245
1192
830
316
26
114
173
-6
-288
-425
-378
-200
95
555
1214
1864
2815
3253
2491
1355
1273
741
-781
-1509
-563
449
381
-661
-1700
-1668
-594
-19
-466
-1247
-1298
-774
-169
183
626
1591
2664
3243
3104
2568
1832
1396
1452
1351
702
-145
-900
-1428
-1672
-1851
-2451
-3151
-3545
-3595
-3646
-3592
-3304
-2837
-2294
-1848
-1641
-1364
-525
588
1258
1337
1221
1264
1468
1654
1517
1115
711
478
256
-22
-159
-75
97
175
73
-142
-126
257
870
1617
2148
2592
2860
2617
1841
1481
979
-289
-1147
-598
227
178
-565
-1460
-1664
-870
-316
-752
-1399
-1294
-776
-228
221
611
1385
2457
3225
3156
2650
2063
1644
1544
1396
840
-13
-779
-1316
-1709
-2143
-2747
-3204
-3490
-3677
-3777
-3634
-3323
-2880
-2362
-1956
-1616
-1099
-252
643
1196
1431
1482
1533
1548
1526
1408
1157
761
336
25
-200
-283
-171
-3
5
25
17
35
390
1092
1730
2112
2658
3094
2591
1653
1407
1019
-303
-1123
-656
-7
-61
-697
-1539
-1709
-957
-471
-831
-1254
-1103
-580
-90
270
652
1503
2555
3154
3081
2619
2089
1687
1534
1330
689
-159
-916
-1426
-1808
-2189
-2748
-3224
-3429
-3474
-3565
-3558
-3305
-2874
-2381
-1965
-1673
-1185
-232
726
1147
1261
1346
1463
1556
1567
1340
923
600
379
204
40
-41
29
236
266
141
88
218
513
1073
1742
2079
2573
2900
2396
1556
1417
756
-696
-1208
-314
262
-17
-839
-1633
-1605
-652
-342
-1002
-1497
-1229
-677
-185
165
539
1404
2522
3137
2969
2410
1886
1594
1567
1381
712
-222
-955
-1395
-1795
-2290
-2885
-3361
-3454
-3407
-3609
-3684
-3291
-2669
-2206
-1906
-1670
-1021
134
1076
1298
1295
1496
1777
1920
1704
1181
764
624
522
167
-197
-290
-54
217
155
-25
3
330
809
1209
1580
2084
2921
3337
2732
1755
1408
778
-407
-1094
-663
-224
-323
-858
-1579
-1660
-994
-561
-914
-1227
-1087
-798
-335
196
749
1586
2526
3013
2800
2380
1864
1445
1257
1038
438
-417
-1160
-1706
-2075
-2418
-2905
-3332
-3443
-3408
-3461
-3347
-2944
-2428
-1937
-1598
-1352
-744
240
937
1165
1279
1474
1634
1629
1393
1050
790
614
342
41
-124
-5
207
327
302
374
400
573
894
1322
1716
2176
2678
2940
2478
1621
1178
548
-620
-1340
-928
-390
-393
-802
-1384
-1429
-772
-355
-625
-1037
-902
-558
-99
282
667
1369
2218
2736
2549
2065
1479
1044
911
700
127
-672
-1309
-1845
-2133
-2347
-2774
-3107
-3153
-3077
-3044
-2868
-2507
-2033
-1601
-1360
-1047
-400
400
932
1120
1242
1406
1488
1414
1253
1012
737
488
238
24
-10
145
290
349
468
496
445
698
1053
1411
1835
2411
2668
2200
1408
1104
711
-370
-1336
-1028
-392
-302
-806
-1443
-1471
-686
-105
-467
-962
-839
-353
57
237
468
1145
2064
2511
2292
1882
1435
1100
872
589
140
-444
-1013
-1532
-1882
-2118
-2382
-2690
-2960
-2987
-2939
-2746
-2324
-1804
-1461
-1235
-1009
-644
-7
613
923
1010
1103
1192
1170
1102
939
746
628
491
300
197
296
334
456
662
755
827
1011
1212
1492
1974
2433
2441
1691
967
735
152
-908
-1258
-531
-55
-353
-1091
-1611
-1117
-108
194
-452
-869
-643
-272
43
212
612
1413
2249
2322
1824
1375
1044
896
701
274
-373
-801
-1054
-1408
-1742
-1948
-2077
-2420
-2778
-2894
-2901
-2871
-2424
-1849
-1389
-1081
-969
-935
-351
518
944
886
821
800
963
1092
914
575
552
754
754
578
448
499
756
972
1041
1023
1245
1598
1835
2143
2337
1812
993
638
35
-943
-1418
-825
-159
-29
-704
-1567
-1562
-490
321
172
-352
-499
-223
182
384
579
1147
1970
2411
2104
1424
790
579
645
480
-174
-913
-1293
-1463
-1590
-1808
-2144
-2435
-2517
-2496
-2552
-2563
-2395
-1894
-1346
-1046
-967
-763
-334
216
620
779
788
921
1051
1112
1028
917
844
882
916
777
636
691
904
983
986
1056
1268
1543
1874
2006
1637
892
452
164
-570
-1454
-1505
-693
-99
-256
-897
-1245
-884
-198
67
-127
-227
-82
48
147
295
722
1314
1840
1909
1613
1138
693
419
248
42
-308
-756
-1155
-1375
-1432
-1538
-1761
-2007
-2128
-2124
-2113
-2095
-1960
-1630
-1324
-1097
-892
-618
-233
182
388
394
477
787
997
1100
1070
978
963
1111
1154
927
770
897
1001
1033
994
902
956
1346
1747
1584
921
383
89
-401
-1016
-1278
-782
-276
-136
-552
-984
-859
-311
26
-169
-435
-367
-79
239
301
404
730
1295
1622
1505
1059
614
450
487
403
86
-341
-658
-889
-1048
-1241
-1477
-1640
-1653
-1690
-1872
-2077
-2134
-1914
-1580
-1287
-1105
-868
-515
-110
152
280
362
534
737
881
975
1110
1253
1341
1247
1107
1067
1095
1022
989
1035
1066
1039
993
838
473
243
180
26
-333
-516
-378
-126
-15
-128
-334
-396
-335
-275
-316
-317
-237
-157
-133
-115
55
345
655
839
891
772
583
415
311
259
196
116
38
-54
-255
-529
-762
-879
-954
-1052
-1218
-1416
-1548
-1568
-1560
-1573
-1472
-1297
-1061
-782
-554
-417
-292
-99
78
228
304
373
518
798
1042
1137
1147
1162
1172
1131
1047
963
933
1001
1014
814
552
364
238
147
132
165
214
248
237
169
101
50
64
74
44
0
-15
24
51
115
149
179
225
324
383
390
288
137
-26
-92
-89
-143
-262
-420
-502
-566
-629
-748
-918
-1068
-1131
-1216
-1387
-1611
-1719
-1689
-1595
-1527
-1472
-1340
-1104
-828
-618
-483
-377
-184
68
287
476
684
944
1192
1385
1481
1530
1602
1680
1689
1590
1454
1339
1244
1139
989
832
724
655
578
470
348
237
142
59
14
-20
-103
-245
-373
-347
-191
-26
31
10
35
91
125
21
-129
-186
-123
-95
-241
-494
-686
-746
-771
-854
-1021
-1146
-1168
-1159
-1240
-1406
-1513
-1483
-1379
-1336
-1339
-1300
-1131
-899
-734
-628
-488
-207
134
426
599
710
869
1090
1340
1563
1739
1869
1932
1913
1855
1800
1773
1701
1548
1293
1004
764
613
486
332
125
-79
-266
-420
-551
-671
-737
-763
-710
-612
-517
-424
-319
-208
-122
-34
33
46
34
37
23
-83
-258
-468
-617
-680
-694
-746
-878
-1027
-1144
-1233
-1335
-1411
-1362
-1229
-1073
-974
-940
-915
-816
-607
-408
-244
-119
4
128
275
451
664
920
1186
1403
1557
1658
1741
1834
1924
1971
1945
1831
1618
1387
1212
1116
1033
868
576
216
-110
-353
-531
-687
-825
-954
-1057
-1147
-1184
-1148
-1030
-882
-713
-574
-444
-336
-252
-190
-157
-131
-141
-147
-159
-192
-261
-338
-416
-500
-599
-736
-851
-872
-805
-751
-771
-819
-813
-730
-600
-503
-438
-326
-158
5
71
98
190
419
701
883
934
967
1103
1365
1623
1754
1764
1754
1775
1764
1660
1490
1322
1210
1115
922
603
251
-31
-215
-388
-626
-912
-1198
-1376
-1463
-1450
-1401
-1325
-1238
-1111
-965
-820
-682
-581
-489
-383
-269
-234
-238
-261
-254
-271
-294
-340
-396
-411
-408
-417
-437
-417
-407
-407
-395
-307
-162
-20
48
41
33
83
155
218
262
342
483
639
767
858
967
1107
1254
1356
1388
1353
1314
1277
1252
1220
1170
1106
996
864
659
448
224
21
-182
-415
-660
-905
-1073
-1179
-1235
-1291
-1316
-1308
-1247
-1178
-1117
-1090
-1058
-992
-911
-807
-711
-625
-577
-564
-568
-562
-542
-509
-504
-515
-505
-450
-353
-240
-131
-19
120
286
447
571
646
715
794
896
988
1068
1125
1180
1241
1292
1342
1374
1402
1372
1298
1198
1129
1066
1011
911
787
688
612
517
343
139
-41
-126
-208
-339
-593
-817
-928
-912
-885
-921
-995
-1029
-976
-940
-988
-1128
-1233
-1263
-1231
-1230
-1273
-1335
-1352
-1343
-1345
-1363
-1341
-1254
-1135
-1025
-945
-851
-713
-515
-305
-80
151
386
590
756
913
1078
1258
1415
1535
1616
1719
1829
1962
2060
2136
2148
2086
1977
1829
1698
1551
1392
1185
987
815
668
472
232
-12
-187
-305
-437
-662
-934
-1126
-1174
-1134
-1128
-1167
-1209
-1139
-1009
-905
-929
-1009
-1042
-1006
-948
-979
-1078
-1202
-1278
-1340
-1436
-1552
-1635
-1633
-1583
-1528
-1494
-1439
-1297
-1067
-785
-501
-233
29
283
534
764
968
1154
1339
1518
1681
1821
1943
2075
2204
2313
2338
2291
2210
2132
2064
1973
1858
1740
1631
1500
1300
1029
762
547
362
139
-172
-506
-775
-916
-987
-1058
-1154
-1237
-1261
-1244
-1237
-1284
-1353
-1397
-1385
-1374
-1381
-1431
-1474
-1488
-1476
-1474
-1506
-1537
-1544
-1505
-1450
-1395
-1340
-1252
-1110
-912
-695
-459
-234
-17
173
351
527
729
963
1186
1383
1526
1669
1801
1940
2023
2039
2002
1942
1881
1794
1690
1580
1509
1449
1372
1211
1016
842
723
616
449
209
-15
-162
-218
-272
-373
-493
-576
-603
-665
-789
-989
-1149
-1242
-1280
-1356
-1482
-1617
-1695
-1707
-1713
-1741
-1784
-1770
-1701
-1594
-1515
-1440
-1328
-1129
-853
-577
-348
-168
16
225
459
672
846
989
1130
1274
1412
1514
1588
1637
1664
1673
1621
1537
1412
1315
1223
1153
1060
949
827
711
610
490
361
195
54
-77
-153
-208
-225
-231
-218
-203
-195
-200
-245
-312
-414
-509
-597
-670
-759
-878
-1021
-1146
-1228
-1270
-1304
-1352
-1394
-1406
-1373
-1303
-1206
-1076
-903
-697
-487
-301
-135
35
222
412
574
702
811
927
1054
1183
1287
1354
1384
1379
1349
1297
1222
1128
1030
913
814
682
550
407
281
171
45
-106
-275
-389
-450
-453
-477
-503
-508
-455
-395
-377
-419
-475
-489
-497
-531
-615
-684
-721
-730
-769
-818
-832
-785
-723
-703
-702
-657
-507
-335
-192
-108
5
179
371
499
551
603
687
791
830
824
816
879
950
982
942
885
851
810
753
658
587
534
474
350
206
92
43
4
-96
-255
-411
-489
-503
-518
-580
-658
-686
-649
-594
-582
-633
-684
-690
-664
-669
-730
-817
-869
-874
-872
-901
-923
-907
-841
-770
-714
-638
-480
-255
-39
143
309
521
772
994
1130
1234
1358
1500
1599
1605
1568
1556
1588
1576
1484
1323
1162
1028
878
689
473
308
153
-1
-217
-426
-587
-666
-746
-874
-1023
-1131
-1125
-1077
-1031
-1040
-1030
-978
-855
-763
-720
-718
-701
-649
-610
-630
-699
-751
-771
-761
-774
-801
-809
-762
-680
-585
-475
-332
-148
51
230
389
554
746
937
1116
1259
1369
1459
1533
1594
1646
1699
1718
1700
1636
1540
1426
1315
1197
1067
908
699
458
218
27
-144
-317
-517
-734
-912
-1055
-1172
-1274
-1341
-1366
-1359
-1370
-1397
-1416
-1383
-1309
-1246
-1213
-1204
-1181
-1123
-1042
-965
-886
-808
-725
-629
-496
-340
-171
-13
120
256
418
588
725
835
925
1031
1149
1238
1290
1341
1406
1478
1517
1502
1464
1446
1428
1376
1265
1124
998
883
729
516
281
75
-75
-221
-397
-599
-774
-893
-972
-1042
-1109
-1149
-1159
-1153
-1153
-1174
-1186
-1179
-1153
-1131
-1114
-1114
-1124
-1123
-1094
-1030
-955
-887
-835
-755
-628
-443
-251
-82
72
258
467
673
850
988
1136
1290
1423
1502
1556
1604
1663
1707
1682
1607
1519
1451
1388
1297
1152
979
818
647
457
242
55
-98
-225
-393
-610
-833
-970
-1013
-1059
-1163
-1318
-1407
-1412
-1375
-1403
-1482
-1519
-1449
-1342
-1290
-1305
-1290
-1161
-982
-844
-793
-723
-552
-298
-92
27
132
304
552
756
876
937
1041
1200
1327
1364
1339
1351
1417
1477
1453
1376
1308
1288
1287
1241
1121
991
907
846
743
553
353
190
91
-29
-200
-419
-603
-709
-789
-906
-1051
-1154
-1217
-1245
-1324
-1416
-1467
-1449
-1410
-1416
-1451
-1448
-1383
-1300
-1236
-1187
-1108
-965
-804
-672
-554
-377
-129
112
307
456
627
833
1075
1267
1397
1494
1594
1708
1781
1812
1801
1795
1759
1715
1624
1509
1378
1244
1112
942
738
486
256
49
-138
-352
-572
-778
-931
-1054
-1168
-1275
-1358
-1412
-1437
-1420
-1404
-1385
-1379
-1350
-1299
-1216
-1164
-1118
-1057
-986
-889
-806
-722
-637
-519
-416
-297
-175
-34
115
266
408
558
723
884
1017
1120
1243
1355
1460
1523
1547
1545
1567
1588
1581
1529
1459
1377
1270
1149
1009
851
659
440
215
9
-193
-384
-580
-777
-954
-1101
-1227
-1332
-1407
-1463
-1511
-1525
-1524
-1516
-1499
-1453
-1383
-1298
-1218
-1137
-1051
-929
-791
-646
-500
-374
-262
-120
55
208
357
498
638
779
922
1033
1120
1215
1291
1349
1386
1403
1405
1403
1370
1336
1290
1225
1156
1062
942
815
685
508
318
127
-44
-207
-374
-574
-767
-894
-1003
-1113
-1218
-1293
-1345
-1366
-1359
-1331
-1293
-1260
-1214
-1127
-1021
-922
-825
-727
-606
-500
-386
-255
-127
-8
92
202
325
443
537
628
707
794
890
953
984
989
1020
1054
1084
1074
1030
973
936
916
874
801
719
651
586
492
367
225
95
-11
-117
-237
-375
-493
-610
-730
-843
-918
-980
-1037
-1091
-1124
-1149
-1154
-1126
-1120
-1104
-1041
-944
-876
-814
-737
-622
-478
-334
-227
-120
49
224
362
463
581
721
870
972
1025
1059
1107
1169
1205
1172
1092
1038
993
927
830
698
570
477
391
273
145
22
-84
-173
-265
-357
-434
-478
-497
-529
-597
-633
-634
-605
-580
-583
-616
-605
-555
-535
-525
-536
-547
-513
-455
-442
-467
-459
-371
-353
-372
-230
-119
-228
-130
131
116
80
276
397
404
514
592
642
705
748
780
816
794
776
780
754
660
602
584
494
356
280
216
96
-5
-80
-183
-297
-338
-382
-460
-512
-518
-540
-559
-539
-520
-530
-516
-463
-438
-412
-379
-358
-329
-276
-230
-202
-185
-171
-128
-75
-25
-6
14
44
85
138
178
194
194
234
299
326
323
329
333
351
376
371
328
306
308
295
259
203
150
119
92
32
-26
-74
-119
-156
-198
-239
-243
-228
-255
-276
-264
-237
-202
-173
-163
-156
-118
-70
-37
-31
-26
3
35
46
40
47
42
56
61
55
50
45
40
39
51
43
35
37
40
60
73
59
56
74
78
68
78
73
57
62
61
39
20
5
-15
-34
-63
-95
-119
-137
-160
-173
-192
-205
-194
-185
-190
-188
-163
-133
-112
-87
-67
-41
1
44
70
99
126
158
204
236
243
254
266
284
311
311
281
266
276
261
248
219
173
144
136
105
58
4
-46
-73
-89
-136
-190
-221
-246
-269
-282
-319
-361
-365
-364
-376
-382
-376
-371
-350
-317
-285
-265
-236
-192
-140
-98
-67
-36
9
60
99
120
145
183
221
253
268
276
290
308
324
331
325
322
325
325
317
308
298
291
275
249
233
225
199
163
132
95
68
47
4
-50
-95
-134
-167
-202
-258
-316
-359
-390
-415
-437
-474
-499
-496
-483
-464
-447
-437
-410
-357
-301
-251
-208
-153
-90
-29
31
95
145
190
251
298
326
358
390
404
414
425
432
427
413
404
390
367
348
322
288
260
230
196
159
122
84
50
10
-28
-64
-106
-144
-177
-215
-257
-286
-312
-345
-373
-392
-401
-406
-411
-408
-398
-382
-355
-326
-295
-264
-230
-174
-114
-80
-38
23
74
119
172
209
236
275
315
346
366
377
386
410
417
405
401
394
373
359
345
312
275
249
216
178
136
87
39
-6
-48
-101
-157
-210
-252
-298
-348
-394
-433
-466
-498
-519
-532
-539
-545
-537
-517
-489
-462
-427
-379
-328
-274
-208
-145
-85
-16
57
122
186
245
298
354
407
446
478
508
536
557
568
567
561
554
545
528
497
465
436
404
365
319
270
220
170
120
64
5
-59
-120
-173
-237
-303
-361
-423
-481
-530
-578
-624
-659
-686
-706
-717
-720
-710
-691
-667
-630
-578
-521
-456
-383
-302
-220
-132
-37
54
140
231
317
396
472
541
602
654
695
727
751
763
766
760
740
717
692
653
604
557
505
443
387
322
250
185
119
47
-23
-94
-168
-230
-295
-367
-435
-490
-542
-596
-645
-683
-718
-746
-761
-774
-778
-772
-753
-729
-694
-653
-601
-539
-473
-400
-320
-234
-147
-55
39
129
219
310
394
471
541
606
665
714
748
778
799
809
806
798
779
747
711
670
618
558
495
428
357
280
201
123
45
-37
-116
-193
-269
-339
-404
-468
-526
-577
-620
-655
-689
-714
-726
-732
-734
-724
-707
-684
-653
-610
-564
-512
-453
-389
-318
-244
-172
-92
-10
67
145
224
297
365
431
492
544
591
631
661
686
701
706
705
695
673
646
613
570
523
470
409
346
281
209
137
68
-5
-76
-143
-210
-272
-329
-385
-433
-475
-514
-545
-568
-586
-598
-603
-598
-588
-571
-550
-520
-484
-443
-399
-349
-294
-239
-182
-120
-59
1
61
121
180
233
283
332
374
413
444
470
494
507
514
517
512
502
484
461
433
398
359
317
270
221
168
115
62
9
-46
-98
-148
-198
-243
-284
-324
-357
-389
-413
-430
-444
-452
-454
-449
-440
-424
-403
-377
-348
-313
-277
-236
-192
-148
-101
-55
-6
40
85
129
170
207
243
274
300
325
344
358
369
377
377
375
370
357
343
324
302
276
248
216
184
149
115
78
43
6
-31
-65
-98
-133
-165
-193
-221
-245
-265
-285
-299
-309
-317
-319
-319
-314
-304
-293
-276
-256
-233
-208
-179
-150
-117
-84
-50
-17
16
49
81
110
138
163
186
205
223
236
246
252
254
254
248
241
231
216
199
180
160
139
115
91
68
42
17
-4
-28
-51
-73
-90
-109
-124
-137
-149
-159
-166
-169
-173
-172
-171
-167
-160
-153
-143
-130
-117
-103
-84
-67
-49
-30
-13
7
26
45
62
78
92
108
119
129
139
145
150
153
152
151
146
138
129
118
105
90
73
56
38
20
2
-17
-37
-56
-74
-92
-108
-123
-138
-149
-159
-168
-171
-175
-175
-173
-168
-162
-152
-141
-129
-113
-98
-79
-59
-39
-18
4
24
47
69
89
109
127
144
160
172
184
194
201
206
209
208
207
201
193
184
172
159
143
126
106
86
64
43
20
-4
-26
-50
-72
-95
-116
-137
-156
-172
-189
-203
-215
-225
-232
-238
-242
-242
-240
-235
-229
-220
-208
-194
-178
-160
-141
-120
-97
-74
-49
-24
1
27
52
77
102
124
146
167
185
202
217
229
239
247
252
253
255
251
246
239
228
218
203
187
170
151
130
109
85
63
40
17
-7
-28
-50
-72
-91
-112
-130
-147
-163
-176
-187
-197
-205
-210
-215
-214
-215
-212
-208
-202
-194
-183
-174
-160
-147
-133
-117
-101
-84
-66
-47
-29
-10
7
26
43
60
75
90
104
116
129
139
147
154
160
165
168
169
169
168
163
160
154
146
139
129
119
108
97
84
71
59
46
34
21
7
-5
-18
-28
-40
-51
-62
-70
-80
-87
-94
-100
-105
-111
-114
-118
-120
-122
-123
-124
-124
-121
-121
-117
-114
-111
-106
-101
-94
-89
-81
-74
-66
-58
-48
-40
-31
-21
-12
-3
8
17
28
37
46
55
64
72
79
86
93
99
103
108
111
115
117
117
118
118
116
114
111
106
103
95
90
83
76
68
60
51
41
33
23
13
3
-8
-18
-27
-38
-46
-55
-62
-70
-78
-84
-90
-96
-101
-104
-106
-108
-109
-109
-108
-105
-103
-99
-95
-90
-83
-77
-69
-62
-54
-46
-36
-27
-16
-7
5
14
24
33
43
51
60
67
73
81
86
94
97
101
103
105
105
103
102
100
97
92
88
82
75
68
61
53
44
35
26
17
6
-2
-13
-22
-31
-40
-48
-56
-63
-68
-76
-79
-84
-88
-91
-93
-95
-94
-94
-93
-90
-89
-83
-81
-76
-71
-66
-60
-54
-47
-40
-33
-25
-16
-9
-1
7
15
21
29
35
42
48
54
61
67
73
78
82
86
90
90
92
92
92
89
87
86
82
79
75
70
65
57
50
41
32
23
13
3
-7
-15
-25
-34
-41
-50
-57
-64
-71
-78
-83
-90
-93
-97
-99
-101
-101
-98
-96
-93
-89
-85
-82
-76
-70
-63
-56
-49
-38
-29
-20
-10
0
8
18
27
35
43
51
60
67
73
80
85
88
92
94
97
97
97
97
94
92
89
85
80
75
68
62
56
49
42
33
26
18
8
0
-9
-19
-27
-35
-43
-50
-58
-62
-68
-73
-77
-81
-85
-89
-92
-93
-94
-93
-92
-90
-86
-81
-76
-69
-63
-57
-50
-42
-35
-27
-19
-9
-1
8
17
27
36
44
52
57
62
66
70
74
78
80
82
84
83
84
81
78
75
68
64
58
50
45
37
32
26
17
11
4
-4
-11
-19
-27
-34
-40
-45
-51
-55
-59
-61
-63
-63
-65
-64
-64
-64
-64
-62
-61
-57
-52
-46
-40
-33
-27
-21
-14
-10
-5
0
6
10
17
20
24
29
31
35
37
40
40
41
39
38
35
32
30
27
24
20
18
15
12
8
4
-1
-5
-9
-14
-17
-19
-23
-25
-25
-25
-24
-22
-23
-21
-18
-17
-15
-15
-13
-9
-5
0
4
8
14
17
21
24
27
30
32
34
36
37
36
36
35
34
33
31
29
28
26
22
20
15
10
5
0
-5
-8
-13
-15
-18
-21
-23
-26
-29
-31
-34
-35
-35
-35
-34
-34
-33
-32
-32
-29
-27
-25
-21
-19
-15
-13
-9
-4
-2
1
3
4
6
8
10
11
13
15
16
20
20
21
21
18
17
15
14
14
11
8
8
7
5
5
2
2
0
-2
-4
-2
-4
-7
-9
-11
-12
-12
-12
-11
-9
-9
-6
-4
-2
-2
-1
-2
-2
1
2
5
7
8
12
13
15
16
16
15
15
14
14
12
12
12
10
10
10
8
6
3
