48
47
49
48
49
49
49
48
50
51
49
48
46
44
43
39
36
34
31
29
28
25
22
19
13
9
3
-1
-6
-12
-18
-22
-28
-32
-35
-39
-43
-46
-49
-50
-54
-57
-59
-61
-62
-66
-69
-70
-72
-74
-74
-76
-76
-76
-74
-71
-69
-67
-62
-58
-54
-51
-44
-40
-34
-28
-22
-16
-10
-2
3
9
14
20
28
35
41
50
57
66
73
80
85
89
93
93
94
95
95
95
95
95
96
97
96
93
92
89
86
78
73
65
58
51
43
35
27
21
12
5
-4
-12
-22
-30
-38
-47
-55
-62
-67
-75
-84
-93
-98
-106
-112
-119
-123
-127
-131
-135
-136
-137
-137
-137
-136
-133
-128
-124
-118
-110
-100
-91
-83
-72
-61
-51
-41
-30
-21
-9
2
15
25
39
50
64
79
90
104
115
127
136
143
149
154
157
161
163
167
171
176
178
181
182
184
184
183
179
173
165
155
143
129
114
101
85
69
55
40
26
12
-3
-17
-35
-52
-68
-87
-105
-124
-140
-154
-170
-184
-197
-209
-218
-230
-241
-250
-260
-266
-271
-274
-274
-272
-265
-257
-241
-228
-212
-197
-181
-166
-155
-142
-133
-121
-106
-84
-63
-39
-10
23
56
85
113
140
163
182
194
206
215
224
234
247
262
279
295
311
324
332
340
344
347
343
335
331
320
309
294
275
256
236
216
193
174
152
130
109
87
65
39
10
-22
-57
-89
-127
-163
-201
-236
-268
-290
-312
-330
-343
-351
-358
-367
-375
-388
-395
-409
-420
-434
-440
-444
-443
-432
-420
-401
-384
-361
-340
-311
-287
-262
-237
-209
-178
-146
-108
-69
-24
17
62
101
146
185
225
259
294
331
364
399
433
472
510
542
572
598
619
636
648
649
643
631
616
600
577
554
533
505
474
440
403
357
308
255
194
135
73
9
-55
-115
-178
-234
-290
-343
-397
-448
-495
-544
-585
-628
-660
-697
-725
-751
-765
-779
-782
-778
-766
-751
-730
-706
-682
-649
-621
-588
-560
-528
-495
-455
-415
-369
-320
-262
-198
-133
-70
-3
61
123
181
240
297
355
411
465
526
586
649
708
768
815
861
902
938
961
971
976
966
952
924
900
857
823
776
742
697
654
604
546
482
407
332
240
155
50
-35
-135
-213
-301
-371
-443
-498
-554
-605
-653
-707
-754
-809
-856
-905
-936
-972
-985
-999
-995
-987
-961
-929
-892
-853
-809
-762
-720
-679
-641
-598
-559
-513
-471
-415
-361
-284
-212
-133
-55
28
117
199
282
357
430
487
548
603
662
719
772
833
886
942
985
1022
1049
1068
1080
1075
1067
1044
1028
999
975
941
909
862
807
744
683
610
521
422
316
213
109
7
-91
-180
-269
-344
-424
-487
-561
-622
-690
-748
-807
-858
-909
-956
-1003
-1044
-1071
-1088
-1106
-1131
-1139
-1130
-1104
-1083
-1053
-1024
-970
-912
-841
-775
-711
-660
-617
-575
-536
-498
-471
-427
-377
-303
-218
-109
2
130
250
375
484
583
659
719
769
801
836
861
902
946
1010
1075
1153
1227
1301
1361
1408
1439
1444
1435
1395
1339
1272
1200
1109
1015
913
815
710
613
512
414
314
214
115
21
-75
-173
-270
-375
-474
-584
-679
-780
-852
-925
-971
-1018
-1041
-1063
-1066
-1069
-1074
-1076
-1086
-1098
-1128
-1154
-1184
-1196
-1205
-1200
-1190
-1159
-1113
-1045
-967
-885
-807
-729
-658
-598
-541
-493
-441
-386
-320
-246
-152
-46
76
201
329
456
582
685
769
835
896
950
991
1032
1070
1129
1188
1263
1321
1391
1439
1490
1514
1533
1515
1479
1428
1343
1256
1134
1036
905
805
671
561
432
327
220
128
42
-46
-116
-203
-270
-366
-438
-539
-620
-718
-793
-870
-936
-997
-1043
-1062
-1070
-1060
-1048
-1030
-1024
-1019
-1023
-1033
-1055
-1079
-1125
-1174
-1211
-1222
-1209
-1174
-1116
-1049
-964
-875
-772
-669
-567
-485
-420
-360
-302
-230
-158
-74
10
114
230
359
488
619
740
854
950
1024
1084
1127
1166
1201
1224
1251
1267
1301
1328
1371
1408
1452
1481
1497
1499
1464
1405
1297
1189
1052
928
775
648
492
363
235
141
52
-27
-101
-192
-264
-355
-423
-527
-610
-725
-812
-910
-977
-1051
-1094
-1125
-1129
-1118
-1100
-1074
-1051
-1021
-1004
-989
-1001
-1009
-1045
-1067
-1095
-1097
-1087
-1060
-1026
-972
-908
-832
-753
-684
-617
-551
-486
-433
-372
-308
-229
-144
-38
80
210
338
461
578
680
774
834
889
930
969
993
1008
1032
1059
1113
1151
1217
1254
1317
1364
1414
1441
1448
1454
1412
1369
1264
1178
1047
939
787
649
499
367
248
135
37
-60
-130
-204
-260
-333
-391
-467
-545
-642
-743
-838
-920
-992
-1052
-1093
-1105
-1091
-1058
-1018
-969
-917
-865
-843
-842
-868
-906
-950
-995
-1024
-1047
-1045
-1049
-1017
-977
-895
-819
-741
-673
-602
-526
-461
-395
-350
-282
-226
-143
-67
36
136
259
375
493
592
675
753
820
886
922
949
953
971
985
1017
1053
1099
1147
1199
1256
1308
1353
1388
1394
1368
1309
1226
1134
1031
913
768
628
491
383
280
197
117
49
-21
-80
-137
-203
-269
-358
-445
-539
-614
-686
-749
-807
-845
-864
-864
-856
-835
-812
-771
-732
-696
-694
-724
-774
-829
-863
-910
-941
-990
-998
-1016
-988
-973
-928
-889
-843
-791
-742
-671
-632
-573
-527
-445
-367
-254
-157
-43
62
183
299
419
516
604
681
762
827
874
909
938
978
1011
1056
1094
1151
1192
1249
1292
1342
1357
1361
1321
1271
1196
1118
1014
897
764
624
497
377
278
190
110
36
-30
-89
-149
-207
-284
-362
-457
-536
-617
-686
-750
-807
-833
-852
-832
-814
-756
-713
-649
-613
-571
-583
-610
-677
-732
-802
-875
-950
-1027
-1065
-1096
-1092
-1096
-1054
-1025
-961
-924
-860
-815
-750
-693
-621
-553
-460
-354
-243
-120
2
139
266
391
498
609
704
796
862
916
956
1010
1058
1110
1149
1212
1275
1347
1403
1461
1511
1543
1539
1490
1427
1346
1264
1146
1020
873
741
614
501
393
295
219
140
75
-2
-67
-147
-226
-317
-414
-501
-581
-640
-716
-763
-811
-820
-823
-808
-786
-753
-715
-693
-681
-696
-707
-744
-780
-842
-905
-975
-1027
-1075
-1113
-1144
-1157
-1148
-1129
-1097
-1061
-1010
-960
-884
-804
-701
-604
-478
-348
-205
-65
61
191
299
408
498
596
667
741
789
837
883
948
1019
1090
1166
1238
1324
1378
1439
1467
1512
1496
1466
1377
1304
1211
1113
1003
868
751
614
520
402
332
225
159
71
14
-59
-129
-210
-300
-384
-486
-558
-644
-707
-788
-830
-856
-847
-821
-776
-709
-642
-582
-547
-512
-508
-533
-598
-675
-762
-858
-945
-1028
-1083
-1140
-1156
-1161
-1123
-1082
-1026
-976
-913
-839
-764
-674
-584
-462
-338
-185
-39
120
258
405
532
644
726
795
863
916
958
974
1021
1065
1136
1183
1253
1308
1384
1428
1461
1474
1460
1424
1331
1247
1132
1055
916
801
634
510
366
266
143
49
-33
-102
-146
-199
-243
-327
-383
-481
-544
-639
-712
-807
-870
-927
-943
-942
-903
-846
-766
-688
-622
-555
-502
-463
-479
-523
-600
-671
-758
-846
-927
-990
-1044
-1078
-1080
-1057
-1025
-982
-926
-844
-760
-672
-587
-477
-356
-235
-108
38
194
337
461
573
672
758
819
879
921
970
1004
1041
1074
1113
1152
1193
1245
1280
1325
1346
1390
1372
1344
1239
1180
1075
991
850
717
555
404
249
107
11
-91
-144
-228
-233
-280
-269
-351
-384
-487
-541
-629
-710
-806
-888
-924
-951
-927
-906
-818
-744
-646
-576
-503
-442
-399
-405
-451
-517
-590
-662
-739
-819
-879
-910
-909
-916
-903
-890
-836
-790
-733
-693
-616
-529
-421
-319
-207
-69
98
268
417
546
647
750
812
846
832
857
880
934
943
974
1005
1086
1147
1199
1237
1275
1335
1353
1367
1295
1242
1147
1094
981
875
724
576
407
228
87
-47
-134
-217
-261
-302
-295
-300
-315
-378
-456
-529
-613
-714
-820
-910
-974
-1009
-1020
-991
-933
-865
-787
-708
-615
-541
-478
-461
-465
-508
-559
-628
-693
-758
-807
-840
-876
-888
-903
-883
-868
-806
-753
-668
-577
-457
-331
-196
-71
73
227
372
505
592
660
706
764
784
815
820
852
876
952
1017
1096
1167
1235
1297
1338
1404
1416
1461
1413
1391
1251
1193
1064
990
821
662
461
274
122
-56
-147
-300
-337
-438
-414
-466
-446
-510
-549
-635
-717
-801
-897
-955
-1030
-1042
-1071
-1029
-990
-907
-838
-768
-713
-650
-603
-598
-610
-638
-658
-695
-731
-761
-772
-762
-755
-745
-751
-712
-685
-633
-606
-554
-513
-427
-346
-248
-140
-15
132
261
388
485
610
705
803
843
885
909
945
981
1029
1104
1191
1269
1325
1406
1510
1598
1639
1650
1654
1627
1544
1405
1268
1134
993
792
584
365
181
-1
-143
-283
-378
-458
-484
-482
-472
-472
-502
-536
-608
-670
-779
-867
-981
-1065
-1149
-1185
-1202
-1181
-1160
-1139
-1104
-1031
-943
-885
-860
-862
-837
-824
-807
-816
-806
-805
-795
-805
-806
-795
-781
-771
-748
-703
-660
-585
-480
-336
-204
-53
116
270
391
486
589
686
764
795
808
852
933
1030
1109
1218
1327
1469
1566
1672
1746
1835
1880
1922
1901
1838
1721
1568
1439
1295
1126
882
675
445
254
44
-107
-236
-318
-390
-432
-423
-420
-451
-533
-618
-706
-814
-919
-1042
-1145
-1265
-1328
-1358
-1326
-1286
-1221
-1131
-1050
-962
-906
-835
-826
-822
-877
-896
-935
-926
-939
-919
-902
-862
-825
-785
-743
-727
-717
-709
-676
-638
-549
-447
-307
-165
8
164
358
503
655
754
872
931
982
1016
1083
1167
1234
1325
1417
1556
1651
1766
1832
1929
1953
2023
2032
2018
1876
1731
1577
1433
1256
980
710
424
217
-25
-195
-374
-475
-570
-598
-608
-609
-641
-707
-771
-860
-934
-1026
-1114
-1222
-1294
-1337
-1334
-1322
-1292
-1245
-1185
-1127
-1075
-1021
-973
-948
-970
-1013
-1048
-1053
-1053
-1058
-1049
-1019
-981
-937
-881
-848
-830
-812
-771
-698
-580
-447
-297
-125
77
270
459
600
679
734
803
873
886
902
940
1057
1173
1301
1419
1606
1826
2004
2116
2188
2312
2381
2443
2365
2257
2060
1943
1764
1538
1211
874
562
234
-45
-335
-504
-668
-739
-810
-779
-766
-753
-779
-830
-872
-933
-964
-1069
-1169
-1291
-1336
-1377
-1387
-1411
-1396
-1329
-1257
-1180
-1152
-1113
-1123
-1130
-1191
-1232
-1278
-1300
-1308
-1285
-1221
-1148
-1036
-921
-774
-693
-623
-570
-463
-366
-263
-177
-32
142
302
442
583
713
809
882
915
966
1028
1124
1194
1251
1318
1454
1654
1879
2059
2188
2324
2494
2618
2646
2537
2375
2207
2031
1773
1452
1114
785
450
109
-177
-405
-574
-746
-864
-906
-889
-884
-899
-913
-928
-938
-964
-1009
-1083
-1158
-1248
-1308
-1375
-1418
-1438
-1414
-1393
-1425
-1454
-1449
-1390
-1407
-1473
-1565
-1557
-1517
-1472
-1453
-1376
-1246
-1116
-990
-866
-736
-652
-566
-487
-376
-263
-113
60
270
450
622
765
917
1000
1040
1013
1027
1057
1107
1168
1247
1374
1506
1689
1872
2107
2274
2454
2598
2768
2806
2717
2505
2324
2151
1890
1538
1161
866
539
218
-122
-356
-565
-714
-827
-883
-923
-940
-939
-983
-1070
-1159
-1215
-1269
-1361
-1456
-1536
-1567
-1567
-1567
-1557
-1502
-1408
-1355
-1345
-1372
-1382
-1433
-1511
-1614
-1673
-1715
-1716
-1670
-1549
-1372
-1174
-964
-737
-504
-326
-206
-130
-51
24
121
235
375
509
642
800
977
1099
1166
1235
1337
1409
1439
1440
1479
1565
1678
1797
1941
2132
2292
2448
2578
2713
2701
2557
2332
2194
2021
1791
1445
1145
845
540
207
-83
-321
-549
-752
-923
-997
-1100
-1197
-1312
-1352
-1433
-1523
-1614
-1621
-1650
-1701
-1735
-1701
-1635
-1598
-1561
-1505
-1428
-1447
-1516
-1564
-1528
-1550
-1651
-1759
-1755
-1666
-1578
-1500
-1385
-1216
-1036
-858
-710
-595
-524
-423
-287
-164
-42
109
328
565
805
989
1171
1320
1424
1509
1625
1726
1728
1704
1728
1772
1774
1814
1924
2106
2307
2470
2622
2807
2875
2753
2567
2454
2308
2016
1643
1288
958
598
239
-78
-308
-515
-692
-786
-813
-881
-1035
-1168
-1255
-1396
-1604
-1770
-1866
-1976
-2100
-2179
-2157
-2090
-2029
-1938
-1766
-1564
-1485
-1511
-1556
-1550
-1638
-1813
-1986
-2033
-2001
-1972
-1906
-1771
-1535
-1309
-1059
-822
-537
-323
-123
38
189
275
344
456
619
788
909
1065
1255
1497
1688
1888
2056
2205
2262
2311
2341
2364
2389
2430
2494
2591
2693
2783
2838
2789
2577
2373
2255
2101
1760
1343
996
716
435
120
-112
-290
-371
-494
-552
-634
-711
-870
-1037
-1263
-1499
-1725
-1924
-2094
-2260
-2355
-2370
-2271
-2167
-2087
-1973
-1819
-1744
-1825
-1972
-2041
-2060
-2169
-2347
-2440
-2373
-2219
-2077
-1889
-1636
-1319
-1043
-778
-548
-380
-287
-191
-72
28
123
263
471
739
985
1194
1415
1689
1907
2053
2160
2277
2389
2481
2488
2487
2545
2667
2797
2924
3096
3253
3302
3166
2919
2666
2404
2066
1610
1133
675
315
16
-205
-382
-491
-543
-517
-465
-469
-524
-611
-744
-992
-1264
-1513
-1742
-1972
-2177
-2328
-2396
-2393
-2350
-2278
-2137
-1969
-1888
-1916
-2001
-2113
-2266
-2488
-2736
-2932
-3003
-2978
-2848
-2613
-2224
-1759
-1278
-810
-392
-67
158
323
412
414
392
444
567
744
930
1144
1414
1774
2129
2429
2667
2856
2936
2948
2962
2976
3006
3063
3166
3334
3566
3694
3526
3209
2996
2812
2435
1838
1252
792
401
10
-301
-465
-499
-510
-480
-399
-358
-426
-540
-686
-897
-1165
-1422
-1617
-1805
-1977
-2129
-2158
-2099
-2059
-2085
-2039
-1945
-1981
-2215
-2539
-2755
-2940
-3206
-3569
-3800
-3808
-3660
-3459
-3157
-2717
-2173
-1615
-1078
-639
-346
-170
-19
105
167
210
350
650
1028
1334
1591
1909
2305
2614
2821
2922
3014
3025
3034
3012
2981
2981
3071
3327
3640
3894
3848
3689
3498
3337
2915
2310
1624
1068
545
67
-308
-486
-507
-489
-411
-277
-97
-60
-142
-336
-568
-855
-1131
-1376
-1575
-1747
-1841
-1821
-1736
-1673
-1619
-1570
-1506
-1543
-1719
-2048
-2421
-2842
-3284
-3747
-4097
-4309
-4403
-4375
-4177
-3768
-3218
-2582
-1910
-1262
-725
-316
-22
143
167
140
149
302
516
778
1096
1548
2073
2517
2895
3227
3578
3732
3730
3582
3513
3461
3430
3447
3554
3653
3592
3455
3312
3189
2884
2371
1748
1174
652
192
-133
-316
-414
-449
-294
-25
176
207
172
101
-67
-396
-777
-1061
-1238
-1404
-1549
-1564
-1456
-1351
-1309
-1260
-1278
-1471
-1888
-2353
-2778
-3227
-3802
-4392
-4737
-4816
-4775
-4672
-4343
-3775
-3097
-2469
-1892
-1390
-990
-739
-575
-480
-412
-302
-55
304
692
1004
1354
1824
2351
2746
3002
3202
3371
3467
3495
3548
3579
3682
3833
4109
4232
4067
3625
3322
3088
2637
1836
1061
562
184
-205
-480
-500
-366
-169
56
386
686
803
683
529
358
62
-337
-621
-769
-921
-1080
-1090
-935
-765
-694
-694
-729
-879
-1334
-2038
-2839
-3556
-4240
-4855
-5349
-5606
-5598
-5282
-4730
-4018
-3244
-2431
-1626
-955
-546
-360
-319
-289
-222
-183
-106
98
498
947
1396
1844
2326
2745
2987
3105
3150
3180
3132
2997
2920
3040
3402
3612
3435
3012
2816
2769
2471
1696
884
347
70
-208
-406
-352
-58
310
718
1197
1550
1672
1589
1421
1086
636
154
-181
-383
-546
-666
-607
-387
-212
-134
-86
-138
-509
-1211
-2122
-2946
-3670
-4423
-5215
-5685
-5656
-5294
-4812
-4218
-3497
-2672
-1745
-970
-486
-349
-322
-334
-331
-451
-580
-472
-11
550
933
1312
1799
2362
2638
2612
2454
2368
2208
1928
1699
1671
1898
2334
2775
2740
2413
2274
2357
2043
1126
119
-433
-639
-832
-997
-722
22
879
1643
2414
3051
3366
3292
2905
2194
1296
334
-457
-986
-1334
-1543
-1401
-900
-429
-152
95
305
131
-560
-1675
-2808
-3800
-4791
-5758
-6242
-6064
-5471
-4708
-3658
-2359
-1086
-22
763
1183
1200
869
331
-213
-779
-1259
-1442
-1091
-567
45
699
1572
2366
2800
2859
2716
2494
2035
1500
1067
1021
1164
1602
1749
1547
1341
1559
1673
1132
67
-723
-992
-1070
-1239
-1138
-435
681
1719
2727
3693
4309
4424
4108
3373
2268
1019
-160
-1057
-1653
-2008
-2095
-1707
-1038
-512
-193
65
156
-221
-1167
-2499
-3732
-4593
-5239
-5723
-5752
-5078
-3872
-2404
-964
301
1383
2211
2575
2259
1472
402
-585
-1413
-1974
-2310
-2072
-1279
-161
917
1763
2516
3051
3265
2890
2208
1396
808
314
183
299
1031
1786
2032
1714
1701
1858
1413
-70
-1677
-2565
-2824
-2914
-2814
-1988
-394
1495
3243
4794
5822
6109
5711
4765
3226
1255
-653
-2092
-2946
-3374
-3386
-2803
-1686
-563
209
711
927
580
-496
-1969
-3506
-4709
-5704
-6282
-6081
-4978
-3470
-1773
-6
1676
2949
3590
3570
2878
1703
287
-1154
-2294
-3032
-3301
-2908
-1745
-402
850
2025
3085
3846
3888
3233
2296
1506
814
213
-147
153
1075
2287
2870
2448
1815
1652
1089
-727
-3127
-4756
-5166
-4960
-4486
-3267
-924
1933
4571
6720
8128
8442
7679
6091
3834
1041
-1701
-3778
-4827
-5029
-4652
-3569
-1816
-84
1011
1537
1578
1016
-410
-2253
-4009
-5440
-6447
-6767
-6002
-4286
-2310
-389
1635
3395
4366
4296
3517
2262
608
-1234
-2818
-3908
-4329
-4051
-3037
-1451
390
2076
3463
4443
4712
4386
3479
2317
1180
243
-276
-362
134
1230
2878
4225
4193
2804
1533
756
-825
-3851
-6777
-7685
-6906
-5682
-4204
-1481
2331
6058
8683
10250
10584
9419
6998
3922
533
-2981
-5801
-7118
-6832
-5704
-4095
-1927
556
2298
2782
2391
1487
-128
-2405
-4571
-5854
-6341
-6282
-5522
-3721
-1337
709
2092
3023
3324
2630
1217
-408
-1963
-3440
-4366
-4286
-3441
-2364
-1148
425
2119
3443
3869
3754
3433
2879
2214
1405
757
460
738
1346
2165
2777
3620
4696
5173
3747
952
-1267
-2247
-3631
-6213
-8106
-7520
-5094
-2729
-497
2535
6252
9068
10390
10445
9318
6861
3611
327
-2748
-5511
-7313
-7353
-5906
-4040
-2209
-149
1834
2765
2336
1299
9
-1557
-3338
-4600
-4740
-4300
-3761
-2901
-1399
199
962
732
294
-305
-1260
-2387
-3274
-3603
-3455
-2716
-1434
-79
862
1663
2368
2843
2642
2079
1510
1196
901
608
752
1146
1569
1884
2371
2855
3160
3163
3491
3989
3311
936
-1506
-2363
-2608
-4074
-6199
-6417
-4373
-1774
186
2383
5411
8257
9654
9703
8732
6492
3302
-14
-2885
-5470
-7440
-7871
-6404
-4142
-2099
-220
1797
3198
3109
1916
508
-951
-2583
-4042
-4485
-3834
-3197
-2687
-1807
-652
-100
-542
-1408
-2065
-2833
-3534
-3701
-3171
-2232
-1114
328
1875
2727
2618
2192
1680
961
-162
-1025
-1184
-897
-467
303
1541
2384
2803
3038
3482
3567
2974
2504
2938
3774
3078
725
-1157
-1300
-1464
-3207
-5516
-5699
-3778
-1503
387
2787
5840
8503
9954
10157
9002
6175
2684
-602
-3530
-6379
-8291
-8061
-5957
-3537
-1447
706
2845
3797
3082
1518
-51
-1721
-3458
-4632
-4499
-3545
-2889
-2329
-1450
-404
-212
-1075
-2266
-2952
-3341
-3442
-3183
-2294
-937
592
1994
2815
2688
1836
869
-85
-1190
-2308
-2541
-1866
-700
280
1426
2707
3675
3905
3646
3298
2959
2468
2199
2666
3481
3061
1093
-925
-1633
-2036
-3752
-6035
-6424
-4330
-1389
1248
3954
7164
9938
11366
11028
8950
5333
1217
-2547
-5569
-8058
-9222
-8250
-5471
-2432
48
2168
3801
4161
2887
820
-1135
-2721
-4035
-4547
-3897
-2371
-1393
-934
-571
-529
-1383
-2898
-4346
-4933
-4987
-4352
-2633
-397
1667
3216
4367
4773
3870
1701
-477
-2315
-3706
-4612
-4437
-3086
-1135
735
2523
4166
4928
4716
3942
3270
2551
1680
1338
2115
3696
4583
3287
819
-976
-1761
-3207
-5985
-8005
-6925
-3494
155
3256
6555
10134
12515
12488
10302
6543
2001
-2436
-6063
-8557
-9802
-9198
-6637
-3054
104
2327
3729
4275
3309
1146
-1160
-2702
-3574
-3856
-3255
-1700
-111
331
-166
-1224
-2367
-3778
-5387
-6573
-6389
-4815
-2162
535
2761
4471
5486
5480
4127
1490
-1574
-3875
-5231
-5604
-5226
-3619
-1013
1783
4032
5240
5884
5687
4768
3276
1906
1079
1127
1687
2762
4249
4774
3288
292
-2184
-3456
-4927
-7515
-8467
-6213
-1694
2420
5775
9130
12138
13080
11455
8073
3581
-1190
-5474
-8276
-9691
-9771
-8130
-4817
-1114
1551
3016
3791
3623
2030
-255
-1935
-2632
-2808
-2586
-1623
-122
720
89
-1248
-2826
-4565
-6268
-7329
-6983
-5253
-2921
113
3188
5309
6080
5716
4383
2122
-1105
-4129
-5920
-6531
-6180
-4799
-2257
888
3488
4970
6129
6697
6285
4707
2866
1812
1480
1426
1808
2669
4070
4687
2938
-313
-3168
-4408
-5314
-7112
-8030
-5733
-1148
3474
6757
9338
11551
12172
10543
7185
2846
-1592
-5363
-7937
-9186
-9266
-7799
-4870
-1561
898
2347
3138
3247
2186
408
-1038
-1617
-1680
-1612
-1203
-502
-58
-878
-2779
-4773
-6178
-6796
-6777
-5969
-3853
-835
2366
4891
5993
5885
4722
2635
-114
-3043
-5584
-6847
-6707
-5276
-3160
-641
2291
4924
6599
7068
6620
5650
4191
2498
1192
683
934
1534
2505
3705
4717
3692
541
-2993
-4844
-5298
-6234
-7316
-5918
-1623
3286
6775
8987
10925
11722
10386
7129
3123
-1201
-5099
-8106
-9516
-9659
-8477
-5916
-2554
414
2297
3355
3702
3065
1389
-229
-1121
-1278
-1351
-1252
-864
-512
-890
-2441
-4457
-5971
-6750
-6834
-6091
-4316
-1443
1609
3980
5306
5400
4410
2672
383
-1999
-4040
-5373
-5418
-4479
-2927
-1012
1241
3666
5336
6050
5980
5435
4434
3005
1601
968
983
1298
1737
2336
3439
3974
2211
-1315
-4382
-5235
-4856
-5348
-5613
-3282
1241
5648
8287
9767
10745
10334
7976
4346
196
-4021
-7465
-9535
-9946
-9322
-7449
-4362
-747
2008
3523
4129
4062
2988
1243
-158
-738
-837
-1074
-1320
-1379
-1511
-2241
-3801
-5812
-7053
-7050
-5802
-4091
-2158
281
2993
4852
5242
4248
2680
947
-850
-2570
-3717
-4290
-3970
-2895
-1357
281
1751
3213
4483
5082
4802
4233
3548
3107
2218
1424
1170
1370
1893
2287
2831
2831
964
-2095
-4117
-4206
-3625
-4068
-3885
-1282
2861
6026
7700
8590
9125
8145
5475
2135
-1446
-4945
-7777
-9107
-8903
-7706
-5581
-2413
870
3129
4113
4343
3841
2438
532
-879
-1500
-1761
-2045
-2199
-2071
-2176
-2736
-3840
-5041
-5675
-5390
-4329
-2812
-1116
877
2929
4124
4256
3485
2413
1137
-295
-1882
-2996
-3690
-3820
-3444
-2629
-1335
267
2136
3705
4885
5197
5133
4857
3942
2730
1498
861
729
1059
1527
2772
3290
1834
-1140
-3417
-3640
-3154
-4041
-4490
-2295
1760
5233
6797
7819
8405
7745
5052
1739
-1834
-5055
-7579
-8502
-7956
-6514
-4288
-1261
1711
3396
3718
3493
2763
1200
-651
-1740
-1733
-1515
-1496
-1484
-1333
-1660
-2490
-3718
-4872
-5488
-5178
-3916
-2065
-182
1687
3523
4707
4655
3437
1847
334
-1142
-2626
-3740
-4346
-4287
-3653
-2461
-986
603
2489
4314
5412
5674
5244
4696
3723
2254
1029
578
513
1002
1658
2941
3962
2557
-709
-3726
-4438
-3908
-4481
-5349
-3444
847
4957
6913
7641
8135
7599
5168
1797
-1672
-4719
-6858
-7674
-7051
-5754
-3778
-1258
1242
2491
2666
2429
1960
886
-416
-964
-483
14
-55
-527
-934
-1569
-2611
-3902
-5077
-5408
-4693
-3127
-1254
507
2159
3592
4075
3457
1981
322
-1047
-2176
-3139
-3679
-3749
-3349
-2441
-1382
-25
1343
2916
4359
5309
5439
4846
4122
3061
2014
843
285
236
750
1624
2771
3617
2505
-724
-4008
-5242
-4690
-4700
-5088
-3357
839
5028
7008
7533
7676
7097
4726
1425
-1602
-4188
-6029
-6890
-6509
-5457
-3987
-2016
99
1468
1830
1985
2020
1666
870
505
879
1084
577
-373
-1194
-2040
-3088
-3984
-4518
-4496
-3736
-2406
-899
83
693
1471
2070
1705
560
-410
-561
-536
-934
-1399
-1503
-1491
-1540
-1495
-1036
-123
1038
2590
4004
4812
5013
4823
4429
3280
1801
657
412
385
588
867
1779
2108
244
-2888
-5039
-4759
-3618
-3448
-2996
-272
3546
6234
6677
6351
5778
4463
1893
-731
-3073
-4731
-5685
-5871
-5396
-4493
-2970
-975
731
1497
1939
2534
2912
2495
1657
1199
1045
435
-686
-1898
-2668
-3173
-3498
-3795
-3911
-3390
-2420
-1508
-849
-297
498
1212
1272
880
602
531
339
-151
-749
-1110
-1583
-2125
-2278
-1730
-522
908
2366
3882
4993
5567
5277
4337
2718
1362
384
85
-43
-52
457
1524
2549
1454
-1579
-4495
-4725
-3456
-2918
-3201
-1619
1972
5087
5750
5298
5000
4541
2750
316
-1774
-3286
-4340
-4983
-5010
-4629
-3486
-1673
209
1230
1820
2601
3298
3032
1908
1022
730
275
-767
-1969
-2596
-2755
-2901
-3286
-3682
-3558
-2792
-1893
-1407
-1072
-250
1117
2014
1853
1265
1060
1031
538
-550
-1603
-2203
-2451
-2397
-1887
-779
861
2642
4187
5034
5128
4497
3434
2004
460
-510
-651
-50
648
1413
2196
3211
2843
160
-3472
-5506
-4766
-3666
-3637
-2960
42
3794
5635
5318
4803
4582
3619
1444
-796
-2649
-3815
-4517
-4702
-4548
-3954
-2376
-150
1520
2093
2399
3005
3212
2294
753
-176
-374
-571
-1211
-1966
-2303
-2272
-2325
-2904
-3453
-3295
-2396
-1553
-1207
-650
572
1827
2092
1439
880
766
540
-260
-1220
-1831
-1948
-1724
-1258
-477
618
1966
3198
3938
3792
3096
2350
1760
1029
365
189
891
1766
2262
2358
2490
2104
-258
-3681
-5988
-5401
-3729
-2824
-2014
513
3711
5402
5034
4266
3725
2846
1111
-641
-2052
-2979
-3403
-3514
-3506
-3288
-2182
-289
1275
1695
1616
1835
2010
1437
222
-527
-415
-17
-87
-659
-1271
-1677
-2134
-3028
-3866
-3965
-3164
-2064
-1187
-301
918
2032
2359
1764
923
368
-29
-578
-1282
-1769
-1839
-1492
-988
-423
354
1361
2572
3239
3179
2700
2172
1835
1297
916
889
1527
2003
2285
2257
2295
2014
-140
-3402
-5682
-5125
-3220
-2393
-1987
-118
2906
4410
3854
2946
2897
2892
1852
526
-603
-1349
-1804
-2195
-2758
-3388
-2957
-1343
329
728
468
776
1446
1514
671
38
221
757
733
2
-894
-1684
-2301
-3257
-4148
-4251
-3362
-2039
-948
1
996
1730
1645
988
396
48
-227
-625
-979
-1045
-1098
-1061
-936
-494
263
1250
2311
2898
2942
2539
2280
1997
1560
1214
1154
1743
1949
2056
1847
2002
1540
-862
-4039
-5670
-4257
-2343
-1963
-1866
153
3063
4031
2992
2187
2638
3167
2563
1422
200
-652
-1255
-1919
-3128
-4276
-3981
-2187
-412
77
47
640
1462
1636
1009
597
776
1122
1027
301
-681
-1710
-2490
-3300
-3755
-3675
-2932
-1918
-1070
-283
381
648
455
114
108
258
232
13
-193
-281
-518
-893
-1268
-1085
-309
931
2099
2677
2700
2591
2680
2477
2020
1380
1393
1818
1940
1854
1597
1834
888
-1823
-4757
-5267
-3233
-1848
-2050
-1711
830
3408
3629
2526
2272
3245
3777
3187
1835
317
-758
-1525
-2453
-4013
-4938
-3994
-1726
-32
313
486
1136
1666
1402
820
669
954
1213
1068
350
-781
-1900
-2721
-3379
-3801
-3750
-2976
-1968
-1319
-848
-432
-77
-17
2
345
870
1083
887
475
-22
-656
-1308
-1676
-1465
-582
698
2032
2536
2652
2464
2579
2489
1910
1669
1651
2124
1889
1607
1513
1454
-40
-3062
-4937
-4192
-2043
-1512
-1995
-845
1936
3751
3140
2247
2657
3690
3855
2788
1245
-324
-1321
-2017
-3053
-4319
-4569
-2917
-712
404
445
518
1095
1271
888
422
548
1009
1240
1043
285
-677
-1910
-3165
-3927
-4045
-3504
-2832
-2133
-1343
-609
-227
-193
-69
354
915
1196
1045
489
-276
-920
-1355
-1670
-1625
-919
741
2358
3003
2785
2344
2453
2233
1662
1066
1258
1842
2312
2212
2089
1869
313
-2294
-4313
-3839
-2184
-1572
-1795
-841
1474
2925
2664
2102
2577
3420
3489
2585
1152
-247
-1195
-1818
-2666
-3632
-3662
-2292
-514
365
367
392
643
735
412
184
394
964
1318
1057
342
-581
-1377
-2352
-3225
-3748
-3646
-3243
-2767
-2038
-1213
-493
-221
-32
469
1126
1456
1243
782
227
-287
-840
-1347
-1494
-930
340
1612
2103
2290
2571
2679
2238
1176
789
1172
1763
1974
1859
2156
2046
215
-2758
-4305
-3070
-1438
-1526
-1998
-528
1963
2844
2015
1551
2427
3411
3331
2162
589
-455
-826
-1257
-2478
-3568
-3140
-1435
-90
60
-46
301
709
597
79
-191
92
704
1087
886
270
-272
-974
-2093
-3030
-3439
-3195
-2882
-2411
-1618
-878
-457
-304
73
515
732
691
441
137
-383
-784
-1119
-1234
-972
-8
1228
1899
1927
1989
2398
2433
1557
649
695
1321
1943
1975
2361
2485
1104
-1456
-3257
-2715
-1666
-1755
-2170
-1023
1170
2228
1903
1577
2331
3284
3424
2437
807
-385
-697
-792
-1651
-2776
-2734
-1359
-72
90
-179
58
664
790
201
-397
-515
-87
233
177
-163
-350
-516
-959
-1610
-2267
-2633
-2809
-2575
-1954
-1278
-826
-517
2
493
659
440
194
103
-41
-304
-795
-1120
-1015
-135
660
1021
1221
1790
2745
2726
2002
956
682
937
1400
1724
2076
1952
580
-1384
-2396
-1853
-1496
-2134
-2239
-579
1589
2258
1842
1877
2728
3377
2961
1688
325
-327
-459
-848
-1914
-2699
-2294
-1172
-529
-660
-638
26
888
1017
425
-197
-279
-38
-143
-565
-852
-613
-600
-901
-1436
-1789
-1865
-1913
-1598
-1347
-1058
-834
-345
158
252
88
-103
-64
-103
-292
-610
-866
-860
-361
391
869
1012
1319
2062
2666
2535
1982
1561
1272
1202
1059
1559
1406
95
-1675
-1989
-754
-554
-1758
-2431
-912
966
1399
1169
1651
2893
3523
2959
1500
57
-516
-411
-634
-1515
-2107
-1693
-976
-853
-1316
-1392
-703
240
817
824
615
485
394
109
-506
-1063
-1416
-1560
-1413
-1253
-1337
-1736
-1757
-1172
-603
-538
-669
-301
299
586
210
-389
-628
-313
93
13
-436
-425
276
832
496
-230
-43
1121
2351
2486
2096
1924
2247
2419
2028
1291
42
-1247
-1830
-1201
-599
-1179
-1892
-1302
191
821
579
767
1864
3054
3346
2516
1103
172
18
-162
-985
-1684
-1458
-746
-524
-1019
-1582
-1584
-958
-235
70
-8
136
533
726
388
-89
-337
-539
-884
-1320
-1698
-2050
-2225
-1924
-1318
-828
-533
-177
393
782
774
325
-194
-404
-302
-328
-665
-809
-212
655
781
212
-200
182
827
1166
1243
1559
2032
2564
2697
2614
1641
-77
-1451
-1599
-853
-953
-1556
-1513
-510
302
332
338
878
1826
2589
2607
1770
840
590
655
150
-710
-1104
-870
-586
-691
-1032
-1343
-1258
-808
-424
-415
-494
-303
-42
-36
-149
-107
-49
-241
-477
-646
-964
-1496
-1832
-1791
-1634
-1438
-1065
-473
59
496
735
703
385
96
-99
-315
-481
-353
111
397
424
191
264
478
828
1007
990
1063
1423
2079
2373
1776
464
-485
-390
116
-81
-806
-1075
-540
53
144
71
253
849
1552
1794
1342
697
630
886
813
337
41
73
65
-196
-671
-1136
-1315
-1093
-725
-480
-422
-352
-370
-528
-718
-819
-885
-926
-745
-358
-121
-237
-506
-684
-877
-1114
-1278
-1189
-846
-404
-4
171
199
212
297
272
117
-26
-66
-220
-582
-944
-1033
-808
-454
-31
401
749
969
1164
1331
1300
1022
712
734
1095
1503
1584
1278
863
553
391
274
143
88
199
462
601
453
209
221
426
627
724
770
733
577
302
-86
-472
-769
-861
-799
-569
-277
-116
-249
-484
-642
-694
-803
-962
-991
-876
-732
-720
-787
-872
-917
-964
-1030
-1122
-1201
-1217
-1136
-990
-881
-756
-601
-334
14
326
424
218
-145
-444
-585
-617
-486
-165
344
871
1264
1445
1406
1198
956
882
1082
1427
1654
1682
1621
1585
1514
1309
950
605
472
577
681
583
366
236
277
365
416
405
437
564
693
636
366
-15
-385
-686
-884
-994
-1051
-1037
-963
-910
-988
-1138
-1232
-1215
-1191
-1263
-1432
-1557
-1525
-1368
-1225
-1126
-1006
-833
-665
-568
-563
-649
-754
-767
-688
-543
-329
-5
329
538
556
444
279
135
123
247
442
605
749
877
1051
1260
1444
1477
1396
1319
1295
1342
1435
1523
1487
1349
1188
1048
867
704
521
378
271
222
124
-66
-226
-226
-141
-62
51
174
295
256
65
-261
-584
-869
-1074
-1230
-1333
-1360
-1300
-1137
-992
-964
-1104
-1309
-1488
-1569
-1569
-1525
-1397
-1182
-950
-789
-633
-435
-197
-15
74
30
-117
-262
-291
-216
-94
102
390
734
1021
1206
1239
1115
839
510
303
363
687
1108
1373
1405
1266
1109
1017
958
854
788
843
996
1054
947
753
571
473
473
540
538
439
254
21
-253
-480
-529
-348
-41
216
307
190
-71
-425
-816
-1161
-1355
-1366
-1267
-1166
-1104
-1105
-1198
-1360
-1506
-1596
-1599
-1535
-1439
-1353
-1281
-1202
-1060
-818
-483
-111
217
460
565
552
460
327
149
-9
-8
239
658
1099
1403
1427
1182
860
686
681
744
802
822
830
858
930
962
860
675
553
566
635
671
639
575
552
616
724
802
832
849
789
594
281
-59
-328
-450
-384
-262
-191
-219
-319
-543
-837
-1110
-1258
-1309
-1266
-1209
-1197
-1257
-1337
-1383
-1439
-1508
-1565
-1563
-1501
-1369
-1208
-1069
-997
-880
-629
-279
65
392
676
865
923
857
691
493
420
527
700
772
760
750
814
950
1109
1161
1040
846
711
663
647
653
664
694
719
720
628
445
245
158
212
365
508
621
706
778
813
768
628
414
206
37
-99
-269
-451
-652
-827
-963
-1004
-983
-929
-913
-954
-1037
-1135
-1216
-1269
-1256
-1205
-1130
-1095
-1123
-1212
-1287
-1299
-1222
-1075
-902
-728
-532
-281
4
302
582
792
934
1079
1262
1380
1348
1186
953
764
722
840
959
986
941
916
887
851
766
615
431
304
271
244
168
53
-44
-104
-104
-79
-39
0
66
144
227
338
457
582
681
711
624
449
222
-48
-349
-624
-817
-919
-931
-932
-982
-1121
-1233
-1241
-1168
-1118
-1121
-1125
-1094
-1011
-937
-885
-847
-750
-604
-467
-408
-389
-331
-190
-10
148
334
591
922
1194
1308
1210
1020
920
993
1096
1079
932
754
660
635
641
572
481
434
467
454
321
68
-166
-264
-216
-135
-131
-154
-157
-104
-77
-121
-238
-298
-208
4
166
210
178
159
189
225
204
88
-78
-251
-443
-670
-890
-1035
-1063
-1003
-920
-829
-746
-674
-671
-726
-779
-741
-577
-340
-150
-57
28
167
306
318
241
184
278
508
733
773
659
606
730
936
1021
939
756
658
677
722
636
477
379
425
503
479
318
119
-14
-65
-128
-277
-432
-475
-392
-309
-295
-349
-388
-349
-234
-171
-214
-313
-375
-429
-509
-600
-634
-556
-374
-189
-133
-198
-273
-290
-317
-410
-572
-715
-762
-686
-544
-399
-256
-96
55
124
119
116
202
342
469
543
618
712
791
756
572
347
285
441
649
709
585
420
367
457
559
542
450
410
461
488
373
142
-44
-58
86
230
242
146
41
-36
-150
-343
-553
-676
-641
-525
-477
-560
-694
-768
-756
-730
-759
-817
-831
-747
-649
-627
-707
-774
-726
-552
-344
-195
-120
-56
55
168
221
167
80
55
175
405
640
784
840
870
929
1018
1041
928
737
624
674
812
877
754
495
261
175
187
171
101
55
89
138
105
-62
-258
-334
-242
-114
-80
-154
-246
-299
-344
-417
-488
-448
-237
19
116
-30
-326
-590
-722
-755
-777
-791
-737
-612
-547
-636
-866
-1072
-1122
-974
-742
-556
-440
-327
-177
-41
69
148
255
406
632
843
960
973
967
983
1045
1141
1187
1134
1029
997
1036
1072
1010
843
640
520
510
486
349
122
-50
-133
-184
-303
-485
-661
-741
-699
-641
-640
-652
-568
-435
-339
-336
-387
-435
-414
-370
-414
-589
-797
-912
-904
-809
-685
-587
-539
-519
-511
-529
-563
-593
-564
-486
-373
-276
-221
-212
-200
-139
-44
30
87
213
458
776
1043
1197
1278
1380
1523
1587
1442
1161
981
1028
1166
1183
1009
774
665
724
755
594
328
183
207
236
95
-174
-408
-466
-374
-332
-450
-605
-640
-612
-668
-836
-1009
-1087
-1019
-895
-841
-866
-861
-792
-759
-839
-946
-983
-951
-929
-995
-1149
-1260
-1187
-949
-706
-545
-402
-207
43
278
453
538
596
710
896
1064
1154
1193
1230
1275
1323
1340
1248
1079
981
1059
1224
1327
1293
1163
1042
1015
1009
878
612
386
314
302
206
11
-187
-260
-197
-156
-275
-488
-601
-567
-521
-596
-764
-900
-909
-853
-885
-1062
-1282
-1371
-1323
-1258
-1296
-1398
-1465
-1434
-1344
-1262
-1232
-1190
-1051
-828
-631
-544
-522
-485
-382
-216
-34
105
258
499
808
1068
1251
1418
1622
1864
2043
2034
1832
1632
1575
1609
1567
1408
1209
1087
1070
1035
850
561
378
370
424
387
261
124
62
51
-11
-174
-336
-365
-324
-368
-543
-749
-889
-934
-948
-1017
-1150
-1237
-1232
-1237
-1337
-1483
-1573
-1568
-1504
-1451
-1456
-1472
-1393
-1209
-1031
-917
-817
-684
-500
-312
-178
-127
-53
143
438
684
821
911
1052
1266
1452
1461
1276
1128
1211
1468
1660
1662
1545
1500
1603
1739
1690
1454
1225
1133
1080
903
578
265
130
173
215
90
-146
-313
-358
-399
-534
-725
-863
-876
-822
-825
-950
-1091
-1148
-1165
-1225
-1342
-1448
-1477
-1418
-1374
-1415
-1513
-1519
-1389
-1187
-1029
-914
-798
-645
-504
-440
-433
-367
-138
198
501
689
832
1002
1165
1209
1104
974
1016
1230
1400
1337
1106
931
958
1117
1207
1138
1010
977
1002
948
750
537
459
549
673
691
596
508
475
384
164
-125
-324
-377
-350
-408
-605
-839
-969
-1017
-1110
-1292
-1477
-1521
-1416
-1291
-1299
-1405
-1464
-1383
-1222
-1108
-1042
-924
-693
-436
-291
-301
-321
-211
20
243
355
426
523
641
658
544
432
514
761
976
998
873
811
890
1029
1048
950
874
944
1041
979
704
396
241
268
352
354
298
300
369
365
216
-8
-157
-175
-127
-157
-309
-497
-609
-677
-765
-871
-935
-919
-868
-859
-931
-1015
-1018
-931
-842
-774
-679
-533
-379
-289
-269
-248
-125
105
333
453
494
542
618
653
619
586
656
815
919
822
562
310
221
243
264
213
180
229
312
312
210
84
66
188
319
335
267
239
260
265
206
104
6
-57
-124
-274
-498
-683
-779
-865
-948
-990
-934
-791
-645
-598
-666
-736
-715
-629
-559
-496
-375
-183
-12
69
92
151
316
535
693
753
793
877
917
826
655
584
691
869
915
762
532
396
358
296
135
-16
-12
121
204
133
-30
-138
-134
-89
-131
-264
-372
-394
-410
-498
-595
-613
-520
-387
-325
-376
-468
-524
-559
-612
-674
-681
-606
-495
-437
-452
-488
-472
-432
-425
-439
-419
-308
-128
50
168
277
474
742
963
1063
1081
1062
1022
921
782
657
648
738
800
743
615
538
549
562
482
349
261
247
241
167
13
-137
-179
-147
-173
-280
-366
-369
-360
-409
-549
-744
-870
-829
-686
-589
-573
-617
-701
-825
-962
-1074
-1119
-1062
-933
-813
-761
-711
-605
-437
-253
-71
110
302
482
624
698
738
812
931
1048
1124
1114
1018
898
828
800
755
668
576
538
588
679
711
622
492
399
333
220
64
-87
-181
-199
-187
-198
-233
-219
-172
-180
-287
-405
-480
-505
-519
-534
-569
-633
-738
-881
-1033
-1091
-1030
-923
-884
-920
-975
-989
-950
-870
-737
-517
-219
60
239
312
377
488
640
777
875
960
1048
1088
1035
945
914
970
1034
1025
930
822
761
719
614
458
323
260
235
183
67
-78
-181
-223
-237
-261
-265
-243
-214
-218
-258
-310
-349
-386
-483
-646
-812
-868
-851
-832
-873
-942
-983
-952
-886
-862
-875
-849
-715
-539
-402
-333
-264
-150
17
167
289
417
610
843
1005
1030
951
872
863
934
1020
1063
1037
994
955
918
861
763
645
554
482
384
236
54
-109
-211
-254
-269
-278
-268
-249
-246
-282
-348
-437
-525
-596
-617
-613
-625
-687
-796
-907
-953
-928
-875
-843
-811
-759
-702
-662
-653
-628
-525
-338
-141
-7
65
155
300
465
582
648
731
846
924
897
821
831
966
1097
1081
930
794
769
789
732
568
412
359
374
315
141
-60
-168
-170
-164
-225
-323
-339
-292
-267
-369
-533
-655
-673
-673
-733
-822
-861
-831
-848
-953
-1092
-1124
-1006
-811
-672
-625
-603
-541
-440
-325
-209
-78
60
215
377
524
639
746
856
962
1031
1043
1053
1102
1189
1211
1119
954
840
826
859
846
761
661
573
465
299
108
-44
-99
-79
-67
-137
-248
-345
-428
-573
-751
-893
-907
-837
-773
-846
-1007
-1141
-1162
-1151
-1152
-1126
-1059
-975
-931
-922
-920
-839
-678
-463
-274
-75
122
298
396
460
536
643
776
930
1052
1078
1031
987
987
1036
1099
1092
995
883
831
797
732
649
600
582
574
537
439
313
235
207
163
60
-55
-158
-256
-373
-501
-644
-760
-816
-821
-830
-883
-995
-1148
-1310
-1392
-1374
-1300
-1217
-1123
-1020
-936
-902
-881
-804
-632
-375
-111
105
303
518
721
868
946
1008
1064
1094
1101
1123
1182
1239
1236
1137
1019
953
963
948
862
709
569
465
351
204
46
-34
-40
-14
-46
-140
-263
-364
-467
-593
-706
-752
-721
-710
-765
-883
-960
-972
-960
-996
-1062
-1095
-1053
-984
-960
-964
-939
-829
-666
-473
-286
-86
113
306
470
608
731
849
948
996
994
1015
1125
1269
1340
1273
1137
1022
976
965
936
885
847
812
721
569
395
250
116
-21
-169
-310
-397
-432
-469
-612
-828
-1021
-1085
-1062
-1024
-1062
-1148
-1226
-1259
-1297
-1353
-1369
-1306
-1168
-1038
-937
-888
-817
-698
-494
-288
-97
104
358
623
813
888
907
975
1104
1185
1156
1135
1238
1397
1414
1234
999
911
1015
1155
1172
1081
1004
991
930
739
473
302
278
305
228
40
-145
-255
-365
-613
-922
-1098
-1045
-954
-1035
-1319
-1579
-1662
-1601
-1598
-1704
-1771
-1667
-1477
-1384
-1413
-1431
-1264
-940
-600
-372
-179
93
423
657
737
789
941
1202
1390
1394
1307
1325
1441
1498
1368
1172
1093
1192
1309
1276
1099
952
915
895
768
563
425
411
451
406
241
61
-42
-122
-265
-428
-523
-534
-588
-755
-1008
-1199
-1254
-1256
-1347
-1525
-1662
-1705
-1707
-1748
-1802
-1767
-1581
-1303
-1081
-965
-831
-581
-268
-26
147
341
630
932
1107
1116
1112
1244
1454
1562
1504
1404
1398
1488
1543
1464
1292
1160
1118
1069
929
742
610
551
483
358
190
64
-12
-73
-179
-280
-337
-379
-482
-625
-747
-813
-860
-934
-1051
-1160
-1222
-1266
-1329
-1408
-1437
-1372
-1243
-1132
-1067
-1009
-887
-697
-492
-332
-184
19
262
443
503
514
596
779
958
1039
1024
1024
1095
1192
1209
1123
1020
980
975
914
786
647
551
488
405
283
168
100
71
26
-72
-187
-287
-345
-386
-446
-514
-586
-636
-683
-734
-813
-871
-881
-846
-813
-788
-761
-752
-740
-700
-586
-446
-307
-210
-129
-40
82
194
248
269
338
481
621
697
697
688
723
809
870
856
808
777
753
660
526
412
353
315
269
170
38
-77
-142
-199
-283
-356
-398
-422
-445
-495
-568
-655
-714
-749
-752
-764
-750
-729
-683
-630
-555
-498
-467
-430
-333
-186
-50
67
147
223
310
410
468
504
537
614
711
802
842
824
800
817
852
843
797
734
673
586
475
354
238
150
88
15
-104
-255
-387
-454
-472
-484
-519
-565
-581
-579
-596
-674
-750
-796
-788
-777
-775
-779
-757
-707
-633
-568
-534
-499
-435
-324
-191
-60
48
138
217
306
382
451
504
553
617
715
806
851
850
855
894
946
957
910
838
790
733
628
474
352
295
249
146
-27
-193
-275
-309
-379
-489
-560
-534
-475
-492
-608
-727
-763
-727
-731
-797
-847
-791
-688
-632
-656
-684
-637
-526
-434
-379
-304
-155
4
113
167
241
353
460
482
438
433
534
688
766
749
730
769
833
839
769
683
651
637
571
420
280
198
145
43
-104
-226
-287
-322
-398
-512
-593
-588
-539
-524
-558
-583
-560
-518
-518
-566
-589
-543
-434
-366
-355
-355
-292
-191
-117
-93
-57
50
203
329
372
398
456
521
509
443
423
501
608
654
617
581
602
656
627
520
417
399
389
328
193
48
-54
-117
-200
-354
-496
-584
-608
-664
-743
-815
-812
-764
-714
-701
-694
-634
-542
-478
-483
-476
-416
-300
-204
-131
-69
25
112
146
138
177
290
412
476
502
545
606
640
616
582
600
685
761
768
728
719
745
746
680
591
534
503
441
314
150
19
-61
-148
-298
-494
-654
-755
-841
-944
-1037
-1093
-1096
-1083
-1075
-1069
-1028
-940
-852
-781
-710
-602
-468
-322
-183
-58
55
145
214
269
343
428
499
535
561
604
668
720
728
714
716
755
797
809
798
800
812
811
776
721
652
592
517
415
293
203
137
45
-96
-263
-404
-518
-616
-729
-850
-947
-1001
-1042
-1090
-1120
-1106
-1065
-1016
-966
-904
-814
-683
-544
-415
-297
-176
-69
24
101
189
267
341
390
435
485
550
613
650
668
688
728
753
772
785
812
827
817
777
728
681
628
549
443
344
265
190
94
-14
-113
-202
-292
-401
-513
-619
-705
-776
-838
-889
-919
-927
-933
-925
-906
-847
-771
-676
-590
-508
-423
-317
-211
-120
-39
33
105
169
227
271
333
395
449
484
533
591
644
681
709
725
746
771
782
767
742
717
681
617
533
443
353
280
211
129
37
-58
-161
-283
-411
-511
-580
-629
-684
-741
-798
-846
-894
-900
-858
-778
-708
-654
-607
-536
-446
-360
-288
-221
-123
-25
47
73
99
132
181
216
241
264
307
366
406
410
400
409
438
465
467
459
474
507
523
502
469
455
461
464
451
417
384
338
257
146
31
-52
-103
-146
-212
-293
-386
-474
-553
-603
-607
-584
-564
-556
-535
-486
-423
-394
-379
-340
-265
-189
-136
-99
-65
-26
5
11
8
36
87
124
115
89
72
76
74
53
28
38
88
146
160
147
162
221
271
293
304
334
375
399
377
313
262
236
221
182
129
66
9
-50
-100
-144
-175
-196
-221
-241
-243
-212
-172
-152
-143
-118
-80
-47
-32
-25
-9
20
57
75
75
82
102
118
109
73
31
-4
-31
-69
-114
-154
-175
-197
-229
-260
-266
-244
-214
-175
-144
-105
-58
-8
31
66
99
130
156
176
200
204
186
137
95
74
77
68
37
3
-20
-27
-45
-75
-101
-90
-56
-37
-55
-83
-87
-67
-41
-23
2
48
114
151
138
112
120
163
190
182
159
162
167
150
77
-4
-48
-57
-78
-126
-167
-177
-156
-146
-149
-147
-103
-46
-12