20
26
25
25
30
31
31
33
31
27
28
26
22
20
16
10
9
10
6
5
6
2
-2
-1
-6
-10
-13
-15
-16
-16
-17
-22
-25
-30
-32
-31
-32
-36
-36
-36
-35
-28
-26
-27
-30
-24
-17
-17
-17
-17
-16
-15
-6
-3
-3
3
4
7
7
9
9
9
10
12
19
24
24
22
20
21
19
18
15
14
9
6
6
0
2
12
15
19
30
35
40
57
62
57
50
46
38
36
34
21
14
7
2
-11
-22
-33
-43
-41
-34
-38
-46
-50
-52
-51
-47
-42
-46
-59
-62
-57
-67
-71
-78
-81
-80
-76
-73
-76
-72
-70
-72
-64
-56
-56
-47
-30
-14
8
30
45
69
100
119
148
177
175
168
175
182
180
212
207
183
183
203
176
150
133
82
59
60
48
-9
-27
-35
-34
-29
-17
-28
-50
-33
-34
-27
-45
-49
-70
-71
-82
-96
-121
-149
-155
-151
-148
-166
-168
-167
-165
-155
-153
-170
-158
-125
-117
-113
-104
-97
-101
-82
-86
-117
-137
-137
-143
-158
-156
-162
-165
-140
-110
-111
-109
-90
-69
-41
2
42
71
117
186
239
274
300
333
356
411
447
438
410
413
425
426
431
372
315
292
297
242
192
137
62
39
43
23
-53
-70
-86
-83
-71
-59
-88
-122
-112
-107
-111
-127
-141
-163
-164
-170
-182
-211
-233
-230
-211
-204
-218
-230
-238
-241
-228
-219
-212
-213
-177
-171
-183
-202
-220
-256
-282
-279
-305
-315
-333
-343
-377
-356
-312
-273
-233
-196
-143
-119
-52
6
77
142
247
348
425
522
541
542
524
594
630
717
727
676
623
612
582
498
468
384
361
340
317
196
113
79
69
88
75
54
-10
-15
-52
-71
-103
-121
-139
-146
-158
-191
-226
-272
-281
-285
-269
-292
-304
-339
-330
-310
-287
-271
-243
-202
-152
-113
-210
-259
-291
-235
-256
-195
-295
-378
-400
-397
-458
-542
-502
-576
-498
-479
-443
-523
-432
-348
-260
-158
-93
2
60
219
261
356
402
585
647
680
667
730
738
799
845
760
700
700
719
569
552
509
461
403
418
320
176
186
167
142
95
127
39
14
17
2
-85
-135
-122
-149
-151
-182
-212
-302
-324
-321
-327
-356
-388
-386
-410
-389
-361
-322
-354
-275
-219
-219
-228
-203
-233
-289
-225
-339
-397
-432
-310
-395
-348
-412
-506
-532
-471
-462
-599
-535
-596
-518
-505
-386
-419
-330
-159
1
117
162
303
337
501
594
724
726
855
928
874
822
865
932
981
1101
1021
882
817
816
690
628
599
493
428
426
354
142
93
51
36
48
94
18
-87
-105
-156
-198
-249
-235
-269
-274
-300
-352
-453
-505
-479
-439
-399
-400
-416
-473
-491
-491
-507
-511
-431
-375
-322
-432
-631
-750
-663
-584
-507
-541
-734
-813
-746
-740
-883
-856
-791
-666
-473
-369
-445
-469
-255
-71
171
313
458
523
736
879
983
962
902
971
1146
1320
1325
1277
1042
997
1071
1179
1020
891
806
694
677
611
425
112
187
251
275
183
98
-94
-173
-41
-47
-149
-276
-269
-329
-313
-339
-441
-560
-522
-413
-401
-478
-607
-663
-698
-589
-587
-656
-773
-709
-628
-552
-583
-690
-799
-790
-665
-692
-775
-908
-883
-859
-746
-714
-728
-725
-572
-365
-235
-162
-74
76
271
525
649
750
815
1048
1103
1108
1045
1109
1159
1323
1436
1305
1175
1118
1164
1016
1012
910
797
701
738
634
379
305
235
228
205
267
86
-62
-128
-145
-244
-326
-348
-429
-430
-413
-415
-586
-664
-669
-649
-654
-678
-739
-887
-980
-1031
-1035
-1010
-896
-775
-821
-861
-868
-871
-927
-889
-824
-813
-716
-652
-683
-779
-631
-464
-242
4
149
274
392
612
651
705
819
1007
1234
1313
1237
1023
1071
1167
1361
1425
1355
1212
1177
1204
1018
911
771
743
733
837
689
411
268
219
225
199
236
76
-10
-55
-67
-217
-316
-369
-427
-445
-449
-524
-748
-863
-928
-913
-950
-948
-1158
-1332
-1460
-1385
-1381
-1304
-1268
-1264
-1214
-1146
-1103
-1193
-1108
-1078
-873
-844
-727
-798
-711
-615
-390
-178
-32
190
315
562
617
807
784
1001
1119
1392
1442
1449
1368
1352
1474
1576
1735
1668
1641
1514
1523
1395
1302
1174
1093
1050
1022
952
688
521
407
398
356
358
244
90
12
-58
-138
-282
-322
-395
-392
-426
-490
-659
-810
-868
-894
-875
-944
-1161
-1429
-1620
-1696
-1743
-1726
-1744
-1722
-1655
-1586
-1609
-1727
-1720
-1689
-1540
-1418
-1335
-1305
-1250
-1143
-989
-758
-598
-287
-55
157
301
449
533
725
1011
1227
1487
1657
1864
1850
1844
1759
1898
2034
2302
2373
2250
2121
2078
2060
1901
1872
1728
1674
1556
1471
1123
846
664
609
590
490
441
211
88
-62
-107
-295
-341
-367
-394
-458
-575
-729
-986
-1032
-1088
-1082
-1229
-1369
-1653
-1913
-2062
-2091
-2077
-2091
-2021
-2020
-1954
-1975
-1987
-2093
-2057
-1912
-1706
-1619
-1627
-1611
-1596
-1452
-1260
-1073
-870
-570
-319
-122
-11
112
306
628
928
1221
1382
1514
1702
1886
1940
2009
2084
2246
2445
2648
2667
2564
2571
2618
2599
2529
2415
2173
1974
1817
1638
1325
1105
953
838
721
614
419
206
65
-15
-101
-210
-265
-394
-512
-580
-648
-779
-925
-1029
-1139
-1326
-1559
-1850
-2088
-2198
-2108
-1993
-1986
-2037
-2082
-2133
-2205
-2199
-2248
-2314
-2244
-2160
-2144
-2155
-2041
-1984
-1692
-1409
-1159
-1002
-842
-710
-544
-295
-127
163
380
684
931
1189
1323
1527
1743
1982
2104
2186
2264
2314
2470
2645
2668
2680
2825
2916
2872
2761
2599
2323
2161
2038
1916
1629
1461
1232
1037
844
698
543
345
284
124
-16
-257
-358
-530
-660
-751
-800
-927
-1084
-1203
-1519
-1791
-1943
-1952
-2017
-1920
-1937
-2015
-2044
-2035
-2102
-2170
-2149
-2171
-2189
-2269
-2314
-2387
-2316
-2145
-1913
-1751
-1554
-1376
-1196
-1068
-935
-788
-629
-445
-139
100
239
431
608
805
1080
1395
1577
1778
1864
1909
1863
1938
2129
2398
2595
2752
2804
2826
2823
2767
2719
2576
2515
2393
2274
2040
1816
1529
1329
1194
1093
1016
850
657
408
205
-58
-234
-406
-536
-657
-757
-911
-1094
-1327
-1584
-1740
-1790
-1787
-1780
-1803
-1922
-1989
-2036
-2040
-2111
-2206
-2287
-2371
-2427
-2506
-2617
-2674
-2462
-2257
-2021
-1840
-1694
-1592
-1451
-1349
-1277
-1010
-879
-616
-448
-228
-30
264
368
615
942
1233
1490
1611
1786
1848
2112
2124
2303
2403
2698
2888
3023
3021
2968
3017
2949
2926
2735
2613
2442
2303
2112
1897
1651
1465
1314
1117
944
743
510
272
47
-160
-341
-518
-680
-802
-939
-1048
-1209
-1440
-1653
-1777
-1820
-1851
-1852
-1929
-2021
-2090
-2131
-2310
-2456
-2549
-2657
-2709
-2730
-2783
-2889
-2748
-2636
-2409
-2122
-1988
-1803
-1595
-1506
-1280
-1145
-1153
-833
-602
-324
-65
134
255
494
801
1110
1345
1528
1714
1917
2144
2348
2471
2584
2678
2835
3003
3078
3176
3168
3100
3114
2996
2928
2767
2593
2402
2223
2071
1858
1642
1386
1254
992
837
625
415
177
-3
-179
-380
-523
-726
-871
-1043
-1186
-1316
-1490
-1780
-1973
-2122
-2113
-2108
-2084
-2272
-2428
-2540
-2620
-2778
-2922
-3000
-3093
-2973
-3079
-2945
-2997
-2732
-2471
-2206
-2026
-1727
-1526
-1380
-1170
-1075
-836
-637
-273
-164
77
193
471
648
946
1244
1462
1786
1901
2030
2151
2320
2552
2774
2868
2898
2925
3033
3046
3079
3011
2919
2934
2939
2854
2695
2547
2255
2111
1941
1780
1571
1334
1128
917
731
513
305
50
-104
-235
-443
-674
-869
-1063
-1230
-1317
-1464
-1645
-1881
-2075
-2273
-2386
-2437
-2493
-2584
-2694
-2740
-2835
-2949
-3073
-3045
-3079
-2962
-2907
-2831
-2855
-2646
-2513
-2227
-1957
-1711
-1464
-1207
-1022
-852
-711
-642
-321
-44
265
443
704
865
1194
1405
1651
1802
2085
2217
2433
2532
2665
2799
2914
2992
2984
3032
3047
3087
3057
2963
2887
2904
2801
2746
2541
2393
2189
2029
1827
1597
1358
1135
935
715
515
268
61
-183
-354
-577
-774
-972
-1142
-1305
-1471
-1615
-1824
-1969
-2177
-2316
-2479
-2541
-2598
-2655
-2725
-2857
-2893
-2915
-2941
-2946
-2967
-2959
-2790
-2709
-2626
-2577
-2405
-2188
-1812
-1661
-1435
-1256
-970
-810
-580
-452
-250
99
228
480
636
919
1050
1386
1500
1769
1923
2124
2203
2303
2394
2444
2647
2704
2792
2725
2787
2727
2758
2776
2670
2639
2573
2569
2440
2293
2123
1952
1780
1614
1455
1221
1032
776
614
378
206
16
-201
-380
-606
-789
-964
-1127
-1282
-1423
-1570
-1695
-1813
-1965
-2134
-2272
-2333
-2381
-2385
-2407
-2512
-2570
-2607
-2628
-2610
-2580
-2521
-2449
-2417
-2296
-2201
-2068
-1941
-1716
-1551
-1244
-1021
-880
-784
-616
-421
-243
42
174
443
520
820
855
1088
1215
1496
1638
1782
1876
1928
2069
2090
2261
2205
2404
2373
2447
2378
2375
2424
2373
2398
2341
2370
2226
2177
1997
1823
1703
1551
1417
1205
1063
844
677
437
277
108
-78
-209
-398
-592
-765
-887
-1064
-1193
-1343
-1440
-1535
-1592
-1793
-1962
-2099
-2140
-2113
-2087
-2077
-2188
-2196
-2271
-2213
-2287
-2127
-2209
-2137
-2093
-1973
-1794
-1709
-1529
-1446
-1081
-1043
-661
-780
-504
-483
-200
-178
88
144
264
583
614
905
853
1142
1090
1530
1422
1575
1607
1682
1779
1849
1957
1940
2120
2043
2190
2090
2243
2100
2130
2082
2031
2019
1866
1738
1563
1426
1242
1172
1014
845
663
478
331
186
24
-134
-342
-427
-588
-740
-909
-1075
-1193
-1274
-1364
-1458
-1540
-1680
-1754
-1864
-1843
-1855
-1816
-1892
-1953
-1926
-1932
-1927
-1978
-1915
-1918
-1782
-1701
-1620
-1583
-1422
-1316
-1147
-1017
-858
-663
-585
-461
-484
-235
-244
60
114
299
411
652
681
864
1007
1121
1270
1383
1422
1515
1684
1760
1873
1875
2036
2084
2192
2123
2085
2077
2017
2002
1957
1859
1861
1729
1595
1409
1332
1179
1037
798
622
476
309
167
-13
-203
-345
-458
-627
-732
-879
-956
-1116
-1216
-1337
-1391
-1448
-1546
-1633
-1685
-1641
-1608
-1613
-1614
-1688
-1735
-1745
-1739
-1766
-1688
-1676
-1599
-1587
-1507
-1470
-1411
-1228
-1101
-1002
-805
-759
-808
-601
-416
-303
-80
3
18
217
467
610
703
821
913
1235
1313
1421
1357
1577
1698
1924
1897
1953
1996
2109
2069
1987
2015
1981
2083
1946
1861
1764
1723
1573
1410
1254
1112
937
838
627
442
249
111
-59
-220
-371
-537
-647
-758
-916
-955
-1116
-1197
-1285
-1364
-1435
-1513
-1552
-1674
-1588
-1717
-1576
-1722
-1582
-1770
-1756
-1822
-1717
-1732
-1720
-1649
-1742
-1612
-1553
-1404
-1424
-1138
-1212
-859
-841
-743
-551
-430
-257
-131
178
224
492
432
629
766
1095
1099
1346
1473
1564
1736
1779
1900
1918
2012
2005
2072
2174
2141
2131
1999
2084
2010
2071
1822
1762
1639
1584
1399
1221
1092
833
814
484
483
158
39
-216
-236
-451
-537
-745
-900
-903
-1157
-1137
-1350
-1260
-1453
-1426
-1572
-1587
-1749
-1751
-1863
-1793
-1773
-1701
-1827
-1850
-1898
-1848
-1771
-1798
-1771
-1721
-1663
-1561
-1473
-1512
-1212
-1213
-884
-710
-509
-427
-138
-90
19
278
354
685
653
971
957
1195
1346
1450
1651
1747
1972
1852
2185
1916
2278
2054
2285
2215
2270
2137
2216
2099
2051
1995
1847
1767
1606
1512
1223
1250
857
889
585
580
285
167
-94
-271
-440
-700
-739
-910
-985
-1168
-1188
-1405
-1411
-1588
-1643
-1727
-1768
-1826
-1877
-2014
-2079
-1957
-1943
-1824
-1960
-1954
-2045
-1918
-1866
-1833
-1863
-1769
-1798
-1467
-1510
-1408
-1194
-987
-635
-606
-421
-348
-161
74
209
292
365
723
755
1186
1113
1330
1372
1690
1815
2043
2054
1940
2218
2065
2343
2210
2489
2211
2546
2194
2404
2285
2218
2120
2118
1859
1632
1626
1408
1351
970
981
606
607
286
131
-111
-261
-497
-625
-707
-992
-1115
-1345
-1429
-1566
-1741
-1835
-1944
-1993
-1998
-2129
-2244
-2221
-2297
-2053
-2178
-2214
-2268
-2165
-2279
-2088
-2171
-2179
-1937
-1839
-1847
-1563
-1549
-1468
-1044
-976
-587
-450
-251
-296
110
53
502
666
713
966
1270
1358
1491
1705
1524
2022
2141
2408
2189
2378
2226
2542
2699
2620
2525
2499
2653
2482
2596
2256
2316
2177
2067
1997
1783
1561
1253
1222
922
786
436
344
18
-115
-362
-515
-639
-824
-1075
-1312
-1388
-1598
-1629
-1970
-1924
-2159
-2136
-2359
-2336
-2626
-2423
-2393
-2275
-2377
-2479
-2491
-2496
-2396
-2549
-2404
-2324
-2260
-2219
-1866
-2145
-1594
-1444
-1244
-909
-747
-486
-203
-81
49
175
358
785
826
947
1155
1355
1647
2059
2160
2226
2489
2585
2800
2538
2739
2732
3020
2861
2495
2769
2699
2948
2792
2362
2357
2413
2184
1959
1527
1426
1186
998
756
528
241
71
151
-186
-235
-589
-766
-1022
-1003
-1226
-1483
-1554
-1805
-1946
-1904
-2378
-2374
-2536
-2659
-2370
-2454
-2442
-2620
-2705
-2740
-2398
-2705
-2560
-2745
-2575
-2266
-2145
-2289
-2097
-1964
-1312
-1159
-686
-674
-624
-300
-433
154
200
692
271
777
1105
1664
1442
1843
1718
2642
2509
2447
2500
2573
2890
2692
2776
2437
3384
2808
3140
2671
2732
2479
2685
2461
2114
2103
1634
1703
1264
1200
750
894
597
339
152
-8
-272
-420
-590
-737
-686
-1113
-1100
-1450
-1607
-1884
-2116
-2312
-2645
-2506
-2584
-2493
-2594
-2946
-2706
-3028
-2575
-2784
-2929
-2841
-2761
-2975
-2138
-2706
-2212
-2121
-1549
-1479
-798
-1016
-1130
-481
-704
379
-115
451
-90
842
910
1341
1481
1577
2081
2026
2383
2052
2524
2417
2466
2227
2853
2438
3496
2670
2646
2901
2794
2846
2616
2391
2100
2502
1700
1642
1264
969
1020
1192
529
682
274
289
53
-169
-456
-559
-543
-874
-1151
-1333
-1441
-1770
-1831
-2114
-2069
-2081
-1982
-2519
-2301
-2817
-2686
-2599
-2692
-2560
-2800
-3162
-2776
-3153
-2656
-2164
-2516
-2039
-1692
-1648
-1333
-935
-1358
-61
-534
165
-207
378
397
928
846
1133
1614
1885
2400
2005
2223
1982
2572
2053
3003
2235
3189
2689
2483
2791
2580
2807
2356
2907
1892
2495
1480
1630
1157
1038
839
996
911
684
457
-66
282
28
218
-289
-292
-681
-577
-980
-1036
-1645
-1566
-1384
-1428
-1580
-1571
-2421
-2265
-2373
-2043
-2445
-2403
-2573
-3043
-2396
-2867
-2302
-2655
-2030
-2011
-1709
-1836
-1576
-1604
-946
-1193
79
-745
-68
227
-23
925
766
732
1054
2011
1729
1979
1513
1220
1886
1974
2172
2631
2052
2088
2183
2375
2567
2210
1978
2079
2019
1990
1304
814
874
1003
1095
858
771
211
338
299
156
288
35
47
-341
-396
-645
-892
-1130
-1333
-921
-827
-837
-1368
-1745
-1894
-1771
-1491
-1964
-2225
-2108
-2255
-2066
-2061
-2326
-1708
-1903
-1417
-1470
-1554
-1299
-1838
-705
-930
-185
-177
-401
170
140
522
977
881
1493
1479
1386
1323
1026
1607
1491
2129
1537
2021
1674
1487
1639
1581
1778
1624
1190
961
1047
919
660
383
420
408
719
225
191
-57
-77
265
173
103
-30
-400
-268
-584
-678
-858
-1012
-499
-624
-528
-1049
-1538
-1464
-1016
-865
-1165
-1400
-1672
-1488
-1392
-1142
-1578
-880
-1127
-445
-594
-871
-972
-483
-350
282
180
49
136
389
765
864
1406
1334
1361
645
653
1044
1283
1563
1324
805
916
1033
1028
725
754
683
519
701
20
-117
-336
19
153
265
26
-70
-284
-301
-92
42
-25
-186
-48
-427
-262
-634
-678
-911
-827
-492
-513
-705
-940
-1141
-891
-651
-509
-971
-989
-969
-915
-705
-524
-645
-67
80
167
-31
-335
298
592
899
738
643
720
1145
1419
1716
1636
1856
1217
780
1228
1198
1711
1346
755
563
630
785
772
351
17
-20
-207
-328
-872
-1266
-1460
-999
-784
-1069
-1220
-1628
-1219
-1178
-794
-801
-1022
-854
-774
-654
-822
-913
-1213
-1020
-684
-331
-486
-846
-1179
-849
-465
-232
-415
-875
-642
-459
27
-54
-379
35
599
1011
1193
493
860
1363
2165
2196
1738
1550
1770
2253
2655
2547
1929
1151
1402
1888
2068
2167
950
670
533
971
995
231
-301
-538
-383
-515
-732
-1613
-1854
-1627
-1236
-1311
-1792
-2339
-2341
-1927
-1472
-1302
-1799
-1958
-1766
-1475
-1254
-1820
-2227
-1808
-866
-403
-880
-1715
-2016
-945
23
2
-813
-1138
-710
15
448
130
-179
515
1441
1749
1298
634
1270
2266
2934
2640
2171
1874
2445
3550
3443
2812
1743
1516
2463
3234
2898
1735
502
727
1415
1717
844
-193
-720
-630
-163
-685
-1308
-2057
-1769
-1176
-1159
-1860
-2540
-2668
-2014
-1369
-1237
-1913
-2540
-2314
-1606
-1296
-2193
-2757
-2481
-1374
-770
-1389
-2444
-2534
-1332
-112
-543
-1471
-1834
-1025
-15
472
151
-332
485
1547
1928
1429
1430
1652
2741
3104
2800
2379
2456
3677
4172
3043
1703
1463
2698
3466
3122
1636
417
584
1601
1673
824
-170
-707
-639
-404
-383
-1296
-1922
-1703
-1193
-1269
-1836
-2153
-2191
-1686
-1237
-1051
-1865
-2395
-2111
-1513
-1133
-1627
-2373
-2760
-1959
-950
-898
-1922
-2441
-1958
-965
-756
-1263
-1762
-1393
-236
380
260
-128
426
1480
2038
1915
1688
1967
2796
3339
3279
3071
3508
3956
3217
1985
1789
2883
3711
2876
1603
128
542
1653
1749
607
-754
-786
-999
-540
-878
-1521
-1984
-1945
-1350
-1987
-2468
-2686
-2052
-1710
-1328
-1450
-2313
-2368
-1809
-854
-1121
-2002
-2694
-2349
-1198
-524
-943
-2214
-2304
-1162
-177
-710
-1418
-1444
-754
216
406
-32
-232
945
2221
2222
1745
1564
2542
3464
3944
3515
3095
3721
3776
2807
1801
2576
3661
3521
2192
927
403
1614
2403
1688
-168
-1051
-852
-715
-434
-1071
-1788
-2382
-1732
-1609
-2245
-2408
-2082
-1798
-1863
-1730
-2247
-2577
-2248
-1300
-1209
-2054
-2586
-3063
-2558
-1439
-669
-1566
-2757
-2766
-1938
-922
-782
-1151
-1679
-1227
-292
138
112
383
1277
1836
2067
2145
2523
3165
3843
4154
3953
4059
3534
2273
2034
3432
4504
3560
1552
433
827
2591
3094
1592
-532
-1211
-436
-26
156
-874
-1776
-2006
-1194
-1053
-1775
-1974
-1621
-1040
-1219
-1426
-2113
-2280
-1298
-450
-1040
-2917
-3235
-2207
-726
-691
-1786
-3401
-3432
-1522
-657
-1561
-2677
-2305
-1479
-687
-665
-1079
-577
711
1886
1403
547
1334
2926
3802
3588
3011
3325
3357
2875
1918
2385
3702
3962
2319
206
280
1660
2734
1832
-280
-1481
-1307
-138
193
-371
-1654
-2111
-1545
-951
-1054
-1445
-1190
-912
-846
-963
-1333
-1493
-801
131
-171
-1341
-2057
-1790
-1057
-84
-102
-1379
-2646
-2400
-1072
-365
-506
-1445
-2040
-1561
-510
282
-14
254
522
1012
1125
1641
2435
2686
3237
2888
3185
2976
2151
1278
1978
3772
3642
1357
-608
-565
1582
2787
1553
-1301
-2872
-1792
-492
44
-1266
-2678
-3399
-2320
-946
-1213
-1781
-2158
-1332
-1274
-1059
-1214
-1366
-816
79
143
-1644
-2116
-967
686
783
-472
-1917
-2252
-333
926
271
-1530
-1794
-772
331
621
14
-196
555
1889
1981
1373
1462
2805
3608
3534
2973
3145
3424
2735
1894
2127
3405
3415
1458
-247
-238
1643
2298
668
-1916
-3021
-1788
-606
-582
-2326
-3756
-3906
-2478
-1437
-2215
-3045
-3033
-2048
-1836
-1764
-1957
-1998
-1283
-524
-645
-1716
-1881
-974
63
180
-546
-1405
-1616
-528
622
420
-874
-1288
-523
584
1163
909
542
567
1873
2304
2333
2354
3223
3635
3664
3692
4125
3952
2755
2027
2960
4281
3555
1246
-505
428
2343
2793
377
-2274
-2779
-1345
-193
-804
-2640
-4254
-3697
-2214
-1400
-2444
-3412
-3268
-2306
-1776
-1874
-2168
-2452
-1720
-1004
-1269
-2577
-2619
-929
379
-171
-2017
-3027
-1995
536
1414
-747
-3007
-2328
263
1724
1201
-425
-715
994
3052
3145
1806
1900
3365
4514
4312
3777
4241
3951
3434
2841
3690
4340
3573
1690
284
1261
2744
2545
116
-2008
-1907
-847
-123
-1217
-2950
-4078
-3328
-1781
-1647
-2756
-3597
-2886
-2148
-1882
-1942
-2299
-2228
-1613
-959
-1712
-2597
-2019
-673
-132
-1080
-2101
-2515
-1445
-14
-17
-1749
-2752
-1703
-54
535
-63
-799
-653
804
2147
1978
1511
1953
3089
3730
4022
4101
4491
3736
2880
3059
4620
5208
3484
1238
722
2583
3994
2817
-109
-1950
-1132
336
445
-1274
-3256
-3702
-2564
-1223
-1712
-3076
-3570
-2644
-1907
-1918
-2088
-2322
-2037
-1457
-1159
-1864
-2458
-1725
-600
-239
-1132
-2058
-2213
-1110
209
-86
-1744
-2728
-1571
260
768
-154
-1297
-898
713
2229
1930
958
1247
2653
3777
3716
3407
3601
2992
2413
2850
4348
4561
2710
916
763
2689
3724
2377
-517
-1904
-773
478
352
-1422
-3136
-3465
-2098
-759
-1631
-3082
-3406
-2234
-1684
-1719
-1920
-2151
-1894
-1195
-872
-1626
-2033
-1211
-292
-243
-1082
-1655
-1650
-680
352
-99
-1612
-2225
-877
654
820
-117
-1091
-565
904
2306
1831
1045
1388
2419
3327
3360
3623
3535
2471
1609
2260
4276
4475
2312
61
135
2628
3781
2095
-1166
-2440
-1036
574
514
-1799
-3585
-3683
-1834
-597
-1558
-3153
-3646
-2255
-1589
-1469
-1900
-2079
-1810
-1167
-800
-1522
-1829
-1117
-233
-323
-1250
-1612
-1286
-215
303
-359
-1825
-1918
-296
1003
689
-421
-798
50
1614
2462
1673
874
1585
3047
3579
3337
3101
3440
2763
2057
2179
3771
4267
2463
297
-78
2126
3421
2181
-1094
-2630
-1493
288
492
-1558
-3609
-4072
-2248
-604
-1194
-3089
-3939
-2822
-1747
-1229
-1432
-1974
-2206
-1634
-713
-1070
-1464
-1203
-479
-427
-1037
-1276
-1304
-362
272
-186
-1667
-1903
-226
1157
908
-455
-1046
-41
1847
2782
1747
380
1050
3045
4146
3532
2598
2852
2888
2560
2301
3182
3684
2564
738
135
1685
3161
2214
-578
-2403
-1564
215
623
-885
-3297
-4006
-2620
-416
-678
-2652
-3829
-3082
-1668
-1077
-944
-1918
-2470
-1887
-708
-560
-1187
-1277
-1209
-953
-848
-606
-843
-1029
-720
-483
-712
-1075
-575
-31
164
-130
-291
-10
879
1940
1668
1003
1056
2592
3336
3255
2685
2952
3425
2674
1712
2076
3756
3779
1617
-324
315
2693
3266
919
-2126
-2816
-667
1074
467
-2514
-4351
-3419
-798
275
-1576
-3637
-3862
-1888
-488
-351
-1480
-2569
-2140
-701
199
-810
-1656
-1551
-678
-256
-517
-1163
-1569
-827
-100
-614
-1737
-1568
-170
473
-96
-994
-932
494
1998
1947
394
35
1905
3762
3726
2461
1911
3146
3834
3022
1732
2462
3782
3195
1103
66
1439
2913
2280
-353
-2448
-1801
165
826
-1143
-3542
-3977
-2166
-237
-699
-2739
-4004
-2822
-931
-269
-949
-2237
-2377
-1257
190
64
-932
-1512
-1322
-486
-7
110
-909
-1756
-1374
-473
-155
-648
-1167
-1269
-677
-39
109
-92
119
720
1013
914
1256
2103
2599
2600
2297
2815
3719
3121
1848
1742
3548
4057
2160
92
181
2389
3221
1506
-1715
-2573
-679
1105
432
-2463
-4044
-3409
-1014
-8
-1499
-3628
-3710
-1491
-161
-346
-1544
-2131
-1839
-405
853
150
-1063
-1587
-1037
180
814
-127
-1756
-1766
-730
316
-123
-1331
-1781
-1125
-109
50
-278
-750
-101
733
1048
656
817
1860
2476
2469
1879
2403
3393
3076
1859
1527
2971
3559
2351
321
59
1914
2921
1461
-1426
-2360
-833
784
350
-2059
-3791
-3377
-1206
23
-1261
-3246
-3545
-1626
-294
-185
-1149
-1954
-1679
-290
719
103
-798
-1178
-653
-32
258
-116
-1001
-1288
-852
32
46
-712
-1291
-1179
-379
198
323
-188
-357
215
936
1517
1429
1518
1548
2076
2621
2951
3349
2532
1495
1304
2935
3879
2307
17
-457
1549
3009
1782
-1068
-2770
-1333
589
707
-1795
-3984
-3720
-1701
96
-920
-3010
-3981
-2248
-305
53
-950
-2171
-1998
-584
733
324
-906
-1463
-859
12
193
-245
-1079
-1367
-855
-60
-169
-934
-1152
-860
-445
-184
144
55
-145
174
900
1508
1506
1434
1630
2071
2578
2945
3238
3098
2142
1364
1953
3548
3632
1419
-846
-2
2693
3120
636
-2243
-2605
-51
1379
-192
-2875
-3980
-2802
-575
287
-1705
-3633
-3268
-1013
319
-186
-1609
-2459
-1499
177
707
-527
-1591
-1589
-740
39
38
-838
-1917
-1678
-635
42
-661
-1587
-1663
-979
-45
80
-452
-963
-246
1036
1423
927
556
1127
2105
2783
2635
2091
2259
3230
3027
1833
1433
2763
3392
1777
176
321
2043
2822
1392
-1108
-2010
-118
1460
701
-1871
-3196
-2237
-214
770
-864
-2789
-2871
-677
637
123
-1238
-2020
-1426
-183
521
-584
-1727
-1837
-1230
-630
-589
-1013
-1985
-2354
-1711
-788
-699
-1571
-2198
-2020
-1018
-238
-217
-824
-1132
-317
812
1477
892
560
964
2157
2545
2278
2025
2429
2656
2134
1510
2077
2887
2454
751
18
1286
2802
2376
3
-1411
-539
1466
1758
-66
-2191
-2297
-214
1565
906
-1456
-2456
-1072
937
1349
-4
-1600
-1839
-375
867
274
-1347
-2102
-1603
-812
-621
-1111
-1899
-2349
-2111
-1551
-1291
-1459
-1988
-2360
-2137
-1098
-285
-541
-1399
-1370
-259
1025
1275
494
-159
457
1936
2644
1997
1199
1671
2261
1875
1274
1736
2389
1826
516
155
1373
2619
2025
20
-1087
97
1821
1840
152
-1503
-1249
532
1916
1064
-1025
-1698
-234
1478
1286
-74
-1354
-1277
-74
797
95
-1497
-2040
-1535
-852
-722
-1155
-1957
-2501
-2199
-1568
-1182
-1468
-2088
-2508
-2070
-996
-391
-673
-1405
-1280
-272
851
936
125
-383
375
1737
2026
1283
691
1279
2294
2009
950
683
1836
2295
1234
106
478
2133
2500
1226
-448
-262
1499
2388
1422
-619
-1041
226
1938
1771
-123
-1380
-703
1161
1402
159
-1306
-1425
-362
430
-35
-1571
-2129
-1562
-838
-895
-1568
-2114
-2310
-1847
-1401
-1361
-1837
-2136
-1847
-1391
-959
-808
-860
-1046
-876
-282
136
412
255
30
52
857
1639
1348
769
636
1745
2173
1351
393
864
2272
2319
1107
105
987
2707
2785
1164
-294
432
2016
2436
1187
-611
-677
584
1943
1209
-612
-1525
-688
635
533
-434
-1671
-1737
-884
-6
-577
-1917
-2243
-1733
-1266
-1384
-1576
-1917
-2135
-1896
-1590
-1363
-1363
-1412
-1641
-1621
-977
-402
-404
-998
-1135
-639
270
779
287
-513
-381
1053
1975
1512
371
297
1644
2901
2197
483
467
2335
3557
2503
782
743
2527
3826
2812
738
74
1489
2773
2190
278
-895
-218
1164
1438
-193
-1764
-1596
-231
254
-693
-1805
-2219
-1640
-893
-897
-1820
-2407
-2092
-1655
-1552
-1629
-1753
-1959
-2004
-1727
-1385
-1292
-1350
-1513
-1565
-1317
-810
-587
-868
-1178
-928
-341
177
203
-207
-365
348
1336
1563
927
574
1272
2640
3001
1787
814
1825
3800
3963
2088
828
1804
3779
4038
2192
277
416
2190
2827
1355
-848
-1210
81
1195
529
-1385
-2293
-1553
-190
-310
-1531
-2455
-2131
-1175
-919
-1567
-2312
-2065
-1470
-1372
-1710
-1918
-1600
-1361
-1499
-1850
-1810
-1282
-1075
-1447
-1961
-1688
-938
-572
-944
-1434
-1216
-387
305
249
-303
-376
443
1500
1738
1287
1030
1688
2831
3499
2627
1538
1936
3640
4255
2753
1221
1411
3063
3829
2567
515
-115
1217
2189
1461
-483
-1590
-950
310
587
-914
-2276
-2125
-809
-310
-1002
-1827
-2139
-1516
-769
-824
-1702
-2029
-1415
-1028
-1264
-1591
-1537
-1511
-1516
-1614
-1767
-1684
-1413
-1405
-1786
-1798
-1332
-941
-1068
-1229
-1082
-663
-78
236
140
-40
437
1329
1884
1741
1571
1750
2465
3183
3413
2420
1593
2098
3469
3676
2227
854
999
2409
3131
1952
31
-593
633
1620
1015
-587
-1523
-1059
-115
387
-615
-1700
-1789
-768
-260
-677
-1209
-1555
-1316
-927
-676
-1113
-1528
-1466
-1343
-1353
-1571
-1582
-1677
-1747
-1807
-1841
-1744
-1561
-1401
-1588
-1714
-1416
-949
-636
-728
-684
-488
101
624
849
740
547
1054
1701
2233
1847
1431
1614
2430
3091
2494
1272
926
2100
3135
2368
770
13
1128
2516
2416
746
-619
-40
1266
1680
473
-814
-1133
-278
659
359
-844
-1636
-1089
-236
-213
-796
-1427
-1568
-1331
-819
-1037
-1546
-1780
-1601
-1444
-1583
-1588
-1611
-1523
-1566
-1571
-1533
-1275
-813
-753
-1109
-1248
-649
48
37
-373
-532
-85
572
960
735
186
181
880
1453
1382
802
561
1030
1838
2323
1737
732
671
1853
2883
2183
760
278
1393
2717
2638
1198
-37
533
1697
1907
729
-472
-664
-198
369
7
-921
-1623
-1342
-827
-929
-1223
-1578
-1691
-1751
-1408
-1240
-1326
-1387
-1357
-1356
-1367
-1017
-720
-772
-1079
-1142
-811
-426
-122
-324
-793
-913
-293
242
-59
-703
-1006
-650
-125
183
-146
-566
-688
-38
585
747
303
25
376
1262
2050
2014
1294
781
1411
2747
3289
2332
1020
1012
2322
3335
2797
967
99
746
1865
1556
270
-908
-1139
-462
-81
-499
-1728
-1952
-1462
-982
-1187
-1405
-1378
-1386
-1158
-1005
-881
-870
-661
-524
-702
-794
-587
-252
-226
-523
-820
-960
-701
-379
-498
-1235
-1665
-1254
-663
-725
-1366
-1805
-1605
-788
-211
-354
-915
-981
-58
904
1256
775
553
921
2014
2784
2790
1978
1406
1934
3127
3592
2635
1198
943
1941
2955
2477
714
-342
-60
1044
957
139
-1126
-1535
-1051
-284
-204
-1114
-1568
-1502
-879
-561
-379
-644
-1039
-968
-639
-286
-312
-364
-712
-1029
-1016
-667
-455
-782
-1360
-1781
-1708
-1193
-835
-1228
-2143
-2329
-1594
-794
-815
-1413
-1797
-1390
-313
362
166
-288
-204
458
1279
1690
1564
1274
1263
1859
2507
2839
2607
1863
1218
1588
2829
3147
1875
477
540
1758
2637
1949
317
-583
107
1160
1182
142
-966
-1133
-412
346
103
-784
-1287
-1033
-504
-294
-476
-1000
-1378
-1257
-958
-924
-1130
-1260
-1432
-1617
-1618
-1407
-1201
-1322
-1653
-2025
-1874
-1213
-666
-989
-1721
-1765
-1029
-154
-7
-513
-1100
-758
363
1050
616
-45
-44
606
1173
1394
1165
903
934
1410
1899
2227
2175
1608
1028
1325
2436
2929
2120
844
653
1731
2949
2465
976
-99
399
1328
1521
574
-786
-1116
-590
171
-265
-1009
-1607
-1507
-1224
-1074
-1208
-1665
-1800
-1812
-1553
-1497
-1341
-1307
-1377
-1395
-1409
-1153
-835
-674
-1028
-1414
-1178
-532
-84
-411
-938
-981
-494
101
28
-525
-1020
-620
-22
241
11
-188
-174
98
545
738
860
804
1057
1141
1592
2031
2604
2400
1626
1504
2318
3281
2997
1780
915
1300
2653
2770
1507
33
-187
573
755
429
-976
-1627
-1753
-977
-814
-1394
-1867
-2188
-1697
-1576
-1096
-1376
-1539
-1570
-1260
-833
-790
-482
-675
-597
-742
-549
-286
-202
-353
-813
-916
-724
-255
-198
-752
-1131
-1112
-595
-362
-591
-1036
-1211
-704
-257
28
-105
-121
39
405
843
1167
1306
1252
1398
1779
2305
2618
2719
2116
1556
1815
2641
2870
1889
887
519
1337
2032
1523
88
-796
-355
141
81
-696
-1432
-1665
-1378
-861
-1028
-1398
-1511
-1221
-1128
-1160
-850
-735
-721
-849
-789
-778
-450
-113
-278
-672
-971
-702
-406
-278
-661
-1133
-1226
-848
-384
-448
-940
-1196
-976
-519
-301
-450
-810
-859
-449
13
284
221
317
301
655
803
1125
1394
1492
1378
1247
1810
2263
2727
2216
1171
809
1860
2913
2350
817
-95
452
1901
2081
754
-818
-842
107
574
169
-1152
-1662
-1490
-593
-606
-1203
-1660
-1514
-1044
-1041
-963
-1211
-1130
-945
-667
-885
-1042
-715
-355
-300
-709
-868
-798
-327
-122
-395
-914
-1007
-457
-94
-204
-663
-891
-724
-355
-141
-452
-763
-741
-361
-63
44
106
226
320
436
608
1032
1407
1549
1295
1283
1949
2652
2879
2016
1112
1298
2583
3219
2165
492
34
942
2140
1668
64
-1160
-904
-36
98
-498
-1792
-2161
-1831
-1029
-1072
-1592
-1854
-1803
-1298
-1076
-848
-1090
-987
-710
-492
-525
-585
-232
-112
0
-307
-383
-398
-108
-37
-376
-783
-824
-488
-468
-640
-895
-971
-861
-577
-571
-756
-836
-537
-243
-11
99
368
676
821
999
1137
1621
1952
2101
1802
1951
2421
2942
3003
2091
1220
1335
2488
2614
1504
157
-282
427
1204
846
-616
-1535
-1249
-650
-469
-1180
-1904
-2158
-1540
-1038
-1291
-1714
-1700
-1049
-762
-733
-1023
-1080
-726
-188
-77
-689
-954
-674
-25
143
-328
-816
-889
-399
-175
-325
-909
-1051
-675
-352
-431
-639
-615
-430
-180
-163
-249
-171
130
378
438
342
531
1043
1263
1118
880
1112
1503
1901
1745
1351
1451
1919
2521
2127
1047
369
1214
2216
1880
611
-422
-295
816
1341
378
-1010
-1196
-689
-384
-537
-1314
-1861
-1862
-1180
-1260
-1722
-1949
-1506
-1062
-1145
-1336
-1625
-1248
-725
-169
-571
-1034
-903
-145
423
212
-29
-309
-67
287
531
174
-94
51
192
219
134
9
-174
-65
55
-93
-334
-378
-188
-70
-39
27
236
375
293
367
519
955
1330
1443
1043
1086
1868
2597
2896
1976
828
664
2067
2840
1960
304
-634
-103
1034
1052
-278
-1426
-1535
-1350
-1146
-1415
-2097
-2459
-2222
-1847
-2140
-2103
-1883
-1372
-1124
-992
-1012
-1005
-538
6
524
418
332
395
775
1068
1140
1097
794
551
458
549
400
224
82
-62
-295
-510
-649
-670
-652
-706
-882
-1110
-1219
-896
-514
-392
-395
-206
65
215
603
850
1085
1295
1413
1485
1700
2186
2351
2643
2344
1462
777
1290
1971
1778
697
-603
-937
-250
239
-366
-1309
-1828
-1888
-1702
-1521
-1853
-2150
-2051
-1553
-1419
-1494
-1437
-961
-323
-34
60
-118
20
430
1135
1300
1137
930
898
969
941
1047
881
638
191
-112
-403
-365
-272
-403
-795
-1154
-1273
-1208
-1024
-1039
-1178
-1268
-1213
-1109
-861
-621
-341
2
275
274
194
465
960
1449
1509
1185
996
1310
1877
2086
2104
1604
798
342
712
1258
1194
353
-582
-758
-296
-52
-392
-822
-1074
-1092
-989
-984
-1225
-1257
-1067
-697
-563
-581
-646
-465
7
411
674
612
577
585
930
1177
1260
1048
848
803
796
731
356
110
-48
-8
-91
-378
-782
-976
-900
-834
-899
-1078
-1213
-1227
-1137
-1006
-982
-894
-805
-698
-683
-587
-382
-190
-99
-190
-167
-135
101
186
230
241
307
304
397
500
639
724
536
316
322
617
854
808
580
448
462
556
672
671
537
391
381
425
462
458
372
370
450
587
548
539
650
715
706
696
818
813
705
626
559
482
391
337
178
-34
-136
-241
-387
-635
-874
-1047
-1147
-1151
-1207
-1285
-1488
-1617
-1633
-1589
-1578
-1608
-1585
-1608
-1562
-1517
-1374
-1256
-1119
-1057
-1046
-971
-810
-518
-396
-374
-404
-255
-69
131
266
254
227
356
629
774
762
736
809
952
1121
1190
1205
1225
1404
1575
1635
1618
1609
1637
1655
1706
1686
1650
1592
1535
1448
1383
1427
1394
1287
1052
882
767
700
620
387
97
-109
-116
-156
-317
-602
-891
-1060
-1075
-1076
-1276
-1537
-1686
-1690
-1645
-1620
-1688
-1772
-1726
-1586
-1523
-1600
-1637
-1551
-1425
-1349
-1315
-1362
-1383
-1213
-983
-967
-1023
-1001
-888
-817
-679
-562
-543
-482
-330
-174
-135
10
232
444
538
693
860
1015
1209
1383
1553
1651
1765
1828
1895
2024
2172
2243
2205
2169
2115
2116
2132
2083
1861
1638
1557
1460
1276
1011
787
614
495
400
209
-42
-215
-340
-511
-730
-847
-928
-1048
-1199
-1300
-1334
-1336
-1338
-1401
-1476
-1471
-1404
-1368
-1412
-1419
-1345
-1264
-1252
-1252
-1200
-1168
-1157
-1123
-1098
-1117
-1137
-1125
-1131
-1110
-1073
-1016
-990
-924
-811
-698
-561
-441
-298
-161
25
176
304
444
688
904
1016
1074
1234
1479
1669
1710
1648
1671
1852
2033
1998
1779
1611
1676
1815
1838
1622
1335
1174
1177
1201
1023
734
493
394
329
204
3
-199
-313
-377
-489
-640
-728
-737
-747
-799
-830
-833
-839
-837
-827
-842
-807
-724
-690
-747
-785
-783
-771
-740
-749
-856
-956
-910
-842
-885
-975
-994
-973
-932
-851
-789
-783
-737
-608
-467
-397
-283
-132
-15
92
224
371
509
693
804
815
827
931
1070
1097
1073
992
900
891
959
909
715
571
552
541
458
346
240
156
146
145
38
-74
-93
-31
-44
-70
-93
-99
-59
12
67
58
58
67
120
162
173
164
137
78
28
24
8
-59
-124
-179
-242
-327
-383
-397
-410
-436
-472
-522
-563
-493
-372
-269
-287
-322
-292
-174
-14
77
87
104
166
273
374
410
380
323
327
304
245
158
136
92
20
-89
-241
-365
-414
-411
-522
-654
-744
-715
-687
-669
-685
-719
-681
-587
-503
-528
-509
-414
-229
-103
-54
38
124
321
485
574
556
574
648
705
775
746
728
699
714
664
595
588
561
482
354
258
182
179
160
96
34
26
103
149
140
99
80
130
194
256
261
232
271
392
450
396
297
245
265
312
315
183
34
-55
-41
-54
-138
-308
-505
-600
-608
-639
-766
-863
-892
-890
-938
-999
-1036
-1023
-972
-938
-923
-910
-832
-700
-567
-470
-338
-198
-74
23
116
235
316
368
348
344
387
498
597
600
531
475
467
507
532
455
342
252
277
291
316
352
367
290
216
255
286
295
268
220
184
265
360
369
322
278
320
378
379
325
271
269
254
209
209
256
238
185
119
22
-297
-1082
-1687
-1249
-19
792
341
-601
-614
487
1268
758
-399
-895
-452
-144
-611
-1299
-1379
-877
-436
-325
-438
-328
-218
-210
-531
-1201
-1518
-1095
9
914
581
-912
-1399
296
2261
1950
112
-864
27
886
103
-1082
-558
1147
1539
347
-277
690
1471
936
-78
-222
419
500
-248
-601
-99
271
166
-91
-42
256
295
-27
-442
-441
-193
1
137
191
39
-100
53
315
306
155
194
349
407
206
-24
98
483
476
21
-228
-161
-172
-402
-602
-470
-270
-338
-624
-687
-375
-84
-19
-202
-507
-580
-427
-250
-206
-412
-619
-363
81
206
-78
-154
259
765
832
690
715
901
1077
1056
1116
1304
1538
1730
1819
1632
768
-573
-1048
-167
780
532
-777
-1715
-1341
-555
-717
-1651
-1888
-1083
-463
-708
-1296
-1480
-1259
-1034
-896
-533
186
565
234
-298
-238
320
669
520
238
303
594
812
582
186
58
292
569
580
198
-546
-1316
-1550
-1059
-447
-388
-826
-1193
-1007
-407
-32
-304
-761
-652
10
577
499
-11
-300
96
863
1441
1579
1391
1226
1358
1637
1923
1980
1891
1979
2335
2623
2605
2563
2518
1727
-65
-1495
-1186
138
363
-1210
-2938
-3048
-1928
-1480
-2345
-3062
-2489
-1332
-967
-1352
-1569
-1361
-1037
-768
-145
949
1830
1679
810
381
770
1301
1187
624
314
446
548
193
-434
-957
-1152
-1113
-1088
-1292
-1836
-2642
-3278
-3279
-2557
-1621
-1206
-1335
-1340
-717
153
493
197
95
682
1638
2157
1933
1407
1229
1485
1893
2283
2590
2665
2321
1919
1878
2160
2218
1930
1674
1878
2439
2883
2538
957
-1171
-2261
-1575
-208
67
-1087
-2409
-2489
-1601
-1222
-1897
-2402
-1775
-620
52
139
31
-134
-386
-492
-55
975
1962
1957
1084
247
159
386
195
-458
-895
-754
-445
-484
-1071
-1843
-2382
-2538
-2502
-2371
-2274
-2447
-2931
-3201
-2808
-1964
-1269
-1077
-1037
-560
340
990
885
502
552
1147
1707
1816
1552
1328
1420
1668
1942
2083
2099
1941
1838
1935
2217
2450
2338
2113
2099
2568
2944
2462
706
-1163
-1720
-751
174
-192
-1391
-1946
-1342
-624
-737
-1347
-1287
-665
-58
266
773
1188
1078
355
-4
604
1760
2228
1617
805
559
662
275
-648
-1443
-1540
-1319
-1284
-1573
-1927
-2276
-2668
-3106
-3362
-3343
-3277
-3472
-3691
-3405
-2573
-1814
-1528
-1452
-1083
-297
406
652
599
687
999
1300
1389
1315
1185
1050
1061
1300
1815
2137
1866
1323
1181
1681
2156
2122
1741
1744
2364
3236
3374
2347
560
-734
-781
-22
313
-208
-860
-717
33
365
-42
-490
-341
80
480
994
1673
1917
1469
714
487
998
1682
1672
1084
657
648
531
-160
-1159
-1941
-2311
-2374
-2254
-2168
-2315
-2700
-3125
-3322
-3245
-3186
-3442
-3804
-3763
-3166
-2359
-1767
-1391
-1076
-643
-81
378
551
530
606
805
1053
1208
1130
788
451
401
685
1055
1291
1289
1297
1503
1837
2023
1990
1898
2039
2556
3230
3470
2698
1110
-152
-208
348
315
-523
-1056
-598
294
519
21
-357
-194
85
303
787
1461
1729
1299
794
916
1542
1784
1270
603
456
578
323
-382
-1113
-1627
-2017
-2301
-2357
-2218
-2284
-2736
-3144
-3072
-2713
-2590
-2949
-3338
-3224
-2626
-2038
-1587
-1143
-519
207
760
964
801
539
350
368
583
809
793
569
478
643
874
884
713
626
976
1551
2028
2131
2143
2229
2541
2894
3149
2796
1694
247
-471
-339
-154
-678
-1354
-1393
-797
-321
-454
-700
-644
-440
-286
51
808
1348
1204
718
757
1354
1754
1495
907
633
584
438
-8
-616
-1246
-1723
-1976
-1907
-1677
-1706
-2136
-2515
-2406
-2088
-2096
-2348
-2486
-2320
-2035
-1651
-1170
-637
-258
60
530
1148
1432
1193
699
461
509
570
390
134
94
317
639
918
1017
875
744
1009
1566
1983
2035
2024
2250
2746
3291
3313
2459
900
-312
-670
-582
-1000
-1771
-2263
-1891
-1201
-789
-875
-935
-902
-914
-720
-104
542
581
337
415
1017
1581
1642
1294
1029
912
691
268
-155
-645
-1234
-1705
-1707
-1436
-1321
-1650
-2062
-2101
-1880
-1865
-2105
-2356
-2460
-2322
-1899
-1299
-769
-430
-147
363
1015
1362
1098
695
592
694
648
473
260
176
245
544
973
1338
1404
1325
1524
1981
2291
2273
2229
2439
2850
3299
3478
3067
1911
514
-403
-764
-1194
-1988
-2614
-2516
-1914
-1379
-1153
-1021
-906
-949
-945
-526
111
291
23
-17
600
1345
1623
1461
1288
1219
978
523
-30
-616
-1294
-1866
-2001
-1749
-1480
-1601
-1926
-2063
-1940
-1962
-2208
-2484
-2675
-2725
-2462
-1856
-1222
-736
-366
145
768
1179
1080
730
462
381
304
291
284
277
293
535
1001
1439
1573
1494
1661
2122
2539
2621
2668
2888
3261
3595
3808
3515
2586
1259
237
-445
-1101
-1994
-2601
-2567
-2053
-1561
-1199
-850
-579
-606
-712
-465
40
287
145
184
684
1321
1621
1669
1602
1466
1147
741
263
-408
-1245
-1925
-2190
-2120
-1971
-1936
-2009
-2058
-2064
-2095
-2214
-2392
-2675
-2939
-2880
-2361
-1755
-1255
-800
-193
445
888
930
711
421
139
-128
-257
-233
-178
-35
257
721
1158
1422
1507
1721
2222
2668
2816
2795
2955
3230
3557
3780
3543
2655
1554
792
224
-634
-1750
-2610
-2772
-2354
-1896
-1484
-944
-332
-120
-51
206
599
601
435
438
837
1356
1748
1971
2112
2112
1805
1381
854
24
-1033
-1836
-2229
-2395
-2419
-2314
-2176
-1995
-1900
-1907
-2056
-2264
-2624
-2957
-2988
-2643
-2197
-1719
-1136
-416
309
838
1021
846
493
62
-327
-646
-846
-949
-779
-324
266
774
1175
1406
1599
1904
2280
2498
2552
2638
2881
3290
3622
3392
2464
1434
780
215
-666
-1765
-2609
-2870
-2592
-2166
-1677
-1049
-369
56
396
840
1189
1157
962
943
1173
1505
1790
2048
2283
2369
2261
2025
1547
631
-512
-1426
-2026
-2420
-2647
-2596
-2346
-1957
-1626
-1448
-1436
-1586
-1953
-2314
-2450
-2370
-2197
-1900
-1378
-666
104
754
1075
1009
734
324
-189
-784
-1305
-1660
-1628
-1224
-553
134
746
1193
1564
1951
2261
2346
2273
2295
2448
2803
3038
2777
1904
1119
676
249
-640
-1697
-2510
-2736
-2556
-2245
-1866
-1237
-457
153
735
1340
1691
1557
1346
1289
1377
1439
1478
1564
1758
1905
1927
1867
1565
768
-223
-984
-1534
-2081
-2493
-2562
-2309
-1867
-1425
-1095
-941
-980
-1216
-1469
-1592
-1688
-1785
-1712
-1347
-773
-128
423
747
857
863
643
132
-590
-1314
-1859
-2005
-1762
-1248
-587
142
844
1513
2125
2506
2575
2497
2475
2558
2715
2570
1908
1048
600
350
-136
-1007
-1769
-2195
-2193
-2118
-2010
-1774
-1255
-688
-85
594
1139
1318
1270
1323
1426
1487
1366
1247
1239
1350
1377
1405
1368
1015
338
-263
-706
-1186
-1791
-2232
-2309
-2058
-1644
-1237
-974
-866
-883
-988
-1096
-1164
-1256
-1270
-1057
-618
-89
395
725
873
963
968
713
178
-476
-1119
-1529
-1617
-1446
-1103
-550
133
899
1721
2403
2720
2796
2831
2896
2914
2605
1756
762
272
65
-378
-1111
-1688
-1940
-1827
-1660
-1576
-1463
-1180
-865
-442
176
632
688
646
810
1034
1172
1135
1040
989
986
940
913
777
348
-264
-673
-941
-1272
-1670
-1980
-2075
-1896
-1539
-1176
-887
-714
-717
-827
-897
-947
-1028
-1038
-828
-432
65
567
929
1072
1126
1070
826
356
-234
-804
-1180
-1301
-1220
-952
-504
78
833
1696
2452
2868
3092
3270
3460
3388
2782
1681
750
270
-84
-727
-1428
-1818
-1800
-1521
-1313
-1160
-971
-700
-549
-250
114
285
118
62
229
516
668
694
707
788
793
694
618
400
-113
-724
-1091
-1345
-1592
-1864
-2012
-1974
-1686
-1299
-942
-759
-680
-684
-757
-900
-1048
-1128
-1091
-895
-532
-35
497
919
1186
1312
1249
938
397
-237
-807
-1151
-1261
-1177
-921
-425
330
1245
2168
2843
3222
3490
3770
3746
3052
1871
859
307
-126
-774
-1386
-1603
-1398
-1072
-786
-519
-220
-44
29
186
349
256
-31
-170
-76
130
241
328
501
695
712
680
640
336
-285
-861
-1224
-1553
-1849
-2005
-1953
-1722
-1309
-864
-509
-280
-245
-354
-558
-819
-1114
-1306
-1339
-1251
-991
-514
60
497
791
1031
1103
905
459
-95
-671
-1064
-1245
-1223
-1077
-708
-62
843
1815
2532
2988
3392
3802
3651
2763
1534
680
64
-583
-1349
-1727
-1627
-1136
-630
-150
305
702
940
1056
1097
848
355
-100
-230
-269
-276
-268
-77
225
520
611
625
504
98
-464
-871
-1206
-1662
-2032
-2120
-1964
-1590
-1049
-543
-178
49
107
22
-163
-485
-937
-1253
-1295
-1153
-833
-397
16
420
903
1205
1143
797
389
-77
-508
-874
-1116
-1208
-1019
-565
126
937
1608
2095
2591
3140
3167
2408
1255
393
-260
-902
-1671
-2155
-2118
-1501
-755
-49
622
1190
1534
1823
2017
1832
1264
622
155
-155
-310
-452
-440
-202
104
329
567
628
293
-236
-624
-1047
-1542
-1963
-2182
-2191
-1921
-1483
-998
-507
-113
93
215
265
51
-275
-505
-647
-723
-597
-275
60
472
940
1274
1345
1239
925
445
8
-311
-597
-796
-759
-475
59
682
1204
1632
2200
2480
2029
1050
272
-362
-1092
-2014
-2744
-2974
-2573
-1871
-1101
-217
736
1574
2318
2935
3052
2614
1959
1388
844
347
-152
-504
-522
-265
-32
214
399
250
-172
-533
-934
-1556
-2125
-2525
-2795
-2783
-2403
-1888
-1392
-912
-462
12
454
601
466
339
297
260
302
420
501
646
915
1135
1189
1153
1035
873
766
575
221
-75
-104
41
305
624
930
1350
1816
1810
1162
457
-117
-863
-1839
-2683
-3209
-3260
-2886
-2279
-1478
-425
693
1690
2573
3101
3088
2757
2380
1861
1201
574
115
-145
-176
-106
-2
91
40
-200
-410
-653
-1166
-1824
-2338
-2663
-2849
-2828
-2626
-2326
-1926
-1472
-924
-328
134
353
487
629
682
650
628
612
640
791
981
1125
1212
1257
1270
1285
1173
961
868
989
1127
1214
1262
1364
1525
1529
1000
222
-331
-765
-1389
-2134
-2715
-3028
-2936
-2648
-2224
-1568
-653
230
1119
1968
2492
2595
2581
2446
2090
1593
1056
591
323
193
107
172
286
242
114
50
-257
-862
-1531
-2090
-2577
-2871
-3015
-3019
-2815
-2410
-1915
-1323
-739
-317
7
283
472
545
556
461
368
383
442
474
556
717
953
1242
1490
1617
1768
1953
2057
2042
1953
1849
1773
1462
795
92
-361
-867
-1579
-2290
-2737
-2840
-2651
-2356
-1932
-1235
-388
438
1221
1824
2052
2068
2045
1870
1474
1007
595
366
292
234
214
354
464
394
266
89
-267
-716
-1123
-1531
-1910
-2174
-2279
-2240
-2099
-1926
-1642
-1235
-831
-473
-120
184
364
492
523
449
290
83
-139
-272
-288
-152
117
477
853
1308
1814
2236
2492
2595
2652
2531
1994
1098
348
-275
-1047
-1920
-2482
-2726
-2640
-2328
-1904
-1364
-643
88
701
1280
1629
1672
1600
1558
1365
1046
688
367
193
163
78
-28
-64
-152
-302
-351
-460
-787
-1101
-1247
-1348
-1421
-1403
-1372
-1289
-1054
-743
-424
-98
180
371
587
750
736
599
426
175
-65
-174
-239
-324
-323
-195
14
284
576
814
1071
1326
1559
1770
1767
1326
745
361
-10
-644
-1369
-1884
-2095
-1996
-1775
-1459
-952
-232
449
1107
1679
1963
1952
1837
1621
1205
684
146
-279
-498
-579
-610
-538
-430
-413
-422
-447
-688
-1099
-1515
-1883
-2129
-2170
-2072
-1871
-1425
-765
-29
674
1230
1607
1906
2064
1896
1536
1159
732
322
77
-68
-152
-88
116
360
582
742
852
1036
1182
1203
1046
652
15
-497
-852
-1281
-1849
-2245
-2324
-2038
-1601
-1201
-748
-109
596
1194
1717
1965
1960
1874
1801
1524
1102
623
222
-29
-162
-323
-449
-527
-662
-812
-914
-1159
-1576
-1946
-2132
-2171
-2126
-2049
-1851
-1426
-875
-330
177
573
864
1169
1384
1371
1238
1171
1130
1089
1033
1039
1129
1242
1323
1349
1360
1370
1397
1356
1281
1128
764
171
-412
-919
-1473
-2073
-2593
-2927
-2925
-2586
-2133
-1632
-942
-98
727
1442
1904
2090
2118
2046
1780
1341
793
283
-56
-245
-437
-602
-661
-690
-759
-871
-1054
-1360
-1665
-1874
-1971
-1998
-1904
-1630
-1176
-633
-26
586
1094
1428
1610
1650
1524
1218
804
452
215
64
29
223
557
967
1382
1782
2103
2362
2474
2333
1846
1042
207
-527
-1240
-2056
-2682
-3011
-2936
-2559
-1962
-1331
-602
189
902
1440
1742
1730
1472
1168
771
305
-126
-460
-693
-735
-673
-634
-615
-653
-812
-1002
-1179
-1443
-1770
-1989
-2087
-2032
-1762
-1336
-836
-213
442
1038
1518
1835
1893
1846
1705
1457
1162
963
771
609
606
704
810
900
1033
1191
1342
1445
1457
1262
805
273
-204
-678
-1241
-1781
-2195
-2308
-2150
-1852
-1451
-832
-89
665
1391
1980
2284
2335
2189
1821
1289
572
-189
-829
-1243
-1584
-1803
-1891
-1882
-1807
-1640
-1520
-1527
-1599
-1664
-1702
-1622
-1494
-1332
-1101
-734
-249
322
816
1145
1405
1611
1689
1620
1496
1307
1148
1076
1110
1211
1326
1391
1487
1660
1763
1691
1388
877
285
-197
-702
-1277
-1846
-2207
-2287
-2070
-1740
-1361
-837
-200
417
979
1439
1658
1678
1634
1504
1244
859
398
-33
-378
-702
-1023
-1215
-1355
-1473
-1540
-1507
-1582
-1696
-1749
-1669
-1555
-1387
-1162
-860
-419
35
475
851
1176
1386
1515
1518
1359
1111
895
714
545
415
334
331
472
701
884
915
759
477
215
-60
-437
-906
-1268
-1451
-1344
-1040
-650
-238
328
933
1449
1818
1967
1901
1692
1425
1009
521
-30
-550
-945
-1189
-1371
-1466
-1429
-1357
-1266
-1134
-1050
-1080
-1110
-1043
-983
-939
-907
-792
-604
-374
-156
107
387
624
866
1128
1289
1332
1394
1489
1515
1411
1279
1179
1137
1039
871
590
188
-278
-679
-1074
-1557
-2024
-2351
-2415
-2265
-1928
-1518
-925
-265
478
1197
1818
2170
2294
2322
2193
1897
1430
882
287
-153
-494
-757
-997
-1135
-1232
-1253
-1268
-1274
-1284
-1233
-1131
-975
-762
-532
-324
-123
98
274
440
588
714
801
913
971
996
1027
1053
1024
988
1001
963
936
881
671
269
-57
-359
-720
-1129
-1464
-1724
-1734
-1554
-1332
-1014
-516
-8
460
947
1223
1241
1182
1028
660
197
-317
-851
-1224
-1408
-1523
-1463
-1195
-930
-673
-297
20
169
227
208
93
22
-1
-78
-127
-17
173
452
778
1045
1231
1433
1536
1550
1548
1470
1241
1070
1009
939
862
776
475
109
-243
-570
-1025
-1438
-1993
-2426
-2427
-2052
-1685
-1222
-551
147
979
1690
2034
1962
1862
1420
812
88
-691
-1509
-1936
-2129
-2187
-2016
-1684
-1355
-907
-453
-311
-353
-404
-496
-612
-633
-673
-614
-355
61
466
940
1309
1555
1759
1940
1944
1871
1749
1536
1367
1291
1234
1166
1121
911
604
365
150
-200
-569
-903
-1150
-1176
-1032
-882
-658
-284
82
439
750
877
787
626
302
-151
-643
-1104
-1536
-1798
-1916
-1966
-1844
-1589
-1283
-996
-679
-484
-315
-162
-67
-76
-58
-43
-32
34
120
190
293
435
531
655
804
955
1022
1066
1067
1064
1052
1042
931
701
454
251
93
-70
-205
-340
-338
-215
-8
221
483
706
924
1098
1133
1065
900
598
161
-240
-655
-1086
-1438
-1693
-1886
-1946
-1876
-1775
-1635
-1451
-1237
-960
-668
-437
-236
31
269
460
635
734
744
766
796
749
676
639
677
762
822
839
885
965
974
930
793
500
136
-188
-484
-805
-1048
-1209
-1217
-1078
-814
-507
-90
354
717
991
1241
1361
1321
1155
905
597
290
-29
-369
-681
-929
-1119
-1253
-1388
-1544
-1648
-1636
-1573
-1506
-1399
-1196
-914
-584
-249
56
333
589
804
957
1054
1109
1197
1317
1411
1453
1517
1587
1632
1563
1410
1129
767
299
-130
-518
-855
-1131
-1271
-1218
-1049
-774
-483
-129
165
404
540
606
514
318
105
-102
-322
-526
-700
-825
-824
-776
-763
-756
-739
-733
-711
-698
-758
-824
-809
-760
-661
-531
-392
-223
36
282
486
656
795
935
1066
1126
1098
1114
1116
1103
1052
969
842
689
487
253
73
-139
-306
-388
-393
-373
-272
-97
81
294
433
538
552
521
357
177
-56
-313
-589
-783
-900
-959
-950
-910
-800
-703
-599
-553
-490
-501
-539
-599
-621
-638
-616
-533
-414
-269
-111
74
257
437
552
627
688
762
796
829
839
835
817
786
701
572
431
264
135
21
-38
-70
-21
35
143
266
363
415
417
342
189
50
-140
-349
-561
-695
-774
-762
-719
-665
-563
-435
-361
-324
-290
-298
-321
-328
-328
-330
-296
-240
-163
-98
-65
-52
5
66
105
160
245
322
429
560
672
729
752
727
660
533
367
187
39
-80
-133
-122
-79
-4
94
179
225
224
145
26
-123
-280
-441
-528
-600
-600
-521
-389
-272
-138
-20
50
80
68
26
-37
-82
-119
-114
-89
-50
-26
-20
-65
-135
-216
-300
-399
-465
-452
-365
-240
-66
132
340
529
682
763
781
724
642
569
464
360
312
336
374
427
460
472
446
363
215
10
-226
-496
-722
-893
-1013
-1080
-1040
-920
-771
-607
-438
-291
-177
-94
-59
-52
-49
-35
-3
74
171
256
318
375
381
343
290
204
85
-38
-114
-163
-153
-127
-76
-9
74
149
202
228
194
171
139
114
85
101
135
218
326
423
485
526
541
503
420
301
145
-29
-161
-255
-313
-339
-323
-294
-234
-177
-156
-162
-195
-244
-312
-356
-391
-414
-390
-320
-243
-185
-133
-94
-56
-23
-2
-6
-2
14
54
102
150
181
203
218
225
215
188
145
116
92
64
48
43
45
40
40
12
-33
-78
-103
-132
-157
-176
-168
-144
-90
-31
18
58
89
120
147
158
136
117
116
128
133
137
148
157
153
142
108
33
-73
-161
-246
-322
-370
-366
-328
-260
-165
-63
48
140
201
230
246
248
237
234
225
221
234
271
289
297
272
222
142
34
-98
-246
-381
-492
-569
-607
-598
-565
-504
-408
-325
-265
-212
-169
-150
-122
-95
-70
-10
90
191
308
430
515
579
603
561
448
312
136
-34
-179
-298
-370
-371
-323
-245
-127
-7
86
165
205
215
215
204
177
169
194
243
317
392
459
495
500
461
395
276
115
-46
-194
-313
-418
-476
-509
-507
-496
-462
-435
-428
-443
-455
-447
-448
-421
-378
-291
-171
-24
105
226
324
375
374
331
238
105
-5
-101
-181
-228
-233
-201
-122
-39
24
92
142
160
157
154
133
137
155
191
237
305
386
455
500
497
466
412
347
243
131
17
-73
-143
-196
-236
-267
-286
-297
-298
-319
-352
-373
-370
-370
-363
-337
-277
-185
-88
-12
48
101
145
161
141
78
17
-6
-8
-27
-63
-77
-57
-35
-42
-68
-100
-111
-107
-97
-84
-48
18
114
219
297
348
399
426
407
348
270
186
113
62
36
42
61
94
146
192
206
175
114
29
-59
-150
-243
-319
-360
-359
-316
-246
-189
-136
-83
-33
-10
-17
-51
-89
-116
-128
-134
-145
-153
-152
-134
-119
-109
-113
-115
-99
-67
-28
10
53
104
171
234
276
301
311
302
283
244
187
120
54
9
-14
-17
-6
24
67
110
137
147
131
81
0
-85
-172
-251
-309
-335
-320
-269
-191
-96
-9
64
112
125
105
50
-28
-107
-169
-220
-238
-228
-189
-127
-55
12
59
88
96
90
67
39
24
27
53
97
155
214
259
288
293
269
208
126
48
-13
-61
-83
-73
-37
14
70
112
125
100
47
-27
-118
-222
-307
-348
-359
-337
-282
-200
-118
-36
19
42
36
0
-50
-114
-172
-217
-238
-244
-224
-181
-128
-60
5
70
119
176
223
273
309
350
394
436
464
482
490
476
447
401
347
286
229
172
124
78
39
-5
-57
-123
-199
-283
-362
-439
-507
-547
-550
-521
-467
-385
-291
-192
-100
-19
34
62
67
60
40
21
1
-16
-32
-53
-73
-94
-125
-162
-205
-255
-284
-287
-276
-249
-198
-134
-48
41
125
193
255
312
373
435
488
535
583
634
672
681
652
600
520
419
300
171
30
-96
-194
-267
-331
-378
-413
-429
-431
-439
-447
-450
-437
-419
-383
-334
-272
-200
-114
-25
50
100
134
151
143
107
54
-4
-68
-118
-158
-184
-204
-205
-198
-183
-162
-147
-130
-106
-77
-39
10
70
138
220
304
373
432
474
498
508
495
459
412
360
310
260
205
149
102
57
7
-50
-118
-186
-250
-316
-382
-431
-456
-450
-417
-367
-306
-232
-155
-83
-31
1
27
41
55
64
78
95
122
144
156
155
140
110
53
-20
-101
-181
-256
-305
-323
-311
-266
-202
-125
-46
29
94
142
166
183
200
226
260
294
338
392
437
463
460
431
374
288
185
64
-61
-181
-279
-357
-412
-450
-461
-452
-428
-402
-373
-339
-305
-267
-223
-166
-102
-26
65
169
262
341
402
435
438
404
346
264
177
93
20
-42
-85
-111
-119
-116
-114
-115
-112
-109
-107
-108
-105
-84
-52
-7
46
99
145
188
217
225
210
182
146
103
59
10
-31
-65
-95
-120
-151
-189
-225
-262
-301
-337
-368
-377
-364
-330
-276
-209
-134
-57
14
62
88
96
95
86
80
78
97
137
188
239
284
320
336
333
295
236
160
89
19
-38
-76
-82
-53
-9
46
101
153
192
214
200
163
119
73
27
-12
-41
-54
-47
-37
-27
-29
-37
-54
-90
-145
-215
-284
-348
-396
-425
-433
-408
-356
-286
-209
-134
-66
-10
27
45
52
56
62
78
102
134
169
199
219
223
212
182
138
81
23
-28
-65
-86
-87
-66
-23
34
96
158
215
260
287
291
275
245
210
177
146
122
105
98
95
94
81
61
26
-27
-94
-178
-267
-352
-420
-464
-477
-463
-417
-345
-259
-173
-94
-31
11
39
52
50
47
51
67
93
130
171
213
243
255
245
209
154
88
16
-52
-107
-141
-151
-139
-110
-73
-32
8
32
37
33
18
3
-11
-18
-16
-3
22
54
86
108
131
141
140
127
102
67
34
-1
-37
-69
-98
-118
-134
-152
-168
-187
-207
-221
-233
-243
-242
-229
-203
-164
-121
-67
-10
50
113
172
225
272
313
341
360
367
365
359
343
320
285
243
195
142
82
18
-47
-108
-166
-215
-260
-291
-310
-320
-315
-308
-294
-271
-240
-208
-171
-131
-86
-35
16
66
108
141
163
172
162
138
103
62
18
-23
-64
-99
-126
-146
-160
-173
-183
-187
-185
-173
-150
-119
-76
-20
46
122
197
268
335
392
433
455
456
440
418
389
354
312
271
225
176
119
52
-23
-98
-171
-241
-303
-357
-385
-396
-394
-381
-359
-334
-301
-268
-240
-209
-174
-133
-88
-44
2
44
82
110
124
121
107
83
48
5
-43
-83
-119
-144
-159
-163
-149
-123
-89
-49
-2
45
92
133
167
198
229
256
276
294
306
316
317
304
281
242
194
135
66