-111
-113
-107
-115
-108
-97
-94
-83
-65
-44
-17
5
13
28
52
57
47
24
3
-10
1
5
6
26
47
57
66
79
81
73
57
41
26
28
24
16
10
14
32
38
24
6
-18
-14
-26
-25
-22
-16
4
32
45
32
11
-11
-24
-53
-75
-91
-93
-109
-105
-89
-69
-52
-45
-57
-61
-39
-43
-49
-58
-50
-34
-17
-27
-23
11
3
-8
-22
-50
-52
-36
-17
13
37
76
93
105
117
96
64
28
12
26
83
123
145
160
167
166
162
113
63
57
54
49
40
51
59
47
12
-15
-10
16
15
9
3
29
69
64
36
13
-6
-24
-39
-87
-115
-108
-76
-47
-46
-48
-45
-28
-39
-66
-76
-57
-2
53
88
83
63
41
-11
-42
-46
-57
-79
-97
-95
-82
-48
-23
-1
33
46
22
-27
2
84
144
133
32
5
112
269
284
129
-6
20
223
356
272
106
59
216
354
309
178
140
266
397
390
285
179
166
175
128
100
-26
-25
-1067
-2667
-2864
-739
1782
767
-2336
-3555
-879
2244
1277
-2897
-5364
-2276
1788
930
-2719
-3507
179
2676
80
-2796
-964
4309
5088
-549
-4321
-363
5732
4309
-1793
-2864
2912
7063
2768
-3238
-2112
3264
4060
-1157
-3949
453
5033
2468
-3272
-3203
1909
3859
-5
-3076
-357
3065
1794
-2026
-2881
10
1623
-279
-1917
-116
1891
617
-1801
-1982
-225
77
-1325
-1695
-311
774
-147
-1398
-1248
-374
-542
-1451
-1265
-246
-1
-766
-1105
-456
27
-305
-602
-41
787
680
136
132
661
870
672
975
1770
2282
1945
1598
1871
2122
1839
1348
1473
2033
1950
1168
680
852
783
47
-624
-640
-484
-948
-1733
-2142
-2190
-2371
-2871
-3134
-2809
-2467
-2574
-2849
-2760
-2548
-2425
-2358
-2126
-1657
-1187
-839
-552
-232
122
450
799
1124
1497
1850
2084
2222
2279
2732
3161
3460
3501
3718
3918
4027
3653
2693
1913
1841
2064
1600
1094
817
735
200
-446
-896
-1312
-1691
-2204
-2411
-2352
-2283
-2810
-3565
-4092
-4151
-3833
-3285
-2940
-2899
-2736
-2258
-1717
-1624
-1786
-1933
-1506
-704
-27
273
329
339
203
199
325
569
914
1404
1973
2562
3005
3405
3509
3652
3679
4049
4766
4692
3729
2282
2306
2457
2233
1383
949
1064
915
771
116
-506
-1600
-2425
-2777
-2481
-2107
-2412
-3050
-3478
-3301
-3350
-3703
-3842
-3483
-2980
-2763
-2409
-1965
-1724
-1964
-2224
-1864
-1003
-314
-251
-273
-27
238
60
-285
-202
222
777
1397
2357
3198
3736
4016
4275
4719
4865
5251
4855
4212
3334
3314
3447
2641
1792
1221
1606
1211
712
48
-539
-1220
-2220
-2829
-3042
-2615
-2807
-3490
-3918
-3584
-3226
-3403
-3969
-4270
-4036
-3410
-2923
-2814
-2662
-2541
-2166
-1809
-1278
-1051
-932
-627
-372
-118
-58
229
430
675
847
1279
2231
3179
3711
3925
4543
5353
5821
5883
5667
5035
3987
3231
3260
3123
2487
1765
1648
1494
1098
668
17
-964
-2119
-2686
-2842
-2729
-2894
-3518
-4055
-3962
-3652
-3959
-4266
-4425
-4379
-4285
-3741
-3065
-2856
-2750
-2700
-2325
-1842
-1115
-816
-734
-357
46
246
175
213
227
487
1054
1802
2588
3407
4134
4635
4884
5133
5353
5870
5667
4550
3251
3240
3607
2800
1588
1202
1754
1533
926
337
-47
-869
-1959
-2688
-2801
-2493
-2787
-3452
-3702
-3216
-3197
-3801
-4221
-4164
-4072
-3759
-3139
-2812
-2832
-2599
-2195
-2036
-1787
-1332
-864
-612
-351
-186
11
258
134
-124
130
1027
1690
2122
2678
3446
4113
4465
4762
5032
5598
5155
4027
2939
3290
3376
2377
1466
1623
2316
1812
1245
775
536
-516
-1756
-2410
-2259
-2037
-2751
-3475
-3373
-2603
-2798
-3662
-4107
-4022
-4023
-3881
-3315
-3000
-2937
-2785
-2274
-1817
-1408
-1229
-1150
-835
-359
-59
-52
91
56
74
381
1090
1581
2020
2566
3307
3939
4466
4866
5052
5340
4764
3911
2980
3210
2872
1981
1344
1670
2177
1604
1203
776
439
-712
-1728
-2310
-2404
-2539
-3105
-3501
-3338
-2878
-3006
-3426
-3755
-3830
-3932
-3531
-3121
-3038
-3074
-2519
-1678
-1269
-1030
-901
-507
-229
-84
-146
-103
189
189
295
641
1421
1748
2048
2349
2997
3650
4108
4460
4502
5014
4587
3966
2954
2984
2500
1538
1048
1330
1781
1071
839
647
487
-628
-1646
-2274
-2394
-2568
-3190
-3563
-3388
-2821
-2907
-3144
-3321
-3448
-3724
-3510
-3023
-2919
-2965
-2503
-1659
-982
-471
-262
-101
66
260
124
-19
-31
-81
21
512
1283
1644
1983
2425
3053
3509
3856
3998
4190
4555
4307
3467
2641
2736
2478
1637
878
1144
1452
1163
827
626
345
-437
-1058
-1665
-1992
-2402
-2751
-3010
-2882
-2685
-2798
-2824
-2659
-2837
-3319
-3228
-2765
-2752
-3146
-2831
-2050
-1269
-945
-606
-286
149
320
11
-375
-626
-681
-627
-43
586
1042
1610
2510
3287
3607
3655
3866
4173
4513
3982
3144
2547
2790
2577
1738
1325
1617
1917
1319
1017
840
582
-426
-1270
-1700
-1738
-1906
-2430
-2850
-2842
-2450
-2577
-2783
-2974
-2975
-3148
-2880
-2681
-2769
-2881
-2428
-1827
-1508
-1074
-629
-124
20
87
-134
-207
-249
-367
-333
73
673
987
1537
2180
2993
3372
3638
3763
4113
4551
4134
3233
2243
2392
2114
1464
794
976
1236
875
753
657
559
-226
-866
-1422
-1656
-1908
-2293
-2754
-2840
-2577
-2399
-2261
-2158
-2339
-2728
-2660
-2492
-2639
-2959
-2641
-2097
-1466
-927
-359
-28
189
270
-34
-350
-630
-789
-840
-496
-30
472
1163
2018
2787
3337
3732
4010
4162
4336
3984
3185
2328
2278
2188
1656
1179
1306
1578
1230
1077
958
795
122
-409
-913
-1323
-1659
-2083
-2488
-2673
-2426
-2348
-2326
-2380
-2529
-2843
-2822
-2846
-3177
-3471
-3050
-2358
-1868
-1442
-954
-429
-180
-119
-398
-628
-731
-766
-708
-398
170
628
1331
2067
2847
3346
3778
4148
4286
4644
4351
3813
2844
2706
2510
1892
1382
1297
1583
1041
1016
981
1026
348
-194
-652
-1029
-1344
-2019
-2636
-3060
-2720
-2670
-2543
-2592
-2615
-2891
-2847
-2760
-3147
-3515
-3399
-2808
-2398
-1763
-1096
-527
-258
-16
33
-75
-339
-740
-934
-708
-179
225
882
1839
2992
3719
4210
4575
4747
4786
4290
3435
2445
2166
2135
1595
1179
1291
1828
1580
1400
1468
1424
769
-50
-523
-992
-1369
-1945
-2440
-2647
-2298
-2069
-2040
-2155
-2338
-2628
-2664
-2699
-3178
-3684
-3494
-2903
-2507
-2137
-1619
-1026
-600
-305
-358
-554
-791
-1048
-1199
-1050
-717
-356
326
1380
2373
3204
3701
4293
4452
4790
4720
4127
3199
2528
2680
2086
1667
1096
1552
1431
1505
1607
1559
1222
509
239
-472
-827
-1630
-2151
-2732
-2606
-2547
-2509
-2532
-2611
-2647
-2636
-2453
-2929
-3229
-3360
-3033
-3016
-2667
-2118
-1480
-882
-531
-232
-255
-252
-642
-901
-1040
-774
-429
131
955
1896
2964
3750
4406
4627
4975
4987
4599
3639
2767
2494
2012
1533
978
1123
1117
1285
1539
1620
1390
844
503
-50
-469
-1199
-1955
-2615
-2743
-2755
-2754
-2709
-2731
-2682
-2464
-2154
-2453
-2913
-3200
-3079
-3102
-3017
-2793
-2296
-1612
-988
-522
-319
-191
-347
-483
-567
-541
-499
-220
469
1289
2200
2979
3815
4419
4852
5182
5075
4520
3578
3122
2692
2022
1330
1027
1068
917
1208
1453
1593
1343
1104
843
409
-176
-1173
-2069
-2777
-3066
-3397
-3502
-3519
-3331
-3001
-2590
-2414
-2619
-2746
-2916
-2992
-3171
-3074
-2884
-2422
-1814
-1179
-686
-415
-203
-127
-18
-128
-174
-110
311
936
1680
2455
3220
4036
4652
5192
5409
5007
4226
3571
3298
2526
1674
1059
960
808
865
1206
1358
1350
1182
1172
836
358
-552
-1516
-2392
-2953
-3420
-3771
-3844
-3786
-3440
-2948
-2450
-2467
-2560
-2571
-2569
-2802
-2998
-2929
-2711
-2327
-1848
-1287
-895
-567
-299
-21
118
98
57
277
765
1294
1791
2416
3235
3993
4586
5087
5224
4823
4257
3913
3465
2453
1585
1070
862
512
574
825
1040
1121
1173
1272
1033
558
-412
-1284
-2180
-2846
-3556
-3944
-4179
-4167
-3793
-3293
-2849
-2739
-2463
-2376
-2286
-2439
-2451
-2449
-2325
-2072
-1793
-1406
-1106
-706
-418
-74
123
334
524
889
1276
1683
2107
2634
3247
3802
4419
4746
4732
4349
4127
3835
3125
2236
1552
1262
782
593
594
807
732
771
927
1014
748
97
-572
-1343
-2016
-2836
-3403
-3938
-4168
-4155
-3710
-3281
-3033
-2835
-2496
-2150
-2141
-2226
-2287
-2101
-2011
-1849
-1717
-1435
-1202
-880
-502
-160
118
413
858
1308
1700
2068
2546
3055
3531
3916
4488
4679
4592
4091
4009
3691
3022
2234
1736
1474
878
822
763
809
435
493
630
613
252
-373
-917
-1621
-2203
-2984
-3543
-4133
-4402
-4342
-4010
-3705
-3621
-3255
-2780
-2317
-2220
-2060
-1836
-1619
-1470
-1346
-1163
-1131
-1043
-846
-478
-237
33
378
905
1402
1884
2328
2838
3346
3737
4148
4590
4711
4337
3857
3728
3369
2612
1909
1558
1284
875
937
983
911
563
643
759
645
149
-513
-1051
-1664
-2186
-2865
-3386
-3942
-4163
-4048
-3746
-3653
-3707
-3373
-2872
-2518
-2419
-2166
-1836
-1644
-1454
-1225
-1030
-1070
-1031
-798
-451
-238
-73
259
750
1313
1793
2350
2881
3411
3824
4365
4841
4729
4279
3850
3903
3378
2646
1917
1738
1413
1092
1091
1061
869
487
669
668
464
-256
-773
-1321
-1857
-2425
-2973
-3459
-4045
-4199
-4144
-3884
-4018
-3981
-3638
-3030
-2634
-2363
-1941
-1560
-1258
-1039
-726
-648
-737
-778
-568
-323
-206
-50
294
820
1339
1921
2564
3077
3488
3880
4445
4729
4489
3994
3701
3655
3101
2365
1741
1564
1210
954
959
943
695
487
737
700
353
-277
-687
-1224
-1822
-2429
-2970
-3556
-4098
-4275
-4178
-4069
-4173
-4075
-3596
-2944
-2570
-2246
-1843
-1368
-1069
-796
-568
-553
-674
-669
-431
-337
-312
-161
242
672
1185
1813
2404
2902
3341
3930
4378
4685
4427
4087
3786
3731
3198
2419
1898
1641
1363
972
1011
798
607
453
729
601
198
-221
-562
-1065
-1744
-2277
-2950
-3575
-4177
-4348
-4416
-4404
-4518
-4351
-3782
-3084
-2617
-2253
-1633
-1051
-618
-355
-141
-231
-388
-397
-310
-418
-523
-350
9
486
1026
1723
2291
2884
3481
4104
4526
4738
4570
4198
3904
3784
3284
2502
1933
1672
1408
1004
848
623
485
421
596
489
191
-109
-402
-874
-1573
-2197
-2871
-3507
-4177
-4514
-4642
-4592
-4619
-4479
-3979
-3281
-2715
-2296
-1698
-1117
-655
-374
-115
-170
-338
-413
-367
-463
-601
-513
-189
267
756
1367
2015
2679
3296
3874
4334
4672
4676
4436
4125
3966
3614
2949
2342
1977
1683
1194
981
841
678
471
578
645
434
124
-176
-599
-1298
-1942
-2651
-3330
-4058
-4504
-4754
-4774
-4802
-4660
-4239
-3603
-3046
-2545
-1850
-1175
-683
-373
-48
32
-102
-248
-324
-525
-741
-685
-379
-47
351
956
1666
2300
2862
3454
3880
4204
4322
4286
4068
3863
3701
3211
2726
2223
1992
1445
1116
853
706
400
287
380
317
176
-149
-393
-994
-1500
-2165
-2746
-3498
-4075
-4402
-4486
-4464
-4505
-4256
-3774
-3021
-2557
-1960
-1345
-616
-216
79
230
186
50
-121
-249
-549
-613
-540
-281
-117
303
885
1506
2057
2581
3212
3673
4223
4303
4273
3950
3940
3658
3042
2336
1811
1513
935
714
425
316
84
297
408
346
100
-157
-483
-1061
-1579
-2262
-2863
-3595
-3955
-4186
-4172
-4255
-4198
-3873
-3251
-2610
-2123
-1499
-871
-303
40
376
409
203
-55
-188
-388
-690
-809
-730
-531
-253
255
825
1436
2034
2744
3379
3921
4304
4369
4267
4055
3961
3424
2757
2109
1746
1285
831
578
373
227
176
383
382
254
10
-200
-632
-1195
-1793
-2411
-3059
-3658
-4039
-4218
-4216
-4253
-4119
-3697
-3006
-2466
-1937
-1342
-720
-303
33
252
211
6
-135
-255
-514
-758
-785
-633
-486
-252
227
799
1372
1977
2676
3354
3843
4294
4384
4386
4110
4021
3482
2849
2177
1782
1347
838
608
373
315
205
397
334
224
-21
-223
-667
-1240
-1777
-2390
-3005
-3630
-3954
-4173
-4245
-4291
-4092
-3660
-3100
-2551
-1990
-1330
-760
-292
57
324
340
213
76
-129
-456
-769
-870
-870
-822
-585
-79
558
1216
2009
2836
3579
4189
4693
4811
4646
4399
4177
3593
2840
2219
1796
1316
842
581
344
168
80
181
126
-35
-201
-378
-750
-1255
-1737
-2339
-2985
-3549
-3889
-4152
-4313
-4338
-4140
-3675
-3108
-2517
-1920
-1229
-607
-134
266
493
478
290
136
-112
-471
-827
-997
-1059
-983
-687
-182
411
1125
1977
2855
3595
4192
4633
4719
4618
4408
4186
3524
2873
2292
1918
1337
869
489
203
-41
-119
-52
-127
-220
-293
-387
-699
-1112
-1556
-2097
-2719
-3268
-3649
-3932
-4180
-4238
-4065
-3622
-3148
-2607
-1978
-1229
-599
-54
390
656
642
519
328
-43
-539
-948
-1160
-1298
-1282
-1015
-495
146
970
1918
2860
3590
4270
4764
4919
4799
4581
4332
3655
2969
2335
1914
1199
608
224
-19
-307
-414
-281
-271
-323
-351
-360
-687
-1106
-1510
-1961
-2623
-3189
-3566
-3811
-4048
-4134
-3978
-3612
-3122
-2606
-1946
-1225
-557
-35
455
757
763
563
322
-60
-594
-1032
-1238
-1356
-1370
-1066
-468
194
960
1843
2788
3544
4242
4771
4942
4855
4668
4516
3890
3183
2486
1991
1217
564
112
-200
-541
-663
-525
-449
-423
-380
-344
-591
-919
-1275
-1700
-2327
-2902
-3296
-3580
-3873
-4033
-3949
-3669
-3291
-2811
-2170
-1474
-811
-201
342
678
714
576
340
-53
-592
-1058
-1309
-1480
-1488
-1212
-621
31
801
1725
2729
3576
4337
4933
5179
5155
5034
4851
4178
3402
2641
2046
1213
532
43
-310
-642
-718
-568
-466
-416
-344
-304
-492
-756
-1099
-1555
-2172
-2712
-3144
-3493
-3837
-4074
-4071
-3838
-3476
-3074
-2461
-1718
-991
-386
182
541
580
453
253
-115
-662
-1087
-1320
-1418
-1390
-1071
-538
87
853
1755
2687
3454
4163
4743
5031
5068
4969
4822
4210
3506
2789
2206
1370
609
58
-340
-709
-878
-776
-687
-641
-543
-408
-474
-668
-892
-1222
-1745
-2254
-2655
-3023
-3453
-3773
-3846
-3713
-3471
-3146
-2622
-1962
-1282
-678
-127
256
386
324
200
-100
-540
-950
-1171
-1324
-1387
-1169
-692
-138
532
1426
2373
3200
3960
4686
5074
5208
5167
5086
4498
3766
3043
2406
1483
658
99
-336
-768
-963
-878
-819
-783
-646
-502
-555
-676
-813
-1086
-1586
-2089
-2508
-2896
-3343
-3752
-3923
-3864
-3653
-3393
-2915
-2290
-1603
-985
-367
102
316
365
331
118
-267
-615
-858
-1086
-1220
-1055
-628
-139
463
1302
2259
3131
3960
4723
5160
5339
5383
5316
4768
4008
3279
2571
1644
749
121
-408
-891
-1143
-1117
-1077
-1022
-852
-663
-636
-678
-743
-971
-1431
-1914
-2309
-2721
-3177
-3603
-3811
-3834
-3698
-3499
-3125
-2595
-1996
-1399
-789
-281
12
174
273
191
-87
-353
-536
-786
-983
-892
-543
-179
297
1071
2006
2879
3743
4585
5166
5465
5640
5668
5207
4472
3752
3013
2020
1019
307
-307
-884
-1222
-1232
-1238
-1234
-1075
-851
-822
-887
-930
-1101
-1505
-1959
-2295
-2665
-3132
-3601
-3841
-3923
-3913
-3853
-3578
-3114
-2556
-1946
-1262
-655
-232
100
375
418
215
-12
-156
-390
-634
-628
-374
-79
361
1087
1974
2821
3672
4552
5150
5518
5718
5784
5365
4697
3996
3243
2248
1237
461
-223
-848
-1245
-1364
-1435
-1441
-1309
-1108
-1038
-1034
-1034
-1147
-1433
-1773
-2071
-2416
-2850
-3300
-3609
-3766
-3843
-3867
-3682
-3292
-2770
-2165
-1457
-816
-324
101
470
563
429
255
106
-164
-408
-452
-310
-108
284
943
1727
2529
3381
4260
4870
5263
5510
5630
5265
4663
3991
3266
2284
1292
534
-164
-829
-1295
-1448
-1535
-1592
-1500
-1301
-1219
-1198
-1124
-1116
-1338
-1624
-1840
-2112
-2529
-2998
-3331
-3572
-3735
-3817
-3681
-3363
-2891
-2294
-1572
-890
-347
129
541
692
606
485
385
139
-113
-175
-47
121
441
1000
1685
2379
3147
3971
4517
4841
5071
5255
4981
4425
3832
3224
2359
1432
691
-1
-729
-1260
-1481
-1656
-1840
-1810
-1613
-1517
-1482
-1353
-1255
-1371
-1577
-1738
-1971
-2361
-2802
-3150
-3429
-3649
-3755
-3642
-3371
-2967
-2399
-1670
-977
-413
87
542
790
805
748
699
549
361
313
429
570
816
1290
1872
2460
3060
3759
4259
4556
4726
4883
4704
4204
3688
3163
2417
1494
776
122
-601
-1245
-1547
-1760
-1990
-2069
-1923
-1837
-1806
-1658
-1505
-1580
-1773
-1863
-2001
-2330
-2763
-3075
-3311
-3494
-3619
-3556
-3301
-2920
-2420
-1762
-1090
-540
-53
433
747
813
813
867
809
656
583
716
852
1039
1409
1940
2465
2994
3646
4159
4425
4603
4791
4704
4228
3747
3252
2559
1652
905
231
-517
-1185
-1554
-1802
-2036
-2141
-2027
-1925
-1870
-1737
-1600
-1666
-1852
-1972
-2105
-2412
-2820
-3129
-3323
-3450
-3524
-3442
-3198
-2799
-2299
-1661
-1012
-448
55
535
857
958
1004
1057
1013
851
788
859
968
1089
1403
1841
2301
2809
3402
3857
4090
4302
4472
4366
3903
3447
2959
2295
1445
734
77
-614
-1220
-1560
-1805
-2020
-2092
-1971
-1887
-1843
-1719
-1586
-1642
-1803
-1909
-2028
-2291
-2620
-2884
-3068
-3181
-3230
-3139
-2922
-2574
-2107
-1512
-910
-375
117
589
914
1056
1125
1180
1136
1014
958
987
1028
1103
1349
1694
2079
2504
3029
3447
3688
3888
4062
4022
3632
3221
2788
2197
1397
704
71
-613
-1253
-1633
-1882
-2120
-2241
-2137
-2028
-1984
-1850
-1668
-1678
-1797
-1845
-1890
-2112
-2393
-2602
-2744
-2869
-2914
-2833
-2648
-2346
-1904
-1347
-789
-271
231
724
1067
1236
1327
1400
1356
1215
1103
1085
1063
1065
1256
1571
1930
2303
2838
3271
3512
3700
3905
3873
3481
3064
2647
2055
1268
597
-21
-702
-1302
-1631
-1879
-2136
-2237
-2134
-2076
-2059
-1934
-1773
-1805
-1908
-1923
-1940
-2117
-2353
-2508
-2619
-2705
-2741
-2665
-2493
-2192
-1783
-1264
-708
-196
283
763
1136
1314
1388
1459
1423
1251
1122
1102
1075
1053
1216
1530
1871
2255
2742
3166
3415
3611
3789
3765
3416
3001
2594
2049
1292
599
0
-628
-1230
-1599
-1844
-2087
-2232
-2173
-2109
-2109
-2050
-1907
-1888
-1981
-2017
-2015
-2136
-2353
-2489
-2568
-2630
-2672
-2603
-2429
-2129
-1727
-1231
-711
-201
299
772
1122
1295
1378
1437
1416
1289
1158
1119
1124
1123
1265
1545
1892
2235
2681
3093
3325
3510
3675
3694
3359
2981
2595
2088
1365
693
114
-524
-1143
-1527
-1799
-2080
-2259
-2215
-2163
-2191
-2123
-1971
-1933
-2014
-2038
-2010
-2104
-2283
-2411
-2476
-2552
-2593
-2535
-2365
-2111
-1756
-1285
-767
-265
215
701
1094
1291
1387
1477
1509
1380
1245
1178
1162
1143
1257
1493
1767
2091
2525
2946
3180
3358
3538
3597
3325
2956
2595
2116
1429
767
198
-424
-1042
-1467
-1753
-2047
-2241
-2244
-2213
-2231
-2162
-2002
-1949
-1994
-1990
-1937
-1991
-2156
-2277
-2350
-2423
-2494
-2447
-2302
-2088
-1768
-1308
-776
-283
187
672
1073
1298
1404
1494
1499
1361
1200
1142
1125
1108
1214
1467
1779
2131
2595
3014
3265
3451
3647
3670
3371
2975
2595
2095
1377
692
117
-515
-1138
-1571
-1862
-2166
-2381
-2400
-2379
-2390
-2319
-2146
-2078
-2108
-2061
-1963
-2004
-2160
-2282
-2343
-2397
-2451
-2419
-2290
-2063
-1718
-1237
-713
-220
261
762
1167
1378
1491
1574
1567
1434
1302
1238
1213
1213
1344
1578
1872
2222
2671
3062
3279
3449
3616
3624
3319
2953
2594
2099
1402
761
206
-428
-1073
-1537
-1869
-2211
-2466
-2538
-2552
-2586
-2521
-2372
-2294
-2277
-2191
-2078
-2104
-2224
-2301
-2331
-2388
-2445
-2407
-2268
-2053
-1726
-1266
-768
-284
203
704
1089
1323
1469
1588
1600
1496
1390
1358
1347
1351
1486
1725
2015
2351
2798
3177
3390
3567
3736
3744
3431
3062
2706
2208
1500
824
234
-421
-1081
-1568
-1935
-2304
-2557
-2623
-2651
-2697
-2625
-2455
-2371
-2357
-2266
-2152
-2168
-2275
-2349
-2376
-2428
-2480
-2437
-2284
-2059
-1741
-1288
-772
-277
204
689
1077
1313
1456
1557
1559
1463
1376
1334
1310
1322
1463
1709
1988
2304
2725
3126
3349
3497
3638
3651
3384
3022
2670
2202
1546
880
314
-293
-945
-1455
-1811
-2158
-2434
-2527
-2551
-2605
-2565
-2405
-2315
-2317
-2256
-2132
-2120
-2228
-2304
-2326
-2361
-2411
-2370
-2239
-2031
-1732
-1289
-801
-326
136
611
1017
1274
1421
1527
1581
1523
1428
1381
1371
1362
1453
1659
1903
2178
2549
2943
3177
3314
3457
3526
3307
2955
2603
2176
1542
871
287
-330
-979
-1501
-1860
-2204
-2477
-2570
-2566
-2602
-2564
-2404
-2283
-2261
-2196
-2062
-2024
-2096
-2154
-2157
-2186
-2224
-2192
-2065
-1876
-1594
-1192
-731
-270
188
641
1021
1262
1411
1530
1579
1493
1382
1365
1366
1343
1409
1609
1836
2103
2445
2798
3000
3150
3285
3336
3142
2807
2497
2117
1540
882
342
-211
-836
-1377
-1739
-2074
-2371
-2514
-2544
-2592
-2584
-2453
-2329
-2303
-2248
-2101
-2026
-2080
-2141
-2125
-2121
-2151
-2129
-2008
-1824
-1571
-1189
-743
-308
111
546
935
1193
1343
1461
1536
1509
1427
1391
1390
1391
1436
1600
1809
2047
2340
2684
2922
3064
3200
3282
3152
2847
2541
2175
1630
985
417
-146
-767
-1327
-1714
-2047
-2360
-2516
-2538
-2566
-2571
-2446
-2299
-2242
-2187
-2043
-1954
-2001
-2049
-2030
-2034
-2087
-2058
-1934
-1767
-1539
-1184
-746
-323
81
500
884
1155
1312
1428
1495
1473
1395
1359
1359
1337
1351
1497
1699
1900
2136
2455
2713
2855
2964
3059
3000
2729
2443
2135
1670
1057
520
24
-569
-1145
-1529
-1837
-2168
-2371
-2405
-2425
-2465
-2362
-2195
-2128
-2100
-1970
-1842
-1868
-1932
-1919
-1904
-1947
-1941
-1832
-1677
-1481
-1170
-776
-382
-10
382
735
993
1156
1272
1355
1352
1278
1241
1250
1238
1242
1358
1540
1713
1934
2240
2507
2638
2748
2863
2857
2630
2361
2085
1687
1138
616
136
-411
-957
-1351
-1648
-1962
-2184
-2244
-2254
-2289
-2230
-2085
-1998
-1973
-1875
-1744
-1732
-1796
-1793
-1753
-1778
-1790
-1699
-1545
-1380
-1128
-770
-398
-69
280
641
908
1055
1170
1287
1300
1238
1186
1183
1166
1162
1238
1376
1550
1746
2019
2261
2404
2499
2612
2617
2425
2161
1922
1591
1096
587
158
-320
-837
-1236
-1523
-1825
-2062
-2130
-2149
-2215
-2184
-2035
-1945
-1932
-1839
-1693
-1651
-1694
-1686
-1629
-1623
-1631
-1559
-1417
-1259
-1033
-713
-368
-46
293
644
924
1088
1207
1305
1339
1281
1209
1165
1145
1117
1164
1301
1465
1652
1897
2177
2333
2433
2518
2557
2399
2136
1878
1572
1119
610
182
-256
-752
-1173
-1449
-1719
-1970
-2082
-2095
-2151
-2155
-2047
-1939
-1923
-1861
-1729
-1661
-1691
-1689
-1624
-1616
-1627
-1560
-1411
-1266
-1068
-771
-424
-100
233
569
846
1033
1170
1275
1302
1255
1202
1178
1150
1113
1150
1293
1456
1618
1843
2115
2296
2383
2466
2511
2380
2123
1877
1583
1133
631
216
-199
-694
-1119
-1395
-1639
-1888
-2022
-2044
-2085
-2093
-2011
-1911
-1893
-1843
-1726
-1652
-1675
-1675
-1618
-1593
-1599
-1547
-1408
-1265
-1076
-801
-467
-153
161
489
778
973
1093
1191
1245
1229
1175
1146
1122
1106
1129
1228
1354
1500
1698
1936
2132
2230
2313
2375
2325
2116
1881
1630
1268
797
371
-13
-466
-917
-1234
-1477
-1742
-1915
-1961
-2000
-2052
-1996
-1875
-1841
-1819
-1699
-1574
-1569
-1575
-1500
-1449
-1464
-1431
-1318
-1198
-1061
-837
-542
-259
18
323
608
823
968
1088
1174
1202
1185
1173
1162
1137
1137
1198
1293
1390
1532
1748
1951
2051
2130
2217
2226
2062
1858
1648
1336
901
492
123
-319
-777
-1112
-1374
-1655
-1859
-1932
-1986
-2055
-2014
-1894
-1840
-1815
-1691
-1552
-1507
-1495
-1429
-1374
-1370
-1337
-1247
-1143
-1022
-825
-560
-293
-38
245
526
745
891
1020
1115
1150
1138
1129
1137
1126
1119
1171
1276
1383
1516
1715
1920
2027
2101
2173
2181
2034
1817
1601
1310
899
478
118
-288
-739
-1097
-1341
-1597
-1830
-1933
-1959
-2018
-2018
-1910
-1815
-1789
-1699
-1543
-1466
-1469
-1421
-1347
-1331
-1318
-1235
-1120
-1011
-830
-571
-305
-54
224
506
731
889
1021
1116
1158
1156
1156
1148
1138
1139
1190
1288
1393
1526
1707
1924
2041
2100
2163
2196
2071
1843
1621
1349
958
527
160
-242
-695
-1066
-1328
-1601
-1856
-1980
-2020
-2092
-2120
-2033
-1934
-1898
-1814
-1665
-1564
-1547
-1482
-1379
-1343
-1327
-1242
-1105
-994
-839
-597
-319
-63
203
478
710
886
1030
1143
1196
1216
1231
1246
1236
1233
1278
1365
1453
1551
1709
1887
2010
2060
2109
2134
2038
1834
1616
1366
1004
585
213
-167
-608
-998
-1272
-1532
-1794
-1934
-1972
-2037
-2077
-1995
-1881
-1836
-1758
-1604
-1483
-1451
-1381
-1276
-1231
-1226
-1147
-1035
-947
-817
-604
-361
-136
112
369
593
771
916
1031
1090
1126
1153
1163
1153
1144
1181
1244
1312
1394
1525
1686
1819
1878
1926
1964
1923
1756
1557
1346
1047
648
275
-64
-463
-869
-1173
-1408
-1659
-1829
-1886
-1923
-1969
-1916
-1794
-1723
-1661
-1518
-1377
-1332
-1283
-1182
-1122
-1124
-1082
-986
-899
-801
-625
-405
-190
42
285
505
680
835
963
1044
1082
1104
1135
1147
1148
1149
1204
1281
1361
1459
1598
1742
1801
1835
1859
1840
1688
1490
1286
1004
622
259
-63
-452
-857
-1151
-1370
-1608
-1785
-1847
-1876
-1915
-1877
-1768
-1700
-1647
-1519
-1391
-1342
-1297
-1194
-1120
-1111
-1065
-947
-844
-743
-573
-341
-122
97
324
540
716
870
989
1064
1113
1147
1177
1192
1203
1217
1269
1346
1423
1509
1637
1764
1814
1831
1854
1824
1667
1467
1271
989
604
244
-81
-470
-870
-1159
-1388
-1630
-1803
-1861
-1903
-1955
-1913
-1803
-1749
-1704
-1579
-1449
-1404
-1354
-1245
-1173
-1146
-1079
-966
-873
-763
-580
-359
-151
62
296
516
705
857
971
1066
1135
1181
1196
1215
1238
1246
1281
1343
1412
1484
1599
1721
1774
1794
1827
1822
1701
1509
1313
1058
709
335
-14
-384
-778
-1096
-1337
-1574
-1770
-1853
-1882
-1934
-1929
-1835
-1753
-1706
-1610
-1482
-1404
-1347
-1251
-1164
-1118
-1051
-945
-843
-737
-570
-363
-164
38
260
477
661
806
924
1018
1098
1144
1163
1179
1195
1201
1229
1282
1337
1399
1502
1608
1658
1680
1708
1709
1597
1430
1248
1014
687
347
25
-330
-705
-1008
-1234
-1459
-1649
-1743
-1786
-1830
-1822
-1747
-1675
-1622
-1523
-1402
-1317
-1245
-1149
-1067
-1011
-948
-856
-763
-663
-521
-346
-156
38
233
428
617
763
869
953
1038
1089
1106
1113
1127
1135
1166
1217
1263
1322
1425
1538
1578
1591
1613
1620
1506
1331
1150
933
623
295
-14
-342
-689
-971
-1188
-1401
-1573
-1661
-1700
-1752
-1749
-1687
-1618
-1568
-1485
-1373
-1283
-1203
-1113
-1024
-960
-891
-794
-680
-574
-446
-274
-73
114
297
481
652
787
887
963
1023
1057
1070
1070
1075
1080
1103
1156
1217
1287
1386
1502
1555
1567
1596
1597
1483
1308
1130
898
578
251
-59
-397
-749
-1026
-1248
-1462
-1630
-1712
-1766
-1812
-1802
-1736
-1673
-1615
-1526
-1417
-1314
-1226
-1132
-1045
-962
-879
-781
-666
-545
-401
-231
-35
158
343
529
693
819
913
1001
1069
1105
1116
1134
1156
1171
1206
1256
1323
1383
1478
1566
1598
1596
1604
1587
1457
1278
1096
872
561
250
-52
-376
-720
-988
-1217
-1441
-1625
-1725
-1792
-1865
-1876
-1828
-1767
-1728
-1640
-1529
-1418
-1326
-1213
-1104
-1009
-902
-774
-642
-510
-352
-164
26
202
375
540
685
790
870
949
1021
1053
1072
1110
1160
1191
1233
1300
1378
1441
1521
1594
1623
1611
1601
1556
1422
1243
1059
828
524
222
-66
-383
-715
-973
-1189
-1400
-1576
-1667
-1734
-1796
-1805
-1751
-1697
-1663
-1586
-1473
-1373
-1292
-1188
-1077
-977
-867
-728
-591
-455
-292
-93
94
257
418
579
708
797
871
937
985
1007
1026
1050
1073
1091
1130
1186
1252
1320
1409
1488
1521
1535
1547
1509
1383
1224
1046
804
501
208
-91
-422
-746
-995
-1217
-1431
-1586
-1673
-1744
-1795
-1774
-1719
-1676
-1626
-1515
-1397
-1309
-1213
-1092
-987
-893
-766
-638
-526
-398
-227
-57
102
261
425
562
679
787
875
933
976
1021
1053
1063
1074
1098
1134
1171
1221
1278
1352
1409
1431
1440
1442
1394
1270
1119
954
729
444
168
-113
-427
-724
-963
-1185
-1401
-1553
-1654
-1743
-1794
-1779
-1747
-1725
-1658
-1536
-1420
-1326
-1201
-1060
-936
-809
-663
-529
-408
-264
-95
52
180
318
453
560
650
742
818
876
938
996
1035
1078
1129
1178
1225
1281
1348
1399
1451
1481
1486
1464
1425
1333
1192
1024
848
606
335
66
-204
-497
-769
-992
-1214
-1412
-1563
-1667
-1765
-1812
-1817
-1805
-1783
-1708
-1601
-1496
-1387
-1259
-1108
-963
-818
-671
-519
-368
-210
-51
102
242
371
492
598
686
762
837
911
966
1015
1067
1120
1167
1221
1284
1341
1390
1445
1494
1520
1512
1484
1436
1342
1204
1036
846
602
334
63
-218
-510
-793
-1027
-1253
-1454
-1621
-1731
-1819
-1876
-1890
-1867
-1826
-1757
-1645
-1529
-1410
-1275
-1108
-962
-818
-660
-489
-342
-189
-22
135
265
389
522
623
709
791
885
959
1021
1072
1124
1175
1228
1278
1324
1370
1413
1458
1497
1509
1493
1459
1411
1317
1175
1008
816
576
310
40
-242
-536
-814
-1047
-1279
-1492
-1649
-1752
-1855
-1926
-1937
-1902
-1868
-1802
-1685
-1563
-1442
-1296
-1124
-976
-828
-652
-471
-321
-172
1
163
294
414
537
639
732
824
915
984
1049
1112
1168
1220
1267
1309
1354
1396
1431
1463
1497
1505
1480
1434
1383
1288
1146
979
781
547
274
11
-275
-576
-861
-1100
-1337
-1556
-1715
-1831
-1937
-2008
-1999
-1976
-1936
-1859
-1723
-1589
-1447
-1275
-1088
-919
-750
-562
-386
-230
-75
88
231
349
463
577
678
772
870
968
1044
1111
1190
1258
1309
1349
1402
1445
1475
1499
1532
1556
1544
1504
1455
1390
1272
1119
942
739
487
227
-49
-338
-642
-915
-1178
-1429
-1642
-1806
-1941
-2056
-2108
-2112
-2092
-2044
-1944
-1819
-1672
-1501
-1307
-1117
-925
-726
-535
-355
-184
-17
130
263
384
497
602
699
797
893
989
1076
1154
1231
1315
1387
1445
1498
1553
1599
1631
1653
1658
1637
1586
1511
1412
1276
1109
917
699
452
187
-90
-375
-668
-960
-1229
-1474
-1689
-1875
-2016
-2130
-2194
-2207
-2171
-2128
-2042
-1915
-1737
-1571
-1377
-1172
-958
-759
-554
-359
-188
-27
130
269
380
493
605
709
801
906
1003
1095
1177
1265
1344
1420
1479
1541
1588
1630
1651
1665
1654
1620
1562
1481
1374
1234
1072
881
673
431
172
-94
-372
-657
-939
-1199
-1441
-1647
-1821
-1965
-2068
-2119
-2126
-2102
-2044
-1951
-1817
-1656
-1471
-1284
-1084
-875
-673
-486
-311
-147
3
137
258
369
480
589
691
799
901
998
1082
1171
1248
1319
1376
1432
1480
1516
1536
1552
1553
1531
1489
1429
1350
1240
1112
955
778
577
361
118
-137
-399
-662
-931
-1181
-1407
-1606
-1780
-1906
-1988
-2038
-2048
-2005
-1930
-1833
-1694
-1524
-1345
-1163
-961
-767
-589
-418
-252
-110
13
133
251
356
460
574
690
800
909
1010
1105
1193
1271
1334
1383
1430
1463
1474
1475
1464
1439
1391
1339
1269
1181
1075
958
813
650
471
277
52
-188
-430
-673
-930
-1170
-1388
-1578
-1739
-1859
-1936
-1980
-1974
-1923
-1839
-1736
-1589
-1414
-1237
-1056
-861
-675
-504
-350
-200
-71
42
152
260
364
466
575
691
801
905
1005
1102
1189
1269
1334
1387
1425
1450
1454
1438
1409
1365
1306
1232
1151
1059
954
830
694
546
381
196
-10
-228
-450
-683
-918
-1143
-1348
-1529
-1679
-1790
-1862
-1897
-1886
-1837
-1754
-1643
-1501
-1338
-1167
-985
-802
-619
-454
-302
-158
-27
88
195
298
398
499
602
701
800
900
996
1087
1171
1247
1313
1367
1404
1415
1411
1391
1348
1285
1216
1140
1049
951
849
732
600
464
315
142
-48
-240
-441
-655
-867
-1073
-1260
-1436
-1577
-1691
-1761
-1807
-1806
-1770
-1703
-1606
-1479
-1324
-1164
-988
-803
-616
-448
-284
-134
1
124
237
342
435
529
621
710
792
878
965
1044
1111
1177
1238
1281
1305
1316
1314
1290
1247
1191
1136
1071
991
899
805
700
579
448
302
139
-39
-220
-412
-612
-815
-1001
-1177
-1340
-1478
-1577
-1652
-1693
-1699
-1668
-1614
-1528
-1409
-1270
-1128
-971
-792
-621
-464
-313
-166
-35
87
201
310
407
504
604
700
792
881
967
1042
1105
1163
1207
1234
1240
1241
1224
1192
1144
1095
1048
991
922
844
768
675
567
445
304
147
-23
-199
-389
-590
-777
-958
-1133
-1298
-1430
-1528
-1598
-1645
-1650
-1623
-1560
-1472
-1358
-1228
-1077
-914
-747
-586
-431
-283
-146
-23
89
196
296
389
479
575
670
764
852
935
1009
1080
1138
1178
1201
1212
1211
1192
1161
1117
1065
1015
957
889
813
737
648
551
434
305
157
4
-166
-350
-535
-717
-896
-1078
-1235
-1375
-1480
-1563
-1609
-1627
-1606
-1552
-1464
-1358
-1234
-1086
-923
-756
-600
-440
-292
-153
-29
90
197
298
392
486
580
672
763
849
928
1001
1069
1122
1160
1183
1199
1197
1181
1151
1115
1070
1019
962
897
824
746
656
554
437
305
161
2
-170
-354
-540
-727
-905
-1082
-1242
-1380
-1483
-1564
-1613
-1627
-1609
-1560
-1483
-1382
-1265
-1127
-976
-822
-670
-512
-360
-220
-88
48
173
287
395
503
606
704
795
880
958
1027
1087
1133
1168
1192
1210
1208
1197
1171
1137
1090
1037
972
900
819
728
629
526
405
275
136
-12
-172
-342
-509
-683
-848
-1007
-1147
-1273
-1372
-1447
-1492
-1511
-1503
-1468
-1409
-1327
-1226
-1110
-983
-845
-701
-553
-412
-268
-128
8
135
254
368
475
571
660
744
820
888
947
998
1040
1075
1102
1120
1125
1117
1101
1075
1034
984
925
861
781
696
601
504
391
271
143
5
-145
-298
-452
-613
-767
-906
-1036
-1148
-1237
-1300
-1346
-1365
-1358
-1331
-1283
-1215
-1128
-1031
-921
-799
-674
-549
-417
-286
-154
-29
91
205
318
421
515
600
679
754
817
872
917
963
995
1019
1032
1035
1028
1013
984
943
894
840
777
704
624
539
449
347
238
118
-7
-142
-280
-427
-572
-709
-834
-949
-1046
-1127
-1183
-1220
-1234
-1232
-1207
-1165
-1105
-1029
-942
-842
-734
-621
-507
-385
-261
-136
-19
93
201
306
403
489
565
637
703
762
809
854
893
924
944
954
958
951
935
906
865
816
762
701
629
552
472
384
285
183
75
-43
-167
-292
-422
-553
-674
-785
-889
-980
-1050
-1100
-1132
-1145
-1137
-1112
-1070
-1008
-930
-842
-746
-642
-534
-423
-308
-196
-84
23
124
220
315
401
475
544
607
664
718
762
806
839
867
886
897
901
893
873
838
800
749
691
624
553
475
392
302
210
114
12
-97
-204
-316
-431
-540
-645
-745
-836
-909
-969
-1013
-1040
-1047
-1039
-1012
-968
-910
-842
-760
-671
-575
-478
-375
-272
-168
-66
37
132
227
317
397
472
538
599
652
702
739
771
795
817
829
832
823
809
786
755
712
662
608
547
476
400
319
235
150
58
-35
-136
-234
-333
-433
-531
-621
-703
-780
-839
-884
-918
-938
-937
-924
-899
-862
-807
-746
-677
-598
-514
-427
-341
-247
-152
-57
34
129
219
303
384
458
524
582
635
680
715
741
761
774
777
772
757
736
712
676
633
586
533
473
408
339
264
184
103
19
-67
-158
-249
-339
-431
-517
-599
-674
-740
-791
-831
-856
-870
-867
-849
-823
-782
-731
-669
-600
-523
-440
-354
-270
-181
-91
-3
86
170
253
326
401
469
528
580
630
672
705
727
741
748
746
738
715
688
656
616
568
513
453
388
319
245
167
86
7
-72
-153
-233
-311
-387
-464
-537
-607
-673
-728
-773
-810
-837
-849
-846
-828
-801
-760
-706
-636
-558
-475
-386
-289
-197
-102
-12
80
163
245
320
389
452
507
561
605
646
678
707
725
735
737
734
721
699
667
629
585
533
475
407
336
260
183
103
25
-55
-131
-202
-272
-344
-410
-473
-536
-599
-653
-700
-742
-776
-799
-810
-807
-793
-766
-727
-673
-606
-530
-447
-355
-261
-165
-68
26
116
203
284
356
422
481
533
578
616
647
673
690
699
701
695
684
665
639
605
564
521
470
411
345
276
204
131
56
-16
-88
-157
-225
-287
-348
-405
-461
-515
-566
-613
-651
-685
-713
-732
-738
-734
-721
-697
-660
-610
-551
-485
-409
-325
-238
-150
-59
31
117
200
278
346
408
467
517
556
588
614
633
642
645
641
629
613
592
565
532
494
453
404
349
292
230
166
99
33
-32
-95
-156
-216
-271
-326
-378
-429
-477
-522
-560
-597
-624
-645
-658
-662
-654
-639
-613
-578
-532
-479
-419
-352
-277
-198
-118
-36
51
132
209
285
354
415
472
521
557
587
608
622
626
623
611
592
569
542
509
467
423
377
326
268
210
152
90
29
-28
-85
-142
-196
-247
-300
-348
-396
-441
-484
-525
-560
-590
-612
-628
-637
-636
-626
-607
-578
-542
-496
-445
-382
-316
-242
-164
-84
0
83
164
240
313
383
443
494
535
571
600
619
631
634
630
615
599
575
546
512
471
425
375
322
264
206
145
84
25
-32
-88
-143
-197
-248
-299
-348
-394
-439
-485
-523
-559
-590
-616
-632
-642
-646
-637
-620
-591
-557
-512
-460
-398
-328
-251
-171
-87
-3
83
163
242
315
381
438
486
529
565
593
612
626
629
627
618
603
579
550
516
475
427
374
318
261
198
138
77
18
-37
-94
-148
-201
-249
-296
-344
-389
-431
-475
-514
-549
-580
-606
-623
-634
-638
-632
-615
-589
-555
-513
-461
-399
-329
-253
-176
-93
-10
73
152
229
299
361
416
467
510
545
572
595
607
613
614
606
591
568
541
508
465
418
370
318
260
205
148
94
38
-15
-69
-119
-168
-218
-263
-309
-354
-400
-442
-482
-518
-552
-579
-598
-610
-613
-608
-592
-570
-538
-497
-445
-386
-317
-246
-169
-89
-9
74
148
223
291
353
407
458
503
539
566
587
599
604
601
586
564
538
506
468
425
378
329
278
225
170
118
63
8
-45
-95
-147
-198
-246
-292
-337
-382
-422
-461
-495
-528
-555
-576
-588
-595
-595
-586
-567
-540
-506
-463
-410
-350
-285
-213
-138
-62
18
95
170
243
310
372
429
481
526
562
590
609
622
625
616
598
573
544
508
467
422
373
322
272
218
163
108
54
-2
-57
-111
-163
-216
-267
-315
-361
-404
-445
-486
-521
-552
-576
-596
-610
-616
-615
-604
-585
-556
-518
-471
-417
-354
-286
-213
-136
-58
20
99
176
250
322
387
448
502
548
586
614
636
646
644
635
615
589
557
521
480
431
384
333
281
225
168
114
56
-2
-58
-114
-170
-223
-275
-326
-376
-419
-461
-499
-535
-565
-586
-607
-619
-626
-622
-611
-591
-563
-527
-480
-425
-364
-298
-223
-148
-69
11
91
171
249
322
390
452
508
555
592
621
639
649
649
639
620
595
565
531
491
445
396
345
292
236
179
119
60
5
-54
-111
-165
-218
-270
-318
-365
-408
-446
-484
-516
-543
-563
-583
-596
-601
-602
-593
-577
-552
-519
-476
-425
-370
-305
-235
-162
-86
-6
74
152
226
298
364
424
477
519
553
578
594
602
602
593
579
559
534
504
470
428
382
334
283
228
173
119
64
9
-44
-94
-145
-194
-240
-285
-328
-367
-405
-443
-473
-499
-525
-545
-560
-568
-570
-562
-548
-527
-495
-457
-408
-354
-291
-224
-153
-79
-1
77
151
223
293
356
409
455
496
526
547
561
566
566
558
546
525
498
470
437
394
349
301
251
200
147
94
42
-7
-55
-101
-147
-190
-231
-271
-310
-346
-382
-416
-445
-476
-499
-521
-537
-544
-544
-538
-523
-499
-467
-425
-376
-322
-261
-194
-125
-52
23
96
167
234
297
356
405
446
480
506
524
537
539
537
529
514
495
471
440
408
369
328
284
237
188
139
90
40
-10
-58
-100
-144
-187
-227
-263
-299
-335
-371
-402
-430
-458
-483
-502
-516
-525
-526
-522
-505
-481
-451
-408
-359
-305
-245
-181
-112
-39
31
97
162
228
286
338
383
424
456
482
500
511
516
512
503
488
470
444
414
381
345
303
262
216
171
123
76
30
-15
-59
-101
-143
-184
-220
-256
-290
-322
-354
-382
-408
-431
-452
-470
-481
-488
-488
-480
-466
-444
-415
-376
-331
-278
-222
-161
-96
-30
35
100
162
222
278
327
371
410
440
462
477
486
488
482
469
454
433
408
381
350
316
281
243
202
159
116
73
28
-16
-59
-100
-140
-179
-216
-253
-286
-316
-345
-372
-395
-417
-435
-448
-457
-461
-460
-450
-436
-414
-386
-352
-312
-264
-210
-153
-96
-36
28
91
153
211
266
317
362
398
427
449
462
467
462
454
441
423
401
379
353
327
299
269
237
201
165
123
81
38
-4
-49
-93
-136
-175
-212
-247
-280
-309
-336
-361
-380
-397
-410
-421
-427
-428
-425
-414
-399
-377
-350
-317
-277
-233
-183
-131
-78
-22
36
95
152
205
254
300
340
370
394
413
423
424
422
414
404
388
372
351
328
305
279
249
218
185
147
110
66
24
-18
-62
-106
-148
-187
-224
-256
-287
-314
-337
-357
-371
-385
-394
-400
-402
-400
-396
-385
-371
-350
-324
-293
-256
-214
-168
-117
-65
-12
44
99
152
201
247
288
323
353
374
389
397
401
400
394
386
373
360
342
323
302
277
250
220
186
151
113
71
28
-15
-60
-102
-142
-178
-212
-243
-270
-293
-312
-328
-342
-353
-360
-366
-368
-364
-357
-349
-335
-316
-293
-265
-232
-194
-151
-106
-58
-9
41
91
140
185
226
263
295
319
336
349
358
359
356
351
344
334
322
307
291
272
251
224
196
164
129
92
51
12
-28
-67
-104
-140
-173
-202
-228
-250
-271
-291
-305
-316
-325
-332
-336
-338
-337
-331
-321
-308
-290
-267
-240
-207
-171
-131
-89
-46
2
47
92
138
180
217
251
278
302
319
330
334
337
334
327
319
306
293
278
263
242
221
197
168
139
108
72
36
1
-35
-69
-103
-134
-164
-189
-214
-236
-255
-269
-282
-294
-301
-308
-310
-310
-306
-300
-290
-272
-253
-230
-203
-172
-137
-101
-64
-25
15
58
97
136
173
207
236
261
280
294
305
310
310
308
302
292
282
267
251
232
215
193
167
140
114
86
55
25
-8
-38
-69
-98
-128
-155
-180
-204
-225
-244
-259
-272
-282
-288
-292
-293
-289
-284
-274
-264
-249
-229
-209
-184
-157
-128
-97
-62
-24
16
52
89
128
163
194
222
246
263
280
291
296
298
300
295
285
275
262
248
231
211
189
169
144
118
91
62
32
2
-30
-62
-92
-120
-148
-175
-200
-221
-239
-254
-266
-277
-285
-287
-288
-285
-280
-271
-260
-243
-223
-204
-179
-152
-124
-90
-56
-23
13
49
84
119
151
179
206
229
247
262
274
281
284
284
280
274
264
250
238
223
202
183
163
140
115
88
59
32
2
-29
-58
-86
-114
-141
-165
-188
-210
-226
-243
-255
-264
-273
-277
-278
-277
-270
-262
-251
-233
-217
-196
-171
-143
-114
-81
-48
-14
21
55
88
120
151
179
202
223
243
258
267
274
277
275
272
265
252
242
228
212
196
179
161
140
117
92
68
41
10
-19
-48
-74
-101
-128
-152
-174
-193
-212
-229
-243
-255
-262
-269
-274
-272
-268
-262
-252
-241
-223
-202
-178
-153
-127
-96
-62
-32
1
34
67
98
127
154
177
197
215
228
236
242
244
244
240
234
227
219
210
199
186
173
159
142
121
98
78
54
28
2
-24
-49
-73
-96
-117
-140
-159
-177
-193
-207
-220
-229
-236
-241
-242
-239
-234
-226
-215
-200
-183
-163
-141
-116
-89
-60
-31
-1
32
62
91
118
143
164
182
197
207
215
220
221
219
217
213
207
202
193
182
172
160
143
126
107
86
64
39
16
-7
-31
-56
-80
-102
-124
-142
-161
-178
-190
-202
-212
-220
-224
-228
-228
-226
-221
-212
-203
-188
-170
-150
-126
-101
-74
-45
-17
12
41
68
96
121
144
163
179
194
205
213
218
220
220
219
214
208
199
187
176
162
145
128
108
88
67
42
18
-5
-27
-50
-72
-94
-115
-134
-150
-165
-180
-190
-200
-208
-213
-217
-218
-216
-212
-204
-194
-179
-163
-144
-123
-99
-75
-50
-24
3
29
55
79
102
124
145
162
177
187
196
202
205
204
204
199
194
186
176
167
155
142
126
108
88
72
51
29
7