SAMPLES:	11037
BITSPERSAMPLE:	16
CHANNELS:	1
SAMPLERATE:	16000
NORMALIZED:	FALSE
-11
-9
-6
-9
-7
-8
-2
-1
0
-1
3
4
4
4
6
9
7
10
8
10
9
11
6
5
6
6
7
6
4
0
2
1
2
0
-3
-3
-3
-6
-10
-6
-7
-5
-9
-11
-11
-6
-7
-7
-6
-3
-3
-10
-8
-5
3
2
1
-4
-2
1
10
6
2
0
1
2
2
3
1
4
5
6
1
5
7
9
11
9
12
15
18
15
14
13
16
14
13
14
14
14
13
11
8
10
12
15
15
11
9
9
8
4
6
6
3
2
-4
-6
-12
-9
-11
-13
-19
-22
-22
-24
-29
-37
-37
-41
-44
-52
-59
-63
-58
-58
-61
-61
-65
-68
-59
-56
-54
-48
-42
-37
-31
-25
-32
-32
-33
-27
-21
-10
-6
4
7
7
16
30
31
38
54
67
78
88
89
83
91
96
106
101
100
97
107
108
114
102
90
102
114
110
93
82
68
64
64
51
31
28
25
7
-3
-21
-41
-42
-39
-56
-72
-80
-92
-106
-112
-128
-140
-135
-126
-131
-136
-136
-131
-127
-119
-120
-123
-125
-126
-127
-142
-136
-141
-122
-118
-116
-137
-129
-127
-122
-112
-117
-110
-93
-73
-72
-57
-62
-36
-11
11
9
28
51
72
92
104
114
138
169
183
207
230
250
265
285
295
310
326
352
344
355
360
364
366
382
368
346
342
335
334
320
306
272
255
221
198
149
111
62
16
-27
-53
-89
-130
-171
-206
-240
-293
-346
-424
-494
-544
-585
-652
-691
-713
-721
-740
-733
-751
-768
-781
-770
-774
-779
-755
-718
-673
-611
-536
-480
-402
-320
-227
-158
-73
18
115
196
293
384
476
575
691
789
866
943
1040
1125
1184
1216
1235
1250
1284
1337
1338
1308
1268
1237
1181
1119
1051
962
891
823
749
607
472
321
179
53
-91
-253
-427
-554
-702
-822
-992
-1123
-1245
-1327
-1420
-1511
-1612
-1683
-1729
-1782
-1840
-1893
-1901
-1885
-1830
-1794
-1745
-1695
-1587
-1473
-1347
-1231
-1085
-928
-760
-591
-438
-264
-80
129
330
510
648
819
1009
1187
1355
1496
1602
1723
1867
1961
2011
2058
2106
2165
2219
2236
2188
2153
2112
2046
1963
1872
1781
1663
1552
1377
1187
966
765
551
361
152
-47
-260
-469
-660
-838
-992
-1159
-1298
-1437
-1557
-1698
-1818
-1888
-1897
-1888
-1898
-1990
-2104
-2171
-2162
-2127
-2135
-2168
-2174
-2131
-2080
-2014
-1973
-1882
-1704
-1473
-1297
-1142
-979
-774
-529
-273
-32
162
383
580
783
951
1150
1324
1521
1690
1855
1986
2088
2214
2284
2354
2404
2497
2517
2532
2515
2442
2327
2254
2213
2138
2068
1969
1829
1647
1484
1279
1076
883
704
489
248
9
-234
-483
-698
-854
-992
-1109
-1233
-1349
-1461
-1540
-1612
-1660
-1703
-1700
-1699
-1802
-2026
-2211
-2209
-2097
-1985
-1982
-2149
-2339
-2384
-2315
-2262
-2246
-2202
-2149
-2042
-1954
-1905
-1861
-1628
-1241
-882
-621
-438
-251
6
343
637
864
1041
1243
1435
1590
1729
1885
2064
2245
2421
2515
2545
2591
2696
2772
2824
2843
2788
2688
2633
2591
2484
2378
2299
2174
2003
1822
1631
1389
1146
913
675
429
221
10
-227
-452
-653
-862
-1060
-1211
-1344
-1439
-1497
-1552
-1647
-1711
-1760
-1832
-1935
-1993
-2022
-2042
-2156
-2349
-2491
-2451
-2298
-2237
-2346
-2622
-2756
-2665
-2460
-2384
-2370
-2365
-2266
-2046
-1868
-1799
-1664
-1260
-867
-561
-378
-198
38
410
780
975
1131
1375
1678
1906
2063
2157
2308
2509
2749
2902
2934
2958
3122
3292
3329
3275
3174
3054
3054
3118
3074
2898
2728
2545
2305
2124
1926
1681
1376
1160
890
598
285
20
-244
-457
-650
-848
-1076
-1276
-1384
-1474
-1563
-1649
-1698
-1801
-1854
-1949
-2103
-2303
-2387
-2388
-2443
-2583
-2707
-2728
-2702
-2672
-2778
-3001
-3117
-3005
-2843
-2780
-2752
-2729
-2641
-2390
-2116
-1963
-1764
-1394
-1025
-739
-520
-341
-102
307
719
974
1121
1301
1546
1816
2053
2233
2411
2598
2786
2931
3007
3073
3224
3421
3519
3503
3402
3266
3230
3288
3292
3157
2965
2725
2507
2321
2137
1852
1557
1305
1042
755
443
127
-161
-359
-542
-752
-995
-1196
-1368
-1482
-1575
-1674
-1804
-1895
-1961
-2074
-2211
-2382
-2526
-2650
-2717
-2769
-2816
-2871
-2913
-2966
-3064
-3148
-3146
-3080
-3002
-2900
-2823
-2789
-2684
-2483
-2296
-2064
-1755
-1454
-1179
-900
-648
-409
-119
227
557
867
1169
1443
1683
1910
2175
2431
2725
2960
3175
3307
3434
3565
3699
3839
3924
3965
3826
3696
3592
3616
3600
3521
3309
3027
2767
2542
2318
1992
1691
1374
1102
769
437
57
-268
-564
-766
-1011
-1263
-1472
-1638
-1801
-1954
-2030
-2173
-2280
-2365
-2422
-2604
-2739
-2896
-3045
-3137
-3105
-3104
-3190
-3286
-3382
-3421
-3419
-3350
-3303
-3226
-3115
-2986
-2895
-2787
-2638
-2373
-2034
-1682
-1396
-1133
-858
-557
-242
52
325
645
1037
1368
1615
1792
2008
2296
2644
2948
3139
3315
3502
3680
3795
3881
3954
4102
4211
4190
3975
3758
3681
3735
3735
3547
3226
2872
2637
2411
2144
1764
1400
1082
815
492
78
-329
-669
-932
-1159
-1357
-1599
-1831
-2005
-2115
-2223
-2342
-2464
-2562
-2631
-2673
-2774
-2936
-3115
-3229
-3243
-3190
-3183
-3253
-3346
-3446
-3468
-3432
-3344
-3263
-3098
-2951
-2862
-2749
-2564
-2336
-2037
-1642
-1329
-1086
-804
-461
-193
129
464
784
1094
1454
1772
2006
2247
2504
2757
2983
3258
3468
3639
3761
3924
4052
4197
4317
4397
4332
4164
3999
3852
3789
3765
3681
3356
3001
2695
2431
2138
1821
1426
1026
705
381
-65
-545
-912
-1216
-1482
-1746
-2003
-2279
-2451
-2548
-2661
-2788
-2893
-2968
-3032
-3111
-3212
-3351
-3504
-3611
-3627
-3575
-3520
-3530
-3583
-3651
-3671
-3586
-3438
-3260
-3090
-2873
-2727
-2582
-2368
-2093
-1783
-1383
-952
-619
-304
32
341
633
982
1337
1647
1958
2255
2494
2685
2877
3090
3301
3508
3691
3865
3961
4055
4140
4202
4240
4334
4407
4290
4024
3764
3553
3443
3423
3283
2916
2524
2232
1935
1590
1251
867
454
128
-201
-663
-1139
-1475
-1767
-2033
-2245
-2442
-2653
-2794
-2856
-2943
-3071
-3136
-3156
-3170
-3204
-3232
-3369
-3525
-3512
-3347
-3225
-3241
-3267
-3347
-3329
-3202
-3058
-3017
-2876
-2598
-2370
-2218
-2075
-1919
-1694
-1275
-856
-591
-371
-31
311
631
897
1117
1342
1665
2036
2280
2410
2513
2712
2947
3181
3338
3478
3571
3701
3834
3911
3932
3984
4088
4106
3998
3696
3410
3252
3271
3245
3059
2687
2310
2055
1843
1585
1177
779
398
102
-240
-650
-1137
-1518
-1757
-1975
-2175
-2390
-2566
-2739
-2796
-2877
-2985
-3090
-3096
-3090
-3149
-3283
-3473
-3545
-3441
-3250
-3225
-3332
-3469
-3450
-3350
-3234
-3173
-3067
-2851
-2566
-2341
-2239
-2135
-1888
-1462
-1056
-747
-513
-221
120
525
829
1053
1280
1620
1949
2190
2370
2508
2676
2905
3146
3296
3430
3605
3792
3903
3974
3997
4054
4163
4307
4270
4019
3629
3343
3269
3315
3286
3037
2642
2228
1951
1704
1366
957
593
232
-88
-463
-966
-1491
-1830
-2026
-2248
-2464
-2700
-2913
-3063
-3098
-3170
-3270
-3326
-3286
-3247
-3313
-3482
-3676
-3694
-3529
-3323
-3279
-3368
-3456
-3411
-3290
-3190
-3117
-2955
-2692
-2374
-2158
-2069
-1966
-1650
-1190
-773
-446
-154
150
493
831
1057
1261
1568
1958
2254
2465
2595
2710
2871
3101
3296
3438
3589
3771
3903
3948
3960
3987
4073
4176
4257
4130
3813
3441
3264
3206
3191
3083
2802
2388
2011
1763
1438
1073
703
381
6
-300
-704
-1210
-1666
-1927
-2160
-2416
-2586
-2768
-2932
-3030
-3044
-3158
-3258
-3242
-3166
-3167
-3252
-3473
-3667
-3659
-3419
-3217
-3219
-3331
-3396
-3328
-3214
-3104
-3011
-2816
-2555
-2264
-2094
-2038
-1896
-1522
-1091
-724
-402
-128
149
480
793
984
1196
1526
1864
2093
2268
2405
2535
2736
2958
3112
3242
3416
3601
3751
3846
3899
3935
4021
4114
4165
4044
3755
3490
3339
3308
3251
3136
2808
2417
2104
1867
1529
1167
817
415
73
-261
-688
-1231
-1579
-1842
-2078
-2317
-2484
-2692
-2847
-2887
-2938
-3053
-3141
-3103
-3077
-3082
-3149
-3342
-3634
-3673
-3440
-3212
-3172
-3232
-3397
-3500
-3355
-3108
-2981
-2820
-2538
-2311
-2176
-2051
-1906
-1654
-1159
-662
-341
-110
196
508
826
1098
1347
1632
1999
2349
2521
2610
2662
2885
3117
3359
3500
3626
3745
3890
4017
4000
4017
4075
4241
4270
4122
3718
3381
3223
3222
3189
2994
2629
2209
1943
1661
1312
889
497
125
-181
-523
-1016
-1534
-1919
-2176
-2417
-2616
-2806
-2992
-3126
-3157
-3217
-3344
-3414
-3398
-3338
-3285
-3297
-3523
-3809
-3826
-3535
-3214
-3054
-3104
-3319
-3402
-3206
-2933
-2766
-2543
-2265
-2028
-1850
-1719
-1604
-1320
-786
-301
5
235
500
793
1119
1397
1593
1845
2199
2511
2671
2706
2746
2893
3134
3332
3452
3552
3663
3795
3887
3888
3852
3939
4053
4019
3761
3419
3103
3034
3072
2972
2662
2290
1997
1693
1451
1090
703
293
23
-320
-730
-1180
-1586
-1923
-2178
-2337
-2546
-2723
-2904
-2969
-3028
-3049
-3133
-3175
-3164
-3102
-3066
-3192
-3485
-3669
-3498
-3115
-2846
-2856
-3083
-3320
-3197
-2867
-2632
-2531
-2301
-2084
-1896
-1731
-1649
-1545
-1123
-517
-147
55
277
558
849
1205
1432
1592
1892
2289
2513
2541
2545
2647
2873
3147
3340
3400
3451
3558
3698
3763
3753
3773
3882
3925
3792
3505
3181
2986
2967
2949
2706
2363
2042
1764
1477
1173
791
388
76
-187
-538
-993
-1397
-1740
-2031
-2253
-2423
-2609
-2781
-2880
-2941
-3020
-3081
-3144
-3157
-3110
-3035
-3031
-3198
-3476
-3596
-3370
-2993
-2756
-2768
-3008
-3227
-3096
-2759
-2534
-2365
-2098
-1925
-1775
-1601
-1489
-1368
-903
-329
-15
198
453
700
945
1278
1502
1681
2019
2417
2595
2620
2658
2777
2960
3187
3337
3411
3513
3668
3785
3757
3685
3694
3835
3841
3652
3292
3013
2840
2848
2767
2443
2024
1729
1495
1193
925
520
92
-281
-513
-917
-1348
-1705
-1954
-2231
-2408
-2541
-2734
-2884
-2930
-2935
-3041
-3065
-3078
-3034
-3012
-2910
-2937
-3161
-3388
-3312
-2993
-2666
-2515
-2659
-2938
-3020
-2725
-2414
-2250
-2057
-1770
-1598
-1449
-1301
-1225
-981
-420
87
293
465
738
979
1211
1477
1698
1940
2361
2722
2789
2715
2760
2916
3090
3281
3419
3490
3550
3674
3707
3647
3629
3716
3650
3423
3153
2973
2857
2804
2678
2309
1878
1581
1400
1120
815
461
52
-377
-704
-1057
-1478
-1789
-1984
-2205
-2460
-2601
-2749
-2895
-2991
-3008
-3048
-3071
-3014
-2965
-2964
-2962
-2949
-3081
-3296
-3331
-3079
-2745
-2551
-2579
-2841
-3050
-2893
-2499
-2237
-2060
-1784
-1603
-1496
-1347
-1183
-1013
-553
28
339
503
749
987
1175
1439
1716
1962
2273
2608
2741
2705
2731
2890
3076
3230
3388
3514
3587
3692
3768
3711
3627
3673
3618
3388
3135
3036
2939
2824
2662
2290
1836
1539
1393
1116
784
442
57
-374
-701
-1079
-1477
-1750
-1908
-2093
-2313
-2463
-2623
-2797
-2899
-2923
-2963
-2960
-2876
-2814
-2814
-2801
-2830
-2997
-3217
-3259
-3037
-2707
-2472
-2483
-2722
-2911
-2795
-2486
-2213
-1985
-1731
-1546
-1435
-1314
-1198
-1005
-587
-73
269
473
723
953
1154
1363
1573
1813
2179
2572
2763
2774
2752
2829
2957
3131
3304
3473
3616
3684
3678
3585
3512
3485
3419
3185
2979
2965
2972
2848
2550
2097
1598
1336
1230
1045
767
468
98
-351
-759
-1162
-1534
-1756
-1829
-1949
-2148
-2328
-2518
-2713
-2827
-2863
-2859
-2829
-2721
-2656
-2668
-2714
-2766
-2924
-3133
-3188
-2989
-2656
-2412
-2396
-2666
-2914
-2875
-2560
-2248
-1954
-1674
-1501
-1383
-1243
-1150
-1003
-608
-100
294
560
792
993
1201
1407
1600
1813
2185
2569
2810
2857
2826
2881
3015
3182
3281
3418
3562
3692
3745
3655
3524
3409
3275
3024
2833
2815
2852
2746
2434
1930
1399
1111
934
766
540
299
-27
-435
-871
-1340
-1727
-1922
-1973
-2074
-2181
-2292
-2450
-2660
-2786
-2883
-2926
-2834
-2679
-2565
-2521
-2528
-2620
-2822
-3050
-3103
-2884
-2523
-2271
-2269
-2546
-2776
-2721
-2461
-2188
-1897
-1614
-1421
-1273
-1153
-1089
-976
-566
-65
308
595
873
1063
1242
1402
1543
1763
2189
2660
2900
2928
2868
2888
2956
3099
3217
3370
3553
3723
3753
3609
3414
3225
3043
2842
2795
2832
2846
2670
2296
1761
1288
1028
870
748
586
373
39
-397
-890
-1355
-1681
-1794
-1827
-1876
-1964
-2102
-2292
-2520
-2711
-2808
-2784
-2650
-2471
-2390
-2393
-2469
-2609
-2854
-3072
-3111
-2837
-2461
-2218
-2285
-2607
-2867
-2823
-2547
-2261
-1939
-1642
-1420
-1277
-1208
-1219
-1078
-658
-131
292
613
874
1077
1221
1306
1373
1642
2147
2657
2913
2860
2747
2727
2859
2979
3126
3329
3584
3785
3795
3596
3265
2988
2794
2767
2854
2960
2904
2612
2129
1561
1135
896
784
716
591
323
-91
-593
-1160
-1598
-1787
-1799
-1773
-1747
-1784
-1964
-2219
-2465
-2647
-2722
-2599
-2364
-2178
-2116
-2162
-2346
-2583
-2866
-3078
-3020
-2675
-2254
-2066
-2219
-2568
-2768
-2708
-2477
-2200
-1829
-1464
-1211
-1099
-1105
-1137
-925
-436
48
415
755
1065
1278
1390
1393
1435
1747
2271
2701
2862
2878
2882
2923
2962
3011
3134
3364
3630
3759
3721
3387
2926
2433
2206
2282
2535
2668
2508
2152
1705
1284
845
587
448
414
339
129
-334
-887
-1366
-1631
-1738
-1753
-1704
-1629
-1644
-1852
-2108
-2401
-2600
-2606
-2395
-2159
-2042
-2035
-2121
-2329
-2619
-3032
-3325
-3076
-2449
-2009
-2121
-2526
-2942
-3362
-3324
-2768
-2624
-2815
-2492
-1767
-1259
-1120
-1427
-960
878
2054
1723
1632
2371
2831
2581
2118
2091
2976
3989
3991
3226
2940
3390
3745
3649
3560
3749
3993
4262
4301
3519
2179
1259
1218
1653
1885
1427
583
79
-52
-399
-1075
-1316
-903
-397
-363
-818
-1520
-2004
-1879
-1386
-1059
-963
-739
-493
-568
-935
-1383
-1775
-1794
-1406
-1104
-1303
-1811
-2177
-2344
-2469
-2486
-2817
-3361
-3351
-2474
-1743
-2085
-2860
-3038
-2115
-1003
-675
-1136
-1150
-443
8
-433
-1026
-894
99
1152
1304
858
840
1748
2542
2503
2059
2157
2930
3601
3578
2967
2696
3291
3947
4066
3679
3708
4172
4559
4020
2213
92
-924
-574
-139
-491
-1252
-1638
-1380
-1006
-1185
-1550
-1159
-75
664
459
-289
-998
-1091
-617
-208
-253
-362
-162
-38
-379
-1142
-1907
-2210
-1920
-1526
-1619
-2039
-2338
-2347
-2243
-2102
-2094
-2536
-3065
-2778
-1722
-1197
-1854
-2756
-2623
-1438
-452
-882
-1798
-1563
-466
-189
-903
-1406
-880
530
1691
1660
1211
1911
3236
3602
2869
2299
2752
3880
4330
3435
2278
2444
3483
3936
3618
3267
3533
4045
3816
1831
-993
-2449
-1593
-167
-59
-1198
-2036
-1495
-382
-51
-537
-411
727
1719
1435
30
-1296
-1429
-595
4
-260
-656
-573
-388
-683
-1444
-2232
-2427
-1796
-1127
-1256
-1968
-2426
-2291
-1840
-1763
-2408
-3065
-2624
-1379
-985
-2040
-3269
-3112
-1664
-644
-1128
-2102
-1972
-1016
-649
-1325
-1824
-1012
684
1677
1390
950
1604
3015
3720
3177
2320
2482
3530
4046
3246
2117
2051
3075
3779
3543
3114
3462
4334
4566
2889
-186
-2385
-1964
-390
12
-1109
-2113
-1562
-242
276
-232
-309
976
2194
2044
707
-766
-1359
-726
-52
-274
-814
-780
-524
-693
-1369
-2145
-2544
-2098
-1253
-1145
-1731
-2197
-2121
-1658
-1329
-1335
-1927
-2706
-3000
-2608
-2027
-2040
-2547
-2782
-2044
-1007
-1009
-1870
-2120
-1184
-335
-460
-1100
-1123
-116
1130
1515
1339
1830
3089
3595
2857
1934
2113
3165
3625
2830
1637
1686
2713
3426
3447
3306
3762
4515
4311
2003
-1407
-2981
-1968
-207
-121
-1383
-1974
-900
581
749
189
527
1976
3039
2433
486
-1176
-1270
-371
-8
-415
-769
-612
-383
-629
-1409
-2219
-2189
-1355
-714
-911
-1619
-1963
-1713
-1063
-718
-962
-1297
-2045
-3115
-3909
-3468
-2338
-1818
-2087
-2472
-1952
-1101
-1114
-1746
-1602
-507
166
-201
-1006
-1107
-79
1249
1846
1958
2362
2751
2548
2048
1810
2010
2345
2332
2029
2038
2520
3039
3221
3572
4141
4829
4175
1522
-1841
-3360
-2206
-687
-598
-1587
-1588
-160
1147
1107
599
1250
2688
3360
2391
431
-1029
-1136
-503
-390
-820
-986
-641
-315
-623
-1508
-2213
-2013
-1110
-567
-814
-1360
-1492
-1221
-879
-696
-956
-1061
-1700
-3086
-4237
-4015
-2713
-1796
-1872
-2459
-2147
-1182
-803
-1172
-1343
-651
61
78
-660
-1079
-409
829
1785
2238
2537
2736
2528
1947
1496
1689
2111
2304
2054
1954
2231
2761
3351
3856
4471
4747
3566
465
-2770
-3678
-2300
-970
-1267
-2121
-1448
474
1743
1342
947
1870
3364
3624
2046
-195
-1506
-1394
-888
-945
-1300
-1187
-644
-290
-681
-1572
-2135
-1699
-749
-212
-457
-1017
-1292
-1048
-594
-327
-666
-1610
-2516
-2834
-2669
-2641
-2897
-2881
-2156
-1175
-966
-1380
-1566
-999
-318
-95
-381
-671
-282
367
673
804
1284
2097
2924
2665
1862
1314
1493
2015
2170
1682
1257
1649
2506
3109
3252
3205
3811
4520
3553
214
-3368
-4505
-3080
-1272
-1021
-1731
-1524
13
1458
1891
1666
1946
2805
3283
2293
132
-1811
-2302
-1711
-1078
-832
-804
-618
-320
-249
-798
-1520
-1546
-811
-110
-27
-537
-1134
-1306
-938
-459
-304
-652
-1910
-3496
-4158
-3313
-1798
-1136
-1607
-2075
-1455
-466
-262
-779
-1037
-520
163
217
-463
-899
-243
1159
2081
2326
2450
2418
2233
1600
1133
1095
1469
1721
1664
1619
1940
2819
3593
4109
4342
4435
3094
5
-3575
-5109
-4098
-2294
-1404
-1428
-1009
167
1627
2324
2273
2121
2483
2729
1847
-291
-2283
-3025
-2553
-1651
-1020
-708
-401
12
66
-500
-1199
-1250
-669
-96
-25
-444
-972
-1189
-1023
-605
-338
-307
-1241
-2794
-3855
-3699
-2578
-1588
-1343
-1447
-1084
-408
-16
-363
-734
-445
284
988
484
-410
-286
604
1558
2128
2248
2374
2313
1798
1102
938
1217
1801
2054
1921
2188
2881
3527
3734
3782
4005
3358
857
-2855
-5204
-4964
-3200
-1798
-1438
-987
33
1483
2231
2219
2048
2159
2353
1747
101
-1845
-2911
-2915
-2321
-1582
-852
-203
287
375
-60
-775
-1146
-935
-485
-220
-295
-636
-1011
-1200
-1049
-916
-1113
-1568
-2023
-2338
-2552
-2539
-2309
-1767
-1142
-700
-510
-527
-638
-688
-579
-376
-104
175
505
844
1113
1357
1629
1982
2255
2200
1732
1317
1287
1610
1753
1666
1743
2363
3238
3750
3728
3512
3738
3369
1250
-2383
-5149
-5236
-3375
-1715
-1279
-972
49
1546
2460
2511
2257
2187
2236
1617
46
-1983
-3187
-3168
-2383
-1545
-865
-232
374
729
372
-495
-1176
-1067
-521
-261
-519
-1016
-1322
-1353
-1115
-738
-791
-1280
-1885
-2175
-2216
-2297
-2382
-2157
-1429
-726
-477
-738
-950
-816
-476
-219
-74
143
501
951
1212
1307
1437
1838
2250
2277
1781
1166
987
1330
1652
1600
1655
2114
2993
3589
3690
3503
3511
3484
1936
-1140
-4327
-5258
-4063
-2435
-1601
-1124
-10
1391
2451
2549
2291
2120
2099
1656
365
-1415
-2768
-3081
-2692
-1955
-1053
-53
760
1162
946
229
-615
-1036
-983
-781
-697
-903
-1219
-1489
-1345
-945
-553
-617
-1590
-2602
-3074
-2650
-1965
-1757
-1875
-1672
-994
-549
-515
-829
-780
-384
65
242
230
423
932
1499
1691
1769
1936
2129
2116
1647
1033
793
1084
1638
2023
2214
2524
3076
3664
3872
3717
3384
2074
-435
-3468
-5090
-4623
-3065
-1731
-902
154
1326
2378
2757
2733
2347
1935
1275
201
-1283
-2527
-2999
-2787
-2100
-1150
-17
870
1379
1237
610
-201
-741
-954
-983
-1022
-1116
-1274
-1394
-1321
-936
-500
-267
-594
-1827
-2969
-3409
-2787
-1893
-1522
-1623
-1546
-1031
-641
-453
-483
-200
271
647
716
502
466
730
1083
1276
1453
1645
1751
1632
1365
1175
1258
1660
2117
2388
2554
2757
3015
3429
3748
3902
2943
370
-2767
-4865
-4759
-3577
-2350
-1463
-323
1014
2060
2615
2652
2556
2191
1610
516
-856
-2185
-2948
-3034
-2496
-1461
-147
1001
1611
1540
885
7
-749
-1162
-1310
-1247
-1121
-1080
-1234
-1369
-1148
-646
-104
-269
-1346
-2475
-2947
-2424
-1748
-1589
-1812
-1704
-1084
-553
-474
-716
-612
-167
385
602
586
633
898
1189
1383
1514
1678
1724
1572
1283
1072
1095
1291
1640
1973
2400
2838
3199
3424
3507
3624
3333
1556
-1525
-4425
-5266
-4269
-2915
-2005
-1040
481
1892
2704
2727
2595
2238
1680
696
-583
-1909
-2828
-3081
-2751
-1861
-606
724
1566
1754
1271
428
-484
-1146
-1516
-1607
-1507
-1278
-1096
-1126
-1070
-728
-71
132
-548
-1535
-2126
-2058
-1940
-2105
-2263
-1921
-1225
-755
-719
-806
-524
18
548
705
770
893
1146
1292
1232
1228
1313
1496
1486
1307
1150
1229
1544
1797
1998
2135
2523
2961
3131
3074
3062
3229
2247
-294
-3436
-4995
-4463
-3180
-2257
-1441
-44
1524
2562
2737
2526
2166
1725
945
-210
-1557
-2569
-2992
-2806
-2138
-1013
301
1355
1837
1597
812
-258
-1079
-1480
-1558
-1537
-1431
-1232
-1060
-874
-669
-297
-35
-328
-1042
-1818
-2224
-2299
-2320
-2346
-2102
-1562
-1045
-674
-482
-286
-22
310
600
822
1005
1149
1227
1186
1212
1302
1451
1478
1389
1250
1280
1514
1761
2109
2287
2609
2720
2867
3023
3164
3345
2358
105
-2907
-4747
-4813
-3753
-2529
-1356
103
1448
2509
2822
2721
2242
1610
741
-337
-1538
-2556
-3072
-3055
-2392
-1243
192
1312
1858
1652
906
-94
-972
-1529
-1756
-1689
-1442
-1097
-920
-905
-811
-526
-412
-560
-910
-1290
-1698
-2227
-2694
-2716
-2190
-1450
-879
-598
-391
-176
26
207
429
738
1176
1511
1580
1395
1156
1079
1167
1349
1403
1439
1573
1828
2045
2081
2217
2430
2788
3013
3187
3300
3420
2584
310
-2740
-4919
-4956
-3792
-2437
-1379
-106
1270
2402
2877
2760
2310
1624
803
-308
-1511
-2600
-3143
-3158
-2499
-1302
230
1411
1906
1609
802
-198
-1111
-1680
-1924
-1812
-1490
-1035
-844
-868
-830
-539
-38
-30
-734
-1607
-2287
-2432
-2562
-2705
-2541
-1807
-912
-272
-15
-6
238
509
888
1031
1078
995
905
752
666
738
908
1142
1217
1385
1585
2009
2300
2391
2355
2352
2642
2844
2967
2805
2974
2715
1107
-1757
-4432
-5014
-3965
-2411
-1355
-285
899
2054
2742
2857
2557
1856
1069
80
-1018
-2200
-2952
-3157
-2621
-1469
37
1290
1898
1765
1004
-22
-990
-1553
-1787
-1731
-1511
-1133
-891
-790
-788
-610
-276
-8
-138
-1142
-2411
-3296
-3275
-2832
-2449
-2104
-1399
-434
279
463
272
242
546
957
1060
833
547
405
376
406
580
938
1389
1778
1998
2124
2274
2442
2511
2515
2585
2745
2924
2955
2859
2801
1848
-293
-3221
-5010
-4637
-2965
-1396
-443
482
1480
2527
2947
2796
2144
1376
502
-529
-1703
-2711
-3156
-2882
-1905
-524
881
1740
1858
1238
247
-829
-1587
-1906
-1835
-1607
-1326
-1039
-883
-721
-556
-295
-201
-243
-862
-1930
-2948
-3429
-3151
-2710
-2231
-1667
-765
83
596
641
492
526
731
916
821
587
303
202
249
470
854
1281
1707
2094
2293
2393
2406
2453
2565
2678
2648
2472
2406
2589
3037
2616
565
-2683
-5071
-5052
-3292
-1588
-727
28
1125
2407
3074
3010
2351
1560
740
-153
-1289
-2423
-3123
-3063
-2199
-824
674
1640
1866
1355
445
-576
-1396
-1796
-1813
-1562
-1252
-999
-846
-714
-498
-220
-108
-159
-433
-1365
-2569
-3533
-3584
-2926
-2196
-1592
-977
-221
335
606
482
432
552
836
978
820
464
145
17
115
476
977
1499
1919
2231
2287
2300
2257
2317
2346
2386
2328
2506
2759
3226
3059
1195
-2116
-5079
-5455
-3704
-1707
-849
-303
690
2136
3172
3367
2844
2091
1343
408
-875
-2303
-3276
-3411
-2584
-1087
590
1743
2069
1606
709
-337
-1250
-1787
-1872
-1573
-1177
-892
-868
-883
-696
-260
88
156
-106
-638
-1561
-2931
-4022
-4181
-3166
-1793
-903
-583
-279
260
721
878
747
768
999
1149
855
147
-510
-685
-291
444
1249
1924
2409
2672
2730
2530
2201
1960
1870
1975
2076
2269
2536
2995
2643
499
-2912
-5289
-4670
-2361
-624
-413
-263
691
2077
2908
2937
2499
1923
1272
228
-1220
-2716
-3483
-3271
-2143
-562
962
1802
1785
1069
95
-864
-1556
-1791
-1620
-1270
-970
-856
-875
-816
-483
-18
180
-62
-625
-1429
-2713
-3798
-4131
-3205
-1797
-780
-366
-76
347
674
779
553
481
592
808
749
417
31
-32
260
793
1406
1946
2273
2355
2219
2035
2014
2100
2183
2168
2135
2325
2913
3566
2892
49
-3743
-5632
-4365
-2021
-944
-1061
-544
1008
2595
3159
2852
2188
1584
950
-98
-1568
-2949
-3516
-3138
-1965
-446
901
1556
1496
862
-1
-830
-1352
-1476
-1324
-1097
-910
-862
-937
-857
-442
211
688
600
-14
-1244
-3033
-4345
-4474
-3203
-1703
-834
-591
-249
421
984
1126
895
936
1235
1396
896
-33
-766
-855
-330
486
1346
2089
2530
2628
2368
1970
1639
1631
1871
2204
2437
2551
2565
2658
2652
1293
-1603
-4597
-5039
-3052
-996
-646
-1010
-416
1116
2540
2936
2597
1897
1249
386
-872
-2361
-3308
-3272
-2331
-901
501
1336
1408
931
153
-653
-1236
-1396
-1199
-903
-714
-709
-851
-903
-660
-116
360
248
-561
-1737
-2841
-3538
-3436
-2694
-1584
-699
-204
48
261
357
315
264
314
541
701
673
447
235
206
447
888
1458
1920
1996
1814
1646
1692
1862
1985
2266
2557
2851
2901
2935
3014
2316
-179
-3605
-5373
-4088
-1589
-574
-968
-771
835
2523
3120
2677
2052
1584
1087
43
-1512
-2853
-3259
-2719
-1660
-412
646
1210
1130
595
-223
-956
-1301
-1178
-880
-727
-742
-832
-922
-905
-589
-121
222
100
-629
-1906
-3232
-3862
-3472
-2386
-1395
-825
-559
-283
63
341
467
536
755
978
986
679
236
-62
-88
200
715
1419
2021
2274
2143
1846
1694
1821
2230
2627
2854
2811
2737
2836
3002
2015
-766
-3988
-4949
-3059
-924
-681
-1512
-1130
707
2439
2773
2242
1763
1674
1288
63
-1645
-2820
-2935
-2276
-1330
-408
371
780
788
325
-401
-1029
-1195
-992
-761
-705
-749
-809
-847
-792
-505
-36
267
70
-782
-1960
-3094
-3643
-3421
-2594
-1580
-811
-426
-297
-110
245
667
960
1084
1058
868
473
-17
-362
-348
105
860
1689
2180
2268
1997
1775
1800
2123
2470
2617
2596
2666
2764
2938
2696
871
-2273
-4743
-4164
-1695
-269
-1004
-1636
-479
1633
2840
2604
1919
1597
1577
961
-501
-2076
-2684
-2304
-1509
-787
-162
296
566
511
-8
-749
-1192
-1043
-624
-393
-494
-640
-672
-522
-279
-29
128
30
-442
-1316
-2427
-3444
-3881
-3351
-2152
-1078
-704
-832
-667
-37
634
925
903
855
860
691
214
-310
-458
-161
378
929
1458
1861
1968
1902
1830
1888
2146
2385
2623
2675
2770
2821
3066
2502
250
-2927
-4547
-3140
-971
-535
-1759
-1795
-42
1997
2585
2092
1677
1802
1787
847
-774
-2012
-2149
-1658
-1066
-627
-194
146
392
262
-275
-936
-1138
-864
-568
-530
-626
-593
-412
-123
80
225
195
-91
-806
-1815
-2884
-3598
-3669
-3048
-2108
-1360
-1007
-833
-434
129
661
912
991
885
664
337
29
-87
12
225
530
1027
1614
1940
1898
1719
1712
1976
2246
2446
2609
2900
3193
3403
3155
1262
-1936
-4272
-3667
-1333
-369
-1474
-2359
-1120
1122
2461
2256
1677
1628
1846
1258
-309
-1725
-2052
-1518
-955
-623
-462
-307
-52
110
-160
-711
-993
-767
-526
-526
-660
-636
-366
49
407
522
408
52
-588
-1468
-2286
-2971
-3328
-3195
-2530
-1747
-1401
-1364
-1034
-146
721
1063
916
732
726
649
314
-31
31
391
638
660
795
1165
1612
1877
1974
2032
2183
2316
2423
2501
2704
3006
3287
2752
186
-3119
-4443
-2547
-371
-627
-2340
-2352
-86
1979
2188
1233
979
1624
1966
777
-1068
-1852
-1221
-460
-366
-608
-624
-323
14
-25
-569
-1032
-927
-504
-452
-733
-876
-517
80
549
673
557
279
-257
-1047
-1847
-2382
-2870
-3306
-3377
-2757
-1804
-1176
-1025
-761
50
964
1358
1046
570
447
563
494
218
71
201
477
799
1080
1333
1723
2122
2355
2176
1871
1838
2300
2874
3142
3288
2951
1031
-1998
-3657
-2421
-460
-584
-2369
-2839
-904
1408
2089
1284
761
1293
1840
953
-778
-1454
-656
197
63
-586
-953
-735
-288
-170
-598
-1025
-973
-732
-782
-1062
-1082
-627
136
751
929
763
377
-183
-939
-1644
-2238
-2842
-3078
-2827
-2264
-2080
-2141
-1803
-639
607
1053
765
383
468
690
593
242
342
823
1149
893
664
810
1241
1599
1752
1964
2201
2287
2173
2093
2250
2606
3193
3056
959
-2000
-3117
-1416
171
-815
-3088
-3130
-503
1983
2098
719
240
1236
1887
608
-1316
-1583
-164
844
285
-941
-1346
-694
59
-61
-809
-1204
-924
-674
-987
-1467
-1361
-543
361
750
572
360
299
149
-519
-1360
-2249
-2808
-2697
-2203
-1974
-2286
-2404
-1667
-224
654
612
240
333
734
752
228
-46
510
1332
1522
1112
887
1048
1367
1550
1612
1926
2310
2477
2140
1801
1825
2389
2900
1726
-1000
-2840
-1591
635
409
-2371
-3810
-1729
1409
2285
919
17
811
1807
981
-1047
-1807
-463
979
772
-617
-1430
-943
61
267
-470
-1093
-890
-421
-580
-1201
-1448
-850
80
501
198
-163
-54
270
181
-486
-1512
-2396
-2672
-2307
-1866
-1893
-2180
-2087
-1301
-438
-33
24
314
859
1024
515
-120
-18
717
1405
1580
1438
1281
1272
1318
1408
1683
2065
2412
2584
2490
2264
2253
2451
1581
-684
-2453
-1599
592
765
-1570
-3312
-1871
833
1795
682
2
977
2012
1153
-867
-1586
-442
771
472
-742
-1431
-959
-62
200
-430
-1100
-1033
-509
-343
-778
-1116
-799
-47
310
-24
-541
-559
-195
-90
-411
-997
-1669
-2181
-2282
-1951
-1662
-1774
-2092
-1881
-1071
-282
-66
-117
157
622
652
138
-140
264
1106
1629
1710
1430
1282
1355
1473
1627
1752
2052
2288
2426
2367
2341
2628
2003
-107
-2264
-1856
442
1200
-878
-2991
-1950
820
2002
586
-639
302
2078
1993
-67
-1411
-610
801
765
-539
-1462
-1019
105
482
-323
-1322
-1380
-661
-160
-435
-944
-879
-201
303
41
-532
-702
-377
-242
-559
-1263
-1897
-2011
-1632
-1265
-1482
-2025
-2222
-1655
-936
-644
-781
-653
1
602
520
-38
-101
514
1207
1420
1399
1489
1697
1841
1674
1594
1627
1837
2077
2334
2521
2543
2613
1583
-351
-1889
-1146
509
420
-1629
-2863
-1080
1507
2158
443
-763
35
1554
1441
-62
-836
-193
570
186
-792
-1234
-603
271
299
-649
-1536
-1470
-728
-158
-244
-610
-633
-220
39
-197
-549
-481
-200
-290
-1003
-1896
-2268
-1849
-1108
-943
-1479
-1952
-1621
-860
-568
-938
-1203
-754
-2
288
0
-190
152
684
947
1060
1392
1764
1933
1838
1813
1886
1912
1775
1676
1910
2325
2797
2508
812
-1422
-1754
188
1371
-389
-3170
-3046
37
2462
1712
-393
-776
785
1825
868
-529
-432
672
889
-201
-1320
-1208
-50
820
335
-1058
-1858
-1411
-483
-145
-486
-792
-493
164
283
-231
-725
-588
-224
-212
-931
-1854
-2129
-1541
-922
-1232
-2029
-2166
-1072
9
-8
-868
-1226
-672
-3
12
-316
-128
487
878
769
833
1240
1805
1984
1956
2041
2105
1926
1574
1865
2346
2616
1984
438
-1114
-1117
526
1146
-522
-2840
-2613
-179
1629
1059
-377
-348
991
1697
672
-417
6
1134
1092
-250
-1236
-903
256
771
-2
-1182
-1469
-796
-249
-465
-1058
-1177
-625
84
269
-4
-266
-335
-514
-880
-1326
-1549
-1329
-916
-979
-1770
-2457
-2193
-1061
-222
-289
-823
-865
-337
83
-104
-457
-329
215
644
846
1051
1240
1479
1570
1833
1953
2105
2001
2024
2143
2391
2640
1856
29
-1613
-743
1278
1224
-1526
-3607
-2130
968
2247
528
-1317
-864
1187
2076
778
-569
-246
1054
1310
292
-662
-423
610
807
-422
-1826
-1748
-453
336
-270
-1438
-1734
-893
90
215
-267
-533
-413
-374
-869
-1516
-1659
-1125
-665
-1050
-1954
-2224
-1404
-597
-679
-1322
-1404
-661
185
274
-131
-217
143
379
351
636
1283
1786
1614
1244
1346
1952
2360
2147
1817
1946
2546
2925
1661
-589
-1425
418
1906
240
-2794
-3283
-591
1660
1143
-979
-1485
190
1871
1431
-200
-599
380
1072
546
-128
28
875
1272
357
-1115
-1616
-815
-122
-467
-1299
-1517
-899
-161
-54
-553
-818
-614
-409
-729
-1309
-1423
-978
-623
-1115
-1907
-1966
-958
-144
-566
-1571
-1809
-937
-79
-91
-623
-525
300
948
928
774
971
1391
1677
1741
1694
1688
1794
1823
1867
1941
2298
2220
1036
-436
-402
1015
1115
-911
-2694
-1723
573
1215
-373
-1833
-1160
730
1614
616
-445
-44
991
986
7
-555
34
1085
1257
256
-753
-521
331
331
-798
-1763
-1591
-626
11
-285
-938
-993
-523
-426
-1034
-1544
-1309
-685
-644
-1367
-1929
-1436
-406
-260
-1041
-1553
-957
-96
-14
-702
-1115
-619
199
613
724
955
1292
1440
1586
1917
2180
2045
1660
1676
2079
2401
2083
851
-485
-590
826
1435
-312
-2584
-2369
88
1363
131
-1738
-1577
229
1494
625
-895
-801
620
1285
499
-159
218
999
959
43
-704
-312
707
948
12
-943
-871
-117
248
-284
-1117
-1299
-714
-343
-774
-1365
-1233
-801
-993
-1666
-1820
-1042
-357
-638
-1425
-1378
-514
123
-180
-730
-652
17
435
247
131
366
825
1103
1432
1754
1944
1976
2007
2228
2380
2439
1693
231
-642
199
1368
338
-2067
-2906
-912
1071
607
-1478
-2249
-724
1027
898
-619
-1098
44
1036
556
-332
-196
849
1410
769
-280
-372
540
1014
152
-1070
-1131
-69
775
450
-523
-933
-479
-69
-635
-1455
-1490
-828
-811
-1591
-2029
-1307
-295
-460
-1493
-1873
-781
440
353
-785
-1243
-279
895
1033
379
99
622
1353
1617
1368
1150
1380
1963
2356
2365
2337
2126
1158
273
544
1405
512
-1681
-2587
-955
811
304
-1701
-2686
-1269
706
927
-768
-1705
-663
799
819
-131
-475
203
1065
952
32
-475
141
831
527
-365
-688
-242
323
317
-282
-757
-547
3
-257
-958
-1240
-792
-577
-1079
-1693
-1622
-807
-485
-939
-1579
-1211
-272
100
-439
-851
-233
707
1077
600
210
726
1806
2401
1756
978
1152
2223
2672
2124
1551
1017
551
497
1412
1457
-201
-1863
-1293
564
754
-974
-2579
-2002
-212
574
-680
-2112
-1657
-89
507
-287
-852
-363
552
814
226
-323
-41
634
480
-410
-826
-231
501
397
-338
-846
-476
242
53
-873
-1344
-817
-440
-740
-1207
-1018
-490
-499
-1006
-1350
-845
-146
-49
-686
-910
-280
527
778
505
416
846
1577
2046
1964
1644
1570
1998
2486
2559
2161
1197
375
531
1636
1549
-395
-2057
-1204
884
1138
-799
-2489
-1806
115
750
-825
-2456
-1989
-359
125
-807
-1402
-722
378
618
-129
-718
-197
715
586
-498
-972
-232
673
609
-261
-883
-485
187
-15
-808
-1036
-532
-359
-740
-1013
-765
-541
-672
-942
-885
-394
-28
-243
-672
-533
75
536
544
325
363
913
1781
2074
1620
1219
1714
2527
2647
2218
1438
729
664
1514
1724
222
-1351
-997
640
789
-779
-2137
-1579
7
559
-694
-2072
-1578
-170
74
-1024
-1619
-1020
-27
229
-335
-795
-408
378
287
-515
-852
-213
367
252
-355
-705
-306
285
38
-792
-956
-414
-262
-764
-1011
-694
-345
-462
-822
-841
-350
21
-333
-748
-388
424
742
440
180
378
1103
1637
1524
979
1057
1936
2696
2607
2039
1396
889
1041
1843
1735
26
-1327
-497
1175
982
-934
-2205
-1372
294
626
-945
-2388
-1721
-57
195
-1021
-1752
-1127
-44
338
-223
-832
-547
173
95
-700
-946
-380
105
-73
-624
-855
-329
202
-174
-963
-892
-231
-205
-784
-966
-479
-159
-438
-1000
-981
-209
355
-41
-600
-226
692
1043
693
136
307
1047
1872
1699
1076
1197
2163
2898
2470
1507
470
532
1565
2292
921
-962
-905
1036
1848
188
-1788
-1815
-81
848
-321
-2188
-2162
-481
324
-700
-1830
-1519
-362
264
-186
-909
-878
-97
222
-341
-859
-584
-145
-236
-703
-940
-639
-355
-586
-1188
-1177
-601
-288
-670
-978
-768
-339
-147
-332
-560
-441
-45
122
-35
-82
213
612
855
760
752
1059
1687
1827
1605
1565
2140
2577
2378
1472
692
1070
2216
2001
-67
-1279
96
1881
999
-1395
-2274
-592
1151
700
-1481
-2436
-878
773
101
-1817
-2248
-932
265
-12
-1053
-1380
-498
335
-66
-1028
-1064
-286
71
-424
-940
-784
-276
-260
-965
-1450
-1042
-379
-478
-1059
-1223
-733
-245
-298
-753
-836
-325
196
172
-40
204
787
1148
893
749
1137
1776
1679
1198
1298
2130
2681
2320
1322
743
1389
2505
2050
40
-875
536
2056
1103
-1068
-1914
-507
1014
525
-1612
-2551
-1078
413
-247
-1965
-2256
-1003
202
76
-888
-1245
-399
455
-23
-1057
-1192
-458
-69
-455
-964
-1085
-739
-410
-529
-956
-1164
-877
-444
-154
-389
-848
-964
-469
75
54
-391
-540
-23
679
861
554
259
533
1219
1721
1647
1216
1298
1944
2638
2542
1750
782
840
1853
2127
509
-1058
-306
1561
1594
-432
-1744
-750
1107
1175
-844
-2426
-1460
497
464
-1479
-2615
-1684
-176
72
-944
-1745
-1177
-62
-13
-1009
-1483
-893
-239
-310
-638
-691
-460
-229
-408
-809
-1004
-757
-618
-714
-874
-785
-441
-121
-48
-210
-145
340
887
943
670
598
914
1335
1532
1434
1343
1479
1775
1979
2032
1820
1163
737
1105
1778
1094
-249
-375
999
1525
203
-1196
-1023
312
738
-423
-1961
-1770
-278
279
-903
-1961
-1451
-280
106
-656
-1527
-1423
-415
64
-708
-1601
-1492
-782
-524
-759
-1192
-1292
-945
-540
-681
-1087
-962
-571
-337
-452
-316
-29
244
230
33
40
419
825
691
484
777
1366
1637
1515
1502
1772
2202
2396
2295
2178
1899
1440
1191
1609
1689
617
-413
46
1154
808
-681
-1428
-670
315
149
-1074
-1788
-969
143
-142
-1394
-1774
-1004
-253
-424
-1130
-1504
-1038
-395
-540
-1290
-1501
-1009
-696
-953
-1392
-1505
-1288
-901
-1011
-1405
-1500
-933
-580
-830
-1129
-887
-199
156
99
-159
151
822
1259
1137
1032
1417
1898
2079
2068
2052
2118
2142
2293
2301
1827
1297
1377
1886
1526
538
201
1105
1582
650
-554
-522
457
677
-375
-1630
-1403
-239
124
-1013
-1978
-1537
-432
-115
-864
-1591
-1369
-455
-153
-895
-1560
-1287
-662
-699
-1285
-1657
-1508
-1181
-1262
-1626
-1728
-1342
-1144
-1307
-1359
-918
-504
-544
-680
-423
254
743
770
618
990
1649
1913
1648
1531
1945
2271
2308
2184
2222
1944
1564
1669
2054
1786
708
420
1153
1755
831
-448
-595
434
1008
99
-1208
-1298
-21
592
-263
-1337
-1074
45
548
-126
-1112
-1214
-488
-105
-749
-1637
-1809
-1344
-1053
-1242
-1743
-2006
-1749
-1285
-1243
-1620
-1896
-1791
-1365
-1044
-1088
-1369
-1285
-777
-274
-171
-187
41
586
1167
1416
1442
1505
1952
2247
2263
2184
2318
2177
1804
1836
2131
1905
992
673
1130
1424
706
-183
-253
378
716
3
-927
-916
16
384
-252
-879
-616
106
370
17
-534
-506
-43
171
-335
-868
-810
-567
-545
-817
-1082
-1278
-1259
-1225
-1457
-1797
-1981
-1834
-1662
-1579
-1630
-1669
-1444
-1004
-577
-454
-311
-58
412
846
1011
924
973
1412
1798
1870
1736
1666
1426
1405
1728
1883
1215
608
920
1638
1504
565
-38
354
1083
1019
40
-729
-338
420
303
-564
-1037
-654
-62
43
-466
-922
-703
-118
-2
-532
-840
-757
-432
-331
-461
-856
-1070
-834
-551
-744
-1278
-1421
-1165
-861
-961
-1291
-1391
-898
-283
-118
-457
-353
414
911
812
448
723
1283
1667
1528
1290
1203
1204
1443
1619
1189
416
224
864
1119
199
-786
-566
475
825
-68
-1030
-821
294
666
-194
-945
-502
568
788
105
-600
-383
254
432
-290
-1012
-971
-490
-413
-865
-1326
-1362
-1060
-885
-1073
-1353
-1311
-1017
-805
-813
-828
-675
-342
44
245
299
452
824
1187
1260
1228
1323
1682
1857
1798
1573
1300
1152
1270
1488
1065
254
23
687
1039
173
-879
-854
127
500
-334
-1419
-1333
-275
171
-644
-1500
-1156
-137
237
-386
-1078
-891
-67
248
-368
-979
-764
-209
-159
-575
-883
-791
-638
-646
-907
-1090
-983
-860
-939
-992
-739
-484
-460
-443
-162
322
690
866
880
1169
1734
2146
1929
1642
1898
2158
1947
1522
1526
1495
1205
940
959
843
326
-102
-137
82
12
-494
-1046
-1011
-521
-436
-1012
-1438
-1096
-406
-191
-575
-992
-815
-232
-39
-544
-1145
-1041
-620
-442
-820
-1182
-1242
-952
-781
-1014
-1347
-1417
-1116
-887
-800
-804
-596
-271
85
295
573
848
1133
1215
1429
1835
2076
2051
1801
1817
1701
1864
1725
1373
705
701
1144
1153
353
-481
-277
340
545
-250
-1019
-941
-145
29
-758
-1421
-1135
-314
-50
-405
-906
-811
-292
-5
-415
-1063
-1062
-713
-463
-837
-1192
-1288
-925
-710
-966
-1285
-1213
-727
-622
-764
-899
-568
-169
-32
-73
-2
476
958
1209
1141
1334
1762
2067
1971
1611
1481
1686
1907
1546
943
880
1418
1569
721
-81
35
661
600
-354
-1203
-1047
-262
-189
-1035
-1727
-1337
-527
-397
-942
-1361
-1107
-571
-415
-951
-1375
-1126
-510
-498
-1008
-1265
-889
-418
-591
-1064
-1192
-559
-68
-265
-726
-507
222
593
430
325
710
1191
1480
1428
1476
1637
1881
1791
1513
1433
1629
1620
1101
754
892
1239
924
158
-329
10
468
179
-703
-1097
-568
4
-263
-1043
-1326
-883
-309
-393
-977
-1263
-812
-325
-567
-1125
-1301
-968
-897
-1167
-1493
-1422
-1258
-1291
-1483
-1459
-1067
-846
-939
-1019
-544
42
315
261
471
1013
1560
1802
1856
2033
2328
2576
2361
1962
1818
2098
2075
1388
795
864
1370
1101
212
-458
-111
500
272
-701
-1285
-746
-77
-249
-1089
-1437
-935
-214
-251
-875
-1328
-858
-358
-538
-1292
-1563
-1122
-849
-1064
-1660
-1578
-1267
-944
-1283
-1565
-1455
-983
-790
-940
-916
-536
72
435
546
624
1091
1654
1977
1903
1910
2024
2058
2001
2007
1934
1590
1290
1306
1492
1336
801
303
307
580
488
-144
-685
-576
-214
-269
-773
-1120
-1019
-652
-532
-803
-1088
-953
-769
-803
-928
-850
-854
-990
-996
-740
-645
-906
-1196
-1172
-832
-656
-907
-1266
-1087
-521
-184
-260
-321
-98
426
896
1078
997
1120
1468
1618
1466
1523
1784
1732
1311
1210
1552
1768
1367
689
440
850
1195
693
-263
-573
-9
285
-245
-1067
-1220
-814
-430
-712
-1272
-1384
-1053
-858
-1075
-1202
-1143
-1121
-1192
-1078
-881
-896
-1074
-1160
-974
-587
-419
-616
-777
-420
162
447
405
347
626
1088
1551
1541
1318
1199
1394
1545
1509
1258
901
721
895
1086
819
333
95
243
407
351
1
-318
-310
-66
-54
-316
-510
-461
-304
-255
-294
-413
-481
-581
-559
-555
-587
-872
-1135
-1126
-879
-921
-1301
-1576
-1422
-1070
-979
-1191
-1310
-953
-462
-166
-120
69
460
950
1269
1417
1525
1697
1724
1635
1609
1733
1602
1199
962
1115
1250
979
457
177
288
429
225
-271
-483
-393
-289
-497
-712
-748
-621
-543
-592
-693
-751
-643
-516
-531
-686
-768
-664
-490
-479
-657
-783
-680
-495
-478
-641
-724
-538
-296
-244
-262
-127
184
425
540
610
777
961
995
820
705
821
986
833
581
530
692
754
617
421
318
344
355
237
21
-62
-62
-109
-316
-452
-449
-319
-347
-564
-780
-734
-517
-457
-614
-753
-659
-472
-358
-410
-483
-469
-337
-267
-275
-283
-232
-174
-116
-13
115
214
254
314
438
614
675
577
435
440
563
656
604
489
459
549
661
644
545
436
404
397
358
229
64
-33
-82
-153
-270
-374
-473
-568
-630
-664
-737
-860
-928
-871
-797
-794
-841
-849
-775
-655
-550
-540
-523
-382
-164
-28
13
128
352
576
697
741
790
906
1042
1050
925
801
786
808
783
705
616
540
482
422
347
265
201
123
12
-104
-182
-211
-254
-313
-372
-406
-424
-422
-427
-457
-524
-585
-586
-546
-555
-637
-720
-734
-694
-683
-744
-844
-872
-762
-596
-510
-501
-421
-192
78
283
397
507
690
937
1102
1065
982
1018
1178
1260
1198
1052
965
957
956
838
640
510
456
351
146
-39
-167
-257
-358
-470
-580
-638
-630
-668
-791
-886
-880
-827
-824
-856
-919
-960
-936
-866
-846
-883
-905
-891
-823
-709
-586
-487
-354
-163
56
279
489
674
843
1028
1212
1281
1241
1198
1248
1328
1342
1228
1030
887
858
836
676
443
267
177
87
-40
-192
-330
-397
-415
-421
-447
-456
-473
-526
-548
-510
-481
-527
-599
-640
-648
-662
-737
-867
-944
-922
-913
-983
-1039
-997
-875
-713
-554
-418
-249
-1
256
474
679
877
1001
1073
1150
1271
1369
1414
1371
1286
1216
1170
1080
907
739
587
430
226
36
-137
-283
-398
-484
-555
-611
-653
-691
-727
-709
-664
-650
-662
-643
-583
-534
-523
-544
-570
-559
-523
-502
-513
-492
-439
-369
-284
-162
-36
76
186
316
462
587
644
632
631
699
803
850
827
757
704
677
656
616
538
427
295
156
62
-20
-116
-239
-341
-384
-394
-424
-500
-573
-590
-558
-535
-571
-606
-610
-593
-577
-576
-575
-578
-553
-524
-473
-396
-295
-204
-119
4
172
332
466
579
703
817
885
884
861
879
946
994
965
883
785
715
659
598
501
372
215
54
-95
-223
-367
-518
-651
-735
-790
-837
-900
-955
-954
-906
-851
-831
-796
-752
-690
-644
-595
-550
-493
-432
-363
-286
-181
-64
38
145
288
476
652
788
870
953
1034
1083
1060
997
941
917
905
843
722
565
427
325
254
183
83
-54
-203
-316
-393
-463
-552
-639
-704
-723
-711
-707
-730
-743
-717
-662
-611
-581
-582
-610
-602
-557
-497
-464
-448
-437
-376
-254
-114
-3
100
241
427
627
797
923
1019
1125
1196
1214
1181
1179
1192
1205
1151
1013
818
651
549
470
350
175
-48
-271
-435
-556
-692
-876
-1049
-1180
-1221
-1206
-1197
-1244
-1294
-1277
-1184
-1073
-981
-939
-904
-832
-704
-577
-478
-377
-251
-95
78
243
381
519
695
899
1084
1233
1341
1418
1444
1458
1455
1449
1463
1479
1414
1252
1069
919
807
691
546
343
123
-71
-234
-449
-679
-893
-1060
-1183
-1254
-1306
-1382
-1456
-1504
-1494
-1452
-1377
-1312
-1275
-1257
-1188
-1102
-1007
-915
-797
-655
-486
-304
-129
35
222
447
663
859
1047
1231
1370
1451
1478
1482
1527
1625
1704
1680
1559
1402
1270
1184
1111
987
792
586
380
189
-26
-248
-484
-682
-827
-915
-1011
-1116
-1239
-1334
-1385
-1378
-1343
-1332
-1337
-1343
-1325
-1292
-1238
-1169
-1065
-932
-771
-616
-470
-327
-142
57
283
515
747
932
1054
1108
1158
1246
1407
1551
1614
1568
1480
1403
1361
1315
1213
1069
907
752
570
366
125
-101
-297
-437
-565
-674
-787
-885
-985
-1058
-1099
-1111
-1111
-1110
-1126
-1162
-1180
-1167
-1125
-1062
-969
-875
-774
-656
-511
-360
-194
-6
195
409
621
778
844
868
931
1052
1196
1303
1306
1212
1112
1061
1018
952
854
715
558
426
295
118
-73
-240
-370
-461
-505
-542
-609
-677
-715
-729
-715
-681
-656
-664
-679
-673
-673
-672
-655
-609
-561
-503
-439
-405
-361
-271
-141
-6
143
276
380
437
488
530
624
759
898
965
938
884
839
842
837
800
693
583
461
354
205
45
-130
-278
-386
-461
-527
-597
-660
-735
-793
-823
-802
-781
-753
-746
-740
-743
-701
-637
-563
-474
-367
-264
-179
-82
28
148
291
464
620
725
778
791
787
831
930
1023
1036
986
889
798
727
678
587
454
311
183
50
-103
-267
-440
-584
-680
-713
-747
-790
-833
-861
-873
-846
-788
-735
-694
-648
-605
-567
-511
-444
-362
-282
-181
-96
-25
39
119
218
337
472
578
641
657
662
676
733
819
893
911
870
785
701
647
606
536
426
290
151
21
-96
-243
-400
-532
-607
-639
-655
-679
-731
-772
-787
-752
-716
-673
-635
-597
-559
-506
-456
-405
-340
-245
-138
-41
45
113
182
275
406
530
626
672
677
669
686
738
806
857
858
810
727
644
571
515
436
324
190
38
-112
-272
-420
-586
-715
-794
-825
-854
-897
-956
-1019
-1022
-963
-866
-794
-731
-670
-591
-483
-355
-242
-144
-15
143
294
411
497
559
645
791
925
997
976
925
885
908
970
1007
972
877
784
693
617
520
418
282
159
25
-124
-314
-500
-655
-762
-834
-894
-959
-1037
-1087
-1113
-1115
-1110
-1065
-1006
-919
-836
-753
-693
-612
-492
-337
-171
-7
135
245
357
467
589
714
847
938
993
984
966
946
969
1011
1042
1018
939
830
724
643
572
502
390
251
91
-71
-240
-392
-530
-646
-743
-806
-870
-937
-1008
-1054
-1083
-1071
-1019
-944
-880
-810
-746
-678
-597
-469
-310
-149
5
148
254
354
471
591
705
805
883
919
919
915
911
919
931
929
874
776
673
581
511
443
351
218
59
-107
-258
-405
-537
-644
-738
-820
-882
-949
-1021
-1073
-1084
-1064
-1005
-928
-860
-807
-745
-657
-547
-410
-257
-109
38
186
331
455
565
680
800
917
1024
1090
1105
1083
1078
1087
1103
1095
1049
942
820
711
613
497
359
203
29
-135
-293
-459
-641
-802
-924
-1017
-1094
-1165
-1231
-1289
-1311
-1292
-1252
-1195
-1103
-992
-889
-780
-662
-537
-391
-210
-32
126
283
448
605
734
845
938
1026
1128
1233
1281
1268
1229
1199
1181
1159
1117
1016
882
762
663
552
419
253
67
-113
-252
-368
-503
-661
-811
-937
-1031
-1082
-1127
-1184
-1231
-1237
-1213
-1178
-1137
-1083
-1010
-914
-795
-674
-562
-429
-272
-109
40
187
335
486
632
764
857
933
1021
1115
1183
1213
1213
1187
1159
1137
1096
1011
906
790
670
538
393
216
35
-131
-267
-393
-532
-688
-849
-982
-1070
-1125
-1165
-1195
-1206
-1184
-1128
-1064
-1004
-936
-838
-707
-563
-422
-283
-136
16
169
289
390
509
658
796
873
886
867
866
906
958
970
941
898
853
789
713
633
547
467
388
286
159
41
-63
-178
-295
-401
-485
-564
-649
-748
-860
-945
-976
-971
-962
-941
-904
-855
-804
-758
-698
-616
-500
-359
-221
-90
43
176
281
356
435
546
672
771
808
795
781
800
835
831
788
750
744
741
692
576
424
312
256
213
137
30
-75
-149
-212
-288
-389
-484
-538
-572
-621
-693
-764
-806
-804
-778
-754
-735
-699
-645
-585
-533
-470
-380
-258
-128
-9
93
177
260
349
429
490
562
635
686
704
694
685
684
697
697
658
592
530
473
402
309
204
107
33
-24
-94
-190
-279
-349
-398
-442
-493
-551
-590
-602
-604
-613
-622
-615
-577
-515
-464
-429
-393
-338
-263
-174
-82
0
76
148
209
262
316
372
422
460
490
518
539
542
521
492
487
495
485
440
374
298
236
190
123
35
-46
-101
-150
-212
-292
-357
-402
-430
-463
-498
-525
-527
-503
-479
-475
-465
-427
-370
-313
-272
-225
-164
-80
3
82
144
203
257
305
339
367
410
450
476
480
476
462
451
433
412
382
355
333
292
242
176
105
25
-45
-108
-153
-192
-240
-303
-376
-434
-471
-490
-515
-536
-546
-527
-491
-465
-455
-443
-400
-334
-252
-178
-119
-59
19
108
190
261
320
369
406
441
474
497
514
519
514
509
496
469
429
387
359
335
298
241
174
98
26
-38
-103
-157
-193
-228
-284
-358
-421
-459
-481
-494
-506
-527
-531
-519
-501
-491
-474
-438
-383
-330
-269
-192
-115
-46
28
95
166
254
334
399
432
457
480
498
504
512
505
503
491
474
437
390
353
318
271
193
123
59
0
-71
-144
-202
-234
-268
-310
-364
-408
-431
-451
-463
-469
-465
-459
-456
-460
-446
-411
-352
-297
-254
-210
-149
-82
-24
32
90
167
248
312
353
388
418
437
448
438
444
475
499
479
426
373
359
353
317
239
151
93
57
-4
-107
-188
-224
-220
-249
-329
-397
-420
-410
-406
-419
-434
-412
-374
-360
-357
-350
-312
-258
-209
-155
-78
-9
31
44
63
125
201
255
274
298
335
352
340
314
323
363
396
380
311
264
272
279
227
167
135
119
89
14
-59
-118
-148
-171
-209
-248
-267
-281
-318
-380
-430
-423
-382
-365
-384
-403
-374
-313
-266
-242
-216
-149
-77
-16
12
46
91
165
230
268
310
357
408
436
439
432
449
451
439
416
393
371
339
287
238
201
165
116
49
-50
-153
-221
-242
-263
-316
-373
-395
-386
-394
-441
-485
-471
-417
-372
-386
-410
-387
-320
-264
-234
-206
-153
-85
-23
15
54
93
139
205
264
303
328
357
396
431
438
432
433
438
434
405
370
368
347
285
215
161
136
93
-9
-115
-154
-152
-184
-271
-352
-368
-329
-311
-365
-408
-392
-347
-346
-386
-375
-296
-216
-193
-214
-208
-136
-66
-70
-69
-28
62
118
110
82
107
197
274
276
254
285
339
367
321
288
339
411
408
310
249
264
303
254
137
55
58
54
-30
-158
-244
-216
-205
-242
-335
-384
-369
-348
-358
-393
-388
-355
-319
-315
-307
-266
-217
-175
-146
-73
-2
23
-1
35
144
250
249
176
172
252
352
352
330
348
420
409
310
240
240
340
342
280
169
138
175
145
40
-153
-174
-120
-101
-215
-389
-440
-408
-338
-350
-424
-389
-312
-302
-327
-362
-270
-135
-118
-172
-160
-64
18
17
2
62
148
187
131
108
201
291
290
212
202
292
377
354
224
180
253
335
282
149
89
176
231
141
-38
-105
0
38
-96
-284
-294
-163
-114
-283
-446
-427
-257
-193
-302
-392
-328
-170
-141
-234
-262
-100
38
26
-76
-78
48
156
160
94
139
249
280
197
148
231
353
365
261
166
195
285
277
187
134
233
284
219
52
-64
-19
27
-8
-151
-219
-243
-205
-288
-375
-365
-280
-192
-264
-370
-417
-325
-243
-218
-241
-206
-97
-41
-55
-56
56
209
235
132
89
207
353
357
244
228
348
427
333
166
168
318
421
305
119
73
187
232
84
-36
-20
63
13
-214
-366
-274
-123
-160
-390
-541
-436
-263
-277
-420
-435
-300
-205
-275
-397
-371
-166
-46
-55
-152
-127
45
175
164
116
166
319
420
319
233
279
475
482
316
153
209
393
414
254
144
253
380
317
48
-68
48
193
102
-106
-202
-103
-83
-260
-462
-439
-260
-246
-437
-587
-455
-282
-293
-501
-527
-301
-92
-130
-307
-337
-158
35
-13
-90
-28
199
334
243
139
213
397
510
426
310
353
453
424
315
284
344
413
357
244
216
296
295
187
78
43
93
53
-108
-224
-275
-228
-212
-313
-402
-414
-395
-395
-446
-460
-393
-352
-346
-351
-364
-328
-284
-236
-201
-178
-76
-9
-14
-40
54
228
333
319
214
235
371
422
316
231
331
448
436
251
227
359
419
331
155
163
240
212
7
-122
-71
-10
-110
-277
-242
-137
-105
-268
-376
-292
-154
-192
-352
-403
-312
-149
-201
-297
-316
-196
-104
-163
-242
-179
-17
15
-56
-107
28
147
137
78
130
268
315
216
127
176
352
389
253
164
151
289
324
240
141
136
221
179
26
-101
-61
51
39
-83
-209
-220
-160
-142
-178
-230
-205
-167
-131
-217
-261
-245
-180
-71
-115
-192
-222
-104
-5
-39
-114
-30
134
187
32
-45
72
218
220
54
61
252
316
172
-14
33
285
326
145
-1
78
258
247
0
-139
-5
183
142
-135
-268
-132
11
-102
-320
-355
-159
-15
-113
-289
-236
-38
36
-105
-201
-114
7
-7
-121
-74
60
121
62
-24
46
218
198
118
58
152
274
212
92
43
124
146
110
40
35
107
99
41
-45
-54
16
27
-50
-112
-131
-99
-56
-127
-170
-158
-157
-142
-176
-217
-213
-194
-181
-154
-143
-201
-172
-133
-52
45
58
51
47
28
65
154
156
196
218
233
257
245
191
233
277
331
343
219
175
192
211
119
11
-5
67
85
-16
-153
-184
-130
-105
-139
-186
-187
-196
-266
-331
-288
-217
-216
-333
-408
-339
-223
-230
-296
-250
-162
-113
-138
-133
-54
66
97
53
36
105
236
300
259
229
288
356
372
361
355
388
406
340
265
257
319
313
192
91
44
52
51
14
-12
-18
-57
-112
-166
-203
-207
-239
-287
-333
-357
-378
-388
-411
-402
-349
-292
-271
-287
-292
-240
-150
-121
-115
-75
-20
11
20
61
155
242
259
270
311
345
337
295
314
391
416
335
267
291
314
249
170
170
257
279
132
2
-17
29
3
-112
-178
-181
-170
-247
-351
-343
-273
-236
-281
-359
-402
-363
-339
-345
-352
-315
-264
-270
-303
-276
-146
-15
79
84
80
95
121
180
239
276
281
285
305
335
358
353
330
312
338
376
333
231
125
113
174
179
88
13
26
33
-19
-142
-175
-100
-70
-144
-271
-301
-226
-214
-280
-331
-288
-191
-175
-260
-306
-247
-156
-155
-213
-186
-102
-15
-40
-68
-2
98
117
87
57
105
214
190
132
156
257
290
209
110
142
269
288
180
66
66
130
114
9
-46
2
60
14
-97
-170
-139
-84
-87
-112
-143
-114
-92
-111
-153
-151
-109
-64
-45
-100
-118
-88
-2
28
6
-12
40
105
66
11
-9
62
150
147
70
26
64
137
150
107
85
114
126
56
-39
-64
-14
28
3
-52
-72
-55
-48
-78
-124
-123
-92
-85
-127
-168
-155
-106
-70
-51
-41
-13
14
13
14
29
76
102
94
64
64
66
87
136
144
142
164
196
188
129
45
43
110
117
48
-37
-74
-61
-59
-85
-81
-48
-38
-66
-127
-158
-140
-138
-155
-178
-196
-192
-156
-165
-193
-182
-148
-89
-67
-72
-51
8
27
38
41
77
142
160
147
152
172
195
208
169
154
170
197
209
188
154
149
127
85
64
63
67
60
28
-18
-45
-73
-94
-109
-123
-122
-115
-134
-164
-207
-254
-271
-234
-177
-159
-187
-215
-180
-159
-153
-149
-103
-12
40
5
-27
-7
55
125
140
144
179
234
241
216
192
196
253
258
208
163
127
114
106
85
82
111
119
85
33
-19
-43
-34
-36
-72
-99
-126
-150
-144
-160
-177
-158
-157
-157
-163
-189
-174
-127
-107
-107
-82
-35
34
34
-37
-56
-3
57
92
59
40
95
134
134
128
114
139
163
130
98
70
64
86
67
12
-16
-18
10
15
-55
-116
-105
-85
-101
-140
-167
-117
-67
-92
-115
-99
-56
-28
-60
-99
-59
2
16
-2
-5
55
120
103
65
85
129
145
108
67
81
113
79
33
29
66
107
77
16
30
85
68
-2
-69
-61
-35
-61
-116
-156
-150
-120
-117
-153
-152
-111
-77
-84
-124
-133
-106
-82
-71
-67
-59
-29
-2
18
39
59
80
96
115
149
179
181
169
153
166
198
202
176
156
155
151
114
75
74
81
62
22
-24
-61
-63
-73
-98
-121
-144
-160
-184
-207
-218
-223
-214
-205
-206
-201
-191
-172
-146
-125
-111
-109
-116
-98
-50
-2
39
50
70
109
149
163
166
187
219
242
231
219
215
227
230
217
210
229
223
169
99
68
90
92
42
-11
-11
-17
-61
-144
-185
-170
-156
-176
-204
-206
-199
-213
-244
-254
-229
-190
-176
-169
-161
-145
-131
-130
-110
-67
-22
13
34
55
76
91
106
124
157
196
217
221
211
199
201
207
193
180
170
145
117
85
57
57
53
33
3
-22
-42
-53
-83
-115
-143
-155
-154
-161
-179
-206
-202
-186
-176
-183
-180
-149
-114
-101
-96
-77
-47
-17
-17
-11
18
51
81
90
102
139
180
185
169
171
190
216
203
172
159
157
145
116
89
73
72
45
0
-35
-46
-61
-99
-124
-144
-148
-162
-187
-190
-176
-169
-170
-169
-164
-143
-132
-115
-96
-83
-74
-59
-36
-3
21
27
49
85
108
115
117
131
161
179
173
166
172
171
170
152
134
135
130
112
87
51
28
15
-4
-35
-69
-92
-106
-118
-146
-169
-173
-177
-187
-196
-191
-174
-166
-164
-149
-124
-101
-88
-84
-69
-41
-21
2
30
61
86
102
115
144
174
187
195
197
199
202
193
192
194
185
172
157
138
128
104
55
13
-14
-30
-50
-76
-104
-111
-117
-136
-164
-187
-189
-190
-201
-215
-216
-202
-185
-179
-174
-159
-142
-119
-97
-77
-54
-24
2
25
56
92
126
151
168
182
189
190
192
199
201
196
195
190
174
150
123
103
89
66
42
15
-12
-44
-83
-110
-121
-126
-136
-144
-156
-164
-169
-179
-192
-197
-188
-174
-160
-145
-130
-110
-90
-67
-38
-10
13
34
54
75
98
119
140
158
173
188
200
211
222
226
225
223
219
212
195
168
140
121
95
68
37
2
-26
-53
-80
-103
-125
-152
-170
-191
-211
-227
-239
-250
-253
-256
-261
-254
-237
-218
-204
-188
-171
-148
-124
-98
-69
-36
-7
21
57
89
117
142
168
192
213
229
244
257
263
264
264
260
254
251
236
219
195
169
140
105
70
46
18
-14
-44
-76
-103
-128
-157
-180
-194
-212
-225
-238
-247
-249
-251
-248
-241
-229
-219
-206
-190
-164
-146
-122
-92
-62
-26
10
41
70
96
116
136
152
165
178
185
193
198
194
190
185
178
166
150
134
122
102
75
52
28
13
0
-14
-31
-52
-72
-91
-107
-116
-126
-138
-142
-135
-132
-132
-128
-128
-121
-107
-92
-81
-71
-52
-33
-21
-4
16
35
51
66
83
96
107
113
117
122
130
132
131
129
125
117
110
99
86
74
59
47
32
23
9
-9
-21
-30
-44
-54
-63
-68
-75
-83
-89
-95
-102
-106
-105
-99
-96
-91
-82
-72
-67
-57
-46
-37
-26
-14
-3
10
19
29
41
47
53
60
66
69
69
62
58
54
50
45
40
37
33
25
15
6
-4
-14
-27
-34
-40
-41
-39
-41
-44
-44
-45
-47
-48
-50
-50
-46
-44
-38
-27
-20
-15
-7
5
14
22
30
38
47
51
53
54
53
50
48
46
43
41
40
39
39
38
31
21
13
6
-4
-12
-23
-33
-39
-46
-53
-56
-58
-66
-67
-66
-65
-63
-64
-67
-64
-58
-51
-44
-34
-24
-14
-8
-1
7
12
17
23
31
44
54
61
67
74
80
84
88
85
82
79
75
70
65
58
56
55
49
40
27
12
-2
-15
-24
-31
-38
-45
-49
-52
-55
-60
-65
-66
-65
-63
-63
-67
-67
-68
-68
-62
-53
-44
-33
-27
-24
-19
-15
-12
-11
-1
12
23
32
40
46
46
47
50
59
61
64
68
69
64
57
50
43
38
28
22
19
18
10
3
-2
-7
-11
-12
-14
-17
-18
-23
-24
-26
-30
-32
-27
-27
-26
-23
-20
-19
-21
-23
-25
-24
-22
-21
-19
-18
-18
-14
-12
-13
-12
-12
-12
-11
-5
-2
0
-1
-1
-3
-4
-5
-7
-7
-7
-5
-5
-3
0
3
5
6
7
11
9
7
7
5
6
8
13
14
14
14
19
21
16
14
15
16
17
17
17
18
16
12
11
12
10
8
3
0
-4
-5
-10
-13
-15
-16
-15
-14
-12
-10
-14
-15
-13
-15
-16
-17
-16
-16
-14
-13
-12
-6
-5
-5
0
6
6
6
8
11
13
13
17
20
22
19
21
21
17
12
12
11
11
12
14
17
13
12
12
9
4
2
-1
-3
-5
-8
-8
-10
-14
-18
-22
-22
-21
-21
-22
-19
-14
-13
-10
-7
-5
-5
-2
-1
2
4
7
