-11
-5
4
8
11
16
12
11
11
9
7
12
19
28
34
30
19
16
18
15
12
9
6
6
4
9
21
30
30
36
35
32
20
1
-6
-10
-8
-9
0
-6
-9
-12
-7
-9
-18
-21
-32
-38
-39
-42
-52
-62
-74
-70
-69
-61
-50
-52
-50
-44
-50
-62
-60
-53
-59
-59
-36
-8
3
12
16
10
12
35
38
13
4
9
11
21
33
39
52
71
85
64
60
89
98
116
145
155
147
134
110
82
58
79
103
98
71
61
48
17
10
19
42
70
55
-7
-48
-30
7
-1
-23
-28
-3
34
47
-16
-97
-139
-112
-60
-45
-59
-92
-128
-115
-78
-46
-44
-59
-73
-56
-29
-47
-94
-136
-112
-65
-36
-8
6
0
6
21
-9
-29
-23
-3
50
122
154
107
81
108
133
125
105
77
68
92
145
147
107
136
214
249
328
375
275
80
-41
-76
-40
129
305
346
223
67
-69
-74
130
314
216
-35
-338
-458
-727
-1297
-1958
-2108
-1008
1206
3212
2343
-365
-3312
-4049
-1659
698
516
-2092
-3821
-2881
294
2590
2567
1257
496
752
643
-192
-1190
-1225
-648
-275
-329
114
1457
2669
2446
1075
29
293
1070
744
-548
-1097
-244
1087
1488
620
81
725
1565
1394
467
-191
-51
128
-256
-659
-438
234
596
407
171
278
263
-180
-827
-929
-475
-186
-370
-554
-415
-160
-163
-522
-938
-1039
-908
-774
-688
-586
-496
-441
-328
-209
-177
-364
-443
-334
-43
195
289
229
171
147
255
477
739
939
949
845
806
948
962
934
853
973
1161
1272
1133
897
671
569
515
442
246
17
-298
-611
-882
-1016
-1113
-1274
-1342
-1362
-1297
-1333
-1506
-1804
-2047
-2058
-1793
-1501
-1278
-1157
-1020
-763
-468
-344
-387
-420
-218
231
678
1037
1283
1314
1292
1282
1438
1723
2087
2302
2370
2441
2614
2618
2203
1501
826
557
757
1122
1131
875
603
411
-3
-638
-1420
-2003
-2185
-2043
-1836
-1672
-1649
-1846
-2179
-2487
-2570
-2399
-2157
-1935
-1621
-1186
-790
-749
-1022
-1270
-1240
-933
-534
-227
-11
195
513
794
1008
1162
1283
1436
1698
1990
2090
2099
2129
2280
2537
2851
2976
2781
2427
1900
1395
1110
1176
1176
930
664
608
558
146
-644
-1549
-2155
-2344
-2314
-2332
-2261
-2018
-1807
-1787
-1904
-2154
-2581
-2860
-2741
-2237
-1564
-874
-531
-555
-659
-771
-988
-1154
-1108
-938
-537
149
802
1056
997
968
1038
1214
1392
1551
1795
2292
2887
3346
3585
3609
3415
2957
2406
1735
1166
898
1110
1427
1570
1472
1175
743
69
-792
-1702
-2407
-2797
-2930
-2824
-2520
-2182
-1973
-2012
-2176
-2417
-2581
-2565
-2542
-2458
-2249
-1806
-1369
-930
-780
-942
-1119
-982
-600
-412
-340
-224
235
735
1030
994
914
1053
1352
1725
2059
2430
2771
3155
3519
3792
3897
3738
3281
2597
1891
1385
1342
1566
1629
1369
1216
1230
1070
332
-846
-1998
-2781
-3211
-3518
-3671
-3509
-3079
-2634
-2326
-2171
-2274
-2542
-2781
-2941
-2907
-2731
-2323
-1785
-1080
-523
-263
-214
-135
-103
-276
-384
-256
116
467
832
1198
1552
1949
2268
2416
2416
2487
2657
2873
3126
3425
3699
3825
3683
3113
2280
1661
1472
1344
1018
791
936
1132
939
240
-700
-1666
-2602
-3468
-4093
-4228
-3938
-3527
-3114
-2621
-2206
-2085
-2330
-2660
-2980
-3096
-2924
-2431
-1841
-1241
-742
-315
127
361
196
-215
-378
-309
-174
48
554
1206
1847
2331
2625
2755
2813
2850
2786
2838
3071
3547
3943
4241
4009
3432
2775
2452
2232
1717
1146
780
827
808
602
4
-821
-1768
-2694
-3515
-4188
-4613
-4757
-4526
-3934
-3206
-2650
-2463
-2465
-2638
-2769
-2788
-2657
-2587
-2402
-1973
-1270
-505
138
476
498
495
512
404
141
151
419
927
1501
2158
2655
3122
3474
3688
3681
3679
3696
3761
3791
3644
3251
2809
2676
2690
2518
1989
1498
1227
1082
654
-76
-1018
-1934
-2734
-3341
-3844
-4313
-4561
-4506
-4117
-3610
-3170
-2996
-3000
-3012
-2950
-2765
-2529
-2344
-2236
-1870
-1231
-590
-156
102
303
496
696
676
431
216
377
806
1297
1706
2150
2615
3081
3448
3550
3519
3415
3493
3528
3542
3296
2884
2498
2428
2569
2345
1854
1339
1197
971
545
-216
-1140
-2021
-2689
-3222
-3822
-4200
-4316
-4097
-3745
-3306
-3076
-2923
-2742
-2617
-2564
-2547
-2525
-2540
-2307
-1801
-1250
-809
-399
44
468
804
898
648
337
260
460
657
872
1140
1631
2281
2970
3402
3578
3677
3701
3804
3677
3532
3018
2620
2258
2357
2401
2223
1884
1683
1705
1486
1049
89
-938
-1924
-2534
-3207
-3845
-4366
-4473
-4140
-3557
-3154
-3094
-3019
-2835
-2620
-2560
-2644
-2866
-2860
-2421
-1781
-1374
-1034
-618
-98
419
860
950
754
599
686
840
938
993
1171
1607
2201
2718
3004
3273
3458
3688
3810
3799
3557
3128
2716
2435
2342
1986
1533
1260
1351
1467
1269
756
-16
-729
-1396
-2139
-3057
-3884
-4348
-4399
-4155
-3904
-3750
-3590
-3145
-2658
-2311
-2181
-2147
-2227
-2088
-1669
-1338
-1316
-1278
-890
-323
291
725
921
974
1187
1442
1479
1286
1100
1010
1133
1442
1823
2137
2641
3157
3769
4187
4396
4158
3552
2876
2307
1897
1292
847
686
1026
1320
1449
1252
767
134
-642
-1613
-2834
-3923
-4649
-4913
-4734
-4494
-4209
-3826
-3077
-2439
-2005
-1912
-2024
-2201
-2141
-1926
-1950
-2030
-1903
-1311
-648
62
573
999
1310
1671
1847
1754
1465
1244
1212
1347
1520
1758
2157
2790
3430
4080
4475
4657
4447
3956
3389
2812
2282
1489
945
711
912
937
868
628
299
-109
-741
-1585
-2701
-3677
-4413
-4749
-4888
-4940
-4837
-4449
-3730
-3087
-2601
-2325
-2115
-1888
-1539
-1280
-1371
-1512
-1404
-998
-555
-122
212
579
1069
1667
2018
2041
1865
1760
1755
1780
1700
1723
1955
2472
2988
3581
3996
4249
4133
3848
3439
3000
2444
1728
1199
964
960
779
548
201
-154
-588
-1053
-1772
-2658
-3495
-3993
-4292
-4468
-4619
-4617
-4383
-3914
-3447
-3088
-2738
-2422
-2020
-1590
-1216
-1115
-994
-724
-408
-223
-53
135
407
797
1199
1442
1570
1776
2062
2271
2311
2264
2380
2651
2972
3158
3470
3713
3960
3870
3684
3425
3196
2862
2321
1874
1515
1344
914
445
-127
-620
-1154
-1744
-2466
-3286
-3837
-4173
-4364
-4619
-4728
-4698
-4434
-4107
-3834
-3610
-3297
-2881
-2403
-1888
-1510
-1268
-960
-481
-157
-3
147
397
621
897
1154
1339
1514
1755
2053
2349
2574
2727
2910
3203
3499
3711
3955
4008
4017
3819
3730
3449
3206
2762
2297
1920
1665
1403
866
377
-225
-729
-1358
-1952
-2734
-3420
-3926
-4249
-4530
-4732
-4803
-4814
-4643
-4407
-4071
-3787
-3410
-3040
-2479
-1916
-1521
-1300
-918
-440
-149
16
204
520
769
1039
1223
1425
1649
1949
2221
2434
2586
2781
3116
3465
3670
3781
4009
4172
4215
3998
3816
3484
3249
2815
2413
1963
1668
1274
742
233
-327
-876
-1543
-2141
-2897
-3522
-3987
-4284
-4614
-4880
-5014
-5035
-4907
-4647
-4332
-4048
-3668
-3139
-2488
-1910
-1522
-1237
-838
-403
-114
96
301
528
743
1060
1334
1554
1750
2041
2381
2625
2811
3028
3364
3665
3814
3973
4246
4413
4351
4134
3911
3607
3315
2847
2310
1772
1432
1030
564
64
-445
-978
-1528
-2070
-2754
-3414
-3923
-4273
-4652
-4949
-5123
-5176
-5072
-4816
-4497
-4149
-3681
-3094
-2482
-1914
-1472
-1095
-687
-316
-84
118
339
572
787
1035
1255
1470
1712
2018
2297
2523
2718
3018
3334
3598
3753
3990
4277
4321
4214
3970
3780
3413
3138
2707
2274
1814
1503
1136
612
100
-526
-1106
-1751
-2288
-2982
-3535
-3949
-4243
-4519
-4748
-4869
-4952
-4873
-4662
-4394
-4103
-3675
-3097
-2444
-1854
-1380
-946
-490
-98
149
317
473
646
815
1029
1200
1351
1583
1911
2238
2486
2730
3042
3397
3672
3851
4083
4304
4325
4232
3997
3760
3399
3147
2751
2273
1795
1501
1156
636
87
-540
-1115
-1713
-2246
-2925
-3514
-3933
-4216
-4484
-4731
-4866
-4966
-4901
-4739
-4502
-4274
-3888
-3364
-2784
-2204
-1699
-1193
-675
-185
116
359
595
796
896
1005
1102
1206
1375
1647
1946
2250
2625
3055
3486
3813
4076
4303
4494
4465
4326
4090
3820
3478
3216
2902
2459
2038
1672
1302
757
215
-421
-1052
-1629
-2173
-2770
-3355
-3751
-4095
-4346
-4603
-4760
-4934
-4911
-4772
-4585
-4359
-4020
-3510
-2952
-2297
-1737
-1198
-668
-127
262
529
746
885
997
1064
1121
1127
1238
1446
1705
1992
2323
2742
3179
3573
3875
4140
4362
4410
4343
4202
3922
3548
3218
2924
2443
1931
1494
1112
599
78
-456
-997
-1482
-1968
-2481
-3054
-3478
-3845
-4166
-4469
-4693
-4866
-4889
-4764
-4608
-4403
-4078
-3604
-3082
-2479
-1864
-1300
-739
-169
305
625
883
1052
1150
1173
1160
1124
1117
1211
1400
1671
1976
2384
2867
3406
3806
4139
4396
4568
4555
4445
4170
3775
3407
3088
2629
2032
1573
1176
701
139
-347
-863
-1347
-1776
-2244
-2793
-3294
-3645
-3972
-4271
-4551
-4748
-4807
-4700
-4556
-4424
-4165
-3783
-3295
-2746
-2138
-1602
-1021
-403
154
495
762
992
1138
1182
1117
1036
945
993
1115
1326
1566
1906
2401
3034
3557
3942
4223
4549
4668
4665
4430
4052
3652
3312
2926
2273
1712
1210
789
245
-215
-724
-1190
-1547
-1877
-2312
-2843
-3212
-3545
-3820
-4140
-4386
-4550
-4568
-4468
-4354
-4158
-3908
-3498
-2990
-2372
-1811
-1258
-647
-43
408
697
935
1094
1168
1110
1005
862
778
760
872
1060
1341
1778
2396
3051
3557
4016
4406
4685
4735
4679
4407
3998
3581
3196
2683
2028
1459
933
413
-140
-624
-1135
-1570
-1897
-2230
-2631
-3048
-3341
-3605
-3833
-4079
-4249
-4369
-4389
-4337
-4168
-3985
-3750
-3347
-2772
-2140
-1573
-960
-329
244
673
984
1155
1202
1194
1122
968
780
682
710
835
1033
1343
1841
2449
3032
3531
4006
4418
4696
4767
4735
4457
4103
3693
3260
2642
1923
1308
736
170
-444
-931
-1397
-1769
-2072
-2342
-2692
-3053
-3267
-3447
-3641
-3880
-4026
-4109
-4110
-4041
-3934
-3786
-3556
-3151
-2644
-2099
-1576
-985
-358
209
636
943
1129
1190
1180
1080
869
651
540
558
648
847
1181
1627
2188
2762
3311
3779
4197
4533
4761
4836
4651
4337
3979
3576
2938
2160
1430
761
96
-544
-1095
-1618
-2003
-2261
-2486
-2809
-3070
-3228
-3339
-3494
-3667
-3812
-3891
-3866
-3818
-3756
-3664
-3469
-3147
-2685
-2214
-1757
-1207
-537
68
504
853
1118
1239
1266
1199
1004
758
620
612
683
819
1053
1466
1988
2551
3072
3590
4055
4492
4834
4991
4864
4576
4242
3790
3126
2314
1520
772
65
-599
-1214
-1772
-2210
-2491
-2733
-3009
-3239
-3347
-3389
-3444
-3503
-3575
-3593
-3539
-3461
-3418
-3371
-3257
-3039
-2699
-2318
-1930
-1464
-856
-259
213
613
925
1091
1147
1178
1062
819
665
673
728
795
1015
1374
1831
2323
2851
3367
3834
4317
4728
4957
4945
4770
4501
4091
3522
2755
1921
1111
345
-425
-1160
-1827
-2382
-2767
-3021
-3254
-3451
-3529
-3465
-3359
-3301
-3269
-3242
-3144
-3061
-3008
-3006
-2997
-2926
-2740
-2445
-2172
-1840
-1374
-774
-235
212
589
868
1081
1218
1228
1063
927
881
881
915
1057
1304
1641
2113
2641
3140
3605
4083
4544
4845
4956
4854
4635
4289
3790
3115
2314
1468
611
-188
-983
-1756
-2447
-2952
-3302
-3552
-3729
-3785
-3713
-3511
-3292
-3122
-2983
-2832
-2685
-2611
-2591
-2618
-2655
-2623
-2470
-2277
-2083
-1758
-1250
-707
-224
212
608
909
1157
1308
1303
1170
1079
1085
1084
1110
1220
1501
1862
2305
2797
3281
3724
4155
4576
4799
4844
4729
4472
4058
3545
2891
2044
1155
309
-525
-1387
-2182
-2879
-3424
-3760
-3942
-4045
-4024
-3834
-3517
-3192
-2914
-2707
-2515
-2340
-2252
-2256
-2332
-2401
-2414
-2323
-2210
-2070
-1788
-1330
-847
-400
47
458
805
1111
1330
1383
1331
1325
1365
1370
1399
1509
1739
2071
2487
2907
3323
3748
4157
4516
4718
4765
4614
4347
3951
3432
2722
1861
966
98
-770
-1660
-2474
-3162
-3659
-3962
-4110
-4158
-4068
-3786
-3386
-3018
-2717
-2442
-2184
-2000
-1936
-1954
-2041
-2145
-2205
-2184
-2128
-2044
-1805
-1420
-965
-513
-47
395
790
1147
1422
1524
1508
1516
1537
1530
1527
1601
1775
2032
2405
2800
3178
3547
3938
4313
4508
4524
4370
4099
3693
3139
2402
1530
627
-240
-1096
-1928
-2686
-3306
-3720
-3943
-4021
-3999
-3839
-3553
-3173
-2777
-2438
-2199
-1996
-1790
-1685
-1729
-1843
-1942
-1995
-2016
-1987
-1939
-1781
-1443
-994
-556
-115
359
804
1206
1530
1709
1725
1722
1766
1758
1703
1708
1818
2030
2303
2635
2960
3311
3649
3987
4192
4240
4104
3835
3458
2911
2221
1387
512
-369
-1179
-1955
-2681
-3287
-3704
-3898
-3952
-3902
-3753
-3489
-3114
-2711
-2361
-2101
-1895
-1705
-1571
-1555
-1640
-1748
-1832
-1869
-1859
-1838
-1774
-1538
-1141
-708
-282
177
641
1073
1480
1763
1871
1886
1925
1944
1903
1861
1877
1990
2190
2468
2748
3026
3316
3609
3856
3938
3870
3657
3313
2846
2275
1556
721
-116
-859
-1582
-2299
-2924
-3371
-3645
-3768
-3753
-3665
-3489
-3191
-2789
-2421
-2153
-1930
-1695
-1510
-1459
-1492
-1567
-1679
-1756
-1770
-1777
-1794
-1660
-1334
-914
-515
-68
417
898
1352
1724
1956
2018
2063
2098
2068
1960
1901
1919
2024
2188
2419
2663
2897
3153
3421
3578
3554
3438
3184
2805
2297
1700
985
210
-528
-1219
-1872
-2483
-2991
-3344
-3525
-3570
-3540
-3424
-3199
-2865
-2493
-2170
-1912
-1696
-1497
-1362
-1343
-1419
-1544
-1654
-1727
-1747
-1781
-1764
-1556
-1167
-746
-326
167
668
1150
1605
1955
2088
2125
2174
2173
2042
1887
1819
1819
1881
2012
2223
2432
2676
2935
3194
3301
3270
3150
2902
2503
1976
1388
699
-36
-730
-1354
-1967
-2513
-2920
-3185
-3340
-3362
-3280
-3140
-2908
-2574
-2216
-1936
-1695
-1487
-1324
-1254
-1273
-1358
-1487
-1611
-1681
-1700
-1695
-1622
-1364
-950
-526
-60
461
973
1417
1826
2119
2217
2204
2177
2081
1887
1698
1572
1529
1547
1656
1841
2067
2327
2588
2842
2987
2989
2890
2653
2267
1767
1205
531
-195
-857
-1453
-2021
-2530
-2892
-3124
-3220
-3175
-3067
-2910
-2652
-2273
-1917
-1648
-1438
-1262
-1126
-1066
-1109
-1233
-1378
-1481
-1527
-1546
-1540
-1445
-1168
-750
-304
151
648
1130
1558
1915
2127
2148
2068
1971
1809
1548
1295
1158
1124
1170
1299
1530
1808
2123
2425
2707
2844
2857
2770
2510
2117
1617
1061
373
-326
-919
-1477
-2022
-2470
-2727
-2906
-2973
-2892
-2753
-2591
-2341
-1987
-1687
-1483
-1303
-1148
-1057
-1034
-1072
-1170
-1287
-1355
-1375
-1376
-1344
-1206
-939
-559
-151
291
747
1173
1522
1807
1969
1952
1827
1675
1480
1223
989
869
876
957
1133
1425
1749
2057
2347
2622
2757
2747
2639
2383
1975
1497
982
356
-308
-862
-1325
-1785
-2172
-2395
-2518
-2591
-2535
-2396
-2264
-2099
-1837
-1574
-1403
-1258
-1109
-1019
-981
-978
-992
-1059
-1130
-1141
-1109
-1076
-1012
-820
-522
-194
145
531
872
1133
1343
1495
1461
1318
1161
1004
803
616
558
612
746
960
1271
1579
1876
2123
2360
2486
2474
2385
2167
1835
1433
1029
547
-12
-480
-837
-1199
-1535
-1755
-1890
-2013
-2015
-1930
-1878
-1821
-1637
-1414
-1284
-1179
-1057
-965
-928
-890
-893
-959
-1008
-997
-976
-982
-963
-849
-635
-396
-150
130
397
617
787
939
942
842
765
702
588
481
481
549
701
931
1204
1454
1710
1983
2189
2314
2337
2282
2139
1877
1553
1211
840
390
-30
-348
-660
-979
-1230
-1408
-1591
-1698
-1688
-1689
-1716
-1617
-1421
-1277
-1171
-1019
-876
-810
-738
-690
-723
-784
-810
-825
-896
-959
-966
-890
-760
-612
-426
-214
-12
161
330
445
455
440
448
443
404
401
454
554
735
962
1187
1408
1660
1885
2070
2212
2253
2217
2097
1917
1689
1426
1105
714
376
72
-251
-582
-871
-1124
-1331
-1433
-1505
-1590
-1590
-1464
-1309
-1192
-1046
-894
-799
-707
-640
-653
-729
-805
-893
-1024
-1161
-1275
-1338
-1310
-1215
-1081
-881
-624
-387
-155
76
235
316
383
420
434
432
455
508
626
824
1034
1265
1500
1754
1996
2229
2373
2438
2432
2351
2206
2034
1779
1398
1005
665
293
-153
-553
-882
-1183
-1410
-1513
-1597
-1644
-1556
-1364
-1203
-1072
-907
-786
-735
-710
-717
-813
-974
-1139
-1278
-1434
-1610
-1744
-1754
-1664
-1531
-1334
-1069
-791
-515
-222
9
131
230
332
375
370
392
461
582
762
1008
1279
1556
1847
2167
2469
2682
2791
2847
2814
2681
2495
2250
1894
1445
1054
679
228
-245
-623
-942
-1233
-1408
-1495
-1583
-1591
-1451
-1270
-1169
-1088
-983
-927
-940
-994
-1113
-1302
-1492
-1651
-1815
-1995
-2117
-2126
-2000
-1812
-1590
-1302
-961
-633
-343
-65
103
211
308
391
407
420
506
653
853
1108
1408
1734
2063
2387
2683
2934
3084
3139
3128
3014
2822
2589
2256
1818
1359
956
489
-18
-468
-849
-1190
-1436
-1557
-1665
-1724
-1643
-1475
-1363
-1293
-1215
-1162
-1175
-1251
-1371
-1560
-1768
-1946
-2090
-2240
-2351
-2351
-2212
-2008
-1773
-1467
-1127
-787
-466
-170
27
164
291
394
435
479
584
748
980
1272
1588
1931
2290
2633
2918
3162
3321
3381
3371
3274
3078
2821
2522
2111
1612
1165
714
187
-334
-742
-1109
-1433
-1604
-1714
-1814
-1806
-1663
-1550
-1521
-1467
-1422
-1460
-1562
-1680
-1844
-2047
-2233
-2355
-2441
-2512
-2514
-2389
-2162
-1911
-1613
-1261
-901
-574
-235
53
236
383
543
656
730
839
1007
1219
1469
1766
2085
2407
2714
3011
3277
3447
3534
3572
3517
3317
3059
2750
2326
1787
1279
788
227
-318
-774
-1166
-1515
-1716
-1825
-1933
-1972
-1859
-1729
-1705
-1696
-1662
-1683
-1780
-1898
-2049
-2239
-2421
-2516
-2584
-2645
-2645
-2506
-2267
-1987
-1665
-1282
-900
-532
-168
152
361
509
669
789
863
956
1108
1289
1526
1845
2193
2519
2842
3163
3455
3659
3759
3783
3701
3513
3240
2884
2417
1864
1316
785
208
-364
-863
-1274
-1613
-1835
-1978
-2089
-2117
-2021
-1900
-1875
-1870
-1841
-1834
-1911
-2028
-2170
-2335
-2482
-2577
-2640
-2693
-2683
-2535
-2288
-1994
-1669
-1270
-862
-472
-94
256
478
632
807
937
994
1059
1197
1381
1613
1927
2272
2584
2904
3234
3526
3704
3778
3793
3717
3513
3213
2835
2355
1793
1223
663
58
-532
-1023
-1415
-1751
-1976
-2096
-2172
-2161
-2069
-1963
-1920
-1880
-1844
-1868
-1949
-2069
-2211
-2375
-2523
-2636
-2685
-2698
-2660
-2502
-2227
-1905
-1548
-1127
-710
-323
57
402
620
770
921
1042
1097
1182
1338
1536
1786
2114
2458
2762
3061
3373
3624
3764
3807
3778
3633
3397
3075
2659
2135
1559
1004
441
-141
-694
-1150
-1530
-1826
-2018
-2136
-2224
-2234
-2159
-2072
-2046
-2033
-2028
-2055
-2126
-2233
-2358
-2495
-2615
-2664
-2660
-2638
-2565
-2362
-2051
-1713
-1359
-951
-548
-184
170
483
676
821
985
1125
1225
1351
1564
1815
2094
2422
2741
3027
3292
3528
3710
3791
3778
3677
3484
3205
2867
2427
1878
1294
759
220
-357
-884
-1312
-1667
-1943
-2118
-2254
-2361
-2358
-2264
-2211
-2202
-2185
-2175
-2193
-2258
-2338
-2457
-2578
-2651
-2653
-2622
-2584
-2469
-2207
-1869
-1541
-1163
-753
-371
-20
343
627
777
927
1117
1273
1369
1524
1776
2038
2328
2661
2954
3185
3402
3640
3761
3744
3685
3565
3319
2994
2634
2155
1568
1006
507
-54
-632
-1114
-1477
-1810
-2069
-2213
-2328
-2409
-2374
-2253
-2211
-2220
-2194
-2146
-2182
-2255
-2314
-2403
-2518
-2553
-2491
-2457
-2428
-2256
-1946
-1632
-1328
-947
-552
-205
144
478
695
817
997
1185
1287
1380
1602
1875
2138
2440
2768
3014
3208
3444
3641
3648
3574
3484
3306
2994
2632
2216
1675
1105
615
122
-443
-944
-1311
-1626
-1907
-2089
-2210
-2301
-2304
-2208
-2125
-2104
-2095
-2043
-2013
-2057
-2122
-2198
-2282
-2350
-2330
-2293
-2299
-2207
-1949
-1645
-1386
-1060
-662
-306
11
356
614
754
919
1138
1270
1341
1505
1755
1994
2230
2507
2732
2922
3145
3353
3426
3395
3325
3205
2974
2646
2237
1744
1221
712
204
-328
-842
-1255
-1577
-1842
-2073
-2237
-2307
-2296
-2216
-2131
-2072
-2022
-1949
-1876
-1879
-1943
-2020
-2065
-2111
-2136
-2142
-2140
-2056
-1853
-1591
-1343
-1055
-689
-331
-11
284
536
717
909
1109
1253
1345
1513
1736
1952
2166
2388
2593
2763
2976
3145
3189
3177
3133
3008
2791
2501
2113
1643
1151
673
165
-354
-830
-1239
-1568
-1827
-2040
-2196
-2273
-2251
-2157
-2075
-2022
-1953
-1844
-1776
-1779
-1814
-1857
-1910
-1943
-1944
-1956
-1954
-1851
-1656
-1428
-1191
-901
-587
-290
6
277
472
631
825
993
1109
1232
1424
1634
1852
2104
2333
2536
2748
2976
3102
3130
3110
3044
2884
2655
2330
1909
1439
989
536
38
-453
-879
-1239
-1532
-1766
-1970
-2121
-2166
-2109
-2047
-2002
-1931
-1834
-1752
-1703
-1684
-1708
-1748
-1767
-1768
-1775
-1783
-1726
-1594
-1415
-1207
-960
-700
-455
-202
48
241
377
531
698
832
960
1123
1295
1477
1712
1962
2164
2358
2593
2768
2859
2893
2870
2754
2572
2323
1958
1524
1103
685
232
-208
-605
-948
-1223
-1439
-1624
-1773
-1834
-1822
-1795
-1754
-1695
-1619
-1539
-1480
-1457
-1460
-1468
-1484
-1501
-1521
-1537
-1515
-1419
-1297
-1170
-991
-762
-559
-375
-183
-13
104
239
392
519
656
840
1034
1210
1429
1666
1880
2075
2296
2454
2554
2605
2603
2511
2368
2163
1848
1472
1110
735
304
-102
-456
-774
-1045
-1248
-1415
-1552
-1607
-1599
-1569
-1545
-1494
-1428
-1349
-1295
-1262
-1254
-1253
-1248
-1233
-1236
-1250
-1226
-1137
-1029
-927
-786
-634
-495
-362
-226
-132
-71
32
155
274
410
599
806
1029
1274
1524
1734
1942
2143
2282
2350
2350
2307
2212
2048
1800
1506
1200
880
520
162
-171
-487
-761
-978
-1168
-1345
-1434
-1444
-1446
-1454
-1389
-1312
-1246
-1184
-1110
-1073
-1062
-1027
-982
-968
-968
-939
-867
-786
-697
-597
-492
-405
-304
-218
-181
-158
-86
1
76
187
336
515
712
949
1176
1380
1590
1796
1949
2042
2082
2071
2022
1906
1710
1450
1186
904
569
222
-101
-410
-694
-921
-1114
-1295
-1397
-1401
-1391
-1397
-1336
-1237
-1152
-1075
-982
-932
-907
-855
-789
-763
-758
-708
-636
-559
-474
-380
-296
-227
-169
-109
-84
-84
-65
-9
60
138
243
391
577
760
943
1124
1319
1485
1623
1712
1767
1765
1736
1651
1483
1263
1041
795
492
179
-119
-407
-677
-909
-1106
-1286
-1384
-1397
-1394
-1369
-1301
-1190
-1064
-940
-821
-733
-648
-567
-472
-405
-370
-330
-240
-151
-109
-60
15
63
82
119
132
100
98
149
172
172
250
389
511
625
771
924
1037
1160
1264
1298
1272
1271
1228
1085
901
752
571
327
88
-126
-373
-615
-806
-992
-1198
-1330
-1372
-1404
-1428
-1383
-1271
-1152
-1018
-858
-701
-577
-445
-286
-163
-98
-19
94
182
224
293
361
382
393
426
444
404
390
413
420
410
449
506
542
610
727
813
836
905
975
972
924
893
824
683
550
421
239
23
-144
-313
-516
-711
-875
-1036
-1198
-1304
-1378
-1434
-1464
-1438
-1375
-1277
-1164
-1017
-857
-694
-516
-317
-128
16
174
364
509
580
671
759
786
779
778
748
684
656
668
642
617
678
743
782
813
902
946
937
922
890
792
682
595
461
277
115
-9
-172
-353
-509
-651
-803
-939
-1058
-1192
-1309
-1365
-1390
-1432
-1458
-1434
-1365
-1295
-1211
-1107
-986
-851
-670
-471
-295
-114
135
393
584
746
931
1070
1131
1174
1195
1153
1093
1076
1043
967
926
953
963
953
981
1012
990
951
911
821
690
566
414
220
39
-112
-291
-482
-641
-781
-932
-1080
-1218
-1341
-1429
-1477
-1512
-1538
-1524
-1467
-1386
-1314
-1252
-1171
-1061
-952
-852
-723
-579
-423
-220
19
236
438
678
916
1098
1247
1382
1477
1526
1565
1580
1556
1510
1473
1417
1341
1267
1186
1096
997
890
759
628
491
329
152
-8
-167
-344
-502
-641
-792
-943
-1081
-1222
-1361
-1462
-1538
-1613
-1663
-1641
-1583
-1519
-1432
-1315
-1195
-1080
-952
-821
-718
-626
-496
-345
-222
-99
69
256
434
626
847
1046
1239
1464
1663
1797
1898
1991
2018
1963
1879
1754
1566
1357
1157
922
687
487
299
107
-49
-163
-286
-410
-494
-577
-684
-795
-912
-1040
-1165
-1266
-1385
-1493
-1553
-1581
-1599
-1579
-1513
-1424
-1309
-1172
-1022
-878
-722
-573
-432
-311
-203
-88
32
147
261
395
569
750
939
1148
1375
1583
1775
1924
2025
2069
2061
1979
1811
1603
1361
1111
825
525
254
31
-175
-374
-514
-610
-703
-769
-796
-841
-900
-916
-919
-971
-1032
-1062
-1095
-1149
-1188
-1213
-1243
-1245
-1207
-1150
-1092
-993
-853
-713
-574
-417
-252
-111
17
155
294
409
526
656
801
943
1091
1244
1381
1504
1610
1678
1674
1627
1545
1419
1247
1027
788
550
316
74
-146
-334
-504
-642
-732
-798
-860
-873
-833
-790
-764
-706
-639
-605
-583
-557
-566
-626
-671
-694
-742
-803
-814
-800
-785
-733
-629
-537
-450
-310
-141
11
155
333
508
672
821
960
1053
1120
1165
1163
1114
1040
957
862
750
631
514
411
313
204
99
2
-94
-203
-300
-389
-479
-551
-582
-597
-608
-583
-516
-449
-392
-314
-236
-192
-156
-113
-91
-107
-116
-128
-164
-211
-236
-263
-300
-320
-302
-263
-217
-137
-26
109
242
383
512
609
669
713
707
636
542
454
328
166
25
-91
-218
-329
-398
-452
-499
-499
-469
-447
-415
-337
-248
-182
-119
-44
23
72
108
141
154
167
193
225
239
258
302
348
368
385
406
410
391
370
340
279
212
166
120
62
22
13
-3
-31
-41
-59
-89
-125
-168
-238
-315
-390
-469
-565
-661
-741
-819
-871
-908
-924
-907
-852
-769
-650
-507
-348
-182
-5
167
314
438
546
632
695
737
759
778
797
809
818
831
851
875
892
902
898
874
837
788
721
630
530
422
288
136
-28
-209
-407
-593
-771
-944
-1104
-1222
-1304
-1350
-1367
-1353
-1312
-1244
-1157
-1064
-975
-883
-776
-668
-564
-472
-368
-255
-140
-30
89
212
337
469
603
737
867
993
1124
1232
1316
1392
1442
1461
1450
1430
1384
1323
1254
1164
1060
947
815
647
463
262
35
-213
-463
-718
-970
-1199
-1410
-1601
-1745
-1836
-1893
-1903
-1860
-1771
-1651
-1493
-1303
-1105
-905
-698
-500
-325
-174
-49
51
132
204
268
325
395
501
629
755
890
1042
1196
1334
1461
1572
1649
1704
1743
1743
1694
1615
1496
1330
1124
890
623
341
58
-223
-498
-759
-984
-1185
-1357
-1492
-1590
-1666
-1710
-1714
-1688
-1650
-1589
-1495
-1382
-1256
-1112
-960
-813
-661
-496
-338
-200
-64
84
239
389
536
676
806
923
1035
1123
1192
1246
1304
1351
1375
1386
1398
1394
1349
1277
1183
1051
881
695
488
249
10
-212
-430
-645
-824
-966
-1085
-1172
-1214
-1228
-1224
-1190
-1137
-1077
-1016
-944
-866
-804
-744
-677
-611
-551
-486
-404
-317
-224
-112
24
161
298
444
592
726
847
960
1048
1109
1148
1157
1129
1071
997
893
764
623
481
334
191
55
-69
-181
-273
-350
-411
-460
-495
-517
-528
-531
-531
-525
-515
-503
-493
-480
-466
-444
-417
-381
-340
-289
-225
-158
-93
-34
23
81
129
166
194
222
250
267
281
290
292
294
291
278
255
241
225
202
176
150
118
85
61
31
-11
-51
-78
-114
-151
-184
-217
-248
-266
-273
-277
-270
-248
-209
-162
-106
-45
25
95
165
230
284
323
346
362
360
341
309
278
238
194
152
104
51
3
-39
-91
-151
-202
-246
-290
-333
-368
-390
-400
-399
-390
-369
-339
-296
-247
-188
-129
-72
-20
31
73
106
129
141
146
146
139
128
117
116
125
147
176
216
267
326
385
439
479
500
506
496
459
394
313
222
113
-4
-117
-231
-334
-419
-491
-548
-579
-587
-579
-558
-522
-475
-429
-379
-330
-284
-248
-214
-184
-158
-135
-105
-67
-24
26
85
157
230
308
381
450
508
559
586
594
587
566
525
471
408
339
268
197
127
57
-5
-60
-113
-163
-210
-251
-289
-325
-360
-391
-420
-441
-453
-459
-458
-444
-418
-384
-335
-281
-219
-151
-81
-11
55
112
162
206
241
263
279
291
301
306
309
312
314
320
328
333
334
333
329
313
283
242
190
123
42
-44
-136
-230
-318
-397
-463
-510
-538
-546
-538
-508
-460
-402
-339
-272
-202
-137
-79
-27
16
52
84
111
133
159
189
222
258
297
337
380
418
450
470
480
473
454
412
356
284
198
106
8
-91
-188
-269
-340
-394
-431
-448
-454
-441
-415
-383
-346
-307
-268
-235
-204
-181
-164
-154
-143
-137
-128
-113
-92
-60
-19
32
92
160
231
299
365
422
469
506
527
534
530
508
478
435
382
322
257
188
117
42
-34
-109
-179
-248
-312
-377
-432
-478
-518
-548
-569
-579
-574
-555
-524
-481
-424
-356
-283
-202
-117
-32
48
127
196
256
304
343
370
389
395
395
390
384
374
365
357
347
338
329
317
300
281
255
226
186
142
91
35
-26
-92
-158
-223
-285
-342
-392
-433
-466
-486
-497
-498
-490
-470
-447
-413
-372
-331
-288
-239
-189
-139
-85
-32
22
80
140
199
260
319
375
429
476
512
538
552
553
538
509
468
416
354
284
211
140
69
3
-57
-107
-147
-182
-208
-226
-238
-247
-254
-264
-273
-285
-300
-318
-337
-352
-369
-377
-379
-372
-356
-329
-295
-251
-198
-143
-85
-26
31
83
131
171
205
231
252
267
279
291
300
310
321
332
342
350
357
357
351
338
316
282
239
190
132
72
11
-51
-106
-155
-198
-229
-247
-257
-259
-253
-242
-227
-215
-205
-202
-203
-211
-224
-243
-261
-278
-290
-295
-290
-273
-245
-206
-158
-100
-41
21
79
129
171
203
222
227
226
214
201
186
176
171
173
185
205
233
270
305
340
371
392
398
393
368
328
271
203
125
42
-43
-126
-200
-266
-318
-359
-387
-400
-402
-396
-384
-367
-351
-334
-317
-305
-293
-284
-276
-268
-258
-241
-223
-199
-168
-132
-90
-42
9
60
112
161
207
247
280
309
334
353
371
386
399
414
425
438
446
451
451
443
425
399
360
309
245
170
88
-1
-92
-186
-273
-352
-420
-474
-515
-541
-550
-549
-535
-514
-486
-453
-420
-389
-359
-333
-306
-283
-261
-237
-208
-174
-134
-88
-34
28
94
161
230
298
364
421
472
514
544
562
570
568
556
539
514
485
451
414
376
334
289
241
189
132
72
6
-63
-137
-211
-286
-358
-427
-487
-539
-578
-605
-618
-619
-605
-580
-544
-500
-450
-398
-346
-292
-242
-193
-149
-106
-68
-28
12
53
97
144
194
246
302
358
413
465
511
548
577
594
598
590
568
532
488
431
370
302
232
161
92
25
-38
-95
-149
-196
-237
-274
-308
-339
-366
-391
-410
-429
-443
-453
-456
-455
-448
-434
-414
-388
-355
-317
-274
-226
-176
-125
-72
-20
30
82
128
173
215
255
290
324
353
377
397
410
418
420
417
405
387
361
330
295
254
211
166
121
75
31
-9
-45
-79
-108
-131
-153
-171
-187
-201
-212
-225
-237
-248
-258
-267
-278
-285
-289
-293
-294
-291
-283
-268
-249
-227
-198
-166
-127
-87
-45
-2
41
83
122
157
189
216
237
251
261
266
267
263
256
251
242
235
228
220
215
208
199
190
181
166
149
127
101
72
40
5
-31
-67
-100
-133
-160
-186
-205
-218
-230
-239
-245
-250
-255
-262
-269
-277
-283
-291
-295
-297
-292
-281
-264
-235
-199
-154
-103
-47
12
72
130
182
226
263
292
311
322
323
320
313
303
292
283
277
271
269
266
265
262
256
243
226
201
169
130
81
30
-24
-80
-133
-183
-229
-266
-297
-320
-337
-347
-353
-355
-355
-356
-355
-354
-351
-347
-339
-327
-309
-280
-246
-201
-149
-90
-24
45
111
179
241
294
337
368
390
400
398
389
373
353
332
310
290
272
258
246
234
223
211
197
178
150
119
79
35
-16
-71
-127
-181
-233
-283
-326
-362
-388
-407
-418
-421
-415
-402
-386
-366
-340
-311
-279
-246
-209
-168
-124
-80
-34
14
62
111
155
199
237
271
299
319
332
340
341
336
327
314
299
282
266
247
228
210
192
171
149
126
101
71
37
-1
-41
-81
-123
-165
-204
-239
-268
-292
-311
-320
-323
-319
-309
-294
-275
-250
-225
-198
-169
-140
-113
-87
-60
-36
-10
12
33
54
75
94
114
132
148
164
177
189
198
205
209
211
209
202
193
181
166
148
127
105
84
63
41
21
4
-13
-27
-41
-51
-61
-69
-78
-87
-96
-104
-115
-124
-134
-143
-149
-153
-153
-150
-141
-129
-113
-95
-74
-51
-29
-8
10
25
37
43
44
42
37
29
21
13
7
3
3
7
13
24
36
50
62
75
86
93
96
94
90
81
70
56
40
25
12
2
-8
-13
-14
-10
-5
0
8
17
25
30
32
33
31
27
19
9
-1
-11
-21
-30
-39
-45
-51
-56
-59
-64
-66
-68
-74
-76
-80
-86
-89
-90
-90
-89
-84
-75
-64
-51
-37
-21
-3
13
29
42
53
61
67
69
71
70
69
66
65
67
71
76
83
93
104
116
126
133
138
138
133
122
108
88
63
35
5
-25
-55
-82
-106
-127
-144
-154
-159
-160
-157
-152
-147
-137
-130
-123
-116
-111
-107
-105
-102
-100
-95
-90