SAMPLES:	11201
BITSPERSAMPLE:	16
CHANNELS:	1
SAMPLERATE:	16000
NORMALIZED:	FALSE
-22
-5
8
10
-11
25
16
36
1
-18
-10
-5
7
-13
2
7
17
20
-6
-12
9
-20
-6
6
-7
-12
-28
14
-4
28
24
-9
1
-15
6
-44
4
-2
4
-21
27
-7
-20
-1
5
17
1
23
-33
16
-7
6
7
-10
24
-11
22
-2
-20
-2
-18
28
-8
14
-27
-12
14
23
36
-38
6
-24
3
20
4
2
-9
18
6
-20
-6
-31
-17
-22
-8
24
15
7
23
-25
-1
-28
-2
18
6
58
-14
25
-31
-8
-39
12
10
-38
9
-23
-24
11
61
21
16
-12
-38
-31
-1
21
-20
36
14
21
-25
-20
1
-29
42
-1
10
26
53
33
-30
-15
-26
-31
6
-25
-23
-16
12
24
4
1
3
8
11
-8
-15
15
-48
25
-53
3
-20
46
40
-27
45
-19
36
-33
-4
-32
0
8
24
-27
16
-2
34
-7
11
-25
-32
46
-19
26
5
21
16
-59
-3
-12
41
-20
-20
-4
9
48
-28
-13
-20
44
-1
-9
-44
32
7
-1
-23
-27
40
22
36
-22
-49
20
12
21
-59
21
-3
12
-18
-11
4
-30
56
-25
67
-61
56
-47
20
-53
-23
11
1
40
-52
18
19
39
-7
13
-2
46
-10
-6
-67
-22
-6
17
-11
-40
34
61
23
50
5
-21
-11
-20
-29
-19
16
-4
17
27
32
-5
37
17
12
-5
-57
-43
-55
-32
-10
27
-11
35
23
9
-9
-6
24
10
-38
12
-33
6
-42
38
-8
-8
141
-21
42
-71
36
-64
-5
-13
-51
-6
-47
58
-31
10
27
58
-13
-20
31
-59
8
19
46
-52
59
19
-22
-9
-4
-31
-24
10
24
-41
21
25
-28
25
-25
40
-68
38
-1
-7
-28
-8
8
-63
5
3
18
-14
78
-23
13
43
-14
-58
18
15
-41
8
24
-34
-17
69
-66
32
1
43
-34
3
45
-23
19
-23
41
-113
88
-30
10
-22
13
75
-77
106
-91
41
-75
72
-11
-59
29
-46
57
-44
50
-56
68
13
23
-33
-48
-57
1
46
4
55
-37
62
-72
44
-26
-13
5
-34
7
-5
-1
19
32
-22
63
-29
53
-80
104
-74
9
12
-59
36
64
3
29
-5
60
-60
36
-10
-129
28
-38
23
-80
2
-1
48
36
69
-76
70
-27
-2
-58
-35
58
-89
98
-87
1
-4
12
3
-40
27
-13
-13
22
-19
20
-32
41
61
-32
26
58
-40
10
43
-52
0
-12
114
-142
35
42
-75
51
19
-26
61
-38
77
-147
75
-2
-50
61
-62
5
51
-93
108
-192
154
-73
54
74
-162
154
-148
124
21
-19
11
-64
61
-20
36
59
-146
83
-145
79
-82
102
19
-70
114
-168
69
-31
-37
-21
-49
154
-133
115
-39
-20
71
-25
91
-100
71
-33
-48
10
-95
185
-129
65
28
20
17
-30
49
-115
1
109
-145
37
-71
35
-28
32
112
-64
13
89
-75
66
-3
-14
-14
-87
117
-260
166
-54
72
43
-147
142
-107
176
-1
-115
68
-179
168
-212
42
47
-136
121
11
-3
55
100
28
-164
52
1
-175
140
-106
-34
112
-2
1
-92
185
-75
59
20
-192
144
-69
79
-75
142
-101
108
-37
-48
86
26
-89
-1
83
-156
118
-92
-13
52
99
-189
126
31
-73
30
15
-33
-106
154
-89
22
109
-140
84
-22
128
-48
-160
144
-68
74
-199
9
102
-118
314
-192
5
89
18
64
-143
159
-263
15
140
-103
59
163
35
-106
37
18
-113
26
43
-59
27
-39
106
-219
88
25
31
89
-87
54
-219
111
119
-208
212
-227
8
-41
47
101
-290
294
-99
25
-42
7
-85
6
155
21
-245
89
8
21
-40
-83
191
-181
208
-99
20
120
-10
104
-111
102
-51
-71
131
-291
184
-129
139
-179
106
11
-8
102
-94
-17
-57
-47
25
-101
28
11
-91
224
-193
297
-230
140
90
-114
97
-144
173
-125
93
10
-102
56
34
-124
14
-24
-40
74
-128
44
-159
271
24
-10
-11
-76
176
-151
235
-254
3
123
-62
51
-81
279
-267
162
-115
67
-143
73
99
-218
38
-6
70
-90
169
-68
-12
95
115
-137
-37
88
-17
-96
102
-144
-42
28
213
-308
225
60
-198
160
-70
111
-233
414
-270
-64
220
-203
111
-219
398
-299
122
19
-12
-185
157
18
-114
10
170
-120
-102
196
-51
-109
23
131
-213
106
113
-12
-196
183
-71
-113
146
188
-256
-42
177
-179
52
-40
97
-254
273
-55
-53
-34
67
-8
-86
102
-201
114
-49
269
-341
201
-148
236
-178
28
-101
-31
93
164
-122
-14
16
-116
30
-85
146
-257
462
-339
121
-135
299
-176
178
-108
-93
20
-150
218
-262
235
18
56
-82
119
-129
31
120
17
-220
93
-12
-10
-8
-22
-51
171
172
-167
18
39
107
-87
49
-261
44
-10
47
-347
135
214
-42
120
-65
-65
-6
125
11
-156
185
-147
-6
-253
215
-178
263
-12
135
-154
-38
-20
-82
175
76
-258
293
-189
12
-124
167
0
108
106
-128
24
-36
87
-90
103
-202
184
-101
-97
-18
-88
26
21
298
-62
-6
220
-255
126
-148
36
-55
-66
165
-345
198
-81
201
-18
80
-59
-7
-8
71
-206
35
-127
99
54
-125
80
-153
198
-169
285
-269
149
-107
116
-87
-4
112
-235
262
-178
238
-67
54
-56
17
169
-407
377
-192
167
-130
95
-154
-149
398
-408
43
15
-32
10
96
280
-268
195
-132
5
-27
-43
182
-194
232
-14
-93
-151
147
-162
4
84
-337
183
42
18
-67
-92
174
5
172
-264
209
-80
111
36
48
-429
330
-141
17
-127
191
-77
-30
278
-219
67
46
92
-142
-64
-46
7
-89
-101
307
-167
254
-119
26
38
-194
346
-672
559
-282
-5
-128
-241
215
42
503
-575
437
-160
-18
125
-124
-53
37
273
-468
364
-158
338
-86
-160
169
-256
73
-296
299
-308
590
-358
-108
164
122
-45
-18
-51
-165
300
-299
139
-206
67
254
79
-342
432
-282
233
-131
119
-311
321
-57
-296
185
-247
114
205
-188
221
-118
-141
71
-18
53
16
238
-191
-64
62
-200
317
-184
49
-80
-113
354
-172
354
-384
301
-91
10
162
-457
297
-338
420
-192
185
-302
117
103
-218
508
-533
468
-252
32
-456
454
-38
24
29
-279
-13
341
-149
126
-292
203
-69
-107
-66
-226
280
-81
267
-277
41
-53
16
84
-145
220
-149
151
-44
77
-188
-233
42
-194
626
-465
254
-478
530
-13
145
7
-184
272
100
-260
-438
416
-47
169
-199
-55
-278
631
47
-521
360
-486
521
-397
77
-353
127
208
14
238
-264
373
-79
-101
51
-222
214
149
-348
57
-130
309
-251
278
-257
42
296
-71
-70
-110
213
-196
149
-328
50
-245
583
-102
281
-392
294
32
100
-240
-33
-171
81
201
-319
-165
108
343
-150
84
-74
-173
260
105
-144
-427
535
-359
232
-175
-42
197
-117
417
-363
231
-256
147
-157
-235
408
-332
233
47
-46
124
-180
436
-707
543
-282
17
3
-18
55
-292
439
-341
264
-190
235
-113
265
-230
207
-296
91
253
-504
362
-356
272
-341
470
-304
218
-47
225
-312
139
39
-30
322
-578
300
-610
600
-128
-20
-98
93
-84
-54
516
-364
8
165
-592
222
160
-229
166
-10
113
140
-161
-15
106
151
-66
113
-790
482
51
-338
8
10
96
554
-173
-323
116
-165
167
-157
-52
-266
445
-328
1
215
93
195
-171
-184
69
-18
158
-356
137
303
-156
155
-400
371
-207
311
-351
110
-16
270
52
-303
116
-1
168
-331
277
-79
-104
170
-322
-164
-25
431
-198
-28
41
-12
354
-273
133
-338
103
258
107
-164
-95
1
-319
681
-369
-155
179
276
-14
-31
-15
-672
537
-369
80
-217
541
69
282
-244
30
-201
584
-239
53
-590
309
-188
-46
294
-397
376
-110
83
-316
192
-250
230
-267
100
-86
488
-166
240
-342
53
180
-1
-95
-249
76
2
446
-316
-62
-112
126
311
-383
123
-326
270
-84
123
-399
20
455
-114
405
-349
176
-134
365
-378
-257
50
-49
336
-50
-334
29
118
217
54
-360
133
3
48
17
-40
-174
-115
415
-506
191
-423
105
75
-139
298
135
151
291
-7
-188
12
-149
112
-272
-13
22
362
-351
463
-230
75
38
73
-330
1
247
48
25
-31
-146
-222
-17
190
117
255
-81
26
-51
-65
-30
-99
-122
-85
282
-222
72
-48
185
186
-101
-326
-223
87
330
99
-346
-278
141
381
0
15
-167
-258
467
-73
-54
-290
298
-290
154
0
-65
-4
381
-224
-267
250
-385
168
21
79
-233
328
-225
-63
170
81
32
185
57
-6
96
-341
156
-385
424
-446
281
-130
54
241
-126
113
-108
367
-157
-58
-201
-173
218
49
-141
-43
-269
381
-235
145
-25
-77
139
-83
-6
4
389
-508
224
-141
-272
648
-43
127
-155
217
-441
405
-319
-2
239
-38
110
-110
-287
-63
313
-416
107
-198
215
511
-279
-344
70
170
235
-79
-363
55
129
388
-378
-199
-13
462
-176
256
-147
62
417
-220
-520
-164
230
-40
515
-516
142
128
143
-12
-352
318
-384
701
-896
132
-136
616
-242
413
-291
-28
394
-476
376
-610
607
-571
-64
-158
271
-77
99
237
-157
265
-155
-19
-200
145
220
-159
-404
246
-181
-209
259
-260
141
245
194
-338
277
-107
-34
-59
-321
199
61
-4
48
122
-249
441
203
-257
96
40
-431
114
34
-94
-120
61
-159
238
-55
150
26
-95
-37
-28
-56
19
301
-510
2
-71
313
118
-152
135
107
-23
254
-452
-329
139
484
-247
391
-307
2
296
-167
-137
45
11
27
-84
-305
-27
568
-67
2
-238
149
-101
261
-275
-274
290
-235
23
-178
354
137
563
-568
-149
-66
307
250
-342
-373
-75
409
-40
148
-538
337
27
142
-9
-59
-55
335
-252
-131
-180
91
117
286
-233
-50
-259
209
37
80
12
28
-217
252
-36
-149
362
-280
-222
100
-156
-462
807
-506
457
266
-244
-268
268
-105
185
-143
-195
258
156
-52
77
-311
105
247
-204
-28
222
-205
-56
58
-57
346
-23
-80
-457
-461
505
170
23
-114
105
-25
489
-254
-11
-224
-177
363
-400
196
-50
307
-208
242
-15
-5
-143
39
217
-276
453
-860
-270
485
112
-368
162
-417
207
572
-170
-127
192
414
-571
-127
-326
-41
264
517
-92
-108
492
-126
359
-308
-244
-132
-234
144
-55
33
472
-79
-180
-548
344
-19
461
-306
-238
24
17
228
-291
156
-66
271
-128
89
-244
13
108
-265
-184
115
122
102
202
-213
247
56
-254
-289
-179
318
33
230
-395
281
164
381
-316
-8
-332
-37
376
-487
-2
-21
-55
209
205
-348
464
-43
42
-133
-268
34
431
-22
119
-397
-154
228
133
-77
4
-403
466
-97
-245
-255
-115
409
229
-17
-172
-60
-58
764
-170
148
-255
284
-489
-163
-106
219
20
484
-501
-61
260
62
75
-69
-224
-119
96
-93
195
-378
263
-123
-158
277
351
25
135
73
-206
-275
266
-158
-163
31
195
-205
448
-89
-54
-280
-347
161
240
156
126
-226
-373
503
-187
74
69
-182
138
-2
77
105
-211
95
171
-223
53
323
-171
348
-377
-105
-183
-82
-315
-38
-442
272
80
95
334
-71
-19
42
-243
-89
-219
-335
399
-135
496
-18
352
88
263
-324
-269
-257
115
127
-198
-255
68
115
300
57
-222
-91
489
-14
386
-133
269
396
-406
-663
-453
256
-113
358
-327
325
382
-103
261
-339
62
322
-304
-392
451
-276
-219
13
-715
693
-107
72
148
-157
-480
260
-361
-421
500
-372
488
367
241
-602
691
-189
-309
621
172
38
-272
-355
-275
494
249
-590
-211
100
391
-206
-216
-441
478
167
-4
-441
-157
337
351
222
-376
675
-18
137
229
345
-200
259
0
-434
-149
319
44
-137
349
-277
-162
108
-254
-272
-181
180
-141
-479
431
58
-388
-69
-538
148
556
262
-383
-98
-283
156
-212
509
-45
500
383
21
-268
-23
-439
-155
-358
-477
-76
97
548
148
-31
-155
424
46
212
95
65
560
-435
-182
-345
234
-304
-268
-185
27
764
-169
-10
-77
278
33
186
-228
521
-404
-563
473
-212
1032
-376
-16
96
442
-611
-122
-3
-269
15
-323
-35
67
421
-227
-326
251
729
-57
-309
-458
-439
159
243
-229
-562
287
533
-440
69
599
-334
-88
-72
-850
9
399
-956
-121
867
-14
-61
43
557
490
639
-263
-363
-181
-102
-274
-158
-192
765
410
-17
395
302
-62
-268
508
-268
-345
125
223
418
-193
-320
176
363
555
-554
-625
-75
11
-448
-682
-478
206
371
250
-180
-58
33
-283
-158
-994
344
-424
-42
292
-346
32
520
-164
222
189
-88
68
121
9
494
266
-298
330
-235
820
97
-376
35
671
591
-143
-856
-31
455
473
97
-912
109
746
201
-476
-18
110
718
206
-959
-498
372
320
-66
-761
55
357
198
-290
-452
265
424
141
-1089
-789
-530
242
-442
-401
-341
-174
329
263
94
404
745
8
50
-564
-24
498
573
554
34
355
387
354
62
-360
-1070
-325
276
-357
-617
-720
-10
-28
375
143
406
680
789
229
256
351
436
-110
150
-138
45
69
222
-652
-331
-63
-426
-621
-766
-708
-359
9
-447
-469
-456
-43
-170
34
-136
303
278
264
220
525
338
161
125
-15
80
547
318
-344
98
453
380
257
379
-87
-20
-66
-242
-732
-210
142
-49
-135
4
-55
559
531
312
248
147
753
188
-268
-126
-317
255
138
-255
-3
-352
120
-199
-359
-239
-405
-539
-779
-558
-481
-528
-64
-489
-296
-138
-162
79
-295
-183
-188
55
626
392
577
520
400
470
444
298
-14
-68
-150
-33
445
51
74
-4
-67
169
-57
-186
342
126
-16
-220
-32
348
694
412
38
287
694
507
-9
-68
223
466
197
-225
-700
-182
358
186
-153
40
-247
-297
-67
-352
-302
-293
-166
-455
-444
-318
-96
161
222
274
-37
-220
82
206
269
198
-18
-113
-130
176
-161
-282
-159
-263
-90
-267
-496
-967
-830
-574
-715
-1150
-1244
-1240
-859
-732
-681
-797
-696
-219
-167
-269
-280
-77
753
1288
1570
1430
1043
1273
1457
1748
1863
1962
2039
2185
2153
2270
2383
2490
2505
2121
1636
1531
1119
774
351
-214
-529
-805
-1333
-1544
-1892
-2077
-2283
-2663
-2852
-3098
-3526
-3694
-3447
-3170
-3181
-3134
-3063
-2828
-2557
-2175
-2022
-1752
-1192
-1131
-1089
-1002
-742
-464
56
399
893
1583
2352
2582
2399
2469
2736
3112
3693
3985
4032
4490
5200
5840
6318
6464
6639
7465
6790
4471
1502
-50
120
493
-1132
-3747
-5288
-5299
-4837
-4938
-5365
-4708
-3918
-3683
-4381
-5769
-6022
-5010
-3657
-2680
-2332
-1967
-1276
-765
-738
-612
-288
148
410
-325
-1196
-1556
-1122
-651
-917
-1249
-1436
-1279
-297
783
1360
2094
2881
3667
4348
5138
5863
6773
8108
9135
9957
10064
10193
8644
5104
1960
565
186
-503
-2649
-6113
-8416
-8772
-8091
-7456
-6539
-5177
-4280
-4248
-4276
-4292
-3674
-1561
593
1528
1605
1709
1678
2077
2224
1544
135
-960
-1493
-2673
-4259
-5275
-5124
-4927
-4940
-5769
-6555
-5830
-3589
-1577
-239
1168
3061
4795
5603
6290
7446
9321
11302
11695
10511
9790
10663
11463
11257
9541
4983
-477
-3677
-4897
-5467
-6614
-8900
-11263
-11825
-10537
-8900
-7646
-5308
-2143
-236
591
747
686
1868
4138
5377
5371
4842
4169
3049
1597
27
-1724
-3250
-4574
-6419
-8569
-9483
-9474
-8850
-8041
-7348
-6314
-5056
-3453
-1542
175
2338
4947
6890
8420
9463
9565
9761
10078
10132
10279
9625
8779
7760
6957
6604
6776
4185
-1968
-7525
-8767
-6836
-5173
-6922
-10059
-11144
-8538
-5049
-3169
-1917
798
3637
4685
4070
2430
1742
3139
4919
4664
2992
1448
311
-865
-2072
-4056
-6445
-7844
-8481
-9346
-10137
-10342
-8742
-5875
-3280
-1897
-1988
-1679
806
3393
4427
4669
4507
5212
6274
6642
6428
6417
7305
7758
6702
5115
4926
5382
5680
5617
5272
4528
1197
-3783
-6546
-4905
-1565
-1010
-4286
-7898
-8208
-5291
-2497
-1348
-524
1505
2711
2172
222
-1042
-200
2268
3522
2366
680
-279
-607
-1158
-1936
-3633
-5528
-6392
-6335
-6823
-7072
-6572
-5551
-4219
-3125
-3035
-3085
-1968
86
1301
1365
1258
2111
3569
5149
6407
7290
7739
8058
7573
6470
6492
7172
7627
7643
6957
6712
7043
3772
-2973
-7241
-6436
-2983
-2565
-6851
-11622
-12166
-8163
-3499
-1958
-1213
1347
3567
3784
2498
753
848
3340
5635
5036
2721
1146
146
-573
-1766
-3960
-6521
-8097
-9353
-10196
-9925
-8351
-6180
-5221
-4821
-4243
-2730
-344
1957
2708
2697
2902
3355
4285
5268
6290
7586
8768
8567
7213
6235
5936
6142
6240
6099
6139
6451
7254
5872
-231
-7340
-8847
-5168
-1212
-2929
-9013
-13373
-11522
-5904
-1827
-615
902
3644
5383
4884
2645
745
1946
4745
5497
3349
473
-1015
-1521
-2188
-3876
-6365
-8335
-8792
-9494
-10674
-10550
-8142
-4893
-2496
-1929
-2344
-1699
724
3567
4933
4837
4293
3734
3571
4297
5526
6874
7995
7662
5961
4408
4094
4978
5904
6118
5927
5847
6736
7909
4629
-3078
-8936
-7993
-2937
-1289
-6199
-13276
-14923
-9978
-3082
268
966
2596
5217
6381
4791
1639
137
2268
5108
4909
1917
-1148
-2425
-2367
-2913
-5559
-9074
-11006
-10471
-9228
-8580
-8356
-7548
-4424
-353
1897
1618
978
2340
5284
7085
6232
3851
2304
3049
4577
4699
4012
4116
4506
4709
3883
2427
2878
5030
6541
6456
5480
5718
8065
7347
-85
-7841
-8849
-3701
-323
-4438
-12173
-15515
-11249
-3774
556
546
1446
4327
6272
5369
2173
-72
1399
4760
5103
1998
-1802
-3369
-3174
-3400
-5434
-8719
-10678
-10303
-8738
-7414
-5697
-3473
-1148
1126
2492
3144
4014
5546
5951
4325
2052
558
204
283
243
345
1131
2543
3597
3432
2725
2915
4379
6134
6853
6246
6121
7794
10786
12758
8949
-925
-8236
-7724
-2872
-2353
-8852
-17064
-18639
-12657
-4961
-1212
-526
1981
5796
7429
5462
2066
700
3317
6417
5599
1770
-1542
-2348
-1914
-2507
-5296
-8176
-8844
-7786
-7294
-7594
-6880
-4568
-804
1720
1765
607
1086
3712
6183
5694
2512
-610
-1515
-115
1213
999
689
1558
3461
4768
4678
4737
6064
8550
9913
9402
8312
8313
10157
9288
1733
-8223
-12198
-8816
-5374
-7460
-14642
-18867
-15847
-8020
-1936
473
2501
5883
8858
9024
6830
4417
4932
7445
7879
4863
681
-2229
-3643
-4277
-5698
-7974
-9799
-10055
-9315
-8630
-7322
-5571
-3109
-269
2229
3164
3074
3187
3622
3815
3204
1806
80
-1129
-1292
-263
1246
2760
3895
4698
4943
5055
5615
6538
7135
7242
7128
7358
7846
9047
7708
7
-9714
-13212
-9590
-5457
-7521
-14378
-18881
-15255
-6383
1158
4278
6053
8983
10892
10332
7413
4824
4430
6201
6064
2658
-1861
-4665
-5300
-5617
-6671
-8713
-10532
-10996
-10004
-8706
-6747
-4035
-1177
1252
2775
3404
4015
5065
5608
4815
2968
725
-926
-1826
-1812
-644
1167
2546
3212
3552
3721
4401
5457
6246
6941
6831
6438
6687
7397
9088
8698
1668
-8779
-13366
-9849
-4556
-5627
-12523
-17788
-15001
-6105
1982
4857
5663
8300
10899
10830
7834
3996
2438
3789
4466
1875
-2361
-5465
-6494
-6608
-7350
-8833
-10204
-10144
-8921
-7566
-6163
-3599
-310
2252
3802
4166
4390
5346
6072
4804
2112
-356
-1474
-1224
-799
-358
390
1470
2564
3480
3808
4186
5013
6023
6760
7004
6597
6534
7280
8501
8747
3362
-6138
-12310
-10301
-4948
-4189
-10070
-16386
-15527
-7740
1171
5150
5537
6468
8623
9276
7077
3361
885
1603
3070
1881
-2057
-5674
-6887
-6216
-5649
-6787
-8475
-9013
-7920
-6140
-4646
-3051
-753
2338
4361
4799
4032
3356
3754
4418
3656
1147
-1538
-2687
-1422
559
1929
2085
1724
2208
3753
4797
4849
4664
5288
6176
6817
6864
6635
7150
8268
5316
-3408
-11214
-11735
-6462
-3942
-7950
-14690
-16219
-10231
-1329
3729
4287
4949
7130
8635
7250
3541
555
654
2754
2856
-277
-4296
-5598
-4533
-3578
-4370
-6623
-8019
-7377
-5312
-3776
-2618
-1162
1563
4000
4744
3861
3233
3711
4374
3653
1157
-1420
-2351
-1591
-239
802
1254
1206
1361
2269
3241
3740
3985
4322
4966
6014
6546
6127
5689
6754
7277
2342
-6299
-11358
-9466
-5073
-4847
-10052
-15326
-14219
-7546
-424
2810
4054
5737
7665
7738
5521
2566
1361
2979
4308
2896
-600
-2993
-3256
-2384
-2558
-4169
-6150
-6887
-6005
-4631
-3671
-2558
-883
1124
2616
3110
3025
2885
2900
2806
1691
-352
-1731
-1757
-531
938
1633
1182
716
1363
2636
3253
3147
3585
4657
5575
5444
4521
4509
6196
8237
6581
-1384
-9778
-11594
-6979
-3260
-6096
-12797
-15879
-11473
-3966
1387
2907
4330
7072
8954
7728
4248
1685
2222
4698
4900
2247
-1042
-2199
-1767
-1741
-3173
-5416
-6915
-6988
-5911
-5079
-4478
-3261
-1082
1247
2663
2878
2740
2972
3269
2806
1021
-799
-1197
-341
567
596
128
182
1170
2612
3413
3177
2891
3415
4167
4436
3994
3617
4511
5699
6621
3990
-2627
-8764
-9392
-5513
-3469
-6615
-12375
-13782
-9400
-2413
2410
4155
5337
7087
8008
6603
4153
2362
2659
3753
3534
1783
-337
-1323
-1904
-2601
-3894
-5454
-6549
-6626
-5940
-5134
-4172
-2894
-857
1109
2270
2476
2113
1810
1807
1589
1003
243
-71
63
542
944
1269
1298
1531
2040
1851
1664
1565
2181
3322
3984
3833
3949
4869
6360
7039
3107
-4032
-8681
-7078
-2929
-3145
-8330
-13027
-11436
-5378
821
3116
3315
4621
6729
7043
4593
1938
1148
3007
4474
3907
1588
-219
-768
-1201
-2427
-4256
-5474
-5850
-5413
-5277
-5203
-4409
-2630
-430
926
1035
660
702
1106
1743
1746
758
-115
-206
355
880
822
449
346
712
1471
1801
1240
1059
2086
3744
4656
4418
4296
5253
7097
7345
2732
-4454
-7640
-4813
-1212
-2574
-8055
-11882
-10048
-4529
158
1502
1543
3189
5199
5180
3232
1649
1880
3839
5206
4524
2466
918
348
-404
-1784
-3328
-4180
-4788
-5116
-5635
-6112
-5529
-3722
-1882
-1015
-886
-908
-179
764
1292
1303
881
697
878
821
444
504
869
1170
1360
1369
1371
1491
2141
3142
3792
3707
3873
4487
5405
6283
6474
3101
-2558
-5686
-4294
-1734
-2571
-6713
-10500
-9913
-6025
-1769
63
863
2558
4461
4814
3608
2457
2418
4070
5514
5333
3703
2015
876
-260
-1357
-2405
-3446
-4819
-5955
-7011
-7588
-6938
-5287
-3244
-1975
-1599
-1633
-1082
270
2081
2936
2483
1777
1638
1795
1548
1126
803
1001
1386
1581
1241
680
1089
2230
3343
3510
3514
4060
4879
6042
6656
4404
-990
-4757
-4282
-1700
-1747
-5621
-9653
-10078
-6665
-2669
-517
41
1593
3744
4618
3801
2541
2436
4004
6015
6335
4767
2679
1181
181
-872
-2081
-3681
-5430
-6823
-7632
-8020
-7744
-6367
-4413
-2655
-1723
-1411
-783
606
2172
3172
3235
2714
2154
1559
1002
839
1078
1323
1339
892
560
598
1112
1890
2720
3400
3788
3886
4183
4864
5851
6207
3426
-1561
-4453
-3432
-1438
-2367
-6342
-9503
-8858
-5608
-2283
-666
1
1628
3708
4432
3547
2688
2911
4446
5710
5490
3912
2011
768
-115
-1337
-3086
-4825
-6316
-7284
-7677
-7647
-7281
-6123
-4458
-3018
-2089
-1365
-169
1357
2728
3337
3029
2253
1635
1375
1279
1302
1321
1363
1513
1981
2293
2144
2011
2125
2808
3585
3904
3766
3437
3695
5185
5800
2642
-2336
-4598
-2706
-465
-1998
-6657
-9685
-8431
-4413
-1107
-314
-13
1681
3725
3998
2635
1405
1997
4097
5510
4875
2804
1219
591
25
-1422
-3315
-4975
-5925
-6196
-6431
-7111
-7628
-6735
-4705
-2758
-1771
-1362
-690
988
2958
3761
3165
2078
1739
2322
2819
2361
1503
1234
1879
2630
2636
1906
1340
2038
3249
3816
3178
2055
1988
3297
5001
5203
2402
-1977
-3858
-2396
-741
-2113
-5759
-8232
-7253
-4223
-1760
-971
-626
752
2684
3336
2367
1290
1526
3108
4528
4599
3280
1749
722
150
-829
-2388
-4054
-5112
-5513
-5767
-6244
-6971
-7023
-5770
-3688
-1887
-1058
-837
-26
1645
2997
3205
2560
2286
2991
3631
3241
2294
1916
2589
3582
3545
2280
1382
1698
2574
2879
2050
934
960
2064
3325
3435
1055
-2080
-3130
-1953
-1046
-2402
-5141
-6607
-5389
-3161
-1379
-559
238
1638
3022
3323
2460
1408
1177
2280
3426
3611
2829
1771
738
-148
-1135
-2324
-3566
-4474
-4805
-5145
-6061
-7013
-6724
-4999
-2936
-1651
-1360
-986
483
2176
2773
2351
1982
2388
3194
3183
2319
1647
1888
2708
2992
2468
1809
1502
1608
1867
1702
1082
494
478
1163
2317
3315
2478
-440
-2921
-2704
-820
-498
-2438
-4641
-4580
-2721
-676
243
475
1141
2433
3195
2196
395
-547
465
2062
2816
2312
1249
368
-209
-781
-1797
-2803
-3339
-3368
-3591
-4260
-4926
-5042
-4250
-2833
-1532
-997
-786
-436
81
516
724
929
1191
1456
1582
1666
1650
1660
1955
2435
2893
3140
2905
2305
1692
1233
1121
1336
1501
1643
1954
2437
2643
1355
-1205
-2842
-2147
-705
-646
-2222
-3777
-3718
-2139
-133
1134
1433
1325
1478
1424
814
36
-306
111
944
1577
1447
787
-35
-734
-1231
-1561
-1901
-2279
-2521
-2600
-2526
-2618
-2863
-2857
-2326
-1571
-981
-808
-958
-971
-645
-165
175
391
652
1004
1245
1377
1649
2015
2411
2801
2959
2531
1821
1468
1415
1352
959
570
446
846
1491
1738
1118
-323
-1411
-1407
-476
-90
-645
-1351
-1026
91
852
985
695
582
650
888
669
-256
-1403
-1832
-1260
-511
-265
-520
-842
-1078
-1040
-862
-706
-695
-675
-413
-167
-409
-1144
-1618
-1410
-865
-673
-1057
-1498
-1483
-1088
-703
-595
-825
-932
-495
319
915
1023
877
970
1449
1960
2009
1602
1093
773
658
463
187
156
564
1233
1815
1989
1562
704
203
648
1644
2062
1526
906
966
1224
997
417
20
-40
-175
-706
-1521
-2305
-2791
-2944
-2820
-2587
-2221
-1614
-738
21
356
335
306
462
575
594
625
779
795
460
-149
-780
-1144
-1114
-877
-854
-1178
-1622
-1786
-1634
-1463
-1257
-879
-439
-63
272
588
769
799
618
329
54
-88
2
263
626
961
1160
1210
1352
1869
2641
3071
2753
2037
1778
2148
2328
1738
903
490
450
328
-205
-1029
-1673
-1872
-1934
-2186
-2647
-2985
-2806
-1997
-929
-136
282
594
961
1158
1064
847
680
638
689
612
211
-273
-498
-456
-522
-858
-1300
-1574
-1549
-1369
-1299
-1427
-1520
-1465
-1179
-729
-292
-29
-26
-172
-393
-601
-655
-393
-23
158
204
297
446
608
1012
1678
2338
2630
2644
2596
2496
2209
1774
1398
1213
1136
866
334
-200
-527
-709
-763
-780
-846
-873
-697
-502
-526
-793
-950
-719
-227
211
485
628
638
549
303
-22
-261
-241
-41
88
6
-267
-608
-848
-952
-1066
-1254
-1394
-1440
-1391
-1280
-1077
-908
-974
-1296
-1581
-1588
-1347
-880
-437
-196
-96
45
210
385
528
702
1017
1362
1528
1375
1121
1060
1313
1644
1910
2074
1895
1314
761
536
550
494
301
156
383
834
1009
725
302
60
-14
-20
-82
-175
-322
-446
-469
-499
-578
-445
-58
236
281
201
85
-80
-247
-435
-662
-889
-1148
-1459
-1733
-1761
-1533
-1333
-1343
-1476
-1556
-1502
-1300
-1060
-862
-647
-356
-60
207
419
554
650
734
807
805
618
306
64
-33
-11
157
360
464
519
665
949
1222
1352
1380
1373
1352
1390
1439
1329
1028
703
491
490
648
735
599
391
282
182
1
-166
-197
-187
-196
-121
3
80
81
54
-100
-444
-912
-1388
-1808
-2045
-1989
-1775
-1576
-1469
-1332
-1111
-830
-585
-373
-174
7
189
307
339
263
152
28
-30
-73
-192
-395
-612
-776
-840
-804
-709
-522
-304
-106
129
450
746
960
1047
1069
1074
1141
1191
1104
917
704
587
525
504
516
568
597
641
733
889
1071
1234
1405
1577
1699
1634
1346
904
399
-116
-619
-1049
-1378
-1610
-1767
-1885
-1972
-1932
-1736
-1500
-1267
-988
-653
-311
1
248
419
517
545
485
348
219
99
-79
-402
-784
-1103
-1330
-1474
-1501
-1304
-990
-693
-435
-179
34
224
403
459
348
223
194
180
43
-164
-363
-491
-453
-230
50
268
537
902
1258
1501
1672
1885
2212
2579
2802
2756
2468
2051
1593
1142
704
237
-265
-784
-1254
-1620
-1898
-2082
-2056
-1774
-1378
-1033
-783
-566
-304
-3
235
323
316
369
509
577
461
177
-152
-415
-559
-661
-809
-982
-1048
-973
-819
-676
-607
-587
-528
-411
-370
-470
-654
-761
-767
-777
-898
-1151
-1356
-1380
-1184
-890
-506
-100
253
605
1067
1588
2031
2417
2724
2960
3065
2941
2497
1867
1350
1081
872
498
37
-295
-480
-620
-793
-976
-1085
-1031
-835
-597
-388
-243
-124
42
313
570
640
562
463
346
129
-194
-498
-626
-555
-451
-476
-612
-649
-503
-348
-370
-481
-562
-585
-600
-722
-939
-1142
-1249
-1288
-1288
-1328
-1353
-1339
-1235
-1028
-756
-500
-223
87
406
803
1195
1460
1524
1545
1567
1605
1466
1215
1008
941
906
761
521
253
88
3
-23
-61
-69
-21
167
460
710
823
877
971
1038
989
770
492
226
-18
-223
-363
-435
-406
-322
-296
-372
-498
-582
-571
-509
-476
-459
-445
-419
-381
-305
-292
-414
-651
-851
-963
-1061
-1148
-1245
-1298
-1302
-1197
-1040
-851
-566
-207
110
317
513
637
657
549
420
319
248
236
291
354
297
191
92
-33
-181
-288
-240
-60
241
530
742
839
891
1021
1192
1331
1353
1252
1046
890
767
619
476
436
450
389
276
172
63
-93
-234
-355
-440
-439
-340
-270
-298
-365
-394
-413
-444
-499
-592
-654
-569
-411
-433
-657
-798
-658
-347
-115
-68
-154
-227
-217
-206
-317
-522
-641
-555
-450
-458
-536
-601
-588
-478
-396
-523
-728
-793
-624
-392
-268
-273
-227
19
429
798
950
949
944
986
1058
1096
1004
849
805
887
973
972
917
854
802
743
635
468
300
241
280
277
166
27
-54
-64
-44
-77
-172
-238
-191
-117
-150
-268
-340
-289
-135
-5
18
-13
-57
-87
-151
-275
-443
-542
-560
-557
-609
-722
-804
-855
-893
-975
-1048
-1082
-1048
-991
-1000
-1026
-1002
-885
-704
-451
-236
-52
55
122
221
305
329
365
513
696
865
992
1091
1132
1114
1061
1010
934
805
727
744
787
758
662
584
609
658
648
572
457
323
208
122
52
-11
-67
-72
-14
33
20
-43
-105
-128
-123
-101
-85
-77
-69
-45
-5
27
-14
-160
-343
-519
-683
-848
-1023
-1195
-1344
-1427
-1435
-1387
-1344
-1269
-1158
-1009
-866
-739
-591
-444
-297
-176
-40
70
172
271
372
428
405
344
333
391
471
560
568
547
575
670
745
745
682
598
560
583
624
621
578
565
608
676
709
697
631
566
542
526
485
456
453
444
439
454
456
406
333
254
163
40
-98
-241
-395
-562
-675
-699
-682
-694
-736
-786
-848
-906
-922
-910
-917
-905
-877
-863
-880
-868
-846
-781
-637
-459
-346
-315
-303
-251
-199
-159
-125
-102
-92
-80
-41
-31
-20
-41
-20
32
123
169
200
274
398
526
605
690
744
766
764
810
869
941
1036
1120
1168
1168
1143
1093
1034
947
825
698
608
525
357
125
-67
-176
-248
-304
-381
-499
-601
-599
-531
-499
-534
-557
-492
-365
-271
-271
-351
-409
-408
-380
-394
-459
-568
-682
-764
-811
-862
-931
-960
-939
-904
-922
-911
-847
-762
-675
-572
-491
-407
-294
-172
-76
10
108
209
285
316
352
400
480
603
731
810
897
984
1023
1011
981
967
1001
1068
1101
1068
984
912
859
778
640
477
334
234
194
181
146
90
37
4
-2
19
43
58
78
93
70
7
-76
-143
-177
-220
-280
-371
-494
-640
-780
-934
-1056
-1130
-1127
-1072
-1034
-1079
-1148
-1137
-1023
-854
-732
-645
-612
-570
-546
-523
-545
-577
-558
-460
-311
-202
-122
-36
76
162
250
367
520
652
724
744
776
854
944
976
916
776
643
614
674
723
705
680
723
819
878
893
908
959
1026
1045
980
863
729
587
453
329
208
84
-17
-121
-264
-442
-590
-650
-628
-570
-514
-477
-483
-502
-506
-495
-515
-573
-684
-804
-909
-1012
-1146
-1279
-1346
-1324
-1237
-1152
-1079
-1015
-896
-702
-490
-338
-243
-180
-134
-91
-88
-90
-80
-71
-76
-85
-81
-33
38
81
143
255
428
604
757
842
899
1004
1214
1456
1612
1639
1605
1577
1554
1498
1384
1223
1045
880
707
530
363
224
119
75
68
57
11
-56
-110
-122
-115
-121
-153
-206
-238
-246
-283
-381
-525
-670
-776
-826
-899
-1022
-1135
-1164
-1113
-1084
-1101
-1129
-1098
-1052
-1011
-1010
-1041
-1026
-950
-869
-848
-865
-885
-853
-783
-705
-640
-562
-423
-272
-145
-17
179
469
754
992
1137
1230
1321
1416
1488
1514
1501
1439
1375
1326
1285
1215
1114
1025
1003
1011
1000
945
861
797
739
665
570
471
356
262
198
127
22
-104
-198
-260
-337
-436
-490
-501
-488
-468
-450
-439
-456
-475
-548
-681
-844
-982
-1105
-1197
-1264
-1390
-1530
-1630
-1640
-1582
-1511
-1461
-1356
-1215
-1109
-977
-860
-708
-541
-313
-115
61
175
267
384
485
527
543
575
586
662
764
884
935
938
967
1095
1244
1297
1244
1143
1134
1220
1302
1268
1174
1121
1159
1185
1120
1002
882
790
674
553
433
337
254
184
128
82
33
-54
-131
-185
-255
-371
-511
-628
-704
-772
-835
-867
-908
-1007
-1116
-1234
-1323
-1377
-1412
-1419
-1387
-1372
-1395
-1363
-1272
-1111
-1008
-943
-879
-766
-651
-583
-539
-497
-377
-272
-203
-148
-80
42
149
225
259
325
430
549
683
800
919
1038
1205
1356
1478
1506
1447
1323
1200
1145
1154
1180
1173
1218
1257
1270
1217
1139
1043
955
856
721
567
398
258
114
-14
-89
-111
-167
-291
-464
-641
-756
-791
-817
-855
-900
-911
-860
-771
-757
-843
-977
-1103
-1163
-1181
-1204
-1207
-1193
-1170
-1163
-1145
-1114
-1029
-916
-818
-739
-675
-592
-565
-539
-507
-402
-294
-170
-59
-16
-3
45
180
263
316
305
404
622
867
1032
1153
1300
1494
1689
1751
1668
1520
1495
1567
1628
1557
1405
1294
1254
1219
1112
958
760
510
267
110
-11
-168
-391
-557
-568
-475
-406
-428
-484
-542
-585
-599
-582
-578
-548
-479
-406
-442
-630
-751
-686
-596
-735
-1008
-1164
-1074
-955
-1091
-1341
-1452
-1360
-1284
-1254
-1270
-1224
-1072
-876
-716
-643
-605
-579
-442
-301
-177
-86
19
176
346
490
564
671
831
1026
1259
1474
1631
1736
1865
1957
1974
1797
1464
1234
1239
1326
1214
973
792
783
787
679
512
361
205
16
-136
-211
-255
-303
-338
-216
7
145
106
16
-57
-130
-187
-261
-339
-398
-406
-397
-405
-549
-764
-917
-981
-1052
-1186
-1363
-1475
-1502
-1514
-1576
-1677
-1729
-1657
-1449
-1250
-1080
-1007
-911
-764
-570
-460
-375
-263
-111
104
218
283
342
508
682
800
808
820
955
1158
1342
1447
1498
1567
1717
1857
1759
1361
1025
1027
1216
1209
972
806
887
1015
958
809
647
414
124
-49
-83
-153
-349
-544
-501
-241
-14
56
44
-32
-163
-276
-321
-342
-369
-422
-425
-400
-500
-780
-1129
-1349
-1352
-1215
-1202
-1391
-1591
-1583
-1435
-1404
-1556
-1661
-1475
-1164
-939
-892
-893
-783
-557
-328
-196
-51
83
218
345
418
398
375
437
612
856
1062
1194
1310
1462
1699
2001
2308
2437
2247
1748
1270
1161
1252
1185
822
538
522
664
630
421
223
36
-209
-479
-637
-743
-805
-785
-578
-209
125
262
232
189
146
108
59
12
-57
-141
-210
-289
-450
-755
-1060
-1244
-1295
-1363
-1458
-1541
-1642
-1762
-1815
-1734
-1626
-1583
-1527
-1354
-1094
-936
-899
-825
-620
-416
-242
-66
99
243
346
440
552
725
862
980
1100
1284
1551
1818
2011
2144
2343
2600
2900
2886
2252
1271
773
917
975
420
-394
-617
-276
-6
-202
-498
-660
-816
-914
-957
-944
-1019
-971
-620
48
646
906
995
992
894
753
748
682
489
236
51
-74
-446
-1085
-1682
-1860
-1843
-1982
-2307
-2617
-2654
-2462
-2266
-2261
-2270
-2036
-1527
-1009
-836
-856
-771
-417
-2
328
619
905
1253
1447
1511
1439
1383
1460
1612
1705
1611
1604
1726
1958
2042
2095
2294
2729
2949
2314
961
-78
-68
232
-167
-1143
-1664
-1302
-728
-540
-633
-644
-697
-756
-680
-614
-754
-816
-413
398
1204
1604
1686
1650
1504
1275
1132
936
494
25
-293
-612
-1179
-1941
-2524
-2748
-2848
-2981
-3075
-3148
-3315
-3276
-2844
-2247
-1808
-1479
-985
-284
278
426
466
648
970
1262
1512
1577
1500
1467
1477
1454
1296
1073
964
1063
1082
1080
1115
1172
1285
1676
2192
2729
3046
2360
917
-102
134
484
-56
-1349
-2012
-1516
-817
-524
-531
-417
-529
-453
-284
-335
-721
-890
-290
597
1343
1501
1642
1609
1408
1177
1078
844
170
-318
-642
-932
-1701
-2491
-2914
-2882
-2781
-2901
-3066
-3310
-3159
-2711
-2121
-1851
-1617
-1046
-208
441
530
498
582
879
1122
1315
1356
1321
1363
1487
1458
1258
1031
975
1022
1052
1047
1120
1234
1351
1567
2009
2545
3034
3099
1942
279
-429
164
467
-583
-2047
-2469
-1616
-726
-463
-531
-632
-618
-374
-227
-627
-1059
-840
54
951
1455
1519
1473
1435
1318
1300
1123
670
48
-348
-704
-1257
-1957
-2571
-2784
-2657
-2462
-2551
-2942
-3384
-3296
-2635
-1937
-1620
-1483
-1009
-250
428
596
561
682
1103
1534
1685
1548
1352
1470
1608
1597
1303
1077
1019
1107
1098
948
1071
1368
1813
2074
2315
2571
3132
3002
1324
-496
-838
112
78
-1399
-2992
-2983
-1821
-946
-667
-823
-897
-788
-257
-249
-725
-905
-203
950
1690
2037
1932
1827
1571
1507
1546
1244
570
-204
-664
-1251
-1778
-2413
-2925
-3191
-3037
-2826
-3060
-3526
-3679
-2947
-2083
-1598
-1438
-1028
-261
462
863
796
750
970
1439
1678
1585
1417
1493
1739
1765
1544
1140
981
1006
1161
1159
1032
995
1247
1698
2108
2423
2869
3120
2123
100
-1153
-668
-102
-1090
-2888
-3620
-2802
-1581
-914
-758
-697
-524
-20
358
50
-435
-122
896
1732
2148
2096
1874
1602
1458
1401
1150
503
-291
-863
-1387
-1871
-2304
-2606
-2800
-2847
-2805
-2739
-2710
-2744
-2621
-2304
-1716
-1028
-509
-271
-8
437
744
842
769
735
809
965
1049
1080
1037
1011
1137
1214
1168
1018
980
948
1131
1445
1745
1731
1733
2001
2587
3095
3418
2707
735
-1068
-1323
-563
-810
-2377
-3892
-3689
-2251
-983
-508
-563
-524
5
786
767
199
28
711
1738
2280
2255
1758
1379
1126
1134
924
242
-536
-1128
-1621
-2158
-2435
-2670
-3071
-3284
-2812
-2200
-2284
-2802
-2725
-1660
-562
-191
-376
-358
143
733
857
375
-83
90
567
681
388
226
463
850
1007
865
671
644
879
1163
1314
1322
1496
1828
2208
2379
2683
3092
3682
3679
2065
-449
-1615
-860
-443
-1930
-3984
-4463
-3129
-1526
-697
-521
-395
27
828
1174
696
251
812
2000
2711
2749
2347
1858
1563
1491
1350
625
-393
-1273
-1925
-2506
-2899
-3123
-3283
-3212
-2929
-2742
-2928
-2951
-2513
-1842
-1360
-1017
-509
-80
185
314
487
609
683
710
525
224
121
271
402
323
253
284
446
637
746
674
817
1363
1964
2193
1998
2073
2511
3195
3511
3847
3441
1656
-592
-1245
-476
-533
-2168
-3968
-3969
-2492
-943
-321
-338
-228
415
1311
1304
621
370
1183
2253
2591
2297
1682
1356
1223
1192
675
-239
-1161
-1863
-2398
-2950
-3165
-3213
-3092
-2927
-2721
-2683
-2745
-2420
-2040
-1544
-961
-358
-90
-115
-51
331
890
939
619
258
79
-30
-18
-90
-287
-209
-11
84
1
41
392
965
1401
1523
1725
1971
2331
2657
3016
3361
3818
4357
3955
2091
-311
-932
-242
-371
-2264
-3975
-3986
-2590
-1130
-493
-390
-233
348
987
978
470
390
1235
2094
2316
2012
1621
1414
1411
1310
711
-249
-1115
-1693
-2140
-2680
-2974
-2975
-2783
-2617
-2464
-2500
-2597
-2381
-1787
-1144
-867
-851
-825
-516
-115
166
255
209
188
193
60
-255
-445
-331
-71
21
-74
-127
95
400
767
1226
1553
1773
1818
2050
2247
2671
2987
3417
3619
3914
3912
2604
266
-1325
-942
-490
-1551
-3501
-4279
-3235
-1523
-371
-183
-271
13
716
1149
850
627
1016
1825
2237
2219
1864
1494
1416
1355
985
45
-945
-1622
-2030
-2380
-2802
-3023
-3002
-2701
-2536
-2538
-2585
-2402
-1905
-1436
-1153
-1075
-924
-667
-301
41
209
300
356
377
243
30
-127
-137
-16
-95
-252
-353
-129
173
558
972
1359
1675
1645
1831
2018
2622
3109
3265
3192
3377
4041
3628
1604
-859
-1353
-433
-347
-2094
-4026
-4075
-2456
-533
150
-154
-303
386
1384
1442
878
619
1233
2117
2472
2206
1491
1122
1118
1031
363
-641
-1488
-2021
-2251
-2592
-3009
-3336
-3153
-2646
-2292
-2378
-2528
-2435
-1918
-1194
-729
-754
-956
-803
-167
449
537
291
128
182
267
173
-203
-433
-374
-163
-161
-204
-296
81
870
1484
1571
1304
1478
2058
2772
2968
2994
3036
3419
3885
4027
2616
375
-871
-291
130
-1104
-3261
-4110
-2973
-1082
-60
-150
-407
47
989
1356
824
378
768
1634
2178
2051
1496
1006
981
1043
683
-217
-1155
-1759
-2036
-2222
-2602
-3143
-3386
-2857
-2131
-1999
-2337
-2451
-1891
-1141
-765
-1020
-1238
-1056
-434
27
-37
-426
-404
89
482
372
-147
-482
-401
-106
-179
-436
-414
58
826
1228
1322
1429
2110
2775
3199
2917
2770
2963
3609
3944
3973
3326
1629
-150
-769
-274
-660
-2224
-3870
-3698
-2303
-852
-395
-402
-231
567
1323
1255
603
549
1332
2180
2292
1797
1250
1012
1087
912
240
-806
-1597
-2040
-2367
-2767
-3161
-3280
-3019
-2405
-2036
-2047
-2145
-1835
-1223
-815
-921
-1211
-1175
-713
-273
-201
-477
-539
-185
287
330
-59
-428
-480
-245
-244
-426
-630
-288
375
1026
1331
1505
1843
2318
2818
2830
2614
2362
2656
3177
3609
3667
3316
1905
7
-1021
-553
-342
-1439
-3103
-3435
-2223
-601
150
58
71
702
1505
1411
639
319
1024
1906
2044
1451
699
468
711
759
72
-1042
-1883
-2261
-2464
-2666
-2809
-2798
-2554
-2135
-1843
-1907
-1990
-1727
-1156
-902
-1004
-1230
-1145
-841
-441
-288
-391
-466
-302
-49
-97
-353
-581
-527
-349
-269
-418
-489
-58
755
1391
1595
1760
2155
2672
2695
2573
2334
2678
3234
3601
3426
3219
2750
1310
-228
-942
-549
-808
-1871
-3118
-2966
-1797
-393
299
432
450
892
1279
1031
554
635
1221
1600
1495
967
538
419
473
151
-612
-1478
-1987
-2174
-2330
-2426
-2349
-2119
-1847
-1657
-1635
-1754
-1678
-1341
-1003
-936
-1098
-1219
-1201
-1005
-609
-282
-302
-595
-762
-643
-352
-247
-342
-415
-293
-176
-136
-109
330
1070
1718
1877
1810
1794
2029
2346
2469
2471
2460
2733
2946
3028
2949
2611
1367
-105
-828
-535
-641
-1549
-2588
-2589
-1448
-139
508
364
342
612
955
739
289
264
730
1239
1233
805
331
265
427
198
-504
-1225
-1503
-1601
-1714
-1870
-1904
-1785
-1563
-1486
-1592
-1922
-1887
-1593
-1322
-1454
-1694
-1590
-1233
-739
-497
-447
-429
-259
-60
-96
-221
-291
-144
4
-73
-202
-232
96
604
1199
1343
1304
1464
1815
2048
1874
1861
1976
2431
2629
2689
2608
2866
2711
1546
64
-578
-223
-404
-1351
-2313
-2158
-1191
-183
224
205
199
487
683
499
144
202
598
940
907
612
314
233
251
54
-377
-851
-1150
-1482
-1654
-1767
-1703
-1607
-1607
-1656
-1899
-1932
-1773
-1444
-1440
-1608
-1715
-1486
-935
-456
-404
-589
-552
-239
46
-41
-322
-391
-102
127
27
-246
-192
313
958
1372
1253
1206
1457
1948
2143
1935
1754
2094
2664
2895
2836
2763
2983
2564
1345
-149
-517
-271
-400
-1372
-2200
-2014
-989
-12
193
-45
-100
207
370
107
-219
-85
435
863
869
620
425
463
485
230
-261
-696
-1021
-1363
-1630
-1746
-1739
-1778
-1895
-1968
-2064
-2102
-2119
-1990
-1856
-1680
-1477
-1182
-931
-601
-313
-90
-24
-11
81
188
249
182
128
75
15
53
98
335
581
831
1040
1197
1461
1503
1669
1726
2016
2163
2451
2726
3007
3198
2860
1838
627
183
356
111
-843
-1767
-1766
-1141
-542
-288
-309
-228
-80
-49
-429
-707
-502
116
561
707
611
618
667
709
558
213
-120
-440
-763
-1234
-1551
-1662
-1650
-1701
-1869
-2093
-2311
-2309
-2152
-1959
-1828
-1687
-1394
-999
-692
-469
-269
-50
124
245
285
250
231
258
279
207
124
118
186
324
454
694
888
1125
1253
1368
1464
1620
1962
2305
2547
2640
2879
2944
2432
1418
752
722
745
183
-605
-1051
-914
-525
-268
-294
-462
-509
-531
-730
-1022
-1037
-707
-246
149
428
550
567
575
592
545
425
212
-122
-534
-850
-1020
-1156
-1315
-1464
-1661
-1938
-2196
-2300
-2276
-2187
-2081
-1915
-1626
-1226
-831
-583
-451
-282
-4
250
341
285
206
184
243
236
157
145
283
393
482
639
801
966
1055
1175
1274
1448
1646
1881
2168
2497
2547
2090
1476
1249
1369
1290
823
238
-15
4
171
162
3
-150
-172
-270
-540
-845
-904
-735
-466
-185
57
224
305
319
262
211
212
189
-3
-314
-594
-805
-995
-1119
-1180
-1263
-1473
-1739
-1954
-2021
-1981
-1883
-1758
-1558
-1271
-962
-783
-699
-553
-331
-115
-43
-89
-197
-217
-173
-136
-164
-185
-139
-49
110
288
498
671
845
1029
1199
1367
1585
1863
2146
2325
2301
2073
1860
1822
1809
1588
1171
809
649
669
675
542
276
67
-41
-122
-295
-495
-610
-603
-494
-331
-153
-14
84
146
157
127
105
42
-109
-335
-576
-808
-995
-1112
-1169
-1258
-1426
-1656
-1834
-1908
-1878
-1819
-1744
-1609
-1422
-1208
-1032
-893
-790
-652
-507
-418
-447
-544
-619
-612
-542
-466
-403
-340
-200
15
292
589
880
1153
1411
1630
1817
2004
2208
2361
2374
2282
2227
2221
2178
1981
1660
1319
1098
1011
990
826
508
157
-57
-126
-143
-204
-322
-413
-402
-333
-293
-259
-184
-29
88
106
3
-127
-243
-331
-486
-702
-937
-1101
-1214
-1328
-1493
-1667
-1814
-1904
-1914
-1872
-1800
-1682
-1513
-1354
-1206
-1077
-932
-779
-612
-457
-408
-475
-560
-592
-573
-502
-391
-267
-137
33
272
537
841
1206
1583
1860
2042
2161
2201
2180
2190
2255
2294
2242
2093
1861
1585
1334
1127
963
788
597
359
56
-241
-439
-499
-448
-376
-334
-343
-363
-361
-345
-297
-206
-81
29
47
-72
-265
-434
-547
-644
-760
-919
-1124
-1346
-1550
-1695
-1771
-1808
-1829
-1826
-1783
-1678
-1533
-1377
-1226
-1063
-864
-648
-464
-319
-202
-115
-83
-103
-130
-110
-28
91
211
324
464
672
953
1237
1526
1830
2089
2187
2145
2049
2034
2121
2235
2207
1980
1665
1435
1322
1201
971
615
238
-61
-242
-426
-658
-861
-882
-726
-529
-434
-460
-522
-486
-341
-205
-140
-117
-82
-77
-151
-316
-493
-609
-648
-706
-898
-1205
-1506
-1699
-1794
-1834
-1841
-1817
-1770
-1693
-1603
-1516
-1406
-1213
-953
-705
-521
-387
-275
-165
-35
104
207
288
380
480
547
652
824
1060
1300
1526
1707
1833
1946
2058
2124
2129
2113
2073
1980
1812
1604
1395
1229
1087
910
637
303
6
-229
-415
-565
-681
-747
-760
-704
-610
-523
-437
-345
-267
-203
-143
-103
-126
-192
-266
-361
-480
-597
-706
-829
-950
-1075
-1227
-1412
-1581
-1673
-1693
-1664
-1592
-1505
-1438
-1385
-1299
-1155
-972
-760
-546
-391
-284
-170
-21
121
269
425
563
672
784
905
1022
1163
1347
1538
1662
1725
1750
1785
1871
1998
2050
1944
1713
1488
1330
1210
1062
816
512
235
41
-146
-384
-633
-795
-833
-782
-720
-713
-739
-698
-553
-369
-209
-99
-33
-22
-66
-172
-323
-467
-557
-607
-703
-880
-1090
-1267
-1386
-1445
-1473
-1497
-1511
-1485
-1422
-1361
-1296
-1169
-962
-736
-539
-396
-285
-138
63
260
397
494
599
736
877
988
1077
1177
1302
1429
1484
1461
1432
1476
1592
1709
1748
1665
1517
1399
1335
1291
1199
1012
736
419
132
-117
-340
-524
-661
-772
-870
-955
-1033
-1076
-1033
-905
-741
-595
-487
-400
-333
-267
-206
-191
-214
-254
-312
-415
-592
-793
-958
-1056
-1109
-1174
-1282
-1392
-1409
-1310
-1175
-1072
-985
-867
-693
-487
-305
-171
-39
134
332
506
637
748
861
971
1062
1149
1265
1392
1464
1430
1324
1251
1293
1432
1535
1490
1330
1176
1117
1129
1125
1028
825
595
405
224
7
-240
-466
-625
-724
-806
-911
-1047
-1145
-1149
-1092
-1036
-999
-948
-864
-749
-637
-581
-575
-554
-471
-377
-358
-444
-582
-691
-749
-795
-868
-968
-1022
-983
-907
-864
-843
-765
-587
-364
-184
-69
37
208
450
679
831
941
1068
1225
1356
1419
1451
1486
1504
1472
1379
1267
1212
1214
1174
1030
827
666
621
648
629
514
336
157
45
-24
-109
-220
-341
-440
-506
-571
-664
-776
-871
-926
-953
-968
-996
-1037
-1065
-1075
-1105
-1130
-1104
-1029
-928
-835
-800
-798
-770
-705
-620
-565
-544
-511
-454
-401
-370
-348
-307
-220
-89
36
125
221
377
570
738
868
982
1124
1307
1489
1614
1665
1679
1684
1641
1547
1447
1386
1347
1229
994
707
480
398
385
281
42
-218
-360
-395
-423
-502
-618
-668
-611
-534
-535
-598
-643
-631
-592
-592
-644
-706
-757
-811
-905
-1051
-1185
-1247
-1246
-1222
-1209
-1225
-1244
-1237
-1189
-1091
-945
-772
-601
-455
-340
-218
-65
108
265
395
490
563
636
718
809
925
1056
1181
1287
1377
1467
1560
1621
1617
1586
1575
1617
1669
1622
1423
1169
974
876
802
643
365
41
-225
-414
-578
-774
-972
-1098
-1132
-1115
-1086
-1086
-1097
-1057
-957
-842
-730
-635
-584
-559
-558
-604
-690
-786
-847
-853
-858
-917
-1047
-1190
-1273
-1251
-1136
-998
-872
-739
-597
-449
-274
-84
119
344
571
758
897
1001
1095
1201
1315
1421
1503
1542
1524
1472
1404
1352
1351
1397
1440
1426
1321
1154
1008
945
954
947
853
653
397
147
-55
-233
-419
-607
-774
-932
-1078
-1218
-1356
-1452
-1479
-1468
-1442
-1420
-1386
-1311
-1220
-1141
-1108
-1109
-1076
-964
-825
-729
-724
-765
-787
-738
-643
-549
-466
-363
-243
-140
-70
-5
93
255
463
637
750
829
935
1074
1230
1367
1473
1543
1590
1592
1559
1502
1468
1477
1481
1412
1238
1003
795
696
681
664
563
394
202
57
-44
-138
-238
-322
-376
-421
-514
-679
-854
-968
-1011
-1051
-1153
-1315
-1460
-1549
-1589
-1658
-1791
-1907
-1902
-1781
-1640
-1569
-1556
-1488
-1290
-1008
-745
-544
-358
-106
196
463
622
714
833
1012
1191
1287
1283
1262
1290
1352
1408
1419
1410
1435
1461
1437
1393
1364
1388
1432
1402
1268
1076
916
850
828
740
565
355
165
9
-142
-349
-565
-702
-741
-754
-812
-914
-1011
-1035
-977
-913
-922
-986
-1040
-1057
-1075
-1162
-1318
-1440
-1473
-1470
-1500
-1604
-1718
-1749
-1679
-1562
-1443
-1329
-1167
-916
-601
-302
-38
240
571
921
1203
1392
1541
1718
1932
2123
2209
2184
2130
2097
2064
2000
1892
1762
1635
1492
1306
1074
858
742
716
666
533
334
143
3
-101
-221
-372
-519
-624
-700
-786
-903
-1022
-1092
-1130
-1167
-1226
-1310
-1388
-1433
-1472
-1515
-1541
-1522
-1473
-1431
-1389
-1339
-1281
-1211
-1138
-1070
-975
-840
-676
-517
-375
-243
-86
106
292
432
539
675
852
1033
1193
1343
1487
1634
1754
1843
1889
1924
1982
2037
2029
1932
1764
1597
1473
1364
1224
1023
794
543
300
68
-160
-383
-559
-686
-781
-894
-1029
-1148
-1191
-1162
-1127
-1151
-1245
-1349
-1404
-1389
-1357
-1364
-1416
-1462
-1479
-1444
-1374
-1291
-1204
-1116
-1020
-906
-783
-644
-477
-294
-98
117
312
464
556
627
729
875
1018
1121
1158
1176
1216
1259
1266
1232
1204
1205
1236
1223
1136
1008
920
915
948
929
820
683
585
524
467
365
224
87
-10
-96
-222
-401
-561
-647
-680
-738
-843
-990
-1124
-1182
-1212
-1249
-1277
-1265
-1200
-1128
-1091
-1078
-1041
-924
-766
-639
-558
-485
-381
-230
-78
39
135
239
365
488
559
593
626
675
758
847
885
888
893
907
927
925
902
858
794
714
639
561
477
406
339
252
138
6
-100
-150
-180
-211
-286
-386
-444
-463
-454
-464
-516
-569
-560
-514
-484
-516
-595
-647
-622
-568
-529
-524
-536
-501
-435
-380
-329
-273
-185
-59
54
125
173
227
314
425
519
580
619
639
654
660
639
606
601
604
587
549
514
486
441
376
287
191
130
98
41
-41
-140
-226
-279
-333
-407
-459
-496
-541
-585
-621
-645
-643
-644
-674
-709
-693
-637
-594
-588
-628
-654
-624
-547
-466
-386
-307
-204
-86
5
89
207
340
486
603
666
742
839
922
987
1021
1041
1064
1080
1067
1012
956
898
825
756
681
613
546
466
359
243
146
50
-60
-180
-324
-455
-553
-653
-757
-849
-896
-890
-885
-930
-1018
-1115
-1146
-1110
-1032
-993
-1008
-1006
-956
-890
-838
-788
-700
-561
-423
-337
-301
-232
-103
69
252
375
462
549
627
702
779
855
940
998
1040
1084
1111
1119
1136
1174
1211
1223
1186
1120
1066
1016
937
836
734
622
514
391
224
51
-100
-251
-399
-568
-727
-849
-947
-1056
-1166
-1257
-1307
-1313
-1307
-1325
-1349
-1346
-1295
-1202
-1117
-1072
-1021
-918
-780
-629
-518
-437
-351
-228
-74
62
162
255
372
516
644
732
803
863
945
1037
1124
1197
1226
1224
1227
1233
1250
1246
1209
1143
1045
949
873
788
644
461
291
165
79
-30
-193
-363
-489
-589
-674
-758
-867
-949
-1011
-1059
-1108
-1151
-1163
-1144
-1107
-1077
-1072
-1056
-989
-892
-816
-761
-694
-605
-477
-324
-212
-142
-31
111
245
362
476
567
644
719
776
842
917
971
1022
1059
1034
991
963
965
990
980
910
822
722
644
656
444
121
260
382
19
-156
-227
-413
-451
-552
-675
-694
-883
-1015
-948
-1038
-1161
-1197
-1166
-1059
-1105
-1165
-997
-901
-877
-775
-662
-506
-379
-301
-109
31
84
241
398
500
616
702
763
842
877
901
958
988
979
996
993
949
908
886
850
795
719
661
615
529
418
325
214
91
24
-43
-133
-247
-380
-506
-593
-653
-700
-739
-795
-860
-916
-951
-982
-987
-978
-954
-912
-892
-879
-827
-754
-677
-595
-502
-397
-298
-216
-137
-31
93
227
362
443
495
576
678
779
841
875
932
1010
1073
1094
1079
1051
1032
1043
1037
973
879
787
705
615
504
368
209
79
-9
-129
-280
-432
-568
-667
-742
-814
-897
-970
-1010
-1035
-1062
-1073
-1071
-1048
-992
-957
-932
-896
-836
-752
-676
-605
-517
-419
-311
-212
-129
-37
61
164
252
331
428
531
614
665
704
766
843
922
965
974
983
993
1006
997
966
931
891
832
762
675
583
493
405
311
190
75
-27
-132
-243
-353
-462
-547
-606
-664
-751
-831
-885
-921
-935
-941
-948
-949
-924
-894
-866
-836
-776
-698
-611
-528
-455
-384
-287
-188
-89
3
70
140
217
279
329
384
445
500
529
565
617
648
665
682
704
727
736
737
738
735
732
707
651
595
546
497
436
346
241
148
62
-24
-132
-253
-348
-422
-507
-597
-677
-734
-761
-773
-794
-828
-833
-789
-729
-689
-659
-607
-524
-427
-347
-293
-232
-138
-29
56
108
152
203
271
341
382
388
406
441
471
476
469
464
475
496
502
483
455
442
445
445
415
374
348
340
317
266
207
161
126
82
22
-44
-104
-167
-215
-263
-335
-409
-460
-493
-527
-571
-606
-622
-631
-631
-623
-611
-606
-579
-526
-477
-432
-381
-312
-238
-167
-85
-3
64
140
222
299
368
434
493
540
574
601
622
638
648
645
641
627
590
550
508
458
413
365
292
216
155
103
58
-4
-82
-144
-179
-211
-253
-306
-348
-377
-408
-438
-459
-478
-491
-495
-506
-515
-516
-510
-492
-467
-446
-424
-394
-352
-307
-266
-233
-192
-133
-65
-9
23
55
105
166
219
252
275
310
346
374
398
422
448
477
488
481
470
466
479
482
445
396
373
369
338
282
232
188
150
120
83
27
-23
-65
-103
-144
-198
-244
-284
-325
-356
-388
-421
-435
-445
-465
-475
-462
-440
-427
-417
-392
-352
-310
-265
-213
-170
-132
-89
-62
-30
11
59
100
122
140
175
198
210
226
237
247
260
269
259
255
250
243
233
214
198
191
169
143
127
114
106
88
63
47
42
42
42
32
23
31
38
39
31
14
-1
2
14
-4
-30
-50
-69
-73
-100
-127
-135
-188
-206
-186
-227
-245
-260
-273
-240
-248
-250
-218
-193
-163
-139
-121
-65
-43
-7
47
55
94
135
147
169
176
163
184
197
186
171
164
150
141
118
90
81
66
51
44
36
26
14
-7
-4
-2
2
7
0
-8
-10
4
16
10
-5
0
10
15
8
-14
-28
-30
-25
-27
-44
-72
-68
-54
-60
-85
-99
-96
-94
-94
-104
-124
-131
-116
-107
-104
-110
-111
-97
-76
-76
-82
-59
-31
-1
19
28
41
72
107
140
157
157
165
181
205
210
203
187
186
180
172
150
122
95
79
62
30
3
-9
-16
-37
-64
-87
-100
-101
-88
-92
-112
-121
-115
-104
-86
-83
-83
-91
-85
-64
-47
-45
-52
-52
-35
-23
-31
-38
-44
-42
-32
-22
-20
-24
-30
-21
-11
-19
-18
-5
11
20
28
32
39
49
61
68
73
82
92
100
106
108
103
102
101
96
90
84
68
47
22
1
-9
-23
-50
-80
-107
-126
-130
-141
-159
-169
-170
-158
-142
-137
-134
-118
-89
-55
-35
-20
0
29
55
76
81
91
106
122
124
121
120
130
135
124
110
108
116
114
111
103
100
104
104
85
69
66
74
71
49
30
20
18
-1
-33
-58
-70
-76
-91
-126
-155
-168
-179
-189
-209
-226
-237
-238
-237
-236
-238
-232
-213
-195
-183
-172
-146
-111
-77
-53
-31
-8
23
58
89
114
140
168
186
207
224
236
248
260
269
275
275
268
256
246
242
232
218
203
182
166
146
127
105
80
57
32
5
-18
-41
-65
-87
-115
-140
-165
-192
-214
-232
-249
-259
-276
-286
-298
-302
-303
-305
-304
-300
-291
-278
-261
-248
-224
-198
-165
-137
-109
-73
-34
8
43
77
113
148
184
216
246
276
305
328
344
359
370
379
378
373
366
358
343
321
293
265
241
216
184
144
102
62
27
-7
-44
-83
-120
-150
-178
-207
-238
-264
-280
-295
-309
-329
-344
-346
-339
-333
-331
-326
-315
-301
-290
-280
-265
-241
-211
-184
-160
-135
-102
-65
-32
0
33
70
108
141
170
200
231
264
295
319
336
353
369
379
382
375
367
357
343
318
286
253
223
191
155
113
71
31
-13
-53
-97
-129
-162
-189
-217
-246
-267
-284
-299
-310
-319
-324
-321
-319
-310
-305
-296
-284
-269
-252
-231
-208
-184
-164
-143
-112
-79
-44
-18
4
33
70
108
135
154
177
207
235
254
266
278
293
305
308
301
293
288
282
271
252
236
218
202
176
144
114
90
68
46
20
-6
-32
-60
-85
-111
-131
-148
-166
-186
-199
-205
-207
-212
-220
-230
-237
-236
-233
-228
-221
-211
-197
-183
-174
-161
-145
-123
-101
-84
-64
-40
-10
21
44
63
83
107
134
155
170
183
198
213
222
227
228
227
224
216
200
183
167
155
140
117
88
63
40
19
-6
-31
-53
-72
-87
-107
-122
-135
-146
-157
-165
-168
-163
-157
-153
-152
-146
-134
-119
-105
-94
-80
-67
-53
-40
-28
-13
-2
7
9
14
25
37
47
51
53
60
68
70
68
70
77
84
85
81
81
85
88
86
84
84
83
72
57
47
47
47
41
25
10
0
-5
-13
-30
-51
-68
-79
-87
-99
-111
-118
-120
-120
-122
-124
-119
-108
-97
-91
-83
-70
-48
-28
-14
-4
9
29
47
58
64
74
86
96
104
105
103
103
104
102
97
88
80
71
62
51
43
37
30
22
6
-11
-21
-30
-39
-53
-63
-65
-61
-57
-59
-60
-59
-52
-46
-42
-42
-41
-37
-32
-27
-28
-29
-25
-17
-10
-9
-10
-14
-12
-9
-9
-12
-16
-12
-6
1
5
8
15
23
30
35
40
47
56
63
70
73
71
67
62
61
58
53
43
31
22
12
0
-16
-29
-38
-47
-61
-74
-81
-81
-85
-93
-102
-105
-98
-91
-83
-78
-69
-57
-46
-39
-32
-21
-6
7
20
29
39
52
65
76
84
94
107
117
121
116
116
122
131
132
122
110
107
110
108
95
77
63
51
37
20
3
-11
-21
-35
-50
-66
-78
-87
-101
-115
-126
-134
-143
-155
-169
-176
-175
-169
-168
-167
-166
-160
-152
-141
-129
-116
-103
-90
-76
-62
-44
-24
-2
18
36
55
75
97
118
138
150
161
170
183
194
203
206
209
213
217
217
211
201
189
175
159
141
124
108
90
67
44
22
1
-23
-49
-75
-96
-113
-132
-151
-171
-186
-199
-211
-224
-236
-245
-249
-248
-244
-239
-236
-228
-216
-203
-186
-169
-150
-129
-106
-81
-55
-27
-2
20
42
67
95
123
144
164
183
202
219
230
241
247
251
251
251
249
246
239
229
220
211
199
187
170
152
130
107
86
69
49
26
4
-16
-33
-52
-76
-101
-122
-140
-158
-180
-199
-214
-223
-235
-245
-253
-255
-257
-259
-262
-257
-244
-231
-225
-219
-199
-172
-146
-124
-103
-76
-45
-18
5
28
57
85
108
125
142
166
190
205
212
217
222
226
225
218
213
212
207
195
183
173
166
155
140
123
112
102
93
74
52
32
20
12
-2
-24
-46
-61
-73
-84
-103
-117
-129
-136
-147
-160
-167
-172
-171
-178
-187
-195
-192
-185
-179
-173
-165
-152
-139
-126
-119
-107
-90
-67
-48
-34
-19
-3
18
37
52
63
78
90
101
109
117
127
133
137
138
139
141
139
134
124
116
107
102
96
88
82
76
68
59
53
48
42
36
28
24
25
24
20
14
10
4
2
-5
-11
-15
-19
-25
-30
-37
-42
-49
-53
-59
-62
-64
-68
-72
-77
-80
-85
-87
-90
-90
-88
-88
-84
-79
-74
-71
-70
-63
-53
-45
-43
-42
-37
-31
-26
-23
-19
-13
-9
-9
-9
-6
-2
2
6
12
19
25
30
32
36
43
49
57
60
64
73
80
85
91
98
105
113
116
112
110
112
111
112
108
101
92
85
78
69
58
46
32
14
-2
-17
-27
-34
-46
-58
-68
-76
-83
-92
-102
-109
-112
-115
-118
-119
-118
-119
-115
-110
-107
-104
-99
-96
-92
-85
-79
-70
-61
-53
-42
-34
-22
-9
-1
4
8
19
31
41
43
46
52
65
70
73
75
81
86
92
92
91
94
99
96
93
87
86
88
87
78
70
64
58
48
34
23
16
12
3
-8
-20
-26
-35
-43
-54
-66
-71
-74
-76
-78
-77
-75
-71
-71
-70
-68
-66
-63
-58
-54
-48
-43
-38
-31
-25
-20
-13
-9
-5
-2
0
0
-2
-4
-3
3
6
4
3
4
11
12
10
9
17
22
24
27
28
31
31
31
29
31
39
43
44
49
52
54
49
42
35
35
34
26
