SAMPLES:	7775
BITSPERSAMPLE:	16
CHANNELS:	1
SAMPLERATE:	16000
NORMALIZED:	FALSE
-28
-13
-1
-7
11
13
15
21
3
-8
-18
-28
-12
-16
-19
-20
0
14
11
-5
0
9
22
3
-16
16
13
32
-17
-23
-15
-10
-6
-37
14
2
37
18
22
11
-22
3
-44
17
-44
10
-14
18
9
11
15
5
20
-21
26
-50
30
-30
9
31
-9
37
7
41
-17
27
-42
17
-36
-7
6
-39
27
5
43
-5
38
-7
24
-28
1
-7
-6
-23
-20
9
1
7
5
3
8
-11
25
-36
-13
-2
-14
18
8
65
-35
22
11
14
-20
-18
-49
-17
-2
5
-15
31
14
18
-22
6
52
-45
7
-75
45
10
49
-5
-35
15
-14
77
-67
-39
-29
52
6
4
-40
-3
0
20
4
-34
16
40
12
-25
-39
93
-3
-13
-131
65
17
-38
-2
-49
155
-43
35
-4
34
12
-43
-125
65
-31
41
-26
-41
37
64
31
-21
-53
-3
7
-69
56
-107
51
-20
52
68
-7
26
-89
75
-15
-14
-76
-14
55
13
24
-60
16
8
14
25
-91
-79
12
1
72
-40
-24
73
-17
45
-8
-107
-6
-1
51
4
-81
4
135
20
-35
-46
12
85
-7
-62
-52
88
69
-27
-142
15
76
66
-86
-39
102
39
78
-109
-9
28
87
-81
-129
-35
116
71
-119
-52
-4
107
-11
-146
30
63
23
-9
-25
58
5
25
-26
-54
100
-25
-62
27
132
26
-116
-42
173
37
-114
-68
12
113
-44
-186
144
102
56
-187
14
198
12
-75
-125
38
23
66
-32
-115
-21
124
92
-96
45
75
-92
-218
-59
-38
-177
-251
-60
129
181
173
93
112
129
1
-26
-165
-98
15
28
73
117
128
179
122
36
-4
-61
-31
-128
-96
-103
-53
-48
14
-21
94
68
13
2
-46
77
-77
-61
-16
-29
-47
37
-6
-22
-34
72
-11
-63
-130
-35
-41
10
-70
-23
43
79
6
-44
77
-25
102
-7
-63
20
98
14
-92
-29
93
22
40
84
55
0
215
-158
-368
38
39
-101
-643
6
163
294
86
-139
-10
181
481
-124
-413
-141
342
148
-150
-156
321
102
127
-2
-4
-23
-18
5
-132
-148
-7
-8
-53
-68
-113
125
171
141
-72
-63
146
133
3
-7
-79
381
-448
-679
-384
186
427
-264
-252
146
481
767
298
-298
-111
-162
-117
-318
-170
215
388
145
-103
-433
189
-105
-219
-680
-200
375
393
332
-60
191
64
224
-356
-119
-176
71
153
120
317
143
-8
-138
265
-99
-120
-297
2
34
-151
44
31
43
235
-104
-311
40
228
22
-455
-19
47
-85
-213
69
-190
75
132
84
146
31
237
-131
-154
13
-127
-268
-94
24
87
-183
157
493
255
48
-169
-62
181
-229
-104
-299
69
93
212
-133
199
392
-20
-65
-242
110
53
-362
163
43
-135
196
-155
217
156
-247
38
-227
146
195
-154
-82
-260
237
114
-409
-221
12
-156
88
-186
594
342
579
-156
150
410
491
85
-745
-180
294
167
144
-324
-223
-209
-6
186
-662
-235
-333
17
-49
-158
-28
6
66
244
-194
88
174
456
269
-194
391
-203
-676
-459
-252
-551
-459
-240
244
301
384
673
423
-103
391
-300
-134
-554
57
197
-175
808
372
437
5
178
-45
-103
-425
-15
-747
-256
-123
334
-187
289
481
194
435
307
-11
-583
-7
-395
-849
-648
-800
-193
175
168
-310
-13
1168
629
143
129
472
-141
-189
502
44
-474
413
717
457
-549
-212
38
-80
155
-700
-1090
-477
57
644
-1287
-37
642
737
256
-475
266
23
551
132
-53
-28
731
677
533
-306
43
-452
-251
-36
-457
-388
-645
97
-368
-233
-81
57
-37
492
682
891
19
434
-103
167
-320
-893
-550
-598
70
328
220
794
942
651
-23
-670
-764
-950
-904
-1051
-537
-541
400
641
345
650
473
954
356
-190
-499
58
105
71
-306
81
632
604
205
-71
29
310
-120
-580
-581
-142
-298
-459
-73
148
355
35
450
91
-33
-3
43
-308
-227
-165
-61
228
200
115
-5
102
459
-190
-142
-238
-56
-165
-514
-75
61
-208
-153
-149
235
-115
339
-224
-226
-262
-59
121
-152
220
18
195
280
415
-164
-173
83
428
-220
-256
246
252
374
63
5
-405
160
372
116
-499
-211
-178
85
207
-100
-137
-183
767
105
-361
-297
419
231
-330
23
42
-191
46
124
-167
-370
254
10
-501
243
150
-118
-240
348
75
-434
31
383
-159
-205
300
76
101
275
263
96
-242
353
-59
-418
-24
10
-320
-316
343
70
-247
-233
463
-16
-265
-52
-11
-96
13
164
-19
-198
217
358
-365
-187
298
141
-294
198
471
23
85
90
61
-310
-2
247
-367
-75
-39
356
-30
-167
24
-190
-109
-240
99
-8
-100
4
44
204
365
-22
-93
-219
266
134
-89
-157
-16
83
196
-24
18
4
220
200
-43
-260
-480
-61
-251
51
-43
122
-210
236
197
292
-110
-115
118
-137
-124
-278
82
-47
175
-83
-14
43
72
-53
-35
-75
-20
-276
-210
112
-4
146
143
241
63
-159
197
-153
-105
-6
144
31
-277
186
54
296
120
167
-192
-62
30
105
-393
-102
154
63
-190
-72
-59
1
84
178
67
-79
88
-125
-98
-193
-13
-177
-80
178
18
-91
-85
173
-287
-16
8
-162
-200
-63
130
-368
-120
-59
309
236
152
56
95
196
102
21
-16
92
211
481
119
232
18
129
184
-27
-53
-273
-123
28
306
115
-60
78
-159
-49
-187
-161
-111
-59
-67
-130
-173
-40
121
15
-189
42
270
29
-126
-57
-160
-116
14
143
-311
-264
236
124
-249
-234
-9
-250
-112
381
-24
-130
186
434
-29
-259
229
100
-134
358
618
17
-196
247
357
-219
-30
355
-74
-217
435
266
-255
-242
-230
-223
-175
363
-10
-566
46
305
-324
-704
-357
157
-138
139
268
-80
-116
242
100
-283
164
0
-79
-480
-14
230
-178
-256
-196
-42
-1
350
188
-359
-88
545
-25
-175
331
384
266
415
591
64
188
501
191
-356
-313
373
-143
-403
-108
-133
-192
87
2
-619
-531
305
73
-409
-90
-20
-101
-71
185
-59
-124
169
206
-129
-235
118
-81
-200
-20
86
-134
-11
231
-35
-158
25
-56
-281
-127
63
-52
-184
103
120
56
-57
206
213
213
324
327
-21
-102
317
269
152
140
205
149
201
338
130
-158
-244
-78
57
-195
-192
-414
-103
30
96
-25
-110
21
-30
179
95
-160
-515
-254
56
249
62
-137
-157
99
186
-226
-509
-551
-184
-244
-269
-251
-270
-56
97
-90
-340
-279
-69
-157
-181
-189
-62
58
370
287
28
185
541
532
148
188
-26
150
471
616
315
281
673
722
277
387
437
248
236
249
120
70
459
340
-189
-143
344
301
56
-178
-229
-409
-239
-227
-476
-491
-299
-410
-621
-500
-314
-533
-613
-381
-232
-348
-444
-566
-749
-581
-288
-247
-301
-284
-269
-197
-156
-245
-186
-120
-206
-269
-270
-59
-115
19
188
411
337
382
506
541
466
385
516
397
294
563
766
940
914
959
722
690
838
694
541
411
450
427
599
526
236
196
274
350
318
130
-447
-484
-258
-214
-443
-756
-667
-724
-576
-713
-903
-1034
-936
-929
-1230
-1074
-824
-883
-1152
-1140
-1063
-1110
-890
-650
-778
-946
-493
-247
-321
-289
9
176
547
807
820
616
852
845
706
815
1272
1509
1489
1375
1318
1388
1620
1533
1039
987
1229
1526
981
922
989
1231
1078
945
736
449
410
260
-72
-418
-498
-412
-838
-1007
-1000
-1079
-1503
-1543
-1693
-2005
-2342
-2359
-2471
-2608
-2365
-2428
-2494
-2351
-1895
-1767
-1829
-1500
-1022
-794
-732
-437
-270
302
1065
1154
969
1094
1661
2074
1988
1872
1849
2255
2865
2897
2182
1911
2186
2468
2447
1985
1591
1733
2002
2043
1544
1407
1424
1236
1091
820
417
-187
-347
-596
-1016
-1434
-1344
-1498
-2085
-2367
-2449
-2654
-3032
-3278
-3617
-3827
-3728
-3296
-3273
-3277
-2817
-2250
-2016
-1918
-1613
-1387
-969
-291
-18
90
463
1147
1679
1872
2116
2084
2497
2681
2621
2163
2203
2725
2991
2802
2287
2160
2333
2784
2615
2045
1734
2027
2199
1911
1682
1706
1652
1498
1054
814
64
-294
-516
-603
-962
-1110
-1400
-2092
-2204
-2410
-2896
-3612
-3653
-3854
-4033
-4226
-4145
-3950
-3559
-3124
-2961
-2817
-2481
-1790
-1576
-1498
-1179
-621
-170
118
468
939
1656
2340
2298
2081
2209
2609
2862
2805
2333
2118
2448
3011
3212
2903
2544
2557
3035
3344
2837
2241
1978
2667
2727
2173
1105
938
1042
772
390
-62
-660
-994
-895
-1285
-2333
-2590
-2654
-3005
-3330
-3400
-3861
-4333
-3955
-3571
-3757
-3667
-3403
-3191
-2933
-2475
-2234
-2374
-2077
-1516
-1000
-737
-342
3
184
597
879
1030
1328
2008
2495
2388
2341
2821
2945
2652
2775
3031
3167
3770
4232
3889
3515
3751
3694
3563
3693
3247
2217
1954
2081
1592
741
22
-777
-649
-284
-1148
-2917
-3226
-2969
-3167
-3667
-4220
-5184
-5211
-4258
-3951
-4543
-4625
-3914
-3416
-2980
-2554
-2481
-2408
-1739
-1051
-981
-1194
-746
-172
310
653
893
693
711
1143
1734
1981
2149
2123
2300
2650
3026
2812
2653
3008
3519
3968
4252
4197
4358
4919
5673
5005
3732
3060
3399
2673
1589
552
-62
-395
295
-3
-2366
-3757
-3070
-2585
-3917
-4837
-5587
-6041
-5574
-4330
-4651
-5526
-4817
-3308
-2769
-3046
-2718
-2430
-2120
-1364
-1086
-1198
-1273
9
458
285
264
716
840
691
958
931
1040
1449
1989
2074
2230
2424
2728
2584
3094
3323
3657
3712
4376
4954
5238
5865
5341
4318
3264
4060
3718
2109
277
-53
172
279
-320
-2214
-3479
-3136
-2802
-4149
-5585
-5765
-5490
-5280
-5010
-5114
-5389
-4700
-3426
-2917
-3076
-2687
-1905
-1501
-1146
-955
-601
-615
78
270
222
182
653
956
737
624
584
830
1213
1793
2218
1991
1969
2600
3032
3078
2993
3578
3905
4587
5015
5169
5263
5714
5112
3729
3689
3869
2233
334
-50
161
-1
-306
-1878
-4207
-4256
-3206
-3697
-5693
-6377
-6238
-5900
-5093
-4940
-5569
-5383
-3490
-2422
-2738
-3086
-2403
-1312
-471
-345
-794
-1013
-173
871
1045
422
144
771
1294
1078
573
520
828
1656
2513
2442
1761
2193
3393
4180
4070
4040
4034
4530
5581
6177
6087
5708
5193
4457
4489
4092
2658
472
46
423
570
-1029
-2901
-4334
-4194
-3914
-4595
-6238
-7423
-7139
-6142
-5496
-5981
-6249
-5694
-4267
-3252
-2898
-3171
-2783
-1632
-673
-792
-1021
-722
25
833
1137
773
458
873
1160
972
709
851
1049
1558
2320
2591
2484
2554
3326
4103
4314
4114
3983
4337
5211
6224
6648
6338
5223
4367
4543
4646
3083
723
-337
25
450
-57
-1736
-4212
-4692
-3737
-3535
-5481
-7090
-7177
-6389
-5466
-5239
-5732
-6100
-4524
-2825
-2427
-2886
-2691
-2002
-1188
-554
-729
-1360
-1102
308
1235
973
131
-63
502
1054
986
339
153
921
2137
2656
2337
2109
2650
3765
4518
4319
3749
3615
4535
5459
5835
5694
4855
4086
3789
4192
3231
1563
200
99
452
549
-700
-3036
-4085
-3341
-2661
-3824
-5195
-5881
-5537
-4776
-4142
-4414
-4877
-4390
-3192
-2442
-2316
-2278
-2126
-1729
-1015
-512
-856
-1164
-851
51
383
253
-7
-135
-3
490
793
712
514
937
1600
1774
1916
1947
2367
2625
3312
3400
3000
2851
3125
3689
3869
3910
3693
3504
3190
2679
2216
1669
889
210
-19
156
175
-344
-1313
-1932
-1960
-2178
-2761
-3337
-3378
-3329
-3182
-2963
-2837
-2956
-2888
-2409
-2106
-2055
-2063
-2016
-1846
-1563
-1415
-1342
-1170
-700
-406
-318
-293
-130
26
81
225
413
624
787
1027
1245
1272
1249
1463
1545
1673
1782
1737
1446
1423
1714
1655
1545
1602
2023
1962
1743
1665
1534
1218
873
754
600
597
565
550
508
583
429
-147
-528
-656
-781
-982
-1066
-1206
-1384
-1370
-1401
-1549
-1740
-1779
-1776
-1701
-1570
-1654
-1704
-1506
-1148
-798
-655
-581
-496
-131
246
397
241
235
425
608
755
617
417
321
361
398
211
-44
-116
-87
22
138
-79
-305
-202
-2
13
-72
102
340
414
553
737
1090
1262
984
739
812
1173
1058
792
725
973
1203
1088
640
216
124
31
-287
-598
-723
-814
-876
-844
-820
-874
-797
-741
-719
-650
-433
-199
-61
119
283
375
471
572
622
590
596
523
383
162
-65
-233
-337
-502
-662
-787
-1049
-1077
-1044
-1055
-1188
-1111
-954
-817
-655
-762
-975
-684
-139
45
-191
-55
359
551
512
516
518
534
620
583
464
526
633
443
231
409
767
691
448
423
473
522
685
779
643
616
859
1159
1169
1016
862
684
650
750
720
547
418
384
170
-19
-66
-246
-557
-720
-620
-683
-927
-1153
-1249
-1306
-1244
-1105
-1192
-1468
-1456
-941
-902
-1278
-1368
-844
-825
-1175
-1085
-743
-644
-1016
-936
-813
-643
-550
-621
-678
-419
71
160
109
331
635
574
694
1153
1413
1375
1604
2080
2525
2675
2710
2562
2323
2183
2177
1999
1543
1275
1258
1283
1001
639
330
18
-139
-95
-267
-652
-835
-799
-811
-878
-832
-681
-720
-714
-598
-680
-898
-994
-1045
-1274
-1417
-1519
-1653
-1910
-1867
-1926
-1951
-2176
-2222
-2085
-2021
-1953
-2020
-1913
-1840
-1485
-1163
-1042
-937
-511
159
436
727
1038
1438
1707
1935
2224
2243
2250
2310
2685
2750
2606
2384
2457
2759
2620
2241
1799
1600
1481
1402
1119
753
543
532
429
337
293
175
48
128
215
36
-156
-304
-469
-613
-703
-758
-1106
-1321
-1278
-1408
-1663
-2007
-2032
-2251
-2502
-2602
-2568
-2756
-2954
-2661
-2348
-2247
-2282
-2078
-1938
-1574
-1035
-1041
-1065
-771
-110
-67
237
483
727
964
1339
1740
1443
1556
1794
2332
2254
2157
2057
2239
2501
2553
2369
2193
2591
2822
2831
2520
2383
2080
1925
1864
1650
1234
841
827
680
361
13
-208
-627
-1001
-1026
-1123
-1563
-2029
-2150
-2254
-2278
-2163
-2248
-2488
-2520
-2188
-2152
-2288
-2418
-2371
-2368
-2177
-1861
-1872
-1975
-1814
-1205
-1045
-1131
-1148
-770
-565
-488
-148
76
100
366
865
1118
1082
1240
1609
1986
2170
2037
2167
2681
2982
2963
2825
2943
3005
2980
2893
2491
2313
2246
2416
2051
1550
1293
948
510
140
-50
-528
-995
-1161
-1335
-1578
-1640
-1667
-2053
-2343
-2123
-1924
-2126
-2371
-2359
-2410
-2334
-2122
-2056
-2010
-2593
-2570
-1855
-1206
-1982
-2810
-1753
-191
-164
-1226
-1258
-465
427
648
16
-203
776
1577
1106
785
1567
2009
2160
2187
2222
1732
2337
2765
2259
1556
1822
2678
2307
2341
2293
2140
1434
1666
1899
1159
443
686
1341
768
439
93
-355
-865
-828
-858
-1477
-1632
-1605
-1852
-2349
-2132
-1973
-2550
-2698
-2146
-2019
-2340
-2290
-2019
-2233
-2087
-1467
-1322
-1657
-1260
-559
-442
-511
-283
-182
-367
-17
507
540
110
491
994
1091
840
804
1183
1492
1693
1516
1408
1364
1700
1792
1578
1267
1619
1872
1747
1678
1696
1731
1679
1792
1397
774
682
862
747
137
134
446
412
4
-454
-961
-1333
-1121
-1168
-1908
-2362
-1987
-1855
-2211
-2147
-1764
-1800
-1758
-1446
-1333
-1305
-918
-610
-831
-727
-157
1
-220
-164
235
287
304
433
342
-91
-213
202
345
-200
-299
-8
98
-22
137
193
21
304
579
454
115
536
710
617
604
1087
1092
1005
1373
1594
1616
1622
1745
1119
756
1088
1122
322
44
731
1053
665
138
-105
-432
-547
-296
-493
-1195
-1416
-985
-864
-931
-682
-561
-824
-710
-249
-156
-360
-310
-211
-317
-195
-3
-292
-752
-669
-247
-390
-703
-1014
-1117
-1196
-1171
-1196
-1343
-1353
-1333
-1281
-1393
-932
-695
-782
-910
-113
265
-57
-8
376
816
787
1242
1439
1227
1634
2106
2351
2003
2358
1983
1557
1901
2443
1778
1100
1777
2171
2039
1882
1427
338
456
1279
646
-725
-922
-293
-328
-452
-415
-1194
-1629
-1087
-602
-1254
-1777
-1516
-1481
-1503
-1440
-1509
-1988
-2047
-1720
-1710
-1929
-1750
-1811
-2244
-2348
-1998
-1916
-2102
-1893
-1631
-1688
-1347
-813
-602
-554
-45
252
335
907
1307
1178
1305
2137
2362
2424
3036
3609
3685
3691
3542
3110
3321
3404
2646
2061
3038
3889
3254
2312
1831
1240
803
1055
674
-659
-1410
-1094
-1027
-1405
-1676
-1933
-2425
-2330
-1863
-1961
-2621
-2693
-2305
-2396
-2490
-2409
-2578
-2868
-2424
-2004
-2236
-2741
-2649
-2545
-2479
-2009
-1770
-2474
-2761
-1632
-1114
-1462
-1397
-763
-425
449
1131
991
726
1748
2531
2635
2577
3145
3715
4172
4984
5231
4838
3961
4335
4994
4470
2634
2417
3957
4501
2991
1692
1291
749
616
928
-226
-2211
-2415
-1469
-1776
-2498
-2418
-2849
-3502
-3061
-2046
-2799
-3532
-3013
-2542
-3018
-2872
-2395
-2764
-3077
-2435
-2045
-2650
-2759
-2455
-2464
-2416
-1741
-1677
-2318
-2337
-1440
-810
-787
-880
-587
154
949
1372
1537
1880
2568
3104
3182
3429
4167
4831
5578
5693
4526
3634
4993
5866
3812
1660
2883
4791
3977
2267
1236
371
34
1295
748
-2389
-3767
-2077
-1280
-2520
-2630
-2806
-3902
-3760
-2044
-2073
-3741
-3504
-2495
-2731
-2987
-2179
-2276
-3251
-2608
-1313
-1743
-2780
-2532
-1914
-1824
-1531
-1374
-2043
-2130
-756
56
-665
-1102
-121
967
1468
1687
1715
1939
2695
3573
3456
3484
4175
5114
5691
5274
3858
3282
5133
5396
2396
726
3225
4849
2769
900
251
-627
-569
822
-706
-4298
-4493
-2060
-1994
-3293
-3122
-3470
-4410
-3198
-1242
-2176
-3655
-2835
-2071
-2602
-2338
-1344
-2016
-2790
-1642
-713
-1632
-2203
-1380
-1196
-1725
-1481
-1015
-1369
-1164
-108
90
-550
-126
1124
1545
1629
1989
2434
2597
3263
3544
3868
4131
5186
5701
4924
3091
3160
5629
5331
1487
-146
3401
4938
2378
-13
-763
-1535
-735
1034
-1692
-6063
-5435
-1865
-1972
-3648
-3567
-4382
-5000
-2711
-399
-2455
-4237
-2671
-1506
-1977
-1566
-806
-2030
-2265
-517
-24
-1400
-1585
-695
-902
-1151
-532
-503
-1074
-405
709
509
-108
475
1474
1995
2259
2288
2004
2422
3560
4199
3995
4118
5121
4960
3458
2587
4689
5029
1627
-772
2148
4703
2257
-815
-1524
-1436
-1204
2
-1979
-6210
-6480
-2531
-1735
-4246
-4804
-4271
-4275
-2822
-663
-1922
-3923
-2363
-345
-1026
-1511
-505
-395
-1067
-119
486
-247
-488
218
-79
-1030
-529
164
27
-189
245
235
-9
644
1669
1854
1433
1643
2275
2856
3122
3357
3577
3871
4927
5221
3577
1812
3701
5654
2639
-1393
495
4424
2922
-899
-2207
-2138
-1966
-409
-1167
-6118
-7872
-3853
-1384
-3849
-5262
-4627
-4661
-3488
-985
-1163
-3650
-2854
-422
-460
-1184
-116
496
-545
-326
554
386
217
855
448
-1003
-899
515
975
403
-199
-439
-268
851
1879
1755
961
945
2098
3355
3608
2999
2961
3642
4894
5364
4295
2192
2958
5420
4105
-381
-312
4066
4182
-201
-2540
-1963
-1409
-509
-759
-5183
-8281
-5022
-1194
-2972
-6028
-5720
-4931
-3748
-1810
-1437
-3853
-3882
-1185
-370
-1240
-837
138
-602
-699
330
609
87
431
579
-412
-794
156
850
738
391
-240
-646
386
2127
2468
1294
569
1441
3308
4293
3707
2655
2822
4412
6079
5403
2545
1739
4821
5569
1349
-923
2792
4849
1314
-1940
-2028
-1309
-632
-28
-3687
-7999
-6292
-1406
-1929
-5814
-6404
-5144
-3930
-2284
-1327
-3534
-4586
-2070
-180
-1103
-1463
-368
-275
-571
21
220
55
881
1094
-668
-1770
-33
1715
1293
-446
-1443
-717
1315
2740
1653
-26
49
2143
3968
3861
2432
1450
2913
4950
6075
4754
2468
1590
4503
6604
3025
-1383
721
5576
4168
-751
-2656
-1246
76
719
-1669
-6697
-7359
-2444
-143
-4202
-7344
-6163
-3941
-2209
-1592
-3247
-5339
-3504
-319
-347
-1933
-1822
-678
-621
-350
142
232
49
54
-31
-403
-37
488
457
-8
-33
227
261
635
1333
1635
1182
915
1936
3187
3603
2771
2303
2852
4368
5786
4863
1990
1295
5083
6300
1669
-1460
2552
5661
2391
-1320
-1530
-535
211
719
-2898
-7257
-5361
-401
-1212
-5976
-6679
-4618
-3032
-2148
-2210
-4294
-4973
-2004
-291
-1697
-2704
-1310
-582
-1042
-836
-294
49
192
-234
-1280
-908
1073
1346
-571
-1561
-146
1461
1470
434
-271
536
2168
2710
1870
1448
2323
3352
3540
3245
3328
4539
4569
2778
2063
4814
5442
1364
-701
3187
5816
2254
-1228
-1146
286
1006
903
-2713
-6522
-4545
-158
-1122
-5634
-6167
-4014
-2641
-2251
-2418
-3978
-4431
-1999
-718
-2043
-2753
-1196
-604
-1615
-1537
-361
343
-229
-958
-1199
-563
551
674
-221
-948
-423
705
1155
820
540
768
1248
1686
2403
2726
2307
1949
2542
3600
4140
4511
3467
1702
2157
5586
5500
411
-1399
3466
6353
2219
-1815
-1469
558
1552
975
-3029
-6552
-4026
470
-927
-5700
-6148
-3659
-2104
-1928
-2359
-3913
-4115
-1802
-674
-1815
-2311
-1061
-916
-1687
-1150
16
213
-431
-1015
-1426
-719
971
1153
-670
-1892
-531
1499
1845
454
-740
10
1961
2865
1970
934
1280
2676
3666
3378
2469
3170
4251
3355
1667
3377
5169
2303
-1041
1708
5640
3313
-1057
-1516
376
1025
1041
-1266
-5292
-5187
-697
414
-3942
-6143
-4122
-2234
-1707
-1640
-2687
-4240
-2856
-443
-577
-1974
-1799
-1113
-1535
-1075
-11
45
-803
-1348
-1359
-800
622
840
-872
-2040
-729
1495
1829
253
-1034
-105
2081
2860
1754
641
1217
2695
3498
3026
2167
2610
3994
3853
1964
1869
4250
3853
133
-406
3739
4650
539
-2026
-584
1029
1120
-38
-3613
-5614
-2550
976
-1472
-5672
-5301
-2454
-994
-1216
-2212
-3775
-3176
-502
429
-1357
-2335
-1075
-462
-750
-424
150
-426
-1119
-889
-551
-255
265
49
-1119
-1301
233
1364
846
-123
-270
553
1714
2233
1561
829
1101
2191
2983
2753
1975
2080
3179
2987
1561
2037
3889
2440
-986
-110
4043
3687
-604
-2335
-519
1123
1143
-596
-4296
-5158
-1367
1204
-2082
-5680
-4235
-1304
-420
-1136
-2046
-2935
-1796
638
469
-1623
-1693
288
361
-795
-524
198
-64
-808
-987
-833
-101
455
-524
-1642
-963
771
1215
62
-954
-398
1360
2094
1079
239
720
1886
2485
2462
1652
1234
2422
3760
2619
559
1636
3750
2039
-1265
149
3862
2886
-1274
-2228
-67
1244
845
-1297
-4539
-4618
-493
1273
-2576
-5607
-3525
-627
-186
-862
-1669
-2472
-1306
858
536
-1326
-1065
532
29
-931
-179
439
-445
-976
-500
-806
-885
233
550
-1120
-1897
-173
1270
751
-564
-906
-33
1590
2289
1043
-285
408
2657
3366
1840
345
1600
3785
3244
895
951
2976
1987
-426
530
3359
2079
-1201
-1372
517
1064
223
-1282
-3808
-3707
-291
989
-2602
-5122
-2898
-305
69
-527
-1379
-2418
-1267
1277
1077
-1060
-1268
46
-65
-426
291
203
-884
-1242
-914
-694
33
457
-1189
-2669
-1273
1244
1207
-1052
-2323
-941
1613
2268
429
-1285
-346
2009
2995
1718
41
309
2680
4461
2646
-330
485
3988
3495
-746
-1103
3108
3898
117
-1880
-135
1512
1511
-113
-3428
-4107
-219
2355
-1366
-5274
-3394
298
1085
-345
-1654
-2431
-1003
1613
1358
-1343
-2107
-82
529
-340
-439
-329
-1150
-1503
-666
-530
-1047
-996
-1145
-1974
-1700
80
514
-1259
-2299
-928
1108
1396
56
-1082
-482
1635
2857
1821
-86
157
2712
4649
3054
-1
200
3656
4356
721
-965
2195
4190
1715
-850
-279
1361
1830
758
-2170
-3582
-832
2101
-184
-4138
-3481
-216
910
-171
-1323
-2226
-1625
677
1233
-1082
-2425
-909
174
-557
-1043
-993
-1376
-1654
-1262
-1036
-1136
-958
-1438
-2217
-1778
-60
348
-1369
-2422
-964
1395
1508
-243
-1198
113
2145
2830
1612
-25
542
3377
5065
2517
-541
1163
5106
4084
-392
-272
3913
4306
723
-852
669
1977
2039
411
-2932
-3254
711
2496
-1711
-5048
-2652
544
590
-971
-2120
-2754
-1220
1165
361
-2537
-2688
-195
83
-1371
-1555
-997
-1220
-1516
-1327
-1438
-1325
-753
-1381
-2373
-1705
104
96
-1675
-2152
-547
1245
881
-592
-990
524
2126
2211
1202
390
1239
3384
4711
2695
75
1368
5161
4749
267
-608
3628
5279
1811
-950
193
2208
2456
770
-2464
-3302
10
2402
-946
-4951
-3322
261
686
-1282
-2455
-2704
-1485
641
214
-2422
-2978
-562
67
-1494
-1791
-1025
-1443
-1969
-1170
-1062
-2123
-1733
-642
-1210
-2394
-1528
-92
-366
-1115
-1206
-594
345
1241
826
-293
128
2064
3133
2199
1090
1999
3911
3969
2150
2067
3614
3324
1416
2005
4218
3421
870
420
1891
2173
1376
43
-1962
-2139
168
1147
-1910
-4197
-2492
-304
-508
-1576
-2120
-2751
-2058
-156
-153
-2176
-2790
-1285
-760
-1308
-1151
-1038
-1888
-2490
-1446
-459
-925
-2120
-2641
-1821
-504
226
-908
-2496
-1948
696
1863
66
-1554
-412
1849
2548
1752
775
786
2199
4215
4461
2028
547
3050
5793
3689
-83
1206
5070
4666
1003
-251
1467
2760
2344
-1
-2834
-2343
1074
1542
-2588
-4858
-2369
195
-346
-2028
-2883
-2910
-1427
174
-714
-2855
-2741
-805
-514
-1355
-1475
-1344
-1686
-1575
-1134
-1291
-1457
-1205
-1733
-2161
-1127
246
-550
-2176
-1839
183
1472
498
-1045
-956
1166
2794
2180
357
28
2115
4592
4462
1430
-13
3098
6191
3770
-522
737
5184
5049
1065
-591
1252
2925
2659
210
-2938
-2480
1223
1915
-2481
-5076
-2545
184
-147
-1929
-3127
-3204
-1310
459
-809
-3026
-2700
-745
-527
-1336
-1491
-1391
-1478
-1682
-1548
-1121
-527
-881
-2334
-2451
-655
977
-122
-2386
-2477
128
2243
1193
-1158
-1364
1040
3213
2839
713
-221
1813
4846
4499
1109
103
3700
5459
2295
-18
2685
4934
2793
369
577
1969
2474
1676
-1232
-3123
-782
1967
-116
-4268
-4165
-1238
87
-1023
-2664
-3559
-2591
-176
192
-2026
-3205
-1671
-353
-807
-1164
-1205
-1623
-1591
-872
-712
-1233
-1041
-919
-1562
-1374
-67
418
-957
-1804
-892
721
1326
397
-761
-468
1441
2716
2027
424
346
2523
4582
3478
594
844
4217
4580
1149
201
3469
4536
1737
-72
939
2186
2191
921
-1968
-3019
-103
1958
-1220
-4844
-3560
-647
-175
-1356
-2637
-3537
-2326
296
221
-2353
-3009
-1156
-276
-738
-748
-1127
-1888
-1415
-200
-305
-1232
-1249
-1069
-1069
-482
159
-508
-1610
-1119
425
906
85
-529
-58
888
1633
1642
1013
750
1591
3211
3333
1657
748
2778
4360
2202
65
2113
4705
2861
39
428
2072
2271
1367
-519
-2550
-1458
1398
604
-3413
-4283
-1511
-83
-1050
-2122
-2667
-2663
-975
329
-991
-2672
-1744
-242
-588
-1059
-721
-1008
-1497
-829
-403
-1000
-1078
-508
-1005
-1545
-675
152
-477
-1290
-994
-172
565
629
-54
-465
412
1753
1924
1055
584
1458
3129
3238
1592
887
2819
3742
1677
544
2832
4084
1704
-128
1011
2325
1799
529
-1313
-2310
-573
1422
-618
-4162
-3662
-765
11
-1419
-2430
-2791
-2104
-149
379
-1446
-2685
-1272
-17
-363
-791
-877
-1237
-1268
-493
-76
-664
-1205
-1213
-835
-346
-179
-614
-1214
-912
85
639
170
-400
99
1015
1386
1190
1003
1236
1615
2688
2846
1530
789
2840
4155
1606
-367
2216
4806
2429
-555
128
2099
2163
983
-1016
-2697
-1193
1400
111
-3871
-4085
-1164
-81
-1391
-2397
-2637
-2355
-742
143
-1303
-2608
-1424
-160
-657
-1142
-692
-829
-1173
-859
-328
-536
-664
-672
-1068
-982
-197
345
-540
-1176
-524
632
1053
457
59
278
1271
2004
1837
1172
967
2314
3286
2409
869
2026
3757
2326
182
1704
4194
2582
-143
24
1676
1946
1012
-763
-2668
-1688
978
392
-3363
-4365
-1745
-318
-1272
-2336
-2866
-2700
-1045
233
-1208
-2747
-1557
-27
-581
-1200
-590
-698
-1160
-651
-152
-602
-667
-220
-799
-1224
-191
685
-204
-1211
-559
606
1039
672
202
184
932
2066
2134
1215
749
2033
3315
2544
1075
1727
3389
2547
543
1217
3563
2989
304
-501
922
1976
1389
-596
-2833
-2286
494
837
-2621
-4621
-2691
-611
-777
-1943
-2944
-3256
-1615
365
-497
-2670
-2427
-477
-71
-942
-1111
-907
-841
-799
-587
-291
-3
-221
-1137
-1266
86
1378
439
-1502
-1318
1086
2621
1344
-447
-367
1776
3547
2883
636
158
2745
4249
2420
655
2015
3006
1568
1107
2838
2780
487
-141
1055
1348
793
166
-1702
-2798
-691
1106
-1332
-4254
-3291
-1141
-920
-1557
-2326
-3355
-2773
-366
232
-1842
-2940
-1630
-349
-275
-609
-1187
-1657
-1025
85
185
-598
-907
-767
-495
226
816
150
-1081
-627
1172
1899
909
-33
266
1547
2811
2589
1054
478
2563
4110
2437
343
1764
3657
2067
86
1618
3267
1634
-194
160
901
926
795
-888
-2978
-1873
873
36
-3443
-3892
-1720
-608
-1100
-1982
-3099
-3107
-887
334
-1349
-2941
-1814
-409
-593
-828
-761
-1190
-1383
-536
165
-253
-724
-808
-683
-74
772
652
-679
-906
711
2048
1366
14
214
1454
2574
2485
1413
695
2102
3936
2818
517
1354
3557
2369
145
1316
3087
1667
-195
158
756
690
676
-677
-2904
-2049
861
224
-3280
-3878
-1547
-448
-1003
-1838
-2979
-3068
-807
590
-1317
-3285
-2034
-108
-259
-1144
-1347
-1293
-1044
-350
-90
-629
-1038
-791
-313
217
518
81
-661
-303
1226
1978
996
-95
575
2215
2982
2116
907
1060
3004
3910
2179
612
2016
3149
1673
719
2236
2416
341
-292
782
991
252
-314
-1799
-2604
-717
817
-1435
-4103
-3039
-787
-447
-1368
-2480
-3376
-2244
296
154
-2522
-3320
-1211
77
-419
-1069
-1608
-1944
-776
726
97
-1769
-1619
-101
620
383
-68
-654
-443
1243
2202
1139
-10
760
2269
2809
2324
1577
1336
2578
3685
2738
1110
1974
3203
1969
626
2012
2917
892
-534
249
897
476
-193
-1750
-3024
-1280
663
-1169
-4129
-3404
-1055
-690
-1504
-2384
-3164
-2521
-40
334
-2284
-3398
-1288
343
-464
-1377
-1573
-1609
-791
415
-27
-1772
-1711
-30
612
23
-439
-450
-128
974
1845
1229
347
867
2232
2799
2388
1782
1645
2752
3689
2895
1423
2162
3296
2135
922
2193
2951
945
-422
398
904
378
-319
-1851
-3167
-1510
519
-1297
-4335
-3770
-1333
-823
-1619
-2562
-3339
-2619
-289
133
-2024
-2957
-1381
-249
-581
-794
-1125
-1736
-1116
304
75
-1262
-1291
-329
26
95
127
-196
-164
868
1625
1279
989
1410
2066
2372
2498
2394
2472
2993
2894
2296
2610
3599
2581
598
1288
3565
2872
-60
-929
300
1109
659
-957
-3270
-3087
-449
148
-2841
-4642
-3022
-1272
-1188
-2120
-3093
-3318
-1622
-85
-1174
-2775
-2248
-572
-225
-782
-1389
-1588
-637
381
-223
-1558
-1181
337
616
-379
-965
-174
1076
1350
667
280
1214
2270
2477
2015
1783
2191
3047
3771
2917
1765
2403
3910
3023
1055
1604
3233
2415
296
-35
618
787
230
-1170
-2905
-2390
-399
-648
-3356
-4398
-2732
-1377
-1505
-2625
-3673
-3497
-1452
-173
-1600
-3211
-2502
-674
-148
-587
-1337
-1757
-936
420
352
-905
-1170
-252
331
374
238
50
129
763
1422
1524
1380
1360
1734
2281
2636
2663
2687
2748
2419
2565
3485
3581
1829
828
2470
3782
2179
-149
-376
708
1338
459
-1783
-3377
-1939
40
-967
-3677
-4132
-2551
-1519
-1614
-2598
-3707
-3394
-1423
-621
-2069
-3085
-2164
-880
-674
-969
-1326
-1402
-775
-66
-165
-616
-476
-55
50
198
531
728
618
699
1212
1813
1946
1717
1681
2120
2652
3087
2986
2144
1835
3233
4205
2467
655
1903
3849
2812
566
-202
450
1289
1199
-857
-3244
-2296
168
-321
-3406
-4330
-2620
-1381
-1482
-2535
-3698
-3665
-1589
-497
-2177
-3724
-2668
-907
-795
-1398
-1763
-1818
-1065
-29
-193
-1213
-993
139
424
155
347
731
806
1080
1662
1826
1754
1929
2265
2306
2497
3065
2876
1876
1934
3626
3820
1735
735
2515
3826
2511
560
-178
594
1790
1464
-1263
-3188
-1516
586
-524
-3235
-3829
-2614
-1483
-1273
-2382
-3854
-3627
-1584
-884
-2329
-3359
-2635
-1594
-1303
-1364
-1801
-2049
-1464
-646
-723
-1168
-869
-352
-171
79
509
816
918
1249
1612
1947
2281
2416
2381
2419
3020
3316
2674
2079
2871
3559
2452
1450
2348
3330
2368
1056
747
969
1369
1244
-426
-2164
-1268
460
-336
-2654
-3202
-2108
-1269
-1287
-2283
-3496
-3263
-1500
-938
-2465
-3524
-2709
-1430
-1210
-1680
-2316
-2427
-1529
-639
-995
-1881
-1682
-735
-244
-150
-123
38
464
1218
1671
1690
1869
2184
2573
2779
3171
3098
2616
2583
3353
3476
2295
1799
2729
3184
2094
1080
877
1113
1271
804
-699
-1571
-706
42
-838
-2180
-2360
-1902
-1399
-1307
-2039
-2894
-2590
-1584
-1474
-2204
-2532
-2273
-1856
-1549
-1489
-1901
-2140
-1671
-1227
-1321
-1659
-1455
-1012
-625
-458
-407
-87
535
1053
1139
1297
1728
2190
2542
2865
2727
2291
2656
3677
3518
2063
1704
3091
3757
2512
1016
700
1418
2045
1198
-1004
-1937
-372
814
-509
-2465
-2565
-1450
-585
-837
-2268
-3199
-2261
-613
-928
-2392
-2723
-1746
-1007
-1079
-1573
-2086
-1883
-1045
-839
-1633
-2002
-1308
-727
-894
-1036
-696
-135
312
526
555
881
1492
1885
1872
1973
2082
2093
2484
3095
2697
1672
2069
3478
3429
1879
1067
1437
2042
2024
870
-864
-1070
377
805
-765
-2201
-1936
-990
-460
-962
-2143
-2665
-1763
-711
-1095
-2006
-2230
-1628
-1007
-824
-1262
-1802
-1567
-995
-974
-1477
-1505
-1119
-939
-1054
-963
-523
-36
110
32
227
782
1373
1597
1542
1162
1253
2174
2971
2149
875
1455
3081
3327
1942
1002
1075
1917
2399
1445
-494
-919
563
1081
-282
-1569
-1475
-932
-444
-535
-1597
-2363
-1617
-571
-954
-1844
-1783
-1198
-854
-882
-996
-1254
-1151
-777
-759
-1133
-1185
-754
-683
-835
-765
-376
-150
-18
106
307
540
785
1107
1282
958
798
1534
2223
1579
749
1373
2502
2451
1468
812
927
1714
1949
709
-833
-565
783
807
-624
-1620
-1304
-485
-36
-636
-1838
-2131
-981
-144
-865
-1776
-1627
-827
-341
-362
-896
-1332
-790
-122
-303
-933
-954
-596
-301
-84
-165
-336
-145
423
680
503
430
748
1125
1021
672
835
1395
1320
633
696
1566
1998
1251
483
412
1144
1539
703
-745
-974
295
765
-282
-1551
-1526
-701
-64
-475
-1667
-2086
-1166
-157
-539
-1404
-1472
-781
-122
-37
-433
-897
-587
88
235
-281
-524
-279
82
400
375
146
73
603
1052
967
636
606
1058
1207
840
562
966
1075
636
562
1085
1210
826
411
178
397
805
438
-760
-1138
-324
128
-577
-1408
-1579
-1208
-690
-657
-1463
-2079
-1590
-622
-580
-1224
-1494
-1046
-298
101
-156
-725
-543
322
677
240
-130
118
599
1011
985
622
564
1076
1601
1465
1046
984
1354
1364
1048
1014
1119
683
443
908
1210
647
194
101
182
419
385
-557
-1426
-896
-167
-547
-1553
-1816
-1466
-1043
-967
-1437
-2061
-2025
-1194
-860
-1467
-1855
-1378
-738
-519
-534
-711
-695
-79
392
160
-162
204
772
1012
951
884
1153
1601
1870
1712
1598
1735
1970
1828
1395
1401
1666
1350
740
938
1409
1115
425
111
105
343
368
-457
-1474
-1231
-396
-448
-1389
-1921
-1697
-1149
-794
-1248
-2104
-2296
-1388
-825
-1380
-2089
-1888
-1154
-719
-779
-1156
-1264
-654
-46
-149
-515
-312
274
680
739
741
957
1415
1762
1778
1757
1974
2178
1933
1722
1937
2124
1580
1169
1367
1709
1469
876
272
150
637
564
-446
-1350
-1066
-516
-523
-1155
-1862
-1883
-1141
-508
-1096
-2060
-2025
-1088
-666
-1142
-1662
-1736
-1146
-580
-632
-1267
-1349
-787
-417
-488
-681
-628
-368
137
306
272
418
838
1065
1190
1423
1611
1629
1483
1563
1940
2040
1482
1161
1628
2063
1695
968
615
811
1185
804
-129
-791
-409
3
-249
-1079
-1524
-1198
-712
-622
-1210
-1594
-1463
-865
-742
-1141
-1423
-1271
-914
-779
-838
-1069
-1067
-816
-609
-635
-733
-644
-365
-105
-72
-95
202
524
637
578
771
945
1022
1099
1210
1160
983
1186
1504
1569
1208
904
835
1147
1334
780
-24
-215
345
536
6
-785
-925
-399
-23
-262
-993
-1118
-667
-227
-495
-870
-887
-676
-431
-467
-609
-722
-520
-437
-550
-577
-454
-321
-361
-326
-267
-91
48
70
34
70
333
396
184
107
465
606
243
137
553
902
690
287
83
428
917
644
-179
-537
96
628
308
-512
-726
-174
372
263
-326
-598
-235
282
280
-57
-244
-145
164
308
164
-63
-44
2
18
113
82
-77
-160
11
105
131
56
-94
-118
68
255
44
-383
-380
51
145
-333
-587
-240
181
114
-349
-669
-377
212
41
-727
-1064
-462
133
-77
-727
-901
-302
297
289
-265
-453
-8
649
721
280
36
350
923
1062
715
332
495
879
988
741
434
364
617
856
642
308
259
401
393
308
173
-94
-291
-258
-103
-326
-707
-763
-478
-396
-652
-886
-1074
-892
-681
-815
-1386
-1495
-1008
-714
-902
-1187
-1049
-710
-303
-229
-413
-459
-33
468
471
322
393
745
1042
1182
1038
898
1113
1412
1391
1123
1033
1129
1303
1301
1059
848
902
1029
869
585
395
293
123
38
-99
-365
-608
-581
-563
-721
-943
-1142
-1327
-1307
-1227
-1428
-1779
-1863
-1608
-1408
-1421
-1523
-1466
-1204
-893
-707
-675
-601
-331
1
144
253
536
783
916
982
1127
1286
1490
1531
1367
1287
1421
1683
1691
1426
1196
1321
1540
1492
1176
806
715
806
716
342
67
-76
-183
-223
-377
-688
-974
-1062
-1243
-1372
-1461
-1696
-1961
-1989
-1819
-1789
-1760
-1835
-1791
-1574
-1239
-1069
-1100
-978
-735
-350
-127
91
223
385
676
981
1173
1170
1281
1381
1515
1570
1582
1611
1641
1625
1558
1594
1606
1506
1332
1126
1014
971
886
597
361
154
40
21
-170
-543
-889
-907
-1013
-1109
-1409
-1699
-1795
-1625
-1557
-1774
-1834
-1784
-1530
-1431
-1368
-1413
-1236
-912
-759
-694
-568
-149
69
142
217
528
840
994
1018
975
1193
1483
1637
1447
1357
1481
1717
1755
1516
1234
1256
1427
1357
966
637
564
621
508
70
-367
-473
-326
-482
-925
-1319
-1291
-1127
-1145
-1449
-1694
-1606
-1293
-1154
-1332
-1457
-1278
-945
-778
-752
-803
-665
-338
-82
-104
-164
-14
274
462
414
364
524
809
893
806
786
938
1129
1194
1075
968
1090
1263
1253
1028
876
881
910
798
510
285
112
62
-57
-261
-553
-709
-735
-738
-866
-1071
-1126
-1091
-1012
-1022
-1044
-1070
-952
-762
-678
-671
-601
-417
-306
-202
-176
-166
-27
126
199
164
220
339
527
538
478
473
609
689
653
580
544
633
698
658
556
558
587
575
446
322
284
264
149
-28
-127
-175
-193
-288
-390
-466
-452
-451
-482
-554
-550
-483
-462
-472
-458
-332
-266
-236
-258
-193
-96
-11
-43
-111
-46
65
144
131
116
120
250
344
303
241
277
339
330
283
241
240
275
254
157
84
102
117
30
-111
-198
-220
-169
-237
-366
-480
-410
-307
-266
-329
-423
-319
-150
-42
-105
-119
-67
88
239
233
181
176
290
379
386
277
220
291
283
277
209
204
140
163
161
110
70
63
93
-2
10
-23
14
-63
-28
-94
-138
-116
-86
-150
-279
-272
-291
-259
-307
-384
-497
-482
-324
-313
-400
-503
-374
-227
-159
-179
-215
-147
14
204
167
120
181
337
441
448
443
414
482
538
560
489
460
472
457
431
391
358
278
248
221
173
107
30
-29
-76
-102
-187
-245
-294
-338
-380
-413
-458
-496
-489
-528
-575
-541
-488
-471
-488
-471
-419
-311
-251
-233
-217
-160
-56
49
61
22
75
177
263
288
261
222
314
406
435
352
343
373
472
509
472
426
412
491
517
496
378
350
339
337
260
153
62
21
-21
-152
-232
-295
-351
-417
-486
-574
-583
-546
-577
-634
-645
-582
-520
-464
-447
-438
-371
-257
-156
-160
-165
-93
31
82
98
76
100
196
251
210
153
213
274
317
270
248
274
388
418
379
348
359
465
498
443
328
346
408
416
325
213
173
156
165
79
-30
-117
-157
-194
-272
-314
-390
-434
-496
-497
-503
-475
-486
-522
-530
-504
-415
-365
-332
-377
-330
-240
-116
-54
-74
-116
-65
87
144
135
77
90
165
279
277
210
212
279
324
341
298
253
298
375
340
272
309
348
329
318
297
251
268
290
199
105
104
96
42
-32
-95
-162
-171
-179
-236
-353
-404
-386
-358
-401
-451
-502
-470
-375
-291
-337
-414
-361
-213
-76
-93
-141
-165
-16
145
228
128
71
155
321
390
293
196
205
300
336
308
207
179
237
287
241
186
189
193
187
159
120
88
98
80
5
-45
-37
-26
-71
-141
-204
-214
-201
-223
-285
-364
-377
-314
-287
-325
-364
-326
-278
-229
-193
-199
-196
-141
-37
-5
-9
22
115
164
211
277
273
273
314
342
313
340
326
279
254
280
268
253
225
153
123
149
136
62
-3
-67
-92
-53
-80
-156
-217
-217
-223
-222
-240
-295
-336
-337
-309
-318
-311
-309
-287
-285
-241
-189
-139
-126
-131
-105
-53
31
83
80
64
111
241
318
325
278
278
330
438
477
369
297
323
408
412
360
234
163
191
234
162
15
-66
-86
-67
-99
-187
-297
-311
-276
-286
-341
-389
-413
-391
-349
-376
-414
-380
-311
-310
-304
-265
-229
-184
-119
-114
-150
-71
52
85
50
81
129
225
310
316
263
291
395
482
475
405
393
444
489
495
448
333
285
340
311
203
125
68
-23
-42
-44
-138
-222
-270
-307
-374
-350
-353
-432
-491
-491
-473
-452
-397
-430
-497
-466
-333
-266
-294
-300
-278
-212
-107
-32
-54
-118
-38
107
179
159
176
203
270
400
449
408
368
459
515
542
558
535
476
480
555
525
423
358
322
218
215
224
103
-69
-91
-90
-139
-195
-289
-413
-444
-386
-418
-514
-584
-574
-536
-486
-518
-557
-535
-462
-401
-382
-393
-367
-277
-205
-187
-142
-72
-30
3
86
163
205
259
287
275
361
487
497
418
409
496
582
621
537
422
427
554
581
437
264
213
293
353
228
-5
-100
-15
32
-43
-227
-388
-375
-248
-265
-445
-561
-560
-474
-397
-441
-581
-601
-477
-387
-374
-411
-429
-378
-266
-189
-182
-175
-133
-49
29
76
119
149
206
253
285
304
373
417
406
384
422
485
487
478
431
397
421
454
407
318
292
273
260
218
139
65
55
38
-55
-130
-164
-147
-232
-326
-358
-334
-342
-370
-428
-510
-462
-353
-363
-476
-503
-420
-315
-272
-321
-372
-286
-146
-73
-111
-138
-69
57
102
97
117
152
214
278
282
255
315
384
358
302
341
385
384
347
291
278
336
385
300
169
161
236
247
175
66
-25
4
94
58
-96
-180
-169
-114
-98
-175
-321
-334
-263
-233
-275
-364
-410
-349
-263
-276
-334
-361
-331
-257
-218
-256
-264
-197
-133
-95
-77
-69
-2
73
104
81
89
154
238
252
209
216
255
325
370
353
256
261
365
397
323
254
228
234
276
277
197
107
101
156
136
67
-14
-62
-70
-69
-95
-177
-218
-233
-209
-224
-278
-327
-344
-311
-304
-322
-379
-375
-326
-287
-273
-280
-267
-246
-142
-82
-77
-110
-69
47
98
78
73
115
158
246
268
205
203
311
358
328
269
231
289
369
311
177
154
214
290
253
112
17
89
175
142
17
-109
-105
-9
34
-97
-249
-264
-166
-103
-193
-346
-393
-274
-204
-258
-394
-403
-275
-176
-195
-283
-276
-172
-26
-41
-135
-100
30
90
105
119
96
149
276
297
220
235
319
331
286
270
254
250
262
237
157
115
163
163
90
7
14
37
38
-14
-73
-100
-83
-41
-62
-155
-221
-141
-73
-152
-245
-229
-205
-205
-169
-204
-279
-235
-145
-128
-153
-142
-142
-85
-3
18
-4
1
41
105
154
137
155
198
182
163
239
284
216
166
159
187
217
183
91
57
81
95
80
11
-52
-59
-19
-40
-96
-145
-152
-94
-87
-135
-182
-154
-98
-82
-129
-202
-184
-118
-71
-114
-194
-199
-82
4
-70
-134
-106
-12
34
47
-5
-26
51
150
141
79
107
152
164
183
207
166
137
190
211
168
163
152
126
133
151
106
64
52
45
45
22
-35
-64
-44
-44
-99
-137
-123
-126
-167
-161
-130
-181
-200
-173
-168
-184
-143
-157
-207
-175
-94
-87
-138
-140
-92
-27
-29
-44
-30
19
41
44
59
68
77
85
92
97
136
161
113
95
155
213
166
131
140
166
173
168
132
86
119
162
142
62
36
72
100
58
-7
-41
-41
-20
-25
-89
-151
-145
-104
-116
-178
-197
-193
-184
-196
-184
-191
-200
-193
-144
-126
-153
-155
-105
-66
-69
-62
-47
-49
-18
63
70
14
18
111
144
129
117
117
136
199
240
192
149
182
253
248
209
