SAMPLES:	7942
BITSPERSAMPLE:	16
CHANNELS:	1
SAMPLERATE:	16000
NORMALIZED:	FALSE
1
-2
-1
-5
-3
2
6
-4
-4
4
-3
5
-6
-4
3
-3
5
3
2
3
4
-4
0
2
-4
-2
-1
-7
1
-2
-3
13
-3
4
0
7
-10
2
0
-12
8
-12
8
6
-1
-15
6
9
4
-7
-11
6
-2
-2
-5
2
-7
12
0
0
6
-16
8
-8
2
2
-12
4
14
-4
-18
26
-10
-8
10
-8
-9
7
7
-8
-10
20
-9
-16
33
-26
-15
46
-36
3
17
-10
10
-4
1
7
1
-23
20
5
-20
21
3
-15
6
12
8
-10
18
2
-4
-10
10
-4
-14
22
-4
12
-18
12
20
5
-12
-12
14
-13
12
-4
9
-11
-8
5
2
1
-16
17
-37
123
-87
-57
116
-75
-85
10
123
-106
25
35
-13
40
3
-25
-26
64
-21
-47
-12
14
25
-20
-2
55
-8
-31
32
-8
-16
-8
21
-10
-53
36
56
-77
22
83
-96
2
70
-28
-29
2
-32
24
1
0
-23
45
-37
36
23
-84
-28
128
-43
-167
203
-98
-43
11
111
-16
-74
79
-58
117
-120
52
-24
-14
80
-76
-41
15
67
-47
-58
63
10
-95
45
53
-21
-101
146
-24
-100
124
-46
-48
18
-1
9
-21
31
38
-33
39
-39
30
-1
-53
108
-114
68
18
-28
-22
-25
106
-171
58
21
-51
-14
-2
51
-63
21
121
-97
49
-25
-15
47
-44
70
-62
36
53
47
-35
-21
55
-38
-50
6
-73
19
-51
23
25
-88
59
50
-25
44
-109
80
19
-148
20
119
50
-116
195
-114
97
142
-197
113
43
-141
209
-106
17
67
100
103
-164
55
-162
75
96
-266
72
-28
36
113
-172
97
-65
106
-49
-123
116
7
202
-184
22
0
-272
26
-218
-326
-4
-185
-394
-90
-25
19
-202
440
364
255
262
476
272
318
403
-330
-72
-91
-163
-167
18
-91
-96
46
-218
49
74
-45
248
77
65
-23
19
44
-211
-197
-157
-212
-183
33
-31
-35
106
106
150
-5
149
-47
58
-74
-129
-152
-50
92
-178
43
-192
182
237
65
72
-31
-224
-355
-151
-48
-213
-102
106
-46
104
274
341
306
199
620
207
61
-197
-349
-360
-329
247
-135
-298
-190
17
5
-76
29
-9
300
-30
-358
-332
-656
-145
377
553
382
499
230
340
298
249
-11
-91
-62
-291
-342
-231
-297
47
228
253
-85
-357
-303
-154
-144
-46
-95
70
129
80
91
-51
77
415
201
-204
-234
-96
-107
3
18
47
-118
117
130
311
195
108
41
48
18
-81
-46
-67
-144
59
18
-97
100
-36
52
-88
121
-187
-89
195
-227
266
38
21
170
89
-180
-86
114
-370
37
-16
-248
409
-319
128
70
-80
-31
-17
-113
44
72
-23
69
131
193
125
0
282
212
-730
-123
-622
-327
-163
125
-78
-249
76
214
632
203
614
-7
89
-212
-232
-577
-243
809
-107
-317
-246
-63
50
204
-134
81
252
-130
110
-169
-376
557
546
-187
3
26
-483
195
-121
8
73
64
243
-225
1
77
-6
247
-306
23
-62
-215
1
142
149
3
121
-253
-7
42
-103
124
-219
46
208
-93
131
29
41
210
-38
9
9
-477
217
-203
154
-160
204
5
-17
221
-199
97
-235
305
-269
82
-113
113
-248
129
185
-434
111
-63
67
-160
219
-41
-31
-151
252
-153
-4
281
27
-74
-231
283
25
209
-201
327
-7
-366
188
-137
-118
-148
317
-95
10
52
-131
121
209
-196
255
-309
-194
170
161
-163
40
147
-207
66
-76
-224
-649
198
-295
-15
-33
-254
0
-48
778
234
518
68
-24
291
-182
-310
-143
171
403
-19
-90
-348
-148
86
450
380
-227
-132
161
-368
-202
185
-396
343
295
-546
-162
-434
-15
497
8
9
-4
-161
-413
471
159
-183
490
-91
-138
-8
-52
35
-131
317
249
-267
-132
30
63
-150
438
-31
-80
-227
68
102
-143
261
118
-104
125
-379
-40
-61
364
184
141
80
-32
-130
-66
523
-112
-249
213
-436
-35
88
-341
466
-380
541
-78
-373
-53
-278
275
-119
-84
477
-511
-32
274
-57
145
403
-71
-192
29
-384
260
96
-372
276
171
-788
506
-243
-580
405
78
-417
109
157
-595
130
-13
378
-172
104
52
60
-107
-237
330
-395
252
438
35
-10
-95
530
95
241
158
-256
-74
-105
271
-34
-776
663
-332
-78
114
-253
-194
-269
723
-80
-235
-164
695
-583
244
744
-13
-513
301
239
-255
409
-121
-219
-336
457
-359
-57
-337
-114
88
-380
-349
-388
-72
-409
241
20
-629
-500
-182
472
208
39
38
0
491
204
183
768
142
646
387
-569
-180
146
-143
161
17
-588
-466
344
-136
36
201
21
-10
207
170
-395
258
452
417
306
-363
-169
177
53
569
54
-304
136
-60
76
-271
-66
387
-225
-481
74
96
-481
399
11
-476
379
-164
-560
213
-300
447
-101
-242
1
-254
221
104
254
-903
17
165
-281
-358
-90
-268
-377
190
-405
-222
-185
70
154
-78
54
91
320
-16
416
487
-292
105
708
-309
40
774
-191
-24
581
202
-104
425
333
240
-49
178
224
164
266
-61
318
-47
-95
129
278
-208
202
157
-411
128
-151
-285
-57
116
-211
-206
-219
-499
-386
-364
-128
-313
-125
-194
-263
-530
-196
-121
-183
-51
-318
-75
-283
-128
-174
15
-281
-125
97
-338
-420
-152
-41
-339
-78
-81
48
-138
163
156
324
392
72
446
397
462
672
602
412
831
616
597
790
777
538
356
458
470
536
569
571
231
-125
358
332
-103
-277
320
-94
-87
-121
-271
-439
-337
-58
-261
-609
-969
-517
-1153
-958
-680
-1094
-1279
-856
-937
-1365
-1266
-1286
-1093
-1161
-762
-865
-1191
-925
-546
-348
-326
38
178
285
458
615
481
373
1043
1219
1176
1138
1226
1459
1422
1670
1615
1686
1725
1884
1891
1793
1700
1706
1700
1610
1309
911
763
638
550
286
91
-165
-415
-410
-771
-787
-940
-1323
-1486
-1882
-2170
-2302
-2180
-2431
-2349
-2487
-2412
-2204
-2121
-2146
-1950
-1914
-1683
-1433
-1354
-913
-938
-547
-269
-87
64
264
552
635
669
875
703
668
1059
1194
1343
1563
1925
1694
2121
2297
2457
2432
2728
3053
2813
2871
2605
2676
2477
2507
2584
1650
1085
708
708
133
259
1
-711
-1192
-1353
-1488
-2101
-2120
-2513
-2885
-3584
-3607
-3774
-3762
-3479
-3147
-3085
-3376
-2811
-2591
-2256
-1934
-1347
-1341
-1448
-1054
-691
-195
225
819
747
832
1181
1330
1210
1088
1104
1109
1005
1177
1803
1893
2309
2733
2777
2588
2658
3068
2919
3454
3248
3172
2666
3100
3121
2507
2283
1463
1053
835
1150
171
-176
-766
-950
-1184
-1508
-1962
-2430
-2927
-3246
-3240
-3901
-4030
-4174
-3975
-4252
-4320
-3952
-3522
-3233
-2788
-2331
-2148
-1672
-1325
-1080
-678
-208
186
346
569
878
1238
1412
1545
1546
1261
1484
1406
1569
1771
2103
2392
2412
2613
2826
3070
3078
3243
3429
3299
3451
3367
3539
3435
2838
2385
1693
1333
914
1085
849
25
-869
-484
-974
-1407
-1733
-1952
-2756
-3033
-3334
-3798
-4028
-4040
-3862
-4218
-4453
-4732
-4318
-3939
-3255
-2566
-2303
-2543
-2147
-1499
-1220
-612
5
48
-230
249
599
566
972
1721
1961
1726
1708
1503
1467
1749
2877
2886
2360
2262
2612
3101
3467
4255
3829
3771
3539
3787
3287
3222
3445
3011
2397
1244
677
347
504
248
-148
-782
-1596
-1925
-2236
-2480
-2754
-2784
-3383
-3936
-3945
-3789
-3764
-3775
-3720
-4303
-4155
-4065
-3416
-3316
-2676
-2288
-1697
-1421
-1229
-870
-657
-176
-28
406
229
418
746
1231
1419
1773
1810
1849
2001
1941
1849
1893
2175
2760
3065
3294
3349
3288
3678
4123
4223
3907
3877
3690
3739
2993
2540
1413
655
683
956
435
-473
-916
-1459
-1315
-1635
-2068
-3147
-3250
-3062
-2944
-3455
-3686
-3722
-3709
-3180
-3398
-3726
-4325
-3989
-3548
-3190
-2763
-2542
-2115
-1570
-661
-371
-327
-303
393
799
713
582
418
581
910
1653
1630
1676
1486
1775
1708
1924
2209
2366
2649
2647
2925
2679
3174
3411
3919
3961
3709
3554
3435
2884
2477
1945
828
23
141
267
-310
-594
-849
-1242
-1687
-1692
-1996
-2623
-2640
-2661
-3001
-3092
-3044
-2959
-2965
-2875
-2833
-2820
-2779
-3132
-3045
-2789
-2451
-1893
-1263
-804
-637
-342
-125
263
447
587
569
429
288
401
678
918
1140
1265
1267
1179
1345
1494
1611
1605
1962
1864
2008
2133
2357
2673
2907
3157
2967
2482
2468
2166
1704
1509
1082
219
209
475
-93
-1020
-919
-610
-939
-1228
-1511
-1770
-2164
-1635
-1545
-1798
-2227
-1917
-1522
-1568
-1573
-1642
-1620
-1705
-1258
-1089
-1324
-1473
-1236
-706
-325
84
185
98
146
358
293
-3
-101
45
76
-120
-68
78
-290
135
345
192
150
170
314
449
848
803
1107
1120
1242
1369
1402
1420
1071
1341
981
1282
910
937
514
210
151
110
360
-21
164
-29
375
-43
-35
-87
-103
18
66
186
-188
-35
-33
-30
-227
-120
-83
-253
-298
-281
-294
-674
-608
-311
-120
-121
-5
-123
-440
-373
-396
-598
-854
-961
-1007
-1288
-1321
-1039
-1338
-1358
-1054
-1016
-1316
-930
-662
-577
-568
-475
-394
-398
-340
125
381
261
315
335
498
322
426
531
589
695
844
1049
833
912
1080
1249
1355
1678
1794
1547
1724
1774
1873
1703
1706
1599
1457
1151
992
943
636
466
224
-43
-405
-515
-546
-660
-840
-980
-1160
-1464
-1470
-1174
-927
-887
-1204
-1284
-1268
-1069
-1199
-1399
-1366
-1693
-1809
-1452
-1687
-1955
-1486
-927
-1325
-1235
-697
-1089
-882
-490
-532
-520
-613
22
-74
-78
475
942
653
754
1247
1349
1396
1448
1816
1612
1906
2112
2093
2056
2261
2329
2284
2284
2108
2014
1707
1852
1497
1032
581
641
456
114
63
-355
-704
-879
-763
-831
-1173
-1344
-1307
-1443
-1605
-1627
-1633
-1521
-1176
-1053
-1064
-1343
-1501
-1393
-1289
-1065
-1615
-1564
-1555
-1752
-1634
-1220
-1103
-1321
-1037
-897
-835
-912
-614
-17
-36
159
368
303
398
862
1360
1282
1756
1576
1402
1665
1981
2094
2161
1930
2006
2510
2069
1969
1951
1801
1462
1510
1212
988
892
592
369
183
38
-182
-285
-402
-658
-716
-772
-1096
-1119
-1216
-1420
-1558
-1391
-1531
-1675
-1577
-1644
-1727
-1576
-1299
-1024
-999
-1245
-1289
-1147
-962
-731
-670
-954
-1118
-853
-892
-962
-582
-478
-258
-259
-81
562
191
427
1030
1074
702
994
1260
1082
1705
1647
1621
1675
1613
1539
1848
2011
1634
1467
1500
1570
1330
1256
1046
371
111
655
770
491
334
-120
-219
-62
-400
-663
-552
-564
-1067
-1131
-1165
-1234
-1103
-1213
-1038
-1240
-1305
-1369
-1135
-1167
-1202
-1192
-1283
-1267
-1005
-414
-424
-190
-519
-758
-502
-131
-991
-484
-297
-819
-292
-134
-487
-580
716
537
159
283
647
325
734
981
565
879
920
928
1245
1195
1092
941
1264
1456
1106
1251
1235
1373
1058
905
740
471
467
776
805
660
387
-39
93
-1
-138
-12
-454
-808
-629
-726
-804
-711
-1011
-934
-793
-1087
-1017
-883
-1077
-811
-667
-890
-1062
-1056
-1147
-637
190
-18
-130
-752
-746
-635
-408
-530
-300
-509
-1154
-541
-445
-378
-228
-204
302
505
-298
-33
323
224
983
1024
35
701
658
1000
1325
1449
1085
1149
1021
1621
1970
1024
1365
1421
377
153
963
923
765
736
524
391
403
-245
164
437
-329
-509
-189
-534
-1035
-513
-263
-719
-840
-830
-1023
-1135
-854
-762
-910
-850
-970
-1134
-1167
-1090
-620
-388
-855
-401
-842
-1502
-1196
-554
-688
-1492
-823
-853
-784
-517
-792
-122
55
-310
602
33
354
1083
620
800
612
1112
1074
1650
1506
1126
1963
2109
1656
2307
2125
1309
1643
1245
352
1133
1660
1232
886
808
636
470
637
622
309
-91
-208
-406
-868
-1127
-646
-582
-1174
-1317
-1177
-1725
-2158
-1620
-1303
-1751
-1867
-1704
-1894
-2070
-1503
-1207
-1428
-1138
-957
-1278
-1858
-866
-983
-1317
-386
-871
-1622
-209
-168
-1053
680
953
-10
718
997
480
1042
1921
2319
664
1021
2877
2402
2145
2484
2857
2473
2831
3184
2644
1641
1602
1679
1634
2048
1790
941
670
1116
893
336
265
115
-595
-779
-1001
-1412
-1671
-1570
-1572
-1982
-2309
-2392
-2550
-2600
-2216
-2160
-2687
-2935
-2750
-2479
-1929
-1628
-1756
-2243
-1974
-1335
-991
-1043
-1526
-1459
-1218
-865
-815
-774
-626
-370
272
209
581
979
828
1305
2052
2176
1655
2195
2582
2475
3534
4032
3050
3375
4283
3922
4438
4344
2792
2051
1943
1967
2371
2288
1303
455
575
489
51
-306
-591
-1210
-1677
-1799
-2265
-2859
-2662
-2156
-2510
-2975
-3111
-3124
-3325
-2956
-2333
-2462
-3098
-3172
-2729
-2473
-2297
-2005
-1920
-2289
-1927
-1141
-1244
-1815
-1618
-1255
-1016
-752
-682
-692
-708
-58
1131
1121
818
1582
1832
2451
3177
3597
3058
3167
3724
4263
4895
4879
5126
4930
5270
4970
4301
3440
2253
1972
2506
2728
1137
-261
-345
17
-355
-873
-892
-2070
-3164
-2881
-2504
-3286
-3785
-3221
-3431
-4007
-3692
-3201
-3471
-3421
-2583
-2533
-3341
-3507
-2902
-2525
-1984
-1561
-1884
-2528
-2298
-1127
-483
-751
-1311
-1469
-1335
-852
-354
-298
-313
108
983
1402
1628
2037
2563
3202
3482
3885
4066
4085
4624
5300
5594
5434
5647
5936
6299
5365
3795
2675
1702
2045
2682
2265
-172
-1319
-1168
-825
-801
-1464
-2075
-3610
-3851
-3567
-3390
-3630
-3641
-3495
-3966
-4010
-3971
-3670
-3425
-2863
-2614
-3078
-3433
-3323
-2553
-1713
-1284
-1666
-2238
-2272
-1784
-818
-280
-671
-1605
-1667
-964
-276
-98
-96
23
376
1137
1803
2106
2345
3161
3772
4044
4123
4344
4862
5385
6119
6211
5976
6136
6007
4955
3451
2273
1819
2288
2668
1206
-1105
-1488
-853
-652
-1307
-1600
-2812
-4055
-3621
-2842
-2898
-3473
-3146
-3360
-3831
-3691
-2931
-2782
-3076
-2771
-2812
-3236
-3135
-2391
-1935
-1764
-1732
-2191
-2535
-2056
-857
-452
-1178
-2032
-2068
-1274
-504
-242
-465
-549
-132
799
1427
1751
2048
2746
3155
3197
3591
4321
4977
5154
5426
5404
5535
6489
6174
4615
2569
1759
1925
2652
2933
777
-1584
-1522
251
278
-1171
-1593
-2418
-3245
-2825
-1754
-2266
-3290
-2455
-2159
-2846
-3198
-2191
-2083
-2438
-2042
-2228
-3090
-3199
-1834
-1451
-2080
-2249
-2004
-2076
-1964
-1284
-1004
-1535
-1951
-1999
-1772
-1270
-664
-578
-863
-503
348
1250
1682
1932
2086
2493
2785
3341
4057
4053
4210
4467
5344
5588
5847
4960
3482
2109
1510
2359
2593
2058
-238
-1320
-388
731
256
-895
-1082
-1979
-2457
-1981
-1415
-1857
-2297
-1519
-1834
-2619
-2430
-1248
-1227
-1779
-1855
-2496
-2849
-2465
-1357
-1563
-2483
-2664
-2019
-1392
-1246
-1324
-1773
-2100
-1995
-1662
-1624
-1742
-1479
-1002
-691
-390
91
723
1194
1790
1971
2084
2328
3008
3742
3597
3567
3889
4863
5515
5350
3989
2366
1370
1691
2767
3022
1021
-1555
-1493
624
1772
138
-1170
-1656
-1791
-1465
-685
-836
-2128
-1993
-1166
-1264
-2149
-1595
-538
-849
-1376
-1658
-1946
-2096
-1247
-661
-1557
-2655
-2429
-1418
-1026
-1171
-1513
-1947
-2030
-1661
-1585
-1905
-2139
-1714
-1136
-945
-825
-334
357
964
1561
1691
1753
1888
2648
3201
3188
3426
3891
4453
5026
4704
3547
1996
1494
1756
2700
2633
510
-1390
-892
1166
1176
-239
-1032
-1275
-1594
-1125
-392
-1048
-1989
-1466
-860
-1504
-1984
-1099
-524
-949
-1225
-1441
-1841
-1674
-770
-596
-1627
-2292
-1842
-1322
-917
-968
-1349
-2030
-1939
-1369
-1370
-1825
-2185
-1662
-1168
-673
-539
-524
-217
649
1636
1813
1441
1582
2407
3033
2986
3107
3606
4218
4929
4142
2717
1209
1111
2131
3103
2319
-793
-1953
-216
2079
1092
-1040
-1653
-1618
-1197
-469
-187
-1686
-2357
-1117
-418
-1548
-1946
-898
-637
-1249
-1397
-1413
-1833
-1466
-547
-716
-2000
-1981
-1172
-818
-1000
-1220
-1237
-1285
-728
-839
-1468
-1776
-1016
-296
-439
-587
-647
37
682
1505
1449
1310
1268
2008
2668
2541
2349
2751
3624
4075
4041
2853
1829
1228
1576
2138
2353
1081
-1178
-1202
876
1905
-185
-1648
-1304
-1031
-1030
-600
-752
-2176
-2150
-855
-882
-2254
-2048
-881
-1028
-1725
-1663
-1608
-1827
-1334
-809
-1387
-2196
-1567
-874
-1025
-1295
-1199
-981
-841
-418
-765
-1353
-1186
-155
278
-240
-487
-104
680
1299
1763
1598
1468
1661
2521
2814
2573
2476
3103
3723
4180
3641
2513
1424
1104
1955
2714
2289
-194
-1641
-341
1669
1042
-1254
-1804
-1330
-1110
-1014
-854
-1691
-2573
-1718
-889
-1799
-2734
-1803
-882
-1493
-1978
-1791
-1759
-1801
-1208
-1058
-1878
-1943
-1061
-867
-1317
-1291
-945
-864
-674
-493
-1014
-1312
-535
395
180
-434
-236
414
1146
1611
1855
1520
1522
2257
2739
2864
2463
3076
3472
4070
4020
2877
1964
1225
1929
2387
2651
944
-1155
-767
1347
1774
-697
-1933
-1275
-851
-1241
-1182
-1389
-2365
-2338
-1199
-1456
-2761
-2533
-1115
-1132
-2258
-2124
-1673
-1701
-1781
-1395
-1569
-2037
-1272
-821
-1305
-1689
-1031
-394
-704
-842
-960
-1016
-740
84
368
-274
-329
411
1060
1241
1471
1848
1766
2042
2553
3030
2723
2910
3461
3729
4243
3499
2602
1211
1201
2190
2819
2148
-569
-1315
450
2238
622
-1878
-1687
-876
-849
-1264
-1269
-1980
-2561
-1484
-1085
-2222
-2828
-1603
-885
-2014
-2357
-1687
-1455
-1858
-2009
-1750
-2026
-1489
-1000
-1573
-2198
-1618
-260
-418
-1206
-1611
-1222
-565
2
178
-415
-465
452
1327
1379
1153
1660
2245
2429
2493
2633
2884
3091
3656
3673
3787
3676
3094
2307
1392
1740
2359
2621
813
-1112
-502
1618
1540
-1045
-2006
-1064
-663
-1173
-1232
-1486
-2327
-2115
-1023
-1482
-2741
-2352
-1069
-1381
-2469
-2084
-1407
-1623
-2122
-1959
-2074
-2138
-1493
-1334
-2191
-2406
-1303
-568
-1098
-1600
-1509
-1187
-596
-11
-70
-560
-111
986
1552
1435
1588
2236
2477
2750
2880
3279
3121
3497
3865
4099
4321
3320
2705
1270
1816
2483
2963
1243
-1103
-747
1249
2044
-394
-1903
-1399
-575
-767
-1104
-1460
-2127
-1968
-1019
-1357
-2489
-2299
-1083
-1115
-2267
-2174
-1478
-1254
-1845
-2293
-2510
-2315
-1418
-1473
-2659
-3123
-1905
-644
-1176
-2088
-2338
-1597
-709
-242
-506
-966
-290
973
1481
1269
1331
2302
2956
3198
3070
3163
3645
4183
4497
4036
4349
3987
3440
2052
1721
2293
2968
2220
-309
-1307
453
2134
354
-2073
-1956
-744
-848
-1268
-1498
-2077
-2403
-1352
-960
-2256
-2759
-1495
-796
-1955
-2456
-1660
-1208
-1715
-2164
-2207
-2383
-1975
-1528
-2185
-3087
-2662
-1076
-988
-2217
-2818
-1941
-849
-559
-734
-1046
-713
536
1569
1444
989
1743
3073
3535
3315
3203
3833
4269
4933
4488
4464
4369
3952
2962
1618
2244
2813
2790
465
-1113
-155
1558
1064
-1520
-2321
-1334
-777
-1171
-1730
-2161
-2472
-1795
-1021
-1864
-2661
-2028
-836
-1417
-2214
-1774
-1132
-1315
-2060
-2240
-2294
-1950
-1514
-2020
-3023
-3035
-1708
-924
-1872
-2871
-2661
-1416
-679
-816
-1281
-1257
-28
1225
1532
968
1203
2422
3469
3587
3254
3480
3921
4821
4869
4836
4504
3888
3292
2347
2511
2862
2972
1246
-663
-119
1643
1466
-1025
-2078
-1094
-631
-1072
-1555
-1880
-2323
-1897
-1027
-1673
-2517
-2017
-857
-1275
-2323
-1943
-1146
-1087
-1823
-2323
-2370
-2159
-1436
-1692
-2880
-3550
-2303
-789
-1621
-3192
-3265
-1629
-700
-1044
-1606
-1650
-462
980
1446
666
714
2102
3366
3282
2793
3181
3894
4838
4655
4462
4410
4228
3676
2296
2299
2886
3360
1780
-345
-214
1582
2068
-224
-1930
-1334
-447
-611
-1351
-1866
-2224
-1828
-822
-1267
-2363
-2253
-890
-764
-1903
-2036
-1403
-1147
-1565
-1908
-2176
-2282
-1937
-1422
-2128
-2994
-2877
-1628
-1350
-2395
-2975
-2508
-1420
-1038
-1076
-1488
-1311
-23
1052
1227
727
1261
2356
3093
3200
3009
3350
4017
4770
4772
4615
3953
3367
2686
2643
3233
3259
1856
-134
132
1929
2026
-318
-1776
-873
-142
-812
-1467
-1709
-1975
-1793
-1063
-1349
-2489
-2237
-960
-896
-2045
-1938
-996
-897
-1565
-1942
-1807
-1685
-1261
-1359
-2247
-2944
-2253
-1015
-1184
-2537
-3288
-2357
-1022
-823
-1609
-2114
-1413
119
1006
631
20
809
2217
3018
2594
2424
2943
3911
4560
4298
4286
3706
3545
2681
2445
2951
3337
2333
-8
-77
1775
2359
97
-1723
-964
-67
-473
-1094
-1636
-2132
-1982
-826
-896
-2301
-2426
-1151
-772
-1825
-1813
-930
-941
-1477
-1729
-1545
-1474
-1108
-937
-2175
-2741
-2062
-766
-1129
-2420
-2882
-2295
-1046
-714
-1307
-2134
-1616
74
889
455
-191
526
1918
2761
2551
2107
2445
3460
4355
4269
4048
3123
2961
2530
2564
2758
2981
2141
3
-24
1787
2426
-32
-1722
-887
32
-418
-1082
-1478
-2035
-1884
-697
-677
-1960
-2186
-1045
-738
-1725
-1591
-748
-726
-1445
-1613
-1317
-1194
-867
-841
-1889
-2456
-1753
-666
-1061
-2145
-2469
-2018
-1147
-724
-1069
-1869
-1607
-124
790
420
-128
462
1613
2365
2392
2162
2290
3144
3956
4007
3774
3040
2645
1981
2201
2720
2975
1551
-352
-40
1970
2188
-453
-1963
-896
127
-490
-1247
-1609
-1959
-1613
-547
-785
-1997
-1959
-697
-723
-1765
-1481
-468
-461
-1365
-1453
-1100
-843
-580
-845
-1827
-2437
-1406
-289
-914
-2298
-2546
-1473
-667
-679
-1437
-1923
-1200
293
896
41
-402
571
1987
2444
2018
1763
2382
3368
3937
3734
3421
2695
2359
2024
2433
2763
2627
1183
-369
399
2220
1801
-953
-1951
-587
171
-620
-1355
-1760
-2052
-1552
-619
-1216
-2313
-1846
-690
-1044
-1972
-1330
-431
-674
-1400
-1319
-1026
-782
-550
-1024
-2065
-2136
-914
-195
-1326
-2480
-2127
-917
-455
-1029
-1683
-1737
-548
612
640
-234
-183
1155
2353
2244
1746
1839
2744
3736
3692
3586
2764
2542
2112
2089
2510
2735
2058
192
-110
1508
2406
430
-1701
-1105
175
-122
-1005
-1444
-1714
-1883
-1005
-770
-1908
-2314
-1134
-549
-1671
-1883
-779
-417
-1238
-1465
-991
-785
-874
-822
-1395
-1863
-1211
-217
-816
-2171
-2006
-823
-300
-1091
-1614
-1395
-608
251
444
-98
-211
882
2024
1955
1424
1640
2446
3319
3286
3171
3044
2586
2423
1701
1828
2175
2522
1339
-453
110
2076
2130
-699
-2030
-535
472
-221
-1301
-1677
-1887
-1422
-462
-1142
-2535
-2227
-572
-617
-2010
-1873
-740
-586
-1337
-1386
-1100
-1006
-955
-870
-1524
-1753
-804
-144
-1290
-2300
-1405
-219
-443
-1421
-1470
-842
86
756
425
-182
371
1933
2520
1863
1448
1973
3169
3642
3431
3178
2402
2330
1762
1951
2258
2184
1282
-297
77
1709
2219
-61
-1972
-1140
249
222
-1002
-1899
-1974
-1404
-405
-865
-2276
-2459
-1147
-428
-1457
-1951
-1441
-895
-1074
-1339
-1324
-1274
-1047
-1036
-1428
-1750
-1062
-350
-1107
-2320
-1861
-293
34
-1174
-1810
-1037
374
1166
697
-304
-2
1776
3026
2378
1288
1632
3007
4091
3690
3197
2340
2149
2033
1921
2008
2036
1615
-47
-530
1235
2470
462
-2023
-1546
69
86
-751
-1455
-2052
-1936
-484
-8
-1859
-2876
-1450
-172
-1036
-1865
-1464
-1141
-1261
-1104
-979
-1450
-1424
-954
-1065
-1768
-1488
-451
-819
-2145
-2265
-769
56
-770
-1723
-1531
-220
1075
1314
109
-388
1084
3081
3032
1642
1334
2663
4094
4169
3615
2311
1877
2018
2261
2007
1602
1392
199
-368
895
2037
444
-1877
-1455
-2
-140
-1100
-1503
-1702
-1882
-821
-140
-1431
-2653
-1808
-474
-930
-1600
-1393
-1296
-1500
-1149
-610
-1046
-1680
-1355
-1046
-1190
-991
-494
-1160
-2252
-1718
-270
-169
-1398
-1878
-989
127
851
720
128
195
1605
2877
2488
1805
1792
3141
3752
3833
3538
2690
2213
1634
1911
2095
2024
1024
-510
-303
1352
1969
-160
-2075
-1281
30
-95
-1210
-1911
-2032
-1562
-422
-559
-1863
-2337
-1227
-527
-1211
-1438
-1110
-1147
-1419
-1188
-706
-1021
-1339
-1322
-1465
-1202
-573
-309
-1600
-2398
-1349
-72
-292
-1536
-1741
-929
311
986
480
-141
400
2132
2839
2179
1716
2270
3330
3729
3714
3249
2281
1944
1728
2049
2039
1669
376
-784
307
1925
1266
-1337
-2109
-557
201
-504
-1561
-2070
-1957
-967
-33
-962
-2228
-1765
-472
-495
-1376
-1202
-886
-1110
-1219
-843
-701
-1041
-1141
-1233
-1538
-1059
-211
-409
-1900
-2209
-826
135
-582
-1736
-1660
-617
601
967
128
-421
657
2533
2815
1725
1415
2437
3645
3758
3339
2263
1719
1684
1979
2096
1659
680
-634
-268
1460
1620
-671
-2157
-951
196
-442
-1413
-1733
-1746
-1338
-324
-463
-1834
-1929
-540
-55
-1095
-1325
-585
-592
-1100
-1002
-542
-588
-904
-735
-1242
-1260
-364
91
-1109
-2167
-1071
89
-334
-1469
-1555
-794
41
621
219
-409
230
1815
2598
1716
1273
2047
3257
3548
3214
2347
1622
1526
1968
2036
1540
762
-198
-308
790
1448
-243
-2055
-1462
76
-122
-1428
-1975
-1754
-1171
-463
-500
-1632
-2022
-796
81
-590
-1201
-835
-404
-550
-597
-526
-676
-877
-784
-792
-941
-644
-363
-857
-1569
-1022
26
-188
-1391
-1633
-619
339
413
-137
-410
359
1900
2388
1696
1101
2026
3330
3552
2999
1980
1637
1553
1844
2054
1658
750
-519
-192
1293
1525
-549
-2316
-1366
65
-146
-1426
-2193
-2042
-1282
-222
-513
-1993
-2278
-845
150
-673
-1326
-867
-554
-497
-459
-251
-726
-1124
-647
-648
-605
-425
-457
-1223
-1415
-205
211
-776
-1666
-1050
-70
192
143
-340
-296
635
1981
2196
1361
1293
2449
3527
3327
2872
2065
1729
1572
2001
2134
1566
483
-406
168
1417
1265
-962
-2323
-1161
211
-365
-1897
-2548
-2076
-1088
-372
-1046
-2437
-2285
-666
103
-879
-1539
-1090
-538
-390
-315
-393
-957
-1068
-576
-333
-301
-439
-815
-1250
-693
293
11
-1212
-1553
-494
404
413
-124
-457
168
1507
2260
1645
1138
1960
3265
3521
3073
2483
2022
1845
1831
2076
1923
1320
112
-349
724
1617
358
-1758
-1922
-670
-291
-1097
-2069
-2659
-2350
-1088
-469
-1686
-2832
-2011
-565
-524
-1249
-1366
-1156
-1000
-447
-204
-739
-1153
-807
-152
-87
-283
-697
-861
-477
167
-20
-779
-876
-266
184
88
51
320
708
1108
1554
1714
1888
2249
2808
2832
3006
2913
2487
1752
1277
1851
2330
1892
62
-707
614
1831
500
-1807
-1902
-621
-196
-1058
-2237
-2794
-2208
-891
-852
-2360
-2986
-1684
-444
-994
-1778
-1664
-1142
-765
-539
-682
-1247
-986
-302
17
-434
-629
-493
-413
-213
-37
-314
-748
-477
133
210
-33
71
623
1032
1322
1706
1769
1819
2190
2820
2834
2838
2886
2404
1715
1391
2011
2306
1554
164
-298
890
1695
302
-1752
-1799
-346
-67
-1161
-2371
-2679
-1942
-963
-1030
-2480
-3069
-1865
-633
-1083
-2016
-1878
-1303
-1037
-913
-1003
-1175
-1144
-648
-157
-379
-692
-559
-79
-68
-331
-436
-215
54
37
-4
169
678
1171
1267
1219
1535
2153
2515
2548
2421
2452
3121
2978
2359
1378
1306
2150
2469
1383
-436
-327
1434
1908
-177
-2076
-1465
-97
-24
-1370
-2727
-2699
-1456
-540
-1447
-2991
-2894
-1354
-573
-1450
-2344
-2101
-1365
-887
-1097
-1536
-1554
-1134
-342
-291
-737
-986
-513
46
-117
-521
-621
-138
243
257
209
370
960
1443
1585
1610
1860
2407
2726
2832
2594
2891
3120
2806
2048
1335
1711
2262
2077
441
-556
437
1702
875
-1280
-1808
-788
-121
-697
-2056
-2909
-2399
-971
-837
-2403
-3221
-2075
-735
-1132
-2093
-2161
-1636
-1141
-1214
-1519
-1665
-1427
-591
-382
-958
-1322
-502
272
-201
-902
-764
63
419
265
-26
157
1073
1954
1828
1390
1631
2699
3368
3231
2523
2736
3307
3216
2441
1411
1510
2194
2317
836
-600
143
1600
961
-1214
-1901
-924
-338
-772
-1955
-2865
-2575
-1264
-842
-2299
-3318
-2415
-905
-916
-1924
-2367
-1983
-1138
-922
-1349
-1833
-1701
-593
-225
-832
-1394
-757
102
-151
-740
-834
-107
349
304
28
150
1134
1876
1839
1430
1799
2807
3540
3324
2721
2999
3483
3227
2383
1687
1943
2351
2115
683
-290
645
1671
652
-1451
-1746
-724
-272
-1035
-2431
-3107
-2442
-1176
-1303
-2927
-3576
-2361
-1067
-1379
-2353
-2520
-1944
-1364
-1217
-1377
-1730
-1340
-487
-540
-1138
-863
94
-66
-867
-804
23
418
191
-72
-75
636
1684
1966
1357
1273
2260
3412
3420
2861
2798
3454
3560
3073
2231
1839
2344
2753
1936
224
132
1535
1707
-149
-1552
-1129
-345
-411
-1420
-2682
-3079
-2089
-1104
-1981
-3651
-3666
-2146
-1377
-2124
-2939
-2695
-2159
-1508
-1220
-1572
-1892
-1343
-408
-661
-951
-438
29
-457
-753
82
626
337
-192
-54
735
1532
1894
1283
979
1867
3253
3587
2675
2391
3100
3765
3433
2405
1694
2065
2871
2522
804
69
1260
2006
676
-947
-896
-133
-32
-925
-2030
-2478
-1843
-1123
-1875
-3324
-3428
-2206
-1672
-2620
-3314
-3110
-2417
-1927
-1967
-2350
-2307
-1309
-651
-978
-1372
-787
-217
-277
-265
-65
-46
64
464
817
766
1040
1561
1905
1900
2274
2771
2775
2763
2996
3486
3153
2611
2237
2182
2407
2442
1848
595
483
1576
1801
359
-955
-535
224
154
-720
-1674
-1947
-1399
-763
-1420
-2768
-3013
-2164
-1728
-2404
-2992
-3041
-2973
-2578
-2265
-2334
-2609
-2067
-1599
-1715
-1449
-781
-553
-1149
-1019
-169
424
362
121
293
918
1904
2327
1979
1804
2469
3498
3736
3207
3009
3203
3351
3114
2502
1907
1926
2301
1742
559
369
1299
1283
-95
-860
-470
86
-123
-907
-1604
-1694
-890
-476
-1318
-2535
-2432
-1382
-1216
-2018
-2855
-2856
-2609
-2122
-2070
-2739
-2958
-2312
-1625
-1904
-1987
-1564
-1410
-1542
-1174
-485
-409
-506
-214
387
1036
1659
1890
1908
2068
3118
3822
3686
3277
3482
3950
3658
3287
2563
2259
2392
2529
1610
258
654
1457
908
-643
-955
-351
-297
-714
-1313
-1716
-1619
-920
-751
-1813
-2403
-1626
-801
-1345
-2204
-2297
-2062
-1795
-1693
-1874
-2490
-2483
-1741
-1426
-1852
-2147
-1925
-1677
-1425
-1196
-1205
-1353
-1077
-221
392
622
777
1331
2094
2618
3073
3205
3505
3920
4185
3779
3242
3062
3337
3240
2645
1588
908
1400
1963
1140
-725
-1060
-118
267
-727
-1899
-2146
-1724
-918
-1056
-2187
-2933
-2031
-859
-1150
-2213
-2621
-1983
-1314
-1085
-1455
-2131
-2143
-1275
-606
-1153
-2047
-2059
-1340
-798
-988
-1561
-1876
-1246
-107
144
-203
-215
864
1857
2195
2268
2394
3092
3757
4030
3437
2848
3073
3604
3664
2772
1662
1470
2145
2394
1070
-241
-318
358
361
-553
-1474
-1990
-1579
-1040
-1362
-2473
-2863
-2081
-1507
-1760
-2427
-2567
-2170
-1559
-1130
-1424
-1956
-1849
-994
-478
-930
-1584
-1639
-981
-576
-789
-1372
-1441
-759
-148
-32
-270
-40
686
1454
1639
1671
2052
2741
3079
2860
2666
2673
3095
3290
2951
2143
1740
2210
2635
1928
689
256
798
971
370
-592
-1145
-1049
-626
-655
-1695
-2422
-2177
-1513
-1556
-2317
-2720
-2567
-2059
-1637
-1649
-2081
-2271
-1567
-779
-807
-1489
-1702
-1104
-577
-527
-1025
-1279
-879
-86
290
-38
-148
368
1224
1476
1437
1526
1980
2376
2436
2129
1908
2237
2669
2673
1791
1280
1640
2428
2057
879
221
683
1294
921
-7
-782
-601
72
147
-850
-1742
-1546
-835
-893
-1722
-2220
-2131
-1702
-1448
-1628
-2181
-2255
-1514
-952
-1289
-1794
-1549
-1010
-881
-1009
-1154
-1005
-632
-268
-113
-179
303
780
1025
961
1306
1799
2151
2111
1701
1626
1828
2242
2213
1723
1084
1011
1614
1931
1130
182
202
859
907
256
-415
-567
-181
151
-89
-884
-1185
-687
-359
-835
-1280
-1307
-1170
-1066
-997
-1318
-1690
-1409
-824
-1011
-1572
-1555
-1142
-1000
-1128
-1233
-1303
-1062
-597
-317
-464
-366
246
806
961
995
1308
1721
2057
1979
1727
1543
1707
2094
2067
1438
780
1031
1618
1391
510
-30
201
405
319
-183
-797
-965
-494
-133
-688
-1296
-1202
-635
-568
-786
-988
-1058
-822
-436
-441
-918
-965
-474
-300
-657
-912
-767
-647
-679
-849
-1050
-927
-574
-404
-663
-645
-29
530
527
379
750
1368
1806
1624
1147
1076
1563
2070
1879
1149
678
1063
1703
1577
505
-133
127
702
451
-342
-1040
-1047
-511
-399
-946
-1701
-1558
-1018
-787
-1086
-1384
-1291
-891
-453
-536
-814
-681
-167
21
-255
-384
-166
3
-98
-342
-400
-293
-28
-17
-286
-247
201
698
492
403
699
1195
1436
1171
900
849
1136
1575
1476
906
405
844
1508
1297
401
-187
217
566
474
-295
-967
-927
-464
-332
-1007
-1637
-1642
-1247
-975
-1200
-1541
-1685
-1245
-774
-743
-920
-864
-476
-290
-170
-71
-3
-54
-33
121
228
318
318
195
245
567
960
944
743
718
1138
1523
1556
1065
600
784
1178
1465
1033
399
117
646
1296
887
-39
-548
29
460
226
-546
-1060
-893
-453
-305
-953
-1592
-1606
-1051
-899
-1306
-1586
-1541
-1310
-1067
-878
-921
-957
-740
-474
-321
-250
-129
-128
-160
22
265
465
389
393
528
890
1212
1260
1142
1103
1537
1813
1619
1108
987
1076
1297
1330
1012
387
307
819
1066
404
-277
-349
-48
81
-276
-817
-1201
-929
-552
-730
-1326
-1654
-1368
-1107
-1113
-1370
-1568
-1540
-1236
-870
-857
-942
-893
-639
-351
-184
-147
-317
-357
-57
310
404
152
182
511
977
1105
1077
992
1130
1575
1815
1513
1058
1128
1262
1370
1316
1140
689
593
1100
1145
616
47
116
167
139
-112
-618
-973
-875
-575
-873
-1382
-1604
-1384
-1299
-1407
-1512
-1658
-1673
-1464
-1128
-1115
-1136
-964
-726
-517
-341
-201
-327
-304
43
351
374
285
387
631
1015
1183
1111
1011
1144
1572
1625
1374
927
942
1074
1194
1194
836
571
557
1117
1101
633
189
257
525
463
130
-449
-601
-412
-295
-648
-1247
-1386
-1194
-1083
-1369
-1658
-1719
-1677
-1475
-1415
-1426
-1476
-1220
-977
-875
-739
-587
-469
-417
-140
175
341
424
548
829
1074
1325
1425
1315
1383
1559
1810
1379
1096
891
979
1034
1039
780
195
334
832
1046
373
-52
183
565
598
149
-319
-453
-113
140
-313
-1013
-1111
-726
-648
-1006
-1405
-1615
-1492
-1236
-1195
-1550
-1781
-1534
-1138
-1021
-1115
-1190
-1065
-693
-282
-139
-194
-57
463
913
1075
1090
1227
1455
1744
1966
1707
1316
1245
1421
1326
1048
870
610
457
574
783
443
46
36
287
340
134
-79
-286
-218
32
14
-452
-673
-432
-300
-467
-701
-866
-990
-951
-829
-1042
-1394
-1431
-1226
-1145
-1235
-1320
-1358
-1237
-945
-691
-704
-699
-326
185
466
582
779
1031
1405
1720
1770
1454
1372
1436
1536
1355
1159
850
627
766
868
668
144
80
171
249
66
-176
-366
-402
-97
-85
-367
-589
-378
-94
-89
-253
-484
-487
-347
-207
-457
-863
-897
-691
-591
-889
-1139
-1213
-1071
-930
-953
-1071
-1147
-759
-380
-221
-190
13
378
736
1094
1071
933
946
1259
1281
1110
1022
914
841
850
989
757
412
334
400
390
136
-59
-261
-276
-122
-182
-394
-595
-357
-116
-30
-226
-377
-228
11
168
-164
-440
-375
-24
3
-383
-695
-715
-414
-392
-649
-968
-937
-558
-318
-381
-589
-421
-16
369
374
237
128
347
634
651
459
389
507
513
570
610
547
266
243
409
400
210
-35
-106
-127
-58
-115
-257
-496
-416
-61
50
-154
-326
-127
136
232
78
-102
-33
217
346
94
-113
-96
98
128
-63
-215
-229
40
38
-5
-176
-23
97
282
211
39
-97
-21
145
29
-16
-193
-104
-187
-62
-46
-96
-279
-327
-102
-95
-157
-368
-324
-365
-269
-191
-338
-429
-327
-11
5
-37
-21
102
201
260
356
285
281
333
437
401
360
411
362
290
286
485
480
332
254
326
416
482
485
368
150
131
195
126
-104
-223
-244
-319
-398
-470
-424
-505
-603
-700
-608
-525
-623
-702
-778
-763
-684
-532
-635
-752
-577
-335
-248
-246
-122
-36
61
226
365
377
350
464
554
611
683
722
636
589
779
952
893
720
717
836
925
957
779
641
590
520
435
240
66
-180
-213
-159
-406
-650
-717
-544
-715
-874
-911
-902
-890
-952
-971
-1149
-1011
-934
-928
-1013
-889
-688
-695
-585
-490
-338
-312
-100
7
21
151
336
477
430
565
656
746
880
998
1002
978
1176
1364
1367
1271
1226
1324
1352
1295
979
652
562
594
521
63
-183
-390
-314
-409
-542
-885
-1149
-1030
-914
-941
-1326
-1424
-1338
-1112
-1107
-1217
-1229
-1135
-908
-771
-672
-719
-698
-513
-275
-142
-171
-126
13
215
345
371
340
406
627
822
848
829
963
1182
1362
1366
1389
1370
1450
1460
1323
1081
904
909
761
691
350
136
-42
15
-125
-473
-734
-876
-800
-935
-1059
-1299
-1325
-1339
-1199
-1224
-1332
-1275
-1052
-941
-1026
-926
-739
-602
-581
-473
-314
-162
-37
-5
-10
108
308
402
356
406
574
782
898
980
1011
1066
1258
1385
1300
1147
1042
1047
1084
987
775
625
587
499
364
285
58
-175
-312
-295
-479
-706
-786
-809
-879
-1016
-1027
-1101
-1068
-983
-934
-1064
-1092
-863
-703
-705
-755
-610
-455
-259
-178
-263
-270
-53
226
197
135
194
479
727
781
723
736
988
1100
1144
922
792
775
934
897
588
451
437
510
330
262
40
-117
-155
-94
-256
-536
-502
-468
-445
-544
-549
-717
-715
-481
-410
-596
-758
-570
-420
-350
-392
-465
-466
-260
-46
-152
-303
-272
-64
71
99
62
89
288
512
632
563
554
683
878
820
608
568
626
644
493
364
232
194
171
88
-137
-309
-338
-335
-441
-548
-585
-583
-537
-499
-496
-556
-480
-364
-300
-333
-279
-178
-104
-75
-61
-35
40
143
149
68
48
141
192
175
109
159
250
339
387
386
413
455
541
516
512
444
422
385
348
320
229
187
-36
-62
-128
-122
-353
-538
-574
-568
-488
-579
-666
-839
-637
-433
-392
-600
-649
-395
-178
-80
-209
-230
-103
202
302
187
100
226
436
473
396
307
371
480
569
547
450
449
555
577
489
381
407
397
343
190
155
128
112
15
-136
-264
-280
-268
-368
-569
-653
-551
-499
-577
-681
-617
-554
-482
-500
-480
-463
-379
-294
-253
-207
-153
-70
4
99
151
181
221
290
363
428
449
477
522
594
648
687
680
604
625
568
569
472
460
232
138
107
112
-33
-211
-329
-456
-429
-466
-559
-771
-784
-687
-567
-583
-657
-659
-518
-330
-283
-346
-354
-207
-42
8
-25
-34
55
201
268
189
137
247
362
353
344
337
426
501
619
578
558
634
689
690
590
614
503
460
384
330
197
5
-74
-189
-264
-463
-611
-733
-788
-811
-892
-934
-999
-895
-808
-747
-747
-666
-511
-409
-306
-236
-111
-12
133
220
258
321
406
474
455
474
487
536
531
560
556
551
613
625
677
595
603
608
666
615
502
455
413
430
308
204
-13
-66
-133
-250
-474
-660
-699
-783
-854
-1001
-1021
-1061
-1022
-994
-972
-946
-883
-739
-676
-578
-483
-323
-203
-92
41
136
258
336
438
492
550
617
680
721
728
761
815
842
806
784
797
802
786
719
654
589
631
555
402
291
294
215
26
-93
-195
-284
-431
-526
-662
-751
-794
-847
-927
-984
-939
-910
-915
-939
-885
-802
-721
-668
-640
-587
-453
-294
-229
-199
-159
25
208
274
255
335
505
628
680
674
690
753
854
898
832
810
796
860
830
768
677
618
600
510
429
293
236
132
51
-72
-182
-243
-323
-399
-530
-573
-600
-608
-659
-713
-749
-727
-682
-699
-718
-742
-708
-680
-596
-581
-608
-560
-426
-325
-267
-184
-92
-5
99
257
322
354
382
523
596
650
646
686
709
723
777
742
691
624
642
572
504
442
393
319
232
201
139
85
-10
-52
-122
-152
-183
-224
-283
-340
-322
-339
-368
-454
-461
-486
-477
-555
-596
-599
-583
-581
-593
-525
-490
-429
-406
-288
-238
-152
-109
-33
16
102
218
238
268
300
404
425
483
462
443
434
490
474
423
399
382
364
343
365
299
245
220
233
187
140
122
109
83
48
41
-3
-45
-50
-102
-163
-251
-259
-311
-381
-404
-449
-464
-510
-436
-491
-475
-472
-422
-412
-395
-298
-304
-219
-198
-88
-101
-14
44
99
104
128
241
235
268
243
330
313
374
377
358
343
371
415
337
316
271
318
297
280
235
198
208
199
194
124
62
20
31
-12
-94
-153
-168
-194
-239
-249
-319
-346
-354
-333
-408
-435
-394
-347
-342
-400
-349
-321
-214
-217
-220
-240
-143
-33
-18
-25
-34
81
144
223
216
234
245
320
371
369
336
297
336
363
371
296
272
267
270
250
213
157
123
125
97
42
3
-30
-73
-81
-94
-144
-199
-203
-208
-238
-283
-294
-315
-336
-329
-313
-322
-347
-321
-308
-277
-269
-238
-236
-217
-151
-77
-38
-35
19
109
209
249
264
252
311
411
441
373
317
356
416
405
338
257
213
258
272
186
71
38
52
47
11
-63
-127
-120
-61
-81
-159
-210
-194
-180
-193
-243
-272
-300
-289
-280
-289
-334
-358
-320
-318
-302
-309
-286
-266
-219
-178
-139
-74
-4
58
107
167
255
315
365
361
381
418
482
476
412
393
399
417
373
332
251
202
181
182
117
33
-25
-60
-34
-44
-88
-197
-211
-148
-126
-207
-306
-300
-267
-236
-300
-378
-401
-347
-311
-377
-426
-415
-343
-306
-307
-321
-279
-174
-90
-64
-62
16
142
233
252
275
324
398
465
501
454
426
470
537
498
417
369
365
376
329
250
150
136
124
102
20
-59
-80
-95
-92
-167
-214
-256
-259
-274
-311
-347
-376
-355
-397
-427
-422
-380
-391
-431
-408
-369
-310
-276
-255
-267
-211
-97
-15
-10
-20
53
143
244
287
283
271
349
454
485
428
416
467
489
468
458
406
367
378
355
272
229
224
155
75
48
35
-55
-115
-152
-181
-230
-245
-290
-366
-381
-357
-370
-443
-458
-442
-422
-402
-382
-397
-397
-329
-246
-226
-250
-224
-142
-49
-18
-20
-12
57
162
226
207
171
232
335
383
331
313
317
385
433
401
319
294
369
390
329
211
203
224
223
155
76
17
-5
18
-27
-108
-185
-173
-189
-216
-247
-289
-316
-327
-295
-315
-322
-324
-297
-293
-269
-237
-225
-218
-201
-136
-134
-112
-102
-62
-49
-8
33
31
61
104
141
115
145
192
214
194
216
262
282
281
271
275
285
303
290
234
214
236
215
147
89
87
73
28
-37
-78
-86
-103
-124
-191
-217
-209
-163
-200
-262
-234
-176
-137
-198
-216
-199
-119
-100
-148
-198
-174
-98
-72
-99
-157
-139
-67
-16
-36
-67
-44
12
53
65
50
71
128
201
184
164
193
247
262
228
218
216
221
201
166
139
118
101
65
31
3
-3
-34
-69
-63
-65
-79
-110
-86
-77
-73
-77
-59
-59
-63
-47
-46
-46
-69
-54
-56
-73
-107
-107
-96
-100
-115
-127
-122
-128
-88
-75
-94
-117
-61
-10
-20
-18
12
57
64
95
110
114
125
136
133
108
117
143
118
68
54
78
72
35
23
10
19
1
9
5
10
11
-1
16
27
36
25
27
2
3
10
22
5
-22
-64
-75
-45
-26
-47
-106
-137
-118
-54
-33
-97
-167
-139
-46
-12
-60
-110
-88
-3
56
37
-19
-20
39
89
90
49
23
43
95
113
72
27
33
72
93
74
33
17
45
67
52
20
20
41
46
32
30
28
14
1
-10
-11
-26
-32
-29
-35
-63
-60
-43
-40
-62
-86
-102
-84
-38
-55
-117
-129
-78
-45
-43
-55
-66
-55
-14
18
1
-23
-11
32
56
47
55
62
69
80
98
96
104
90
61
75
116
117
54
45
60
95
77
52
7
-12
31
54
15
-71
-64
-22
3
-47
-76
-86
-75
-59
-66
-91
-113
-90
-86
-94
-113
-105
-94
-94
-90
-88
-76
-72
-48
-45
-41
-23
0
-2
-4
43
65
67
54
94
117
104
107
120
107
96
134
145
99
75
117
124
88
74
75
53
35
50
23
3
7
9
-22
-33
-14
-32
-47
-55
-52
-81
-76
-80
-85
-126
-124
-87
-95
-120
-139
-111
-100
-76
-87
-117
-105
-30
5
-45
-60
-16
48
64
64
42
40
109
156
136
78
86
130
159
131
77
59
79
103
77
41
8
7
31
40
0
-40
-38
-28
-16
-29
-54
-78
-59
-32
-48
-87
-86
-56
-56
-76
-93
-91
-78
-63
-69
-84
-86
-59
-38
-29
-51
-43
-9
18
8
6
35
59
76
74
84
82
110
122
116
85
86
109
109
78
40
36
56
60
18
-26
-33
14
18
-50
-94
-64
-16
-21
-56
-85
-78
-27
-2
-36
-85
-80
-45
-19
-31
-74
-83
-51
-12
-29
-54
-46
-27
-14
1
3
-21
-16
22
48
42
50
52
60
76
104
87
64
68
93
87
63
64
60
53
48
49
5
-8
0
-1
-39
-46
-42
-53
-45
-37
-47
-76
-60
-35
-31
-58
-68
-52
-29
-10
-34
-53
-31
-3
4
-8
-14
-9
-1
3
9
8
0
5
17
20
28
36
39
29
23
33
46
54
34
21
17
31
30
25
20
1
-4
-2
2
-20
-32
-45
-36
-38
-50
-45
-42
-43
-44
-18
-20
-31
-32
-10
5
-3
-9
-4
14
23
35
21
7
19
62
55
10
12
33
39
8
17
12
0
-13
5
12
-5
-4
-3
-4
-12
-2
-10
-27
-35
-30
-32
-29
-17
-24
-31
-34
-38
-33
-24
-25
-42
-45
-21
-7
-4
2
14
14
20
46
61
49
36
54
78
80
72
70
71
76
87
97
68
39
51
52
32
5
