SAMPLES:	10338
BITSPERSAMPLE:	16
CHANNELS:	1
SAMPLERATE:	16000
NORMALIZED:	FALSE
-3
12
25
24
14
1
-11
-12
-13
-4
-2
-16
-20
-9
5
5
3
-2
1
2
-3
4
19
24
13
-22
-34
-18
-10
-18
-23
-2
23
36
25
13
6
-8
-27
-44
-28
-8
6
7
18
28
33
26
-2
-22
-10
12
12
2
-1
4
11
15
2
-2
2
11
15
11
12
12
6
-6
-15
1
4
-14
-14
-11
-12
-9
-24
-23
-1
10
16
17
22
34
16
-7
1
4
-5
-5
5
19
29
12
3
0
-10
-26
-24
-27
-10
-1
-2
6
18
29
23
3
-24
-12
-27
-35
-41
-25
14
29
16
8
21
33
19
-15
-45
-45
-21
-1
21
10
22
27
20
13
-20
-56
-66
-35
22
49
27
15
36
43
18
-25
-53
-42
-23
-19
-23
-16
6
26
30
32
10
5
-19
-44
-52
-31
15
19
27
25
60
26
-22
-43
-29
1
-5
16
36
42
-14
-35
-44
-29
-15
-22
-7
29
57
61
40
9
-28
-57
-57
-56
-43
-29
30
68
42
15
19
19
-13
-42
-55
-49
-33
4
54
53
41
33
47
57
-4
-37
-47
-29
-46
-46
-9
72
83
79
45
-1
-35
-74
-63
-42
-43
-37
16
63
93
62
6
-33
-30
-62
-50
-64
15
63
45
13
-2
37
28
8
-53
-32
-48
6
14
29
6
-29
-7
24
72
73
34
-25
16
21
-1
-52
-68
-23
52
66
26
-21
26
60
36
-45
-88
-34
-7
-15
-39
42
103
88
-20
-64
-74
-40
-78
-115
-62
33
128
116
79
34
37
-26
-69
-97
-66
-31
-34
-35
-35
1
38
38
-9
23
37
29
-11
-63
-51
-63
-16
54
100
123
105
75
-10
-57
-118
-86
-39
6
-3
12
99
159
96
-40
-83
-49
-10
-62
-113
-76
41
93
50
-2
43
56
19
-63
-53
-43
-37
-83
-55
-9
29
36
67
130
93
-7
-106
-78
-64
-38
-104
-19
93
139
131
56
-9
-68
-141
-159
-67
-28
35
65
154
202
72
-86
-158
-112
-56
-91
-80
52
155
171
96
37
-3
-34
-83
-98
-101
-91
-41
1
53
56
78
71
44
22
-51
-50
-49
8
-2
-74
-32
66
81
20
-26
-8
60
14
-54
-52
-64
-10
-21
2
58
40
61
22
18
13
34
-31
6
-26
-8
21
-6
50
24
-19
-117
-48
57
80
-19
-25
80
169
80
-85
-57
-72
-53
-115
-18
89
148
96
-4
41
11
11
-90
-140
-95
6
63
91
6
-35
-97
-41
22
-22
-14
43
98
103
89
48
-40
-135
-179
-175
-78
-34
92
87
116
157
108
-6
-141
-218
-159
-77
-73
20
101
153
115
12
-12
-45
-80
-57
-47
-37
83
171
123
31
-76
10
-69
-122
-129
19
120
124
143
70
87
-31
-47
-83
-58
-123
-42
80
136
64
-3
99
36
-68
-165
-29
-46
-100
-148
-20
92
33
44
3
12
-79
-56
-121
-86
-100
81
142
85
66
27
141
-53
-142
-49
74
170
106
60
121
35
-43
-45
-112
-113
-123
72
197
101
34
-61
0
15
-13
-58
-185
-106
62
88
55
-30
70
125
47
-20
-151
-39
-1
-20
-89
-78
-15
38
26
83
83
71
-17
-109
-75
-108
-71
8
-6
-70
34
64
75
14
-86
-15
15
42
73
-16
-11
-2
-19
-50
-163
-25
30
56
48
87
125
88
27
-74
-88
-33
81
-25
-134
-113
157
237
-6
-89
-58
53
-15
-188
-102
4
71
18
-106
-2
72
78
101
-26
-67
-2
80
43
-18
-71
11
81
52
62
-19
42
-26
-48
-73
-90
-65
24
26
-77
0
5
105
69
-13
-21
-35
-43
-33
-53
-81
5
14
67
14
58
147
155
16
-38
-27
-73
3
-144
-78
-17
75
97
115
135
105
26
-14
-133
-82
12
-142
-96
-20
43
2
93
63
-2
-153
44
31
4
-54
-67
38
-29
16
-105
40
65
94
56
45
-18
39
39
10
-116
-167
-25
8
142
64
91
70
6
-180
-77
49
30
-116
-185
47
149
106
-47
-14
61
83
-86
-55
-15
30
37
77
-53
-79
-22
28
127
-16
24
-81
-14
28
-12
-30
-43
-163
-86
37
29
-80
-135
21
78
-64
86
283
154
-57
-303
28
82
-53
-195
-61
174
75
71
23
167
6
-59
-208
-99
-79
66
40
34
91
169
143
90
-86
-174
-109
-1
108
-34
3
109
169
-3
-120
-168
-138
-160
-159
-34
237
84
84
-26
279
48
-158
-247
-233
19
-11
115
136
152
208
132
-17
31
-91
-101
-174
-222
-13
100
250
124
-145
33
74
97
-178
-256
-8
75
83
5
-25
84
-20
141
110
0
-25
16
55
-24
-312
-200
82
76
98
40
117
28
29
-49
-209
-169
-94
70
27
119
159
162
52
-171
-75
72
-22
-73
-156
-53
132
99
33
17
-109
72
132
43
-165
-205
112
17
-93
-222
-9
172
193
0
-118
-54
74
26
-181
-96
-89
114
16
42
43
148
87
68
56
-47
-191
-229
-147
-255
-51
123
314
220
107
138
216
-132
-290
-170
-279
51
-83
195
236
223
296
85
-101
-358
-16
-21
-39
-209
-102
140
108
97
-25
10
-68
148
-37
-42
-283
-215
-70
123
165
8
70
241
297
-52
-256
-188
-130
-124
-237
-169
50
256
327
247
139
-63
114
-75
-130
-310
-130
153
64
-35
97
382
359
-54
-369
-344
25
8
-143
-131
-28
177
254
234
112
-148
-139
-12
45
92
-83
-107
97
5
6
-93
-68
98
-64
117
-112
214
148
10
-64
-79
77
-111
-167
-211
36
21
175
110
105
36
14
-65
-304
-257
-255
-94
-190
176
472
424
365
101
105
-168
-328
-309
-222
-1
22
196
222
122
-7
90
95
-110
-195
-237
71
2
50
-97
38
89
-48
-107
-222
68
37
-1
-185
70
504
194
-299
-418
13
58
-263
-130
62
138
122
169
259
20
-195
-90
-127
-138
-343
70
185
217
137
271
177
-162
101
-83
-4
-486
-109
50
124
138
67
-62
-143
165
129
258
-161
-145
43
141
-24
-226
-36
-85
98
103
226
47
-243
-108
47
-161
-291
-358
16
78
210
162
-9
48
251
234
53
-2
-25
-149
-330
-216
-136
113
34
153
166
281
382
-33
-355
-322
-294
-239
-122
80
50
407
602
372
-64
-232
10
-232
-531
-540
72
233
214
292
290
251
176
69
-198
-86
-309
-195
-154
94
88
40
37
230
345
144
-74
-216
-91
-209
-26
-38
13
19
354
230
-61
-147
-125
163
-26
-208
-214
286
188
61
-323
-147
-108
-132
-114
-47
-16
323
547
-31
-276
-172
247
-56
-393
-341
151
420
308
-144
-480
-124
286
137
-258
-476
282
563
152
-286
-181
26
51
-76
100
12
14
101
185
35
-166
-205
-25
-49
-212
-98
110
49
301
255
-56
-77
123
137
-178
-238
-316
59
-227
-36
-62
-81
-111
30
282
115
59
-76
124
79
121
-233
-62
-246
280
69
228
-120
-65
174
296
141
-334
-78
-90
22
-213
-294
-1
-91
106
328
342
87
110
408
44
-560
-231
-274
110
-379
-94
-72
470
438
482
15
-30
-106
1
-307
-730
-223
-386
230
109
514
-49
285
289
-27
-85
-350
63
-112
-173
166
-164
357
81
227
-351
130
216
557
214
-426
-468
-17
591
-281
-576
-313
798
469
-220
-309
182
560
-243
-833
-324
178
610
-438
-191
319
615
363
-554
-137
-392
218
-609
-388
-242
191
741
435
195
10
370
-45
-198
-482
-591
-763
219
698
-29
265
484
1179
-417
-557
-557
88
-225
-387
-56
-130
576
14
-102
-546
104
-113
346
-123
454
482
500
-439
-134
133
-595
-440
-36
124
-303
345
496
317
-199
-200
1
344
-274
-571
-527
345
269
122
-534
-233
744
537
-74
-195
228
-122
96
-45
-173
-333
-289
-231
-221
204
395
321
251
396
93
-18
-368
-371
-478
-410
-339
-60
481
458
675
401
-405
64
-328
-658
-843
-418
209
290
613
366
709
900
188
112
-747
-432
-274
-212
-466
-391
576
449
721
57
101
242
470
-241
-836
-680
-175
-10
-198
-91
181
428
591
225
250
-296
154
-363
-5
-847
240
646
246
146
-249
185
-99
245
-803
-540
-102
730
489
-410
-418
46
-55
-570
-274
224
-16
345
752
384
261
32
-224
-260
93
-225
-34
-258
-76
110
177
-167
-322
384
578
275
-448
-178
-48
-348
-372
-390
225
84
453
849
219
183
-155
-155
-680
-365
-551
-164
-120
-98
214
88
612
356
531
-377
-173
-48
412
-272
-725
-460
-207
467
-74
386
409
479
83
-48
-235
-642
-548
-276
-50
266
454
228
266
83
519
150
12
-308
-142
-253
-62
-338
-1081
-460
542
714
156
330
342
282
-353
-429
-747
-307
-691
-72
257
1123
483
417
91
84
-72
-620
-911
-767
210
545
658
158
734
264
228
-190
-323
-407
-422
-94
61
725
433
209
-216
-106
99
-306
-58
-401
-472
-400
449
614
-71
-139
109
322
511
-132
-8
-431
403
237
-333
-464
-155
412
-158
171
-331
315
95
207
-309
-269
-366
-186
9
-280
-411
-145
933
475
177
-7
256
43
143
-84
-328
-130
-171
75
24
49
-333
110
320
218
-131
-423
-293
274
-42
-541
-89
495
885
548
-312
-263
-164
17
-647
-395
-48
608
564
20
17
35
47
-33
-304
-398
-243
86
291
67
-192
-467
104
318
523
301
124
172
123
118
-535
-730
-789
-224
65
221
372
411
536
223
264
-330
-949
-837
-230
-55
-189
378
1356
1271
-27
-357
-304
418
-294
-726
-895
421
759
-72
-465
-148
174
508
-241
-1089
-45
553
571
-1051
-435
-364
911
590
-102
-31
687
822
-72
-223
-812
-5
-226
-192
-95
305
35
711
667
-313
-495
283
-696
-1040
-577
170
-711
-351
670
1123
902
-65
366
508
-146
-981
-827
-959
-517
428
690
798
877
910
646
35
-546
-963
-904
-877
-827
84
702
607
406
604
585
453
73
-527
-435
-5
-229
-167
1
456
134
335
216
81
-61
-227
55
-167
-745
-829
-263
272
258
351
191
-6
17
160
-37
-293
-586
-594
508
746
414
97
-290
-130
-593
-327
-734
-201
-6
360
628
583
623
167
64
-475
-192
-385
-270
-167
-251
-7
334
642
299
138
111
183
269
-222
-516
-387
162
-294
-312
5
121
-35
314
314
178
440
697
502
-174
-904
-719
-410
-597
-874
-451
630
1214
1100
529
192
5
-296
-821
-845
-556
-703
-187
101
856
546
748
725
695
168
-743
-669
-724
-468
-206
167
329
609
1059
828
-259
-1162
-883
-277
-252
-550
-104
886
1078
515
12
-254
-239
-446
-473
-363
123
449
887
993
-148
-649
-580
-439
-1327
-835
-64
737
1231
1386
1102
493
158
-731
-1645
-1994
-1124
-295
683
859
1189
1134
1531
1013
-166
-1348
-1614
-759
-784
-146
-104
661
1205
762
215
-35
203
-534
-1023
-1218
-211
-146
270
345
426
267
574
406
-550
-303
-105
44
-556
21
458
498
-1
-243
-123
536
348
-279
-611
-100
341
-110
-688
-733
348
516
287
66
439
359
17
-173
-582
-381
-89
147
-337
259
777
665
-417
-704
-35
100
-288
-619
-79
191
724
162
72
147
552
121
-81
-786
-849
8
219
151
70
373
293
605
117
-496
-321
-561
-598
104
157
-111
204
399
316
892
-93
-355
188
614
-161
-1008
-271
338
315
-302
212
-55
227
35
-68
-172
-461
-14
-94
-15
70
102
-107
-202
-5
623
602
-318
-275
117
-208
-588
-390
-6
150
292
634
1251
335
42
-231
-810
-1455
-755
2
-14
271
1057
1533
335
-490
-507
182
-571
-1318
-1236
213
1450
939
-47
-65
786
303
234
-304
-389
-525
49
-30
-202
-404
-292
24
42
-175
104
-78
458
355
-145
-359
83
310
-270
-631
28
198
460
153
-290
428
916
737
-468
-781
-696
-6
-7
-737
-435
99
1004
350
269
176
18
-411
-327
47
-426
-139
-108
324
134
211
-6
229
-319
-667
-444
-157
662
343
-219
-130
1011
727
-420
-955
-120
241
162
-300
-453
247
754
432
-415
-615
-530
181
-65
-112
-73
354
484
391
-99
-352
-279
90
-118
-113
293
342
-114
-71
44
-97
-255
-263
483
529
-267
-380
28
-32
-46
-236
-324
274
421
172
-13
445
335
18
-629
-183
-14
607
-375
-350
482
434
353
98
-365
-683
-535
74
459
662
278
15
378
-145
-491
-980
21
-536
-578
198
1138
250
388
328
229
-129
-282
-10
-308
-808
-208
981
270
-161
305
655
403
-688
-156
-409
-1038
-1457
-234
96
430
707
450
945
887
665
-506
-832
-1230
-695
-601
-123
-64
1149
1697
1360
702
456
197
-860
-1903
-2030
-1463
-186
151
429
514
1806
1872
389
-819
-1584
-903
-261
129
-202
352
1082
1045
659
-1065
-1307
-761
-92
340
504
301
903
971
-241
-1583
-1153
-676
-875
-378
998
1777
1338
831
835
179
-1206
-1440
-745
-537
-335
94
1155
736
683
594
428
-345
-1138
-910
-354
-318
-1111
-748
380
1001
463
691
1086
1295
12
-470
212
182
-1560
-1651
-430
69
185
454
533
1065
6
-214
163
-407
-1306
-368
251
-208
-527
341
883
419
312
-267
476
187
501
-419
-326
-278
135
-210
-469
204
-189
182
98
888
145
283
55
13
-440
-21
-454
-350
-149
511
959
781
132
-345
-240
-367
-1005
-1406
-116
694
264
577
601
1223
250
-332
-776
-409
-1356
-799
75
353
266
138
496
504
172
-77
132
-634
-542
347
24
86
-313
-267
190
991
297
-410
267
500
82
-606
-489
100
-111
-584
-87
-137
76
13
208
394
654
637
139
-175
-247
-162
-119
-157
-285
-95
101
80
94
4
-426
-71
-336
-637
-547
263
444
1234
514
611
507
273
-600
-939
-1123
-1055
-345
56
323
577
1298
1193
713
106
-877
-1146
-1379
-1858
-1750
-323
901
1945
1777
1498
1189
527
-609
-1429
-1907
-1747
-746
721
1128
804
744
1495
835
36
-1123
-816
64
132
-537
-532
38
476
478
-824
-1111
-172
524
526
822
858
232
-216
15
-583
-1494
-811
-34
623
741
1027
1266
856
-587
-604
-608
-1154
-1336
-565
477
450
370
324
448
1030
235
-1055
-1182
-216
491
162
294
198
634
669
185
-359
-314
-71
143
133
266
140
-261
-681
-216
-106
-347
4
172
207
113
477
159
45
91
71
-196
-357
-516
-76
355
497
650
745
587
455
41
-674
-1171
-1271
-1436
-809
1
580
835
1343
894
640
104
-551
-1161
-942
-1096
-1193
-265
-36
133
709
1037
848
972
858
87
-861
-1424
-891
-962
-515
515
1451
979
1701
1761
1247
129
-1226
-1885
-1649
-1434
-1146
-754
361
1383
1913
1389
405
-282
-1091
-1498
-1355
-1257
-843
831
1708
1529
1197
1287
816
-63
-1013
-1433
-1379
-1074
-190
83
158
628
918
558
173
-7
-506
-596
-640
-606
65
277
78
751
531
-124
-379
229
273
130
-367
-439
574
1186
441
-295
-831
-920
-409
-527
-544
-240
1163
1807
2124
922
-35
-277
-911
-1418
-1779
-685
189
828
945
1180
894
-282
-761
-676
-932
-718
-232
182
540
548
-10
70
120
-94
-125
186
-47
-275
-100
-386
-410
-536
-409
546
806
780
636
111
-148
-18
-33
-845
-1229
-610
113
685
626
-150
54
1053
1065
264
-465
-1161
-364
127
-490
-780
-176
525
1198
663
125
610
453
-763
-779
-824
-1270
-285
28
346
845
799
522
733
301
-188
-254
-843
-1234
-519
92
140
556
657
723
1004
873
171
-792
-1239
-1338
-798
-254
113
689
901
812
687
11
-833
-797
-910
-709
-397
367
724
560
-228
-310
443
402
223
-49
-88
362
964
230
-698
-739
-134
-57
72
-38
-193
187
390
208
-602
-237
-283
-537
-926
-635
500
785
467
457
583
369
263
-413
-1353
-1093
-531
-53
465
708
695
1086
933
-95
-666
-815
-701
-1296
-880
-27
1112
1288
1025
773
543
203
-224
-1021
-1340
-578
-228
323
784
1064
804
508
664
292
-924
-1381
-616
-107
-459
-348
207
492
505
625
445
-9
201
142
-236
-730
-863
-301
-173
-386
-116
431
591
793
660
310
-112
-233
-819
-901
-727
-385
1
353
537
901
838
520
521
-23
-1194
-1281
-696
-538
-263
127
553
1127
1068
427
-124
-500
-701
-576
-425
-338
61
701
579
337
227
66
-290
-597
-670
-375
131
196
73
239
757
622
22
-244
-162
43
-165
-406
-269
364
256
259
357
317
261
459
79
-591
-652
-185
-91
-143
259
296
-16
73
402
179
-20
32
81
44
71
-158
-491
-746
-945
-868
-678
-236
398
654
629
537
354
168
-231
-980
-1241
-1068
-744
-405
280
813
1055
985
782
688
428
-170
-605
-724
-411
-28
125
122
502
862
680
358
-60
-246
-405
-664
-624
-415
-12
304
592
808
728
402
217
-187
-535
-579
-473
-268
51
472
627
539
48
-143
-150
-390
-762
-737
-339
-189
-366
-151
41
45
151
238
257
466
664
373
128
-220
-649
-535
-669
-506
-268
85
442
744
929
714
289
-301
-399
-425
-487
-447
-149
302
387
525
576
575
306
141
-172
-423
-256
-229
-274
-301
-84
-40
186
143
96
79
87
238
54
43
271
197
-121
-376
-514
-207
-85
-121
157
364
423
392
256
21
-152
-364
-601
-431
-191
-189
-66
54
-7
67
20
-193
-177
-339
-436
-444
-444
-517
-564
-482
-330
-122
38
288
573
587
429
208
-52
-87
-72
-116
91
494
947
1235
1234
1133
821
742
685
559
395
387
534
617
513
361
331
61
-78
-250
-385
-574
-621
-589
-480
-427
-385
-331
-338
-325
-686
-827
-973
-1090
-1079
-824
-721
-698
-437
-483
-623
-907
-1204
-1339
-1448
-1635
-1681
-1459
-1137
-992
-831
-606
-371
-174
-117
-40
140
478
885
1344
1735
2054
2282
2603
2722
2408
2165
2106
2269
2450
2592
2909
3346
3592
3453
2787
2045
1093
18
-1010
-1786
-2292
-2396
-2138
-2013
-1833
-1633
-1213
-1111
-907
-991
-907
-981
-1248
-1458
-1595
-1507
-1505
-1390
-1257
-853
-724
-680
-816
-1087
-1538
-2108
-2607
-2721
-2765
-2810
-2492
-2126
-1754
-1305
-837
-463
-107
268
891
1506
1974
2388
2638
3010
3263
3447
3525
3541
3701
4050
4260
4390
4438
4288
4001
3556
2875
1674
390
-758
-1851
-2812
-3250
-3541
-3804
-3389
-2708
-2195
-1614
-1013
-677
-455
-172
-55
-49
-81
-104
-305
-237
-77
15
104
83
-131
-499
-806
-1473
-2129
-2647
-3062
-3447
-3575
-3537
-3414
-3091
-2754
-2371
-1744
-1053
-619
-59
611
1078
1339
1587
1787
2067
2342
2607
2741
2909
3269
3357
3244
3273
3548
3615
3704
3815
3840
3753
3235
2730
2288
1427
11
-1051
-1869
-2936
-3673
-4004
-4064
-3996
-3464
-2826
-2091
-1246
-569
-279
201
692
697
603
748
670
392
399
447
386
234
178
-68
-477
-1005
-1642
-2252
-2850
-3498
-3913
-4006
-3948
-3743
-3385
-2767
-2045
-1349
-727
-146
384
821
1234
1638
1978
2160
2425
2677
2948
3017
3220
3333
3290
3336
3395
3572
3648
3775
3974
4186
3846
3373
2924
2098
706
-575
-1747
-3023
-3850
-4581
-4947
-4852
-4343
-3898
-3106
-2131
-1417
-915
-209
517
621
685
905
980
986
1089
1032
967
813
597
389
139
-411
-1030
-1651
-2364
-3063
-3786
-4114
-4217
-4256
-4257
-3642
-2825
-2080
-1283
-583
164
801
1380
1725
1954
2061
2128
2248
2299
2408
2505
2873
3252
3490
3587
3786
4089
4223
4323
4559
4583
3966
3361
2746
1542
-155
-1339
-2619
-3893
-4617
-5022
-5322
-5026
-4389
-3930
-3022
-1843
-1084
-450
630
1334
1438
1801
2173
2034
1833
1796
1713
1594
1390
1038
758
427
-201
-1064
-1734
-2380
-3341
-4206
-4623
-5074
-5687
-5721
-5325
-4758
-3892
-2684
-1507
-361
741
1511
2049
2442
2451
2134
2026
1976
1989
2215
2682
3071
3442
3947
4474
4850
4934
4917
5129
5181
4699
4033
3556
2653
1135
-299
-1499
-2889
-4135
-4972
-5611
-5776
-5498
-4997
-4300
-3129
-2003
-1203
-220
766
1248
1580
2164
2305
2125
2222
2393
2302
2090
1826
1455
1069
483
-278
-1096
-1923
-2843
-3830
-4708
-5326
-5828
-6309
-6427
-5893
-5168
-4336
-3005
-1684
-685
551
1682
2112
2350
2562
2438
2148
2222
2240
2290
2854
3601
4041
4518
5181
5583
5657
5738
5776
5527
5261
4697
3973
3028
1623
-125
-1526
-2960
-4579
-5758
-6310
-6655
-6613
-6124
-5523
-4551
-3270
-2240
-1350
-32
1072
1836
2636
3328
3455
3441
3619
3558
3017
2390
1784
1187
551
-343
-1341
-2286
-3166
-4023
-4742
-5442
-5886
-6137
-6227
-6164
-5591
-4917
-4219
-3118
-1850
-748
369
1581
2263
2721
3171
3235
3013
3165
3298
3305
3646
4335
4785
5173
5776
6145
6018
5887
5770
5414
4703
3935
3136
2213
978
-608
-1980
-3191
-4556
-5750
-6411
-6876
-6960
-6457
-5800
-4867
-3595
-2411
-1244
216
1482
2291
3104
3845
4000
3907
3852
3632
3052
2361
1664
845
13
-945
-1968
-2959
-3797
-4640
-5144
-5551
-5984
-6166
-5884
-5610
-5344
-4633
-3899
-2995
-1952
-969
-82
1065
1969
2379
2884
3386
3488
3490
3725
3854
4042
4483
4987
5299
5658
6007
6051
5887
5770
5486
4997
4324
3412
2519
1464
-47
-1678
-3020
-4422
-5763
-6681
-7251
-7575
-7385
-6859
-6105
-4830
-3458
-2193
-657
1110
2400
3350
4329
4782
4677
4596
4420
3831
3144
2347
1330
385
-478
-1563
-2735
-3654
-4314
-4911
-5285
-5349
-5614
-5857
-5571
-5179
-5034
-4626
-3796
-3085
-2190
-850
316
1254
2433
3362
3830
4256
4540
4371
4205
4317
4313
4279
4625
4953
4950
5065
5386
5283
4969
4863
4486
3622
2865
2216
865
-818
-2231
-3551
-5038
-6220
-6999
-7649
-7688
-7233
-6606
-5753
-4356
-2934
-1703
-74
1579
2716
3649
4655
5008
4754
4702
4524
3872
3070
2381
1428
426
-467
-1508
-2524
-3366
-4181
-4774
-4927
-5129
-5300
-5105
-4969
-4832
-4256
-3758
-3483
-2729
-1766
-1052
25
1313
1963
2662
3725
4089
4039
4367
4350
3839
3833
4091
3924
3929
4387
4449
4469
4815
4855
4539
4498
4041
2890
2056
1253
-552
-2384
-3488
-4875
-6453
-7049
-7302
-7825
-7583
-6714
-5905
-4778
-3255
-2135
-899
944
2385
3257
4344
5224
5271
5300
5483
4942
4002
3356
2496
1337
319
-648
-1761
-2766
-3649
-4489
-4943
-5173
-5386
-5538
-5485
-5254
-4703
-4136
-3576
-2816
-1906
-986
11
1051
1674
2252
2873
3218
3274
3487
3601
3510
3615
3844
3962
4074
4409
4507
4447
4435
4420
4065
3730
3409
2807
1984
1364
596
-853
-2231
-3270
-4525
-6008
-6826
-7324
-7740
-7526
-6702
-5908
-4695
-3033
-1643
-390
1255
2742
3701
4784
5717
5944
6034
6227
5806
4903
4127
3152
1756
524
-605
-1898
-3071
-3900
-4650
-5073
-5115
-5154
-5133
-4822
-4430
-4124
-3824
-3449
-3018
-2686
-2262
-1523
-700
15
835
1743
2443
2980
3575
3793
3857
4084
4142
4010
4071
4121
3951
3887
3932
3694
3427
3309
3306
2900
2224
1707
1122
-66
-1466
-2676
-3982
-5410
-6345
-6793
-7172
-7176
-6566
-5846
-4850
-3370
-1994
-775
797
2451
3652
4961
6141
6547
6597
6815
6535
5591
4528
3426
1985
537
-763
-2078
-3210
-4125
-4906
-5366
-5475
-5629
-5664
-5399
-5101
-4765
-4114
-3504
-3027
-2397
-1716
-1131
-337
480
1027
1738
2567
3092
3509
4028
4170
4023
4104
4112
3716
3485
3365
3002
2658
2503
2222
1902
1879
1935
1800
1528
1243
861
207
-895
-2146
-3191
-4293
-5366
-5997
-6280
-6358
-5997
-5253
-4394
-3217
-1806
-558
703
2251
3504
4513
5573
6272
6388
6365
6272
5580
4495
3358
2087
647
-611
-1768
-2884
-3762
-4324
-4620
-4742
-4773
-4772
-4632
-4370
-4025
-3663
-3336
-2873
-2267
-1748
-1209
-422
312
803
1361
2037
2469
2733
3104
3210
3114
3113
3071
2735
2467
2285
1935
1676
1579
1362
1189
1305
1518
1797
2069
2013
1749
1576
845
-568
-1722
-2716
-4156
-5267
-5687
-6085
-6278
-5682
-4853
-3988
-2591
-1119
37
1492
3117
4257
5210
6192
6582
6438
6479
6215
5115
3876
2860
1527
127
-956
-1943
-2948
-3590
-3902
-4131
-4170
-4089
-4094
-4068
-3879
-3703
-3539
-3247
-2948
-2649
-2080
-1381
-882
-391
282
895
1392
1858
2191
2419
2615
2618
2447
2291
1997
1608
1395
1206
988
928
1071
1130
1276
1685
2208
2540
2502
2301
2168
1520
162
-1166
-2202
-3627
-4974
-5482
-5717
-5936
-5493
-4447
-3545
-2393
-923
347
1583
3049
4107
4897
5864
6364
6168
6160
6180
5427
4371
3551
2534
1212
219
-710
-1812
-2749
-3336
-3852
-4289
-4548
-4864
-5083
-5062
-5033
-4879
-4541
-4137
-3558
-2755
-1944
-1061
-113
679
1326
2048
2445
2550
2717
2653
2235
1938
1737
1251
886
865
756
536
696
820
742
918
1327
1538
1885
2409
2390
2172
2264
1708
296
-717
-1418
-2758
-3868
-4029
-4270
-4500
-3834
-2895
-2291
-1312
-139
646
1600
2849
3586
4175
5096
5586
5497
5648
5776
5080
4134
3376
2264
852
-303
-1383
-2676
-3727
-4381
-4948
-5378
-5580
-5710
-5691
-5421
-5084
-4616
-3913
-3204
-2568
-1727
-804
-181
238
712
1040
1150
1253
1334
1300
1299
1279
1158
1125
1135
1049
956
1034
962
908
1094
1259
1222
1349
1745
2095
2511
2841
2889
2894
2946
2290
1301
628
-276
-1563
-2319
-2664
-3340
-3695
-3338
-3062
-2793
-1958
-1155
-564
569
1863
2737
3771
4852
5339
5581
6013
5812
4910
4015
2975
1422
-87
-1304
-2662
-4016
-4848
-5332
-5674
-5686
-5522
-5253
-4824
-4295
-3794
-3219
-2637
-2197
-1792
-1318
-917
-561
-289
-229
-69
236
337
406
688
786
749
970
1114
949
939
1039
790
575
711
731
592
830
1244
1628
2277
3320
4055
4377
4797
5146
4628
3551
2543
1366
-239
-1680
-2616
-3580
-4368
-4512
-4381
-4161
-3415
-2453
-1626
-472
1106
2354
3521
4843
5630
5839
6173
6178
5300
4186
3146
1772
176
-1082
-2281
-3497
-4365
-4857
-5172
-5250
-5198
-5118
-4855
-4500
-4167
-3737
-3335
-3034
-2681
-2305
-2043
-1644
-1168
-887
-507
54
415
637
1021
1140
999
1035
1011
588
354
466
295
113
371
570
636
1062
1727
2197
2813
3682
4460
5075
5499
5555
5406
4791
3486
2174
1019
-586
-2270
-3177
-3920
-4665
-4726
-4320
-3994
-3296
-2140
-1104
64
1569
2756
3743
4900
5602
5637
5745
5674
4789
3627
2614
1253
-444
-1728
-2882
-4115
-5087
-5567
-5795
-5842
-5720
-5422
-4953
-4435
-3907
-3321
-2707
-2280
-1838
-1364
-949
-710
-529
-378
-335
-390
-482
-551
-591
-616
-602
-393
-98
167
466
830
1154
1362
1652
1993
2236
2407
2808
3267
3682
4165
4838
5415
5618
5575
5469
4916
3634
2208
962
-544
-2313
-3441
-4148
-4884
-5206
-4839
-4382
-3838
-2860
-1798
-740
668
2048
3117
4248
5228
5544
5624
5718
5095
3890
2814
1585
-82
-1530
-2598
-3740
-4764
-5266
-5429
-5442
-5201
-4857
-4430
-3840
-3264
-2790
-2191
-1654
-1458
-1282
-918
-852
-1010
-978
-987
-1234
-1321
-1184
-1248
-1276
-984
-701
-468
-11
425
694
1085
1501
1683
1907
2298
2460
2553
3012
3512
3819
4330
4998
5531
5894
5959
5657
5161
4128
2428
894
-365
-2144
-3838
-4542
-5090
-5725
-5469
-4684
-4267
-3488
-2146
-1065
-51
1390
2559
3379
4417
5050
5025
5073
5025
4087
2907
2041
789
-771
-1820
-2652
-3678
-4348
-4522
-4601
-4591
-4325
-4005
-3703
-3361
-3048
-2746
-2505
-2355
-2312
-2241
-2220
-2223
-2173
-2075
-1949
-1706
-1353
-952
-489
-1
499
1010
1487
1815
2113
2439
2608
2663
2830
2984
2987
3015
3162
3264
3325
3505
3667
3934
4241
4235
3924
3743
3213
1941
723
-172
-1536
-3078
-3759
-4274
-4986
-5049
-4416
-4017
-3404
-2169
-1135
-252
1149
2469
3292
4242
5030
5064
5021
5077
4323
3041
2051
840
-814
-2055
-2940
-4012
-4857
-5045
-5009
-4875
-4435
-3926
-3472
-2925
-2415
-2005
-1712
-1579
-1624
-1726
-1814
-1958
-2210
-2331
-2261
-2108
-1849
-1378
-838
-299
333
988
1545
2016
2437
2774
2983
3104
3157
3134
3063
2848
2661
2604
2580
2559
2711
2931
3293
3638
3689
3562
3405
2721
1525
536
-459
-1947
-3192
-3726
-4347
-4839
-4568
-4042
-3650
-2770
-1637
-775
335
1745
2714
3572
4541
4940
4820
4865
4575
3497
2381
1388
27
-1366
-2306
-3167
-4064
-4547
-4661
-4650
-4426
-4038
-3662
-3295
-2826
-2383
-2054
-1778
-1569
-1514
-1518
-1484
-1496
-1629
-1746
-1692
-1551
-1356
-1004
-552
-117
366
960
1508
1917
2269
2592
2761
2790
2803
2737
2495
2236
1995
1775
1626
1651
1744
1949
2367
2950
3498
3739
3764
3785
3430
2395
1264
341
-951
-2448
-3303
-3893
-4643
-4860
-4409
-4047
-3515
-2436
-1396
-489
841
2138
3023
3990
4803
4882
4748
4695
3980
2674
1617
500
-999
-2271
-3103
-3986
-4745
-4951
-4867
-4702
-4347
-3858
-3349
-2779
-2290
-1888
-1529
-1342
-1374
-1345
-1381
-1653
-1850
-1909
-1969
-1849
-1411
-933
-344
455
1238
1950
2686
3196
3360
3472
3439
3094
2649
2268
1742
1167
812
643
480
527
909
1443
2011
2820
3693
4112
4223
4391
4056
2881
1671
642
-869
-2527
-3459
-4224
-5006
-5078
-4567
-4141
-3349
-2037
-911
185
1716
2969
3728
4555
5035
4723
4314
3960
2835
1278
134
-1067
-2530
-3546
-4123
-4725
-5040
-4741
-4248
-3732
-3062
-2364
-1811
-1331
-1017
-909
-969
-1263
-1721
-2134
-2524
-2901
-3060
-2991
-2730
-2162
-1296
-400
614
1691
2551
3279
3999
4289
4202
4144
3868
3218
2597
2054
1279
585
296
77
-135
70
577
1089
1733
2640
3313
3513
3688
3740
3092
1931
979
-37
-1497
-2684
-3274
-3929
-4397
-4103
-3514
-3099
-2230
-1036
-156
858
2152
3015
3575
4279
4454
4021
3717
3261
2022
751
-152
-1345
-2632
-3344
-3854
-4489
-4678
-4383
-4076
-3679
-3095
-2577
-2125
-1675
-1398
-1292
-1237
-1366
-1624
-1715
-1769
-1917
-1900
-1606
-1364
-1026
-393
254
770
1450
2135
2592
3004
3301
3232
3020
2781
2240
1553
960
302
-373
-705
-771
-792
-504
216
959
1735
2694
3746
4435
4692
4780
4732
4056
2841
1680
587
-899
-2317
-3067
-3679
-4285
-4278
-3784
-3327
-2632
-1572
-599
334
1456
2297
2887
3440
3524
3091
2752
2286
1241
120
-670
-1619
-2631
-3170
-3498
-3863
-3966
-3662
-3264
-2798
-2288
-1797
-1331
-965
-802
-652
-565
-790
-1097
-1209
-1349
-1620
-1656
-1447
-1244
-941
-386
237
853
1447
1971
2369
2657
2711
2521
2265
1855
1231
641
156
-377
-822
-891
-771
-603
-139
600
1381
2211
3070
3874
4518
4780
4726
4533
3886
2582
1315
268
-1198
-2678
-3406
-3924
-4490
-4331
-3608
-3092
-2347
-1122
-153
661
1733
2511
2853
3200
3227
2647
2180
1773
745
-362
-997
-1749
-2653
-3044
-3156
-3405
-3371
-2849
-2340
-1857
-1252
-753
-416
-167
-41
-86
-249
-568
-976
-1237
-1394
-1615
-1777
-1717
-1524
-1248
-891
-472
-4
438
810
1176
1498
1600
1535
1428
1212
809
446
133
-254
-530
-542
-414
-152
312
901
1573
2369
3165
3787
4447
4975
4985
4790
4560
3719
2307
1151
88
-1472
-2830
-3432
-4002
-4486
-4225
-3633
-3169
-2372
-1306
-561
203
1154
1724
2040
2416
2403
1952
1678
1416
629
-140
-555
-1098
-1685
-1846
-1831
-1892
-1705
-1294
-935
-628
-325
-227
-292
-503
-873
-1277
-1674
-2144
-2589
-2752
-2754
-2650
-2459
-2100
-1562
-968
-403
211
840
1295
1609
1923
2010
1791
1517
1149
557
-57
-498
-930
-1266
-1250
-962
-522
157
986
1845
2808
3801
4576
5190
5760
5911
5550
5129
4438
2997
1366
115
-1196
-2785
-3789
-4234
-4679
-4745
-4112
-3385
-2768
-1816
-828
-111
635
1386
1731
1968
2182
1968
1587
1471
1155
429
-57
-262
-691
-1024
-1005
-1043
-1181
-1073
-842
-819
-851
-942
-1139
-1402
-1723
-2138
-2475
-2708
-2973
-3114
-2919
-2636
-2461
-2061
-1395
-776
-275
358
991
1376
1668
1911
1929
1725
1470
1113
661
228
-98
-403
-480
-372
-163
246
863
1481
2099
2825
3504
4025
4428
4801
4833
4445
3971
3397
2253
777
-317
-1251
-2514
-3439
-3642
-3778
-3824
-3241
-2451
-1881
-1099
-208
338
856
1461
1647
1662
1798
1549
963
747
469
-309
-843
-969
-1307
-1641
-1544
-1422
-1444
-1289
-972
-824
-758
-760
-893
-1064
-1311
-1674
-1929
-2071
-2285
-2375
-2145
-1829
-1575
-1145
-688
-272
184
538
697
903
1050
973
918
927
684
407
336
150
-156
-181
-84
-75
163
671
1097
1560
2247
2813
3260
3740
4158
4311
4503
4526
4064
3564
3147
2162
802
-60
-814
-2018
-2927
-3108
-3408
-3723
-3391
-2914
-2718
-2243
-1589
-1233
-864
-266
20
167
500
601
373
445
581
250
13
96
-15
-287
-217
-178
-358
-454
-367
-430
-547
-649
-825
-1038
-1288
-1569
-1767
-1885
-2076
-2261
-2207
-2041
-1908
-1662
-1262
-817
-358
125
623
1065
1337
1499
1586
1542
1316
1000
723
436
185
78
119
280
550
984
1533
2124
2708
3312
3824
4207
4438
4654
4620
4101
3444
2844
1772
210
-1015
-1935
-3205
-4302
-4624
-4788
-4929
-4441
-3657
-3088
-2315
-1340
-715
-130
614
971
1120
1441
1444
994
916
992
544
139
151
22
-271
-221
-109
-260
-335
-242
-225
-325
-499
-757
-1021
-1313
-1683
-1972
-2104
-2260
-2365
-2178
-1847
-1595
-1197
-685
-300
14
427
706
786
862
910
813
749
705
467
339
385
358
368
663
982
1251
1804
2475
2920
3317
3872
4191
4247
4255
4163
3892
3361
2542
1717
853
-463
-1885
-2743
-3514
-4567
-5013
-4804
-4683
-4343
-3419
-2521
-1861
-932
-96
395
946
1386
1429
1538
1681
1371
1014
1050
922
456
306
324
64
-170
-175
-313
-622
-819
-921
-1103
-1337
-1602
-1802
-1919
-2122
-2250
-2171
-2034
-1944
-1751
-1359
-968
-751
-492
-87
239
403
591
869
1012
1031
1082
1123
1050
959
889
819
818
875
989
1212
1496
1753
2078
2489
2749
2834
2986
3099
2987
2839
2811
2464
1783
1299
824
-231
-1429
-2046
-2623
-3479
-3849
-3643
-3479
-3158
-2393
-1674
-1099
-378
140
331
649
913
746
683
827
549
184
337
364
-30
-133
28
-112
-298
-245
-313
-537
-642
-724
-854
-1003
-1246
-1481
-1597
-1754
-1940
-1922
-1780
-1698
-1546
-1165
-799
-575
-363
-74
190
339
500
684
798
823
849
873
882
801
717
727
771
806
883
1140
1376
1571
1861
2196
2420
2533
2690
2759
2738
2653
2690
2568
2121
1692
1415
657
-512
-1181
-1576
-2455
-3177
-3130
-3105
-3165
-2709
-2115
-1858
-1414
-885
-788
-583
-137
-97
-76
323
453
253
593
976
741
634
893
764
384
267
55
-426
-797
-1064
-1369
-1576
-1757
-1945
-1934
-1827
-1817
-1652
-1337
-1111
-938
-660
-437
-355
-289
-278
-231
-87
22
101
348
577
688
906
1177
1202
1193
1339
1331
1237
1296
1381
1388
1531
1743
1840
2021
2226
2348
2397
2561
2681
2793
2747
2441
2068
1647
750
-417
-1183
-1955
-3021
-3723
-3810
-3926
-3857
-3298
-2687
-2151
-1379
-740
-394
144
630
761
971
1279
1190
1010
1213
1210
809
599
531
144
-249
-429
-733
-1139
-1384
-1566
-1681
-1693
-1774
-1849
-1767
-1662
-1615
-1426
-1210
-1075
-875
-730
-632
-472
-409
-520
-370
-66
64
269
710
970
1156
1539
1705
1588
1581
1554
1229
1036
1028
859
818
1067
1227
1407
1836
2198
2360
2674
2930
3076
3182
2957
2442
1987
1262
-87
-1177
-1835
-2847
-3835
-3973
-3914
-3877
-3267
-2410
-1821
-1047
-180
203
549
1057
1094
971
1182
1121
695
680
810
476
199
248
94
-254
-424
-630
-975
-1258
-1477
-1678
-1761
-1817
-1903
-1869
-1746
-1601
-1369
-1039
-820
-644
-384
-163
-155
-166
-162
-211
-205
-89
63
235
540
762
930
1150
1221
1051
929
830
539
330
357
372
439
780
1214
1624
2144
2652
3010
3312
3625
3760
3461
2953
2419
1629
302
-928
-1655
-2517
-3489
-3722
-3508
-3372
-2854
-1968
-1360
-824
-70
240
279
565
567
254
328
403
-4
-22
402
317
97
352
424
152
95
-29
-468
-826
-1073
-1423
-1630
-1716
-1869
-1802
-1547
-1409
-1140
-664
-347
-247
-62
53
-66
-208
-422
-683
-808
-750
-700
-518
-165
123
392
768
930
824
831
794
561
426
507
537
667
1086
1532
2003
2565
3071
3454
3742
3899
3924
3608
2928
2215
1439
91
-1202
-1829
-2541
-3487
-3680
-3332
-3176
-2718
-1881
-1397
-994
-368
-254
-381
-88
-32
-303
18
419
276
525
1307
1451
1300
1555
1554
1045
629
156
-664
-1340
-1844
-2344
-2567
-2553
-2564
-2292
-1722
-1322
-967
-360
50
56
45
-45
-368
-741
-1091
-1418
-1484
-1307
-1080
-671
-28
463
889
1394
1586
1478
1374
1200
783
488
414
353
455
835
1286
1898
2626
3205
3684
4152
4431
4241
3654
2912
1990
629
-935
-1978
-2671
-3509
-3974
-3656
-3135
-2599
-1773
-997
-563
-122
71
-155
-217
-239
-540
-503
9
178
291
1082
1734
1736
1852
1986
1587
962
356
-525
-1462
-2138
-2722
-3072
-3022
-2922
-2671
-2021
-1346
-918
-411
86
155
-51
-300
-586
-1049
-1466
-1635
-1519
-1300
-900
-181
646
1263
1718
2084
2221
2036
1532
1009
507
44
-335
-345
-37
344
962
1867
2723
3339
3910
4294
4450
4206
3329
2269
1360
9
-1760
-2709
-3026
-3604
-3805
-3009
-2184
-1528
-563
167
362
509
389
-199
-547
-744
-1148
-1011
-244
228
612
1627
2497
2627
2601
2407
1668
662
-379
-1585
-2696
-3563
-4125
-4176
-3802
-3355
-2694
-1692
-825
-232
220
505
419
-94
-690
-1092
-1459
-1932
-1946
-1295
-513
257
1265
2272
2953
3226
3013
2451
1738
764
-314
-986
-1374
-1585
-1174
-249
616
1485
2620
3610
4139
4303
4217
3969
3191
1969
918
-67
-1554
-2682
-2768
-2720
-2843
-2288
-1284
-495
218
633
577
449
113
-774
-1299
-1253
-1438
-1345
-243
820
1386
2318
3341
3476
3004
2312
1173
-169
-1572
-3050
-4142
-4618
-4866
-4671
-3749
-2713
-1909
-957
-50
415
484
338
-99
-763
-1493
-2059
-2174
-2052
-1767
-996
323
1507
2402
3237
3759
3581
2984
2136
1062
-63
-1038
-1636
-1689
-1218
-575
437
1714
2747
3465
4095
4350
4066
3644
2894
1678
657
-178
-1543
-2688
-2708
-2450
-2415
-1870
-947
-302
361
800
498
22
-325
-1082
-1717
-1517
-1228
-878
370
1906
2778
3590
4434
4374
3503
2397
826
-1007
-2587
-4008
-5114
-5448
-5251
-4788
-3809
-2639
-1778
-1106
-500
-341
-584
-953
-1272
-1641
-2108
-2223
-1795
-1208
-677
289
1489
2372
2910
3274
3265
2909
2178
1150
291
-257
-750
-945
-431
206
829
1714
2593
2957
3047
3028
2780
2354
1925
1244
503
124
-219
-924
-1519
-1399
-1171
-1169
-967
-511
-252
-92
-53
-401
-892
-1122
-1410
-1536
-1021
-351
405
1742
3157
3759
4101
4412
3915
2714
1440
-87
-1707
-2935
-3826
-4423
-4397
-3984
-3582
-2903
-2126
-1790
-1718
-1659
-1934
-2350
-2530
-2527
-2508
-2177
-1586
-874
45
989
1663
2136
2399
2256
1987
1671
1050
345
35
-49
29
451
1052
1577
2189
2768
3025
3101
2915
2449
1930
1600
1274
701
132
-157
-430
-1156
-1763
-1668
-1449
-1601
-1464
-987
-598
-309
-175
-368
-558
-592
-809
-670
-5
533
1139
2445
3621
3999
4275
4409
3759
2656
1487
101
-1229
-2307
-3211
-3672
-3564
-3442
-3331
-2902
-2564
-2613
-2676
-2697
-2977
-3259
-3296
-3059
-2682
-2108
-1444
-542
498
1351
1969
2312
2293
1930
1524
1023
377
-241
-464
-349
85
656
1340
2051
2720
3209
3442
3461
3177
2730
2352
2106
1466
637
85
-320
-1298
-2277
-2473
-2314
-2386
-2307
-1822
-1251
-665
-424
-514
-609
-599
-738
-434
345
961
1669
2999
4235
4660
4761
4599
3827
2604
1253
-172
-1279
-2089
-2743
-2926
-2535
-2211
-2127
-1911
-1864
-2264
-2767
-3109
-3594
-4099
-4260
-3942
-3243
-2498
-1669
-565
655
1402
1724
1924
1901
1445
875
386
-24
-271
-310
43
659
1256
1708
2307
2738
2786
2678
2634
2412
2232
2201
1877
1464
1224
735
-384
-1174
-1504
-1865
-2279
-2357
-2266
-1935
-1421
-1305
-1448
-1388
-1292
-1325
-730
112
783
1726
3151
4219
4744
5044
4816
4004
2938
1685
359
-593
-1407
-2088
-2260
-1986
-1885
-1803
-1692
-1897
-2308
-2746
-3216
-3600
-3761
-3755
-3250
-2306
-1398
-583
394
1027
1208
1210
873
275
-137
-457
-649
-342
179
645
1381
2128
2318
2339
2249
1802
1279
989
684
715
1014
1006
972
1302
1019
2
-483
-581
-1113
-1620
-1569
-1420
-1020
-621
-613
-682
-595
-871
-1081
-642
-288
-59
753
1875
2522
2987
3338
3250
2775
2122
1310
646
182
-393
-746
-641
-537
-790
-1002
-1332
-2102
-2998
-3515
-3853
-4124
-3797
-2815
-1514
-330
739
1592
2189
2130
1416
581
-86
-787
-1320
-1204
-681
-7
802
1773
2394
2560
2303
1822
1218
506
-157
-301
-181
-376
-438
-10
122
-571
-1015
-875
-832
-1050
-1073
-827
-385
-50
-78
-99
-9
-188
-266
407
1111
1436
2065
2982
3307
3095
2684
1943
929
-204
-1340
-1968
-1978
-1936
-1777
-1157
-554
-323
-290
-539
-1230
-1960
-2627
-3099
-2933
-2384
-1687
-681
570
1455
2138
2425
2022
1370
893
312
-67
-13
79
469
1272
1828
1933
2116
1893
1319
912
496
-94
-166
-246
-826
-1074
-1020
-1740
-2740
-2920
-2812
-2635
-2148
-1570
-988
-5
650
694
724
633
153
184
851
1254
1713
2616
3376
3703
3828
3452
2573
1580
443
-695
-1329
-1733
-2184
-2363
-2325
-2451
-2592
-2730
-3136
-3562
-3456
-2966
-2384
-1709
-773
514
1669
2312
2490
2505
2307
2004
1667
1366
1232
1363
1712
2208
2569
2602
2511
2291
1765
1053
460
-29
-451
-978
-1566
-1812
-1936
-2550
-3157
-2998
-2542
-2320
-2072
-1773
-1537
-1252
-1170
-1357
-1410
-1302
-981
58
1473
2531
3495
4479
4830
4490
3803
2684
1265
-22
-1141
-1826
-1860
-1796
-1812
-1522
-1284
-1617
-1999
-2213
-2599
-2989
-2960
-2504
-1653
-655
165
916
1561
1818
1825
1871
1662
1331
1306
1551
1856
2148
2396
2561
2648
2535
2202
1896
1582
1303
1051
485
-161
-594
-1169
-2280
-3082
-3127
-2921
-2675
-2362
-1971
-1415
-917
-925
-1211
-1413
-1629
-1579
-802
148
967
1930
2847
3216
3091
2624
1712
776
-83
-1010
-1464
-1303
-1170
-1288
-1279
-1194
-1387
-1778
-2396
-2971
-3059
-2627
-1958
-1039
76
1119
2075
2820
3031
2727
2299
1904
1583
1392
1474
1758
2111
2383
2496
2474
2184
1600
966
288
-592
-1329
-1653
-2044
-2718
-2868
-2286
-1608
-1099
-728
-453
-79
265
183
-99
-303
-582
-502
206
807
1069
1498
1842
1727
1382
769
-254
-1269
-1984
-2496
-2625
-2507
-2402
-2163
-1652
-1403
-1541
-1629
-1560
-1523
-1270
-630
9
725
1613
2383
2835
3087
2932
2477
2162
1896
1553
1557
1711
1627
1700
1939
1773
1274
926
434
-434
-1272
-1800
-2195
-2730
-3072
-2700
-1804
-1071
-670
-298
110
307
190
10
-178
-407
-383
286
1091
1656
2142
2549
2547
2083
1178
66
-919
-1900
-2755
-2974
-2669
-2515
-2353
-2203
-2167
-2146
-1999
-1968
-1955
-1705
-1127
-185
846
1617
2164
2771
3114
3115
2954
2812
2716
2714
2736
2786
2884
2796
2495
1999
1340
269
-985
-1915
-2682
-3566
-4209
-3878
-2981
-2229
-1734
-1277
-819
-482
-410
-527
-548
-473
-173
614
1555
2135
2612
2995
2885
2292
1541
539
-547
-1417
-2146
-2495
-2452
-2567
-2905
-2879
-2676
-2594
-2313
-1941
-1614
-925
49
886
1569
2162
2457
2789
3136
3058
2892
2957
2959
2758
2758
2565
2162
1823
1450
850
9
-865
-1692
-2378
-3269
-3965
-3829
-3214
-2705
-2237
-1675
-1051
-417
67
292
465
714
1124
1777
2268
2490
2537
2472
2152
1549
768
-181
-1047
-1713
-2089
-2344
-2664
-2869
-2831
-2647
-2616
-2677
-2604
-2330
-1881
-1289
-518
266
1029
1862
2706
3370
3768
3955
4013
3981
3785
3468
3062
2519
1925
1566
936
-72
-938
-1605
-2505
-3406
-3632
-3469
-3156
-2902
-2669
-2314
-1798
-1428
-1156
-681
-258
252
1086
1860
2156
2356
2442
2234
1893
1413
768
267
-62
-571
-942
-1079
-1306
-1564
-1657
-1843
-2017
-1878
-1672
-1477
-1084
-519
42
660
1204
1608
2092
2535
2740
2853
2994
2971
2882
2684
2206
1714
1176
283
-636
-1211
-1873
-2650
-2830
-2556
-2285
-2023
-1910
-1949
-1896
-1780
-1803
-1652
-1443
-1177
-504
375
881
1198
1567
1658
1616
1498
1239
775
334
-134
-468
-574
-869
-1246
-1411
-1460
-1497
-1299
-1022
-831
-425
165
665
1085
1453
1672
2016
2396
2571
2670
2840
2962
3003
3000
2709
2117
1290
399
-486
-1438
-2366
-2696
-2438
-2090
-1775
-1517
-1427
-1473
-1481
-1559
-1603
-1564
-1408
-922
-362
-62
143
321
249
137
143
-109
-495
-741
-891
-927
-883
-966
-1147
-1154
-1115
-1101
-1001
-938
-840
-467
122
707
1280
1833
2418
2964
3292
3382
3388
3331
3271
3184
3091
2730
2016
1194
432
-428
-1578
-2335
-2451
-2199
-1967
-1941
-1952
-1926
-1821
-1856
-1870
-1742
-1500
-863
-35
598
913
1203
1386
1357
1214
830
390
-24
-410
-781
-1097
-1384
-1658
-1773
-1790
-1778
-1706
-1567
-1404
-1148
-728
-237
279
808
1284
1704
2024
2193
2235
2273
2393
2537
2660
2532
2113
1679
1163
324
-626
-1151
-1313
-1321
-1307
-1344
-1434
-1481
-1468
-1482
-1520
-1519
-1272
-758
-240
107
414
696
953
1107
1211
1131
913
632
281
-88
-514
-852
-1085
-1180
-1190
-1105
-992
-962
-971
-928
-742
-504
-174
221
603
1009
1306
1467
1455
1425
1352
1354
1511
1362
1146
1087
1000
619
224
108
-37
-107
-217
-406
-638
-903
-1066
-1243
-1388
-1584
-1532
-1241
-1037
-857
-751
-669
-592
-364
-165
-138
-101
-115
-78
-89
-179
-301
-364
-179
76
363
510
596
713
807
832
741
691
737
899
1018
993
958
1045
1171
1278
1244
923
553
337
57
-427
-856
-915
-655
-220
30
-116
-443
-689
-736
-853
-1129
-1358
-1084
-521
-59
82
-150
-357
-285
-173
-310
-529
-584
-485
-294
-154
-287
-385
-233
75
225
134
22
-8
23
-60
-152
-215
-65
275
544
662
672
732
792
861
899
926
934
769
532
262
-19
-302
-465
-345
47
588
893
840
605
312
54
-322
-769
-1108
-1106
-739
-416
-293
-326
-319
-244
-245
-401
-742
-986
-1026
-918
-801
-713
-494
-50
524
929
1094
1179
1222
1189
1050
868
655
479
441
341
132
-194
-549
-938
-1146
-1196
-1248
-1295
-1155
-600
1
144
-53
-41
226
410
367
272
399
806
1192
1371
1386
1360
1264
1055
757
364
-100
-591
-962
-1143
-1208
-1266
-1330
-1312
-1193
-1052
-914
-829
-762
-628
-347
11
324
570
789
1044
1251
1300
1218
1104
1021
930
795
564
350
169
-10
-217
-461
-671
-822
-889
-956
-1004
-1014
-914
-748
-575
-381
-146
94
232
338
474
593
664
758
850
937
1005
1016
929
789
635
411
203
-28
-293
-545
-706
-874
-1019
-1067
-1058
-971
-857
-728
-609
-453
-305
-204
-95
17
95
176
253
297
340
403
413
404
398
393
372
311
231
123
28
-118
-242
-314
-316
-257
-126
6
82
179
264
344
355
336
299
301
311
267
209
96
20
-9
40
49
7
-39
-92
-136
-220
-346
-468
-513
-475
-399
-378
-361
-307
-193
-114
-57
-37
-22
-7
0
8
-39
-62
-67
-20
13
69
117
178
220
212
188
184
183
170
201
242
290
322
360
359
375
377
404
428
417
331
251
169
26
-144
-286
-388
-481
-494
-483
-438
-394
-339
-257
-195
-198
-280
-317
-361
-404
-433
-478
-451
-340
-160
-47
80
216
345
469
524
494
381
330
256
152
52
-70
-252
-457
-540
-516
-384
-227
58
457
732
648
451
414
317
152
117
387
803
963
864
894
1079
1088
775
338
-18
-181
-462
-860
-1260
-1472
-1472
-1574
-1802
-1569
-1086
-1102
-1091
-649
-71
251
-192
-663
-248
647
821
441
738
1652
2243
1739
776
448
858
1091
401
-531
-545
186
242
-940
-1941
-1520
-482
-239
-680
-562
200
681
520
85
-93
227
696
757
510
558
931
1000
586
216
329
626
431
-178
-488
-207
-116
-718
-1298
-982
-351
-558
-1297
-1457
-924
-629
-868
-1049
-693
-53
179
-91
-298
-67
311
341
154
262
685
972
904
696
685
892
995
801
518
517
690
686
407
159
246
475
536
365
96
-29
-1
-156
-555
-925
-967
-789
-734
-795
-727
-404
-108
-78
-186
-159
49
155
13
-170
-56
212
226
-54
-229
-119
-1
-168
-479
-536
-348
-299
-487
-617
-513
-372
-327
-321
-218
-28
151
304
445
603
736
819
871
898
845
739
706
662
490
288
252
295
241
130
98
171
194
81
-102
-177
-140
-137
-195
-208
-142
-70
2
42
7
-88
-132
-98
-137
-318
-473
-474
-515
-629
-679
-660
-703
-722
-666
-654
-730
-732
-536
-310
-195
-171
-33
194
317
275
221
298
506
710
859
894
905
917
915
863
711
461
285
313
271
50
-137
-126
-58
-25
0
31
-6
-129
-305
-465
-600
-717
-782
-703
-442
-195
-130
-128
-86
-26
57
58
-121
-292
-185
56
158
57
-28
97
304
344
143
-127
-228
-39
170
102
-138
-87
220
323
19
-328
-302
17
191
123
96
271
484
501
353
189
194
226
169
140
126
48
2
39
0
-84
-87
-46
-58
-110
-99
-94
-101
-128
-236
-288
-221
-268
-382
-397
-360
-420
-402
-321
-381
-383
-190
-97
-206
-229
-54
60
-18
-73
36
209
262
284
427
616
660
562
523
599
609
486
344
330
397
402
298
154
169
300
316
158
17
3
-74
-295
-540
-589
-516
-518
-578
-545
-355
-281
-371
-437
-292
-145
-234
-366
-351
-225
-187
-263
-324
-273
-137
-35
-18
-44
-37
-5
65
139
154
196
278
411
434
386
332
387
436
363
283
275
310
261
179
77
-33
-78
-21
14
-18
-40
-4
43
122
93
23
60
237
367
307
185
159
242
226
76
-167
-229
-130
-45
-255
-533
-607
-441
-399
-614
-814
-812
-527
-436
-600
-693
-433
-106
-44
-133
-49
218
375
332
300
429
571
530
350
269
364
367
168
8
61
231
227
-4
-118
14
176
76
-146
-120
49
161
78
-18
2
204
348
182
-52
80
434
439
54
-135
99
260
60
-262
-285
-30
195
88
-165
-232
-36
-60
-342
-503
-389
-196
-220
-282
-310
-203
-65
-32
-96
-139
32
201
235
142
88
112
126
70
-28
-63
-45
-9
-46
-39
-18
-53
-44
77
158
90
4
15
30
-106
-309
-453
-385
-229
-218
-309
-197
119
218
117
122
251
351
351
367
318
289
306
322
266
179
179
242
218
99
-30
-94
-30
-53
-267
-382
-232
-83
-242
-439
-352
-119
-114
-278
-221
40
214
138
74
188
340
312
193
150
248
379
343
164
54
139
212
14
-272
-359
-254
-320
-572
-698
-532
-303
-271
-274
-110
159
164
13
13
170
205
151
169
262
301
222
141
96
59
39
52
-24
-97
-165
-191
-210
-222
-204
-203
-197
-118
-82
-187
-279
-233
-98
11
95
166
234
310
339
281
165
101
151
208
169
100
176
299
258
82
42
191
225
72
17
174
208
32
-39
123
138
-112
-270
-129
3
-149
-343
-312
-130
-70
-193
-279
-167
-100
-185
-244
-187
-177
-276
-231
-65
7
-1
-9
-4
60
101
-5
-151
-171
-77
-1
-65
-160
-98
72
127
55
56
175
307
275
194
235
308
260
172
197
291
324
269
188
155
178
128
23
-5
74
120
85
30
-78
-241
-389
-497
-546
-511
-441
-360
-265
-159
-160
-247
-232
-73
44
38
124
318
472
439
281
203
234
220
39
-24
109
193
28
-192
-158
-69
-192
-448
-464
-210
-61
-199
-316
-134
120
122
-6
36
245
373
310
238
317
401
268
85
57
125
76
-33
-31
59
61
-44
-143
-178
-170
-243
-352
-356
-247
-244
-371
-460
-393
-274
-230
-214
-118
79
209
158
53
33
139
210
180
180
315
463
436
367
352
359
291
286
392
413
223
18
12
39
-106
-334
-390
-245
-86
-120
-273
-277
-159
-105
-185
-243
-179
-68
25
69
64
63
147
228
261
239
217
208
129
10
-71
-138
-253
-322
-336
-322
-342
-374
-349
-257
-188
-180
-130
-34
4
-50
-58
0
31
-1
14
115
230
225
159
161
214
210
156
179
258
320
291
222
196
226
198
94
82
207
327
251
86
56
132
113
-70
-193
-126
-23
-105
-323
-450
-385
-342
-456
-586
-512
-319
-266
-387
-440
-247
-85
-127
-196
-34
231
274
183
234
421
503
421
347
389
467
392
186
93
149
150
-8
-161
-152
-99
-229
-469
-551
-419
-309
-367
-417
-245
56
186
38
-52
167
409
396
271
314
487
600
536
385
291
261
221
117
-8
-141
-250
-313
-388
-517
-642
-646
-574
-522
-500
-451
-349
-234
-149
-89
17
170
277
330
424
564
634
594
561
604
611
524
395
285
213
124
-18
-165
-248
-296
-376
-479
-539
-511
-472
-473
-444
-338
-217
-146
-123
-94
-4
92
134
164
232
286
275
246
225
144
15
-64
-40
-22
-150
-285
-261
-147
-199
-388
-441
-275
-108
-141
-241
-125
164
354
344
343
491
653
652
511
419
433
440
350
241
162
112
62
-12
-111
-186
-218
-226
-268
-329
-379
-390
-353
-331
-337
-308
-223
-143
-116
-101
-68
0
88
138
109
31
8
17
-33
-154
-227
-200
-141
-154
-196
-190
-137
-90
-92
-91
-51
-19
-19
5
77
175
255
336
423
531
554
492
449
462
466
398
339
295
260
188
82
-31
-100
-131
-184
-228
-245
-262
-331
-392
-419
-414
-391
-367
-305
-201
-105
-54
-47
-16
63
148
181
165
188
215
193
75
-59
-107
-50
-12
-55
-107
-90
-40
-87
-210
-286
-218
-111
-90
-122
-106
-27
22
9
-4
60
186
297
340
351
350
344
341
339
320
272
218
178
139
55
-57
-143
-181
-197
-229
-272
-296
-288
-309
-348
-386
-389
-358
-327
-292
-246
-190
-165
-167
-164
-126
-80
-16
66
173
262
288
272
264
271
269
242
242
276
277
248
215
208
201
183
157
164
192
174
103
37
1
-32
-69
-91
-100
-113
-142
-166
-169
-189
-230
-254
-209
-140
-121
-161
-171
-99
-12
1
-46
-21
80
152
98
-20
-59
-31
-29
-107
-188
-190
-97
-40
-69
-101
-89
-18
38
56
38
60
109
145
149
107
81
87
106
107
106
113
117
90
63
72
99
120
115
123
147
162
110
41
15
43
78
61
21
-8
-18
-33
-62
-96
-112
-92
-47
-48
-106
-167
-194
-206
-218
-232
-242
-204
-171
-182
-206
-200
-151
-120
-93
-37
51
125
170
167
166
188
212
220
215
223
243
235
187
118
44
5
-25
-55
-85
-87
-70
-62
-91
-141
-163
-156
-146
-139
-120
-81
-44
-25
-20
-1
27
80
134
187
230
253
234
182
128
63
3
-54
-90
-104
-115
-137
-190
-233
-241
-222
-209
-198
-170
-142
-120
-106
-72
5
90
153
209
288
362
386
359
325
319
314
242
119
35
11
-7
-51
-108
-138
-114
-83
-87
-130
-180
-190
-165
-145
-133
-126
-114
-73
-1
44
48
35
33
34
25
6
-25
-49
-70
-86
-107
-149
-194
-233
-231
-190
-132
-105
-100
-67
-2
25
-5
-29
-25
32
79
97
103
144
180
197
200
186
187
196
235
269
288
274
241
218
201
180
133
93
94
128
148
110
29
-42
-77
-110
-165
-233
-260
-237
-220
-254
-312
-342
-323
-283
-275
-281
-266
-216
-186
-180
-186
-159
-91
-7
68
105
132
159
161
140
115
100
106
119
136
145
166
173
173
175
185
207
218
218
196
184
156
112
68
26
-4
-23
-26
-21
-6
-3
4
33
52
43
9
-32
-50
-70
-100
-134
-163
-177
-195
-227
-273
-296
-295
-282
-286
-274
-247
-214
-186
-158
-111
-44
29
60
64
82
123
137
128
154
217
262
282
278
266
247
205
155
110
103
93
76
53
47
46
44
25
7
-2
-7
-20
-58
-90
-113
-109
-73
-53
-41
-22
-3
-21
-83
-141
-176
-182
-193
-220
-245
-241
-224
-208
-204
-195
-169
-124
-85
-61
-39
-15
27
77
125
182
252
314
353
381
406
422
426
410
386
350
317
252
177
122
85
51
-8
-50
-85
-116
-166
-219
-258
-268
-272
-287
-279
-249
-216
-211
-222
-221
-196
-170
-142
-123
-82
-29
4
7
-11
-19
-21
-22
-20
-11
7
24
32
29
19
17
12
14
18
24
27
33
43
65
81
93
111
141
164
177
173
165
178
186
181
157
146
157
170
156
113
74
53
39
8
-41
-75
-69
-60
-76
-138
-199
-225
-223
-222
-231
-225
-190
-136
-106
-118
-141
-140
-125
-115
-109
-105
-80
-37
-17
-21
-20
1
21
27
11
-12
-12
-1
8
14
42
88
143
184
203
215
225
215
189
155
128
109
100
77
52
34
10
-25
-64
-107
-138
-149
-152
-146
-138
-128
-126
-115
-97
-68
-39
-25
-13
6
31
37
33
24
40
74
101
99
81
68
57
51
45
44
51
61
54
38
16
1
-11
-18
-15
10
29
40
40
36
39
41
24
6
0
-1
-10
-35
-60
-61
-43
-24
-12
-5
16
30
32
11
-7
-3
6
9
-11
-36
-58
-81
-111
-136
-149
-149
-140
-142
-144
-141
-132
-125
-112
-89
-58
-25
-2
27
62
110
151
175
192
222
249
256
242
218
208
202
176
122
57
11
-14
-43
-89
-134
-153
-144
-126
-132
-151
-164
-156
-143
-141
-145
-123
-75
-5
49
87
118
148
165
165
148
122
111
96
70
25
-16
-67
-117
-160
-198
-220
-218
-212
-210
-198
-178
-156
-127
-103
-76
-48
-11
21
57
95
135
172
197
201
194
179
155
121
90
78
65
71
74
68
59
50
43
31
11
2
-2
-2
6
13
9
14
28
39
54
58
57
54
55
53
44
30
11
-12
-37
-60
-93
-124
-144
-150
-148
-134
-122
-117
-109
-91
-75
-61
-43
-29
-12
8
10
5
5
9
33
52
69
70
70
56
33
7
-15
-23
-17
-5
3
10
18
32
43
42
46
50
43
40
34
23
11
11
13
14
20
27
17
-1
-24
-40
-50
-55
-62
-69
-71
-73
-68
-67
-62
-58
-43
-33
-32
-28
-31
-30
-24
-12
4
26
49
74
82
86
84
69
63
54
49
57
73
80
87
85
72
65
63
55
48
39
23
6
-16
-42
-64
-74
-73
-69
-73
-78
-87
-85
-95
-100
-107
-96
-75
-57
-43
-39
-33
-30
-20
-23
-12
-2
10
17
9
4
0
2
-13
-26
-29
-23
-17
-9
-1
6
17
42
53
57
64
73
80
80
89
102
113
115
118
116
119
119
117
110
90
79
68
43
6
-30
-61
-89
-104
-128
-146
-156
-157
