33
45
44
50
58
65
71
74
73
70
64
53
54
49
47
36
33
32
31
19
11
0
-6
-10
-20
-35
-40
-42
-40
-51
-59
-57
-56
-54
-53
-47
-53
-47
-57
-48
-45
-41
-37
-40
-38
-35
-25
-13
-11
-13
-6
0
4
9
6
11
2
5
-4
4
2
10
8
4
8
9
15
11
12
5
7
10
16
15
16
8
13
8
10
2
3
-9
-15
-24
-27
-36
-40
-46
-47
-42
-49
-49
-57
-58
-68
-62
-70
-79
-88
-86
-77
-71
-61
-65
-46
-47
-31
-28
-18
-13
-1
8
25
46
55
71
67
98
91
125
114
134
135
157
167
166
179
173
198
174
190
160
166
141
138
121
100
77
58
49
33
13
-10
-35
-61
-61
-87
-113
-141
-150
-171
-165
-183
-190
-227
-241
-261
-274
-285
-296
-298
-303
-296
-303
-309
-320
-320
-319
-308
-287
-267
-245
-219
-191
-140
-109
-68
-22
37
92
156
201
258
304
372
428
484
529
569
619
655
685
694
706
704
715
700
693
655
626
578
537
466
419
375
330
263
186
109
27
-68
-142
-226
-300
-368
-442
-502
-593
-643
-714
-733
-789
-807
-880
-897
-949
-957
-979
-975
-964
-949
-930
-916
-875
-839
-771
-725
-650
-591
-490
-433
-334
-246
-139
-42
73
176
256
354
438
561
708
823
929
1006
1094
1155
1248
1299
1379
1419
1449
1450
1447
1419
1344
1287
1186
1138
1031
951
785
684
519
411
245
130
-48
-183
-329
-444
-567
-674
-746
-813
-852
-940
-990
-1089
-1130
-1180
-1161
-1158
-1116
-1132
-1135
-1178
-1182
-1182
-1188
-1162
-1141
-1107
-1091
-1074
-1099
-1070
-999
-927
-873
-806
-737
-661
-565
-433
-273
-75
82
214
320
450
626
811
1024
1155
1271
1334
1421
1494
1615
1699
1801
1869
1894
1906
1821
1709
1553
1506
1479
1507
1440
1302
1093
891
735
617
526
386
227
34
-127
-345
-519
-669
-756
-800
-803
-833
-880
-928
-964
-961
-904
-805
-762
-745
-766
-769
-781
-791
-790
-820
-820
-828
-838
-902
-952
-1034
-1051
-1077
-1067
-1121
-1187
-1229
-1251
-1216
-1173
-1120
-1071
-998
-934
-849
-780
-643
-495
-273
-47
93
188
273
418
642
897
1093
1231
1302
1422
1512
1688
1769
1870
1963
2024
2054
1956
1797
1621
1598
1587
1667
1555
1405
1149
1011
861
802
683
560
399
223
30
-202
-384
-530
-549
-563
-515
-567
-638
-759
-817
-858
-756
-704
-658
-693
-732
-734
-716
-725
-754
-785
-830
-844
-938
-1062
-1211
-1295
-1372
-1390
-1419
-1449
-1515
-1553
-1607
-1611
-1612
-1555
-1475
-1414
-1338
-1292
-1194
-1051
-819
-585
-293
-52
147
308
435
611
843
1098
1321
1478
1610
1773
1828
2015
2117
2185
2380
2348
2450
2280
2127
1969
1927
1992
2014
1959
1753
1559
1351
1229
1080
1004
796
662
420
263
-19
-246
-445
-590
-613
-620
-651
-780
-876
-1012
-1007
-1008
-916
-899
-882
-952
-1001
-1060
-1103
-1118
-1137
-1119
-1147
-1203
-1340
-1483
-1582
-1565
-1528
-1525
-1584
-1675
-1747
-1736
-1707
-1676
-1602
-1527
-1410
-1335
-1268
-1201
-1084
-886
-572
-237
34
199
260
386
525
799
1078
1293
1458
1612
1763
1849
2040
2058
2271
2375
2440
2550
2403
2215
2002
1964
2013
2150
2138
1970
1749
1569
1391
1272
1121
979
787
597
384
110
-165
-407
-571
-631
-609
-651
-808
-955
-1089
-1139
-1113
-1028
-1007
-1012
-1028
-1072
-1130
-1173
-1154
-1175
-1115
-1141
-1180
-1292
-1400
-1510
-1594
-1640
-1665
-1681
-1726
-1741
-1765
-1762
-1759
-1704
-1603
-1508
-1441
-1410
-1352
-1238
-1037
-796
-517
-290
-62
-9
177
340
527
858
1103
1287
1471
1669
1752
1985
2109
2271
2501
2558
2708
2688
2486
2335
2282
2250
2422
2463
2402
2256
2060
1891
1728
1607
1411
1291
1021
842
551
259
-54
-255
-454
-505
-562
-718
-939
-1138
-1189
-1245
-1160
-1225
-1248
-1336
-1347
-1417
-1452
-1478
-1511
-1493
-1487
-1494
-1560
-1652
-1761
-1846
-1847
-1861
-1869
-1913
-1918
-1910
-1855
-1829
-1772
-1702
-1594
-1446
-1434
-1326
-1286
-1083
-852
-525
-324
-39
36
213
466
558
958
1194
1328
1614
1713
1980
2099
2339
2429
2522
2930
2710
3041
2717
2552
2575
2266
2485
2461
2406
2266
2010
1785
1689
1562
1444
1162
960
653
383
89
-245
-441
-635
-724
-844
-966
-1136
-1309
-1539
-1597
-1617
-1532
-1519
-1496
-1505
-1605
-1594
-1664
-1600
-1597
-1544
-1510
-1521
-1581
-1666
-1690
-1645
-1595
-1568
-1582
-1582
-1574
-1498
-1418
-1376
-1277
-1197
-1085
-1087
-983
-1005
-836
-680
-483
-245
-43
61
221
421
356
1003
823
1454
1325
1589
1662
1842
1879
2245
2258
2385
2726
2586
2860
2547
2502
2373
2417
2276
2490
2227
2191
1890
1727
1628
1494
1364
1110
911
535
396
-48
-241
-552
-678
-820
-874
-966
-1196
-1296
-1492
-1522
-1544
-1466
-1496
-1534
-1571
-1624
-1618
-1670
-1598
-1585
-1503
-1451
-1433
-1486
-1563
-1667
-1626
-1572
-1522
-1459
-1460
-1399
-1399
-1309
-1298
-1167
-1210
-1095
-1088
-1098
-1062
-999
-859
-630
-374
-373
115
-211
279
193
571
758
1232
1078
1680
1414
1718
1998
1910
2229
2503
2507
2631
2944
2412
2725
2234
2345
2408
2593
2464
2535
2096
1945
1874
1605
1596
1334
1097
802
604
200
-100
-446
-716
-817
-894
-946
-1105
-1292
-1502
-1583
-1639
-1669
-1602
-1679
-1676
-1690
-1695
-1719
-1691
-1701
-1604
-1523
-1471
-1476
-1517
-1602
-1586
-1619
-1489
-1459
-1318
-1342
-1262
-1284
-1281
-1177
-1212
-1085
-1205
-966
-1298
-785
-1220
-710
-697
-435
-92
-220
103
179
517
589
925
1212
1199
1661
1530
1900
2041
2115
2345
2300
2644
2443
2793
2501
2482
2646
2275
2638
2474
2478
2386
2167
1970
1787
1655
1396
1256
954
698
458
96
-191
-513
-738
-908
-966
-1125
-1251
-1384
-1625
-1573
-1689
-1547
-1584
-1473
-1483
-1526
-1462
-1578
-1491
-1480
-1367
-1335
-1282
-1311
-1344
-1315
-1415
-1265
-1243
-1103
-1145
-1082
-1285
-1217
-1218
-1363
-1089
-1380
-1160
-1357
-1305
-1276
-1223
-929
-784
-475
-488
-59
-294
46
426
301
1089
953
926
1750
1244
1812
2039
1660
2450
2219
2325
2669
2408
2478
2632
2222
2460
2609
2548
2585
2384
2138
1957
1929
1602
1594
1350
1051
820
414
133
-195
-379
-594
-691
-806
-942
-1083
-1290
-1467
-1521
-1534
-1438
-1411
-1388
-1388
-1373
-1454
-1436
-1477
-1431
-1329
-1348
-1307
-1416
-1431
-1538
-1492
-1425
-1350
-1226
-1332
-1394
-1536
-1539
-1560
-1576
-1583
-1527
-1634
-1434
-1600
-1422
-1334
-1083
-930
-617
-354
-352
-6
-29
231
577
842
1035
1348
1323
1686
1749
1880
2160
2340
2339
2677
2526
2563
2815
2610
2646
2727
2668
2757
2821
2430
2422
2112
1932
1885
1615
1452
1279
865
552
247
-11
-291
-448
-642
-770
-895
-1109
-1260
-1453
-1515
-1486
-1454
-1461
-1441
-1376
-1434
-1364
-1405
-1390
-1332
-1323
-1317
-1339
-1356
-1434
-1471
-1564
-1460
-1363
-1339
-1385
-1478
-1666
-1581
-1730
-1623
-1710
-1754
-1618
-1845
-1507
-1635
-1243
-1181
-901
-641
-431
-115
-41
-107
336
279
815
1025
1007
1330
1479
1648
1750
2242
1989
2188
2419
2506
2485
2643
2266
2761
2459
2515
2473
2389
2417
2241
2110
1855
1820
1580
1467
1139
967
622
507
111
-105
-299
-470
-506
-728
-807
-1011
-1049
-1206
-1208
-1273
-1263
-1234
-1224
-1196
-1160
-1152
-1144
-1145
-1185
-1123
-1208
-1141
-1267
-1282
-1379
-1466
-1494
-1422
-1560
-1453
-1615
-1702
-1550
-1842
-1520
-1817
-1539
-1650
-1555
-1456
-1308
-1354
-861
-841
-441
-112
-436
316
-78
550
405
865
859
1242
1330
1310
1521
1607
1815
1751
2134
2030
2266
1979
2296
2209
2194
2082
2041
2156
2030
2004
1765
1921
1759
1712
1446
1472
1319
1187
955
617
531
241
132
-156
-291
-427
-520
-623
-719
-820
-852
-862
-890
-856
-912
-902
-870
-913
-959
-943
-983
-940
-986
-1040
-1068
-1187
-1239
-1421
-1391
-1544
-1461
-1654
-1672
-1789
-1881
-1768
-1984
-1798
-2030
-1691
-1959
-1416
-1773
-1337
-1352
-1208
-694
-969
-358
-284
-440
82
325
18
884
528
910
1155
1089
1006
1580
1300
1486
2071
1217
1943
1886
1864
1961
2060
1714
2133
1803
1514
1890
1604
1679
1661
1488
1493
1598
1203
1281
1075
902
841
618
377
314
162
-30
-106
-281
-301
-329
-391
-489
-417
-453
-492
-469
-570
-526
-586
-549
-613
-664
-622
-768
-864
-1038
-1150
-1231
-1304
-1311
-1464
-1569
-1598
-1771
-1678
-1746
-1793
-1916
-1824
-1906
-1631
-1682
-1553
-1426
-1457
-953
-1172
-475
-712
-155
-266
68
15
383
401
638
805
548
1148
959
1194
1208
1413
1063
1565
1400
1319
1576
1509
1505
1699
1411
1338
1532
1184
1567
1395
1358
1402
1265
1347
1221
1234
1114
1150
928
844
681
514
402
302
174
16
60
-101
-56
-165
-245
-303
-288
-330
-379
-341
-372
-462
-507
-564
-756
-672
-886
-999
-1064
-1251
-1274
-1335
-1564
-1435
-1649
-1783
-1768
-1828
-1851
-1783
-1936
-2009
-1802
-1868
-1662
-1449
-1607
-1184
-951
-1068
-567
-573
-569
7
-171
-13
226
133
248
540
462
522
1070
531
1001
1097
835
1471
1014
1109
1401
1277
1311
1472
1291
1349
1440
1272
1577
1576
1467
1508
1629
1587
1689
1548
1503
1512
1469
1254
1172
1032
831
864
588
625
522
479
236
176
78
80
20
-75
6
-117
-102
-218
-309
-404
-486
-570
-739
-854
-906
-1202
-1116
-1348
-1318
-1373
-1662
-1562
-1756
-1738
-1883
-1793
-2080
-1892
-2009
-2023
-1793
-1875
-1636
-1420
-1399
-1205
-941
-1174
-576
-749
-536
-465
-375
-361
-117
-370
-180
200
-205
344
102
176
454
465
396
747
650
811
1009
856
1231
1005
1203
1267
1387
1563
1738
1623
1854
1904
1863
2008
1823
1929
1788
1844
1617
1618
1389
1316
1151
1099
988
843
857
657
522
419
380
246
336
43
166
-50
-54
-231
-358
-386
-599
-568
-869
-888
-1078
-1168
-1195
-1340
-1381
-1563
-1575
-1719
-1777
-1756
-2038
-1854
-2042
-1945
-2036
-1925
-1715
-1736
-1550
-1569
-1303
-1229
-920
-1204
-816
-899
-797
-765
-778
-723
-422
-560
-367
-122
-445
212
-153
237
264
393
551
520
866
816
1107
1007
1375
1267
1559
1580
1831
1866
2070
2072
2134
2239
1983
2264
1958
2193
1942
1939
1695
1746
1396
1446
1248
1030
1174
781
925
626
691
412
536
351
301
351
84
150
-71
-114
-301
-281
-596
-649
-837
-905
-1038
-1150
-1260
-1671
-1410
-1777
-1715
-1786
-2090
-1839
-2370
-2044
-2085
-2132
-1819
-2142
-1719
-1725
-1910
-1434
-1457
-1571
-1063
-1630
-921
-1180
-1081
-944
-1116
-604
-696
-461
-531
-493
37
-46
-105
307
50
884
388
772
823
897
1441
1117
1642
1431
1807
1922
1882
2067
2243
2059
2343
2273
2149
2356
2031
2064
1835
1927
1618
1693
1470
1311
1225
1141
966
980
883
711
876
472
754
444
520
402
350
205
31
-15
-372
-415
-660
-813
-882
-1017
-1287
-1298
-1545
-1735
-1722
-2055
-2013
-2143
-2231
-2152
-2278
-2408
-2106
-2289
-2167
-1853
-2219
-1612
-1832
-1817
-1560
-1583
-1391
-1156
-1309
-1443
-940
-1459
-702
-940
-799
-498
-591
-458
-43
-317
-16
284
116
571
620
684
997
1226
1165
1439
1587
1809
1862
2030
2059
2264
2251
2297
2232
2276
2342
2305
2246
2071
2098
1982
1934
1808
1714
1642
1590
1465
1414
1319
1160
1206
1070
1053
859
872
729
637
456
217
136
-109
-300
-481
-632
-817
-887
-1142
-1257
-1572
-1522
-1872
-1858
-2057
-2094
-2231
-2243
-2414
-2312
-2308
-2443
-2251
-2107
-2200
-2022
-2095
-2167
-1632
-1929
-1736
-1627
-1639
-1462
-1413
-1727
-1209
-1210
-1152
-903
-862
-788
-322
-501
-234
-126
65
155
622
530
949
1146
1065
1647
1343
1807
1784
2032
2061
2237
2245
2208
2380
2269
2350
2265
2302
2326
2228
2222
2146
2005
1915
1858
1694
1682
1506
1465
1354
1251
1187
1207
921
929
768
604
486
278
136
-121
-174
-490
-539
-753
-841
-1053
-1105
-1458
-1492
-1711
-1931
-2003
-2041
-2252
-2265
-2473
-2449
-2396
-2365
-2353
-2306
-2244
-2236
-2248
-2182
-2092
-1897
-1971
-1781
-1820
-1765
-1729
-1636
-1581
-1214
-1237
-961
-942
-730
-469
-472
-151
-132
209
285
541
644
842
1089
1178
1379
1477
1659
1843
1851
2118
2104
2251
2300
2393
2395
2500
2478
2536
2490
2441
2544
2399
2493
2132
2343
1946
2040
1770
1655
1709
1407
1561
1301
1176
1126
928
756
732
296
401
48
-109
-185
-510
-589
-765
-933
-1011
-1166
-1454
-1525
-1755
-1964
-2004
-2140
-2262
-2302
-2405
-2512
-2402
-2590
-2411
-2460
-2346
-2375
-2403
-2380
-2288
-2242
-2255
-2003
-1930
-1865
-1767
-1751
-1666
-1372
-1349
-1072
-956
-720
-507
-306
-213
-14
87
260
371
653
754
1010
1051
1152
1359
1357
1616
1739
1806
1942
2027
2111
2192
2221
2226
2429
2414
2468
2493
2350
2450
2270
2273
2139
2064
1963
1806
1699
1573
1501
1347
1255
1143
943
898
721
481
359
218
132
-109
-184
-351
-500
-560
-774
-870
-1148
-1205
-1518
-1511
-1796
-1747
-1957
-2086
-2013
-2281
-2169
-2164
-2242
-2233
-2166
-2226
-2205
-2156
-2196
-2074
-2028
-2065
-1940
-1782
-1598
-1699
-1317
-1567
-1114
-1229
-1057
-691
-826
-463
-446
-335
4
79
254
287
488
789
733
1065
936
1263
1408
1483
1619
1692
1851
2002
2041
2193
2165
2355
2285
2363
2334
2357
2351
2306
2290
2143
2206
1815
2017
1676
1776
1538
1358
1245
1029
1133
775
1005
540
703
323
246
55
-125
-209
-460
-458
-702
-737
-1050
-965
-1351
-1447
-1670
-1734
-1676
-1920
-1944
-2118
-2044
-2227
-2190
-2334
-2159
-2128
-2139
-2144
-2219
-1982
-2168
-1736
-2084
-1913
-1814
-1716
-1591
-1468
-1592
-1369
-1123
-1062
-906
-702
-707
-514
-275
-361
229
93
353
489
498
720
852
995
1164
1436
1438
1613
1741
1613
1913
1915
2024
2178
2176
2189
2228
2212
2238
2257
2189
2076
2123
2069
1924
1885
1527
1578
1460
1441
1351
1242
1113
1022
923
702
706
527
516
232
186
-84
-85
-340
-273
-527
-707
-642
-1077
-858
-1470
-1170
-1576
-1566
-1613
-1975
-1733
-2066
-1974
-1899
-2032
-2254
-1718
-2195
-1833
-1891
-1885
-1886
-1760
-1837
-1896
-1478
-1934
-1337
-1782
-1237
-1411
-1164
-1035
-945
-704
-675
-481
-561
-271
-199
161
190
415
252
662
641
935
931
1075
1256
1350
1527
1513
1690
1757
1899
1896
1932
1983
2136
1962
2045
1953
1955
2154
1819
1879
1760
1552
1681
1506
1411
1504
1188
1304
1215
1108
988
837
797
401
700
335
265
159
-235
-125
-386
-394
-723
-847
-1036
-1184
-1069
-1498
-1317
-1684
-1722
-1710
-1882
-2001
-1841
-2042
-1973
-1736
-1867
-1910
-1724
-2109
-1646
-1586
-1972
-1607
-1798
-1286
-1536
-1578
-1609
-1021
-1259
-921
-946
-969
-695
-755
-295
-693
-143
-405
142
210
310
410
765
518
1056
986
1033
1371
969
1675
1330
1750
1509
1849
1679
1802
1948
1962
1955
1969
2035
1763
2011
1708
1875
1591
1813
1556
1572
1387
1409
1232
1130
1162
859
892
656
647
532
338
132
301
-181
24
-352
-403
-601
-668
-765
-1128
-964
-1384
-989
-1588
-1369
-1804
-1602
-1544
-1597
-1572
-1725
-1540
-1557
-1667
-1658
-1542
-1663
-1451
-1572
-1740
-1817
-1289
-1619
-1024
-1751
-1258
-1270
-1036
-1102
-1051
-719
-772
-311
-553
-182
-550
140
-138
239
90
383
455
562
881
785
1002
1074
1312
1041
1531
1104
1604
1413
1743
1599
1663
1807
1713
1871
1421
1620
1628
1650
1408
1409
1344
1502
1402
1335
1175
1081
1112
976
968
710
658
654
537
320
328
134
249
-67
-230
-336
-351
-522
-596
-837
-828
-1275
-1088
-1081
-1151
-1100
-1572
-1511
-1205
-1078
-1463
-1567
-1486
-1392
-1485
-1730
-1663
-1308
-1448
-1315
-1856
-1425
-1574
-1136
-1265
-1424
-949
-1127
-837
-763
-830
-629
-572
-242
-372
-124
-52
207
499
201
256
573
407
958
856
863
1273
1056
1294
1219
1307
1480
1634
1101
1458
1570
1576
1683
1220
1422
1382
1490
1321
1081
1207
1233
1456
933
992
953
823
1202
639
758
466
425
490
407
109
318
-81
182
-110
-616
98
-1127
-115
-947
-854
-766
-908
-1160
-754
-1353
-867
-1061
-1089
-715
-1575
-1078
-1427
-720
-1661
-1181
-1464
-1145
-1041
-1313
-950
-1702
-1237
-1176
-1299
-922
-905
-1043
-519
-884
-374
-334
-473
148
-329
-74
300
-130
345
109
174
487
289
728
608
741
450
1133
621
1028
1144
862
1085
1075
914
1286
1141
1091
1279
888
913
914
924
987
1110
369
874
709
981
681
821
565
820
850
-35
770
3
706
374
-33
168
192
-527
-516
-514
-1021
104
-1230
-354
-1111
-314
-896
-361
-391
-643
-90
-1030
-725
-628
-448
-719
-792
-976
-1370
-802
-630
-1037
-201
-1581
-592
-751
-886
-305
-904
-156
-858
-128
-428
-338
605
-538
458
70
-439
535
-629
543
341
107
888
-119
820
-7
614
679
452
948
-211
493
577
252
582
146
578
397
481
373
488
303
524
622
388
523
482
412
158
337
296
547
368
619
-145
698
141
244
211
-472
684
-222
-362
23
-322
97
85
-365
152
-393
-193
366
-788
2
-360
-122
359
-624
-107
-798
-56
245
33
-51
-652
292
-273
-340
367
-622
900
-388
-22
113
-417
334
440
-498
302
-929
184
107
-328
402
-563
228
-175
222
-430
-284
-146
26
-436
-730
-453
-258
-961
-255
-552
-589
-576
-882
-217
-669
-544
-355
-424
-74
-643
-17
-50
-458
217
-647
570
-124
-193
652
-408
409
28
255
84
333
269
-190
397
366
117
258
64
0
1316
-159
1150
470
855
788
1023
714
799
763
653
895
663
671
847
1159
385
1752
498
1227
1256
871
1072
913
891
882
700
347
697
382
647
-194
187
73
-233
-253
-937
-524
-978
-792
-991
-1238
-1366
-1472
-1652
-1616
-1496
-1552
-1457
-1752
-1557
-1768
-1517
-1473
-1325
-1489
-1180
-1053
-1366
-1059
-1400
-942
-1238
-979
-1000
-899
-1069
-951
-270
-755
-454
-116
-908
4
-10
-132
385
81
1153
715
949
977
773
1787
980
1754
1633
716
1966
1784
1677
2527
1447
2159
2356
2242
2348
2235
2766
2219
2661
2269
2624
2733
1924
1702
1965
1377
2105
1545
700
1016
363
325
635
-271
-313
-359
-1233
-1078
-1844
-2365
-2228
-2412
-2512
-2349
-2695
-2862
-3038
-2882
-2664
-2315
-2364
-2770
-2728
-2771
-2323
-2330
-2416
-2364
-2345
-2030
-2308
-2077
-2058
-2012
-1925
-1703
-1768
-1505
-1573
-1624
-1224
-742
-425
-560
-408
135
83
82
1022
1245
1545
1709
1292
1885
2170
2340
3582
3445
3346
3497
3014
2940
3921
4208
4029
3947
3835
3978
4582
3290
3603
3819
3006
3458
2722
2505
2283
1775
1685
1683
1305
543
47
-384
-566
-712
-1375
-2007
-2363
-2475
-2348
-2447
-2695
-2741
-2870
-2903
-2731
-2509
-2684
-2836
-2921
-2873
-2913
-3006
-3197
-2976
-3344
-3240
-3196
-3300
-2973
-3157
-3344
-3266
-3085
-2876
-2694
-2728
-2289
-2091
-2236
-1333
-980
-1330
-195
-246
270
1040
317
952
1667
1599
2653
2227
2157
2867
3207
3556
3314
4479
3787
4195
4293
3884
6105
5109
4881
3849
4004
4642
4500
4034
3114
3016
2750
2664
2769
1918
1509
1224
468
125
-395
-945
-1241
-1534
-1701
-1488
-2031
-2264
-2570
-2113
-2038
-2095
-2144
-2495
-2257
-2705
-2440
-2500
-2836
-2836
-3270
-3117
-3426
-3222
-3422
-3610
-3670
-3856
-3729
-3677
-3761
-3459
-2926
-3049
-3002
-2776
-2671
-2186
-1308
-1565
-805
-629
-573
509
120
682
1713
2115
2174
2495
1042
2741
3694
4360
4485
3790
4196
4617
4573
3992
4375
4382
4837
4243
3755
3162
3233
3642
3458
3653
2905
1730
1431
906
949
931
93
-590
-1256
-1510
-934
-904
-931
-1215
-1455
-1562
-1237
-1250
-1158
-1383
-1325
-1324
-1723
-1897
-2302
-1934
-2490
-2422
-2362
-2573
-2893
-3581
-3440
-3155
-2655
-2800
-2964
-3542
-3646
-2657
-2002
-1838
-2321
-2313
-1894
-1084
-464
-702
-604
-408
169
1180
889
930
1233
1691
2334
2592
2967
2997
3306
3542
3460
3262
2833
3469
3480
3068
2974
2461
2384
2453
2372
2773
1982
1024
886
598
388
362
-92
-854
-1363
-1419
-820
-837
-958
-1069
-1030
-1044
-845
-471
-519
-647
-390
-460
-676
-992
-960
-807
-911
-1073
-1307
-1727
-1906
-1838
-1736
-1795
-2077
-2074
-1894
-2153
-2306
-1884
-1835
-1529
-1403
-1185
-932
-1074
-220
-147
235
-194
242
826
1050
1241
1238
1426
1746
2533
2538
2693
2587
3161
2903
2361
1741
2445
3141
2729
2182
1427
1192
1214
1752
1860
1099
-112
-360
-396
-351
-595
-1062
-1617
-2236
-1974
-1707
-1488
-1838
-1798
-1683
-1569
-1539
-1197
-1039
-885
-688
-764
-807
-1153
-862
-700
-435
-801
-1052
-1315
-1471
-1091
-874
-1104
-1531
-1672
-1495
-1176
-1232
-1158
-890
-908
-537
-491
-235
418
398
1083
665
592
1138
1773
2597
2286
1918
2023
2666
3040
3913
3338
3599
3435
2753
2240
2684
4136
3542
2420
1348
1045
1802
2101
2112
1247
-79
-747
-459
-90
-837
-1332
-2144
-2827
-2974
-2680
-2280
-2367
-2678
-2772
-2876
-2830
-2547
-2000
-1759
-1855
-1936
-2370
-2296
-2062
-1423
-1306
-1905
-2379
-2377
-1934
-1853
-1763
-1816
-1933
-2018
-2034
-1766
-1584
-1226
-911
-1005
-930
-743
-33
625
834
1282
1153
749
1383
2333
2908
2797
2457
2247
3145
3830
4559
4280
3928
4636
3897
3861
3687
4346
5047
3791
2455
2353
2773
3222
3262
2529
1190
195
398
737
395
-420
-1474
-2263
-2536
-2180
-1688
-2003
-2768
-2973
-2961
-2753
-2550
-2217
-2309
-2557
-2654
-2804
-2587
-2536
-2091
-2360
-2860
-3065
-2904
-2502
-2761
-2743
-2771
-2887
-2897
-2755
-2458
-2385
-2207
-2177
-2032
-1885
-1499
-821
-562
-157
281
304
388
820
1783
2279
2067
2059
1565
3100
3885
3808
4256
3773
4420
4074
3519
3616
4754
5333
3624
2904
2776
3115
4024
4085
3293
1995
870
1297
2170
1697
644
-193
-1278
-1285
-599
-173
-645
-1754
-2080
-1860
-1528
-1419
-1354
-1693
-2065
-2068
-1847
-1876
-2198
-2006
-1888
-2397
-2936
-2978
-2487
-2457
-2684
-2994
-3376
-3304
-2930
-2485
-2595
-3119
-2961
-2694
-2249
-2006
-1683
-1478
-1429
-825
-538
-465
-459
484
783
1235
921
719
1705
2698
3149
3123
2909
3088
3171
2695
3090
4253
4184
2896
2153
2445
3349
3932
3508
2494
1480
1205
2034
2480
1701
577
-199
-346
-46
287
530
-169
-852
-983
-544
-272
-283
-482
-868
-1057
-929
-696
-688
-1335
-1651
-1606
-1343
-1479
-2093
-2404
-2401
-2032
-1988
-2444
-3079
-3009
-2551
-2222
-2320
-2740
-2716
-2245
-1669
-1432
-1352
-1404
-784
-719
-496
-235
-12
546
431
795
687
1402
1606
2333
2581
2263
2754
2087
1707
2529
3857
3172
1763
816
1680
3095
3005
2269
1155
1
640
1782
1729
524
-859
-989
-522
60
-45
-143
-900
-1124
-347
47
175
-207
-340
-485
-392
-76
134
-277
-753
-1075
-838
-655
-590
-882
-1576
-1944
-1752
-1114
-1305
-1845
-2329
-2271
-1864
-1380
-1263
-1646
-1960
-1480
-830
-349
-342
-399
-408
-455
69
858
1239
818
745
590
1406
2325
2997
2080
2070
1930
1881
2336
2546
3294
2312
669
710
1909
2366
2125
932
66
-217
36
795
768
-856
-1804
-1784
-1312
-798
-954
-1370
-2015
-1900
-1136
-441
-495
-955
-999
-981
-644
-237
18
-542
-1068
-1017
-679
-647
-813
-840
-1084
-1632
-1692
-1200
-998
-1325
-1827
-1971
-1841
-1317
-806
-887
-1347
-1420
-562
131
476
125
240
154
783
1494
1884
1702
1180
1433
2075
3205
3235
3151
2582
2771
2482
2460
3194
3699
2647
1416
1029
1976
2896
2418
1521
187
-236
456
1278
720
-860
-1942
-1780
-1128
-957
-1068
-1891
-2623
-2309
-1584
-1029
-1234
-1626
-1748
-1623
-1408
-891
-848
-1203
-1741
-1686
-1318
-1099
-1147
-1490
-2025
-2256
-1757
-1283
-1460
-2192
-2455
-2199
-1633
-1292
-1350
-1829
-1874
-1301
-475
-132
-193
-289
-6
467
705
1222
1362
1675
1614
1820
2110
2921
3605
3510
3477
3013
2943
3316
3651
4464
3356
1587
1971
3074
3777
3105
1778
1072
935
1487
1915
1431
-373
-1222
-720
-263
-316
-1096
-1559
-1969
-1958
-1329
-1091
-1401
-1855
-1856
-1551
-1706
-1364
-1242
-1466
-2144
-2828
-1996
-1121
-1080
-2563
-3621
-3145
-1728
-1026
-2241
-3738
-3964
-2529
-1286
-1612
-2914
-3499
-2376
-909
-475
-996
-1533
-1002
148
607
594
318
622
1301
1492
1484
1906
2549
2943
3174
2988
3411
3620
3157
3602
4175
3731
2918
2438
3316
4173
3526
2589
2107
2043
2279
2589
2039
715
-69
184
669
265
-415
-794
-927
-1042
-806
-696
-992
-1274
-1348
-1238
-1212
-1132
-1039
-1234
-1888
-2088
-1855
-1340
-1406
-2135
-2941
-3083
-2270
-1690
-2130
-3356
-3872
-3149
-2180
-2029
-2784
-3484
-3175
-1986
-1147
-1433
-1982
-1716
-934
-148
-31
-317
-11
419
790
1020
1112
1487
2205
2542
2379
2828
3031
2803
2741
3482
3860
2906
2189
2614
3919
3546
2666
2388
2152
2218
2462
2376
1642
483
385
998
799
59
-391
-333
-611
-412
-291
-348
-770
-926
-580
-610
-719
-751
-634
-1119
-1366
-1290
-1258
-1235
-1466
-1926
-2597
-2574
-1742
-1570
-2618
-3672
-3384
-2301
-1962
-2629
-3306
-3274
-2509
-1603
-1572
-2044
-1937
-1432
-738
-348
-402
-327
143
327
405
1183
1409
1538
1837
1933
2502
3064
2558
2198
2272
3490
3781
2514
1767
2646
3522
3261
2650
1927
1966
2149
2388
2202
1065
253
639
1007
444
-260
-370
-320
-382
-425
-468
-501
-677
-585
-512
-732
-838
-614
-548
-1067
-1297
-1093
-770
-1304
-1855
-1878
-1670
-1721
-2002
-2186
-2487
-2586
-2452
-2250
-2401
-2746
-2727
-2390
-2090
-2099
-1806
-1555
-1620
-1361
-811
-456
-357
-210
-83
380
708
1184
1189
1539
1726
2310
2733
2464
2139
2093
3039
3649
3069
1920
1832
3028
3744
2967
2000
1578
1865
2455
2490
1484
449
302
742
924
210
-284
-464
-522
-459
-364
-464
-723
-862
-814
-804
-846
-919
-847
-953
-1299
-1482
-1332
-1047
-1476
-1967
-2108
-1815
-1760
-2010
-2346
-2540
-2356
-2100
-2053
-2388
-2675
-2320
-1815
-1603
-1796
-1819
-1587
-1191
-687
-433
-599
-743
-137
608
750
495
893
1271
1876
1939
1835
2649
2806
2069
2046
3265
3854
2860
1905
2334
3425
3601
2876
2325
1855
1975
2556
2586
1347
339
554
868
735
65
-245
-367
-721
-585
-298
-397
-835
-1016
-867
-810
-754
-724
-804
-1292
-1400
-1328
-1289
-1301
-1421
-1935
-2519
-2252
-1749
-1737
-2502
-2945
-2568
-2057
-2022
-2442
-2662
-2472
-1859
-1464
-1782
-2063
-1464
-783
-735
-943
-551
-317
42
129
436
993
926
1014
1295
1993
2426
2645
1802
1806
2538
3498
3552
2111
1793
2968
4028
3639
2640
2194
2509
2813
2902
2256
1322
715
1187
1233
556
45
-66
-125
-547
-474
-462
-421
-797
-1043
-1054
-926
-677
-720
-1067
-1694
-1544
-1158
-1154
-1618
-1959
-2132
-2177
-2222
-2131
-2137
-2543
-2888
-2706
-2358
-2290
-2391
-2620
-2564
-2318
-1903
-1606
-1597
-1714
-1399
-798
-623
-544
-529
-123
160
543
760
656
1078
1531
1873
2008
2391
2160
1899
2238
3058
3526
2550
1777
2651
3873
3958
2856
2343
2686
2922
3125
2541
1578
929
1232
1466
1020
158
-152
82
-123
-376
-441
-530
-734
-973
-966
-912
-852
-951
-1183
-1490
-1415
-1128
-1385
-1703
-1788
-1791
-2172
-2399
-2050
-1934
-2483
-3007
-2722
-2180
-2189
-2440
-2726
-2635
-2209
-1753
-1602
-1809
-1870
-1413
-670
-511
-620
-472
-288
259
970
857
657
819
1730
2242
1950
1961
2279
2231
2224
2747
3356
2860
2015
2479
3725
3797
2869
2497
2568
2843
2719
2327
1698
1092
1076
1100
744
256
132
83
-304
-723
-410
-268
-593
-1112
-1097
-868
-738
-915
-1119
-1431
-1551
-1210
-1254
-1470
-1930
-1994
-2075
-2148
-2069
-2093
-2468
-2843
-2554
-2070
-2116
-2526
-2728
-2400
-1933
-1752
-1667
-1937
-1804
-1127
-619
-690
-858
-586
-239
365
494
643
452
861
1452
1879
1881
2015
2049
1865
2291
2865
3249
2521
2065
2631
3541
3656
3033
2504
2583
2672
2893
2599
1705
1031
1049
1275
863
322
64
13
-354
-468
-315
-407
-628
-949
-957
-825
-754
-817
-1077
-1505
-1508
-1158
-977
-1617
-2234
-2067
-1609
-1821
-2568
-2717
-2423
-2287
-2451
-2610
-2650
-2555
-2283
-2186
-2302
-2204
-1885
-1611
-1539
-1445
-1054
-592
-401
-706
-406
347
822
864
562
748
1435
2336
2197
2062
1845
2022
2608
3273
3315
2375
2007
3005
3976
3755
2877
2580
2856
3080
3032
2423
1812
1358
1393
1264
842
452
218
94
-386
-503
-316
-286
-603
-1067
-1069
-873
-698
-916
-1229
-1649
-1680
-1149
-1035
-1642
-2603
-2515
-1735
-1563
-2457
-3259
-2911
-2220
-2060
-2581
-3180
-3084
-2391
-1852
-2132
-2642
-2507
-1771
-1059
-1177
-1481
-1253
-443
-63
-275
-141
411
1028
932
768
1236
2062
2461
2285
1939
1751
2638
3443
3329
2289
1936
2910
3859
3685
2668
2515
2854
2852
2786
2492
1983
1250
987
1241
1092
498
150
-15
-305
-418
-122
-257
-665
-1047
-868
-632
-699
-918
-1221
-1312
-1466
-1183
-1106
-1549
-2235
-2431
-1875
-1679
-2130
-2966
-3079
-2480
-1881
-2097
-3015
-3215
-2464
-1723
-1764
-2384
-2528
-2016
-1283
-933
-987
-1132
-898
-423
1
408
546
324
432
1138
1884
1946
1812
2062
2331
2266
2431
3087
3333
2467
2110
2772
3615
3541
2714
2513
2525
2513
2714
2576
1760
824
817
1291
1151
420
-101
-241
-224
-96
-28
-346
-690
-774
-534
-464
-599
-766
-917
-1082
-1209
-993
-970
-1389
-1900
-2301
-2003
-1627
-1833
-2726
-3237
-2643
-1794
-1898
-2933
-3391
-2715
-1831
-1665
-2342
-2796
-2291
-1231
-758
-1251
-1429
-931
-169
76
65
268
544
912
1050
1291
1851
2139
2430
1919
1724
2315
3478
3308
1976
1764
2873
3815
3275
2417
2211
2339
2584
2577
2140
1401
777
871
1029
838
269
-90
-241
-387
-154
-77
-315
-629
-755
-577
-439
-427
-605
-868
-1157
-1139
-824
-911
-1279
-2062
-2173
-1653
-1349
-1910
-2881
-2912
-2117
-1631
-2205
-2984
-3019
-2318
-1649
-1758
-2430
-2605
-1773
-954
-983
-1195
-1143
-671
-250
90
438
564
459
847
1453
1897
1924
2055
2563
2233
1948
2452
3668
3234
1973
1865
3105
3822
3018
2242
2070
2207
2414
2384
1627
707
487
855
776
194
-262
-266
-419
-623
-437
-352
-595
-958
-859
-657
-649
-672
-808
-990
-1276
-1165
-821
-984
-1532
-2060
-2014
-1581
-1375
-1943
-2727
-2680
-1912
-1441
-2071
-2837
-2683
-1988
-1510
-1719
-2244
-2307
-1627
-877
-652
-960
-1050
-755
-46
567
720
515
501
1224
1822
2158
2122
2678
2342
1974
2278
3575
3941
2523
1673
2438
3748
3552
2662
2081
1838
2001
2460
2209
1081
104
301
703
474
-127
-426
-530
-798
-552
-396
-521
-924
-1080
-936
-825
-593
-586
-939
-1462
-1433
-861
-780
-1287
-2092
-2389
-1835
-1286
-1464
-2641
-3094
-2332
-1360
-1638
-2727
-3065
-2431
-1621
-1516
-2093
-2561
-2021
-987
-650
-956
-1153
-783
-141
288
550
533
662
943
1502
2238
2354
2449
2386
2365
2536
3044
3879
3376
2253
2129
3230
3927
3353
2467
1842
1955
2390
2522
1806
518
-29
457
830
337
-366
-620
-752
-576
-372
-365
-735
-1152
-1013
-813
-601
-603
-785
-1238
-1441
-1190
-801
-989
-1630
-2234
-2263
-1695
-1334
-1811
-2875
-3041
-2199
-1442
-1887
-2835
-3143
-2429
-1572
-1588
-2204
-2547
-1871
-938
-565
-853
-1130
-527
113
430
730
812
846
1268
1985
2456
2641
2423
2188
2443
3231
3991
3335
2172
2256
3406
3833
3104
2380
1990
1974
2349
2381
1586
486
241
529
424
57
-207
-419
-827
-937
-524
-240
-621
-1166
-1153
-870
-578
-462
-692
-1304
-1506
-1122
-639
-908
-1566
-2165
-2166
-1564
-1209
-1681
-2777
-3026
-2137
-1283
-1740
-2665
-2983
-2373
-1563
-1420
-2047
-2476
-1962
-930
-595
-888
-973
-724
6
321
806
665
815
1256
2041
2331
2583
2432
1879
2159
3318
4171
3023
1608
2002
3553
3726
2737
1771
1573
1778
2206
2178
1079
22
39
596
348
-110
-306
-452
-862
-844
-369
-178
-491
-971
-975
-734
-340
-174
-423
-1133
-1323
-784
-190
-582
-1518
-1782
-1440
-1059
-1243
-1709
-2112
-2019
-1709
-1710
-1931
-2057
-1926
-1916
-1996
-1882
-1611
-1359
-1355
-1286
-1027
-634
-311
-379
-297
230
691
996
810
1306
1826
2457
2659
1827
1461
2192
3898
3527
1762
1195
2429
3440
2998
2066
1237
1034
1563
2058
1518
39
-537
14
280
-63
-550
-674
-959
-993
-657
-450
-563
-822
-764
-848
-707
-327
-74
-513
-1071
-1005
-520
-178
-433
-1027
-1856
-1759
-832
-385
-1375
-2531
-2379
-1377
-865
-1347
-2114
-2392
-1942
-1102
-903
-1438
-1826
-1393
-683
-317
-402
-533
-301
116
592
851
1039
1100
1656
2035
2650
2372
1702
1721
2949
3723
2621
1427
1539
2777
3147
2380
1355
761
953
1568
1535
433
-619
-565
-88
-89
-487
-835
-1013
-1196
-967
-716
-598
-728
-861
-868
-815
-464
-183
-179
-696
-906
-635
-225
-208
-542
-1009
-1581
-1375
-688
-500
-1383
-2257
-2043
-1223
-876
-1307
-1938
-2186
-1735
-977
-793
-1300
-1573
-1181
-373
-163
-198
-183
54
542
868
1200
1193
1687
2077
2589
2655
1922
1660
2416
3905
3456
1616
896
2015
3351
2972
1631
327
207
1098
1766
1064
-756
-1429
-704
-25
-303
-946
-1326
-1606
-1398
-884
-651
-800
-987
-927
-931
-713
-240
27
-302
-810
-812
-305
104
-264
-719
-1193
-1228
-975
-746
-925
-1577
-1915
-1735
-1265
-1199
-1485
-1768
-1844
-1583
-1194
-1031
-1145
-1131
-856
-472
-354
-147
170
547
740
865
1111
1626
2207
2706
2802
2019
1465
2050
3841
3992
2282
898
1248
2604
3141
2446
1027
-269
-290
1166
1614
182
-1402
-1694
-999
-416
-356
-755
-1601
-1995
-1362
-604
-464
-752
-929
-1022
-864
-334
234
164
-363
-633
-457
0
315
-57
-685
-1171
-1085
-643
-570
-852
-1446
-1697
-1581
-1226
-1023
-1344
-1742
-1937
-1547
-1111
-900
-1026
-1210
-806
-508
-90
-28
365
625
829
1066
1199
1941
2491
3156
2696
1490
1285
2717
4412
3395
1373
506
1479
2705
2888
2024
121
-863
-135
1228
1067
-487
-1580
-1709
-1132
-501
-271
-882
-1743
-1714
-1060
-505
-403
-519
-660
-765
-539
-58
283
214
-37
-179
-182
-37
256
17
-601
-950
-751
-637
-941
-1175
-1284
-1333
-1452
-1500
-1538
-1614
-1579
-1505
-1466
-1514
-1359
-1033
-784
-563
-446
-330
-277
248
706
1015
988
1027
1634
2135
2543
2242
1428
1033
1992
3170
2765
1226
248
897
1802
2030
1523
365
-453
-210
603
678
-138
-935
-1124
-882
-491
-166
-354
-858
-919
-484
-121
-64
-105
-76
65
316
513
472
321
368
621
621
347
135
108
-102
-450
-515
-398
-586
-1077
-1411
-1381
-1116
-1097
-1345
-1749
-1885
-1574
-1270
-1253
-1506
-1522
-1357
-1158
-986
-853
-866
-891
-639
-327
-13
37
83
134
427
711
921
939
687
711
957
1374
1463
1255
1109
1222
1400
1527
1643
1596
1339
1114
1110
1161
1117
1035
939
840
763
734
738
651
594
674
752
689
618
660
758
797
774
708
590
563
587
519
172
-228
-319
-212
-325
-818
-1314
-1522
-1414
-1244
-1405
-1865
-2257
-2227
-2012
-1942
-2152
-2409
-2424
-2337
-2287
-2223
-2116
-2116
-2073
-1910
-1695
-1475
-1269
-1090
-936
-748
-594
-401
-50
282
469
514
610
859
1238
1435
1357
1360
1618
1980
2226
2305
2249
2215
2340
2541
2655
2558
2387
2247
2206
2158
2023
1853
1633
1499
1392
1340
1248
1133
1004
871
757
637
606
559
445
248
-11
-184
-238
-312
-607
-1052
-1393
-1525
-1520
-1596
-1891
-2319
-2487
-2379
-2255
-2353
-2578
-2692
-2636
-2534
-2495
-2502
-2513
-2455
-2284
-2169
-2081
-1846
-1607
-1505
-1520
-1340
-1054
-748
-553
-488
-479
-350
31
412
603
639
760
1032
1378
1683
1832
1829
1891
2129
2463
2661
2661
2600
2693
2847
2854
2777
2669
2575
2490
2417
2304
2106
1899
1696
1578
1479
1323
1082
886
789
671
498
270
85
-51
-174
-374
-596
-843
-1019
-1128
-1261
-1519
-1766
-1828
-1847
-1952
-2134
-2188
-2188
-2176
-2265
-2359
-2336
-2211
-2149
-2227
-2255
-2096
-1899
-1882
-1949
-1954
-1831
-1619
-1443
-1402
-1411
-1315
-1012
-656
-440
-412
-370
-118
259
575
690
723
891
1245
1591
1767
1821
1846
2009
2266
2417
2394
2293
2326
2485
2614
2583
2457
2328
2253
2264
2250
2142
1929
1697
1523
1427
1303
1103
828
595
452
347
207
-40
-301
-445
-528
-731
-948
-1073
-1162
-1261
-1372
-1474
-1568
-1627
-1703
-1802
-1843
-1824
-1840
-1942
-2035
-1976
-1818
-1775
-1882
-1943
-1874
-1737
-1645
-1656
-1685
-1611
-1436
-1268
-1184
-1187
-1148
-939
-622
-401
-356
-296
-95
216
512
716
762
824
1077
1402
1609
1593
1576
1668
1860
2049
2103
2030
1959
2016
2122
2178
2047
1875
1831
1845
1821
1744
1610
1426
1271
1163
1071
906
718
539
357
174
29
-76
-228
-416
-557
-597
-659
-781
-911
-1054
-1165
-1195
-1196
-1232
-1299
-1357
-1401
-1429
-1415
-1392
-1445
-1516
-1570
-1539
-1486
-1455
-1450
-1446
-1375
-1236
-1156
-1168
-1041
-888
-796
-707
-611
-435
-218
-30
10
17
110
334
544
611
663
694
794
946
1104
1129
1106
1110
829
411
488
1410
2148
1731
790
732
1600
2185
1704
964
926
1132
973
421
31
312
680
565
245
71
145
169
31
-74
-44
-61
-194
-390
-511
-471
-433
-475
-592
-682
-702
-690
-808
-983
-1083
-1186
-1131
-982
-811
-815
-1001
-1015
-895
-810
-743
-674
-647
-612
-603
-497
-297
-167
-39
-3
27
155
330
359
285
287
331
432
454
540
573
446
347
409
533
562
481
364
251
197
243
-115
-417
177
929
945
175
-361
145
840
716
104
-91
221
435
120
-167
73
535
607
305
88
236
420
343
112
4
132
198
91
-133
-186
-80
-81
-188
-342
-388
-377
-579
-760
-772
-724
-613
-524
-520
-566
-514
-348
-193
-107
-95
-29
63
186
426
163
-677
-1074
-350
672
865
28
-550
-71
868
1037
565
241
211
552
62
-492
-635
-665
-778
-1087
-1135
-890
-695
-553
-436
-363
293
697
700
756
1060
1143
739
435
458
1259
1322
1086
894
393
707
656
862
1139
842
128
-335
-450
171
622
16
-682
-693
-187
98
-301
-949
-971
-729
-543
-765
-883
-879
-833
-905
-835
-445
-131
-294
-570
-549
-185
219
167
-193
-370
101
482
511
184
-184
71
346
190
-115
-458
-222
104
44
-409
-619
-515
-231
-226
-1077
-973
-311
60
-448
-1359
-550
641
786
130
-160
849
1619
1100
287
714
1300
1364
508
484
1529
1588
1143
1157
1290
1591
1321
1153
1376
856
-311
-649
302
1132
658
-761
-1227
-728
-240
-419
-855
-1086
-1013
-1056
-1297
-1414
-1258
-1071
-1058
-891
-536
-166
-215
-545
-712
-394
274
591
432
6
-137
104
328
238
88
-35
-141
-374
-772
-1111
-1213
-965
-705
-939
-1457
-1656
-1384
-967
-752
-722
-633
-436
-398
-522
-297
223
484
527
864
1290
1494
1437
1139
1218
1471
2112
2588
2234
1550
1360
1827
2569
2714
2460
2632
2178
621
-759
-264
1343
1586
39
-1333
-1416
-937
-885
-1312
-1387
-1068
-982
-1373
-1760
-1724
-1498
-1446
-1302
-595
317
647
177
-458
-489
171
903
1184
931
503
190
-8
-222
-457
-650
-735
-858
-1315
-2131
-2774
-2777
-2461
-2458
-2778
-2808
-2333
-1736
-1655
-2006
-2017
-1210
-87
528
497
288
432
845
1316
1814
2335
2734
2638
2170
1984
2420
3002
3160
2904
2846
3189
3391
3274
3235
2926
1592
-94
-496
707
1580
687
-1189
-2354
-2167
-1424
-1054
-1235
-1483
-1528
-1648
-1784
-1550
-998
-737
-914
-833
97
1292
1656
994
167
260
1134
1854
1718
1035
478
269
59
-344
-843
-1321
-1721
-2395
-3199
-3673
-3601
-3557
-3990
-4401
-4118
-3312
-2653
-2456
-2407
-1937
-1108
-392
127
512
889
1238
1525
1786
2249
2877
3175
3025
2789
2893
3127
3082
2850
2827
3004
3161
3102
3040
3001
2368
625
-1236
-1428
-7
861
-98
-1798
-2693
-2464
-1957
-1742
-1607
-1134
-689
-711
-908
-640
-162
-128
-402
-33
1382
2893
3175
2173
1114
969
1502
1824
1715
1520
1387
973
119
-819
-1495
-1985
-2677
-3430
-3805
-3595
-3392
-3851
-4697
-5078
-4565
-3618
-2755
-2218
-1686
-1103
-638
-287
96
594
988
1260
1713
2350
2884
2899
2443
1922
1854
2220
2578
2583
2399
2316
2314
2342
2369
2534
2220
880
-1049
-1765
-843
138
-267
-1583
-2456
-2280
-1695
-1499
-1488
-1229
-839
-640
-456
92
756
787
217
103
1194
2865
3730
3298
2462
2121
2167
2069
1819
1664
1611
1360
881
317
-232
-1026
-2111
-3250
-3997
-4229
-4067
-3793
-3858
-4228
-4526
-4292
-3539
-2602
-1970
-1614
-1080
-211
557
786
636
531
712
1197
1820
2456
2828
2594
1899
1344
1280
1491
1614
1588
1697
2128
2540
2793
2617
1676
-275
-2084
-2106
-732
119
-614
-1774
-2175
-1864
-1590
-1529
-1398
-982
-588
-435
-6
859
1321
784
92
397
1764
3118
3506
3146
2798
2668
2370
1905
1600
1391
989
471
205
278
122
-829
-2288
-3396
-3822
-3990
-4180
-4245
-4036
-3761
-3601
-3441
-3111
-2494
-1821
-1321
-765
112
993
1314
1132
849
909
1236
1611
1883
2106
2124
1852
1557
1487
1443
1209
1026
1127
1704
2189
2554
2527
1769
-32
-1736
-1932
-1135
-757
-1301
-1680
-1534
-1113
-1021
-1105
-1048
-846
-832
-777
-81
954
1421
1005
607
963
1855
2522
2603
2469
2461
2419
2112
1829
1656
1232
489
-153
-333
-273
-520
-1280
-2195
-2785
-3229
-3853
-4531
-4604
-4082
-3490
-3148
-2774
-2079
-1383
-950
-728
-292
389
1002
1254
1353
1497
1568
1505
1451
1595
1755
1689
1416
1243
1289
1302
1096
975
1111
1463
1754
2145
2329
1677
62
-1356
-1452
-978
-1001
-1569
-1755
-1535
-1199
-1036
-787
-529
-532
-801
-657
191
1070
1167
729
661
1268
2067
2466
2503
2414
2209
1833
1555
1509
1368
812
101
-300
-385
-575
-1192
-2027
-2626
-2972
-3259
-3604
-3973
-4189
-4145
-3730
-3084
-2406
-1873
-1410
-842
-143
487
879
1087
1229
1307
1336
1377
1339
1313
1325
1415
1398
1300
1107
898
808
767
833
1045
1502
1933
2439
2604
1942
388
-877
-1041
-770
-861
-1272
-1284
-1034
-794
-668
-322
-14
-91
-435
-281
473
1211
1282
987
998
1474
2099
2481
2599
2418
2025
1558
1312
1242
927
213
-411
-580
-568
-827
-1455
-2231
-2933
-3418
-3706
-3786
-3907
-4148
-4264
-3851
-3029
-2394
-2050
-1625
-839
-12
615
994
1253
1318
1177
981
1006
1099
984
834
972
1173
1145
822
589
389
368
505
756
1272
1769
2451
2779
2511
1214
-188
-588
-482
-669
-1191
-1196
-822
-508
-265
122
510
548
173
100
572
1097
1043
800
954
1462
2020
2461
2753
2677
2264
1679
1316
1134
716
-79
-679
-747
-732
-962
-1356
-1883
-2607
-3323
-3716
-3864
-4026
-4387
-4490
-4014
-3076
-2439
-2057
-1479
-663
27
518
1059
1489
1604
1363
1087
1060
1088
845
655
832
1081
947
667
540
515
437
410
525
948
1432
2000
2510
2473
1484
181
-244
-302
-693
-1329
-1427
-1138
-866
-614
-160
335
497
256
242
674
1001
843
606
794
1178
1657
2195
2697
2779
2376
1739
1311
1047
480
-373
-901
-971
-1024
-1149
-1218
-1436
-2008
-2784
-3306
-3619
-3966
-4357
-4271
-3535
-2717
-2052
-1362
-466
272
658
903
1273
1613
1585
1309
1199
1134
866
567
608
889
949
723
410
344
294
151
125
387
818
1262
1968
2710
2706
1706
496
-24
-324
-941
-1580
-1676
-1420
-1281
-974
-284
383
447
188
280
670
759
475
231
378
692
1177
1825
2453
2608
2269
1824
1587
1212
416
-524
-1102
-1330
-1449
-1462
-1383
-1463
-1854
-2296
-2501
-2715
-3219
-3737
-3882
-3528
-2968
-2252
-1435
-576
71
591
1161
1726
1865
1570
1215
1113
1011
700
366
304
453
584
597
599
575
507
386
446
656
932
1369
2030
2820
3055
2562
1505
770
232
-442
-1270
-1625
-1640
-1584
-1381
-761
-129
110
24
43
345
502
348
31
-7
130
525
1137
1809
2124
2138
2027
1895
1530
839
-76
-847
-1353
-1667
-1784
-1704
-1673
-1832
-2012
-2165
-2457
-2924
-3383
-3709
-3744
-3452
-2791
-1902
-969
-227
464
1266
1931
2098
1827
1494
1231
910
522
206
120
290
521
748
907
1044
1058
1025
996
983
1051
1331
1856
2624
3180
2979
2152
1396
923
129
-819
-1563
-1835
-1980
-1857
-1348
-583
-115
-34
25
386
632
487
164
-46
-72
69
566
1151
1611
1805
1916
1929
1756
1142
251
-651
-1362
-1941
-2228
-2221
-2151
-2157
-2129
-2052
-2108
-2437
-2867
-3231
-3447
-3442
-3112
-2397
-1580
-797
27
1015
1857
2220
2163
1928
1582
1099
524
72
-134
-73
145
476
816
1090
1292
1445
1460
1411
1357
1477
1773
2294
2811
2785
2216
1523
1195
616
-295
-1238
-1675
-1979
-2064
-1745
-983
-419
-164
67
521
901
811
491
244
216
186
410
848
1348
1590
1761
1900
1929
1508
727
-189
-985
-1679
-2186
-2440
-2545
-2567
-2497
-2308
-2194
-2299
-2614
-2997
-3259
-3284
-3053
-2634
-2047
-1301
-384
662
1595
2122
2199
2023
1727
1286
714
114
-291
-364
-151
161
524
903
1248
1527
1744
1839
1755
1716
1758
2104
2372
2238
1615
1176
1017
636
-118
-786
-1244
-1653
-1842
-1529
-913
-472
-193
157
753
1150
1187
1015
876
673
527
682
1065
1291
1351
1459
1637
1662
1335
727
8
-716
-1445
-2047
-2407
-2701
-2933
-2944
-2729
-2544
-2503
-2523
-2576
-2639
-2676
-2608
-2349
-1928
-1419
-720
165
999
1524
1810
1900
1795
1419
875
351
-29
-237
-297
-194
-2
261
673
1126
1496
1718
1831
1949
2080
2411
2470
2008
1267
813
645
211
-416
-965
-1322
-1598
-1597
-1183
-588
-270
-49
315
911
1217
1204
1071
907
731
736
1072
1403
1528
1564
1681
1748
1636
1191
581
-112
-790
-1402
-1854
-2223
-2628
-2882
-2881
-2763
-2713
-2679
-2641
-2615
-2626
-2546
-2366
-2048
-1661
-1151
-453
309
980
1464
1810
1917
1791
1446
1006
532
158
-85
-145
-180
-126
110
581
1019
1317
1551
1785
1956
2098
2374
2209
1499
634
369
160
-354
-1004
-1323
-1493
-1600
-1434
-848
-274
-37
201
721
1293
1387
1263
1119
977
741
802
1155
1449
1459
1491
1649
1709
1405
856
210
-472
-1134
-1669
-2041
-2398
-2738
-2902
-2763
-2604
-2610
-2645
-2609
-2607
-2580
-2360
-2032
-1678
-1239
-590
187
939
1492
1866
2085
2072
1828
1439
937
418
35
-91
-145
-181
-76
291
748
1125
1389
1643
1846
2000
2230
2128
1547
683
238
-33
-480
-1058
-1400
-1598
-1702
-1543
-995
-441
-79
260
756
1286
1477
1451
1288
1074
750
663
854
1095
1152
1241
1407
1512
1297
847
253
-450
-1187
-1837
-2278
-2653
-2963
-3072
-2924
-2712
-2558
-2439
-2268
-2122
-2015
-1933
-1745
-1426
-1021
-526
50
642
1177
1663
2008
2117
1997
1735
1303
837
437
210
5
-195
-243
-8
414
819
1193
1529
1916
2180
2513
2552
2036
1100
422
112
-394
-1080
-1577
-1770
-1916
-1805
-1309
-631
-226
108
649
1331
1618
1570
1458
1293
954
691
767
941
979
1017
1262
1495
1440
1085
592
-61
-860
-1631
-2250
-2777
-3277
-3510
-3401
-3125
-2885
-2736
-2476
-2196
-1996
-1916
-1770
-1482
-1115
-657
-27
601
1161
1619
2014
2246
2234
1989
1571
1135
749
447
202
0
-109
-2
299
733
1100
1512
1829
2132
2476
2466
1850
940
369
-53
-733
-1372
-1697
-1882
-1995
-1784
-1128
-509
-109
299
958
1611
1822
1741
1666
1466
1111
863
892
891
797
888
1133
1260
1138
853
431
-195
-938
-1653
-2280
-2899
-3426
-3647
-3530
-3275
-3019
-2750
-2418
-2088
-1780
-1531
-1386
-1261
-1008
-549
-24
471
922
1401
1793
2035
2074
1918
1584
1232
936
681
368
65
-26
103
329
657
1057
1554
1969
2373
2641
2359
1598
745
337
-287
-1180
-1915
-2122
-2266
-2289
-1909
-1154
-544
-23
611
1412
1989
2112
2058
1888
1593
1222
1128
1114
968
855
1064
1319
1331
1097
795
322
-332
-1063
-1750
-2423
-3135
-3620
-3762
-3682
-3497
-3123
-2706
-2363
-1985
-1516
-1126
-979
-895
-653
-224
182
573
973
1424
1743
1938
2013
1898
1565
1237
1001
689
319
98
118
263
474
778
1207
1681
2140
2488
2290
1549
667
178
-395
-1284
-2072
-2402
-2537
-2527
-2110
-1394
-761
-198
534
1322
1922
2143
2211
2084
1736
1351
1265
1287
1154
1062
1248
1478
1501
1276
940
494
-142
-836
-1487
-2150
-2896
-3434
-3607
-3619
-3589
-3360
-2893
-2363
-1883
-1429
-994
-711
-542
-385
-159
16
192
491
864
1202
1441
1636
1716
1667
1543
1428
1215
864
463
287
285
360
544
805
1201
1671
2193
2182
1612
889
394
-263
-1144
-1945
-2458
-2860
-2983
-2567
-1816
-1134
-561
217
1092
1806
2116
2224
2156
1877
1546
1435
1360
1184
1110
1316
1506
1533
1459
1245
802
199
-428
-1114
-1888
-2659
-3236
-3549
-3670
-3626
-3374
-3065
-2732
-2252
-1605
-1088
-790
-535
-202
151
402
558
702
882
1058
1300
1498
1556
1487
1527
1569
1412
1194
1036
990
923
956
1158
1410
1629
1892
1767
1232
564
194
-330
-1235
-2075
-2592
-2865
-2994
-2689
-2074
-1391
-747
83
995
1658
1876
2023
1988
1641
1209
1072
1081
928
877
1083
1384
1500
1449
1308
945
347
-303
-933
-1633
-2409
-2986
-3234
-3311
-3279
-3079
-2678
-2235
-1828
-1399
-1006
-737
-517
-291
-119
-36
67
258
490
696
857
1087
1308
1466
1610
1712
1675
1512
1453
1436
1415
1355
1411
1563
1812
1970
1735
1135
487
44
-512
-1298
-2064
-2529
-2880
-3039
-2807
-2226
-1597
-936
-67
874
1610
2010
2167
2032
1686
1310
1074
807
516
462
740
997
1143
1223
1207
949
478
-33
-617
-1369
-2191
-2766
-3097
-3271
-3311
-3068
-2651
-2206
-1705
-1106
-584
-325
-183
14
113
91
109
206
306
413
651
922
1113
1236
1412
1636
1725
1684
1676
1735
1716
1699
1793
1955
2014
1738
1169
528
9
-641
-1411
-2085
-2618
-3027
-3112
-2766
-2220
-1636
-956
-111
819
1606
2070
2325
2308
2031
1645
1332
970
586
383
361
415
512
651
699
573
282
-58
-522
-1125
-1752
-2205
-2568
-2875
-2909
-2744
-2472
-2074
-1550
-1048
-604
-193
82
246
302
222
119
52
-4
18
152
309
435
721
1031
1238
1348
1500
1653
1793
1857
1952
2050
2236
2176
1680
958
392
-53
-790
-1617
-2290
-2753
-3069
-3019
-2644
-2143
-1570
-731
243
1142
1762
2183
2406
2318
2037
1744
1491
1060
664
516
522
478
446
436
336
69
-212
-521
-949
-1513
-2008
-2266
-2428
-2522
-2443
-2183
-1811
-1338
-782
-308
-16
216
459
632
569
357
159
18
-129
-244
-276
-216
-48
246
579
864
1085
1368
1654
1805
1947
2108
2317
2315
1903
1226
609
165
-504
-1328
-1942
-2346
-2655
-2729
-2474
-2071
-1642
-1064
-315
467
1108
1571
1927
2051
1939
1748
1570
1293
974
805
732
633
528
437
259
-88
-497
-841
-1201
-1666
-2093
-2285
-2351
-2362
-2246
-1945
-1570
-1138
-600
-35
389
656
917
1056
966
734
560
388
177
-12
-67
-71
-49
52
227
441
600
857
1139
1423
1618
1841
2115
2065
1538
796
244
-251
-974
-1671
-2143
-2467
-2655
-2478
-2024
-1592
-1122
-430
370
1005
1396
1665
1782
1632
1369
1204
1101
853
662
657
672
628
556
450
185
-175
-515
-871
-1298
-1829
-2239
-2393
-2451
-2435
-2203
-1750
-1293
-753
-94
459
848
1182
1441
1526
1455
1279
1038
797
563
342
188
72
26
128
362
521
652
864
1098
1274
1380
1541
1389
832
217
-152
-551
-1206
-1787
-2174
-2476
-2623
-2432
-1967
-1503
-1020
-303
518
1147
1482
1727
1818
1605
1313
1134
965
644
399
366
376
344
309
245
76
-185
-437
-750
-1176
-1634
-1937
-2070
-2210
-2183
-1893
-1468
-1069
-588
-3
496
865
1186
1412
1495
1436
1321
1181
1006
834
696
666
640
582
612
697
807
900
1043
1148
1205
1323
1301
879
186
-403
-813
-1369
-2000
-2426
-2639
-2743
-2639
-2171
-1644
-1189
-622
131
749
1111
1382
1571
1503
1275
1087
923
657
367
272
277
251
178
130
-20
-302
-592
-831
-1162
-1577
-1835
-1810
-1722
-1619
-1390
-1024
-669
-298
132
506
725
873
1054
1187
1185
1103
1052
968
894
901
983
968
926
1025
1131
1199
1228
1351
1459
1567
1648
1454
872
118
-525
-1103
-1760
-2350
-2742
-2919
-2900
-2572
-1954
-1360
-835
-271
374
884
1163
1274
1240
1034
755
536
377
134
-53
-55
9
19
-35
-121
-384
-751
-1086
-1358
-1687
-1980
-2006
-1758
-1445
-1119
-690
-172
285
665
977
1155
1163
1078
974
855
678
537
536
625
786
1006
1283
1438
1518
1611
1644
1616
1511
1454
1395
1452
1387
1027
477
-21
-420
-962
-1552
-2102
-2496
-2770
-2785
-2524
-2073
-1533
-881
-69
725
1305
1617
1713
1519
1136
701
292
-152
-538
-736
-809
-821
-815
-812
-939
-1182
-1429
-1645
-1910
-2234
-2441
-2336
-2022
-1553
-955
-268
396
1047
1626
1973
2017
1857
1656
1387
1041
690
515
514
645
850
1110
1424
1685
1922
2040
2079
2013
1935
1869
1536
891
165
-301
-644
-1091
-1505
-1781
-1960
-2066
-1929
-1567
-1216
-870
-410
167
634
938
1136
1155
940
649
446
284
59
-183
-347
-474
-636
-872
-1121
-1492
-1935
-2274
-2496
-2727
-2960
-2975
-2742
-2338
-1793
-1109
-375
307
920
1466
1805
1878
1809
1698
1486
1191
995
965
990
1023
1155
1377
1596
1715
1852
1973
2022
1951
1924
1798
1303
601
27
-347
-836
-1305
-1604
-1745
-1826
-1675
-1276
-853
-467
3
551
998
1264
1378
1341
1090
715
397
160
-120
-387
-500
-580
-749
-946
-1107
-1338
-1651
-1918
-2095
-2313
-2561
-2630
-2472
-2236
-1985
-1571
-1081
-571
-73
384
698
876
977
1058
1052
981
961
1061
1177
1297
1490
1724
1896
2008
2161
2236
2247
2181
2154
1867
1226
415
-207
-702
-1273
-1719
-1936
-1992
-1952
-1643
-1122
-576
-88
435
1004
1431
1645
1741
1660
1359
1009
721
379
-28
-350
-597
-808
-1094
-1394
-1636
-1877
-2196
-2403
-2424
-2432
-2372
-2081
-1628
-1239
-824
-359
74
390
594
696
715
640
488
348
263
168
184
283
415
526
773
1034
1250
1500
1735
1970
2136
2368
2276
1881
1300
853
353
-277
-879
-1347
-1662
-1870
-1753
-1451
-1023
-600
-37
534
1043
1355
1515
1501
1270
959
730
505
188
-68
-251
-424
-654
-884
-1244
-1676
-2079
-2354
-2549
-2637
-2573
-2249
-1732
-1180
-598
35
596
936
1145
1212
1113
894
721
565
446
366
417
519
659
754
821
817
759
691
621
572
563
476
248
60
54
118
86
-3
-117
-195
-252
-213
-130
-45
98
349
673
888
1053
1108
1030
809
552
263
-63
-378
-653
-872
-1029
-1189
-1322
-1478
-1624
-1729
-1679
-1594
-1515
-1399
-1173
-853
-471
-92
202
448
652
832
909
877
779
756
757
746
729
795
906
1027
1146
1207
1233
1172
1112
984
825
463
-137
-749
-1182
-1457
-1715
-1818
-1728
-1519
-1225
-797
-293
136
508
865
1198
1441
1574
1629
1526
1242
875
603
312
-84
-451
-667
-851
-1103
-1381
-1615
-1812
-1935
-1971
-1940
-1850
-1622
-1223
-769
-352
15
409
739
973
1120
1184
1181
1149
1134
1110
1067
1037
1094
1193
1229
1202
1207
1229
1188
1108
1043
874
457
-98
-539
-834
-1157
-1449
-1604
-1624
-1585
-1380
-988
-582
-265
18
356
626
770
784
704
482
202
-38
-239
-465
-637
-716
-778
-916
-994
-1002
-1048
-1124
-1116
-1017
-907
-742
-500
-248
-31
181
377
537
573
546
529
542
524
547
652
751
895
1110
1345
1483
1574
1648
1666
1613
1477
1357
1072
592
23
-362
-618
-902
-1064
-1170
-1194
-1199
-1004
-771
-546
-343
-76
262
531
678
675
566
270
-58
-388
-729
-1124
-1400
-1559
-1684
-1815
-1887
-1877
-1812
-1657
-1402
-1067
-769
-453
-45
343
602
811
1032
1159
1224
1255
1283
1252
1236
1211
1225
1243
1232
1198
1107
967
831
744
610
461
385
298
45
-243
-454
-518
-540
-512
-493
-423
-334
-220
-22
126
171
208
405
563
627
616
552
358
61
-259
-590
-927
-1275
-1519
-1680
-1808
-1884
-1840
-1749
-1636
-1447
-1236
-1038
-843
-633
-439
-256
-124
20
221
410
553
772
1056
1293
1486
1695
1887
1972
1956
1843
1731
1598
1439
1263
1108
898
580
255
-82
-412
-683
-828
-936
-1013
-1010
-913
-746
-548
-327
-131
81
245
371
434
420
272
77
-109
-289
-452
-591
-687
-802
-869
-910
-940
-979
-974
-968
-941
-891
-826
-751
-685
-618
-558
-481
-407
-322
-226
-110
26
222
469
717
945
1182
1413
1618
1771
1866
1911
1876
1797
1680
1505
1160
739
333
-37
-370
-603
-776
-904
-930
-838
-682
-490
-313
-168
-36
53
55
-12
-124
-313
-530
-716
-882
-979
-1000
-1009
-972
-862
-738
-640
-563
-510
-471
-429
-413
-379
-329
-291
-237
-149
-65
11
97
181
283
400
477
567
685
774
807
825
849
886
972
1030
1076
1118
1190
1228
1208
1049
813
568
343
103
-131
-324
-487
-560
-564
-505
-441
-361
-322
-315
-357
-449
-581
-755
-959
-1144
-1232
-1239
-1198
-1134
-984
-755
-533
-389
-284
-206
-173
-179
-203
-236
-276
-277
-232
-149
-57
49
168
309
446
576
686
791
894
992
1081
1140
1195
1236
1262
1241
1178
1066
918
743
557
392
235
101
10
-9
0
2
9
14
-15
-97
-212
-349
-526
-725
-933
-1126
-1286
-1368
-1379
-1327
-1202
-1038
-852
-651
-470
-356
-301
-293
-344
-419
-486
-538
-561
-527
-448
-321
-173
-13
159
318
459
564
634
661
692
731
762
788
850
946
1054
1149
1201
1213
1158
1075
955
807
623
442
317
255
274
294
319
331
325
252
145
-1
-191
-454
-735
-988
-1172
-1323
-1425
-1453
-1411
-1321
-1198
-1044
-908
-795
-704
-641
-614
-610
-591
-549
-495
-422
-311
-171
-36
103
236
374
478
531
554
567
593
609
623
624
645
712
809
884
910
920
915
891
825
724
591
464
349
240
157
110
101
127
165
178
196
198
175
80
-43
-197
-375
-565
-741
-876
-955
-978
-973
-937
-867
-775
-693
-622
-576
-555
-558
-554
-555
-536
-510
-475
-400
-291
-179
-55
85
224
343
439
504
580
655
697
718
748
773
791
838
860
834
792
749
677
594
481
367
247
150
70
12
-35
-54
-46
-41
-66
-107
-140
-201
-292
-412
-531
-655
-746
-828
-860
-851
-799
-724
-625
-518
-400
-293
-228
-188
-160
-151
-160
-175
-197
-204
-181
-147
-109
-42
35
110
178
263
331
389
449
506
542
580
635
683
723
757
769
758
753
715
640
554
475
388
322
255
187
139
103
66
33
-16
-114
-223
-339
-462
-612
-749
-889
-986
-1043
-1067
-1069
-1029
-956
-858
-740
-624
-510
-398
-286
-186
-101
-38
11
54
90
116
142
166
196
228
258
294
325
352
380
415
435
453
478
509
552
588
615
628
649
659
657
630
601
562
516
473
435
401
360
329
283
249
200
118
-1
-130
-282
-444
-611
-777
-917
-1026
-1102
-1137
-1141
-1146
-1118
-1057
-980
-900
-814
-720
-593
-451
-328
-206
-79
37
140
220
281
328
370
401
410
421
427
436
442
452
466
480
492
510
533
540
534
532
525
519
514
503
488
496
508
500
487
491
498
488
460
402
349
277
164
26
-115
-270
-433
-573
-698
-810
-891
-952
-991
-1016
-1038
-1045
-1019
-975
-929
-868
-775
-656
-524
-390
-257
-119
15
123
218
292
346
380
403
406
398
377
365
367
369
353
336
332
328
328
305
277
260
270
281
301
320
358
403
450
483
508
529
537
516
477
432
370
283
182
84
-17
-117
-224
-314
-401
-465
-532
-603
-675
-726
-769
-809
-825
-817
-785
-730
-655
-557
-437
-308
-175
-37
82
174
242
291
322
326
314
302
284
259
236
226
216
195
164
134
111
96
90
79
73
77
86
96
106
129
163
184
201
242
281
286
292
304
291
257
217
161
109
72
22
-40
-92
-150
-208
-257
-321
-393
-450
-489
-521
-539
-535
-507
-450
-371
-278
-174
-59
49
129
190
233
259
270
262
248
241
243
225
206
203
195
183
162
127
89
60
32
2
-31
-67
-85
-82
-71
-61
-42
-17
-4
4
6
5
-16
-33
-36
-38
-48
-44
-18
3
23
28
24
12
-7
-48
-98
-159
-219
-262
-288
-304
-303
-276
-228
-161
-87
-17
46
106
156
192
211
218
224
236
251
254
249
246
247
250
241
210
175
146
113
75
43
21
11
11
21
43
51
48
36
20
-11
-61
-114
-158
-187
-206
-208
-204
-194
-177
-160
-131
-101
-94
-100
-97
-106
-123
-150
-188
-219
-234
-247
-253
-246
-220
-180
-132
-90
-50
-6
34
66
105
140
174
213
249
279
303
309
305
297
276
241
212
187
151
116
99
93
82
84
82
98
113
122
129
133
123
106
95
63
28
2
-17
-49
-78
-100
-118
-130
-148
-160
-176
-187
-205
-214
-225
-245
-263
-275
-286
-294
-296
-297
-288
-267
-245
-223
-196
-163
-123
-66
-17
24
86
149
197
234
264
276
282
286
268
234
206
188
161
129
101
85
73
74
70
65
71
88
105
114
114
123
139
135
131
133
124
101
94
82
55
23
-1
-17
-41
-76
-112
-137
-167
-203
-244
-278
-310
-332
-355
-372
-372
-364
-351
-326
-288
-250
-203
-147
-89
-26
39
95
153
210
251
286
308
320
322
314
295
273
244
208
172
138
106
74
38
8
-4
-17
-36
-41
-37
-26
-5
12
25
53
87
106
112
125
140
142
130
115
102
75
36
-3
-47
-105
-159
-212
-266
-317
-353
-385
-407
-417
-418
-405
-381
-350
-308
-252
-192
-125
-49
29
107
182
246
308
364
402
423
435
441
429
408
369
322
273
217
154
86
22
-38
-84
-126
-160
-186
-197
-194
-181
-164
-149
-122
-83
-41
-16
6
44
74
84
89
92
86
67
40
8
-32
-78
-124
-169
-218
-262
-301
-328
-356
-381
-385
-373
-364
-343
-297
-245
-186
-110
-35
42
131
216
287
361
425
476
521
552
559
563
553
518
478
430
365
295
229
153
79
10
-52
-112
-163
-205
-237
-263
-276
-282
-282
-273
-258
-235
-209
-184
-159
-126
-101
-80
-66
-55
-53
-55
-63
-83
-103
-126
-152
-182
-209
-236
-258
-277
-289
-291
-288
-272
-246
-211
-164
-113
-53
10
82
150
217
284
348
407
456
496
531
554
563
559
546
524
490
448
396
340
277
216
152
84
21
-41
-96
-147
-198
-242
-273
-298
-319
-331
-338
-338
-331
-321
-312
-302
-288
-275
-261
-250
-241
-235
-222
-212
-211
-206
-202
-196
-190
-182
-177
-160
-140
-122
-97
-65
-33
0
37
74
110
149
184
220
256
286
313
339
360
374
386
387
386
381
366
346
329
305
271
242
212
175
139
105
66
32
0
-34
-67
-93
-119
-147
-170
-190
-213
-231
-248
-266
-278
-291
-301
-307
-309
-314
-311
-305
-298
-287
-271
-253
-231
-204
-176
-142
-106
-68
-29
8
49
89
120
151
183
209
231
246
258
264
267
263
253
239
219
201
179
151
126
99
77
56
36
14
-2
-11
-21
-29
-33
-34
-31
-23
-22
-20
-12
-9
-10
-9
-14
-22
-27
-34
-49
-64
-75
-91
-106
-120
-135
-146
-151
-155
-153
-149
-139
-119
-100
-77
-50
-18
13
47
81
112
141
172
196
214
228
235
236
230
219
201
176
146
115
78
38
-1
-41
-81
-119
-154
-184
-209
-229
-242
-249
-250
-245
-234
-219
-199
-177
-150
-125
-95
-67
-40
-15
8
28
43
57
67
76
79
80
82
81
79
78
75
74
78
79
81
89
100
110
123
138
152
168
183
193
203
212
213
212
206
196
178
159
132
101
68
31
-12
-54
-98
-140
-180
-222
-256
-288
-313
-332
-349
-356
-360
-353
-342
-329
-310