-36
-37
-34
-34
-32
-29
-24
-17
-10
-14
-16
-15
-7
-7
-8
-9
-8
-4
-3
-3
-7
-18
-19
-9
0
-1
-10
-14
-11
-2
14
30
32
30
26
20
8
5
16
18
17
16
16
8
0
-10
-11
-8
-8
-8
-8
-12
-16
-9
3
8
12
21
18
6
-1
-5
-13
-10
-1
-4
-1
7
8
3
6
17
24
26
21
11
5
7
18
27
37
41
45
43
43
43
45
51
54
52
39
20
11
-6
-22
-30
-34
-34
-39
-46
-55
-62
-65
-56
-51
-53
-52
-34
-45
-58
-70
-72
-62
-55
-58
-75
-73
-56
-30
-27
-31
-39
-53
-56
-56
-43
-29
-12
11
22
26
25
27
38
64
67
56
50
56
52
33
25
12
34
71
120
146
166
170
159
152
132
107
93
99
94
91
83
82
86
82
75
56
57
72
79
79
67
44
28
30
23
30
50
41
24
-4
-29
-47
-59
-67
-83
-93
-108
-113
-130
-159
-203
-209
-247
-315
-378
-396
-399
-394
-367
-362
-386
-413
-413
-462
-510
-486
-433
-392
-335
-243
-195
-135
-2
123
224
341
508
532
509
483
503
491
559
662
673
632
637
665
578
519
497
424
336
316
307
190
148
182
212
207
253
276
191
147
126
77
-26
-54
-69
-119
-168
-233
-321
-422
-448
-452
-487
-578
-708
-845
-904
-845
-756
-669
-630
-635
-663
-670
-680
-744
-728
-691
-626
-555
-487
-486
-450
-302
-125
67
212
361
465
618
710
764
750
764
837
983
1112
1140
1072
971
953
961
947
886
780
667
594
544
470
371
304
289
305
296
275
182
111
33
22
13
-29
-128
-222
-293
-370
-439
-515
-613
-662
-626
-583
-573
-641
-697
-826
-871
-879
-802
-796
-735
-658
-734
-822
-855
-814
-845
-770
-649
-643
-710
-750
-724
-706
-547
-322
-146
7
196
372
482
615
765
902
1054
1113
1104
1050
1079
1081
1128
1217
1227
1185
1149
1139
954
796
699
609
490
469
469
297
201
179
172
90
159
198
122
63
20
-44
-188
-219
-227
-297
-368
-398
-478
-598
-665
-666
-666
-660
-688
-750
-998
-1095
-1100
-890
-809
-661
-617
-778
-885
-928
-880
-1019
-907
-795
-774
-798
-838
-902
-1044
-734
-486
-237
-113
101
167
185
382
495
645
792
1046
1190
1223
1138
999
1040
1129
1332
1491
1536
1434
1300
1300
1189
1105
1051
1033
947
886
813
599
401
348
380
373
378
346
193
18
-41
-84
-222
-292
-257
-259
-330
-374
-499
-660
-757
-672
-740
-911
-1082
-1135
-1218
-1224
-1139
-1202
-1271
-1272
-1203
-1294
-1412
-1420
-1456
-1405
-1296
-1152
-1157
-1124
-949
-850
-727
-600
-412
-316
-112
71
219
246
378
557
734
918
1096
1272
1284
1307
1278
1308
1415
1594
1772
1876
1891
1843
1807
1793
1705
1651
1593
1486
1309
1133
972
757
654
606
529
382
318
188
31
-100
-183
-262
-351
-354
-377
-467
-578
-657
-779
-892
-919
-1084
-1276
-1498
-1558
-1680
-1709
-1682
-1685
-1682
-1625
-1517
-1631
-1718
-1721
-1671
-1639
-1546
-1440
-1406
-1335
-1142
-1007
-822
-682
-520
-430
-280
-168
36
52
236
383
597
712
846
1026
1171
1381
1582
1697
1614
1589
1628
1735
1876
2076
2180
2188
2177
2195
2091
1910
1764
1652
1516
1409
1313
1078
801
633
538
416
302
280
180
47
-63
-133
-253
-340
-379
-452
-547
-665
-855
-1043
-1248
-1452
-1557
-1657
-1675
-1763
-1703
-1721
-1792
-1783
-1793
-1793
-1869
-1831
-1913
-1943
-1917
-1865
-1761
-1699
-1439
-1379
-1121
-1000
-834
-700
-631
-406
-391
-191
-14
90
315
445
690
802
1006
1222
1421
1632
1745
1805
1692
1780
1863
2024
2194
2399
2515
2453
2500
2452
2300
2142
2064
1937
1786
1642
1458
1185
974
857
746
654
562
472
271
118
-40
-197
-346
-461
-517
-638
-742
-1006
-1308
-1692
-1872
-1925
-1866
-1860
-1895
-2008
-2123
-2098
-2063
-2163
-2176
-2148
-2123
-2152
-2259
-2259
-2406
-2109
-1883
-1519
-1421
-1203
-1181
-1011
-953
-733
-667
-468
-233
-101
122
213
409
614
870
1226
1494
1702
1829
1981
1983
1953
2005
2117
2291
2404
2689
2730
2759
2627
2678
2579
2477
2411
2249
2005
1719
1586
1317
1104
954
862
719
616
526
321
100
-36
-180
-338
-481
-642
-816
-987
-1156
-1423
-1671
-1867
-1917
-1982
-1962
-1947
-1990
-2095
-2172
-2184
-2246
-2240
-2246
-2199
-2249
-2310
-2310
-2411
-2240
-2117
-1786
-1589
-1449
-1257
-1258
-1088
-1020
-804
-686
-476
-257
-33
137
297
532
726
1022
1335
1540
1722
1921
2033
2162
2148
2227
2282
2450
2635
2765
2909
2915
2872
2803
2763
2650
2498
2354
2165
1956
1745
1550
1360
1112
975
827
707
545
356
137
-61
-230
-405
-566
-738
-876
-1031
-1186
-1431
-1659
-1925
-2008
-2110
-2118
-2074
-2108
-2123
-2233
-2295
-2483
-2516
-2579
-2635
-2594
-2750
-2613
-2775
-2520
-2452
-2178
-2008
-1780
-1534
-1426
-1194
-1230
-915
-901
-592
-453
-131
-75
150
461
635
1029
1130
1576
1623
1934
2157
2323
2493
2621
2744
2761
2912
2978
3143
3151
3247
3191
3117
3163
2966
2814
2575
2428
2166
1913
1763
1528
1325
1062
968
696
539
352
184
-76
-296
-432
-696
-871
-1075
-1214
-1425
-1604
-1865
-2094
-2292
-2351
-2368
-2412
-2381
-2463
-2586
-2656
-2694
-2832
-2929
-2905
-2958
-2983
-3036
-2936
-2858
-2675
-2333
-2109
-1750
-1653
-1339
-1290
-1064
-955
-785
-572
-396
-164
139
337
602
853
1141
1331
1724
1956
2160
2358
2565
2714
2743
2865
2837
2926
2943
3135
3121
3214
3236
3221
3073
3001
2883
2624
2456
2239
2069
1807
1674
1427
1159
877
690
583
352
251
11
-223
-466
-701
-942
-1238
-1397
-1538
-1608
-1852
-2066
-2362
-2453
-2487
-2408
-2383
-2407
-2507
-2639
-2717
-2826
-2964
-3045
-3035
-3020
-2988
-2947
-2858
-2689
-2399
-2138
-1785
-1594
-1306
-1185
-976
-849
-728
-478
-335
-29
67
436
545
836
997
1345
1605
1860
2094
2156
2262
2390
2593
2636
2770
2808
2836
2824
2941
2949
2942
2986
3012
2992
2895
2827
2612
2386
2214
2039
1861
1650
1492
1168
900
633
461
238
33
-180
-381
-561
-799
-1003
-1282
-1486
-1631
-1721
-1895
-2167
-2392
-2502
-2495
-2471
-2436
-2415
-2534
-2629
-2672
-2788
-2848
-3040
-2868
-3024
-2799
-2767
-2700
-2527
-2387
-1910
-1717
-1326
-1102
-935
-804
-636
-563
-432
-188
137
293
554
676
929
949
1359
1510
1808
1957
2136
2323
2244
2500
2426
2710
2712
2885
2900
2847
2885
2764
2780
2663
2719
2594
2531
2463
2299
2155
1899
1770
1494
1299
1046
812
583
359
221
-41
-181
-391
-594
-842
-1032
-1193
-1397
-1523
-1685
-1782
-1912
-2156
-2353
-2437
-2356
-2233
-2132
-2167
-2361
-2543
-2624
-2667
-2803
-2831
-2715
-2658
-2494
-2429
-2390
-2284
-1971
-1719
-1287
-1157
-825
-846
-566
-539
-464
-221
-79
229
372
584
644
900
977
1385
1406
1838
1880
1977
2164
2119
2279
2201
2468
2413
2568
2535
2470
2407
2288
2421
2383
2409
2415
2295
2301
2108
1992
1761
1634
1404
1261
1064
772
577
308
203
-9
-54
-249
-371
-638
-839
-1039
-1226
-1363
-1469
-1491
-1585
-1676
-1928
-2093
-2155
-2057
-2026
-1921
-2051
-2112
-2294
-2333
-2417
-2480
-2433
-2344
-2329
-2189
-2233
-2048
-1853
-1686
-1222
-1164
-795
-769
-698
-440
-617
-186
-265
109
135
296
496
503
795
843
1220
1430
1674
1604
1711
1677
1723
1856
1962
2147
2204
2317
2174
2164
2000
2157
2159
2249
2277
2245
2220
2005
1910
1612
1466
1326
1239
1139
877
653
442
320
142
0
-125
-273
-425
-654
-876
-1072
-1235
-1295
-1377
-1479
-1680
-1819
-1896
-1878
-1756
-1747
-1766
-2010
-2024
-2124
-2164
-2279
-2257
-2172
-2169
-1979
-2055
-1939
-1949
-1696
-1348
-1167
-971
-800
-738
-650
-684
-428
-408
-163
-70
206
278
349
496
614
914
1067
1418
1387
1493
1477
1645
1702
1688
1953
1964
2261
2115
2184
1992
2015
2097
2120
2248
2109
2152
2029
1943
1828
1678
1583
1379
1259
1094
968
688
522
322
130
60
-161
-312
-574
-763
-926
-1003
-1086
-1212
-1345
-1422
-1590
-1737
-1861
-1855
-1683
-1614
-1536
-1727
-1880
-1938
-2100
-2081
-2160
-2155
-2055
-2028
-1934
-1960
-1942
-1737
-1493
-1261
-1123
-745
-910
-590
-670
-512
-424
-350
-6
-18
244
366
452
521
718
922
1045
1344
1295
1498
1466
1831
1716
1875
2012
1994
2222
1946
2240
1865
2143
1943
2229
2105
2115
2102
1838
1913
1558
1607
1388
1259
1026
887
661
396
259
41
-5
-215
-349
-524
-785
-950
-1172
-1181
-1264
-1274
-1382
-1422
-1575
-1740
-1761
-1705
-1639
-1547
-1704
-1675
-1967
-1873
-2070
-1950
-2039
-2056
-1855
-2001
-1747
-1908
-1664
-1613
-1270
-1149
-836
-818
-700
-557
-585
-326
-267
39
5
288
282
431
622
663
954
1132
1340
1484
1505
1538
1679
1748
1846
1891
2089
2126
2208
2130
1991
1893
1883
1976
2043
2097
1956
1797
1673
1469
1410
1249
1114
1051
842
704
398
281
10
-55
-262
-406
-547
-765
-857
-1116
-1076
-1270
-1218
-1380
-1364
-1355
-1498
-1647
-1704
-1608
-1577
-1509
-1641
-1649
-1899
-1767
-1791
-1836
-1788
-1909
-1685
-1879
-1625
-1739
-1484
-1393
-1107
-869
-666
-606
-451
-362
-240
-100
213
-41
354
257
535
541
706
877
979
1230
1459
1581
1626
1760
1599
1816
1662
1890
1977
1994
2105
1956
1872
1790
1777
1848
1815
1774
1692
1534
1426
1352
1175
1055
969
806
595
442
204
17
-159
-364
-414
-624
-737
-883
-1018
-1160
-1254
-1283
-1304
-1440
-1438
-1462
-1564
-1657
-1802
-1783
-1740
-1680
-1672
-1765
-1864
-1887
-1965
-1969
-1911
-1799
-1778
-1834
-1583
-1459
-1437
-1205
-1026
-865
-441
-421
-156
-222
72
8
356
190
781
531
885
865
951
1216
1066
1673
1427
1847
1659
1984
1903
1813
2081
1915
2081
2005
2187
2032
1822
2019
1671
1866
1541
1773
1520
1461
1369
1202
1125
767
861
398
517
120
42
-332
-531
-551
-784
-771
-1014
-1036
-1289
-1358
-1373
-1436
-1416
-1491
-1571
-1554
-1799
-1839
-1835
-1907
-1801
-1713
-1648
-1853
-1772
-1865
-1660
-1864
-1650
-1742
-1532
-1472
-1313
-1119
-1331
-796
-747
-267
-375
9
40
245
187
513
313
691
725
900
1000
1033
1310
1192
1521
1562
1627
1865
1786
1945
1871
1760
1884
1832
2061
1962
1994
1753
1682
1471
1550
1455
1544
1470
1349
1128
942
941
655
649
373
293
82
-32
-292
-542
-660
-753
-869
-920
-1066
-1150
-1316
-1409
-1484
-1520
-1579
-1557
-1542
-1675
-1761
-1806
-1734
-1742
-1687
-1607
-1592
-1594
-1628
-1691
-1732
-1724
-1469
-1536
-1331
-1331
-1332
-850
-1015
-406
-721
-21
-160
100
427
178
750
315
837
509
1126
853
1115
1104
1148
1511
1387
1976
1689
1755
1822
1655
2008
1574
2113
1818
1951
1976
1748
1656
1307
1546
1304
1449
1246
1316
962
1000
802
549
529
242
192
-7
-133
-266
-574
-526
-873
-816
-974
-1238
-1034
-1506
-1271
-1623
-1437
-1685
-1456
-1676
-1583
-1719
-1701
-1615
-1749
-1376
-1753
-1342
-1718
-1432
-1653
-1597
-1313
-1620
-904
-1759
-609
-1332
-557
-812
-660
126
-348
647
-48
713
253
774
751
901
954
842
1336
731
1540
891
1681
1348
1727
1886
1370
1986
1481
2127
1473
1741
1717
1577
1713
1370
1652
1061
1485
991
1439
1051
973
943
702
640
465
336
156
-25
-97
-436
-613
-720
-920
-933
-1033
-963
-1330
-1325
-1561
-1396
-1684
-1611
-1605
-1586
-1681
-1649
-1730
-1624
-1495
-1588
-1331
-1479
-1430
-1400
-1591
-1466
-1305
-1443
-1052
-1278
-960
-871
-883
-424
-625
26
-371
581
5
747
434
621
878
584
1141
789
1378
994
1388
1052
1610
1169
2054
1418
1816
1719
1719
1732
1659
1867
1635
1925
1443
1632
1323
1397
1462
1253
1503
1157
1138
890
715
583
319
492
-38
169
-394
-169
-748
-804
-895
-989
-1038
-1127
-1092
-1391
-1491
-1606
-1496
-1779
-1523
-1793
-1903
-1709
-1845
-1608
-1688
-1667
-1258
-1728
-1335
-1461
-1493
-1432
-1468
-1380
-1196
-1204
-1148
-783
-923
-604
-257
-85
-111
352
147
640
392
785
729
926
1045
1030
1332
1149
1618
1387
1597
1588
1769
1695
1938
1860
1498
2127
1457
2133
1903
1350
2127
1234
1941
1222
1584
1531
962
1332
711
1104
396
732
229
278
-207
-1
-378
-794
-634
-1090
-840
-1385
-1033
-1594
-1281
-1579
-1535
-1370
-2067
-1413
-2240
-1496
-2025
-1848
-1568
-2128
-1265
-1928
-1375
-1658
-1616
-1540
-1539
-1852
-1019
-1711
-1049
-979
-1289
-214
-1417
562
-827
147
277
107
465
11
1166
181
1169
703
902
926
1163
1582
1377
1631
1560
1842
1819
2019
1655
2156
2017
1952
2101
1594
2165
1521
2241
1817
1673
1860
1259
1759
1133
1406
660
842
605
353
351
52
-151
-260
-181
-639
-515
-947
-851
-1327
-1371
-1162
-1356
-1242
-1758
-1642
-2270
-1853
-1989
-1583
-1733
-1877
-1945
-2204
-1929
-1657
-1723
-2187
-1735
-1951
-1644
-2026
-1241
-1707
-1178
-543
-1316
129
-1553
513
-397
-65
433
-159
911
-716
915
-27
716
1275
1458
1613
1115
1828
1954
2226
2141
2515
2625
2323
2024
2137
2694
2021
2876
2370
2054
1630
1822
2456
1154
1917
1020
1290
823
414
716
-3
487
60
71
-233
-537
-231
-901
-798
-969
-794
-1116
-1493
-1615
-2241
-1944
-2029
-1870
-2126
-2023
-2020
-2269
-2495
-2382
-2251
-2248
-2325
-2415
-2269
-2550
-2195
-1881
-1692
-1496
-1291
-824
-1049
-412
-467
-419
-364
-66
146
255
-136
841
619
892
884
1497
1712
1000
2180
1594
2464
2333
2655
2551
1950
2325
2649
2555
2365
2594
2217
2245
2171
2451
1960
1805
1751
1304
1201
788
930
557
362
656
61
67
-507
-417
-477
-271
-260
-673
-872
-1208
-1153
-1410
-1566
-1798
-1918
-1784
-1656
-2103
-1952
-2330
-2142
-2510
-2134
-2682
-2425
-2482
-2644
-2194
-2342
-2176
-1934
-1783
-1253
-922
-1647
-10
-1337
-586
-19
-219
311
-479
778
86
535
937
1155
1122
1488
2097
2059
2174
1863
2135
1636
2638
2400
2509
2420
2374
2443
2243
2626
2077
2426
2042
1586
1642
1242
1183
932
828
743
576
418
108
109
126
22
-5
-398
-430
-596
-794
-684
-974
-1512
-1631
-1531
-1704
-1419
-1772
-1869
-2093
-2062
-2079
-2247
-2547
-2231
-2591
-2564
-2491
-2807
-1880
-2680
-1503
-1317
-1561
-990
-1326
-288
-806
-343
-230
-296
-126
186
645
783
969
1122
1635
1911
2048
1819
1608
1367
1882
2217
2278
2328
1895
1834
1996
2255
2501
1892
1715
1599
1243
1596
1300
1119
647
637
727
561
521
189
353
261
322
215
-239
-390
-290
-318
-346
-1052
-1558
-1707
-1032
-682
-987
-1404
-2061
-1819
-1691
-1374
-1888
-2320
-2442
-2383
-2258
-2342
-2031
-2067
-1542
-1219
-980
-1412
-1232
-520
-53
-352
-296
-109
-325
453
900
1071
925
1309
1679
1448
1137
1135
1294
1671
1851
1975
1659
1118
1433
1890
2284
1859
1460
907
665
870
1241
1018
490
193
15
178
215
435
213
177
124
129
-119
-349
-12
62
94
-269
-1032
-1362
-1244
-588
-171
-573
-1200
-1742
-1502
-1093
-784
-960
-1572
-1709
-1645
-1522
-1320
-1210
-1039
-737
-845
-1104
-858
-590
305
18
-35
24
-437
507
523
1288
919
1147
1266
755
420
815
1594
1574
1416
1044
750
484
985
1469
1336
737
183
75
-133
360
609
257
-389
-693
-286
-261
-61
-8
-16
-229
-355
-210
-327
-232
117
480
-214
-1067
-1250
-691
8
76
33
-981
-1592
-1134
-269
-240
-808
-1073
-951
-1219
-959
-383
-476
-354
-202
92
-690
-292
559
717
1067
635
608
307
496
1673
1821
1560
1666
875
499
795
1576
2415
1713
961
440
-101
524
1385
1580
364
-719
-803
-862
-545
177
-107
-1227
-1892
-1587
-1204
-949
-644
-608
-1190
-1328
-1144
-1024
-792
-332
66
-490
-1322
-1678
-1287
-310
76
91
-755
-1710
-1345
-366
309
-9
-394
-969
-1150
-678
2
370
150
331
-160
341
389
1188
1966
1658
1515
884
1204
1664
2334
2715
2513
1850
1231
742
1610
2725
2629
1900
669
189
113
1632
2121
846
-712
-1301
-823
-657
-74
-247
-1451
-2477
-2341
-1673
-1482
-1480
-1429
-1766
-2279
-2090
-1536
-1424
-1221
-683
-932
-1972
-2526
-1968
-975
-279
-312
-1192
-2194
-2104
-455
609
196
-1175
-1510
-1362
-590
427
691
197
-328
298
468
943
1947
2274
1881
1764
1476
2097
2672
3116
3629
3180
1808
1163
1687
3128
4052
3382
1627
206
612
1891
3138
2560
232
-1477
-1017
59
520
252
-763
-2323
-2869
-1877
-996
-1214
-1599
-1813
-2503
-2710
-2160
-1467
-1531
-1557
-1527
-2008
-2711
-2602
-1507
-1251
-1429
-1867
-2102
-2418
-1671
-394
-570
-1403
-1884
-1380
-1207
-743
64
156
-240
-172
297
382
1127
1865
2397
1799
1530
2133
2596
3208
3510
3921
2620
1314
1611
3199
4246
3485
2389
794
480
1876
3614
3123
494
-1102
-735
317
804
787
-371
-2214
-2644
-1428
-429
-750
-1464
-1886
-2357
-2224
-1397
-1053
-1431
-1678
-1470
-1655
-2572
-2791
-2047
-1081
-956
-1678
-2506
-3102
-2059
-313
25
-1542
-2983
-2426
-1146
126
387
-315
-1273
-749
395
1260
1536
1753
1718
1342
1656
2395
3135
3263
3682
2988
1602
974
2006
4167
4025
2402
581
127
1160
3071
3989
1523
-1586
-2064
52
1373
1146
-279
-2406
-3417
-1914
325
132
-1541
-2496
-2312
-1901
-1128
-620
-1220
-1834
-1817
-1259
-1855
-2160
-1756
-1279
-1324
-1718
-1726
-2093
-1690
-767
-512
-1366
-2155
-1590
-1013
-168
10
-223
-607
-206
828
1121
1382
1719
2309
2062
2106
2377
3074
3491
3904
3520
1736
892
2455
4486
4055
1911
609
329
1547
3154
3342
352
-2308
-1757
415
1165
132
-1281
-3137
-3341
-1443
341
-651
-2658
-3019
-2420
-1648
-972
-893
-2049
-2565
-1809
-1099
-1424
-2094
-1937
-1955
-1756
-1562
-1258
-1712
-1881
-1239
-1079
-1278
-1569
-1046
-980
-786
-381
-129
-6
194
837
956
1150
2006
2512
2528
2260
2721
3390
3678
4271
3144
1701
1326
3834
5271
3657
1632
471
1292
2598
4240
2794
-1111
-2622
-531
1781
1346
-369
-2463
-3764
-2725
74
850
-1673
-3837
-3387
-2124
-1179
-705
-1588
-3122
-3179
-1686
-1149
-2057
-2552
-2320
-2112
-2375
-2172
-1984
-1842
-1655
-1406
-1771
-2525
-1828
-658
-364
-1073
-1152
-635
-40
812
1013
771
846
1989
2748
2476
2539
2719
3426
3848
4390
2957
1242
2247
5074
5654
2985
1481
1026
2042
3827
4917
1985
-2045
-1695
1406
2706
1061
-774
-2716
-3220
-1036
1631
381
-2891
-3541
-2256
-1141
-768
-711
-2417
-3543
-2395
-737
-1199
-2911
-3187
-2768
-1939
-1778
-1885
-2715
-3101
-2139
-1188
-1533
-2754
-2415
-1574
-1109
-973
-767
-746
-690
327
603
681
899
2077
2142
1911
2057
2732
3495
4001
3293
1443
885
3554
5635
4279
1881
779
1532
3011
5062
3687
-470
-2238
260
2917
2261
477
-1673
-3004
-1784
1423
2080
-1146
-3404
-2654
-851
31
160
-1257
-3133
-2736
-705
-142
-1665
-2651
-2575
-2375
-1968
-1468
-1591
-2651
-2889
-2182
-1835
-2011
-1874
-1638
-2319
-2252
-1259
-341
-424
-503
-615
-643
251
1872
2312
1244
659
1650
3002
3991
3860
1721
-309
1130
4928
5430
2558
292
456
2031
4134
4764
1460
-2163
-1445
2185
3165
1197
-865
-2214
-2200
167
2352
890
-2296
-2764
-963
287
503
-126
-1778
-2739
-1214
325
-11
-1826
-2712
-2534
-1455
-587
-989
-2128
-3097
-2417
-1240
-770
-1724
-2493
-2213
-1576
-910
-655
-769
-1053
-675
-119
298
621
1283
1346
1192
1312
2309
2729
3168
2637
1157
220
2175
4719
3589
1044
56
1093
2374
3665
3063
-475
-2521
-397
2708
2092
-243
-1817
-2453
-1599
997
2116
-595
-3334
-2496
-120
881
530
-657
-2370
-2430
-196
1004
-91
-1981
-2390
-2014
-1103
-300
-540
-1812
-2865
-2030
-982
-595
-1066
-1552
-2214
-2081
-809
160
-121
-1048
-929
-467
635
1425
1783
1015
563
1333
2632
3212
3234
2367
676
254
2847
5049
3353
452
-343
1087
2696
3784
2500
-1158
-2838
-354
2705
1840
-828
-2512
-2685
-1505
960
1612
-1178
-3703
-2727
-259
772
365
-986
-2583
-2405
-258
945
-152
-2009
-2476
-2039
-843
-74
-359
-1851
-2720
-1883
-731
-214
-777
-1497
-2274
-1874
-608
439
24
-1005
-1160
-316
917
1627
1511
703
673
1535
2848
2974
3166
2442
1158
556
2626
4938
3622
1041
-50
1344
2657
3720
2918
-419
-2572
-548
2781
2165
-646
-2425
-2592
-1651
641
1662
-996
-4115
-3263
-473
700
35
-1331
-2908
-2953
-438
1112
-188
-2531
-2859
-1977
-923
-63
-379
-1852
-3033
-1825
-308
-109
-919
-1565
-1979
-1867
-468
481
-127
-1431
-1200
-59
881
1209
1101
620
581
1674
2656
2572
2302
2574
2005
1000
1607
3932
4178
2052
564
904
2239
3300
3666
1121
-1872
-1436
1884
2971
554
-1862
-2724
-2006
184
1959
243
-3423
-4162
-1450
837
751
-998
-3019
-3552
-1262
1187
577
-2005
-3444
-2861
-1457
301
423
-1586
-3606
-2808
-317
709
-54
-1882
-2924
-2385
25
1406
146
-2086
-2212
-181
1650
1930
559
-484
-150
1928
3183
2684
1349
1577
2356
2149
1780
2571
3586
2569
1373
1193
2007
2721
3351
2465
-423
-1557
602
2924
1674
-1024
-2473
-2196
-571
1502
1171
-2118
-4218
-2507
423
1039
-474
-2674
-3642
-2003
648
972
-1325
-3056
-2838
-1431
-335
120
-1075
-2618
-2737
-1184
92
-184
-972
-2058
-2340
-1441
333
657
-907
-2105
-1461
447
1471
1015
-229
-521
705
2468
2815
1662
922
2160
3321
2414
1043
1822
3693
3290
1785
1155
1715
2561
3427
2974
14
-1642
354
2914
1673
-1245
-2284
-1805
-689
765
901
-1860
-4043
-2375
514
774
-1091
-2630
-2952
-1849
305
837
-1204
-3161
-3001
-1297
-2
363
-1059
-3048
-3147
-963
1069
357
-1799
-3322
-2407
-183
1322
307
-2207
-2890
-928
1986
1942
152
-1374
-283
1853
3024
2528
871
737
2603
3961
2466
501
1704
3823
3578
1877
1137
1570
2432
3677
2872
-332
-1789
597
2893
1221
-1402
-2363
-1974
-783
886
538
-2666
-4168
-1836
629
123
-1639
-2725
-2821
-1368
622
456
-1947
-3047
-2019
-657
-223
-303
-1357
-2625
-2186
-377
552
-567
-1923
-2331
-1540
-181
451
-403
-1956
-1940
-378
1328
1118
-80
-854
128
1716
2595
2060
902
1063
2563
4032
2784
862
987
3406
4279
2800
1268
1067
2141
3315
3525
1043
-1368
-753
1775
1962
-334
-2011
-2237
-1545
-160
594
-1250
-3497
-2992
-670
-22
-942
-1924
-2524
-2132
-426
496
-859
-2329
-1941
-1030
-710
-517
-548
-1606
-2164
-1188
-219
-525
-1255
-1482
-1722
-1417
-451
-203
-1154
-1800
-1032
-9
543
465
25
-132
493
1771
2001
1554
1278
2021
3104
3291
2186
1014
2176
4126
4096
2121
1000
1624
2753
3650
2954
318
-1554
-63
2336
1705
-839
-2273
-2234
-1274
402
742
-1821
-4042
-2664
-56
302
-1146
-2347
-2761
-1758
173
544
-1388
-2756
-1849
-520
-284
-856
-1454
-1922
-1536
-755
-583
-1311
-1750
-1332
-1055
-1317
-1532
-1099
-738
-911
-1150
-815
-90
448
513
334
215
884
1742
2204
2064
1951
2794
2776
2306
1706
3083
3979
3287
1898
1365
2291
2981
3543
2201
-305
-1322
653
2565
1157
-1374
-2541
-1979
-462
953
333
-2578
-3982
-1875
564
478
-1456
-2777
-2804
-997
975
465
-1835
-2884
-1615
-341
-34
-554
-1709
-2529
-1851
-348
-76
-1047
-2071
-2195
-1577
-600
-287
-988
-1880
-1842
-775
359
700
35
-781
-493
981
2055
2086
1214
1059
1571
3420
4057
2457
503
1528
4244
4229
2209
753
1326
2247
3301
2885
134
-1900
-259
2310
1476
-1104
-2188
-1875
-994
557
644
-1916
-3731
-1791
532
196
-1288
-1895
-1931
-1179
463
595
-1191
-2040
-992
-336
-880
-936
-844
-1428
-1852
-1164
-669
-1062
-1213
-1265
-1650
-1839
-965
-304
-854
-1652
-1477
-521
310
490
-172
-584
96
1637
2166
1459
805
1457
2802
3692
2470
750
735
3155
4336
2719
620
252
1669
2927
3163
896
-1691
-1439
1306
2385
243
-1914
-2354
-1278
363
1201
-449
-2949
-2767
-279
978
14
-1341
-2013
-1621
-17
1163
111
-1701
-1878
-909
-291
-289
-843
-1903
-2202
-1140
-293
-770
-1554
-1665
-1576
-1347
-894
-795
-1331
-1533
-1026
-501
-293
66
241
-3
90
1036
1867
1621
1362
1485
2086
2798
3080
1877
659
1655
3711
3461
1432
469
1146
2088
2699
2244
-184
-1782
-191
2160
1364
-1073
-2028
-1669
-685
645
723
-1636
-3277
-1621
736
712
-844
-1886
-2053
-975
673
700
-1236
-2335
-1520
-741
-751
-832
-1211
-2156
-2177
-1061
-436
-840
-1437
-1878
-2143
-1338
-173
-253
-1482
-1900
-986
189
951
787
-88
-535
803
2450
2487
1314
880
1417
2548
3650
3093
1038
196
2394
4225
3041
845
294
1124
2149
2962
1892
-797
-1600
710
2230
664
-1261
-1741
-1425
-473
781
155
-2245
-2825
-811
516
-193
-1204
-1687
-1874
-963
309
-161
-1896
-2366
-1319
-895
-1041
-1304
-1650
-2133
-1577
-620
-829
-1555
-1702
-1279
-1178
-910
-622
-823
-1137
-823
-88
188
382
536
383
430
1163
1983
1788
1254
1325
1826
2374
3059
2833
1169
322
2069
4013
3032
774
34
1078
2336
3192
2179
-707
-1840
529
2780
1438
-1149
-2152
-1547
-159
1325
606
-2235
-3409
-1157
959
371
-1292
-2284
-2310
-1067
517
-58
-2255
-2893
-1583
-824
-1163
-1292
-1552
-2142
-1983
-955
-656
-1189
-1436
-1557
-1760
-1242
-73
40
-1069
-1499
-590
501
1017
913
267
-302
601
2140
2481
1344
599
1235
2254
3296
2900
1294
79
1516
3742
3346
1243
83
1066
2345
3131
2375
102
-1113
424
2404
1639
-607
-1568
-1079
-83
723
298
-1567
-2601
-1226
228
-78
-1329
-1936
-1911
-1336
-471
-680
-1851
-2510
-1747
-1069
-1203
-1556
-1795
-1887
-1586
-954
-946
-1479
-1631
-1270
-988
-878
-682
-739
-1026
-807
-138
271
154
198
328
253
687
1400
1617
922
783
1460
2155
2549
2543
1776
586
1243
3261
3721
1884
528
1011
2173
3141
3138
1396
-757
-313
2013
2542
586
-1176
-1569
-910
412
1145
-475
-2749
-2567
-579
308
-577
-1743
-2593
-2361
-997
-89
-1132
-2589
-2495
-1304
-942
-1254
-1527
-1642
-1676
-1363
-822
-1006
-1265
-1160
-889
-1057
-1032
-484
-338
-661
-822
-309
68
293
473
273
-67
284
1271
1538
993
730
1234
1830
2626
2696
1484
324
1527
3724
3557
1635
537
1363
2644
3645
3109
676
-1016
445
2805
2225
-215
-1620
-1419
-381
922
785
-1455
-3230
-2096
60
332
-1297
-2616
-2675
-1795
-458
-346
-1884
-3048
-1889
-518
-834
-1581
-1779
-1791
-1278
-355
-748
-1778
-1706
-621
-335
-834
-1211
-1155
-731
-111
-86
-606
-919
-229
620
546
33
2
819
1145
1387
1237
1311
1476
2597
2773
1635
897
2094
3634
3153
1971
1325
1867
2689
3587
2890
456
-691
933
2603
1490
-447
-1364
-1362
-594
716
297
-2071
-3279
-1670
-127
-433
-1522
-2402
-2759
-1900
-324
-434
-1990
-2684
-1514
-674
-707
-1196
-1679
-1839
-1163
-286
-807
-1687
-1626
-614
-400
-900
-1299
-1215
-709
-252
-395
-994
-990
33
717
255
-324
23
1020
1512
1576
1053
1018
1806
3326
3210
1490
678
2323
4234
3871
2269
976
1373
2970
4423
3053
-146
-1302
889
2923
1947
-602
-2412
-2214
-327
1388
147
-2904
-3945
-1888
124
-11
-1672
-3249
-3299
-1457
383
-307
-2248
-2876
-1474
-330
-208
-1093
-2031
-2074
-1036
-131
-761
-1610
-1608
-840
-565
-767
-1070
-1186
-915
-566
-466
-775
-608
-8
524
169
-3
344
1171
1565
1542
1306
1299
2229
3345
3330
1667
963
2446
4311
3967
2136
967
1384
2954
3986
2778
-140
-1261
583
2451
1612
-783
-2428
-2255
-563
906
-73
-2784
-3783
-2025
-78
-156
-1698
-3068
-2992
-1310
239
-368
-2105
-2580
-1294
-181
-377
-1237
-2013
-1836
-1034
-312
-896
-1734
-1610
-780
-448
-986
-1359
-1210
-719
-406
-564
-868
-712
168
753
428
-86
225
1303
1868
1795
1268
1437
2100
3436
3529
2073
791
1901
4245
4254
2358
713
1118
2530
3795
3091
224
-1642
-196
2285
1966
-509
-2337
-2324
-996
620
425
-1947
-3705
-2461
-245
183
-1110
-2497
-2838
-1799
-95
45
-1436
-2489
-1713
-520
-478
-1026
-1770
-1887
-1517
-742
-870
-1603
-1664
-1010
-669
-1173
-1388
-1064
-594
-556
-698
-871
-593
146
814
557
-29
161
1303
2140
1934
1401
1363
2194
3284
3729
2452
1033
1575
3785
4431
2735
956
821
2079
3349
3247
839
-1430
-849
1580
2047
-26
-2041
-2474
-1474
28
484
-1293
-3312
-2910
-846
36
-768
-2071
-2666
-2156
-752
-23
-963
-2116
-2092
-1082
-654
-928
-1512
-1848
-1751
-1323
-933
-1226
-1466
-1264
-945
-1057
-1144
-788
-504
-598
-694
-497
-181
251
797
794
274
424
1453
2225
1902
1678
1787
2263
2829
3722
3150
1512
1148
2948
4281
3014
1405
688
1344
2323
3122
1795
-1041
-1653
375
1870
419
-1458
-2308
-2064
-881
356
-363
-2654
-3332
-1634
-233
-500
-1470
-2282
-2422
-1477
-117
-417
-1761
-2217
-1379
-738
-960
-1227
-1670
-1739
-1427
-850
-1077
-1484
-1188
-683
-737
-1171
-896
-400
-204
-311
-350
-307
125
940
1373
698
329
909
2105
2375
2104
1788
1684
2462
3616
3741
1859
729
1853
3628
3416
1909
625
344
1444
2865
2417
-390
-1972
-710
1171
923
-581
-2057
-2598
-1594
113
144
-1942
-3126
-2218
-758
-402
-888
-1851
-2464
-1789
-453
-291
-1367
-1904
-1397
-869
-969
-1221
-1431
-1430
-1246
-980
-1148
-1385
-1015
-395
-443
-1103
-1120
-481
142
131
-174
-438
-141
821
1518
1182
363
642
1589
2446
2299
1906
1551
1937
3234
3677
2376
562
1163
2998
3537
2228
709
184
875
2520
2751
429
-1958
-1322
771
1192
-164
-1601
-2502
-2108
-350
488
-1063
-2950
-2562
-1160
-489
-769
-1442
-2238
-2107
-897
-377
-1107
-1740
-1424
-1093
-1147
-1306
-1361
-1376
-1188
-1032
-1234
-1508
-1101
-256
-103
-832
-1293
-739
206
516
124
-420
-285
671
1572
1591
725
572
1288
2306
2382
1980
1697
1921
2685
3315
2699
1207
833
2366
3472
2581
980
267
812
1865
2587
1278
-1224
-1839
36
1395
301
-1302
-2196
-2145
-1099
204
-384
-2486
-3089
-1732
-655
-853
-1310
-1929
-2352
-1671
-561
-727
-1739
-1786
-1167
-964
-1257
-1250
-1288
-1280
-952
-745
-1082
-1365
-595
100
-179
-901
-866
-132
434
586
229
-228
15
1130
1931
1426
507
733
1616
2378
2305
1979
1513
1779
2958
3377
1908
529
1257
3007
3008
1783
566
100
959
2424
2467
-274
-2107
-1028
990
1008
-486
-1822
-2730
-1921
-186
206
-1788
-3206
-2465
-1247
-805
-1011
-1712
-2524
-2141
-928
-631
-1414
-1608
-1224
-1088
-1128
-1124
-1050
-1124
-684
-591
-895
-1151
-536
247
162
-409
-793
-217
521
885
476
-156
50
978
1789
1474
619
583
1290
2255
2135
1746
1333
1763
2698
3186
2280
594
777
2385
3323
2133
653
-82
524
2018
2610
850
-1768
-1709
96
1097
78
-1320
-2564
-2693
-1227
14
-853
-2754
-2914
-2046
-1263
-1032
-1184
-2091
-2502
-1662
-836
-953
-1256
-1045
-1053
-1143
-1059
-720
-728
-614
-528
-701
-967
-612
240
397
-81
-618
-412
165
737
762
204
-172
279
1225
1678
1238
623
788
1574
2209
2251
1957
1666
1887
2980
3405
2040
613
1245
3031
3081
1848
571
27
578
2083
2444
-104
-2246
-1588
216
309
-626
-1653
-3028
-3083
-1351
-207
-1615
-3107
-2890
-2117
-1594
-1068
-1227
-2279
-2462
-1367
-769
-1122
-1064
-734
-858
-1057
-797
-629
-732
-337
-70
-457
-1044
-524
381
595
108
-467
-511
-32
825
949
275
-221
321
1184
1664
1281
1012
910
1557
2171
2392
2227
1893
2393
3114
3194
1773
861
1894
3114
2861
1411
335
-170
735
2254
1855
-904
-2628
-1534
-45
23
-763
-2096
-3596
-3164
-1041
-313
-2014
-3218
-2863
-2154
-1454
-855
-1272
-2306
-1996
-900
-712
-1067
-749
-348
-521
-743
-577
-555
-382
136
252
-551
-1125
-350
599
589
-140
-555
-532
8
715
726
50
-158
468
1104
1197
1077
1011
1221
1779
2207
2299
2004
2274
2609
3364
2900
1586
608
1684
3359
2845
1279
-285
-382
491
2163
1757
-1122
-2872
-1897
-185
-213
-856
-2169
-3428
-3100
-1164
-497
-1948
-2870
-2398
-1840
-1596
-1119
-1243
-1751
-1396
-587
-814
-1370
-728
96
155
-460
-960
-1301
-683
603
734
-572
-1711
-940
361
923
289
-641
-1046
-393
672
768
149
-171
345
885
1300
1149
1174
1261
2022
2224
2278
2134
2237
2771
3426
3421
1516
408
1455
3291
2944
1428
89
-826
-93
1748
2026
-851
-2824
-2147
-824
-608
-776
-1627
-3336
-3388
-1612
-739
-1945
-2429
-1863
-1767
-1786
-1240
-1143
-1593
-940
-143
-689
-1493
-711
355
558
9
-755
-1324
-922
460
845
-97
-1197
-890
-32
410
298
-131
-429
-313
218
251
111
370
953
1005
927
798
1166
1549
2276
2365
2052
1735
1954
2782
3308
3312
1692
370
559
2425
2953
1743
173
-1017
-785
575
1618
-158
-2276
-2578
-1488
-1044
-1089
-1426
-2604
-3084
-2264
-1268
-1868
-2287
-1785
-1372
-1501
-1453
-1217
-1515
-939
109
117
-939
-1049
-144
467
686
260
-599
-1181
-261
861
771
-98
-661
-347
-45
415
444
69
-267
-108
271
260
349
539
664
833
1089
1147
1064
1264
1860
2053
2092
1661
1717
2023
2725
2450
1112
73
527
1860
1987
1120
-460
-1161
-668
619
692
-787
-1952
-2071
-1424
-1023
-897
-1631
-2345
-2277
-1551
-1232
-1582
-1693
-1472
-1018
-782
-767
-1104
-1121
-431
261
254
-288
-474
-223
318
622
274
-224
-493
-208
193
475
216
-194
-156
36
187
45
59
129
330
408
316
229
247
626
1085
1275
957
729
776
1211
1581
1616
1045
505
813
1286
1491
552
-326
-606
111
780
691
42
-743
-799
-273
259
74
-412
-782
-762
-503
-280
-447
-787
-959
-801
-519
-418
-487
-636
-595
-379
-93
-72
-284
-345
-232
-131
-94
-42
-132
-271
-202
31
103
4
-85
-5
69
228
406
438
288
202
343
446
377
215
93
13
-13
-62
-157
-352
-380
-344
-382
-472
-434
-389
-518
-647
-661
-507
-458
-388
-426
-473
-441
-249
11
54
-21
-82
77
302
459
467
428
466
606
765
735
581
485
544
633
637
529
345
234
383
612
574
269
132
332
588
605
449
278
228
425
663
686
461
360
420
511
537
471
302
75
37
128
159
-33
-217
-298
-337
-439
-625
-850
-966
-946
-996
-1241
-1461
-1407
-1271
-1293
-1480
-1584
-1508
-1322
-1166
-1221
-1349
-1319
-1055
-781
-738
-804
-765
-472
-174
-74
-110
-57
189
509
727
648
491
625
1038
1266
1160
1002
1014
1223
1457
1512
1261
1035
1176
1450
1426
1145
1004
1059
1185
1257
1157
955
934
1193
1312
1037
734
696
796
794
692
498
258
156
232
220
-28
-312
-540
-644
-636
-610
-773
-1098
-1253
-1215
-1194
-1308
-1495
-1691
-1788
-1727
-1700
-1851
-2001
-1895
-1724
-1689
-1713
-1657
-1465
-1241
-1070
-1076
-1101
-999
-710
-477
-459
-572
-548
-230
126
250
197
200
392
695
907
907
824
955
1327
1582
1554
1446
1471
1680
1927
1998
1797
1590
1689
1964
2025
1777
1543
1436
1411
1448
1488
1271
952
872
991
953
710
490
254
118
99
67
-199
-497
-588
-630
-818
-1018
-1125
-1272
-1392
-1465
-1576
-1754
-1781
-1641
-1645
-1771
-1802
-1736
-1668
-1594
-1582
-1673
-1711
-1570
-1382
-1335
-1386
-1402
-1273
-1027
-815
-759
-738
-590
-329
-159
-71
-38
46
228
457
614
641
723
895
1134
1282
1318
1322
1397
1628
1814
1847
1752
1774
1938
2089
2080
1942
1830
1777
1808
1746
1527
1270
1105
1017
939
809
573
329
230
217
46
-257
-492
-576
-592
-682
-853
-1103
-1200
-1049
-964
-1142
-1411
-1456
-1333
-1150
-1078
-1159
-1336
-1374
-1192
-1036
-1024
-1134
-1219
-1167
-1005
-897
-957
-1033
-949
-836
-800
-761
-675
-577
-498
-375
-311
-280
-121
182
366
350
336
464
634
755
878
915
856
938
1173
1306
1258
1232
1272
1294
1298
1313
1253
1115
1056
1082
1045
921
822
775
748
716
547
251
41
98
198
51
-282
-527
-521
-363
-312
-511
-819
-910
-735
-498
-548
-803
-1042
-1559
-1902
-1631
-621
-19
-192
-487
-456
-104
36
14
-97
-45
-43
-303
-564
-549
-285
-159
-360
-587
-404
-51
-26
-313
-439
-157
9
-35
-84
-71
-104
-243
-238
-388
-840
-1197
-488
462
685
36
131
811
1490
1946
1949
2058
2317
2819
2301
1699
1845
1970
1196
193
214
632
419
-313
-825
-817
-613
-604
-869
-1044
-778
-748
-1203
-1490
-1015
-510
-723
-1082
-902
-314
-59
-245
-523
-422
-47
159
30
-160
-185
-162
-141
-135
-59
-186
-463
-661
-705
-675
-682
-689
-937
-1189
-1128
-749
-472
-429
-645
-719
-298
-46
-71
-362
-59
261
500
469
517
851
1437
1730
1485
1628
1975
2313
2006
1823
1876
2178
2098
1909
2063
1665
472
-714
-504
389
968
382
-844
-1712
-1607
-978
-788
-1140
-1478
-1428
-1322
-1205
-1136
-1113
-1348
-1394
-821
33
266
-159
-583
-470
147
788
884
351
-90
-167
-30
58
87
-187
-606
-691
-362
-566
-1578
-2439
-2188
-1216
-771
-1092
-1639
-1670
-1099
-394
-250
-450
-308
272
682
745
640
491
519
944
1729
2085
1968
1609
1427
1583
1963
2288
2205
2008
2092
2333
2399
2376
1969
629
-979
-1095
256
1250
675
-843
-2195
-2516
-1682
-833
-956
-1529
-1531
-1231
-1018
-692
-284
-466
-922
-526
751
1641
1335
478
-47
253
1108
1599
1061
223
-93
-134
-299
-412
-480
-917
-1404
-1387
-1344
-2332
-3808
-4202
-2987
-1474
-1030
-1865
-2962
-2871
-1475
-196
-62
-228
70
743
1259
1433
1056
515
735
1844
2904
3016
2305
1420
1273
1922
2732
2740
2293
2196
2615
2868
2335
808
-1367
-2356
-1238
811
1448
423
-1403
-2764
-2754
-1519
-439
-506
-739
-688
-378
-4
544
484
-172
-322
805
2322
2958
2415
997
-12
247
1349
1704
1094
230
-288
-559
-594
-646
-1328
-2263
-2727
-2538
-2711
-3375
-4313
-4613
-3836
-2226
-1277
-1695
-2319
-2126
-1126
-309
130
95
336
996
1690
1678
1170
884
1097
1747
2320
2499
2080
1586
1406
1586
1794
1914
1982
2257
2682
2324
267
-2353
-3074
-1458
485
1043
252
-1095
-1851
-1619
-1095
-1057
-872
-133
597
981
1483
1840
1125
-38
-267
1024
2754
3709
3210
1845
888
877
1011
669
359
357
244
-186
-578
-1019
-1828
-2764
-3214
-3108
-2874
-3130
-3755
-3910
-3036
-2058
-1970
-2474
-2336
-1329
-162
346
152
24
420
1022
1141
912
673
643
834
1214
1542
1519
1229
962
964
1299
1709
1912
1817
1953
2162
1603
-449
-2583
-2925
-1394
294
746
204
-738
-1031
-953
-870
-1141
-852
-22
750
1277
1910
2456
1886
689
27
865
2285
3209
2861
1835
1066
833
576
-52
-468
-501
-467
-541
-501
-630
-1336
-2441
-3128
-3114
-2693
-2627
-2978
-3168
-2409
-1290
-881
-1290
-1510
-994
-107
569
744
710
811
1104
1080
794
503
407
443
687
1017
1133
1010
780
634
704
1078
1606
1821
2007
2022
1392
-521
-2294
-2523
-1406
-271
174
113
-357
-480
-517
-732
-1347
-1170
-346
516
1248
2149
2578
1794
693
187
595
1157
1612
1637
1542
1376
1028
329
-416
-779
-1052
-1351
-1416
-939
-597
-919
-1689
-2104
-2205
-2370
-2842
-3174
-2901
-1872
-760
-243
-286
-314
-150
8
222
411
624
844
1308
1690
1649
955
123
-103
329
842
876
894
1076
1531
1759
1771
1595
1615
1968
2014
1184
-649
-1855
-1935
-1092
-596
-266
-336
-531
-606
-503
-653
-1226
-1212
-795
8
720
1635
1846
1387
746
597
728
838
955
917
910
772
542
20
-383
-736
-1133
-1632
-1793
-1557
-1350
-1392
-1629
-1772
-1979
-2270
-2678
-2832
-2711
-2155
-1390
-555
121
552
662
578
575
596
645
669
996
1341
1586
1402
1079
819
859
913
905
972
1199
1547
1909
2362
2556
2571
2388
2040
858
-824
-2045
-2056
-1462
-855
-307
-83
-226
-492
-611
-1033
-1477
-1463
-926
-200
792
1841
2116
1645
1096
938
856
794
793
804
765
627
393
21
-319
-773
-1411
-2052
-2196
-2037
-2000
-2141
-2078
-1853
-1872
-2235
-2706
-2866
-2760
-2248
-1619
-785
-45
608
969
1228
1245
895
497
432
804
1058
1150
1096
1188
1323
1356
1081
849
952
1126
1301
1502
2082
2504
2853
2803
2115
410
-1446
-2262
-2206
-1787
-1524
-812
-268
311
407
201
-622
-1201
-1294
-877
25
1261
2302
2414
2186
1964
1858
1374
888
542
476
427
305
61
-185
-398
-856
-1546
-2104
-2212
-2198
-2329
-2469
-2344
-2154
-2089
-2185
-2250
-2301
-2290
-2065
-1567
-874
-147
470
921
1320
1509
1354
927
683
586
473
340
408
696
1029
1207
1156
1078
1034
1017
1045
1174
1460
1774
2303
2535
1968
331
-1236
-1940
-2057
-2096
-2042
-1414
-768
110
615
841
280
-237
-708
-699
-88
1057
2003
2239
2353
2415
2418
1938
1369
692
184
-207
-375
-413
-470
-648
-1130
-1596
-1874
-1843
-1958
-2183
-2398
-2288
-2059
-1958
-1967
-2092
-1936
-1674
-1043
-553
-22
284
837
1297
1675
1709
1488
1181
924
861
652
419
140
276
464
735
705
685
515
584
764
1171
1410
1589
1882
1865
1101
-458
-1407
-1911
-2018
-2260
-1900
-1456
-885
-262
408
635
298
-69
-429
-318
126
912
1379
1727
2052
2421
2455
2063
1436
659
-13
-520
-727
-845
-891
-981
-1221
-1518
-1680
-1687
-1836
-1965
-2027
-1865
-1736
-1639
-1710
-1766
-1603
-1214
-571
35
564
860
1328
1702
1897
1644
1294
983
814
671
434
214
90
237
424
605
603
589
543
580
846
1214
1558
1827
2207
1921
740
-755
-1475
-1891
-2211
-2366
-2015
-1546
-947
-189
309
415
187
31
-141
-25
256
694
1013
1353
1769
2231
2447
2258
1686
808
-38
-635
-1011
-1358
-1520
-1506
-1455
-1480
-1485
-1613
-1851
-2017
-1980
-1874
-1888
-1977
-2040
-1807
-1428
-866
-421
85
549
1127
1543
1789
1785
1530
1165
887
762
604
433
230
231
406
721
851
880
854
789
819
991
1343
1685
2172
2328
1720
422
-675
-1247
-1786
-2165
-2214
-1765
-1315
-461
335
792
566
327
287
397
548
683
838
911
1165
1483
1865
1997
1824
1256
525
-92
-639
-1241
-1885
-2215
-2289
-2170
-1977
-1750
-1746
-1889
-1907
-1738
-1609
-1786
-2085
-2264
-1964
-1480
-875
-451
34
538
1191
1685
1870
1641
1182
801
608
522
269
2
-131
101
466
820
923
915
905
1044
1247
1428
1602
1929
2461
2503
1779
547
-234
-893
-1463
-1935
-1943
-1713
-1141
-204
550
762
496
414
417
564
556
589
611
836
1138
1437
1635
1644
1493
1091
614
69
-485
-1138
-1666
-1940
-2061
-2057
-1903
-1699
-1728
-1767
-1660
-1434
-1487
-1763
-2067
-2117
-1900
-1536
-1061
-674
-252
255
978
1441
1510
1115
643
321
205
-34
-402
-639
-592
-250
218
661
877
1067
1253
1568
1763
1923
1886
2117
2406
2262
1394
455
-105
-715
-1191
-1508
-1492
-1519
-977
-130
520
509
293
245
371
601
670
738
768
1036
1397
1803
1943
1789
1453
1100
778
359
-165
-799
-1180
-1340
-1361
-1423
-1427
-1530
-1664
-1680
-1586
-1555
-1672
-1743
-1881
-1957
-1997
-1727
-1447
-1123
-822
-297
352
871
1039
811
517
253
91
-176
-363
-524
-537
-421
-82
291
609
863
1140
1517
1923
2251
2435
2661
2586
1966
844
-15
-724
-1333
-1828
-1930
-1868
-1581
-715
236
724
547
450
454
609
597
546
506
609
947
1457
1998
2185
2106
1838
1565
1200
694
-92
-926
-1392
-1502
-1475
-1454
-1424
-1499
-1440
-1258
-1124
-1221
-1401
-1618
-1905
-2048
-2015
-1764
-1568
-1289
-865
-63
750
1212
1168
871
598
326
-7
-487
-869
-1021
-833
-500
-69
333
781
1215
1659
2026
2304
2519
2644
2736
2341
1446
316
-381
-1080
-1617
-1918
-1842
-1828
-1435
-485
325
490
216
141
113
235
244
323
349
538
926
1537
2033
2145
2026
1779
1536
1196
671
-171
-958
-1369
-1474
-1466
-1396
-1355
-1393
-1240
-1041
-1010
-1312
-1584
-1782
-1863
-1948
-1924
-1787
-1582
-1252
-696
92
728
1127
1206
1106
866
579
106
-362
-664
-644
-420
-82
294
737
1207
1583
1927
2260
2556
2684
2859
2677
1937
855
68
-674
-1520
-2054
-2235
-2251
-2129
-1338
-390
239
326
383
415
434
371
325
294
266
476
927
1497
1806
1894
1754
1564
1395
1105
460
-402
-1129
-1599
-1817
-1855
-1870
-1978
-1886
-1508
-1149
-1146
-1392
-1618
-1741
-1768
-1725
-1636
-1597
-1459
-1108
-472
216
828
1131
1258
1275
1173
775
165
-400
-726
-707
-510
-184
205
790
1339
1873
2279
2682
2903
3159
3162
2562
1417
381
-359
-1181
-1855
-2215
-2221
-2154
-1513
-546
308
608
797
955
1022
907
685
436
185
151
397
922
1369
1677
1795
1843
1750
1518
940
107
-766
-1480
-1997
-2272
-2337
-2424
-2366
-1998
-1402
-1050
-1075
-1304
-1522
-1631
-1748
-1838
-1979
-1971
-1705
-1080
-391
289
823
1184
1349
1368
1112
538
-93
-550
-769
-794
-595
-184
480
1172
1865
2403
2833
3059
3386
3378
2734
1503
504
-318
-1174
-1874
-2158
-2278
-2236
-1563
-544
345
802
1149
1337
1449
1384
1201
838
415
149
245
593
944
1236
1470
1627
1709
1698
1321
558
-286
-1030
-1670
-2135
-2429
-2686
-2756
-2459
-1924
-1453
-1250
-1231
-1281
-1261
-1299
-1422
-1676
-1853
-1780
-1399
-914
-407
153
684
1118
1371
1345
995
522
79
-302
-618
-762
-611
-142
547
1274
1968
2510
2909
3311
3483
2926
1715
637
-213
-1098
-1930
-2391
-2640
-2557
-1885
-812
137
833
1411
1852
2079
2023
1759
1301
759
327
234
378
568
826
1168
1435
1631
1733
1535
935
171
-615
-1395
-2033
-2498
-2923
-3144
-2949
-2417
-1884
-1503
-1247
-1051
-895
-826
-876
-1082
-1311
-1403
-1242
-1010
-666
-243
246
702
1106
1261
1126
865
559
200
-276
-671
-778
-456
98
798
1537
2208
2802
3347
3411
2659
1548
591
-412
-1474
-2184
-2577
-2865
-2661
-1789
-750
131
954
1713
2234
2483
2429
2087
1521
863
369
206
213
304
596
1003
1311
1548
1631
1347
750
88
-601
-1310
-1930
-2484
-2897
-2961
-2697
-2391
-2071
-1669
-1284
-989
-736
-557
-568
-706
-796
-732
-649
-572
-494
-295
50
460
704
782
836
902
862
647
313
21
-116
-45
182
579
1104
1790
2498
2813
2444
1780
1173
364
-730
-1734
-2416
-2891
-2881
-2318
-1536
-785
92
1079
1975
2585
2816
2630
2143
1512
900
382
-44
-278
-183
197
662
1095
1392
1409
1115
626
-22
-766
-1471
-2117
-2671
-2906
-2818
-2612
-2382
-2029
-1592
-1136
-691
-344
-214
-238
-254
-280
-376
-432
-359
-217
-14
267
578
784
862
909
913
843
715
643
586
532
569
754
995
1344
1837
2052
1678
1098
737
227
-578
-1361
-1993
-2517
-2605
-2170
-1541
-967
-237
660
1551
2239
2628
2684
2368
1771
1153
690
173
-319
-483
-278
50
471
876
1073
1023
753
240
-476
-1259
-2040
-2648
-2928
-2889
-2694
-2390
-2000
-1577
-1149
-693
-312
-139
-93
-8
96
78
-36
-172
-195
-85
98
206
342
550
758
850
873
871
841
910
1020
1150
1206
1338
1569
1662
1320
774
354
-58
-715
-1294
-1602
-1884
-2072
-1892
-1428
-957
-377
323
1024
1604
2048
2312
2344
2110
1707
1296
876
395
-5
-200
-211
-29
225
358
427
514
506
237
-253
-941
-1666
-2212
-2533
-2748
-2859
-2656
-2137
-1504
-895
-327
65
262
406
478
346
117
-73
-235
-327
-320
-305
-237
-38
240
488
748
884
943
1020
1162
1183
1243
1369
1533
1494
1141
493
-44
-481
-1034
-1611
-1996
-2235
-2229
-1724
-1073
-605
-118
588
1262
1843
2242
2343
2105
1790
1514
1307
1025
654
358
346
399
376
327
299
206
84
-93
-326
-602
-950
-1351
-1617
-1798
-2088
-2340
-2236
-1980
-1742
-1307
-686
-147
306
710
917
949
811
506
128
-154
-450
-676
-692
-538
-326
37
418
769
1143
1477
1574
1565
1519
1467
1400
1063
325
-368
-716
-1153
-1656
-1940
-2123
-2310
-2061
-1530
-1106
-670
76
840
1495
1996
2327
2426
2294
1964
1613
1237
648
147
48
152
164
235
314
262
166
74
-201
-632
-1130
-1577
-1820
-1849
-1932
-2010
-1888
-1586
-1197
-653
-161
99
297
559
766
871
845
656
481
385
220
-6
-147
-268
-323
-215
-31
178
522
927
1251
1554
1784
1952
1962
1568
697
-178
-831
-1522
-2182
-2580
-2807
-2807
-2337
-1652
-1139
-645
2
637
1196
1672
2009
2148
2120
1970
1805
1522
1044
604
374
156
-45
-50
-18
-53
-45
-42
-245
-579
-940
-1343
-1712
-2021
-2246
-2256
-1982
-1572
-1046
-422
153
642
1097
1376
1391
1230
991
698
385
67
-204
-300
-259
-139
73
314
463
637
871
1047
1140
1173
1199
1342
1376
978
340
-144
-655
-1282
-1832
-2292
-2737
-2822
-2456
-1984
-1548
-930
-164
576
1190
1661
1904
1898
1733
1642
1582
1297
909
745
683
517
366
259
50
-226
-399
-592
-825
-1100
-1389
-1662
-1860
-1998
-2024
-1881
-1599
-1218
-685
-68
542
1066
1488
1735
1762
1588
1281
865
361
-39
-225
-281
-253
-87
192
528
875
1144
1327
1466
1531
1513
1431
1013
242
-438
-860
-1290
-1727
-1985
-2162
-2207
-1938
-1583
-1369
-1149
-808
-413
9
409
734
981
1110
1200
1306
1262
915
609
568
601
516
418
321
219
117
-63
-391
-775
-1155
-1582
-1890
-1994
-1972
-1880
-1539
-992
-432
129
713
1185
1474
1553
1485
1376
1264
1024
724
532
440
373
381
440
462
564
779
1028
1201
1332
1313
1313
1261
855
118
-488
-979
-1534
-1927
-2092
-2313
-2395
-2051
-1518
-1122
-739
-263
256
683
880
899
811
568
239
63
-112
-350
-431
-239
-42
97
218
240
170
69
-106
-370
-636
-932
-1257
-1472
-1550
-1540
-1397
-1081
-711
-273
309
895
1301
1559
1725
1720
1556
1311
1036
748
481
296
327
533
748
967
1259
1510
1616
1664
1650
1553
1259
788
177
-381
-893
-1422
-1854
-2146
-2344
-2285
-1939
-1554
-1221
-752
-217
248
646
961
1120
1090
938
725
469
50
-437
-794
-1028
-1295
-1452
-1448
-1414
-1372
-1188
-957
-817
-821
-936
-1003
-1013
-1035
-996
-743
-431
-71
459
999
1331
1562
1781
1829
1713
1487
1242
1074
970
845
797
873
883
944
1168
1337
1320
1358
1440
1468
1434
1131
527
-58
-511
-1049
-1509
-1790
-2060
-2144
-1828
-1403
-1090
-693
-209
193
541
853
1054
1129
1048
879
748
550
171
-169
-436
-810
-1169
-1380
-1631
-1964
-2129
-2221
-2409
-2605
-2616
-2508
-2295
-1985
-1553
-1001
-327
408
1072
1565
1899
2151
2327
2325
2090
1760
1494
1301
1164
1119
1117
1112
1232
1497
1683
1757
1752
1681
1530
1361
959
250
-410
-943
-1419
-1759
-1861
-1904
-1831
-1425
-913
-486
-150
172
426
647
793
844
853
799
730
715
639
372
141
0
-225
-509
-724
-1015
-1395
-1657
-1887
-2252
-2651
-2858
-2957
-2930
-2762
-2503
-2107
-1542
-940
-359
267
791
1149
1474
1760
1871
1895
1932
1907
1870
1844
1859
1857
1940
2028
2114
2195
2146
2026
1897
1682
1064
334
-276
-836
-1425
-1854
-2105
-2338
-2294
-1924
-1416
-931
-381
219
819
1360
1661
1762
1687
1422
1042
690
226
-335
-694
-876
-1057
-1117
-1041
-1036
-1038
-990
-1153
-1498
-1797
-2041
-2272
-2354
-2318
-2190
-1801
-1255
-739
-236
204
472
673
865
829
651
551
492
509
673
914
1103
1501
1950
2371
2658
2905
2918
2833
2629
2021
1230
458
-196
-911
-1382
-1785
-2096
-2080
-1783
-1428
-1076
-546
-26
544
1080
1435
1558
1555
1422
1189
922
471
11
-276
-488
-836
-1070
-1202
-1359
-1483
-1631
-1848
-2006
-2069
-2107
-1995
-1775
-1575
-1227
-679
-233
112
464
715
828
901
822
610
468
343
249
225
272
258
417
629
811
930
1087
1244
1399
1495
1267
994
650
321
-79
-301
-571
-815
-849
-729
-510
-304
13
275
618
931
1184
1369
1436
1387
1243
1068
739
367
46
-265
-627
-959
-1208
-1401
-1587
-1811
-1959
-2023
-1996
-1925
-1756
-1614
-1452
-1133
-710
-340
-24
335
693
1043
1330
1476
1495
1420
1290
1170
1005
736
395
222
148
138
157
219
302
378
409
188
-206
-666
-1102
-1491
-1710
-1798
-1750
-1429
-874
-197
520
1250
1807
2223
2493
2549
2354
1935
1369
798
351
-66
-471
-720
-783
-782
-740
-696
-775
-935
-1080
-1240
-1455
-1663
-1794
-1831
-1670
-1369
-1008
-556
-60
375
773
1120
1316
1371
1392
1301
1147
1026
975
894
830
873
928
1024
1086
1186
1169
1022
678
210
-352
-1018
-1646
-2144
-2494
-2683
-2592
-2192
-1695
-1136
-488
180
712
1095
1401
1533
1498
1329
1139
908
639
409
247
141
-1
-121
-229
-427
-726
-999
-1189
-1378
-1478
-1485
-1411
-1236
-920
-611
-311
-8
284
525
722
818
853
911
912
861
879
979
1083
1212
1379
1495
1562
1578
1544
1429
1171
708
174
-318
-820
-1252
-1563
-1763
-1891
-1717
-1345
-978
-641
-257
104
352
502
512
428
236
37
-120
-241
-407
-504
-435
-367
-368
-373
-443
-667
-866
-974
-1140
-1294
-1322
-1225
-1006
-649
-269
89
479
820
1082
1268
1274
1145
1031
942
769
685
717
764
850
1034
1232
1334
1404
1405
1337
1138
766
260
-262
-784
-1267
-1494
-1598
-1678
-1590
-1191
-731
-302
148
527
783
987
1113
1057
865
595
290
-27
-322
-597
-773
-923
-1035
-1135
-1265
-1455
-1578
-1650
-1772
-1835
-1768
-1593
-1331
-947
-521
-77
355
752
1116
1374
1513
1559
1589
1550
1493
1477
1487
1457
1439
1419
1398
1391
1329
1225
1013
751
294
-160
-625
-1072
-1531
-1805
-1906
-1926
-1734
-1393
-965
-556
-59
399
811
1061
1176
1190
1105
902
648
389
59
-205
-341
-442
-616
-810
-989
-1157
-1287
-1427
-1522
-1585
-1573
-1506
-1295
-1070
-849
-594
-282
12
256
476
678
861
1017
1174
1394
1603
1733
1848
1938
1948
1875
1817
1668
1445
1117
698
210
-243
-687
-1087
-1363
-1561
-1672
-1594
-1400
-1176
-914
-570
-274
11
267
427
481
475
423
300
159
-21
-134
-180
-211
-344
-455
-573
-695
-821
-937
-1048
-1155
-1138
-1043
-874
-709
-440
-130
168
442
661
803
845
856
858
885
916
951
999
1098
1210
1319
1422
1475
1434
1324
1078
686
225
-212
-678
-1008
-1224
-1321
-1305
-1080
-833
-594
-311
-69
74
138
154
50
-100
-294
-514
-683
-783
-840
-813
-708
-656
-656
-627
-623
-663
-686
-728
-781
-742
-595
-428
-226
6
263
531
786
941
1003
1017
975
918
903
899
826
804
857
957
1055
1199
1300
1293
1223
1060
753
336
-78
-450
-748
-907
-984
-889
-672
-416
-152
132
341
406
450
355
116
-190
-521
-862
-1155
-1335
-1481
-1498
-1479
-1457
-1400
-1284
-1186
-1100
-964
-890
-761
-541
-303
-111
112
365
587
830
1019
1120
1154
1149
1130
1118
1094
981
892
861
876
914
939
945
916
893
775
541
208
-118
-396
-622
-731
-752
-628
-433
-141
172
479
746
917
985
929
782
486
124
-276
-678
-1043
-1303
-1513
-1707
-1829
-1877
-1862
-1797
-1694
-1600
-1428
-1184
-925
-650
-358
-59
225
529
798
998
1150
1257
1333
1371
1381
1348
1276
1182
1096
1047
980
893
770
659
513
302
29
-285
-599
-857
-982
-1029
-1006
-884
-656
-377
-49
285
537
732
908
995
963
825
595
297
10
-261
-613
-917
-1164
-1321
-1440
-1476
-1488
-1483
-1385
-1221
-1000
-804
-600
-378
-111
115
299
493
660
795
929
1079
1209
1284
1345
1372
1374
1321
1251
1158
1027
845
666
496
232
-79
-370
-541
-700
-795
-798
-766
-689
-573
-368
-276
-227
-187
-115
-99
-117
-127
-212
-312
-413
-457
-605
-776
-939
-1011
-1041
-1001
-956
-918
-819
-615
-362
-179
-32
116
307
478
574
626
670
732
805
921
1014
1064
1114
1178
1205
1182
1113
1006
845
659
458
270
86
-114
-263
-320
-273
-195
-62
39
149
225
306
306
197
60
-99
-229
-377
-501
-649
-698
-756
-901
-1050
-1191
-1323
-1464
-1528
-1648
-1725
-1697
-1560
-1389
-1164
-898
-613
-251
94
404
648
876
1041
1216
1360
1453
1487
1522
1573
1601
1642
1593
1542
1455
1337
1098
790
439
57
-286
-555
-718
-795
-755
-636
-421
-177
77
243
355
403
421
375
324
232
122
31
-26
-105
-352
-590
-782
-895
-1082
-1209
-1361
-1464
-1446
-1337
-1256
-1239
-1150
-1037
-868
-739
-650
-566
-427
-252
-5
268
486
698
961
1214
1403
1516
1544
1509
1438
1296
1117
888
667
437
322
234
196
164
146
131
97
79
8
-78
-179
-219
-243
-295
-313
-316
-309
-295
-271
-258
-247
-243
-252
-243
-234
-252
-252
-215
-219
-233
-253
-275
-325
-366
-437
-512
-512
-472
-390
-279
-141
-25
123
275
387
457
473
443
441
412
364
279
261
218
276
344
400
453
499
541
486
443
267
95
-104
-272
-465
-608
-693
-712
-635
-540
-401
-269
-166
-108
-52
-57
-136
-242
-323
-367
-371
-307
-208
-65
112
301
443
513
507
448
377
282
180
86
81
96
192
282
394
410
445
414
339
173
4
-153
-282
-328
-331
-250
-157
16
162
322
365
343
248
108
-84
-287
-444
-561
-588
-557
-446
-322
-186
-80
-39
-76
-189
-336
-531
-704
-842
-900
-881
-758
-544
-289
-3
246
478
619
717
725
701
656
593
554
528
559
586
628
630
639
605
553
459
359
232
117
11
-55
-121
-185
-218
-231
-252
-302
-323
-381
-420
-448
-466
-478
-431
-356
-279
-166
-75
19
109
142
113
57
12
-80
-149
-226
-283
-311
-292
-265
-237
-189
-154
-108
-79
-40
-36
-16
-6
37
95
137
224
284
378
408
467
479
498
461
431
434
416
399
368
370
295
258
163
43
-134
-280
-429
-556
-631
-695
-679
-632
-517
-410
-279
-191
-118
-58
-26
-36
-52
-39
-18
32
97
163
205
255
258
230
148
69
-16
-56
-108
-128
-97
-20
68
151
237
281
339
357
360
286
248
184
168
155
177
190
233
284
328
330
252
121
-50
-239
-461
-675
-859
-990
-1025
-982
-868
-723
-549
-363
-175
-14
74
121
154
198
203
233
254
294
315
357
381
369
317
260
211
141
67
-27
-106
-173
-212
-253
-255
-225
-183
-74
62
201
323
462
568
630
682
678
639
579
520
455
389
306
203
122
42
-78
-218
-368
-518
-673
-791
-891
-958
-976
-921
-813
-695
-557
-406
-253
-128
-35
32
75
104
121
147
168
205
241
295
335
352
370
352
297
208
133
39
-40
-110
-142
-134
-89
-20
66
174
260
348
434
475
490
473
450
402
333
253
167
99
29
-29
-82
-124
-182
-205
-235
-261
-309
-326
-340
-338
-340
-329
-302
-269
-222
-173
-125
-93
-49
-10
3
5
10
-7
-22
-53
-75
-106
-104
-112
-82
-54
-6
47
114
157
178
186
190
169
152
125
129
144
175
227
270
306
310
320
261
188
79
-29
-141
-229
-297
-332
-317
-276
-202
-139
-77
-23
2
-5
-64
-134
-219
-293
-362
-396
-383
-327
-231
-128
-19
79
158
183
160
86
-1
-76
-123
-130
-113
-26
105
280
429
551
620
641
622
550
445
321
224
148
117
113
131
154
170
157
114
24
-96
-243
-381
-499
-573
-601
-572
-494
-382
-246
-121
-1
67
94
72
31
-26
-93
-146
-183
-179
-167
-130
-82
-50
-49
-74
-116
-189
-288
-383
-466
-504
-504
-443
-365
-253
-120
29
176
298
387
441
489
536
591
647
702
772
855
943
987
1004
961
880
759
608
412
207
14
-156
-301
-429
-532
-621
-662
-721
-767
-817
-837
-854
-828
-780
-719
-613
-478
-306
-165
-14
94
207
271
305
293
256
207
144
82
-10
-103
-194
-261
-325
-383
-423
-452
-445
-405
-345
-276
-185
-75
40
172
298
422
534
651
738
810
856
904
931
944
925
888
837
770
679
544
388
217
41
-148
-313
-465
-579
-666
-705
-741
-746
-747
-731
-723
-710
-707
-701
-664
-604
-513
-411
-289
-161
-9
114
207
253
260
220
160
61
-40
-133
-190
-213
-180
-133
-49
57
167
260
326
362
360
350
319
308
302
324
355
416
466
506
523
499
436
340
221
93
-31
-132
-213
-263
-283
-286
-262
-232
-206
-198
-190
-211
-226
-235
-242
-248
-232
-195
-147
-94
-53
-31
-25
-28
-57
-104
-169
-216
-242
-246
-247
-240
-196
-138
-77
-16
48
88
131
179
227
263
305
345
397
448
494
519
532
531
507
469
414
346
258
190
112
39
-48
-140
-236
-308
-380
-456
-530
-589
-632
-647
-649
-636
-613
-571
-520
-441
-337
-240
-139
-35
66
153
246
323
380
419
453
476
482
475
456
429
370
291
202
111
14
-76
-156
-229
-267
-270
-241
-207
-138
-70
16
92
155
205
251
296
319
335
335
334
320
301
271
229
155
69
-13
-120
-226
-323
-414
-525
-624
-697
-742
-779
-788
-758
-708
-627
-513
-369
-227
-88
25
141
239
319
372
409
427
446
467
485
502
506
511
505
486
434
373
304
223
144
64
-24
-88
-122
-137
-143
-133
-118
-95
-60
-32
-22
-8
9
26
51
75
102
125
145
159
163
143
96
16
-72
-161
-255
-349
-426
-490
-529
-545
-525
-507
-482
-446
-401
-360
-314
-259
-189
-108
-22
70
161
255
339
409
446
465
472
457
424
373
312
247
185
129
78
32
-8
-25
-27
-17
-5
17
43
68
85
99
108
108
105
101
102
104
106
112
121
121
115
103
77
36
-17
-71
-138
-216
-297
-363
-413
-447
-457
-450
-427
-389
-337
-279
-234
-202
-171
-135
-100
-62
-25
27
94
162
224
270
305
320
320
282
230
164
107
60
17
-17
-33
-31
-19
0
12
25
32
40
45
51
56
69
93
122
150
175
199
209
210
200
176
137
92
49
15
-8
-29
-42
-52
-54
-62
-74
-101
-142
-192
-239
-278
-318
-339
-337
-308
-268
-207
-152
-89
-32
12
33
49
56
51
52
59
79
112
160
199
236
265
277
259
219
153
77
6
-61
-118
-149
-158
-146
-116
-86
-57
-41
-37
-49
-67
-95
-119
-136
-137
-112
-74
-14
50
114