SAMPLES:	9915
BITSPERSAMPLE:	16
CHANNELS:	1
SAMPLERATE:	16000
NORMALIZED:	FALSE
0
1
-7
-11
-9
-3
3
5
3
2
1
1
0
-5
-9
-4
1
6
6
-8
-10
3
10
1
-3
-2
4
5
4
6
9
9
1
-8
-12
-9
-4
-3
-4
4
11
15
10
8
-5
-9
-3
4
2
0
2
11
14
-1
-4
4
10
0
-7
-2
10
15
-3
-14
-1
23
28
16
-2
-16
-14
-6
-7
-11
-11
3
7
7
-8
-15
-9
2
-11
-34
-30
-17
2
8
-1
-9
7
22
25
14
-2
-7
-1
5
6
10
7
2
-13
-30
-20
6
20
10
-5
-7
4
7
-2
-16
-3
4
1
0
16
36
35
10
-25
-26
-21
-23
-33
-23
-5
7
3
-4
-18
-41
-33
-19
3
21
50
44
11
-6
-6
6
-1
-24
-49
-39
-21
2
31
40
37
27
6
-22
-20
-11
-7
-5
2
-2
-12
-8
7
28
13
2
1
28
27
-2
-9
4
19
19
13
15
1
26
58
33
-45
-67
-32
-12
-1
-14
15
35
64
63
16
-30
-46
-46
-49
-31
-7
14
18
4
0
1
9
11
3
-7
8
39
28
-5
-50
-70
-76
-26
37
42
31
37
49
21
-19
-52
-45
3
24
17
19
21
17
23
6
-44
-47
-3
41
35
14
27
34
25
10
-31
-62
-57
-22
4
-20
-61
-21
36
25
-11
-6
10
37
42
23
-16
-13
-6
-8
-33
-3
47
39
-4
-35
17
40
8
-83
-111
-72
32
83
58
2
-29
-19
1
8
-10
-47
-80
-70
-21
43
79
52
-21
-48
-19
43
48
48
5
1
18
56
14
-54
-97
-57
-18
-2
26
48
60
33
54
55
49
-9
-48
-80
-44
27
76
50
-14
-53
-58
-13
25
28
-20
-84
-79
-8
12
-4
14
54
74
42
-27
-59
-26
14
16
3
-9
-18
-45
-68
-44
0
34
48
14
-26
-56
-52
-7
64
117
70
30
-6
-15
-7
11
-17
-11
18
41
26
0
12
49
101
51
-42
-138
-82
7
38
-18
-52
-28
-15
-29
-64
-40
13
102
51
-49
-43
43
58
47
81
47
0
0
16
-16
20
25
-7
-38
-25
28
46
81
27
-14
-6
12
-27
-52
-20
-9
15
-10
-39
-41
-3
53
94
13
-97
-102
-26
-22
0
91
114
35
-104
-127
-99
17
48
3
-73
-55
-24
-32
-18
-54
-34
-11
42
36
82
68
24
-101
-147
-55
59
19
-40
-36
14
44
119
179
118
40
-58
-140
-133
58
72
-14
-76
-33
48
157
127
-44
-117
-141
-32
58
71
-5
-8
16
-21
-9
103
82
-32
-94
-109
-44
27
21
-45
-57
56
159
138
-6
-46
-26
-70
-46
-42
9
-21
-70
-157
-12
91
45
65
89
87
79
107
-71
-156
-66
53
-32
-106
-66
35
97
93
34
-97
-15
48
-41
-164
-48
79
106
87
16
15
97
89
-69
-120
8
108
67
-11
-42
-1
50
17
-71
-87
57
154
48
-61
-92
-73
5
9
-94
-58
49
55
-2
15
-12
-38
-49
-47
32
20
-20
-36
-21
41
184
132
-58
-125
-12
78
26
-122
-62
115
125
47
-55
-23
-21
-7
-76
-98
-33
161
74
-60
22
91
37
-7
-18
-76
-10
-41
-100
-166
32
119
91
51
33
-42
16
-13
-192
-194
-45
60
34
15
-94
-43
56
153
155
77
-81
-126
-13
1
-42
-40
2
-47
41
139
59
-104
-79
-12
27
76
12
-73
2
127
7
-98
-118
-54
-16
-33
-71
88
231
147
-80
-158
6
53
39
-93
-77
39
189
98
-28
-82
-13
105
42
-143
-184
-57
30
25
-15
8
55
-14
-45
8
46
42
26
-27
66
49
-63
-78
12
-32
-1
73
-24
25
127
112
-113
-142
10
135
104
-30
-105
-88
52
142
-36
-131
44
106
-1
15
38
64
66
-39
-150
-87
99
31
-113
-89
130
89
21
-84
-129
-65
13
49
76
81
-30
-67
85
149
98
-18
-116
-57
-10
28
23
59
10
-11
42
120
53
-63
-184
-136
-19
146
97
-63
-6
137
48
-114
-110
-53
22
-3
-11
-63
-8
14
7
3
-82
-112
-60
22
3
45
17
-19
-98
-88
-51
87
-9
-62
46
121
61
20
30
-144
-127
-81
-20
-51
24
181
84
9
-29
51
5
-18
-7
21
-46
-40
-12
80
-35
-18
21
12
55
136
94
-101
-97
-75
102
71
-45
-159
-8
55
55
139
-17
-22
102
63
-194
-295
-86
123
204
169
11
-68
-60
-24
-23
-2
37
6
84
-2
69
29
-66
-88
30
24
96
3
-71
18
35
57
-24
-45
-102
62
-46
-31
82
-140
-153
-49
40
101
188
-39
-125
33
29
-55
-12
99
140
143
-17
-187
-79
64
137
-24
-69
21
26
66
98
46
-146
-160
-21
38
61
-81
-69
-47
-41
15
78
179
50
-72
-134
-62
35
58
31
-49
-60
43
16
-79
-74
86
143
3
-79
-62
13
-5
-82
-215
-154
164
265
8
-116
72
117
92
19
-39
-161
-53
99
45
-20
48
137
-48
-160
-125
25
161
146
155
-112
-100
81
156
-118
-252
-184
-10
125
111
20
-46
34
33
52
-112
-124
-118
4
118
331
68
-163
-171
-56
-55
-47
34
-12
129
171
46
-238
-36
51
14
-149
-91
8
219
258
-113
-138
-17
111
-91
-182
-36
45
169
64
-1
-109
89
149
10
-124
-172
55
-36
-33
8
175
86
-16
-124
-94
9
31
75
-20
-64
24
-27
-120
21
47
-10
8
119
91
95
-82
-169
-284
-29
238
148
20
-139
90
55
65
-164
-82
-127
63
96
-73
-12
131
125
9
-90
-169
14
132
144
-90
31
-74
-68
-10
-66
67
199
175
-20
75
-57
-129
-81
-148
-62
185
76
16
59
30
-61
150
-34
-85
45
-67
-184
-150
152
139
181
-127
-60
62
226
77
-204
-211
-73
255
-15
-101
-16
124
66
48
-192
-259
331
338
40
-163
-12
19
-121
-96
-83
-62
-14
231
-82
-122
95
157
-27
-198
-203
-38
82
87
-3
-98
-27
-125
-65
-99
115
107
154
-62
-19
64
92
35
-238
-62
-125
40
-38
-13
90
-33
216
218
149
-248
-233
-114
-13
76
-53
58
82
333
96
51
-215
-216
-96
62
-140
-41
146
64
144
122
-77
-88
8
57
45
-18
-90
68
15
-193
-44
127
170
87
-27
-154
-56
35
76
-70
-150
-104
186
75
50
55
-79
-132
-48
135
110
28
-91
-124
-144
32
87
-44
86
62
140
-75
-202
-83
17
136
167
11
-233
-255
-55
13
204
90
41
-22
29
-184
-39
122
-103
188
91
-56
-124
81
-66
99
214
-38
-97
-185
59
-27
-47
52
-5
67
-56
-46
-66
101
116
105
27
-132
83
126
-60
-200
49
-50
-78
-48
59
106
159
6
-112
95
-51
-52
-152
-4
159
185
-98
0
174
98
-168
-196
-291
37
229
216
22
45
77
-165
-233
-212
16
91
-5
-24
125
246
144
-28
-166
-215
-54
60
215
-13
120
125
-18
-70
15
-27
14
-81
-9
31
98
32
-73
13
-38
-205
58
-74
-257
-58
93
198
297
186
-143
-147
-183
-274
-211
34
329
286
90
34
-131
-55
-140
28
-107
65
5
-173
1
263
200
-113
-167
-192
136
292
-113
-249
-62
130
157
10
-310
-232
314
175
56
-343
35
115
349
-129
-129
46
93
155
-317
-117
-304
308
18
95
-298
-50
225
12
-24
-114
46
-110
49
-119
-53
-24
16
103
432
155
-1
-241
-161
-126
128
259
150
44
-176
-73
-252
-55
-156
120
125
210
187
8
-228
-147
85
171
0
-164
7
-36
28
166
32
-103
-50
131
-121
-233
-58
104
78
26
134
256
227
-138
-195
-576
-385
285
393
239
-90
29
-47
45
-129
-131
-211
127
4
-103
-26
-57
249
200
103
1
-98
-26
153
62
-80
-112
37
11
-133
-182
25
252
308
3
24
-285
-14
-23
78
19
50
-135
-233
116
518
221
-134
-73
-72
-152
-214
-195
19
368
137
66
-198
143
81
-108
-249
-31
369
-55
-282
-379
-179
350
78
-134
1
285
-29
-40
-393
-126
360
307
-96
-174
95
115
317
-25
-283
-289
109
-181
128
-76
204
251
131
170
-167
-327
59
-29
-109
63
253
-14
134
-55
-205
-202
99
183
-266
-11
-40
63
138
108
-142
-227
29
-147
-265
-68
224
130
192
128
-13
95
41
-3
-311
-245
-21
174
101
-168
-97
157
412
219
-260
-515
-64
338
173
-154
-515
-576
86
478
211
123
-6
352
-5
-152
-50
-234
25
169
242
-98
22
-240
-184
129
380
114
-253
77
-234
-121
-372
-293
-59
627
388
92
-262
-101
68
187
-165
-550
-82
210
400
373
-93
-295
371
264
-118
-355
-303
297
562
1
-446
-275
-59
237
75
-186
33
517
163
-36
51
-150
-207
-155
-83
159
241
7
-78
33
97
21
-243
-322
17
458
159
-70
-277
120
-47
-60
-252
134
-49
296
174
-61
-34
-138
-205
-83
112
190
-183
-172
229
200
240
-9
41
-89
-57
-186
-199
-366
193
148
-36
-14
-95
266
-24
-378
-80
182
159
52
-233
17
266
115
-266
-383
4
432
339
-296
-212
140
9
-169
-249
297
465
340
-688
-627
42
532
66
-339
-150
273
594
97
-65
-650
57
65
-250
-263
204
450
41
160
-377
376
509
205
-981
-699
-172
380
518
-123
-227
-117
122
-248
38
163
347
450
50
-590
-138
-258
77
221
-426
-147
496
308
264
74
-435
-566
77
-19
238
263
154
184
221
-148
-126
183
-166
-277
-21
-397
-272
480
236
84
261
-113
167
135
127
-136
-360
-318
118
666
169
-73
-722
-193
-107
383
-107
297
-114
642
43
-426
-279
196
-527
-317
-459
177
666
493
-95
-547
-140
179
268
-12
0
8
203
-110
3
-566
195
493
286
-147
-286
-197
392
145
-256
-838
-6
173
294
-202
-171
138
539
-328
31
310
72
287
-37
-392
93
263
-73
-74
40
138
250
-136
-309
-342
-22
-157
407
40
272
-169
135
-208
-284
144
-225
18
272
404
-187
709
-487
87
-388
-60
146
220
-97
-195
-371
-34
344
325
426
-353
-392
-293
343
414
-147
-202
-217
47
125
-301
-17
417
119
-282
-819
-1028
1122
141
92
-211
131
202
594
222
-859
-343
64
354
60
52
-530
643
-312
-157
294
-546
-119
305
-185
151
627
-570
200
-66
-105
330
387
-227
186
-3
-530
-139
-294
-162
356
487
134
846
-254
-617
-288
-292
131
228
-597
-189
635
555
322
-225
-723
-403
137
-195
6
3
-281
251
804
-48
-293
151
90
163
291
-732
-60
551
513
-129
-409
-542
467
112
-99
-214
425
-174
768
-157
-357
12
387
1
-73
-768
-156
381
224
65
-300
119
271
266
-473
-613
-138
375
-63
233
139
379
337
-314
-339
-72
-28
453
113
-469
-296
-84
91
108
388
-192
135
-66
-115
-36
39
-220
19
-366
440
221
-519
-214
-285
816
679
-378
-416
-503
138
949
83
-1055
244
301
126
-286
91
-170
720
-106
-618
-397
238
379
-371
1
-664
76
596
332
-208
267
-634
4
235
174
-202
-49
-158
287
729
368
-390
-424
2
-92
-107
-1013
11
740
251
5
-16
-405
553
574
-561
-582
389
-4
603
-384
-295
204
700
-404
-105
-309
212
631
147
-663
-533
262
-44
99
-327
-20
275
605
334
-227
-208
175
-440
213
89
-348
-96
240
274
294
-340
-364
-404
-334
322
-35
200
-58
135
-128
282
-383
-122
-286
363
110
141
-111
-303
-350
10
4
166
490
616
109
-324
-242
-633
217
74
-276
90
597
223
240
-131
-359
-193
-155
-465
86
425
816
313
-565
-663
299
445
511
32
-873
6
-108
-258
45
-676
-567
815
108
716
673
-113
-126
-396
-1054
273
97
2
147
-428
-130
679
12
416
438
-487
-9
235
-128
-50
-518
-855
535
540
236
320
-424
-326
-83
339
637
-502
-379
48
147
464
21
-27
93
-449
-362
30
646
452
-98
-429
131
-147
653
208
-485
-246
112
167
503
-180
-387
-6
280
-73
117
-135
-933
-97
-37
1
719
273
-113
60
-222
-348
-146
734
-693
-206
-331
375
882
21
-325
-435
-268
87
-58
-128
-39
90
288
148
246
90
-221
580
-669
-888
45
412
275
438
-549
140
761
100
-368
-301
-387
-762
-80
615
723
94
-157
-188
380
451
-252
-358
-709
184
385
-111
-77
-391
-630
424
249
-15
269
-347
103
498
-191
-8
240
-749
174
478
71
195
-147
-291
18
90
-158
845
184
-348
313
156
212
-239
-685
-84
-2
-439
223
-151
108
428
74
-257
758
462
-30
-227
-604
-226
48
82
-119
143
-340
-184
9
-235
35
41
-232
506
171
-134
208
-373
-281
138
-185
438
338
231
-170
83
-264
-553
34
-588
-786
692
715
-124
-354
-391
587
516
-55
-167
248
449
501
-522
-584
58
438
49
-765
-325
-329
396
884
40
-124
143
42
52
6
-842
-806
169
437
-151
129
-41
613
761
-181
-530
69
513
596
-335
-1612
-406
587
-235
-412
-189
647
1967
522
-762
-577
621
358
-21
-771
-1167
456
698
-143
-712
-513
766
527
-536
-851
-280
537
466
-40
-729
-448
437
643
317
-50
207
387
334
201
-942
-756
-57
43
-231
94
175
394
640
383
160
-121
-12
-194
-257
-333
-73
70
-431
170
522
-247
-205
56
315
568
459
-130
-407
-235
-72
50
-2
-218
-46
218
127
-231
-99
116
342
-326
-76
373
363
7
-696
-800
-94
149
512
407
153
543
-229
-439
5
-201
104
240
320
956
682
-339
-671
-641
-890
-92
-276
-198
418
-24
608
395
-361
-77
-533
-834
-92
142
-92
27
274
963
595
-548
-73
67
332
9
-713
-182
391
264
-239
-298
-178
-266
252
-151
-152
86
-14
43
-413
-83
205
147
-44
365
622
578
-98
-240
266
581
-131
-822
-544
488
563
94
-243
-406
175
87
-302
-349
217
652
495
-34
-299
-181
88
-404
-805
-711
-98
197
-158
31
283
447
159
-200
-90
226
285
-300
-202
-117
-43
45
-139
-338
-79
384
17
40
-153
119
121
-106
-206
-380
-480
77
330
264
330
514
630
-29
-385
-5
-77
-116
3
-76
74
239
60
174
499
254
42
-458
-270
-114
-178
-247
-318
-108
460
550
82
-384
-149
321
-25
-618
-712
-276
484
205
-216
4
141
261
96
-194
-463
-220
270
203
-91
-85
226
581
668
88
-303
-104
78
-24
-431
-286
212
377
301
244
119
212
162
-120
-314
-89
16
55
127
-28
164
340
154
-74
-81
80
55
-105
-278
-61
-17
41
37
94
162
104
-183
-310
-74
29
28
-64
-205
-174
55
171
136
-131
-202
14
167
-28
-266
-248
-164
-37
-107
-204
-136
111
-56
-186
-382
-279
-86
-26
75
-93
-50
-16
56
-32
-88
117
155
151
77
-20
61
226
-62
54
357
566
522
503
534
363
167
50
33
-147
-181
-108
-86
-136
-106
-102
13
-45
22
153
124
46
-24
4
-27
-119
-257
-150
-129
-169
-142
-54
-74
-195
-235
-234
-173
-157
-291
-118
136
-7
-298
-292
-25
126
4
-109
-82
22
-6
-138
-140
-42
136
65
73
217
247
274
160
109
99
95
97
-79
-79
-103
-52
58
261
185
119
138
-3
-131
-326
-401
-503
-374
-202
-14
194
274
290
379
442
272
43
-3
144
10
-184
-187
30
380
293
109
178
315
280
179
39
-155
-186
-27
5
84
-10
-31
75
174
147
-55
-181
-262
-156
-279
-368
-204
-106
-66
-169
-228
-190
-159
-188
-286
-391
-208
-192
-257
-335
-430
-177
-11
-2
-169
-216
-94
18
61
-99
-264
-268
-126
193
106
47
97
339
543
314
234
443
756
804
674
711
921
1038
1046
1018
908
945
1261
1430
1315
1086
1157
1367
1204
477
-69
-315
-336
-537
-841
-943
-853
-679
-808
-831
-949
-1071
-1300
-1257
-1143
-1463
-1791
-1846
-1544
-1511
-1860
-2050
-1991
-1716
-1818
-2091
-2322
-2383
-2216
-2106
-1918
-1834
-1569
-1064
-413
51
246
653
1386
2240
2984
3685
4050
4115
4148
4050
3790
3162
2664
2674
2830
2953
3178
3997
5114
5484
5403
5221
4843
3543
986
-1841
-4194
-5668
-6617
-7117
-6674
-5527
-4163
-2604
-1147
-16
508
714
863
885
397
-728
-1941
-2668
-3093
-3750
-4827
-5867
-6346
-6291
-6120
-6206
-6192
-5614
-4249
-2570
-1228
-40
1297
2730
3793
4089
4138
4617
5661
6080
5318
4572
4865
5543
5158
3698
2883
3432
4438
4557
4419
5437
7244
8592
7743
4196
-497
-3997
-5558
-7183
-9922
-11351
-9019
-4253
-680
906
2523
4876
6382
5743
3854
1934
325
-742
-1381
-1630
-1793
-1783
-1642
-2226
-3879
-6485
-9352
-12314
-14502
-14399
-11512
-7476
-3975
-430
3960
7846
8787
7218
5278
4115
2648
408
-1473
-2138
-1555
-142
1701
3366
4024
4129
4798
5641
5507
4227
3354
4134
5642
6699
7469
8600
10129
9779
5758
-583
-5621
-8036
-10300
-13950
-16306
-13926
-7850
-2260
1159
4212
7741
10264
10309
8281
5227
2358
377
-617
-1371
-2247
-2819
-2935
-3334
-5284
-8298
-10900
-12415
-13823
-14662
-13019
-8357
-2888
1285
4474
7328
9263
9031
7016
4400
2034
9
-1384
-2295
-2936
-2972
-1795
76
1725
3016
4267
5643
6653
7097
6794
6306
6006
6258
7066
8016
8963
9909
9689
5746
-1314
-7635
-10807
-13176
-16949
-19276
-16060
-8313
-980
3895
8089
12381
14701
13871
10802
6489
1978
-1413
-2987
-3674
-4375
-4733
-4767
-5408
-7312
-9868
-12187
-13890
-14592
-13380
-9871
-4902
480
5434
9228
10966
10465
8437
5509
2101
-1296
-3738
-4836
-5085
-4965
-4450
-3193
-1405
703
3145
5671
7735
8871
9461
9683
9335
7880
6083
5223
5564
6191
6524
6800
5871
1432
-5731
-11582
-13828
-15137
-17509
-17480
-11513
-2009
5784
10476
14020
16574
16513
13399
8257
2175
-3413
-6871
-7956
-8115
-8008
-7104
-5317
-4323
-5284
-7721
-9273
-9063
-7981
-7006
-5336
-1624
3116
6940
8306
7637
5852
3604
946
-2186
-5083
-6655
-6476
-5105
-3767
-2701
-1644
-195
1715
3930
6206
7957
9074
10048
10488
9771
7587
5293
3875
3286
2969
2789
3314
4401
4305
718
-6006
-11908
-13804
-13064
-13024
-12824
-8472
483
9241
13839
15054
15224
14206
10816
5111
-1270
-6509
-9488
-9884
-8745
-7169
-5644
-4015
-2594
-2333
-3375
-5105
-6277
-6187
-4530
-2221
-542
374
1512
3154
3433
1286
-1662
-3017
-2672
-2382
-2796
-2887
-2067
-706
-153
-604
-1469
-1488
-114
2353
5004
7189
8574
9476
9318
7878
5281
2655
1154
919
1576
2593
3885
5696
7044
5351
-923
-8499
-11895
-11074
-11053
-12951
-11116
-2890
6612
11534
13024
14324
14841
12384
7525
2028
-3269
-7722
-9584
-8964
-7571
-6345
-4598
-2199
-686
-1075
-2542
-3712
-4256
-4189
-3269
-1965
-1443
-1442
-976
-130
-597
-2306
-3373
-2650
-1238
-520
-182
476
1129
967
-222
-2107
-3972
-4868
-4098
-2052
471
3371
6254
8376
8642
7495
6104
5030
4277
3882
4290
5391
6535
7230
7801
7326
3233
-4609
-11332
-12223
-10321
-11154
-13180
-9860
-700
7649
11368
13208
15413
16133
13472
8424
2143
-4640
-9967
-12126
-11715
-10272
-7953
-4416
-1058
422
80
-1117
-2478
-3531
-3665
-2165
-312
649
3
-1403
-2492
-3237
-4361
-6029
-6796
-4868
-956
2469
3375
2625
1713
416
-2448
-6537
-9122
-8467
-4803
-79
4895
9487
12999
14365
12802
9674
6317
4043
2314
830
320
1868
4441
6663
7630
6003
152
-7418
-11112
-9983
-10220
-13599
-13263
-4745
6377
12911
15912
18775
20000
16640
9607
1134
-7722
-15225
-18484
-17148
-13310
-8682
-3373
1787
4840
4921
3103
700
-1484
-2711
-2425
-826
42
-243
-1786
-4215
-7166
-9426
-9409
-7491
-4537
-750
3665
7326
7994
5545
1536
-2593
-6237
-9016
-9795
-8026
-3814
1904
7311
11100
12420
12245
10849
8482
5522
2747
1416
1101
1866
3003
4692
6485
8165
6815
258
-8637
-12814
-11087
-9742
-12325
-12225
-4114
7580
14695
16674
17364
16803
12678
5392
-2678
-10419
-16569
-18646
-15665
-9965
-4064
1034
5245
7425
6983
4333
716
-2700
-4705
-4643
-3014
-1719
-2615
-5302
-7186
-6664
-5322
-5106
-4785
-1828
3307
6954
6720
3677
205
-2711
-5519
-8461
-10407
-9812
-6142
-728
4582
8659
11302
12846
12681
10910
7495
4431
2426
1750
1335
1053
1656
3291
5223
6726
8041
6838
808
-7555
-11656
-10561
-10298
-13172
-12412
-4021
7540
14834
17578
17816
15617
10098
2553
-5504
-12857
-17745
-17609
-12929
-6432
-615
3759
6071
5914
3585
275
-3199
-5845
-6468
-4620
-1414
924
1302
-846
-4502
-7499
-8060
-6789
-5361
-3634
-109
4595
7670
6858
3151
-1056
-4251
-6395
-7680
-7808
-6103
-1975
3847
9365
12683
13755
13240
11641
8656
4830
1077
-1571
-2810
-2522
-646
2079
4684
6815
9276
10401
6213
-2777
-9425
-9550
-8577
-12074
-14580
-8844
2340
10271
13261
14943
15289
11580
4439
-3078
-9933
-15486
-17408
-14533
-9034
-3271
1756
5387
6171
4231
1179
-1573
-3680
-4606
-3727
-1482
624
1542
396
-3464
-8045
-9757
-7773
-5032
-3432
-1038
3634
7989
8570
5252
898
-2350
-3949
-4523
-4666
-4191
-2167
1599
5471
7747
8129
7883
7257
5729
2956
179
-1505
-1437
84
2188
4568
6959
9680
11513
12376
10799
4614
-5168
-13089
-15036
-14885
-17100
-17884
-11382
527
10212
15252
17916
18189
14357
7058
-903
-8609
-15031
-17632
-15004
-9257
-3134
1982
5515
6312
4637
1768
-871
-3104
-4319
-3707
-1224
1272
2293
762
-3179
-7367
-8854
-6671
-3478
-1215
1273
5389
9232
9211
4638
-1345
-5545
-7250
-7883
-8227
-7729
-5282
-998
3542
6533
7717
8080
8453
8383
7072
4674
2362
1429
1686
2094
2401
2991
4603
6669
8941
8763
3235
-6186
-12874
-13434
-13049
-15843
-16610
-9107
3561
13326
18208
20349
19401
13973
5482
-3308
-11445
-17590
-19253
-15567
-8991
-2003
3894
7672
8302
6644
4048
1435
-1209
-2789
-2784
-1595
-422
-339
-1915
-4610
-6467
-6272
-4640
-2924
-1050
1462
3899
4499
2644
-744
-3817
-5624
-6114
-6003
-5636
-4685
-2489
620
3562
5756
7539
9282
10316
9905
7995
5097
2129
-308
-1430
-1586
-502
1703
5039
8103
10605
11567
7601
-2340
-12712
-16240
-15142
-16175
-18001
-12607
479
12744
18756
20501
19493
14632
6234
-2478
-10050
-15821
-17988
-14593
-7794
-931
4257
7597
8171
6043
2722
-302
-3083
-5175
-5241
-3243
-812
643
1127
-187
-4144
-7495
-6446
-2382
-920
-2420
-2167
1615
4342
2722
-1203
-3812
-4242
-3728
-3788
-4388
-4134
-1376
3411
8068
10518
11299
11364
10360
7370
2784
-1465
-4212
-4740
-3537
-1361
1257
4166
7280
9674
11481
10262
3473
-6773
-13035
-13268
-13523
-16715
-15734
-5891
7092
15233
18564
19247
16428
9184
273
-7722
-14271
-17908
-16324
-10175
-3004
2755
6509
7911
6414
3141
-253
-2807
-4533
-4715
-3204
-749
1059
1831
869
-1670
-4219
-4879
-4455
-4738
-5021
-3276
-89
2118
2448
2130
2059
2050
1580
288
-1501
-3043
-3401
-2285
-216
2031
4389
6439
7639
7376
5650
2629
-575
-2539
-2343
-840
1030
3488
6756
10133
12332
13109
10793
2687
-9179
-17190
-17745
-17202
-19573
-17974
-6298
9117
18261
20522
20149
17088
9629
-10
-8085
-13598
-16086
-14159
-8328
-1782
2943
5331
5429
3384
543
-1727
-3207
-3962
-3272
-962
1516
2742
2762
1662
-1320
-5208
-6734
-4754
-2648
-2768
-2867
-287
3129
4135
2519
505
-560
-1090
-2246
-4258
-5875
-5505
-2671
1398
4811
6865
8124
8836
8073
5098
600
-2901
-3694
-2220
-225
1660
4115
7064
9465
10494
10195
7298
-74
-9574
-15493
-15378
-14416
-15382
-13021
-2874
9405
16183
17173
16173
13106
7009
-333
-6086
-9956
-11566
-10053
-5804
-1517
1273
2495
2651
1611
220
-789
-1170
-1243
-403
1370
3068
3600
3097
1789
-683
-3807
-6204
-6993
-7200
-7160
-6068
-3317
-385
1720
3068
4009
3722
2056
-517
-2836
-4458
-5031
-4399
-2179
1020
4270
6592
7586
7015
5098
2274
-340
-1820
-1725
-391
1607
3874
5776
7020
7738
8322
7757
3116
-5613
-13275
-14433
-12059
-12241
-13044
-7321
4241
13196
15567
14843
13428
9937
3907
-2195
-6680
-9553
-10236
-8193
-4766
-1868
216
1875
2710
2391
1708
1287
1239
1359
1944
2608
2724
1766
297
-1451
-3717
-6585
-9026
-9432
-7722
-5420
-3670
-1716
1382
4807
6639
6033
3749
997
-1614
-3870
-5806
-6720
-5617
-2415
1377
4429
6212
6908
6299
4481
1861
-78
-740
-182
931
2252
3676
5043
6237
6924
7171
5609
56
-8097
-12799
-11798
-10692
-12521
-11104
-1919
8795
13635
13741
13293
11583
6962
1260
-2884
-5804
-7918
-8213
-6499
-4371
-2354
-162
1718
2149
1914
2032
2381
2139
1547
1135
1005
728
183
-720
-1669
-2564
-3526
-5276
-7107
-7235
-5648
-4275
-3450
-1199
2774
5857
6011
4077
2030
507
-1374
-3828
-5784
-5741
-3768
-552
2424
4429
5490
6340
6313
4557
1778
-296
-679
-484
-158
662
2914
5285
6807
7783
7564
2632
-6265
-12148
-11234
-9804
-12261
-12328
-3654
7947
13087
12211
11139
10785
8073
3082
-1560
-4842
-7207
-7865
-6499
-4199
-2419
-1063
19
707
991
1242
1664
2109
2448
2690
2796
2285
1038
-537
-1881
-3203
-4219
-5260
-6916
-8227
-7131
-4204
-2084
-894
1500
5277
7442
6123
2500
-435
-1965
-3335
-5393
-6310
-4847
-1365
2103
4160
4581
4822
5130
4300
2122
-69
-778
-212
866
1759
3084
4694
6248
7297
6807
2128
-5657
-10647
-9777
-8078
-9846
-10418
-4204
5297
10318
10047
9242
9837
9109
5512
683
-3163
-5592
-6703
-6503
-5191
-3449
-1592
118
1618
2590
2754
2354
2006
1766
1381
863
366
-38
-396
-428
-622
-1584
-3297
-4994
-6511
-7940
-8496
-7035
-3608
307
3432
5369
6087
5117
2701
-195
-2418
-4026
-4844
-4374
-2426
-231
1092
1733
2706
3868
3937
2583
1314
1302
2157
2436
2157
2360
3774
5285
5864
5998
5088
656
-6329
-9398
-7112
-6305
-10329
-11269
-3809
5710
8929
8175
9025
11270
10566
6378
1154
-2980
-5594
-6537
-6244
-5222
-3802
-2091
-430
932
1656
1403
818
981
1785
2194
2030
1764
1343
480
-526
-1326
-2342
-4892
-7989
-9575
-8586
-6800
-4888
-2525
962
4196
5860
5179
3390
1830
936
-202
-1787
-3147
-3647
-3218
-2704
-2124
-1100
1028
3109
4074
3554
2972
3052
3138
2262
1230
1809
3681
5409
5923
6542
6347
2456
-4839
-8867
-7392
-7028
-11122
-12288
-4682
4825
8298
7285
8419
11153
11422
7376
2330
-1447
-3297
-4420
-5243
-5693
-4983
-3268
-1337
310
1085
915
530
1238
1922
1456
79
-305
196
633
228
-395
-918
-2284
-5463
-8506
-8522
-6106
-4481
-4052
-2345
1662
5142
5330
2912
1402
1810
1837
-683
-4136
-5904
-5129
-3425
-2306
-1314
807
3641
5129
4758
3573
3236
3441
3440
2584
2418
3104
4549
5381
6325
6418
3679
-2567
-6965
-6509
-6251
-10350
-12958
-7073
2382
7211
6779
7498
10234
11357
7902
2842
-879
-2338
-3026
-3653
-4040
-3625
-2463
-1362
-634
-904
-1676
-1978
-662
759
1276
851
852
1153
1468
1287
636
-255
-1598
-3410
-5718
-7204
-7402
-6284
-5303
-3941
-1638
1505
3325
3304
2351
1878
1664
502
-1854
-4188
-4524
-3327
-1940
-1297
-288
1661
3973
5063
4565
3872
3881
4504
4624
4096
3157
3387
4501
5419
5055
2653
-2356
-7206
-7762
-6177
-7469
-10255
-7335
693
6400
6157
5157
6898
9032
7964
4635
1747
139
-602
-1362
-2250
-3012
-2849
-2342
-2076
-2281
-2610
-2654
-1752
-340
362
284
222
699
1256
1656
1493
700
-384
-1470
-3347
-6118
-7806
-6973
-5307
-4606
-3878
-1625
1013
2053
1404
844
1342
2013
1356
-373
-1672
-1734
-1277
-1096
-956
-47
1714
3170
3557
3246
3374
4024
4640
4313
3675
3618
4461
4817
4603
3715
877
-4234
-7252
-5304
-3167
-5726
-8761
-5564
1043
3688
1798
1590
5162
8651
8576
6132
3562
1860
895
42
-1161
-2298
-2669
-2581
-2608
-3334
-4473
-4843
-3709
-2139
-1283
-1026
-530
782
2298
3080
2699
1754
490
-905
-2096
-3427
-5081
-5784
-4583
-3596
-4043
-4468
-2787
-333
1023
703
683
1767
2563
1432
-233
-698
-221
357
690
965
1614
2649
2923
2666
2861
3240
3208
2849
2534
2516
3022
3184
3398
3846
2364
-2107
-4663
-2629
-1509
-5768
-9637
-6157
921
3242
1139
1676
6223
9103
7340
3560
768
-283
87
493
-283
-1622
-2144
-1924
-2012
-3101
-4433
-4410
-2845
-1471
-1332
-1763
-1777
-746
954
2233
2307
1786
1193
733
155
-972
-3217
-5586
-6494
-5751
-4724
-4064
-2952
-814
1636
2828
2271
950
248
196
253
-86
-612
-515
607
1906
2517
2548
2456
2827
3646
4045
3342
2218
1816
2555
3519
3600
3420
3621
2112
-1905
-4270
-3109
-3073
-6656
-8024
-3181
2691
3427
1369
1902
4789
5818
3794
1125
-132
235
1252
1440
131
-1239
-1283
-620
-747
-1877
-3006
-3147
-2640
-2843
-3932
-4406
-3174
-564
2193
3934
4067
3300
2253
1043
-445
-2322
-4874
-6766
-6310
-4333
-3529
-3923
-3182
-573
1772
1697
142
-321
905
1601
719
-681
-1178
-591
726
1788
2362
3014
3848
4310
4130
3132
1735
1058
1416
1873
2222
2506
3001
3653
2950
-607
-3856
-3134
-1458
-3494
-6284
-4067
1020
2706
355
-607
1706
4093
3607
1906
1086
1490
2183
2455
1817
898
614
488
-282
-1873
-3625
-4724
-4569
-3964
-3631
-3160
-1848
26
1794
2556
1960
819
-51
-529
-943
-1551
-2779
-3710
-3726
-3203
-2986
-2584
-1885
-1031
-303
206
168
-289
-738
-1009
-822
-572
-366
49
1244
2626
3617
3785
3198
2397
2181
2341
2235
1764
1652
2306
3335
3428
2703
2547
3006
1550
-1505
-2683
-1334
-1812
-4939
-5789
-2298
789
188
-831
920
3687
4279
3050
1801
1552
1907
2385
2248
1613
965
506
-223
-1353
-2623
-3566
-3709
-3331
-3087
-3236
-3027
-2096
-921
-253
-96
-69
-112
-200
-104
15
-603
-1653
-2154
-1952
-1866
-1968
-1997
-1945
-1897
-1772
-1671
-1737
-1754
-1590
-906
-24
520
716
1432
2486
3087
2892
2516
2444
2701
2945
2991
2782
2518
2683
3214
3322
2911
2949
3328
2057
-1394
-3653
-2476
-1333
-3796
-6183
-3797
572
1469
-266
-309
1759
3386
3282
2396
1692
1706
2380
2966
2645
1487
461
-168
-564
-1286
-2409
-3617
-4084
-3948
-3841
-3762
-3201
-2122
-1086
-289
146
240
-12
44
639
830
-267
-1582
-1992
-1837
-1939
-2095
-2297
-2482
-2347
-1736
-1328
-1306
-1360
-1053
-271
494
790
804
1201
1817
2437
2778
2876
2895
3386
3839
3785
3349
3086
3055
3215
3134
2680
2410
1933
-207
-2989
-3008
-1073
-1733
-4953
-5107
-1437
903
-481
-1584
-78
2258
3121
2824
2166
1873
2418
3169
3104
2070
1142
461
-26
-897
-2114
-3481
-4039
-3910
-3783
-4008
-3934
-3180
-2102
-1247
-850
-656
-462
79
767
922
-184
-1484
-1779
-1151
-958
-1257
-1507
-1339
-1129
-1064
-1188
-1327
-1308
-1064
-716
-538
-426
-203
390
1192
2009
2561
2912
3118
3498
3833
3739
3292
3050
3090
3236
3338
3202
2925
2632
1221
-1268
-2319
-931
-984
-3945
-5540
-3021
-233
-676
-2038
-1345
897
2342
2593
1988
1635
2214
3453
3809
2959
1874
1094
474
-283
-1276
-2715
-3745
-3976
-3934
-4285
-4482
-4038
-3156
-2299
-1641
-1180
-858
-478
-14
253
-123
-636
-691
-200
100
127
-96
-350
-734
-1055
-1141
-1099
-1352
-1918
-2022
-1538
-888
-624
-257
598
1905
2900
3115
2925
3068
3644
3900
3481
2876
2882
3522
4140
4132
3838
3440
2078
-80
-1104
-765
-1932
-4924
-5818
-3218
-1010
-1769
-2995
-2095
123
1592
1630
972
924
2107
3471
3663
2795
2049
1775
1524
847
-414
-1893
-2881
-3088
-3260
-3802
-4243
-3954
-3092
-2222
-1820
-1871
-1873
-1296
-296
173
-325
-853
-398
527
747
241
-146
-32
2
-423
-978
-1249
-1475
-1830
-1901
-1535
-995
-522
143
930
1623
1854
1729
1673
2079
2699
2923
2738
2806
3747
4813
5046
4453
4285
4362
2999
-76
-1918
-1424
-1814
-4597
-5954
-3577
-1164
-1754
-3158
-2449
-548
681
704
266
293
1473
2908
3334
2858
2411
2264
1979
1391
353
-815
-1510
-1590
-1820
-2454
-3027
-3129
-2792
-2355
-2261
-2522
-2718
-2471
-1794
-1117
-1233
-1838
-1793
-756
38
108
-86
72
311
339
141
-74
-258
-455
-411
-184
96
271
525
753
802
645
488
636
1037
1584
2014
2400
2780
3652
4684
5060
4556
3984
3070
1305
270
616
142
-2508
-3826
-2105
-436
-1745
-3674
-3457
-1891
-822
-800
-1056
-942
424
1963
2341
1672
1625
2338
2774
2478
1565
701
334
333
-391
-1638
-2532
-2640
-2383
-2136
-2203
-2620
-2903
-2862
-2516
-2094
-1994
-2411
-2375
-1299
-220
-198
-659
-510
230
634
412
117
285
714
888
590
159
126
445
618
321
-40
-86
316
896
1315
1372
1207
1394
2196
3252
3682
3451
3375
3910
3797
2190
874
1180
865
-1808
-3550
-2048
-474
-1895
-3781
-3225
-1470
-705
-1086
-1824
-2054
-789
1112
1806
1311
1330
2224
2967
2982
2228
1288
836
836
266
-829
-1535
-1652
-1665
-1729
-1891
-2383
-2979
-3196
-2866
-2435
-2623
-3328
-3327
-2105
-981
-975
-1311
-802
303
948
817
576
763
1078
1041
564
148
322
1017
1533
1320
840
805
1257
1579
1251
647
420
906
1851
2682
2815
2681
2792
2583
1454
1009
1416
527
-2015
-2566
-491
496
-1187
-2580
-1685
-356
-90
-994
-2007
-2187
-733
765
796
166
481
1722
2709
3045
2369
1428
1125
1367
778
-625
-1568
-1603
-1271
-1170
-1470
-2183
-2512
-2298
-1975
-2089
-2506
-3102
-3170
-2305
-1315
-1353
-1906
-1550
-283
603
500
136
221
636
896
768
459
552
1158
1756
1808
1433
945
772
1014
1098
705
325
720
1519
2192
2336
2438
2870
2832
1547
629
1378
1428
-891
-2434
-890
642
-572
-2296
-2014
-853
-387
-698
-1528
-2379
-1835
-228
500
70
154
1253
2406
3155
3035
2118
1237
1132
976
142
-798
-1283
-1305
-1168
-1183
-1908
-2663
-2669
-2363
-2702
-3252
-3366
-3302
-3041
-2413
-1679
-1258
-926
-424
251
799
897
596
338
545
1087
1389
1341
1429
1962
2418
2283
1688
1224
1278
1410
1289
1057
1215
1422
1681
2109
2201
1248
419
766
868
-745
-2159
-1408
-184
-499
-1382
-1084
-224
233
-111
-1069
-1953
-1593
-447
-131
-610
-568
467
1571
2416
2669
2283
1756
1675
1598
1018
354
-262
-839
-1305
-1394
-1537
-1907
-2360
-2624
-2727
-2958
-3248
-3286
-2863
-2629
-2644
-2391
-1405
-250
307
276
288
683
1082
1269
1111
842
800
1150
1491
1650
1800
1924
2029
1978
1671
1269
1240
1572
1666
1375
1077
1451
1774
1087
225
460
393
-1129
-1824
-497
217
-1045
-1750
-578
522
307
-553
-1403
-1839
-1040
250
194
-898
-1095
-107
847
1462
1583
1273
1299
2037
2289
1556
823
524
183
-316
-726
-1376
-2238
-2642
-2466
-2753
-3823
-4396
-3726
-2735
-2513
-2775
-2726
-1654
-98
713
336
2
607
1650
2101
1690
1235
1335
1839
2045
1867
1721
2056
2561
2643
2261
1830
1679
1780
1754
1392
691
-230
-632
-43
213
-1247
-2555
-1673
-185
-495
-1650
-1678
-839
-105
159
-126
-763
-608
471
989
395
-172
12
283
423
344
123
243
1042
1711
1578
1245
1127
1001
681
338
-247
-1134
-1660
-1611
-1942
-3103
-3891
-3540
-2918
-2881
-3128
-3182
-2743
-1906
-1112
-689
-307
236
803
1391
1901
2167
2038
1917
1919
2043
2091
2156
2185
2121
2157
2418
2747
2573
2014
1619
1507
736
-315
-511
-287
-1353
-2501
-1797
-508
-960
-2130
-1880
-874
-348
-557
-1085
-1663
-1012
608
1349
556
-50
549
1446
1844
1342
325
-287
289
1027
876
309
147
456
660
540
-161
-1131
-1692
-1574
-1472
-1983
-2451
-2486
-2512
-2696
-2572
-2305
-2206
-2141
-1910
-1552
-928
-172
401
896
1541
2103
2400
2677
3009
3220
3198
3047
2848
2764
2771
2642
2266
1988
1672
1064
624
531
-181
-1741
-2401
-1787
-1443
-2182
-2769
-2473
-1686
-1079
-1195
-1865
-2159
-1343
-358
-176
-504
-307
607
1624
2084
1728
1286
1497
2041
1845
959
335
284
250
-55
-470
-1165
-1676
-1328
-754
-1299
-2330
-2452
-1949
-1650
-1617
-1719
-1846
-1671
-1225
-1000
-994
-902
-461
134
637
1058
1344
1633
2077
2632
2809
2884
3142
3372
3330
3254
3324
3065
2184
1122
681
433
-469
-1403
-1372
-1148
-1697
-2429
-2538
-2335
-2153
-2079
-2247
-2406
-1977
-1094
-736
-938
-993
-429
379
1065
1284
1050
976
1360
1801
1717
1415
1086
772
692
762
254
-807
-1306
-1322
-1703
-2261
-2303
-2201
-2224
-2058
-1725
-1512
-1269
-989
-839
-675
-140
523
790
845
1186
1716
1858
1829
1994
2339
2581
2631
2424
2138
2284
2489
2213
1599
1471
1463
850
5
-216
-119
-778
-1791
-2238
-2042
-1813
-1762
-2081
-2700
-2701
-1904
-1293
-1479
-1704
-1293
-400
506
812
524
351
841
1518
1640
1266
935
923
790
477
-43
-813
-1232
-876
-680
-1385
-1736
-1102
-724
-1130
-1706
-1818
-1541
-988
-794
-1023
-951
-162
936
1427
1539
1602
2025
2506
2877
2839
2663
2787
2901
2653
2056
1530
1256
1223
826
-274
-932
-699
-484
-1149
-1727
-1686
-1451
-1321
-1413
-1697
-2028
-1671
-1161
-1108
-1401
-1295
-908
-575
-290
-204
-283
-228
182
499
488
351
332
394
375
413
359
81
-252
-283
-283
-552
-831
-1061
-1244
-1389
-1267
-1038
-679
-381
-185
52
449
941
1256
1393
1289
1556
2161
2589
2412
2267
2540
2599
2188
1754
1703
1335
594
184
219
-16
-670
-1092
-1295
-1413
-1466
-1572
-1873
-2039
-1761
-1508
-1573
-1757
-1645
-1200
-707
-348
-304
-275
-39
393
488
293
186
133
105
170
37
-635
-1031
-655
-352
-818
-1327
-1241
-791
-419
-362
-628
-688
-170
468
632
430
557
1164
1648
1622
1604
1955
2316
2402
2280
2316
2359
2111
1543
1157
1036
703
241
-54
-151
-402
-765
-989
-1051
-1134
-1406
-1603
-1625
-1559
-1427
-1361
-1445
-1517
-1152
-665
-342
-292
-377
-304
114
570
520
53
-556
-664
-272
-194
-801
-1258
-1010
-701
-706
-959
-1100
-975
-699
-713
-1003
-984
-599
-155
-48
65
527
1329
2022
2366
2496
2747
3197
3392
3279
3054
2643
2122
1979
1905
1266
441
225
214
-95
-697
-1248
-1598
-1640
-1641
-1995
-2491
-2644
-2213
-1719
-1557
-1639
-1527
-987
-307
144
165
86
226
640
1020
1013
499
-128
-115
290
122
-725
-1114
-797
-645
-1036
-1507
-1509
-1222
-1018
-1294
-1653
-1572
-921
-329
-225
-257
202
1119
1820
2097
2100
2355
2840
3333
3219
2691
2282
2324
2418
2008
1271
834
803
595
-66
-712
-1010
-1061
-1249
-1661
-2074
-2206
-1913
-1620
-1578
-1712
-1530
-1098
-669
-482
-474
-506
-440
-146
187
226
60
90
174
186
284
204
-221
-472
-182
-136
-591
-995
-932
-694
-661
-844
-1070
-852
-262
253
299
281
668
1366
1829
1828
1711
1828
2193
2157
1706
1280
1222
1091
862
703
440
94
-212
-254
-363
-573
-946
-1190
-1267
-1260
-1218
-1216
-1189
-1149
-921
-632
-407
-338
-322
-225
-19
197
115
-239
-182
340
332
-263
-324
183
226
-256
-622
-761
-727
-637
-797
-1172
-1116
-507
68
183
40
269
888
1414
1504
1460
1498
1800
2129
2146
1724
1448
1465
1463
1203
671
242
-69
-144
-447
-887
-1364
-1520
-1561
-1730
-1863
-1949
-1895
-1821
-1487
-1325
-1236
-1008
-607
-352
-258
-10
242
537
651
753
671
547
619
844
800
431
330
401
319
18
-245
-445
-578
-602
-666
-680
-505
-123
162
256
473
939
1462
1672
1738
1747
1867
1983
1940
1617
1235
1090
1052
903
522
147
-239
-661
-919
-944
-1137
-1648
-1913
-1863
-1868
-1926
-1804
-1706
-1762
-1616
-1326
-1188
-1237
-1147
-891
-728
-722
-616
-218
42
93
171
389
483
498
537
513
475
455
464
443
566
743
803
762
811
1075
1347
1462
1423
1474
1555
1629
1667
1659
1443
1170
1068
981
716
334
149
31
-79
-302
-521
-634
-608
-594
-923
-1301
-1518
-1400
-1398
-1565
-1741
-1749
-1530
-1305
-1149
-1257
-1280
-1194
-988
-807
-755
-856
-782
-446
-277
-301
-195
-1
10
8
28
1
-72
-52
44
206
497
785
1072
1317
1670
1952
2162
2202
2303
2306
2253
2059
1832
1618
1491
1284
765
495
426
337
-177
-530
-757
-837
-917
-1097
-1373
-1641
-1521
-1379
-1259
-1394
-1396
-1304
-1187
-1114
-930
-804
-1002
-870
-388
-250
-666
-657
-221
-110
-398
-596
-553
-403
-224
-348
-668
-737
-265
187
220
-10
180
818
1430
1667
1617
1669
2004
2456
2460
2114
1742
1597
1559
1442
965
468
312
328
47
-369
-666
-829
-941
-1063
-1253
-1578
-1686
-1530
-1227
-1273
-1375
-1259
-897
-625
-447
-459
-644
-554
-323
-246
-335
-334
-320
-158
139
136
-139
-316
-238
-207
-298
-489
-582
-377
-19
300
458
609
895
1287
1548
1603
1711
1855
1954
1877
1695
1479
1393
1283
1002
738
511
341
46
-199
-530
-771
-991
-1161
-1286
-1418
-1477
-1584
-1553
-1533
-1347
-1221
-1164
-1244
-1314
-1113
-690
-465
-764
-811
-380
64
58
-22
39
157
256
220
104
45
216
370
349
256
405
760
1036
1075
1136
1332
1637
1916
1997
1737
1400
1312
1377
1164
635
258
249
254
25
-272
-519
-675
-676
-661
-912
-1206
-1220
-1001
-924
-985
-1059
-962
-753
-557
-615
-846
-845
-588
-606
-957
-1024
-770
-691
-802
-743
-631
-653
-632
-519
-448
-394
-203
-4
132
332
724
1184
1418
1496
1722
2144
2371
2296
2122
2039
1879
1656
1444
1116
629
293
207
-38
-528
-884
-1020
-1164
-1362
-1421
-1479
-1526
-1469
-1233
-1024
-991
-880
-732
-601
-560
-298
-131
-84
-102
85
174
135
87
102
154
59
-15
-189
-198
-241
-222
-359
-426
-292
8
228
273
403
573
857
1014
1139
1098
1085
988
943
966
876
634
466
633
677
420
53
-53
-25
-103
-286
-597
-874
-1004
-877
-802
-953
-1223
-1288
-1057
-935
-1092
-1249
-1108
-996
-931
-826
-641
-463
-220
78
225
360
558
892
1033
1004
916
1025
1234
1314
1302
1245
1303
1298
1369
1285
1140
858
683
456
178
-107
-352
-591
-777
-735
-728
-905
-1085
-959
-745
-631
-671
-716
-716
-559
-342
-208
-253
-266
-59
-22
-497
-868
-570
-391
-740
-1030
-714
-501
-587
-619
-366
-87
-41
1
-25
70
176
603
881
889
914
1327
1764
1791
1730
1688
1779
1703
1579
1238
837
524
396
260
-113
-364
-449
-544
-894
-1130
-1197
-1220
-1262
-1305
-1285
-1273
-1134
-993
-823
-812
-738
-667
-663
-666
-420
-255
-410
-486
-234
76
62
28
85
286
340
342
253
204
209
400
692
789
824
912
1161
1229
1262
1243
1364
1386
1283
984
665
512
493
305
-157
-434
-405
-376
-662
-868
-939
-870
-876
-814
-854
-942
-1028
-924
-710
-646
-734
-845
-687
-636
-790
-911
-644
-405
-411
-419
-231
-32
33
82
170
280
321
387
464
579
728
995
1269
1440
1500
1624
1775
1816
1713
1584
1444
1182
819
508
280
-44
-355
-529
-642
-943
-1214
-1327
-1340
-1417
-1500
-1511
-1472
-1384
-1301
-1228
-1168
-1023
-832
-601
-400
-337
-358
-244
100
428
521
501
504
612
663
689
597
509
429
404
394
293
278
359
584
652
700
702
851
988
1076
1018
807
618
524
512
305
120
33
49
-189
-490
-690
-686
-738
-815
-856
-853
-882
-923
-857
-825
-887
-1072
-1048
-919
-824
-944
-892
-575
-146
86
147
210
356
574
701
703
553
492
584
767
757
659
667
852
992
968
888
834
841
761
653
417
247
125
101
-60
-199
-244
-230
-343
-536
-657
-776
-857
-988
-998
-1035
-1000
-1030
-953
-975
-1061
-1048
-789
-542
-516
-487
-296
4
184
340
523
682
688
728
863
988
948
913
1006
1151
1219
1233
1229
1168
1081
1050
1064
950
674
400
229
5
-277
-543
-732
-960
-1124
-1200
-1208
-1271
-1305
-1280
-1194
-1124
-1022
-864
-743
-678
-682
-622
-541
-382
-359
-392
-436
-302
-93
90
172
277
533
798
918
819
725
708
741
693
625
595
651
764
850
884
881
966
1096
1150
1050
945
917
834
548
213
41
-77
-292
-529
-610
-685
-870
-1095
-1175
-1178
-1206
-1293
-1345
-1386
-1435
-1466
-1354
-1216
-1121
-1114
-971
-710
-419
-283
-196
-64
136
348
497
638
698
823
904
1010
1023
1083
1156
1295
1361
1343
1299
1324
1408
1429
1351
1199
1085
1013
913
709
425
152
-94
-324
-584
-839
-1102
-1313
-1471
-1578
-1644
-1671
-1642
-1634
-1642
-1748
-1782
-1733
-1561
-1464
-1293
-1036
-633
-298
-7
248
539
787
959
1108
1184
1190
1114
1142
1198
1263
1240
1293
1369
1411
1322
1198
1125
1050
930
755
654
559
424
213
47
-89
-237
-385
-484
-566
-660
-774
-859
-903
-921
-933
-926
-962
-1059
-1119
-1097
-1080
-1173
-1211
-1105
-862
-733
-675
-619
-487
-429
-371
-273
-104
-26
8
87
255
393
469
594
792
1034
1191
1378
1539
1720
1783
1840
1852
1867
1789
1658
1500
1311
1072
765
462
116
-194
-505
-745
-972
-1171
-1357
-1509
-1649
-1762
-1796
-1791
-1721
-1614
-1440
-1300
-1172
-1043
-829
-616
-495
-424
-309
-116
41
146
206
331
486
644
715
721
716
763
888
974
976
883
854
894
970
957
868
781
725
668
538
362
140
-32
-198
-331
-470
-577
-644
-674
-690
-712
-685
-628
-542
-475
-404
-310
-205
-141
-136
-150
-157
-136
-115
-103
-110
-102
-78
-70
-97
-130
-111
-47
-10
-21
-15
67
184
279
332
404
491
566
622
639
634
590
554
503
416
248
56
-104
-242
-371
-473
-517
-534
-581
-649
-656
-599
-538
-524
-519
-478
-392
-292
-199
-124
-73
-22
54
167
267
350
409
496
582
678
710
709
671
665
665
639
557
436
337
248
178
100
35
-65
-173
-289
-351
-397
-453
-553
-649
-708
-722
-705
-688
-681
-679
-628
-531
-402
-309
-245
-171
-49
93
203
251
249
253
275
309
315
290
271
279
306
311
310
320
361
387
385
372
379
391
377
341
316
309
287
239
178
132
81
-6
-126
-258
-357
-432
-476
-533
-573
-619
-633
-646
-646
-631
-599
-552
-519
-476
-419
-307
-190
-71
11
87
165
263
364
439
483
502
549
620
687
700
648
585
541
537
513
456
363
281
211
141
42
-67
-144
-187
-219
-296
-374
-431
-425
-414
-428
-480
-509
-478
-424
-379
-395
-407
-404
-346
-304
-273
-266
-220
-123
-8
73
95
103
148
236
307
333
336
378
447
502
507
508
545
593
593
523
452
424
424
374
245
83
-17
-39
-50
-137
-293
-410
-431
-394
-409
-487
-558
-552
-503
-473
-485
-500
-476
-430
-393
-387
-372
-336
-262
-204
-159
-122
-41
58
137
171
185
246
345
456
502
513
503
544
592
622
607
569
541
521
497
422
328
203
110
23
-41
-116
-191
-274
-353
-396
-419
-406
-409
-419
-444
-432
-397
-347
-324
-327
-328
-305
-255
-208
-178
-168
-150
-123
-85
-44
2
46
92
122
145
167
203
242
281
302
315
327
340
349
347
334
321
324
328
319
278
209
145
103
78
34
-34
-117
-180
-215
-242
-284
-338
-388
-407
-411
-407
-413
-420
-425
-425
-416
-382
-317
-236
-164
-116
-64
19
132
241
322
379
444
522
592
622
612
584
563
539
503
441
360
264
163
67
-17
-86
-153
-229
-300
-351
-376
-388
-409
-438
-446
-430
-400
-371
-364
-348
-326
-294
-273
-257
-237
-207
-181
-175
-168
-143
-87
-34
6
21
55
116
196
261
300
332
372
423
448
449
428
424
431
438
424
385
338
294
257
216
173
128
87
52
12
-35
-92
-146
-186
-196
-186
-169
-167
-188
-209
-219
-213
-217
-252
-313
-372
-398
-407
-416
-462
-515
-545
-515
-448
-372
-311
-264
-184
-89
30
119
196
259
347
436
513
551
555
557
567
592
607
599
562
515
469
432
390
331
253
160
79
4
-66
-151
-246
-335
-403
-450
-498
-544
-589
-600
-585
-548
-521
-500
-483
-439
-374
-302
-229
-164
-90
-11
75
138
193
228
272
311
348
367
371
365
347
322
278
230
172
128
89
66
44
23
2
-20
-31
-23
5
41
82
114
145
173
199
221
233
233
223
199
160
108
46
-18
-86
-154
-222
-290
-352
-410
-464
-505
-528
-532
-522
-507
-482
-441
-379
-300
-212
-127
-42
46
133
210
273
323
363
397
420
432
432
422
404
380
342
296
240
183
133
87
41
-1
-41
-74
-100
-122
-141
-151
-146
-130
-114
-114
-131
-143
-141
-124
-113
-125
-149
-155
-131
-95
-71
-68
-68
-45
-2
38
59
62
75
105
137
149
132
102
80
77
76
70
56
39
24
14
9
6
7
2
-10
-20
-20
-8
5
3
-17
-42
-59
-59
-54
-52
-64
-81
-98
-112
-125
-137
-151
-159
-157
-146
-126
-109
-88
-66
-29
8
39
57
69
89
121
143
137
108
76
56
48
35
8
-15
-14
8
31
40
39
56
94
137
163
173
190
224
264
280
265
240
225
218
202
166
116
73
41
8
-40
-103
-166
-218
-252
-274
-290
-304
-308
-305
-290
-265
-236
-205
-182
-169
-167
-166
-164
-155
-138
-123
-105
-87
-73
-57
-40
-24
-4
16
41
75
109
140
161
173
190
206
217
220
216
216
219
212
187
150
116
95
87
77
57
34
13
-2
-9
-15
-17
-8
6
21
39
62
87
102
102
94
93
98
94
73
33
-8
-42
-74
-114
-157
-198
-227
-252
-276
-296
-312
-322
-323
-316
-298
-271
-243
-219
-194
-166
-136
-99
-57
-13
34
80
123
159
188
213
234
252
259
256
241
229
223
223
216
199
178
159
148
130
105
80
67
60
45
12
-29
-60
-73
-77
-86
-102
-114
-118
-116
-116
-115
-102
-81
-65
-59
-63
-67
-62
-50
-34
-17
-3
8
11
15
23
31
23
0
-28
-44
-53
-69
-105
-140
-153
-140
-121
-108
-101
-82
-42
8
53
90
129
174
222
265
292
311
323
333
330
311
278
241
204
155
90
13
-67
-137
-197
-263
-335
-402
-450
-475
-486
-496
-493
-465
-413
-346
-279
-216
-145
-60
31
118
191
254
309
359
404
437
456
454
441
425
408
383
343
286
223
169
123
76
24
-28
-71
-104
-130
-155
-174
-186
-193
-195
-195
-191
-180
-168
-160
-162
-170
-181
-178
-178
-178
-181
-186
-188
-190
-188
-186
-180
-181
-180
-178
-170
-164
-153
-134
-104
-67
-32
6
56
121
181
243
299
352
400
443
479
509
533
543
539
520
485
438
387
326
254
178
93
8
-71
-144
-216
-279
-335
-382
-416
-446
-467
-470
-455
-431
-405
-380
-355
-328
-296
-259
-224
-190
-164
-138
-104
-71
-47
-33
-14
11
47
80
110
134
162
195
233
279
316
344
360
379
399
412
415
403
374
337
290
236
180
116
47
-21
-90
-159
-222
-279
-323
-353
-370
-384
-382
-368
-345
-317
-284
-245
-195
-147
-103
-66
-27
7
31
55
78
88
93
98
99
106
103
95
84
91
90
91
89
97
99
116
129
136
144
146
154
166
185
179
176
157
148
133
120
91
60
19
-21
-57
-100
-142
-186
-220
-255
-282
-310
-326
-334
-328
-321
-305
-286
-260
-224
-177
-125
-75
-34
8
55
104
147
180
209
234
259
273
280
274
263
245
227
214
191
156
116
80
49
21
-7
-39
-65
-79
-93
-106
-113
-121
-125
-122
-115
-105
-103
-108
-112
-107
-88
-82
-77
-84
-74
-69
-49
-33
-18
-1
3
24
38
72
89
107
109
120
123
125
128
116
115
99
86
58
41
22
10
-12
-32
-49
-66
-81
-97
-101
-101
-85
-87
-79
-72
-57
-55
-47
-41
-27
-10
-8
-18
-30
-32
-41
-49
-56
-54
-57
-55
-52
-44
-30
-8
6
32
56
100
131
165
180
197
206
211
219
210
206
183
171
144
129
93
57
23
-1
-19
-47
-69
-102
-127
-138
-148
-166
-189
-207
-212
-207
-213
-215
-217
-210
-209
-194
-176
-160
-154
-132
-97
-67
-41
-32
-5
18
52
81
123
138
153
177
210
225
233
243
252
261
252
247
231
217
186
163
130
109
90
58
25
-10
-27
-34
-45
-74
-95
-111
-114
-121
-126
-155
-173
-191
-198
-213
-221
-229
-236
-229
-234
-224
-214
-184
-174
-144
-120
-71
-25
22
59
97
140
178
213
227
245
259
277
262
254
238
233
200
168
132
110
88
54
28
-2
-23
-44
-53
-68
-90
-94
-106
-102
-117
-113
-123
-120
-132
-139
-133
-137
-140
-159
-152
-156
-143
-155
-151
-152
-137
-115
-93
-57
-33
0
35
93
138
176
209
245
267
291
303
309
303
304
292
272
226
185
158
140
107
56
13
-15
-27
-59
-87
-127
-146
-168
-167
-185
-212
-245
-245
-244
-261
-285
-285
-270
-257
-245
-240
-230
-216
-180
-151
-123
-111
-73
-36
2
40
84
132
171
212
241
281
303
335
346
350
352
353
340
322
306
271
237
193
166
127
86
35
2
-32
-65
-98
-127
-148
-167
-187
-212
-235
-257
-268
-280
-281
-285
-275
-271
-266
-265
-250
-226
-209
-205
-186
-146
-109
-89
-61
-18
26
64
92
130
151
180
202
231
251
271
289
313
332
322
308
301
291
269
234
205
175
140
93
46
5
-28
-69
-113
-142
-169
-198
-221
-239
-243
-249
-258
-273
-276
-271
-255
-243
-238
-211
-179
-152
-121
-89
-45
1
43
79
112
144
161
175
192
200
190
178
173
182
172
150
140
136
131
130
129
110
94
93
107
108
91
79
66
60
35
5
-30
-54
-73
-95
-125
-165
-192
-217
-244
-277
-306
-308
-320
-322
-325
-309
-284
-243
-201
-154
-101
-32
54
116
163
215
270
306
331
348
363
369
361
336
311
271
238
191
142
90
47
11
-30
-65
-95
-110
-133
-151
-157
-161
-155
-161
-149
-151
-144
-150
-139
-143
-149
-155
-150
-143
-154
-154
-153
-129
-120
-96
-76
-42
-16
20
56
89
118
146
179
210
232
239
238
234
228
223
216
193
169
144
127
104
77
34
-6
-27
-36
-51
-83
-101
-116
-124
-143
-150
-162
-171
-177
-180
-186
-196
-186
-190
-182
-177
-162
-153
-135
-118
-91
-66
-38
-15
10
43
76
122
150
180
208
252
276
302
308
316
312
302
283
260
232
198
158
124
91
51
12
-21
-45
-77
-106
-138
-165
-190
-211
-224
-240
-255
-273
-277
-284
-304
-310
-298
-288
-295
-273
-252
-223
-200
-161
-117
-70
-24
20
86
137
195
234
279
306
338
359
366
365
358
364
344
327
296
274
238
208
178
142
87
47
21
-15
-51
-82
-113
-142
-164
-181
-209
-230
-243
-246
-258
-269
-282
-285
-282
-280
-276
-260
-234
-224
-207
-194
-161
-119
-85
-49
-8
43
106
163
201
231
269
290
299
312
320
316
299
284
259
232
195
169
140
98
67
44
20
-18
-43
-70
-85
-108
-129
-145
-162
-180
-185
-186
-191
-195
-194
-176
-169
-151
-143
-127
-121
-95
-71
-56
-46
-40
-20
-6
9
16
14
21
39
51
42
51
70
84
97
108
128
127
137
149
167
160
166
162
164
160
156
149
120
102
80
62
27
4
-39
-67
-100
-129
-175
-199
-219
-242
-254
-281
-265
-257
-228
-228
-193
-165
-124
-78
-48
-4
30
86
103
122
142
172
191
198
199
199
189
183
180
166
131
112
102
91
77
65
52
43
43
35
29
8
-6
-5
-17
-41
-45
-41
-58
-85
-93
-93
-103
-143
-150
-148
-138
-154
-154
-147
-128
-115
-113
-94
-94
-71
-48
-23
-21
1
29
57
63
67
81
95
105
98
86
82
70
54
42
35
33
30
32
25
30
28
23
20
26
29
32
37
38
41
40
40
34
36
19
14
11
-2
-10
-11
-16
-21
-15
-26
-26
-17
-8
-17
-15
-18
-29
-46
-55
-54
-59
-56
-58
-46
-32
-24
-30
-27
-18
-7
-5
-2
3
16
16
12
16
24
21
25
11
13
13
19
22
22
14
9
21
14
20
-3
-2
-22
-4
-14
-15
-21
-16
-12
-10
1
-5
10
10
32
35
37
34
44
35
32
22
9
-3
2
-5
-32
-53
-40
-35
-48
-57
-65
-51
-60
-47
-41
-28
-36
-24
-15
-15
-3
12
26
25
43
53
70
63
67
79
80
85
88
93
85
80
75
67
47
28
16
3
-15
-35
-47
-50
-64
-75
-78
-74
-80
