22
24
32
38
46
46
49
51
48
52
46
48
44
48
42
43
39
39
45
41
44
35
35
24
24
15
13
8
2
-1
-10
-13
-21
-19
-26
-27
-35
-39
-45
-41
-44
-47
-50
-54
-59
-63
-66
-70
-71
-76
-74
-77
-70
-74
-72
-71
-68
-64
-57
-47
-45
-36
-37
-25
-23
-14
-8
0
2
11
16
29
39
46
55
56
63
64
74
71
78
72
78
75
81
81
76
74
68
72
61
63
48
47
40
41
38
35
29
22
23
12
11
-1
-7
-20
-28
-35
-45
-51
-61
-65
-74
-80
-90
-97
-104
-112
-111
-114
-114
-122
-116
-124
-113
-113
-113
-113
-110
-100
-99
-89
-90
-77
-70
-55
-46
-33
-21
-5
18
38
58
75
98
115
139
153
175
193
211
228
239
247
251
255
248
257
249
245
234
223
202
193
175
154
128
105
92
64
54
24
13
-22
-37
-67
-88
-105
-129
-141
-167
-174
-194
-196
-226
-247
-269
-287
-304
-323
-336
-349
-353
-366
-362
-367
-360
-356
-343
-327
-308
-291
-271
-251
-236
-203
-164
-125
-88
-41
-1
47
85
120
162
209
263
311
358
385
421
463
507
547
590
622
644
662
666
660
650
649
634
626
615
586
555
520
471
417
369
305
248
185
114
42
-47
-124
-204
-284
-369
-434
-510
-581
-643
-703
-748
-803
-829
-864
-883
-899
-916
-930
-941
-937
-930
-903
-882
-853
-825
-774
-721
-657
-591
-534
-465
-398
-322
-242
-163
-90
-8
80
151
241
320
416
503
601
676
759
835
897
972
1033
1110
1162
1213
1236
1267
1265
1276
1266
1249
1214
1163
1114
1037
974
883
808
712
623
501
397
263
138
10
-121
-240
-354
-475
-589
-677
-774
-852
-928
-995
-1060
-1103
-1161
-1193
-1219
-1226
-1231
-1225
-1234
-1238
-1239
-1241
-1243
-1241
-1222
-1190
-1150
-1100
-1030
-961
-874
-787
-689
-581
-459
-323
-188
-60
52
165
278
395
519
633
749
852
964
1071
1166
1244
1315
1366
1426
1489
1542
1585
1599
1588
1578
1541
1500
1450
1383
1329
1263
1197
1099
994
853
728
595
471
335
202
66
-67
-177
-301
-404
-504
-569
-639
-694
-749
-807
-864
-900
-928
-949
-983
-1009
-1032
-1080
-1136
-1212
-1295
-1347
-1357
-1363
-1359
-1382
-1414
-1450
-1457
-1429
-1394
-1325
-1276
-1210
-1155
-1083
-1012
-896
-744
-592
-405
-269
-148
-43
58
191
323
494
644
783
903
1028
1126
1222
1361
1465
1619
1744
1825
1874
1892
1858
1826
1836
1832
1848
1828
1779
1698
1587
1450
1296
1163
1015
890
730
557
339
158
0
-100
-197
-288
-343
-421
-508
-626
-717
-796
-812
-805
-809
-849
-893
-949
-991
-1052
-1080
-1085
-1069
-1094
-1156
-1273
-1442
-1554
-1583
-1540
-1497
-1433
-1477
-1496
-1566
-1558
-1535
-1486
-1380
-1321
-1218
-1160
-1086
-1046
-884
-681
-432
-179
22
139
260
453
605
832
1019
1217
1364
1511
1523
1609
1623
1711
1869
1983
2069
2125
2142
2060
2002
1928
1898
1920
1932
1895
1810
1698
1533
1396
1252
1130
1020
888
733
477
208
-32
-174
-323
-392
-444
-512
-588
-696
-818
-935
-1001
-1047
-1009
-997
-1007
-1079
-1177
-1275
-1339
-1336
-1363
-1364
-1398
-1487
-1577
-1752
-1845
-1843
-1748
-1653
-1546
-1548
-1587
-1602
-1653
-1636
-1635
-1546
-1459
-1359
-1292
-1249
-1145
-1019
-797
-515
-219
21
254
393
572
786
956
1225
1425
1662
1772
1925
1981
1949
2023
2114
2128
2319
2312
2238
2246
2098
2041
2092
2039
2026
1992
1868
1796
1633
1444
1260
1138
983
884
722
477
229
9
-175
-300
-364
-474
-539
-668
-782
-891
-994
-1066
-1095
-1079
-1088
-1095
-1175
-1247
-1343
-1404
-1418
-1442
-1480
-1602
-1731
-1835
-1848
-1811
-1705
-1631
-1604
-1605
-1630
-1655
-1704
-1712
-1660
-1589
-1494
-1373
-1324
-1299
-1168
-950
-658
-322
-70
123
366
467
678
801
1015
1217
1442
1628
1786
1822
1917
1990
2007
2200
2181
2275
2243
2152
2139
2049
1972
2037
2032
2023
2007
1860
1711
1540
1319
1193
1029
922
779
555
346
120
-67
-290
-394
-505
-583
-662
-777
-919
-1032
-1107
-1178
-1148
-1132
-1138
-1175
-1223
-1294
-1371
-1443
-1479
-1462
-1476
-1510
-1616
-1758
-1835
-1857
-1762
-1666
-1559
-1581
-1592
-1605
-1622
-1580
-1550
-1472
-1389
-1231
-1137
-1090
-1021
-910
-644
-357
40
150
431
525
586
851
941
1198
1352
1652
1628
1906
1778
1956
1866
2085
2117
2260
2255
2237
2172
1977
2079
1892
2040
2094
2059
1961
1888
1655
1481
1304
1111
1061
893
752
518
261
17
-202
-375
-522
-552
-641
-725
-885
-975
-1093
-1092
-1106
-1073
-1070
-1088
-1123
-1202
-1272
-1357
-1330
-1332
-1280
-1297
-1372
-1532
-1644
-1660
-1599
-1481
-1395
-1324
-1397
-1414
-1442
-1497
-1531
-1485
-1403
-1357
-1223
-1211
-1190
-1049
-805
-750
-317
-100
40
294
372
431
668
793
944
1065
1273
1255
1387
1407
1377
1576
1676
1811
1869
1925
1732
1851
1655
1653
1692
1749
1879
1850
1850
1626
1568
1328
1256
1142
1080
965
817
592
302
110
-123
-195
-326
-363
-446
-495
-619
-721
-778
-828
-769
-787
-767
-837
-848
-961
-985
-1020
-1014
-977
-965
-975
-1087
-1139
-1306
-1318
-1380
-1248
-1243
-1158
-1240
-1323
-1451
-1514
-1503
-1489
-1360
-1404
-1198
-1364
-1014
-1214
-851
-878
-510
-381
-24
-33
170
261
333
642
688
965
913
1178
1086
1195
1323
1270
1395
1673
1604
1728
1796
1662
1647
1650
1480
1655
1645
1673
1638
1573
1434
1339
1163
1060
992
821
775
607
431
178
56
-128
-159
-226
-261
-332
-340
-444
-539
-538
-570
-513
-510
-510
-553
-559
-655
-687
-754
-769
-750
-762
-784
-965
-1045
-1151
-1125
-1088
-1056
-1111
-1216
-1220
-1368
-1438
-1491
-1509
-1547
-1359
-1437
-1424
-1159
-1524
-1020
-1015
-978
-360
-496
-363
107
-139
149
494
351
781
859
735
1207
1023
1075
1362
1077
1586
1432
1525
1426
1608
1385
1637
1396
1467
1556
1475
1616
1413
1403
1281
1277
1090
1156
992
940
793
613
429
232
111
-28
-48
-113
-102
-162
-239
-341
-390
-419
-437
-392
-412
-381
-416
-452
-559
-658
-734
-821
-845
-887
-892
-974
-1107
-1300
-1382
-1359
-1397
-1329
-1468
-1386
-1552
-1437
-1461
-1645
-1467
-1552
-1450
-1364
-1330
-1431
-1119
-1163
-837
-678
-446
-289
-171
12
260
232
512
628
656
1001
778
986
1091
1130
1267
1299
1331
1536
1548
1470
1586
1502
1474
1508
1433
1462
1517
1626
1468
1456
1362
1363
1324
1284
1207
1030
967
751
671
481
409
277
235
134
116
16
-76
-125
-228
-207
-259
-271
-328
-394
-491
-565
-649
-743
-775
-853
-910
-932
-1096
-1245
-1336
-1448
-1407
-1474
-1421
-1613
-1496
-1566
-1644
-1532
-1685
-1527
-1669
-1245
-1604
-1185
-1301
-1154
-851
-746
-476
-449
-126
-262
125
93
197
316
430
510
709
620
728
844
812
901
1036
990
1097
1181
995
1152
1215
1164
1230
1190
1173
1292
1361
1237
1342
1190
1236
1303
1179
1154
1092
1012
848
851
651
508
414
228
144
128
49
-16
-25
-125
-100
-143
-221
-230
-275
-319
-331
-400
-520
-582
-608
-675
-664
-801
-853
-1011
-1109
-1231
-1309
-1323
-1343
-1369
-1501
-1438
-1639
-1398
-1656
-1523
-1527
-1481
-1262
-1281
-1187
-918
-952
-755
-462
-466
-219
24
-126
-3
224
79
458
304
454
496
708
520
726
682
683
869
797
1027
929
1080
950
1151
1088
1242
1377
1291
1523
1484
1512
1490
1531
1439
1517
1552
1412
1403
1215
1170
939
997
751
695
524
459
396
335
280
112
115
-3
88
-142
-149
-235
-327
-341
-481
-557
-580
-628
-678
-809
-896
-991
-1074
-1248
-1241
-1435
-1463
-1484
-1835
-1551
-1949
-1708
-1792
-1719
-1835
-1597
-1615
-1687
-1199
-1550
-1058
-1071
-851
-788
-407
-747
-421
-379
-265
-196
-114
-36
118
260
-92
311
122
399
508
503
589
796
710
724
892
927
1167
1185
1190
1270
1321
1478
1390
1544
1599
1648
1750
1558
1642
1503
1439
1277
1316
1186
1126
1032
859
796
650
600
553
468
391
401
257
209
113
16
-31
-49
-140
-133
-277
-379
-485
-649
-590
-781
-972
-952
-1173
-1158
-1317
-1338
-1744
-1480
-1780
-1642
-1764
-1799
-1749
-1696
-1527
-1692
-1340
-1442
-1207
-996
-1210
-809
-959
-657
-667
-648
-396
-627
-298
-420
-301
-297
79
-217
351
-89
392
423
592
541
661
687
861
1076
1024
1362
1226
1424
1327
1509
1607
1732
1679
1780
1781
1799
1839
1663
1604
1597
1565
1431
1305
1255
1111
975
870
784
617
662
392
403
244
297
104
158
-26
-3
-129
-215
-241
-472
-441
-571
-700
-825
-785
-1148
-978
-1362
-1274
-1575
-1460
-1822
-1750
-1857
-1960
-1977
-1880
-2146
-1827
-1732
-1813
-1456
-1626
-1266
-1408
-894
-1384
-770
-1148
-813
-789
-957
-711
-696
-487
-410
-286
-413
46
-84
161
219
445
640
616
836
762
1001
1255
1313
1413
1578
1380
1647
1687
1706
1948
1826
2034
1976
1957
1802
1882
1749
1757
1779
1453
1589
1257
1330
968
1120
844
826
823
551
664
461
420
331
242
183
140
5
-9
-138
-307
-413
-606
-613
-875
-864
-1097
-1200
-1253
-1451
-1535
-1708
-1773
-1841
-2026
-1885
-2113
-2013
-2131
-1841
-2141
-1524
-1788
-1796
-1264
-1662
-1220
-1446
-1259
-1315
-1082
-1235
-1092
-869
-1030
-470
-927
-403
-364
-227
-120
-117
279
232
712
471
807
937
1171
1291
1487
1499
1689
1819
1779
1981
1840
2252
2089
2213
2179
2169
2126
2170
1999
1900
2030
1709
1849
1531
1430
1331
1219
1096
975
994
749
828
616
613
476
344
319
115
89
-96
-208
-460
-596
-773
-953
-1007
-1171
-1364
-1442
-1632
-1847
-1832
-2110
-2057
-2256
-2267
-2259
-2439
-2204
-2387
-2269
-2233
-1873
-2071
-1707
-1859
-1713
-1529
-1466
-1432
-1371
-1075
-1348
-919
-1227
-667
-769
-698
-338
-446
-37
1
97
322
556
466
898
764
1120
1395
1307
1658
1760
1747
1958
1844
1922
2089
2176
2217
2177
2222
2083
2225
2093
2034
2033
1928
1848
1791
1509
1478
1328
1147
1188
968
1089
837
888
653
575
641
293
383
167
59
-43
-98
-638
-424
-852
-880
-1066
-1048
-1344
-1461
-1541
-1885
-1585
-2078
-2042
-2016
-2101
-2214
-2167
-2337
-2330
-2069
-2223
-1955
-1892
-1869
-1638
-1677
-1485
-1585
-1328
-1183
-1420
-686
-1602
-709
-1073
-799
-591
-648
-313
-258
136
-52
502
164
783
634
842
1186
963
1426
1413
1690
1579
1897
1613
1907
1909
1975
2114
2107
2252
2150
2303
2174
2211
2045
2118
1834
1913
1727
1535
1650
1377
1351
1239
1174
1048
1127
807
736
676
493
510
224
277
-10
-18
-346
-455
-686
-709
-984
-1052
-1207
-1427
-1483
-1685
-1763
-1957
-2099
-2055
-2205
-2229
-2236
-2492
-2366
-2358
-2276
-2296
-2083
-2076
-1927
-1810
-1970
-1702
-1794
-1392
-1457
-1520
-1452
-1314
-984
-1076
-795
-613
-735
-235
-353
-181
120
357
268
653
861
635
1232
941
1317
1465
1600
1613
1816
1704
1892
2260
2007
2341
2321
2085
2478
2330
2215
2206
2197
1964
2150
1913
1649
1763
1439
1471
1289
1257
1081
1205
863
878
732
637
566
441
275
-42
202
-313
-326
-481
-782
-807
-859
-1131
-1284
-1213
-1722
-1528
-1708
-1869
-1873
-1936
-2214
-2165
-2386
-2193
-2363
-2188
-2036
-2148
-1898
-1947
-1941
-1811
-1494
-1923
-1247
-1802
-1335
-984
-1594
-878
-1143
-770
-499
-530
-409
-188
16
57
274
374
713
746
909
884
1156
1418
1307
1805
1297
1798
1700
1952
1804
2218
2068
2271
2342
2094
2296
1985
2222
1854
2128
1778
1911
1574
1484
1407
1180
1362
1016
1011
908
840
737
534
496
240
334
-38
6
-169
-448
-419
-730
-774
-978
-1027
-1165
-1428
-1441
-1668
-1734
-1813
-1793
-2182
-1869
-2315
-2189
-2319
-2267
-2384
-2086
-2166
-2157
-1740
-2123
-1776
-1733
-1716
-1480
-1458
-1553
-1262
-1289
-878
-884
-580
-760
-239
-437
-77
95
-69
224
263
567
677
824
915
1094
1281
1468
1515
1664
1680
1775
1872
1802
2279
2025
2089
2279
2056
2280
2253
2083
2113
2094
1887
1994
1675
1648
1463
1475
1273
1343
1128
1055
1010
799
695
759
538
375
341
-6
211
-237
-288
-546
-613
-668
-951
-988
-1283
-1241
-1576
-1305
-1992
-1512
-1748
-2021
-1740
-2389
-2055
-2188
-2210
-2343
-1909
-2139
-1930
-1818
-2122
-1360
-1792
-1575
-1486
-1546
-1038
-1356
-1313
-958
-945
-653
-766
-479
-406
-66
-158
-289
230
270
456
462
679
569
1043
974
1131
1352
1256
1561
1572
1479
1777
1727
1825
1949
1854
1963
1990
1919
1858
1829
1818
1599
1902
1411
1395
1429
1102
1261
1199
895
945
1089
502
1048
449
483
409
272
208
-52
105
-515
-34
-676
-396
-740
-600
-1111
-892
-1456
-1263
-1517
-1538
-1631
-1704
-1541
-2102
-1653
-1820
-1652
-2025
-1435
-2316
-1060
-2035
-1349
-1562
-1353
-1235
-1616
-1100
-1373
-884
-1156
-991
-1068
-549
-587
-604
-145
-569
284
-360
165
104
311
307
509
679
602
1169
947
1242
973
1250
1294
1515
1605
1620
1658
1852
1763
1790
1788
1696
1720
1636
1642
1524
1325
1305
1198
969
1319
1041
1033
1036
909
776
704
617
559
482
366
399
54
47
-221
-362
-179
-635
-384
-767
-646
-959
-918
-1133
-1143
-1021
-1675
-1121
-1626
-1186
-1792
-1313
-2058
-1388
-1571
-1753
-1221
-1931
-1268
-1456
-1313
-1448
-931
-1402
-772
-1385
-924
-994
-881
-654
-931
-343
-694
7
-258
49
-71
-35
367
471
357
464
540
528
1279
662
1283
734
917
1274
1012
1572
1167
1386
1392
1613
1377
1727
1297
1605
1431
1249
1348
985
1249
997
1041
813
886
804
800
617
438
645
572
415
396
320
369
418
-45
-238
-236
-394
-175
-62
-659
-422
-493
-944
-645
-1086
-957
-1186
-1143
-1351
-1197
-1309
-1205
-1326
-1058
-1053
-1184
-929
-1405
-740
-1504
-1074
-830
-1050
-544
-1248
-632
-953
-1021
-666
-652
-683
-136
-621
-412
-79
-363
-162
136
259
35
202
288
398
618
678
169
1011
630
714
732
1028
837
1012
1171
913
1358
1117
1143
1108
1121
811
1295
985
968
853
608
880
744
893
811
564
742
551
600
590
349
489
540
277
404
-245
29
241
-229
-42
-298
-295
-138
-211
-751
-783
-496
-461
-1030
-405
-1493
-788
-1116
-1284
-1097
-895
-989
-856
-761
-864
-839
-854
-600
-791
-725
-1174
-1386
-834
-761
-447
-714
-1022
-251
-520
-532
-496
-303
-82
36
-288
327
-290
16
240
203
751
420
343
495
770
884
727
789
742
729
905
765
1063
812
920
898
773
984
670
659
662
545
834
717
438
549
471
527
341
118
397
470
457
90
-53
166
-80
-19
-462
-397
562
-411
-517
-540
-374
-281
113
-977
-695
-174
-797
-281
-1075
-494
-1223
27
-714
-1009
-80
-850
185
-512
-556
-472
-430
-255
31
-217
-200
4
-454
-542
63
33
-127
-441
-278
-780
465
-37
-292
485
32
599
510
410
505
469
281
515
679
893
408
217
806
59
748
504
305
94
-86
498
362
77
-199
282
76
169
89
60
123
58
283
-53
51
-138
78
-55
266
41
-222
-389
-227
200
-171
-256
-285
-224
-186
-56
-391
-226
-145
-166
-466
-427
-588
-732
-395
-242
-733
157
-488
-487
410
-392
466
373
-782
790
-598
12
363
-256
526
251
-411
-669
521
151
225
674
144
711
1202
-139
765
757
212
1107
546
62
728
164
614
516
210
396
148
146
-185
-55
-238
21
51
-359
-484
-519
-552
-553
-373
-750
-512
-628
-816
-655
-456
-245
-426
16
-547
-665
-323
-605
-451
-603
-345
-424
-76
-488
-810
-88
-877
-204
-141
-978
-378
-51
-863
-138
-107
-7
38
122
17
502
411
252
480
1089
1196
789
828
814
949
1147
1396
808
1566
360
400
1410
1126
1044
555
511
1065
2033
1064
910
934
1315
1419
578
380
709
779
164
462
-128
50
49
208
-457
-504
-685
-881
-779
-1284
-1343
-1600
-1604
-1928
-1132
-1732
-1785
-1603
-1816
-1360
-1424
-1325
-1508
-1207
-1249
-908
-1113
-1129
-1050
-596
-812
-1427
-953
-1226
-790
-851
-926
-681
-665
-816
-750
-460
-248
-472
238
-221
-351
855
330
1476
1552
1078
1256
1646
1115
1743
1968
1447
2035
2109
1645
2003
2104
2186
2393
2694
1363
2411
2755
2404
2419
2083
1934
2142
1344
1255
1521
1548
1190
854
150
-412
8
-167
-220
-715
-1053
-1284
-1231
-1594
-1641
-2378
-2474
-2523
-2188
-2196
-2804
-2533
-2452
-2338
-2140
-2064
-2207
-2099
-2086
-1952
-2006
-2027
-2026
-1752
-1562
-2060
-1825
-2044
-1771
-1097
-1297
-1441
-1162
-1609
-1065
-854
-767
-341
-177
-513
-41
799
658
740
1327
1823
1629
2096
1420
1646
3211
3308
3398
3671
2492
2979
4177
3255
4284
4018
3714
4268
3782
3776
3474
2664
2421
2703
2550
2783
1548
1622
1321
1136
1137
572
-331
-736
-1020
-1029
-914
-1833
-2046
-2698
-2778
-2872
-2586
-2865
-3049
-3085
-3126
-3013
-2904
-2721
-2923
-2469
-2680
-2667
-2772
-3058
-2982
-3105
-3305
-3234
-2955
-2675
-2898
-3067
-2923
-2437
-2196
-2070
-2453
-2235
-1584
-1356
-658
-664
-845
-18
532
761
1686
1476
1572
2631
2332
2409
3550
3164
3546
3886
3146
3990
4431
4445
5221
5159
5294
5604
4546
4311
3642
3486
3848
3861
3879
2704
2037
1830
1609
1880
1397
14
-543
-944
-1110
-1299
-1843
-2057
-2409
-2750
-2795
-2809
-2855
-2693
-2525
-2319
-2484
-2688
-2689
-2449
-2384
-2180
-2424
-2906
-3537
-4055
-3764
-3041
-2546
-3313
-3969
-4264
-3684
-3018
-2718
-2843
-3072
-2819
-2866
-2435
-2328
-1608
-980
-555
5
166
540
1113
1460
2568
2897
2507
2788
2926
3402
4183
4364
4587
4736
4532
4875
4881
5598
5231
3962
3665
3966
4465
3987
3194
2676
2620
2732
2747
2085
1336
481
134
292
-495
-1057
-1651
-2058
-1969
-1991
-1971
-2209
-2355
-2319
-1885
-1993
-1960
-1960
-1966
-1557
-1553
-1353
-2037
-2261
-3239
-3301
-2689
-2258
-2283
-3537
-4197
-3917
-2938
-2452
-2924
-3794
-3971
-3416
-2493
-2343
-2543
-2234
-1635
-642
-400
-196
134
868
1712
2259
2100
1743
2467
3446
3881
4140
3323
4059
4770
5099
5373
3736
3097
3004
4073
4479
3526
2729
1611
1741
2130
2389
1807
662
-103
-166
-249
-581
-1024
-1624
-1944
-2111
-1872
-2168
-2197
-1870
-1433
-1220
-1489
-1665
-1491
-1079
-506
-311
-1201
-2409
-2584
-1470
-574
-895
-2028
-2992
-2675
-1830
-1426
-1924
-2880
-3004
-2394
-2267
-2481
-2357
-1933
-1198
-860
-544
-532
5
668
1459
1502
1295
1635
1938
3111
3042
3449
3511
3625
4229
4527
5144
4453
3370
2460
2780
3720
3773
2522
1092
751
1221
1641
1356
159
-1186
-1344
-1279
-1243
-1699
-2432
-2802
-3017
-2827
-2942
-2893
-2797
-2338
-2005
-2079
-2245
-1994
-1410
-836
-701
-993
-1341
-1435
-1611
-1359
-533
-191
-590
-1933
-2270
-1580
-555
-414
-1177
-1955
-2284
-1586
-852
-465
-825
-875
-619
-185
396
902
1646
1753
1934
2159
2639
3188
3691
3968
3805
4225
4454
4876
5403
3994
3483
2767
3922
4498
2997
1881
1051
1525
1600
1302
551
-487
-1702
-1487
-1190
-1573
-2551
-3245
-3131
-3349
-3126
-3183
-3176
-3564
-3224
-2820
-2791
-2774
-2571
-1776
-1943
-1720
-2455
-2929
-2458
-1148
-391
-1914
-3398
-2899
-1150
-350
-1119
-2429
-2889
-2219
-893
-540
-1328
-1964
-1263
-216
190
536
909
1212
1260
1695
2002
2617
3112
3240
3547
3150
3833
4641
5056
5068
4930
5110
4030
3368
4150
5220
4637
2986
1774
2047
2673
2970
2295
607
-770
-830
-168
-538
-1417
-2252
-2652
-2936
-2903
-2599
-2517
-2715
-2863
-2726
-2922
-2727
-2097
-1649
-1729
-2185
-2406
-2219
-2564
-2540
-1791
-1383
-1982
-3288
-3491
-2432
-1341
-1461
-2625
-3564
-3283
-1998
-1139
-1384
-2387
-2367
-1481
-397
437
256
257
680
1407
2307
2307
2591
2387
3062
3625
3753
4199
4046
4983
4941
3652
2772
3374
4905
4800
3041
1555
1541
2544
3092
2541
923
-647
-499
133
283
-652
-1667
-2021
-2196
-1801
-1700
-1678
-2018
-2165
-1835
-1631
-1424
-1105
-565
-701
-849
-1083
-828
-904
-1550
-1479
-1036
-685
-1634
-2432
-2169
-1295
-1043
-1775
-2732
-2828
-2081
-1483
-1561
-2431
-2578
-1785
-639
-262
-410
-583
-239
548
1359
1650
1111
1188
1648
2504
2815
2683
3039
3643
3947
2646
1758
2210
3807
4248
2288
715
703
1868
2556
1911
234
-1025
-1170
-227
-12
-1006
-2200
-2583
-2463
-2188
-1788
-1908
-2246
-2487
-2048
-1542
-1149
-855
-479
-235
-446
-452
25
222
-330
-350
27
386
-165
-720
-323
212
199
-625
-1226
-1206
-667
-252
-621
-1504
-1738
-773
63
243
-50
-141
206
847
1321
1627
1445
1307
1858
2168
2485
2520
2855
3247
3570
2843
1758
1478
3115
3966
2441
374
-167
1428
2155
1405
-178
-1603
-1767
-833
-444
-1564
-3172
-3621
-3151
-2805
-2918
-3166
-3450
-3599
-3188
-2593
-2326
-2253
-1891
-1496
-1473
-1332
-765
-365
-192
-914
-1458
-817
511
1035
-83
-1534
-1047
823
1518
421
-1197
-1271
-48
1213
935
-318
-934
73
1531
1999
1368
687
1334
1977
2687
2726
2361
2248
2530
3054
3535
3532
3906
3551
2526
1886
3135
4582
3495
1244
548
1658
2479
1957
562
-610
-1367
-999
-344
-993
-2695
-3397
-3258
-3088
-3060
-3415
-3522
-3965
-4002
-3566
-3130
-2999
-2951
-2651
-2693
-2513
-2019
-1391
-2286
-2602
-1646
-547
-947
-2206
-2023
-739
166
-434
-1386
-1501
-644
397
519
-622
-1169
-211
1195
1505
1029
843
1272
1944
2316
2435
2513
2458
2653
2783
2975
3298
3770
3873
3728
3985
3227
2882
3008
4494
4470
2568
1293
2022
3449
3290
1790
357
-119
167
871
181
-1399
-2678
-2382
-1798
-1958
-2637
-3317
-3438
-3451
-2959
-2779
-2940
-3164
-2849
-2510
-2555
-2540
-2111
-2068
-2313
-2739
-2871
-1846
-1076
-1208
-2496
-3090
-1816
-151
-192
-1907
-2831
-1699
-58
420
-716
-1854
-1262
566
1793
1149
36
139
1512
2834
2577
1924
1471
2315
3304
3741
3222
3107
3923
3485
2653
2320
4145
4945
3164
1223
1648
3311
3762
2670
1035
196
218
1177
1377
-95
-1842
-1874
-1232
-1001
-1433
-2052
-2600
-2846
-2389
-1781
-1695
-2343
-2452
-2015
-1789
-1531
-1302
-1302
-2023
-2975
-2016
-488
-222
-1750
-2976
-2236
-523
101
-1281
-2766
-2718
-1130
196
-424
-2041
-2351
-705
815
780
-140
-539
240
1017
1788
1806
1386
848
1548
2392
2458
2532
2537
2999
2774
1602
1649
3403
4000
2539
613
810
2682
3448
2158
496
-118
384
1269
1059
-197
-1548
-1675
-1016
-772
-1275
-1878
-2121
-2261
-1959
-1463
-1306
-1643
-1857
-1731
-1260
-857
-746
-913
-1262
-1375
-1333
-757
-195
-108
-988
-1764
-1158
353
750
-722
-2059
-1643
59
855
-152
-1606
-1638
-126
1347
1152
-267
-618
512
1684
1881
1289
836
949
1618
2243
2441
1999
1788
2150
2072
1438
1609
2700
2821
1358
206
906
2191
2158
944
-291
-665
-52
668
190
-1339
-2362
-1995
-1189
-1243
-1983
-2639
-2746
-2466
-1929
-1599
-1791
-2140
-2025
-1538
-1056
-823
-782
-861
-1234
-1007
-950
-615
-88
9
-715
-1507
-842
672
1206
-240
-1530
-972
709
1286
329
-965
-954
591
1874
1455
219
-92
1052
2334
2183
1329
771
1466
2187
2543
2322
1800
2008
2508
2218
1327
1573
2790
2852
1127
-24
1097
2601
2030
334
-652
-310
505
555
-350
-1743
-2247
-1772
-1310
-1860
-2625
-2800
-2667
-2601
-2479
-2145
-2125
-2406
-2499
-2140
-1623
-1251
-1325
-1443
-1669
-1221
-1011
-951
-641
-240
-459
-1181
-993
176
962
81
-1025
-785
474
987
499
-426
-531
540
1738
1555
423
206
1321
2411
2107
1295
835
1625
2417
2649
2126
1699
2078
3183
2736
1351
1397
2896
3504
1755
192
871
2698
2579
1008
-241
-171
630
1029
164
-1407
-2195
-1723
-983
-1625
-2771
-3080
-2669
-2504
-2487
-2421
-2420
-2524
-2551
-2210
-1899
-1649
-1567
-1572
-1816
-1513
-927
-975
-1091
-895
-568
-791
-1029
-550
225
111
-691
-825
-156
301
338
-147
-578
-201
860
1211
634
212
596
1597
1687
1276
922
1401
1810
2046
1977
1853
1932
2591
2666
1978
1473
2137
3306
2748
1240
947
2131
2731
2172
994
464
542
1014
1037
32
-1300
-1545
-930
-893
-1724
-2401
-2380
-2243
-2182
-2148
-2150
-2405
-2331
-1998
-1651
-1660
-1607
-1386
-1365
-1279
-1111
-538
-1034
-1331
-855
-101
-302
-999
-943
-156
302
-243
-802
-672
-157
241
155
-644
-875
-30
929
745
-33
-233
615
1335
1129
658
637
974
1325
1599
1597
1512
2043
2199
1390
1283
2189
3173
2378
862
867
2337
3018
2007
698
391
902
1403
1079
-133
-1166
-1184
-617
-695
-1396
-1998
-2017
-2000
-1969
-1834
-1748
-1807
-2077
-2003
-1636
-1259
-1084
-1143
-1370
-1308
-632
-205
-719
-1168
-711
26
-96
-639
-589
64
213
-258
-511
-277
-49
-14
-257
-552
-441
224
500
156
-157
120
694
699
577
442
650
651
902
999
1359
1268
1561
1604
1128
1183
1874
2628
1942
861
1043
2330
2586
1678
658
729
1150
1224
673
-198
-830
-837
-507
-928
-1641
-2020
-1775
-1809
-2053
-1906
-1560
-1514
-1835
-1848
-1511
-1016
-759
-921
-1287
-1096
-451
261
-78
-1221
-1036
238
891
-48
-1034
-734
462
900
-3
-882
-725
118
654
169
-693
-718
245
822
479
-189
-281
458
924
711
240
249
683
1161
1304
966
1217
1800
1581
1099
1260
2299
2532
1437
659
1512
2514
2122
1114
616
644
887
881
308
-628
-1225
-971
-790
-1239
-1923
-2028
-1940
-1882
-1758
-1578
-1590
-1764
-1675
-1297
-975
-823
-936
-975
-805
-446
-89
-376
-772
-639
58
207
-356
-812
-446
189
114
-528
-845
-552
-84
96
-345
-784
-540
145
362
14
-81
-94
262
446
591
525
443
472
911
1326
1362
1539
1736
1569
1230
1650
2394
2636
1618
976
1534
2599
2530
1467
630
582
1040
1159
562
-518
-1129
-939
-647
-988
-1685
-2012
-1841
-1747
-1713
-1597
-1489
-1502
-1556
-1364
-1020
-772
-687
-739
-777
-530
-184
59
-374
-790
-582
-20
-66
-614
-860
-570
-190
-348
-782
-936
-737
-450
-344
-672
-949
-709
-142
58
-198
-443
-350
276
537
482
289
377
845
1381
1573
1409
1549
1883
1892
1570
1921
2615
2615
1664
1353
2084
2738
2159
1101
757
871
1046
772
111
-722
-1068
-856
-750
-1170
-1644
-1787
-1794
-1729
-1392
-1115
-1284
-1504
-1372
-854
-529
-429
-534
-676
-672
-201
243
104
-790
-1081
-342
306
-138
-1060
-1198
-522
6
-401
-1171
-1363
-863
-391
-630
-1181
-1222
-720
-294
-560
-708
-519
-230
-89
88
369
360
459
865
1427
1563
1590
1949
2248
1884
1804
2474
3092
2588
1562
1583
2467
2649
1825
1010
761
856
932
526
-277
-984
-1030
-810
-1002
-1472
-1741
-1738
-1673
-1562
-1281
-1094
-1191
-1304
-1047
-616
-332
-316
-537
-624
-303
122
29
-429
-845
-637
-216
-154
-647
-1087
-1074
-655
-438
-720
-1304
-1487
-1129
-663
-778
-1283
-1471
-1120
-545
-366
-537
-830
-565
12
479
434
267
513
1145
1625
1726
1798
2192
2343
2063
2001
2626
3268
2627
1614
1613
2521
2725
1924
956
691
858
909
652
-166
-928
-1042
-759
-797
-1138
-1499
-1611
-1531
-1305
-938
-832
-1060
-1173
-813
-351
-184
-197
-370
-443
-281
110
162
-463
-920
-607
-101
-404
-1071
-1271
-874
-524
-850
-1468
-1601
-1301
-991
-1163
-1718
-1871
-1341
-840
-956
-1135
-954
-634
-303
-92
140
233
268
671
1298
1727
1652
1720
2328
2538
2046
1851
2677
3288
2511
1377
1545
2645
2772
1631
689
560
950
1148
622
-469
-1158
-759
-204
-533
-1320
-1525
-1187
-979
-930
-816
-732
-806
-766
-523
-258
-110
-85
-222
-411
-284
168
116
-320
-871
-813
-378
-286
-776
-1351
-1408
-1105
-800
-1110
-1768
-1967
-1556
-1262
-1382
-1808
-1867
-1459
-1004
-943
-1055
-955
-555
-161
10
123
356
901
1196
1449
1715
2139
2468
2322
1915
2136
2915
3171
2302
1397
1740
2724
2685
1557
772
791
1173
1118
467
-337
-709
-528
-307
-532
-990
-1076
-1000
-982
-880
-576
-436
-668
-909
-654
-88
144
-85
-509
-506
-104
304
36
-588
-852
-753
-370
-416
-885
-1513
-1557
-1104
-816
-1279
-1977
-2005
-1413
-1163
-1463
-1859
-1850
-1304
-787
-663
-982
-892
-344
288
375
259
468
900
1487
1722
1914
1871
2213
2390
2143
1863
2482
2930
2211
1127
1380
2517
2529
1273
383
647
1043
1068
378
-457
-828
-508
-155
-496
-1054
-1227
-979
-874
-799
-597
-530
-819
-862
-430
-27
-53
-318
-464
-427
-144
51
-14
-766
-1210
-752
-137
-471
-1468
-1847
-1243
-627
-976
-1860
-2169
-1602
-963
-1082
-1840
-2090
-1370
-530
-533
-991
-914
-243
387
474
270
563
926
1248
1516
1789
2081
2123
2253
2110
1929
2179
2628
2541
1473
974
1780
2505
1905
682
303
830
1120
768
37
-595
-748
-320
-118
-626
-1180
-1241
-917
-749
-720
-721
-797
-842
-714
-391
-208
-277
-417
-577
-597
-259
-80
-318
-990
-1306
-803
-285
-623
-1515
-1845
-1372
-713
-913
-1735
-2088
-1571
-945
-952
-1510
-1762
-1233
-522
-256
-454
-425
-66
468
684
751
871
1011
1391
1753
2049
2099
2230
2431
2172
1758
2084
2745
2650
1349
737
1667
2549
1902
520
153
699
1136
829
-15
-709
-744
-213
-102
-690
-1257
-1227
-858
-763
-795
-772
-772
-889
-814
-514
-295
-380
-547
-693
-676
-453
-236
-438
-912
-1364
-1346
-745
-546
-1148
-2055
-2078
-1200
-576
-1214
-2242
-2239
-1258
-648
-968
-1609
-1608
-691
79
111
-309
-306
367
1146
1191
752
904
1604
2251
2203
1891
2123
2626
2389
1806
1953
2739
2609
1472
940
1664
2400
1855
787
341
536
893
873
142
-754
-804
-266
-138
-674
-1213
-1153
-885
-741
-722
-728
-877
-908
-740
-546
-444
-452
-572
-754
-787
-455
-207
-651
-1196
-1416
-1322
-960
-768
-1266
-2140
-2280
-1384
-580
-1186
-2378
-2407
-1335
-666
-909
-1534
-1739
-944
19
215
-301
-463
259
1102
1293
835
1031
1535
2052
2380
2141
2192
2368
2229
1929
2249
2834
2470
1343
1083
2026
2697
1836
716
512
914
1156
847
173
-543
-580
-124
34
-418
-928
-981
-788
-629
-465
-465
-773
-985
-703
-230
-139
-378
-675
-729
-577
-270
-190
-722
-1333
-1649
-1219
-692
-774
-1704
-2488
-2082
-904
-557
-1714
-2806
-2288
-979
-628
-1417
-2173
-1804
-683
-15
-342
-852
-688
249
1002
882
495
742
1521
2044
2137
1861
2259
2376
1990
1815
2513
3042
2245
1148
1255
2341
2643
1664
694
513
835
1277
1016
-15
-824
-566
93
120
-533
-1056
-962
-714
-422
-308
-539
-868
-820
-424
-150
-195
-341
-524
-577
-405
-78
-129
-695
-1047
-1268
-1191
-801
-666
-1323
-2220
-2120
-1053
-544
-1402
-2475
-2259
-1219
-650
-1102
-1903
-2003
-1077
-72
-141
-827
-912
17
849
894
621
768
1292
1889
2148
2152
2103
1882
1831
2239
2875
2572
1558
1131
1839
2474
2052
1071
618
673
815
894
402
-451
-809
-435
-231
-437
-790
-900
-887
-873
-611
-371
-485
-821
-717
-369
-94
-34
-195
-420
-449
-59
221
-43
-618
-1145
-978
-438
-194
-875
-1891
-1928
-829
-201
-1033
-2159
-2032
-1021
-532
-1016
-1832
-1879
-1049
-217
-315
-799
-858
-91
673
749
518
618
1057
1662
2011
2041
2042
1921
1672
1781
2506
2858
1921
754
983
2068
2319
1297
284
71
437
806
541
-438
-1185
-1032
-461
-352
-800
-1161
-1224
-1064
-785
-446
-483
-795
-880
-558
-96
114
29
-322
-475
-220
264
334
-296
-693
-900
-707
-319
-165
-865
-1774
-1694
-644
-125
-1010
-2072
-1960
-995
-406
-703
-1593
-1818
-952
138
102
-509
-736
110
1004
1140
927
834
1324
2043
2472
2358
1851
1440
1808
2659
2953
1757
741
1077
2024
2077
1025
259
192
391
375
233
-436
-1077
-1058
-718
-740
-955
-1042
-1053
-1146
-1143
-715
-487
-593
-877
-729
-406
-32
132
-114
-432
-446
70
367
73
-770
-1067
-604
47
-128
-1073
-1784
-1320
-349
-312
-1298
-2042
-1612
-715
-452
-1118
-1638
-1338
-491
-11
-179
-513
-417
261
820
1056
900
938
1339
2049
2363
2370
2370
1735
1465
2206
3312
2663
871
429
1728
2467
1616
395
-89
-68
271
480
-204
-1294
-1631
-1001
-733
-1034
-1299
-1286
-1339
-1302
-825
-490
-634
-860
-753
-531
-226
35
109
-326
-600
-295
255
205
-294
-786
-1185
-758
-77
-40
-1218
-2070
-1513
-284
-191
-1306
-2143
-1838
-869
-350
-778
-1662
-1473
-526
392
159
-437
-200
581
1320
1266
1001
1240
1976
2641
2684
2565
1994
1615
2313
3525
3094
1126
328
1610
2754
1991
394
-347
-86
428
654
-189
-1420
-1695
-908
-587
-1163
-1580
-1390
-1125
-1189
-991
-712
-539
-537
-495
-524
-396
114
338
-5
-594
-409
194
490
-86
-1096
-1243
-484
227
-451
-1747
-1970
-844
-87
-727
-1809
-1999
-1250
-583
-775
-1528
-1716
-995
-169
-128
-420
-485
32
665
907
844
920
1301
1982
2284
2313
2543
2223
1667
1845
3010
3215
1593
427
1009
2193
2011
877
-124
-568
-268
314
109
-1072
-1909
-1614
-975
-890
-1192
-1441
-1482
-1390
-863
-431
-454
-580
-438
-237
-130
140
442
349
-17
-204
98
404
539
28
-989
-1198
-332
392
-426
-1733
-1941
-941
-210
-661
-1661
-2187
-1566
-651
-540
-1388
-1717
-940
-51
113
-360
-226
303
986
1083
1097
1239
1907
2547
2659
2683
2010
1566
1974
3255
3130
1341
230
1020
2172
1853
570
-460
-714
-397
139
-320
-1464
-2089
-1606
-1114
-1195
-1397
-1430
-1354
-1300
-916
-539
-391
-361
-237
-260
-163
217
661
589
114
-79
194
494
515
285
-210
-761
-1147
-541
74
-211
-1469
-2212
-1544
-346
-132
-1278
-2392
-2138
-863
-93
-473
-1448
-1445
-442
635
606
108
141
1067
1637
1800
1786
2299
2801
3150
2305
1206
1732
3449
3859
1582
-90
474
2157
2265
990
-620
-1462
-904
190
135
-1492
-2596
-2436
-1344
-1058
-1246
-1527
-1833
-1632
-1007
-687
-580
-358
-292
-230
-391
43
718
798
335
115
228
336
400
357
4
-654
-908
-601
-361
-501
-1005
-1502
-1556
-1145
-752
-976
-1588
-1779
-1275
-744
-603
-725
-774
-435
10
410
656
692
1092
1440
1787
2132
2502
2861
3115
2510
1510
1639
3236
3820
1949
104
310
1731
1947
951
-443
-1345
-1351
-536
-280
-1352
-2402
-2486
-1958
-1816
-1664
-1538
-1551
-1756
-1455
-866
-470
-185
-47
-158
-310
66
780
1206
846
370
246
595
880
865
378
-223
-610
-874
-568
-247
-316
-1297
-2040
-1856
-876
-393
-1002
-1971
-2211
-1347
-380
-205
-896
-1071
-671
258
611
966
1269
1428
1483
1726
2673
3301
3717
2978
1576
1032
2569
4410
3382
575
-774
488
2011
1865
364
-1367
-2153
-1416
-282
-544
-1934
-2802
-2541
-1998
-1630
-1361
-1394
-1635
-1575
-1069
-655
-328
77
295
51
-190
258
1018
1355
996
392
182
509
1141
672
-457
-987
-364
180
-534
-1479
-1754
-1201
-923
-1192
-1752
-1904
-1565
-1173
-1158
-1400
-1299
-893
-309
-127
-4
210
669
1366
1667
1756
1844
2391
2961
3243
3265
2438
1451
1625
3275
3775
1893
-155
-129
1239
1661
867
-470
-1573
-1843
-1099
-610
-1253
-2273
-2627
-2360
-1995
-1565
-1342
-1484
-1622
-1256
-817
-554
-246
240
437
275
258
593
1029
1217
1077
689
310
358
706
815
195
-931
-1333
-738
46
-319
-1591
-2294
-1716
-717
-649
-1431
-2141
-1930
-1176
-627
-864
-1158
-821
-146
320
224
484
909
1560
1599
1731
2023
2320
2729
2780
2309
1245
1203
2332
3083
1853
112
-229
607
1134
786
138
-871
-1391
-1108
-479
-621
-1382
-1801
-1642
-1218
-972
-776
-871
-782
-373
91
215
153
366
705
1100
1297
1282
994
884
1157
1368
1194
630
275
157
10
-280
-559
-538
-541
-884
-1391
-1498
-1181
-899
-1145
-1596
-1842
-1712
-1366
-1243
-1327
-1547
-1636
-1256
-893
-837
-989
-1137
-966
-586
-328
-219
-133
-68
33
201
568
747
665
510
597
877
962
927
1065
1317
1263
1032
1052
1380
1567
1440
1162
969
982
1214
1420
1290
1049
990
1128
1189
1171
1146
1040
966
1056
1213
1127
888
770
705
604
517
430
240
-10
-166
-287
-510
-741
-936
-1134
-1435
-1616
-1598
-1573
-1695
-2011
-2257
-2266
-2127
-2156
-2340
-2529
-2580
-2408
-2257
-2236
-2282
-2226
-2001
-1705
-1457
-1297
-1134
-972
-845
-639
-324
18
187
215
233
379
695
1050
1306
1259
1156
1286
1643
2005
2178
2167
2106
2232
2521
2808
2842
2665
2517
2492
2515
2540
2426
2112
1789
1711
1790
1703
1499
1237
988
827
874
916
705
378
161
82
-1
-106
-321
-718
-1076
-1207
-1241
-1380
-1567
-1754
-2012
-2196
-2208
-2176
-2259
-2380
-2455
-2453
-2364
-2287
-2287
-2380
-2355
-2256
-2217
-2199
-2050
-1850
-1841
-1888
-1785
-1545
-1307
-1093
-968
-996
-917
-519
-52
109
38
73
375
791
1172
1343
1314
1386
1690
2115
2338
2320
2314
2487
2737
2878
2908
2815
2712
2733
2822
2759
2516
2344
2209
2042
1842
1669
1463
1254
1088
888
651
510
490
304
-59
-339
-395
-433
-595
-791
-1005
-1175
-1244
-1249
-1393
-1644
-1759
-1729
-1705
-1790
-1879
-1971
-1982
-1910
-1889
-1965
-1980
-1838
-1778
-1917
-2038
-1968
-1838
-1803
-1794
-1875
-1980
-1896
-1594
-1398
-1447
-1475
-1277
-901
-509
-210
-118
-89
156
678
1114
1239
1241
1341
1596
1916
2199
2221
2107
2197
2521
2722
2578
2389
2377
2493
2540
2485
2402
2308
2225
2139
1976
1757
1629
1514
1304
971
673
466
346
175
-64
-316
-489
-531
-571
-705
-883
-961
-994
-1065
-1136
-1227
-1309
-1362
-1363
-1388
-1452
-1469
-1433
-1412
-1540
-1673
-1730
-1721
-1742
-1848
-1965
-1974
-1815
-1661
-1630
-1751
-1765
-1582
-1264
-1008
-992
-1047
-1007
-720
-335
-101
-34
23
210
548
961
1097
994
966
1236
1585
1673
1558
1540
1691
1767
1775
1740
1727
1755
1745
1696
1649
1537
1408
1295
1176
1040
899
844
868
811
641
459
374
385
367
210
26
-83
-106
-78
-165
-348
-503
-489
-411
-450
-577
-703
-764
-796
-835
-871
-956
-1060
-1156
-1192
-1270
-1353
-1363
-1341
-1249
-1318
-1277
-1658
-2189
-1941
-890
-230
-585
-1096
-777
220
567
189
-62
543
907
435
-205
25
720
879
426
87
365
582
538
321
325
505
667
501
344
406
565
612
589
655
718
594
477
668
743
537
371
532
703
692
529
648
830
751
669
689
610
529
540
504
378
65
-64
-27
-89
-323
-500
-560
-522
-627
-853
-915
-837
-746
-800
-941
-991
-828
-624
-555
-608
-664
-576
-373
-209
-225
-340
-282
-118
-19
-37
-135
-6
37
-91
-200
-471
-688
-164
75
-715
-1535
-1708
-667
368
-210
-1044
-674
317
1025
888
563
983
1527
1222
657
596
1111
1395
753
-54
399
1081
1000
467
430
1365
1850
1525
1096
783
626
899
1495
1723
940
-161
-313
58
29
-416
-681
-869
-1186
-1563
-1724
-1577
-1707
-1911
-1868
-1438
-1160
-1297
-1545
-1354
-772
-281
-129
-253
-271
-104
235
602
748
532
446
458
416
302
-23
-306
-385
-346
-545
-1125
-1818
-1668
-699
-185
-726
-1603
-1723
-908
-59
82
-151
-252
-36
335
702
1118
1371
1490
1883
2302
2369
2184
2204
2719
3421
3511
2983
2800
3036
3382
3297
2358
726
-352
240
1438
1165
-766
-2485
-2899
-2296
-1689
-1617
-2233
-3146
-3669
-3435
-2746
-2318
-2412
-2638
-2279
-1322
-543
-525
-802
-530
429
1302
1518
1117
635
560
968
1436
1387
666
-346
-813
-678
-576
-1142
-2013
-2796
-3388
-3525
-2841
-2008
-2138
-2884
-2954
-2010
-939
-391
-303
76
854
1447
1502
1542
1945
2763
3692
4177
3985
3465
3464
4024
4580
4681
4412
3981
3746
3663
3690
3516
2294
4
-1479
-469
1187
566
-2278
-4337
-4077
-2719
-2120
-2502
-3025
-3312
-3475
-3369
-2659
-1779
-1486
-1733
-1449
-249
854
800
200
394
1600
2639
2569
1724
977
789
999
1185
899
86
-1102
-2113
-2575
-2633
-2977
-3748
-4691
-5411
-5509
-4761
-3683
-3393
-3813
-3842
-2780
-1303
-228
171
563
1334
2186
2682
3007
3514
4200
4761
4905
4797
4676
4776
4771
4667
4472
4455
4314
3922
3502
3487
2945
626
-2180
-2540
-205
1055
-914
-4042
-5070
-4125
-3002
-2593
-2242
-1799
-1869
-2509
-2527
-1225
233
542
171
728
2168
2978
2305
1402
1677
2807
3370
2810
1800
897
183
-295
-367
-421
-1072
-2426
-3856
-4606
-4841
-5309
-6252
-6663
-5987
-4874
-4589
-5044
-5136
-4084
-2327
-826
37
552
1060
1504
2002
2626
3444
4031
4377
4593
4845
4718
4227
3688
3715
4041
4135
3714
3146
2832
2698
2886
2231
134
-2708
-3216
-1016
884
-469
-3496
-4901
-4000
-2562
-1862
-1315
-768
-583
-1176
-1206
-136
1295
1523
1062
1413
2980
4154
3635
2250
1667
2348
3015
2949
2228
1380
294
-707
-1298
-1300
-1418
-2284
-3617
-4530
-4669
-5104
-6129
-6785
-5953
-4756
-4527
-4908
-4479
-3067
-1684
-1087
-679
423
1799
2322
1968
1939
2608
3284
3391
3486
3738
3915
3318
2490
2275
2820
3074
2626
2172
2323
2499
2407
2002
701
-1582
-3267
-2271
20
601
-1540
-3799
-4265
-3108
-2006
-1253
-570
37
-100
-624
-368
786
1665
1468
1333
2351
3970
4379
3315
1953
1680
2120
2549
2526
2165
1275
-35
-1114
-1469
-1377
-1644
-2400
-3200
-3587
-3788
-4276
-5120
-5584
-5321
-4581
-3785
-2902
-2135
-1750
-1659
-1225
-71
1392
2275
2279
2003
2015
2195
2217
2233
2353
2588
2660
2391
1853
1563
1623
1716
1610
1646
1947
2137
2233
1594
-255
-2724
-3451
-1737
94
-161
-1801
-2894
-3033
-2945
-2690
-1590
-111
559
78
-188
490
1279
1108
569
1082
2780
4223
4215
3181
2140
1537
1241
1363
1815
1917
1115
-179
-1017
-1353
-1788
-2578
-3173
-3108
-2707
-2765
-3367
-4050
-4674
-5073
-4669
-2989
-1067
-267
-608
-791
-132
889
1443
1626
1956
2530
2827
2535
1981
1511
1236
1210
1420
1748
1828
1565
1140
961
1043
1075
1246
1683
2484
2220
398
-2266
-3152
-1996
-657
-798
-1530
-1815
-1891
-2266
-2296
-1369
-261
77
-203
354
1553
2143
1311
321
511
1863
3083
3497
3223
2617
1683
799
571
827
682
-110
-770
-811
-837
-1528
-2697
-3561
-3689
-3342
-3090
-3095
-3299
-3461
-3492
-3368
-2960
-2199
-1198
-274
505
1122
1545
1724
1746
1630
1618
1845
2140
2096
1760
1412
1206
1016
748
539
573
846
1145
1311
1549
1770
1991
2406
2263
647
-1697
-2290
-946
143
-426
-1426
-1641
-1530
-1773
-1809
-1014
-71
-62
-421
358
1836
2299
1247
318
668
1879
2805
3059
2902
2391
1465
611
462
552
-27
-1067
-1472
-1146
-1038
-1719
-2770
-3561
-3896
-3894
-3572
-3073
-3062
-3688
-4084
-3410
-2171
-1355
-1060
-581
397
1453
2012
2010
1833
1687
1581
1590
1801
1799
1385
1047
1105
1154
781
343
337
681
1037
1193
1473
1847
2309
2660
2233
553
-1427
-1773
-735
-153
-716
-1230
-1095
-961
-1270
-1301
-733
-145
-164
-101
961
2263
2455
1569
992
1311
1978
2437
2678
2709
2320
1509
839
600
253
-656
-1634
-1896
-1613
-1612
-2127
-2755
-3204
-3553
-3872
-3931
-3695
-3445
-3201
-2694
-1881
-1382
-1363
-1276
-614
354
1058
1463
1791
2054
2002
1633
1226
924
639
427
565
899
982
521
110
166
404
598
840
1483
2209
2769
3253
2991
1465
-729
-1746
-1140
-493
-622
-1040
-1043
-914
-1026
-996
-672
-532
-741
-636
562
1907
2283
1784
1406
1643
2108
2542
2831
2830
2406
1741
1330
1225
865
-107
-1222
-1768
-1843
-1961
-2332
-2690
-3026
-3446
-3817
-3884
-3745
-3749
-3755
-3427
-2773
-2034
-1265
-429
285
710
1058
1494
1983
2098
1753
1380
1322
1264
875
391
279
318
200
-46
-189
32
284
696
1041
1607
2089
2659
3114
2566
782
-983
-1241
-624
-625
-1221
-1317
-966
-761
-993
-799
-314
-118
-356
-105
987
1865
1887
1551
1582
1907
2248
2611
2855
2649
1965
1199
855
692
97
-889
-1631
-1812
-1906
-2240
-2625
-2905
-3175
-3435
-3433
-3146
-3062
-3190
-3021
-2412
-1739
-1265
-611
156
818
1211
1543
1923
2162
1913
1389
1011
847
643
365
281
303
194
7
-92
82
273
462
875
1552
2281
2790
3386
3431
2192
218
-871
-738
-749
-1402
-1816
-1526
-1160
-1224
-1223
-721
-448
-694
-855
-76
955
1249
1036
1013
1354
1689
2064
2527
2678
2156
1329
826
650
181
-686
-1454
-1761
-1861
-2058
-2327
-2564
-2810
-3090
-3197
-3014
-2836
-2885
-2836
-2252
-1475
-1067
-872
-356
436
992
1312
1695
2109
2226
1950
1554
1238
838
359
68
228
506
472
285
259
491
728
1042
1493
2080
2603
3223
3847
3582
1967
23
-677
-667
-1130
-1997
-2160
-1811
-1647
-1674
-1262
-692
-745
-1145
-966
33
716
730
635
935
1300
1633
2126
2638
2523
1725
972
731
510
-257
-1201
-1759
-1949
-2143
-2339
-2470
-2661
-3006
-3276
-3198
-2953
-2943
-3105
-2856
-2070
-1346
-906
-392
326
893
1220
1519
1871
2057
2014
1780
1560
1255
783
368
313
451
453
396
439
639
852
1166
1525
1957
2466
3025
3739
4096
3289
1523
110
-314
-758
-1687
-2325
-2250
-1976
-1847
-1507
-790
-366
-588
-808
-299
470
691
617
788
1110
1374
1847
2533
2857
2417
1592
989
610
-49
-1010
-1803
-2225
-2488
-2660
-2664
-2719
-2967
-3264
-3335
-3193
-3128
-3279
-3374
-2983
-2179
-1374
-706
-87
485
962
1354
1651
1750
1681
1517
1372
1258
1070
719
434
384
500
574
590
703
886
1165
1500
1921
2375
2864
3464
4008
3685
2310
689
-130
-618
-1511
-2446
-2708
-2442
-2149
-1725
-974
-312
-259
-455
-190
559
997
985
998
1281
1588
1968
2553
3022
2926
2342
1718
1176
416
-636
-1652
-2323
-2706
-2920
-2952
-2918
-3011
-3190
-3285
-3262
-3278
-3397
-3410
-3099
-2452
-1751
-1153
-483
237
899
1380
1674
1736
1615
1481
1376
1215
958
727
656
768
866
762
613
596
749
912
1204
1569
1978
2375
2923
3469
3244
2042
557
-170
-597
-1446
-2517
-2902
-2796
-2541
-2084
-1097
-145
222
236
548
1142
1371
1219
1154
1372
1591
1921
2509
3078
3109
2699
2188
1690
876
-237
-1317
-2108
-2724
-3113
-3131
-2951
-2923
-2982
-2891
-2751
-2860
-3150
-3324
-3207
-2831
-2338
-1733
-972
-108
725
1433
1915
2083
1990
1756
1472
1136
770
487
437
608
748
765
789
870
958
984
1091
1280
1573
1923
2313
2691
2395
1356
135
-370
-727
-1487
-2440
-2817
-2810
-2717
-2376
-1528
-561
-41
328
927
1669
1895
1774
1680
1755
1771
1951
2414
2867
2924
2708
2401
1962
1174
117
-969
-1880
-2635
-3190
-3417
-3412
-3360
-3275
-3034
-2760
-2675
-2789
-2916
-2852
-2562
-2138
-1665
-1101
-387
444
1283
1903
2240
2290
2171
1908
1573
1173
808
595
574
665
808
869
935
1015
1151
1254
1373
1554
1818
2193
2369
1746
547
-400
-814
-1329
-2163
-2768
-2897
-2865
-2786
-2329
-1457
-676
-214
330
1173
1898
2141
2166
2166
2085
1952
2072
2392
2591
2517
2415
2278
1848
1012
45
-900
-1859
-2756
-3366
-3660
-3784
-3742
-3506
-3108
-2760
-2576
-2548
-2475
-2294
-1988
-1660
-1301
-838
-140
725
1520
2081
2434
2610
2575
2339
1950
1439
938
615
530
587
598
633
773
1082
1358
1474
1561
1674
1893
2096
1794
778
-399
-1012
-1370
-1986
-2623
-2795
-2642
-2472
-2140
-1477
-788
-402
-93
505
1244
1675
1843
1995
2120
2126
2170
2334
2384
2227
2055
1932
1645
1023
208
-571
-1321
-2105
-2801
-3286
-3600
-3773
-3641
-3284
-2956
-2758
-2639
-2503
-2319
-2043
-1696
-1403
-1058
-502
281
1068
1636
2030
2322
2484
2474
2257
1876
1375
962
758
695
651
557
614
852
1216
1478
1708
1892
2081
2211
2079
1261
84
-809
-1187
-1723
-2440
-2836
-2692
-2439
-2123
-1533
-793
-333
-69
409
1077
1456
1518
1582
1740
1857
1983
2267
2490
2431
2256
2148
1948
1395
559
-269
-1052
-1788
-2450
-2942
-3338
-3627
-3696
-3507
-3201
-2930
-2767
-2636
-2445
-2156
-1805
-1497
-1272
-945
-356
409
1031
1462
1857
2201
2392
2366
2117
1676
1193
865
698
583
475
496
781
1207
1613
1927
2237
2455
2582
2381
1573
392
-580
-1135
-1718
-2388
-2812
-2793
-2574
-2177
-1531
-737
-176
150
561
1142
1566
1609
1510
1434
1412
1553
1935
2287
2358
2264
2224
2106
1646
873
-4
-902
-1758
-2428
-2855
-3201
-3514
-3630
-3438
-3115
-2844
-2627
-2496
-2362
-2150
-1794
-1496
-1318
-1105
-621
71
681
1112
1482
1865
2100
2167
2066
1815
1387
1018
775
591
438
461
699
1032
1464
1930
2379
2643
2755
2345
1379
180
-668
-1315
-2094
-2815
-3040
-2841
-2589
-2146
-1331
-398
150
510
1031
1560
1709
1597
1456
1265
1049
1124
1517
1898
2072
2245
2407
2309
1800
1079
245
-677
-1589
-2274
-2736
-3127
-3374
-3343
-3087
-2849
-2652
-2448
-2228
-2045
-1862
-1630
-1394
-1220
-976
-500
110
618
1001
1374
1713
1886
1862
1772
1617
1357
1063
876
767
671
713
887
1158
1450
1873
2289
2606
2430
1661
566
-289
-957
-1823
-2739
-3264
-3270
-3095
-2675
-1944
-1027
-265
434
1204
1863
2090
1970
1766
1460
1081
850
886
1011
1152
1446
1856
2123
2024
1598
939
119
-727
-1522
-2232
-2885
-3286
-3310
-3092
-2833
-2523
-2235
-2013
-1766
-1405
-1122
-1052
-1075
-966
-680
-284
125
545
992
1414
1764
1956
1980
1809
1578
1364
1107
817
657
700
881
1081
1365
1752
2162
2532
2393
1628
492
-351
-1021
-1852
-2739
-3264
-3374
-3200
-2687
-1845
-936
-168
598
1405
2080
2329
2287
2014
1524
981
661
599
519
512
735
1099
1357
1416
1287
860
146
-660
-1379
-2045
-2719
-3220
-3324
-3120
-2830
-2502
-2072
-1633
-1264
-910
-640
-523
-573
-526
-366
-201
-73
196
596
981
1292
1558
1783
1838
1749
1560
1384
1184
1020
973
1074
1292
1594
1967
2397
2518
1986
1064
286
-344
-1251
-2258
-2953
-3286
-3403
-3187
-2534
-1695
-881
-20
960
1855
2365
2501
2416
2090
1602
1150
853
544
290
306
511
677
716
706
557
197
-269
-787
-1404
-2163
-2812
-3110
-3156
-3073
-2810
-2327
-1818
-1355
-881
-476
-285
-254
-203
-134
-151
-183
-64
128
308
529
902
1295
1549
1663
1724
1747
1632
1502
1414
1420
1414
1558
1834
2152
2132
1601
879
269
-311
-1235
-2175
-2810
-3124
-3325
-3170
-2615
-1841
-1028
-116
889
1776
2377
2633
2641
2372
1973
1591
1264
901
607
542
593
615
539
438
231
-101
-522
-979
-1517
-2093
-2528
-2734
-2845
-2893
-2726
-2356
-1872
-1336
-759
-300
-50
80
208
292
211
20
-61
-2
122
303
573
832
1012
1214
1430
1542
1557
1538
1571
1607
1666
1756
1905
2028
1714
1014
297
-105
-657
-1446
-2186
-2649
-3004
-3176
-2922
-2349
-1735
-1106
-187
883
1779
2293
2600
2643
2397
2033
1700
1355
909
612
533
562
531
481
401
146
-258
-664
-1062
-1619
-2185
-2550
-2693
-2752
-2655
-2336
-1920
-1467
-942
-428
-118
61
278
511
523
361
251
287
328
302
345
440
546
677
878
1070
1154
1265
1415
1574
1687
1875
2111
2262
1942
1179
410
-138
-756
-1671
-2461
-2946
-3144
-3152
-2829
-2293
-1719
-1121
-324
607
1362
1838
2134
2282
2166
1953
1748
1502
1152
894
818
792
694
564
422
172
-157
-494
-881
-1437
-2017
-2403
-2577
-2644
-2526
-2216
-1834
-1423
-892
-373
-52
157
398
665
738
674
591
592
583
550
553
601
661
730
824
871
876
931
1074
1228
1438
1678
1990
2115
1717
982
323
-179
-945
-1848
-2582
-2994
-3272
-3300
-3017
-2523
-1922
-1137
-144
803
1511
1950
2203
2141
1911
1722
1577
1280
993
915
928
861
728
621
416
127
-205
-525
-996
-1623
-2164
-2446
-2598
-2688
-2577
-2250
-1763
-1205
-593
-108
264
588
916
1100
1114
1060
1038
1021
942
888
915
952
918
913
932
984
1010
1087
1137
1189
1273
1465
1588
1210
568
20
-314
-921
-1649
-2256
-2683
-3042
-3139
-2877
-2442
-1949
-1319
-428
426
1045
1446
1792
1866
1716
1574
1468
1238
928
828
823
768
633
574
484
208
-185
-554
-978
-1577
-2107
-2377
-2503
-2628
-2591
-2307
-1844
-1271
-616
-8
452
817
1164
1410
1440
1309
1187
1106
1007
935
967
1043
1110
1190
1301
1407
1448
1511
1533
1508
1438
1452
1201
500
-312
-781
-1081
-1562
-1977
-2178
-2264
-2402
-2326
-2054
-1756
-1552
-1157
-530
96
586
989
1279
1271
1215
1187
1151
902
666
566
562
515
419
303
77
-195
-419
-585
-926
-1362
-1687
-1849
-2017
-2152
-2095
-1902
-1592
-1147
-559
-29
386
753
1151
1426
1502
1490
1494
1455
1381
1361
1347
1255
1189
1259
1351
1423
1526
1670
1764
1800
1825
1494
705
-238
-876
-1398
-1999
-2534
-2805
-2889
-2803
-2438
-1867
-1234
-650
-32
562
1029
1226
1246
1083
737
412
253
173
16
-44
23
103
78
7
-103
-356
-704
-973
-1147
-1405
-1656
-1752
-1658
-1557
-1409
-1159
-862
-534
-173
173
383
486
604
772
881
902
940
1078
1235
1390
1552
1630
1596
1588
1678
1749
1742
1721
1781
1839
1873
1692
1160
417
-248
-794
-1417
-2036
-2543
-2855
-3006
-2851
-2425
-1809
-1184
-506
254
1001
1517
1730
1744
1519
1176
823
491
75
-306
-545
-650
-719
-757
-817
-951
-1161
-1361
-1626
-1979
-2298
-2439
-2412
-2265
-1950
-1444
-769
-36
645
1185
1525
1657
1673
1606
1429
1150
891
744
730
817
953
1100
1245
1461
1690
1867
1927
1979
1974
1927
1819
1470
822
136
-338
-778
-1301
-1776
-2121
-2349
-2422
-2207
-1811
-1384
-936
-345
332
898
1258
1482
1536
1414
1237
1069
828
487
194
-14
-194
-407
-646
-899
-1263
-1681
-2102
-2485
-2919
-3302
-3450
-3362
-3089
-2626
-1935
-1171
-363
477
1254
1755
2043
2228
2317
2237
2035
1798
1597
1437
1310
1245
1235
1296
1376
1521
1653
1762
1784
1770
1603
1103
353
-336
-791
-1230
-1677
-1996
-2081
-2034
-1825
-1426
-907
-431
9
493
940
1238
1347
1373
1245
1018
809
691
505
263
80
-3
-102
-250
-416
-663
-1032
-1453
-1811
-2147
-2565
-2961
-3196
-3256
-3137
-2808
-2330
-1794
-1221
-581
43
571
988
1349
1666
1857
1937
1975
2041
2067
2089
2124
2215
2279
2366
2420
2419
2339
2218
1982
1350
408
-523
-1178
-1755
-2313
-2710
-2843
-2800
-2541
-2036
-1381
-688
18
775
1477
1975
2222
2296
2130
1771
1350
980
577
170
-151
-344
-491
-634
-786
-973
-1239
-1522
-1736
-1967
-2301
-2620
-2718
-2619
-2417
-2099
-1630
-1109
-584
-97
297
513
613
684
714
636
543
549
629
753
963
1291
1657
1999
2312
2589
2827
2990
3021
2710
2027
1129
314
-411
-1164
-1850
-2332
-2557
-2601
-2412
-2069
-1629
-1141
-518
175
815
1273
1574
1752
1759
1660
1497
1303
1001
711
487
262
-43
-405
-749
-1117
-1501
-1851
-2147
-2423
-2634
-2650
-2483
-2206
-1859
-1389
-848
-319
134
496
740
912
1057
1144
1135
1039
950
877
771
613
499
447
465
541
725
1003
1352
1607
1609
1321
939
557
173
-297
-753
-1117
-1334
-1408
-1312
-1098
-805
-400
103
614
1030
1334
1485
1455
1200
861
511
201
-87
-276
-335
-342
-361
-411
-478
-651
-930
-1265
-1629
-1982
-2210
-2259
-2153
-1924
-1543
-1017
-419
157
612
936
1141
1253
1269
1221
1118
1018
976
994
1061
1125
1144
1128
1118
1103
1023
942
760
389
-210
-785
-1191
-1472
-1702
-1837
-1798
-1611
-1269
-839
-383
15
397
797
1207
1541
1754
1862
1858
1712
1479
1223
911
555
216
-66
-384
-722
-1040
-1350
-1722
-2107
-2414
-2617
-2724
-2684
-2456
-2090
-1599
-997
-340
256
726
1098
1369
1527
1597
1606
1542
1446
1349
1312
1344
1420
1482
1509
1534
1528
1486
1382
1234
813
157
-568
-1127
-1621
-2057
-2387
-2526
-2487
-2261
-1856
-1357
-834
-323
253
803
1259
1538
1722
1750
1646
1471
1296
1062
775
525
309
70
-193
-428
-693
-1026
-1394
-1678
-1895
-2078
-2226
-2264
-2171
-1965
-1635
-1193
-701
-251
166
565
903
1132
1322
1466
1561
1581
1596
1624
1665
1688
1678
1679
1660
1644
1598
1490
1117
563
6
-493
-1040
-1576
-1980
-2228
-2299
-2173
-1833
-1387
-870
-345
200
698
1080
1290
1313
1153
857
564
282
1
-245
-390
-436
-443
-417
-415
-507
-723
-959
-1123
-1285
-1468
-1572
-1519
-1361
-1091
-691
-232
177
545
885
1155
1287
1292
1259
1200
1075
935
849
799
769
829
959
1086
1187
1312
1333
1084
586
51
-435
-910
-1355
-1659
-1782
-1751
-1534
-1127
-624
-138
348
836
1250
1496
1572
1465
1146
688
246
-158
-573
-934
-1120
-1169
-1221
-1316
-1395
-1474
-1586
-1665
-1691
-1681
-1661
-1524
-1224
-816
-382
93
585
1016
1338
1569
1707
1735
1695
1630
1555
1464
1398
1353
1332
1261
1209
1161
1111
995
825
502
-16
-594
-1079
-1451
-1777
-2006
-2091
-1983
-1732
-1338
-874
-379
100
573
1038
1412
1675
1782
1757
1560
1290
957
588
163
-250
-616
-918
-1230
-1573
-1854
-2035
-2164
-2282
-2340
-2302
-2153
-1901
-1560
-1164
-723
-258
200
619
1000
1340
1641
1877
2061
2201
2291
2321
2285
2185
2060
1925
1745
1536
1313
1013
503
-113
-668
-1141
-1573
-1919
-2111
-2153
-2032
-1756
-1357
-930
-498
-89
301
625
872
1025
1071
991
835
661
504
326
142
-32
-202
-422
-659
-878
-1101
-1328
-1519
-1603
-1598
-1506
-1369
-1149
-890
-598
-303
-32
160
281
364
438
496
549
635
769
973
1237
1539
1832
2086
2259
2348
2324
2138
1685
1040
325
-295
-874
-1353
-1729
-1903
-1885
-1669
-1328
-924
-525
-186
107
326
445
431
342
184
6
-142
-220
-289
-333
-371
-390
-424
-470
-564
-724
-901
-1040
-1104
-1129
-1124
-1063
-900
-680
-437
-168
85
298
496
691
841
941
1035
1125
1200
1258
1295
1314
1295
1292
1345
1416
1437
1337
1089
714
342
9
-327
-678
-978
-1145
-1180
-1118
-961
-758
-536
-311
-67
153
278
306
245
105
-84
-261
-424
-594
-742
-823
-860
-905
-980
-1037
-1051
-1045
-1021
-958
-848
-728
-561
-363
-178
-37
102
244
358
443
510
561
601
665
758
883
982
1089
1235
1412
1558
1661
1715
1645
1392
978
545
148
-170
-452
-636
-713
-660
-518
-308
-108
66
212
310
345
284
111
-167
-492
-822
-1114
-1312
-1396
-1361
-1235
-1078
-938
-824
-725
-667
-647
-652
-654
-653
-627
-547
-410
-241
-76
113
327
531
694
791
845
848
825
786
756
704
663
665
726
826
932
1028
1040
894
600
270
-36
-333
-592
-759
-802
-690
-439
-112
234
576
868
1087
1214
1193
1014
715
326
-114
-533
-899
-1194
-1392
-1497
-1524
-1493
-1428
-1354
-1275
-1181
-1089
-997
-907
-810
-678
-494
-291
-91
118
350
576
767
919
1040
1132
1183
1232
1258
1239
1161
1077
1005
939
868
787
685
478
182
-116
-346
-563
-751
-866
-876
-790
-621
-416
-207
8
220
413
557
617
578
486
338
141
-76
-283
-496
-676
-805
-889
-946
-978
-993
-981
-938
-880
-815
-752
-683
-587
-457
-338
-232
-113
16
138
259
388
525
658
802
962
1117
1226
1273
1289
1271
1244
1180
1068
904
721
498
258
43
-118
-237
-306
-310
-268
-213
-153
-102
-81
-83
-93
-130
-215
-334
-456
-558
-670
-777
-867
-927
-964
-945
-895
-845
-800
-746
-671
-593
-532
-482
-426
-347
-248
-134
-12
107
222
327
417
482
527
570
605
637
667
697
718
746
782
822
865
901
910
871
803
694
560
396
228
71
-34
-85
-77
-8
85
184
279
351
356
306
190
29
-188
-439
-704
-946
-1152
-1308
-1400
-1445
-1436
-1383
-1290
-1200
-1117
-1042
-960
-892
-815
-702
-535
-341
-120
127
382
606
799
945
1016
1019
996
961
909
836
772
729
707
705
716
723
696
645
565
442
294
149
24
-80
-144
-133
-27
117
269
421
569
671
734
743
677
532
334
116
-123
-381
-634
-870
-1069
-1215
-1300
-1330
-1343
-1352
-1340
-1305
-1274
-1240
-1185
-1107
-997
-830
-612
-354
-80
198
452
663
809
892
928
919
877
825
763
692
624
586
575
571
557
531
492
430
346
232
110
12
-38
-43
-17
46
152
286
422
548
646
694
704
675
590
455
310
135
-75
-291
-491
-666
-814
-922
-998
-1038
-1052
-1043
-1037
-1034
-1025
-1002
-971
-929
-845
-717
-548
-342
-118
94
279
432
547
622
660
669
665
652
632
619
607
597
590
575
534
465
370
259
134
-5
-142
-238
-296
-311
-266
-168
-37
113
279
421
528
590
606
571
490
376
251
123
1
-113
-206
-283
-352
-410
-464
-528
-598
-663
-730
-793
-843
-878
-895
-872
-803
-697
-559
-403
-233
-55
109
243
337
413
476
528
565
599
644
699
747
773
767
725
652
552
417
253
93
-45
-151
-215
-238
-229
-200
-136
-59
12
57
76
78
57
30
-4
-38
-74
-91
-89
-69
-43
-16
-2
-10
-35
-80
-143
-232
-329
-417
-489
-548
-579
-584
-568
-531
-470
-398
-325
-253
-178
-104
-40
25
87
152
225
309
388
455
520
571
605
619
609
580
541
485
422
355
292
240
200
165
127
94
60
31
-3
-48
-106
-163
-210
-251
-280
-303
-311
-306
-276
-237
-196
-159
-128
-106
-95
-96
-115
-147
-197
-249
-304
-359
-404
-426
-432
-420
-384
-332
-266
-194
-118
-46
24
90
153
219
279
333
384
425
450
464
462
443
409
369
324
276
224
178
136
107
86
76
77
79
94
110
127
124
113
86
48
-6
-68
-128
-186
-224
-247
-246
-238
-208
-174
-133
-102
-84
-77
-88
-121
-169
-222
-288
-345
-391
-425
-449
-446
-426
-388
-339
-273
-202
-116
-24
76
179
279
376
464
536
576
594
584
551
491
418
341
261
182
118
64
16
-19
-38
-54
-70
-79
-79
-75
-68
-55
-42
-26
-10
5
10
6
-4
-11
-22
-41
-54
-60
-62
-59
-54
-56
-68
-85
-115
-155
-202
-252
-294
-323
-345
-353
-341
-317
-281
-238
-182
-123
-61
7
78
141
204
264
315
346
368
376
369
344
312
264
208
153
100
52
7
-21
-43
-58
-68
-73
-80
-85
-93
-97
-97
-86
-56
-20
17
56
96
132
157
167
156
130
98
61
12
-41
-90
-139
-179
-220
-259
-293
-315
-331
-339
-342
-337
-315
-278
-230
-172
-97
-17
78
169
257
336
399
449
479
487
468
431
377
309
235
161
87
19
-42
-93
-138
-175
-211
-241
-263
-275
-281
-280
-277
-263
-227
-171
-103
-38
26
88
153
212
257
281
284
270
249
217
173
117
52
-18
-89
-166
-249
-330
-406
-474
-526
-554
-564
-549
-505
-438
-353
-254
-149
-40
68
171
266
355
427
496
559
612
659
698
724
737
730
700
644
554
439
302
156
9
-123
-243
-341
-418
-465
-490
-498
-491
-477
-458
-430
-397
-359
-312
-258
-192
-124
-51
16
80
146
207
254
273
268
240
196
133
57
-32
-130
-223
-304
-367
-421
-459
-478
-491
-498
-496
-482
-457
-416
-365
-302
-217
-110
20
173
341
505
665
805
920
1000
1043
1040
993
910
800
678
550
414
279
156
47
-49
-144
-235
-317
-394
-459
-516
-566
-599
-615
-610
-581
-536
-470
-387
-291
-197
-105
-16
61
117
152
160
145
113
66
10
-55
-117
-171
-213
-240
-257
-263
-267
-266
-267
-267
-263
-261
-256
-249
-221
-173
-107
-19
89
217
348
471
574
651
700
727
718
678
621
554
492
433
375
318
267
216
163
103
32
-50
-139
-221
-303
-372
-424
-454
-460
-446
-413
-367
-309
-247
-188
-134
-96
-63
-35
-18
-18
-29
-52
-84
-123
-166
-203
-234
-249
-256
-246
-223
-181
-122
-60
4
63
121
168
204
219
228
237
242
240
231
227
228
237
250
250
236
214
185
145
100
52
-5
-50
-86
-115
-140
-154
-151
-136
-108
-68
-19
29
72
103
121
118
93
50
-2
-50
-97
-123
-138
-140
-141
-135
-137
-152
-174
-206
-236
-266
-288
-298
-285
-250
-198
-125
-39
48
130
206
273
316
343
351
345
327
302
278
261
243
224
210
191
157
110
56
-11
-90
-178
-260
-334
-389
-416
-420
-396
-352
-289
-212