SAMPLES:	9746
BITSPERSAMPLE:	16
CHANNELS:	1
SAMPLERATE:	16000
NORMALIZED:	FALSE
4
3
10
8
17
15
10
-1
-15
-19
-11
-12
-9
-6
-1
3
2
-1
4
2
7
6
-22
-19
-3
9
14
3
-4
4
5
-8
-18
-10
1
4
-16
-13
-6
-11
9
8
-1
1
-30
-15
-8
-10
-7
-15
3
12
34
18
21
23
23
-4
-51
-29
-5
16
8
-19
-2
21
16
11
-4
-9
7
-13
-24
-12
-3
15
12
19
24
15
5
9
2
7
5
-2
-8
-18
-23
-17
4
0
0
-11
-6
-8
-1
-17
-22
-26
-18
5
-7
-8
-28
-4
8
-1
0
-23
0
-20
11
0
-11
13
-18
11
7
-12
7
2
-2
39
-11
1
-2
-52
14
-11
0
15
-12
33
44
25
39
-3
35
45
36
0
7
48
29
27
-40
28
10
-1
-24
-26
56
19
-12
-51
-35
27
0
-13
-13
-29
18
-21
-16
-38
-9
10
-9
-20
-46
16
11
34
-43
-36
8
-4
-9
-71
-8
15
8
34
-24
2
59
29
34
-11
-13
46
4
12
-4
15
39
8
12
-10
15
10
5
-13
-18
-3
-7
31
-3
3
-21
-26
15
-3
0
8
-9
9
-16
-8
-5
11
10
-3
-13
0
15
-34
-18
-30
11
11
-1
-6
9
20
8
-23
-4
11
-12
-4
-10
12
-21
-12
-2
37
20
-16
-11
16
21
-13
-40
-9
21
23
-4
-12
18
30
3
-31
5
21
42
-10
-18
-12
0
11
-3
6
-50
-2
7
-16
-3
-33
31
1
2
1
-45
-15
-33
7
-15
-37
-4
26
31
-10
7
-29
4
-19
-55
-14
-20
23
-7
-7
45
29
40
3
-27
-7
-22
-5
-16
-19
-18
22
22
30
59
-5
84
-32
22
-34
-33
78
-74
77
-28
7
54
-44
44
-15
-26
44
-83
25
-5
-21
67
-112
61
-55
50
-5
-6
26
-49
41
-61
39
-23
31
-1
6
-2
39
30
42
-9
-24
0
2
25
-30
34
3
44
-39
12
-34
4
-8
-15
29
-21
-12
0
5
-11
0
8
10
-15
11
-9
-8
18
-10
12
7
15
-14
4
15
30
21
-23
11
2
31
-15
-18
-8
-29
7
-7
18
-49
-19
-22
6
-24
-28
9
-32
47
-35
52
-12
14
2
-26
-21
44
21
5
-38
-46
37
13
25
-15
5
24
-22
-37
-6
-44
47
-47
14
-30
63
-15
-4
6
-16
30
-8
8
-33
26
9
50
-73
-4
-12
23
30
-71
-4
-29
39
-5
-92
-6
-44
145
-64
18
-50
38
65
-46
68
-88
153
-127
85
-62
22
-2
-103
41
-42
7
13
-97
49
-18
110
-3
-30
57
-13
121
-95
20
-56
24
2
38
-62
21
66
22
16
15
53
89
-116
99
-58
99
-140
-30
62
-52
116
-153
84
19
131
-123
61
-34
83
-127
7
-26
-17
-13
-8
74
-60
27
-13
56
-160
23
-95
27
-66
45
39
-6
57
-11
4
-83
2
29
-96
0
20
84
-94
144
-50
2
15
-38
171
-94
-65
135
-77
137
-19
-53
180
-200
214
-84
50
-16
-27
45
1
-88
-11
-46
53
-20
-50
-9
1
-11
-58
-13
-78
102
-163
163
-94
-20
-1
-17
48
-58
-99
18
2
54
-104
94
-39
199
-85
48
-28
6
44
-36
24
-26
70
-42
116
-116
146
-131
53
-13
66
-171
86
-25
89
-124
-72
75
-84
56
-24
80
-38
16
17
143
-86
114
-190
107
-150
93
-35
59
11
-73
51
-87
227
-243
308
-417
287
-153
133
-86
-137
140
-12
-57
-50
94
13
120
-100
93
-119
73
-91
11
-112
23
58
-8
39
43
38
9
7
-63
125
-121
69
-61
-58
-12
23
7
-75
-2
81
249
-84
23
-184
173
-50
5
-114
-108
301
-165
183
-90
27
16
-108
223
-67
-53
-23
-13
136
-137
-11
-40
42
127
-94
33
-44
120
-122
-2
-91
84
-27
27
-90
-36
48
-59
99
-69
-5
-58
126
-31
19
-154
62
47
-79
108
-112
19
66
-4
201
-221
104
21
-3
63
-210
108
-15
177
-322
112
-82
281
-289
-162
163
91
30
-141
112
-63
138
-225
275
-323
111
-15
147
27
-212
179
-4
114
-156
-78
63
-20
155
-90
50
-31
20
14
-94
-63
-59
54
99
-105
28
-31
125
-41
-53
-186
105
39
80
-24
-97
91
-59
129
-111
65
-233
-26
-21
78
94
-74
121
-39
89
-34
36
-49
-1
-79
126
-52
71
9
1
-115
158
-38
58
-44
60
-6
-106
-84
54
-100
35
123
23
-1
-90
234
-158
-77
-131
82
-17
84
40
-15
38
66
61
-96
-71
-30
-60
32
30
28
2
5
131
126
-206
-51
49
21
118
-191
138
114
59
-80
-108
112
42
-59
-181
218
-174
319
-222
152
-201
-77
151
-281
173
-253
325
33
80
25
-204
116
-130
110
-112
76
-257
208
-138
144
-282
192
-93
-49
133
-89
126
-207
136
74
-6
87
-26
-1
-230
174
-76
77
0
-125
397
-336
495
-590
195
-31
166
-152
-176
227
14
82
-121
-91
-38
-19
254
-92
-234
31
199
-88
-214
214
95
40
-119
6
-16
-23
81
39
-43
-68
186
-16
-136
-123
38
113
-72
152
0
197
-291
273
-302
228
-249
251
-16
-171
-21
-148
80
-134
-24
248
68
-150
6
23
175
-244
-96
258
-93
285
-189
-130
-45
60
-27
-41
-33
387
-135
-109
-99
61
-8
-206
118
-96
119
45
91
-59
-34
25
-240
-110
529
7
-154
-213
422
95
-324
-15
-127
244
-70
-27
53
-191
252
-110
65
-56
-107
142
-76
131
-250
62
-59
232
-53
-69
-31
82
-18
-283
99
107
100
-212
-110
299
-268
-14
-122
103
-38
47
161
-11
66
-49
43
44
-28
-83
-54
-76
299
-119
170
-316
460
-27
94
-206
38
6
204
-108
-13
23
-188
369
-530
121
-58
173
-343
207
-59
404
-316
127
-86
363
-229
-244
14
220
67
-340
190
-109
279
-394
423
-206
15
-472
463
-60
-151
-73
145
430
-354
129
-506
428
-248
312
-394
113
438
-114
80
-183
299
-19
-145
-139
-73
193
98
-171
-314
225
141
346
-320
99
29
144
-118
-353
-180
-178
407
-194
267
2
153
-1
18
-85
33
-357
156
-212
72
-8
189
52
-173
376
-281
381
-240
189
-173
-165
24
-98
83
-124
-196
122
188
39
-142
180
21
140
-288
-100
-85
60
-153
63
-2
237
-20
-53
51
-189
-99
31
116
-382
468
-74
358
-456
84
31
-168
33
-318
325
40
98
109
-225
184
24
87
-325
-45
207
199
-59
-191
122
62
-103
-317
219
-163
157
-438
572
-27
-65
-153
309
322
-336
36
-302
415
-80
28
68
-127
151
-18
180
-227
-51
21
-44
55
27
-99
-124
412
-263
53
-373
574
-144
-307
-85
375
149
-150
-165
-6
6
20
45
152
-567
273
153
443
-561
110
-261
411
-115
18
70
-433
626
-76
125
-692
580
-198
355
-494
53
-14
25
285
-228
119
-255
372
2
-115
-408
60
317
-151
265
-325
231
-41
21
-302
243
-95
-22
26
83
-158
72
-6
54
-98
-314
405
-439
345
-361
514
-324
-26
466
-432
178
-295
468
-77
-47
-231
346
-201
-108
-312
299
121
-93
54
-65
562
-626
532
-600
351
-368
651
-307
-198
78
-49
91
-110
64
-102
4
204
161
257
-436
45
98
84
-193
-218
114
-166
277
-254
-85
215
-142
227
-192
409
-307
-16
-141
189
-75
-303
252
-353
795
-730
542
-673
756
-412
177
-69
-398
591
-480
570
-652
533
-290
345
46
-343
178
129
176
-98
-138
284
-337
365
-487
498
-509
374
-121
301
-117
57
317
-151
114
-646
535
-249
481
-639
346
-41
167
-440
13
19
218
-582
475
-580
670
-485
379
-801
511
279
-481
209
-321
439
-561
249
-43
-97
157
207
-189
407
-62
493
-651
425
-15
-316
-165
-135
192
-424
360
-273
295
162
71
-174
403
-185
283
-345
212
-21
-66
-196
-249
529
-228
562
-659
221
177
-597
-13
-303
417
-141
228
134
-352
405
-205
-134
372
-374
136
-174
224
-50
-10
-276
188
393
-74
-315
576
-125
270
-817
575
-224
-214
-214
37
-275
191
150
99
141
134
-42
-458
556
-617
640
-836
802
-469
696
-617
92
-44
-263
450
-489
174
-548
1069
-408
135
-494
885
-198
-91
-250
67
-14
-663
497
-402
629
-363
470
-343
304
-288
296
-228
49
-118
-35
-34
-12
67
-34
327
-140
31
129
-12
187
-348
266
-14
155
-664
128
163
-322
159
1
497
254
-602
-96
55
-6
-329
-50
75
-65
238
-36
280
42
152
150
-2
204
-265
-170
-134
188
-383
159
316
-563
9
187
93
172
-66
203
223
549
-361
-33
6
13
68
-612
191
-71
-182
-675
615
-101
-43
-31
431
166
-493
200
194
28
-860
488
53
-286
96
303
-363
-35
466
-265
-259
-70
290
45
-88
282
-286
284
64
285
-523
-81
425
-436
437
-186
388
-335
118
224
58
-317
-281
307
166
439
-106
-264
-336
429
-275
-343
-589
-331
294
-66
532
-452
368
204
288
88
-644
101
-400
504
-79
170
-278
-260
690
-240
-436
-93
355
40
-40
-167
-24
-281
430
194
-198
-166
420
289
-272
140
-248
277
163
38
-473
-281
382
70
393
-572
388
56
167
-510
-25
-121
-84
182
-347
-53
-237
317
-254
565
-319
-63
-190
525
-421
-624
684
-59
187
509
259
-484
-167
464
-104
-361
303
108
-11
352
559
-539
-314
207
115
-211
-332
76
156
382
-18
17
-346
-151
-77
-291
-384
-145
144
32
643
38
-54
-302
590
-152
-62
-228
164
77
-221
-96
53
299
273
-221
-33
61
166
2
-81
129
-27
245
-321
276
-305
209
169
-212
434
132
-15
-389
128
-774
-338
-77
127
-26
-5
361
134
315
-265
-58
-169
-208
-428
-120
-81
-14
433
323
262
268
-314
-78
-229
-91
-255
-507
558
-8
136
5
470
-446
-40
379
-119
152
-432
-81
95
667
-191
-476
237
523
-76
-567
-423
473
188
-54
-341
65
644
102
-19
-194
321
96
-317
-496
-24
198
225
-209
-398
105
477
-366
-524
-175
627
-144
-73
-90
-27
-50
122
-55
-264
261
10
201
-495
-657
-148
327
131
-15
242
518
836
-57
-598
-45
133
412
-387
-205
-196
550
-331
-200
174
-27
285
57
457
-108
207
127
-64
706
173
95
-450
-240
858
-41
241
-5
343
-116
-137
-858
-1341
-319
-932
-1461
-1337
-400
561
601
117
678
744
1576
677
775
55
-23
641
245
562
94
984
591
-87
-217
-285
-696
-806
-1008
-675
-941
-362
-370
-551
-124
376
-252
111
520
821
209
-336
39
352
1019
-13
470
-121
191
14
102
-631
-685
-103
-672
-219
10
-55
-372
60
81
360
-43
-36
11
288
378
-439
-116
151
569
156
10
-250
-135
556
-115
-195
-191
-125
-238
-175
208
-42
-67
78
-466
-348
-226
101
-171
96
419
330
1
249
160
-30
-442
-51
243
229
-120
-91
267
176
91
-153
-102
495
553
-174
-478
327
-12
405
166
-79
-71
432
400
-728
-126
-16
489
-607
-58
-685
-177
-298
-227
-186
-199
311
-121
179
-448
139
-75
181
-456
-194
-438
-276
-67
-171
320
276
562
172
464
160
329
268
22
-221
-53
187
38
31
728
769
470
665
383
481
302
508
207
225
118
231
-71
-514
-258
-405
-72
-388
-454
-380
-434
-829
-720
-766
-915
-839
-801
-837
-712
-844
-1068
-824
-732
-654
-828
-507
-329
-484
-433
-176
-84
294
232
271
400
626
840
920
1155
1274
1686
2031
2414
2356
1828
1779
2034
2465
2215
2029
1719
1588
1536
1229
830
488
371
351
110
-824
-1262
-1206
-1280
-1587
-1927
-2221
-2742
-2926
-3294
-3610
-3590
-3303
-2989
-3111
-3233
-3321
-3055
-2734
-2526
-2273
-1984
-1443
-983
-736
-245
463
1280
1702
2093
2191
2433
2465
2846
3004
3818
4209
4393
4244
3907
4238
4535
4722
4840
4827
4243
3353
2512
1876
976
223
-288
74
-195
-721
-2355
-3663
-4257
-3732
-3043
-3361
-3974
-4266
-4214
-4314
-4276
-4505
-4127
-2945
-1788
-1637
-2172
-3075
-3243
-2450
-1250
-1347
-2127
-1723
-220
577
287
-781
-1415
-457
1508
2242
1253
1093
1803
3023
3652
3840
3387
4291
6053
7156
6529
5660
5849
6050
5962
4733
3736
2595
1754
792
-88
-146
-74
-1080
-2726
-4591
-5251
-4939
-4099
-4040
-4443
-4463
-4578
-4450
-5104
-4855
-4269
-2415
-1260
-1400
-2525
-3108
-2559
-2025
-1175
-553
266
251
-230
-1856
-2615
-1606
434
1647
1145
366
84
885
1987
2546
3032
3968
5088
5680
5448
5086
5349
6612
7879
7638
5653
3686
3200
2574
1543
505
566
1030
694
-1238
-4147
-6125
-6007
-4170
-3249
-3812
-5227
-5755
-5341
-4674
-4551
-4321
-3431
-1882
-455
-646
-1391
-1904
-1764
-1005
382
193
-1493
-2641
-1446
172
569
-965
-3025
-3244
-1069
1039
514
-847
-655
1628
3288
3678
2419
2425
5079
8181
8969
6894
5968
6425
7697
7021
5883
4068
2487
1411
1307
1384
793
-507
-2835
-4618
-5695
-5440
-5136
-5188
-5519
-5251
-5021
-5262
-5919
-6075
-4995
-2571
-428
61
-1263
-2407
-1845
-142
802
237
-437
-14
513
-16
-1560
-2343
-1632
-201
166
-1132
-2360
-1835
86
1394
1744
1402
2044
3398
4753
5053
5212
6204
7820
8944
8434
6757
4882
5205
5310
3361
605
624
2247
1916
-750
-4178
-6596
-6310
-3885
-2973
-4710
-6493
-6232
-5359
-5118
-5595
-5678
-4560
-1905
288
-271
-1730
-2079
-607
926
1503
339
-1147
-1534
-1272
-1223
-1654
-1125
-1171
-1568
-2611
-3082
-2867
-1491
489
1159
1426
1501
2474
3381
4448
5699
6513
7641
8602
9289
8366
6925
5990
6774
6313
3287
375
903
2998
2472
-982
-5266
-7433
-6739
-3911
-3200
-5503
-7343
-6506
-5110
-5252
-6182
-6196
-4353
-1043
1003
-146
-2447
-3053
-1273
904
2340
1073
-1569
-2546
-289
1358
-185
-2646
-3943
-3065
-1123
-228
-1866
-3019
-986
2066
2913
1437
749
2318
5858
8038
7481
5774
6581
9113
9645
7570
5743
5748
4750
2480
882
2064
3190
1877
-1965
-6045
-7636
-5900
-3213
-3475
-5888
-7020
-5920
-5247
-5888
-6436
-5263
-2553
181
600
-1353
-2983
-1597
1446
3194
2056
-587
-2205
-1953
-1357
-2067
-2561
-1990
-1315
-1821
-3252
-4607
-3910
-1225
1220
1387
341
531
2307
4554
5740
5932
6221
7916
9807
10320
9083
7079
6479
7380
6537
2744
-311
1423
4170
2830
-2337
-7236
-8576
-6410
-2883
-2890
-6207
-8091
-6649
-4981
-5424
-6201
-5646
-3172
-130
1010
-822
-2920
-1933
1248
3579
2425
-702
-2824
-1738
-929
-1611
-2277
-1511
-1373
-2892
-4744
-5433
-3284
-91
1557
-100
-1401
-50
2725
4435
4817
5119
6352
8528
9848
10080
8848
7913
7801
8796
6922
2262
-233
2521
5704
3421
-2427
-7643
-8783
-6182
-2472
-2758
-6645
-8884
-7166
-5215
-5391
-6266
-5491
-2829
170
1242
-874
-3080
-1628
2319
4668
3778
156
-2816
-2548
-194
-344
-2732
-3858
-2912
-2520
-3708
-5166
-5370
-3027
149
830
-1146
-1709
1034
4467
5550
5097
4765
6655
9470
11291
10984
9532
8436
8140
8344
5713
1296
-139
3548
5587
1199
-5715
-9375
-8374
-5117
-2624
-4434
-8896
-10422
-7419
-4758
-5189
-6104
-4765
-1951
582
974
-736
-1898
-41
3323
4384
2482
-1047
-3028
-1264
2033
1968
-1945
-5405
-5611
-3597
-1997
-2588
-4268
-4226
-1570
562
53
-819
572
4002
6578
7015
5861
6087
8524
12188
12629
9597
6519
6600
6952
4271
1356
1941
3983
2364
-2566
-7550
-8941
-6844
-3394
-3265
-7085
-10300
-9115
-5971
-4710
-5102
-4949
-3384
-1295
89
-178
-1004
-15
2844
4499
3107
-98
-1879
-930
1168
796
-1965
-4226
-4022
-2979
-2779
-3860
-4509
-3593
-1433
-514
-1066
-1063
836
3748
5124
4971
4700
6487
9432
11459
11500
10217
8441
7753
8264
6688
2389
54
2743
4704
987
-5711
-9282
-8453
-5374
-3414
-5333
-9741
-10992
-7630
-4440
-4759
-6116
-5249
-2568
187
1208
474
-508
1013
3941
5224
2721
-511
-1108
483
945
-586
-2145
-3294
-3859
-3968
-3600
-3648
-3273
-2653
-2398
-2092
-963
834
2065
2924
3924
5313
6687
7908
9019
10183
10819
9956
7927
6863
6399
4089
1030
878
3126
2164
-2838
-7762
-8773
-6871
-4449
-4318
-7242
-10005
-8884
-5292
-3919
-5076
-5632
-3594
-906
856
735
-74
345
2644
4919
4403
1850
-23
227
1048
977
-528
-3658
-5916
-4759
-1279
-170
-2690
-6081
-5986
-2134
2059
2679
320
-236
2922
6815
7324
5769
5594
8811
12758
13216
8874
4555
4852
7065
5220
487
-1227
469
290
-3435
-7693
-9470
-8337
-5456
-4626
-7358
-10097
-8726
-5169
-3974
-4664
-4704
-2710
-298
1618
1887
1063
1031
2543
3874
3214
1521
-3
-132
768
1592
33
-2903
-4651
-4041
-2265
-1478
-2045
-3384
-2926
-856
1206
1271
797
1707
4242
6351
6729
6140
6724
9143
10761
9231
5944
4737
4917
3078
95
241
2283
1112
-3599
-7610
-8212
-6398
-4096
-4323
-7638
-9977
-7803
-3942
-3140
-4610
-4659
-2340
246
1666
1349
503
1177
3360
4470
3145
834
-634
-41
1639
1998
-742
-4179
-5065
-2975
-625
-591
-2942
-4790
-3471
-127
1884
1086
173
1455
4566
6519
6176
5176
5746
8301
10467
9304
5649
3533
4452
4117
1061
-924
359
817
-2325
-6354
-7921
-7010
-5072
-3993
-5884
-8467
-8117
-4750
-3009
-3947
-4659
-2999
-461
1428
2166
1687
1375
2747
4320
3757
1595
279
111
533
894
-46
-2367
-4063
-3479
-1987
-1617
-2563
-3651
-3234
-1240
912
1341
780
1177
3263
5469
6035
5762
6021
7681
9323
9108
6592
4559
3977
2895
611
-105
1225
845
-3059
-7133
-8099
-6374
-4290
-4100
-6463
-8776
-7516
-4079
-2517
-3867
-4347
-2437
210
1641
1644
1194
1462
3256
4508
3969
2005
453
339
1315
986
-2175
-4778
-3692
-570
-542
-3614
-6393
-5244
-1298
1485
629
-1832
-1257
2450
5796
5469
3598
3794
7259
10404
10495
7446
4826
4900
6500
5202
846
-1718
251
2314
-508
-6010
-9307
-8082
-5017
-3397
-5533
-8619
-8593
-5245
-2577
-2842
-4005
-3224
-740
1547
2280
1931
1679
2671
4191
4273
2344
587
562
783
135
-757
-1548
-2797
-3804
-3956
-3379
-2969
-2698
-2836
-2809
-1745
425
1964
1999
1889
3095
5443
6829
7115
7035
8108
9023
8432
6274
4692
3709
2205
918
929
834
-1710
-5272
-7271
-6799
-5650
-4804
-5812
-7874
-8403
-5880
-3480
-3377
-4162
-3248
-1008
943
1868
1822
1823
2578
3910
4089
2990
1796
1563
1588
1109
-294
-2506
-3957
-3496
-2151
-2475
-4083
-5032
-4260
-2349
-649
-38
-486
-31
1943
4181
4794
4610
5291
7290
9189
9698
8382
6391
5813
6035
4426
814
-553
1108
1412
-2241
-6761
-8260
-6866
-4687
-4468
-6764
-9182
-8029
-4635
-2914
-3925
-4586
-2883
-286
1633
2097
1862
1887
2846
3655
3272
1913
811
763
1347
1446
50
-2225
-3751
-3534
-2380
-1793
-2494
-3571
-3447
-1722
371
1132
684
737
2569
4965
6267
6131
5938
6893
8230
8367
6845
5117
3591
2173
1799
2554
1934
-1684
-5331
-6214
-5041
-4044
-4387
-6276
-8236
-7711
-4913
-3180
-4075
-5021
-3821
-1332
409
822
658
952
2481
3852
3354
1652
1078
1478
1422
892
89
-1243
-2658
-2718
-2155
-2077
-2722
-3136
-3019
-2052
-520
674
767
668
1767
3738
5087
5385
5599
6277
7382
7822
7064
5665
4945
4011
2309
1031
1387
1186
-1510
-4840
-6214
-5423
-4247
-4077
-5845
-7959
-7754
-5062
-3259
-3799
-4580
-3750
-1767
45
926
926
1109
2229
3439
3491
2182
1325
1543
1777
735
-834
-1611
-1649
-1827
-2765
-3693
-3585
-2476
-1511
-1580
-1762
-1048
723
2074
2408
2517
3439
5247
6557
7166
7069
6844
6610
6852
6228
4026
1532
1273
2498
1908
-1334
-4765
-5929
-5047
-3625
-3865
-6063
-8121
-7407
-4864
-3452
-4056
-4581
-3732
-1878
-70
731
546
602
1757
2999
3102
2524
1931
1518
1310
1064
-103
-1854
-2536
-1735
-1216
-2224
-3825
-4205
-2819
-819
46
-680
-1172
170
2767
4235
4016
3558
4700
6851
8372
7690
6099
5440
5977
5359
3156
1603
1872
1762
-536
-3636
-5410
-5154
-4024
-3884
-5710
-7746
-7469
-5332
-4036
-4487
-4910
-4082
-2345
-576
354
407
428
1519
2319
2191
1847
1818
1311
786
1205
1430
133
-1906
-3027
-2758
-1824
-1154
-1709
-2809
-2631
-743
1022
1100
682
1207
2905
4491
5345
5222
5351
6158
6943
6661
5842
4933
3726
2764
2904
2895
921
-2058
-3837
-3880
-3421
-3222
-4312
-6319
-7299
-6003
-4383
-4222
-4878
-4688
-3630
-2146
-829
-328
-451
-19
1279
2235
2296
1941
1578
1225
1090
1019
108
-1289
-1835
-1280
-1068
-1831
-2876
-3010
-1941
-582
-93
-621
-688
685
2631
3455
3231
3251
4489
6344
7450
6839
5476
5226
5889
5480
3460
2085
2373
2230
153
-2620
-4333
-4527
-3667
-3420
-4976
-7036
-7033
-5359
-4271
-4536
-4883
-4504
-3332
-1657
-507
-365
-618
-66
911
1558
1391
1078
1095
1418
1510
826
-404
-1237
-1228
-918
-950
-1321
-1551
-1190
-470
121
365
718
1445
2355
3063
3522
3981
4595
5298
5482
5362
5306
5025
3898
2876
3046
3364
2272
-122
-2292
-3358
-3073
-2429
-3015
-4917
-6241
-5874
-4782
-4175
-4355
-4654
-4407
-3197
-1673
-839
-814
-720
69
1094
1775
1882
1546
913
735
1128
871
-353
-1166
-665
-311
-1039
-2275
-2637
-1694
-238
333
-422
-906
257
2389
3227
2632
2309
3716
5674
6530
5717
4659
4682
5343
5142
3840
2891
2558
1965
438
-1406
-2812
-3315
-3165
-3546
-4793
-5889
-5829
-5388
-5155
-5075
-4740
-4334
-3565
-2429
-1541
-1103
-890
-348
345
1133
1448
1379
1218
1489
1703
1346
523
-179
-352
-274
-308
-811
-1179
-1085
-521
-130
-44
91
706
1597
2237
2403
2541
3165
4173
4781
4636
4288
4302
4366
3878
3342
3095
2725
1614
175
-1147
-1983
-2255
-2463
-3290
-4537
-5063
-4759
-4455
-4564
-4735
-4511
-3968
-3140
-2465
-2012
-1688
-1057
-218
574
1079
1355
1429
1294
1390
1493
1181
564
308
145
-293
-714
-767
-650
-601
-696
-847
-701
-11
882
1217
1065
1156
2014
3155
3844
3882
3723
3811
4324
4823
4561
3458
2476
2271
2268
1709
312
-1322
-2438
-2648
-2479
-2846
-3883
-4787
-4976
-4524
-3999
-3824
-3946
-3868
-3158
-2176
-1434
-1051
-752
-343
286
882
1099
1060
1225
1547
1431
840
274
76
111
147
-90
-517
-763
-592
-254
-44
-41
99
430
875
1311
1734
2065
2305
2669
3071
3410
3582
3719
3527
3026
2575
2311
1885
1215
533
-236
-1094
-1780
-2062
-2325
-2722
-3211
-3625
-3812
-3657
-3299
-3111
-3088
-2894
-2303
-1653
-1129
-738
-406
-93
281
653
869
1012
1020
906
657
436
292
240
159
-25
-367
-636
-697
-404
-67
94
71
62
331
811
1315
1493
1563
1792
2317
2761
3010
2962
2846
2803
2777
2490
1910
1279
660
166
-238
-578
-1037
-1652
-2235
-2591
-2646
-2651
-2638
-2679
-2784
-2774
-2407
-1881
-1499
-1299
-1079
-690
-267
97
301
384
473
720
843
724
470
296
186
59
-54
-244
-438
-556
-400
-223
-193
-224
-133
85
403
794
1022
1168
1348
1716
1968
2109
2201
2294
2256
2110
1950
1628
1160
704
476
120
-394
-882
-1196
-1443
-1600
-1811
-2107
-2267
-2186
-1937
-1820
-1780
-1605
-1246
-923
-658
-462
-331
-99
262
549
654
696
686
667
604
459
288
179
130
-6
-223
-401
-453
-398
-316
-289
-245
-111
88
321
485
631
809
1041
1243
1440
1619
1744
1797
1752
1500
1100
757
484
207
-76
-420
-861
-1274
-1512
-1561
-1607
-1742
-1905
-1916
-1676
-1364
-1178
-1092
-929
-621
-212
49
131
186
411
699
931
964
816
618
621
712
624
352
76
-101
-189
-191
-263
-314
-299
-140
28
119
182
255
434
692
936
1045
1113
1224
1370
1465
1443
1326
1112
841
620
368
31
-356
-759
-1055
-1257
-1427
-1686
-1945
-2068
-2038
-1853
-1644
-1495
-1404
-1245
-960
-569
-245
-32
41
134
376
767
1064
1147
1084
1029
1023
1033
990
818
617
451
290
25
-108
-105
5
106
157
60
-37
36
210
409
497
503
536
708
871
971
967
901
760
590
396
147
-147
-397
-588
-857
-1173
-1442
-1636
-1706
-1648
-1618
-1651
-1628
-1482
-1288
-1090
-825
-559
-338
-96
134
302
496
801
1058
1162
1135
1026
928
960
1026
952
714
445
232
135
136
139
80
50
75
104
83
105
199
293
405
493
543
577
723
840
914
855
716
474
302
174
-24
-306
-616
-867
-1119
-1293
-1484
-1657
-1770
-1723
-1628
-1536
-1461
-1356
-1157
-847
-495
-241
-41
174
411
651
892
1111
1240
1265
1228
1167
1106
1059
984
824
603
360
162
40
43
34
-6
-77
-123
-175
-166
-75
19
118
201
256
309
438
574
673
669
582
446
280
115
-51
-229
-431
-623
-855
-1079
-1266
-1345
-1368
-1350
-1338
-1301
-1277
-1197
-1005
-741
-443
-197
-1
154
354
607
858
1030
1133
1143
1083
1017
1019
1012
932
763
539
303
158
96
53
6
-45
-129
-202
-235
-192
-119
-53
5
57
107
192
322
435
513
533
487
375
261
125
-6
-164
-342
-541
-737
-934
-1102
-1210
-1278
-1295
-1276
-1239
-1181
-1073
-877
-661
-433
-198
5
169
325
531
740
958
1112
1189
1190
1160
1136
1087
1015
900
745
532
342
222
173
129
58
-50
-191
-288
-312
-275
-228
-179
-148
-121
-81
28
154
243
252
206
139
71
1
-93
-202
-353
-513
-711
-896
-1022
-1066
-1091
-1122
-1114
-1068
-997
-908
-744
-542
-340
-136
55
237
453
668
843
992
1111
1173
1174
1154
1151
1116
1028
884
716
570
428
292
179
85
-9
-86
-167
-247
-288
-307
-302
-269
-193
-151
-125
-60
39
132
181
176
134
74
-18
-110
-218
-326
-478
-656
-851
-991
-1053
-1093
-1123
-1146
-1132
-1125
-1040
-860
-634
-431
-264
-88
103
343
597
796
926
1061
1167
1219
1264
1304
1280
1216
1119
996
847
703
573
418
279
165
44
-89
-173
-245
-285
-318
-295
-279
-249
-219
-177
-121
-52
12
3
-32
-86
-136
-195
-261
-368
-506
-668
-815
-929
-1004
-1030
-1064
-1071
-1076
-1030
-946
-822
-669
-522
-361
-188
26
227
439
611
764
910
1027
1100
1133
1137
1123
1088
1020
908
762
639
523
435
342
230
119
34
-24
-75
-118
-140
-143
-121
-93
-45
-6
42
111
157
163
148
97
20
-50
-134
-275
-444
-591
-718
-842
-970
-1058
-1122
-1137
-1107
-1087
-1061
-985
-868
-717
-532
-327
-154
20
216
419
607
761
872
941
994
1036
1051
1034
1001
928
822
686
581
482
416
338
258
158
95
57
24
-2
-10
-21
-16
23
71
117
141
153
128
115
87
31
-56
-142
-254
-397
-551
-698
-826
-950
-1040
-1098
-1107
-1080
-1041
-1004
-946
-834
-682
-532
-366
-199
-32
146
359
555
678
772
825
866
910
931
896
832
766
692
585
487
420
340
267
204
142
82
81
111
125
117
128
142
165
227
263
249
232
233
204
164
108
28
-84
-217
-374
-551
-708
-833
-956
-1063
-1146
-1182
-1181
-1131
-1051
-966
-883
-780
-652
-470
-273
-95
70
248
445
629
762
834
861
887
902
887
852
792
712
620
522
434
337
253
185
142
108
103
109
115
147
184
217
227
255
262
287
308
318
275
202
139
79
-18
-158
-317
-487
-639
-802
-974
-1097
-1137
-1156
-1179
-1173
-1124
-1028
-918
-811
-667
-483
-294
-118
58
257
474
673
809
892
937
951
971
976
958
876
746
613
520
447
356
242
129
65
20
6
-5
12
34
71
89
101
132
178
236
274
287
258
209
169
118
20
-124
-275
-415
-575
-735
-895
-1024
-1095
-1130
-1176
-1201
-1152
-1055
-938
-825
-691
-534
-346
-146
18
183
385
601
772
882
929
967
996
1027
1032
957
845
713
599
503
419
307
183
96
34
-13
-37
-32
-7
13
35
44
53
86
132
175
201
184
134
88
56
2
-101
-220
-362
-493
-650
-785
-870
-918
-962
-1014
-1046
-1021
-918
-819
-731
-624
-475
-329
-181
-45
95
258
440
595
684
750
795
838
872
894
856
751
644
562
495
437
381
287
204
160
126
97
76
69
71
83
94
94
108
166
220
224
177
118
74
43
-20
-127
-253
-380
-508
-657
-780
-860
-922
-972
-1014
-1025
-990
-905
-816
-735
-627
-487
-349
-207
-57
105
262
418
569
665
737
777
800
812
828
821
737
630
567
513
443
359
264
174
132
119
71
29
37
55
48
46
65
100
145
204
218
193
167
128
67
-8
-98
-206
-320
-425
-537
-663
-765
-825
-870
-905
-917
-891
-844
-769
-671
-567
-459
-334
-194
-54
95
257
414
540
619
650
660
675
726
746
717
630
535
450
386
333
260
160
79
29
-5
-12
-8
0
3
13
35
86
121
161
195
209
204
204
184
135
72
1
-77
-187
-303
-424
-538
-623
-679
-742
-791
-812
-799
-758
-689
-598
-500
-394
-285
-185
-91
32
202
363
462
521
555
570
590
620
645
627
553
453
355
296
272
221
116
30
-21
-49
-46
-24
-38
-64
-43
23
79
107
122
137
173
185
158
109
90
75
24
-52
-140
-222
-319
-432
-531
-602
-646
-687
-720
-714
-675
-621
-530
-416
-302
-202
-100
-16
91
252
401
501
560
598
616
621
632
654
634
564
460
355
282
232
179
77
-25
-84
-78
-75
-84
-88
-96
-75
-49
-12
9
60
109
132
110
84
70
56
21
-36
-101
-175
-255
-335
-421
-507
-567
-630
-690
-709
-679
-640
-580
-501
-411
-315
-205
-107
-8
121
250
368
463
544
597
637
649
645
637
612
560
477
402
329
266
195
106
15
-31
-71
-106
-127
-125
-106
-90
-63
-44
-22
-3
36
47
52
49
39
14
-24
-59
-123
-190
-244
-315
-393
-460
-515
-551
-579
-575
-563
-545
-494
-406
-322
-244
-161
-69
25
131
262
381
471
532
580
598
607
628
628
601
539
447
358
280
210
139
68
-5
-57
-101
-130
-142
-146
-142
-126
-103
-83
-42
-11
20
21
12
21
49
55
8
-50
-110
-173
-231
-287
-373
-459
-516
-550
-565
-548
-511
-491
-454
-379
-301
-224
-138
-33
58
159
281
396
483
541
585
598
586
597
598
569
525
472
391
290
219
143
76
26
-24
-83
-124
-154
-166
-164
-154
-154
-150
-106
-66
-55
-69
-62
-42
-21
-43
-85
-121
-157
-189
-221
-266
-354
-433
-483
-494
-494
-482
-470
-456
-418
-346
-239
-141
-61
29
122
216
337
456
529
570
589
598
589
586
576
539
467
394
326
250
180
106
39
-42
-96
-138
-162
-188
-184
-176
-171
-154
-118
-86
-88
-99
-88
-52
-26
1
0
-42
-97
-120
-142
-176
-246
-329
-416
-468
-480
-464
-458
-462
-436
-380
-303
-216
-127
-61
24
117
207
304
412
500
564
618
655
647
610
582
553
514
456
375
264
181
136
77
9
-49
-93
-162
-210
-207
-192
-199
-206
-209
-206
-176
-159
-148
-135
-110
-85
-88
-122
-150
-173
-182
-199
-243
-313
-374
-391
-395
-403
-406
-401
-391
-362
-295
-208
-130
-68
6
97
206
309
392
452
512
577
617
619
601
580
541
492
435
367
281
198
130
78
24
-25
-93
-158
-186
-180
-158
-145
-156
-167
-159
-151
-139
-130
-135
-144
-142
-147
-161
-172
-182
-187
-213
-253
-308
-355
-375
-367
-358
-355
-333
-307
-287
-246
-178
-103
-37
41
121
221
323
396
442
484
536
561
568
557
547
517
488
447
385
298
207
130
63
8
-59
-132
-180
-190
-183
-176
-190
-204
-191
-171
-169
-167
-155
-136
-141
-147
-152
-168
-167
-163
-187
-212
-224
-236
-266
-303
-313
-312
-296
-286
-272
-255
-201
-117
-36
20
75
153
222
293
354
392
415
466
510
525
509
488
460
420
372
303
224
166
114
59
-1
-71
-122
-153
-175
-190
-213
-216
-207
-203
-201
-192
-169
-150
-130
-126
-111
-111
-128
-146
-153
-166
-185
-210
-236
-267
-292
-298
-285
-279
-272
-256
-234
-188
-128
-57
-2
60
125
204
273
320
355
384
421
466
496
489
459
432
408
368
314
251
187
145
91
18
-46
-85
-121
-167
-195
-213
-213
-207
-197
-193
-198
-184
-171
-154
-144
-146
-166
-183
-183
-168
-135
-145
-170
-176
-186
-204
-206
-207
-197
-174
-158
-137
-85
-17
36
64
74
117
191
249
277
297
309
346
385
387
372
365
350
311
274
232
191
156
118
54
1
-32
-69
-100
-136
-158
-172
-195
-203
-184
-163
-141
-132
-137
-145
-136
-114
-124
-139
-143
-110
-97
-136
-190
-204
-200
-206
-227
-223
-205
-167
-112
-103
-84
-47
6
35
50
85
145
211
260
274
303
339
381
412
390
336
301
316
288
228
183
130
93
62
13
-31
-64
-68
-100
-154
-183
-209
-217
-209
-205
-181
-164
-150
-135
-136
-145
-144
-114
-109
-92
-56
-52
-59
-78
-91
-123
-160
-181
-202
-213
-187
-147
-104
-60
-35
-12
-10
22
72
116
164
204
269
332
394
430
421
403
382
354
306
240
183
135
108
73
6
-43
-90
-102
-106
-143
-172
-191
-193
-194
-200
-207
-209
-185
-165
-165
-162
-141
-112
-99
-92
-120
-144
-150
-125
-116
-138
-152
-150
-142
-164
-182
-175
-131
-73
-34
-12
18
91
129
142
144
171
217
262
291
326
348
323
349
351
321
290
262
258
271
255
181
83
-10
-89
-137
-179
-177
-179
-152
-120
-116
-115
-145
-168
-198
-225
-221
-200
-122
-69
-57
-19
-26
-37
-57
-106
-130
-139
-113
-95
-68
-46
-43
-56
-103
-116
-136
-125
-59
-9
23
69
73
146
219
298
338
318
312
-67
-410
-612
-997
-1250
-913
-44
1011
1915
2316
2231
1726
755
-295
-1274
-1633
-1362
-756
-23
542
838
888
622
104
-444
-727
-828
-795
-593
-418
-196
47
266
278
200
131
4
-160
-248
-320
-341
-232
-103
-57
-47
-11
24
84
156
121
78
-76
-330
-527
-684
-838
-738
-307
382
1059
1302
1195
862
159
-721
-1224
-1272
-679
296
1110
1611
1728
1346
638
-269
-940
-1180
-981
-517
-39
277
465
457
204
-57
-239
-317
-298
-145
0
175
279
337
289
125
9
-172
-297
-344
-224
-150
-19
121
-46
-234
-461
-844
-1254
-1309
-1032
-452
359
1104
1475
1679
1381
792
42
-438
-494
-260
242
621
744
704
417
-102
-533
-661
-554
-268
138
294
339
166
-50
-401
-623
-560
-262
-54
303
352
273
76
-223
-648
-805
-727
-527
-123
240
424
481
442
83
-204
-475
-484
-335
-93
262
590
692
691
494
135
-45
-162
-380
-308
-103
79
356
485
412
267
150
-26
-303
-429
-291
-165
145
359
300
176
200
77
-118
-246
-243
-138
-65
54
141
52
75
-31
-301
-451
-447
-284
-123
18
73
221
193
-62
-390
-534
-433
-283
-202
41
167
217
164
-84
-212
-221
-243
-176
202
408
452
506
482
323
178
122
-89
-97
-10
5
205
361
409
384
322
272
68
-64
-165
-162
-322
-161
-66
-45
132
10
-164
-156
-318
-467
-241
-163
-118
-74
-13
-65
-160
-261
-222
-247
-74
213
68
84
313
99
-172
-178
-225
-37
26
87
336
440
107
43
-114
-478
-271
-62
0
366
452
390
600
484
-101
-302
-227
-135
-31
119
316
479
381
278
118
-307
-304
-237
-369
-322
-38
169
225
96
-87
-71
-87
-277
-330
-411
-173
-21
108
144
124
119
154
111
-242
-305
-212
-247
-283
-293
55
146
247
133
23
-66
30
-15
-265
-86
247
190
302
236
362
318
135
57
-80
55
-39
-84
-68
-103
44
145
187
-96
-171
138
-9
-263
-151
22
-94
-176
2
19
-148
149
278
28
13
-157
14
-307
-288
10
27
-241
268
124
98
-33
-19
71
41
-182
-339
-224
-220
120
14
-5
148
497
205
-60
-256
-261
-33
120
284
56
346
595
191
-86
-152
-139
-141
-52
100
237
317
137
-47
-275
-394
-129
-107
-180
19
432
245
-54
-128
-210
-231
-149
-193
-62
175
-38
107
181
-227
-137
90
-175
-354
-23
42
-59
141
-148
87
206
26
89
-111
83
153
67
-113
-170
34
-12
20
17
66
181
296
177
92
14
95
-88
-127
-241
119
-13
-72
67
255
-156
105
-97
-220
-78
-351
-77
233
83
-33
33
-143
62
-96
-117
-56
101
-131
363
219
-64
-92
242
161
-217
-218
9
-4
-42
166
-79
-280
-156
342
-73
-252
147
576
49
186
-67
-35
253
127
-115
76
2
-156
9
-19
-169
101
362
-14
12
-219
-368
-406
-89
-201
-143
117
91
-136
-168
-392
-63
165
-39
75
470
262
-52
-91
-271
-36
-105
176
141
380
162
56
13
-284
-246
-249
48
39
277
199
76
52
-19
-153
39
-154
206
257
470
40
299
193
-343
-124
-180
3
-374
82
-87
-5
176
105
-58
-192
122
-212
-350
-424
-80
-32
-30
-218
174
81
-77
86
59
-350
10
275
-300
35
373
132
-123
10
255
22
-126
-236
122
331
184
108
-69
114
115
-490
-144
42
156
228
480
110
-33
7
-260
112
-11
13
205
608
9
219
-270
-327
-296
-65
-316
-198
232
57
164
157
-340
-501
-78
-310
-401
101
445
332
214
18
30
-296
-527
-217
-29
-26
245
395
186
81
-71
-179
-154
-158
-299
150
253
116
125
177
-54
133
-143
-118
-79
176
182
-10
39
247
257
-151
295
168
123
-25
-40
-171
-12
-105
-88
49
-67
-62
-104
-132
-181
-170
53
86
-162
104
-57
-85
-250
18
-51
135
-50
-3
-113
-4
-35
-37
-225
-45
38
57
98
-7
-8
-21
115
-169
-140
-83
150
52
103
-69
182
166
153
121
280
195
-51
255
-173
-49
-118
188
62
278
204
289
20
-247
-304
-60
37
-367
-76
210
79
-49
159
-258
-400
-188
-187
-362
90
70
247
195
58
-141
-118
-104
-154
161
-41
-24
125
236
0
-168
-218
215
75
176
-74
138
26
132
-105
-451
-113
-53
27
-76
269
147
296
274
200
-187
153
-100
-288
-247
-2
-15
205
350
151
159
88
-53
-543
-286
-264
-104
-92
324
-60
33
225
-122
-174
-220
68
-79
111
13
140
335
88
-95
-105
52
-204
-53
-273
-72
42
270
22
30
-352
39
34
104
-237
183
249
315
151
-80
153
191
63
-177
195
-112
120
0
-67
-201
-35
82
-47
-250
0
-25
19
-122
-11
-254
-26
202
-298
-182
-198
200
-32
368
157
-140
-7
242
-308
-239
-225
198
88
347
-11
75
72
-158
-209
-101
87
-27
-3
140
246
-118
121
-7
359
-10
-32
-55
172
-168
32
247
152
59
-1
133
-337
-160
41
-7
-237
388
-44
-241
49
-57
-461
-134
-38
96
143
-56
-79
90
-113
66
-173
129
92
-17
-69
49
-129
-133
136
-40
109
99
147
6
36
-122
24
-72
-8
-15
-27
22
-159
2
84
77
-42
17
227
-42
-62
146
-207
41
170
53
182
182
268
3
-85
-46
-157
2
-312
-27
68
-68
10
-30
-192
-69
-278
-243
-162
-14
-53
117
132
25
48
24
101
-95
-130
53
-15
312
29
66
-77
186
-26
51
119
-127
274
205
-264
-64
-65
69
-126
89
29
98
-50
240
-74
17
15
107
-76
1
178
-386
258
-69
113
-55
199
-111
-203
16
-296
-386
-26
-56
-44
-147
115
-283
65
-112
7
29
208
216
33
298
38
-55
250
-82
-210
111
45
-172
20
230
-381
57
452
39
292
67
42
-209
-89
-478
2
-55
93
155
119
171
-18
469
-102
109
26
53
-107
-191
-240
-192
-69
48
-206
61
29
-31
85
-358
-19
-45
-30
-149
-33
197
52
302
-33
49
88
-31
7
-147
-112
-77
82
-245
76
-45
41
82
176
-51
-157
117
-103
59
-87
238
161
171
29
237
-6
88
48
-16
-97
-189
-58
-102
-85
39
-182
-101
188
-55
-62
-243
-1
-136
182
-162
60
141
56
-61
19
-60
95
-42
87
-9
-20
-81
-82
144
-403
66
101
1
-26
140
-162
266
-71
67
6
110
34
-57
92
-121
-104
-165
91
280
76
85
291
122
153
-226
88
-209
8
-96
-22
-103
-143
36
41
194
-155
-6
93
4
-62
-14
-10
-204
120
-13
-20
-297
179
71
-125
-129
-277
3
70
122
-110
284
61
-86
112
3
-218
-67
30
282
2
-54
68
-85
22
173
154
118
-71
260
-139
22
-423
191
-140
207
112
97
-447
244
26
-230
-307
170
-18
31
188
-26
-94
25
284
-268
80
-116
105
70
-100
-295
186
-157
-239
168
58
-49
337
-91
1
-151
195
-232
214
-99
-149
401
200
-125
-231
168
29
189
-352
214
-23
211
-383
3
-358
143
118
-70
-123
146
181
-78
49
-338
210
-15
142
6
367
-131
15
-87
117
-199
-136
37
-128
107
-275
40
-307
86
95
105
-233
245
95
-61
-132
108
-105
-141
45
79
1
-84
209
77
256
-176
362
202
115
-244
11
-223
-197
-246
-115
141
87
109
26
92
-169
179
-312
70
98
259
-366
213
-131
103
-108
41
92
103
252
-389
195
-297
300
-412
434
-224
202
-297
50
-125
-12
-16
15
277
-59
170
-619
173
-191
180
-553
407
-183
34
-44
372
-168
-7
55
205
153
-13
161
-29
138
-8
98
-214
148
20
189
-280
144
-151
189
-105
-7
-65
5
70
-57
-174
-354
355
-163
62
-229
275
71
-81
-30
-121
156
-21
525
-307
-132
251
-44
-306
-179
83
-87
196
-174
261
-293
279
-261
-138
4
-61
4
74
-25
121
60
66
111
-98
176
-5
71
60
103
-263
84
0
-124
27
-31
-37
6
21
-22
-25
-62
29
72
-22
-32
-236
-183
250
-117
-86
218
114
155
-22
-128
-48
147
-122
-125
42
165
-73
87
-47
-48
62
144
-124
-144
34
35
-22
-52
-128
-69
9
125
63
-78
-54
230
82
-40
-259
131
160
142
100
-185
234
-23
230
-344
-21
-224
94
21
-135
47
-115
98
-33
161
-252
248
-132
-38
-210
192
-124
-17
141
202
276
73
-144
-303
-90
-168
32
-20
449
94
270
-215
-143
-34
-260
-64
132
-121
262
-102
-223
-212
-43
-90
164
205
131
91
263
-250
23
-14
-41
-64
309
207
-171
-67
180
-52
-265
264
-42
317
-31
-166
-266
-182
144
-176
-206
229
303
95
-222
-142
-232
309
166
-225
-229
87
223
-43
-389
-63
377
-15
15
-33
23
-127
204
42
-363
17
367
-236
-198
44
121
-93
111
5
12
180
-174
137
-289
226
-16
346
-320
94
-86
150
-142
-372
361
158
-152
-15
164
-126
-153
100
-134
44
227
33
185
-201
131
-140
21
-249
-10
-61
182
-76
-65
96
-69
-6
-108
-29
-143
25
7
-64
-50
198
-106
189
13
140
-48
142
24
-5
-105
68
75
56
-103
338
28
-147
60
180
-397
-371
189
109
-11
-65
263
-35
227
-301
-103
-45
56
5
59
40
-57
133
-138
-255
169
-38
75
-10
77
25
126
-192
-20
-113
-98
-99
280
-164
-22
20
-103
257
-353
98
-15
112
6
251
-290
311
9
300
-405
287
-132
39
-550
70
247
-294
347
-75
570
-645
324
-352
194
-321
120
-33
302
41
-5
74
-107
438
-190
81
-246
312
-466
107
194
-37
-95
-27
193
-158
-129
-72
-17
76
-171
-234
96
179
-257
-108
-24
33
108
28
68
-267
344
-39
332
-219
53
-143
352
-98
-4
166
-223
151
-118
135
-715
338
-30
87
22
-60
177
-145
59
-231
201
-163
66
170
169
-169
95
40
-13
-1
49
-52
134
-118
75
-64
135
-118
103
-211
33
-137
86
-269
174
-29
-140
21
-67
-6
-154
291
-83
256
-196
355
-176
114
-413
76
-95
-99
210
-45
9
-51
296
-92
2
-76
101
-207
418
-38
-11
-196
266
-61
95
-211
254
-271
168
-167
208
-363
257
17
-39
-14
-120
207
-13
49
-189
237
-244
136
-176
200
-301
186
-285
181
-41
-76
-207
-24
251
-27
126
52
433
-245
-156
229
-52
-203
20
330
-224
172
-348
324
-312
307
-180
-137
255
-84
-109
-248
277
-230
232
-16
87
55
368
-75
-12
-1
-1
-163
-16
-54
-76
44
-116
228
-12
83
-292
168
-298
-13
-66
-23
-70
84
128
-240
216
-189
153
-366
439
-38
-24
-232
54
192
-105
204
-92
128
-222
113
-89
27
-70
-61
348
-158
-298
93
-123
244
-56
250
-175
255
-109
48
-218
4
329
-198
265
-43
38
-274
272
-104
71
30
-242
457
-272
-75
-337
221
-53
200
-180
-143
246
-331
317
-485
375
-265
313
-87
82
-117
-168
169
-236
156
-36
275
70
-217
70
-107
-132
-170
46
-21
193
278
-177
283
-191
319
-435
290
-311
100
-68
-124
229
-198
302
-210
478
-362
258
40
-128
-6
231
191
-208
349
-331
170
-430
114
-50
-25
198
-157
204
-212
135
-584
260
-234
56
-24
53
-87
-394
532
-438
580
-395
532
-331
173
-228
137
-12
-40
259
-6
33
-162
121
-55
-1
-131
77
265
-88
-34
-24
-107
301
-389
284
-333
218
-97
57
26
-243
500
-286
418
-536
437
-321
21
-18
-7
356
-417
353
-554
556
-551
219
-319
-17
97
14
164
-458
478
-364
549
-461
390
-443
246
-334
238
-255
197
316
-90
370
-102
206
-469
156
-242
156
-98
-103
102
76
244
-332
210
-74
355
-446
142
93
-23
-194
12
223
-206
-2
-19
301
-156
141
-336
97
179
-198
-10
16
152
-287
235
-17
-28
-74
-21
263
-355
90
22
51
-46
-132
182
-165
144
-328
221
-227
318
-335
318
2
-41
240
-283
308
-395
223
-436
190
16
-114
287
-165
432
-259
405
-375
-53
-71
105
132
-43
81
-173
400
-358
-20
-170
16
34
-266
125
-173
270
-117
175
-121
86
97
-77
35
-243
226
36
32
130
-157
205
-95
154
-335
298
-104
135
-45
-162
56
-221
176
-252
75
-259
269
-36
76
-137
307
-273
239
-143
42
-135
-44
387
-416
360
-251
182
131
29
-28
-281
338
-166
159
-362
210
-37
34
-78
16
-174
23
31
-166
72
-50
-2
42
73
195
-38
131
105
-160
11
-58
-12
-260
222
118
-142
262
-121
286
-62
-159
71
-168
283
-478
186
-121
344
-258
150
-65
223
114
-141
-119
-133
484
-421
344
-193
-17
161
31
79
-374
170
183
-170
-366
-23
21
-132
-26
-7
-83
148
-3
-382
166
58
-197
208
75
205
60
35
19
-146
82
143
-317
241
-228
384
-10
-101
-248
181
223
-465
195
-76
128
88
-185
-79
117
-21
-25
136
66
48
-280
345
-23
-224
32
128
24
-74
-60
-242
73
157
-176
-258
113
12
257
-271
-248
72
110
236
-165
-32
120
-49
20
-143
-156
12
388
-182
70
6
303
-236
63
-169
249
-130
12
-210
363
-158
191
-157
210
-36
-107
95
4
-132
-15
-27
124
-57
190
-12
-185
84
55
9
-226
190
43
130
8
58
-289
107
-241
71
-141
279
-196
105
10
306
-345
37
-125
157
-99
-56
141
-12
221
-273
165
-189
234
-326
198
-37
213
-134
11
95
96
-161
-176
15
132
-11
-54
-168
316
-29
-63
-40
-207
297
-232
114
-126
242
-166
63
-159
163
-84
-79
-71
-53
376
-98
-48
-5
33
102
-251
19
-26
111
121
-204
111
53
152
11
-125
-99
161
190
-292
-71
-61
145
-106
-19
-14
56
75
-97
-77
-151
372
-348
79
-170
452
-300
158
-37
203
-151
-58
-22
-56
65
-21
155
-242
246
-136
149
-361
325
-514
378
-218
102
-218
227
170
-212
196
-140
346
-504
372
-382
91
-110
391
-133
8
363
-47
83
-277
302
-270
146
-337
118
-83
206
88
-130
119
-83
218
-483
131
-224
131
8
98
99
-10
153
27
114
-211
27
-220
8
13
-180
-82
93
179
-205
251
0
-67
27
-113
-27
-244
162
-213
13
-46
131
18
10
283
-29
-2
-1
49
-275
-73
145
64
5
119
156
25
85
157
-187
-37
92
14
-228
-170
183
68
-11
92
113
36
-121
74
-217
-259
70
175
69
-154
355
-117
32
108
4
-184
-37
79
-179
3
-57
107
26
74
35
-134
-127
-73
-168
-94
145
2
191
-17
-64
12
-6
-15
-11
292
-166
89
43
-104
68
-76
178
29
183
-182
-59
24
29
-230
64
11
143
-106
3
-47
-63
39
29
128
-133
-148
7
16
-131
147
-120
127
39
70
-14
37
-180
-9
26
13
-12
-114
-15
23
-19
3
47
-96
-70
301
-163
-164
59
57
141
89
1
-85
170
49
-143
-128
-45
192
147
-160
101
-54
-3
-67
-6
40
-33
105
-21
3
-132
-178
106
97
-85
-3
34
-15
14
-207
-184
119
11
47
-12
74
82
3
67
70
64
97
126
-142
-286
-27
-91
5
39
208
92
162
30
-92
-29
-183
-16
-113
19
80
56
1
34
77
26
74
8
-70
43
-126
15
-19
-101
114
118
145
-50
43
-124
16
-33
23
4
37
21
-146
98
115
-93
9
69
-15
-15
-70
-30
-169
126
-61
-24
17
112
-32
-134
-114
-73
13
67
3
-83
144
118
-73
-92
62
-17
-85
30
169
-78
-33
62
82
-111
16
-49
-85
-93
19
147
20
27
19
96
7
-162
-167
-62
61
70
-82
120
201
93
-77
-81
-80
93
-71
-129
82
172
63
-163
-15
170
99
-234
-154
54
83
-174
-207
43
302
37
-92
-94
148
107
-115
-227
-73
136
-21
-137
-13
158
71
-71
-114
137
106
-44
-135
-67
89
-44
-141
78
144
253
-69
-102
102
133
-20
-147
6
113
40
-127
-49
80
97
107
-127
-3
41
5
-164
-191
104
85
14
-97
30
44
120
9
-107
35
32
-13
-40
54
181
106
139
-1
-30
25
15
-21
-130
-39
41
97
-136
-88
9
96
-68
-69
-134
-86
61
28
-99
-107
21
150
27
13
-99
28
120
51
-76
-165
-48
14
-24
-22
-40
6
81
-33
-50
-54
-33
1
43
39
-3
91
110
21
91
39
89
-33
-69
-81
-32
3
-39
14
41
84
121
73
21
-96
-78
-68
-50
-18
-49
18
45
74
-40
-106
-8
-39
-7
12
9
37
-2
-16
-58
-66
-106
-75
-65
6
29
4
18
0
28
-29
-76
37
36
22
-46
-8
45
51
81
17
-3
3
96
-18
-33
29
87
86
79
-66
-22
11
16
-44
-81
39
153
95
67
-39
-12
-30
-46
-61
-106
35
-19
19
-63
-15
56
-25
28
19
-73
50
-34
-46
-48
-61
-11
-55
47
-25
-109
50
51
-16
55
23
49
34
-27
-65
17
50
48
16
8
89
65
43
22
51
46
22
-20
-20
-39
41
-8
-29
26
32
-15
-25
-56
-15
7
-9
-41
-30
19
60
64
-13
-5
32
34
30
-43
-90
3
22
13
-35
-25
-44
-13
-17
-110
-42
-29
-42
45
-28
-89
-68
16
32
21
-29
-64
54
96
15
-20
-4
59
66
1
-12
1
26
19
2
20
2
46
53
-2
54
7
6
38
-37
5
-31
-12
-2
-18
46
14
41
9
43
44
-73
-73
-83
-77
-31
-31
-29
-7
71
30
9
-35
-32
-40
-29
-51
-63
-43
23
113
-2
9
66
-16
-1
-59
-82
-41
-24
1
-49
91
94
44
-64
-54
4
-6
28
7
22
65
42
44
-19
-18
-14
-24
-44
-60
-22
-13
33
28
-7
-14
66
21
-37
-28
17
13
22
15
-49
-61
42
15
-2
8
13
47
74
73
28
11
32
16
-30
-38
-29
-22
-24
5
-18
-31
-3
10
18
-1
-24
-15
-37
-16
55
21
27
78
40
10
12
-10
-32
-1
10
-2
32
39
24
28
-13
25
-32
-34
-4
-20
21
30
41
-1
-33
-10
-73
-59
-37
-11
58
67
28
-6
-58
-96
-28
-58
9
63
45
98
44
26
30
-39
-31
-48
-47
-3
7
1
41
66
18
-9
-7
-44
-20
-42
-81
-15
-46
-49
-54
-76
30
1
-18
-5
-17
20
4
-13
-26
1
-24
-39
1
19
40
45
41
44
23
1
-24
-28
-40
0
13
59
65
50
64
-21
-30
-54
-82
-45
-35
-23
17
79
95
96
42
-61
-25
-18
-10
0
12
19
47
59
-52
-54
-11
3
19
-17
-6
36
25
-14
-53
-53
5
25
10
2
-32
52
38
20
52
-2
5
-21
-29
-38
-27
17
17
38
32
9
1
-48
-61
-42
-7
21
24
24
18
31
14
-7
-37
-5
24
4
22
28
34
53
49
28
8
-10
-18
0
-2
-27
-9
26
-9
-56
-57
-100
-51
14
-13
40
40
19
36
-21
-56
-23
-39
-39
-2
7
-1
-6
-29
-29
-10
-62
-52
-6
20
22
4
-15
-31
-11
-58
-69
12
29
61
21
1
50
34
-5
-68
-33
42
57
38
16
27
59
59
22
-4
17
24
-6
-16
-36
-11
-22
-41
-7
-3
46
33
12
50
-13
7
9
-29
11
-13
3
-6
-32
-28
-32
23
-13
-47
-51
-85
-11
-23
15
57
32
34
-63
-38
-21
-35
9
-20
72
114
88
85
31
49
38
16
-1
-9
-11
6
3
14
29
5
-18
-20
-15
11
8
-34
-32
-27
-16
-24
-1
1
33
23
13
37
-3
0
-49
-86
-52
-77
-29
-20
-20
-3
1
5
-3
16
4
-12
-31
-55
-55
-29
-17
6
31
79
76
33
15
-26
13
12
-47
-22
12
28
14
12
-12
32
9
-19
-4
27
39
-9
-4
-11
22
21
-9
20
21
23
-10
-4
17
10
5
-13
11
-8
-4
-27
-28
15
-9
-2
5
-19
0
-11
-22
0
5
6
-16
-39
-30
-20
11
6
10
18
25
28
-5
-22
-35
-39
-3
-16
-23
14
6
36
24
-2
