SAMPLES:	8124
BITSPERSAMPLE:	16
CHANNELS:	1
SAMPLERATE:	16000
NORMALIZED:	FALSE
-4
0
-2
-8
-3
3
7
1
-8
-5
2
1
-10
-16
-14
-14
-4
-2
-7
-9
0
2
-3
-3
-11
-13
-7
9
5
2
5
19
20
9
7
0
-2
3
14
8
3
-1
-1
-5
-5
0
-6
-9
-7
0
-2
-8
-17
-13
-7
6
10
11
8
12
20
15
1
0
9
12
9
4
4
2
11
9
3
9
27
32
27
23
23
21
11
3
-5
-8
-10
-12
-15
-19
-10
8
7
-10
-27
-33
-32
-24
-19
-15
-9
6
3
-3
-6
-8
1
-17
-44
-30
7
27
36
22
-5
-20
10
16
-6
-12
1
7
9
23
25
30
28
18
-9
-14
-3
-3
-8
-5
11
32
42
25
-7
-14
-1
-12
-27
-24
-17
-2
7
18
-3
-9
-19
-37
-49
-51
-44
-53
-35
-15
-4
-8
19
16
-32
-64
-51
-17
-9
-16
-28
-23
-3
33
10
-20
-13
-6
-26
-58
-56
-38
-21
11
58
66
60
52
47
15
-3
-13
-11
-9
-3
26
37
72
91
72
22
38
61
29
7
24
59
58
112
182
170
159
178
175
142
98
104
19
67
-47
-269
-92
305
282
-487
-724
-111
624
386
-414
-1001
-682
447
847
-18
-1161
-800
294
871
316
-581
-729
-53
668
367
-279
-545
-164
123
57
-200
-337
-184
-81
-178
-294
-175
-65
-75
-231
-267
-63
314
394
184
153
485
788
778
655
569
678
857
817
501
324
465
575
340
-65
-245
-151
28
-55
-506
-903
-759
-347
-359
-683
-945
-809
-438
-179
-333
-738
-716
-285
-46
-332
-636
-679
-414
-172
-268
-668
-905
-533
-163
-265
-483
-323
-43
135
337
564
772
995
1262
1380
1580
1996
2326
2042
1916
1702
875
722
1979
2475
-135
-2633
-1682
1350
2037
-434
-3918
-5087
-1806
2296
1403
-3902
-5812
-2121
2171
2506
-443
-3189
-2350
1763
3854
1646
-1064
-502
1415
2118
1636
625
-46
222
623
-753
-2166
-1130
629
-414
-3837
-5136
-2272
1637
1279
-3271
-6524
-3724
2477
4639
186
-4787
-3143
3219
6728
3756
-1018
-1249
3305
6996
5745
2128
823
1718
2541
2965
3485
1791
-2261
-3821
-773
2840
1959
-2574
-7101
-6467
-408
3771
-372
-7316
-7258
-1140
3462
2317
-1862
-4390
-1624
3459
4652
1357
-853
465
2202
2805
2499
1687
969
1037
817
33
281
1070
339
-1835
-2862
-2256
-1603
-1174
-1496
-2826
-4628
-4441
-1492
1401
668
-3339
-5422
-2514
2890
4563
743
-3686
-2720
3013
6851
4356
-1048
-1738
2842
6491
5080
1868
369
1869
4074
2757
-448
-422
3161
2149
-3752
-5741
-566
3989
1620
-4586
-9058
-5814
3042
6295
-2299
-10627
-6671
3329
7076
2102
-4476
-5778
753
7589
5952
-1144
-3111
1177
4253
3694
1600
-219
-487
1193
1569
-417
-1129
-79
-728
-3000
-3386
-1991
-1389
-1877
-2958
-3958
-3596
-1402
21
-972
-2433
-2276
-935
602
1737
1274
-145
-265
1541
3326
3699
2635
1242
1649
3737
5082
3852
2035
1599
1368
1262
2080
3177
760
-3770
-4411
18
3405
821
-4643
-7929
-5010
1633
4015
-2151
-8618
-6079
1575
5041
1543
-3311
-4338
251
5413
5031
431
-1574
949
3322
3419
2188
966
400
814
810
138
7
291
-952
-3139
-3319
-1755
-267
-1389
-4072
-5437
-3356
94
646
-1856
-4324
-3292
52
2685
1388
-1946
-2498
877
3781
3006
1210
262
1281
3458
4672
3122
1334
2139
3347
3653
3077
1460
-238
798
3504
1763
-3168
-4122
224
2748
226
-4190
-6753
-4083
1782
3049
-3604
-8361
-4207
2739
3923
-393
-4172
-3373
1901
5640
3323
-1268
-1304
2216
3819
2597
829
-62
274
437
-586
-1125
-62
-155
-3143
-5000
-2811
588
263
-3614
-6819
-4811
900
3168
-992
-5577
-3813
1863
4948
2348
-1884
-1979
2540
5868
4262
1135
886
3228
4755
4222
3396
3038
1942
914
1795
3728
2184
-2431
-4203
-766
2807
1494
-3462
-7454
-5465
1051
3642
-2334
-8696
-6341
1205
4399
505
-4574
-4822
482
5377
4224
-699
-2247
1089
4121
3676
1316
-74
480
1652
1538
296
-289
-170
-494
-1603
-2915
-2827
-1186
-346
-2856
-5949
-4948
-516
1877
-591
-4759
-5599
-798
4507
3345
-2709
-4430
704
5537
4958
954
-1451
736
5288
6312
2727
188
2246
4863
4538
2159
286
367
2642
3651
-471
-4868
-2885
2690
3010
-2317
-6827
-6238
-1139
3348
992
-6775
-8910
-1707
5016
3036
-3067
-5237
-1727
3732
5529
1677
-2610
-1165
3312
4348
1948
213
417
1231
1632
975
-241
-457
-133
-892
-3059
-3599
-1444
168
-1926
-5900
-5902
-1221
2693
437
-5200
-6950
-1541
5009
4215
-2696
-5960
-490
6373
6390
467
-3021
460
6397
7474
2924
-479
1506
5603
6192
2495
-829
-40
3421
3936
-760
-5107
-3250
2146
2903
-2410
-7447
-6524
-967
2838
-136
-6894
-8241
-1665
4602
2794
-3267
-5059
-730
4369
5000
1440
-1664
-358
3392
4533
2206
268
765
1681
1443
740
178
-442
-896
-1572
-2879
-3329
-1644
-716
-3259
-5827
-4246
-443
719
-1504
-4375
-4130
84
3672
1783
-2616
-2495
2110
5205
3641
590
55
2763
5645
5162
2176
1057
3289
5307
3818
536
-322
2167
3809
425
-4392
-3902
1323
3304
-1238
-6807
-7026
-1720
2817
667
-6155
-8448
-2766
3522
2860
-2421
-4984
-2056
2922
4694
1875
-1452
-755
2522
3848
2373
800
743
1267
1381
770
59
-198
-287
-996
-2362
-2823
-1929
-982
-1722
-3583
-4216
-2552
-360
-258
-2174
-3425
-1784
1014
1791
142
-1084
83
2465
3598
2471
1189
1900
3736
4284
3268
2587
2906
3794
4052
2491
357
680
3210
2531
-2133
-4387
-963
2596
922
-4017
-7197
-5079
446
2381
-2964
-8469
-6061
806
3220
-507
-4457
-4062
385
4209
3243
-571
-1562
1329
3765
3386
1788
836
1018
1573
1432
482
27
137
-814
-2509
-2755
-1055
-245
-1922
-4296
-4440
-1877
378
-470
-3429
-4107
-1077
2064
1674
-991
-1691
658
3400
3682
1848
694
1914
4055
4389
3030
2328
2848
3771
3486
1704
363
1604
3579
843
-4276
-4049
2202
4618
-1160
-8011
-7916
-785
5057
1647
-8260
-11113
-2100
6896
4078
-5494
-8726
-2217
6060
6714
-70
-5292
-2113
4827
6495
2127
-1880
-1036
2192
3469
1508
-932
-1320
-593
-735
-1691
-1623
-862
-1253
-3202
-4090
-2126
194
-362
-3077
-3963
-1595
1369
1468
-1051
-2264
56
3287
3668
1461
269
1818
4137
4616
3186
2000
2471
4209
4539
2348
296
1306
3473
1777
-2525
-3601
158
2778
-1
-5297
-7122
-2951
2155
1231
-5359
-8455
-3692
2577
2671
-2374
-5484
-2795
2745
4658
1446
-1855
-696
2767
3957
2466
713
552
1383
1498
456
-150
304
-343
-2448
-3197
-1322
191
-1359
-4274
-5044
-2320
744
62
-3628
-4784
-1196
2446
1844
-1330
-2255
505
3778
4014
1580
335
2130
4438
4323
2733
2471
3361
3972
3480
2131
1137
1780
3095
1419
-2496
-3541
15
2664
148
-4756
-6736
-3613
1071
1513
-3802
-7962
-5004
1276
2848
-1254
-4770
-3487
1066
3895
2381
-946
-1482
1282
3532
2905
912
152
820
1268
637
26
118
-297
-1944
-2885
-1583
182
-478
-3240
-4721
-2633
794
923
-2473
-4394
-1597
2232
2492
-333
-1960
-62
3191
4154
2155
479
1491
3629
4010
2768
2129
2760
3410
3280
2258
1199
1259
2430
2168
-966
-3460
-1660
1920
1498
-2924
-6191
-4840
-564
1628
-1448
-6471
-6572
-1309
2639
621
-3708
-4522
-1025
2750
3035
413
-1618
-520
2090
3179
1975
406
187
508
614
800
1053
29
-2090
-2687
-929
842
-74
-2862
-4365
-2371
926
1051
-2108
-3922
-1550
1827
2147
-398
-1856
39
2881
3227
1317
390
1819
3600
3411
1859
1439
2908
4021
3327
1667
757
1307
2712
2944
-46
-3444
-2734
1359
2645
-1111
-5558
-5889
-1820
1868
375
-5103
-7211
-3021
1946
1686
-2371
-4552
-2396
1747
3308
1149
-1383
-799
1735
2809
1855
484
274
649
751
405
333
252
-986
-2222
-1661
11
-71
-2131
-3655
-2616
-56
618
-1601
-3451
-1736
1393
1874
-392
-1737
-2
2609
3058
1261
140
1457
3596
3701
1920
1136
2445
3792
3458
2402
1515
1059
1415
2531
2160
-874
-3156
-1527
1600
1464
-2042
-5275
-4852
-982
1731
-760
-5652
-6069
-1412
2151
621
-3018
-4025
-1239
2347
2896
262
-1778
-449
2136
2760
1282
-124
-68
575
864
517
82
-728
-1753
-1775
-545
191
-1055
-2888
-3104
-1166
517
-311
-2491
-2690
-266
1727
981
-956
-977
1128
2746
2189
843
809
2193
3313
2802
1750
1833
2954
3411
2915
2307
1656
1226
1670
2550
1240
-1745
-2453
122
1922
-52
-3623
-5242
-3009
596
751
-3534
-6569
-3972
660
1506
-1777
-4328
-3119
557
2744
1365
-1318
-1617
749
2671
2258
568
-167
435
1078
891
517
175
-799
-1843
-1481
-33
302
-1271
-3093
-2885
-575
922
-584
-2969
-2580
198
1842
677
-1211
-1071
1198
2978
2197
493
591
2463
3414
2540
1640
2099
3200
3392
2801
2087
1676
1712
2235
2249
301
-1995
-1637
1019
1705
-1207
-4586
-4902
-1793
1033
-395
-5011
-6632
-2798
1424
809
-3030
-4656
-2267
1485
2761
685
-1749
-1208
1587
3059
2068
413
15
696
1322
1220
729
88
-980
-1796
-1142
399
400
-1690
-3523
-2758
-173
1074
-797
-3387
-3001
165
2204
831
-1648
-1759
921
3186
2546
442
25
1844
3392
3005
1916
1840
2713
3198
3093
2609
1922
1468
1747
2185
856
-1394
-1644
518
1437
-879
-3991
-4635
-2039
634
-376
-4591
-6336
-2933
1102
635
-2999
-4520
-2232
1344
2528
589
-1706
-1080
1707
3044
1919
336
136
878
1464
1149
438
-31
-496
-1198
-1364
-326
251
-1027
-2945
-3033
-1067
575
-219
-2563
-3146
-824
1734
1378
-1002
-1803
274
2690
2724
1024
239
1388
3030
3183
2294
1950
2544
3035
2884
2706
2229
1634
1383
1852
1282
-805
-1736
-197
1256
-319
-3257
-4598
-2821
20
99
-3510
-6314
-3934
430
1172
-2183
-4504
-2953
674
2628
1123
-1500
-1609
1156
3119
2393
629
4
723
1729
1780
670
-238
-253
-328
-982
-1112
-327
-282
-1654
-2805
-2201
-513
230
-967
-2670
-2309
65
1631
568
-1297
-1157
982
2642
2164
680
300
1585
3057
3161
2177
1546
2089
2947
3159
2762
1826
907
913
2017
1786
-746
-2422
-900
1220
229
-2868
-4712
-3308
-302
395
-2776
-5882
-4287
-67
1251
-1539
-3970
-2891
323
2325
1371
-922
-1434
775
2903
2621
898
66
733
1783
1900
916
-200
-479
-291
-460
-746
-717
-868
-1576
-2035
-1680
-954
-752
-1254
-1923
-1731
-460
470
9
-885
-520
777
1656
1543
862
803
1748
2764
2571
1807
1791
2526
3047
2906
2619
1892
1211
1388
2355
1748
-1053
-2551
-685
1735
585
-2945
-5007
-3342
181
1005
-2649
-6428
-4798
47
1733
-1332
-4336
-3555
-17
2655
1838
-1089
-2049
539
3152
2853
869
-83
699
2031
2275
1042
-194
-212
246
-106
-696
-800
-791
-1192
-1635
-1675
-1380
-1061
-1295
-1774
-1647
-937
-505
-641
-708
-299
307
647
769
958
1396
1915
2027
1804
1797
2359
2931
2944
2461
2334
2645
2435
1688
1428
1772
693
-1496
-1811
334
1395
-899
-4066
-4711
-1944
940
-205
-4778
-6769
-3032
1511
1069
-3124
-5134
-2538
1762
3211
638
-2296
-1460
2213
4062
2530
258
-99
1427
2965
2625
813
-292
118
654
253
-343
-667
-1016
-1426
-1467
-1335
-1277
-1325
-1661
-2017
-1775
-977
-608
-861
-1135
-862
-58
739
1025
773
728
1248
1957
2286
2201
2005
2030
2525
2950
2868
2512
1933
1248
1170
1971
1376
-1197
-2450
-464
1471
-142
-3473
-4833
-2780
199
177
-3574
-6362
-3882
616
1261
-2224
-4538
-2743
1061
2937
1232
-1450
-1238
1984
4064
2893
717
356
1813
3126
2771
1053
-20
431
1047
498
-494
-868
-997
-1306
-1526
-1521
-1641
-1904
-2178
-2296
-1878
-1149
-1091
-1786
-1843
-677
482
503
-17
31
882
1933
2359
1805
1236
1744
2875
3259
2785
2262
2321
2600
2227
1420
1269
1589
336
-1800
-1668
738
1302
-1729
-4762
-4291
-842
1136
-1395
-5826
-6104
-1363
2175
99
-4204
-4660
-774
3034
2889
-322
-2170
90
3748
4360
1912
7
810
2876
3635
2239
377
35
858
1055
124
-857
-1285
-1449
-1548
-1667
-1928
-2236
-2430
-2508
-2254
-1709
-1534
-1937
-1974
-1075
-61
158
-130
-40
824
1887
2246
1670
1339
2047
3001
3029
2394
2169
2558
3176
2810
1417
585
1514
2088
-67
-2486
-1643
975
810
-2380
-4868
-3778
-412
781
-2374
-6054
-4804
-57
1869
-1066
-4133
-3156
666
3260
2107
-841
-1367
1618
4274
3509
1079
305
1725
3245
3030
1235
-76
300
994
434
-831
-1367
-1281
-1455
-2007
-2387
-2303
-2085
-2264
-2736
-2622
-1805
-1299
-1546
-1713
-1098
-159
365
346
452
1042
1749
2027
1833
1873
2328
2709
2580
2357
2447
2661
2806
2438
1449
712
1109
1656
291
-1918
-1998
72
743
-1472
-4067
-4084
-1479
437
-1117
-4537
-4960
-1376
1604
346
-2775
-3150
-260
2684
2675
348
-947
789
3456
3787
1953
635
1241
2602
2883
1610
150
-103
408
227
-712
-1322
-1449
-1793
-2289
-2360
-2085
-2063
-2569
-3059
-2612
-1408
-874
-1571
-2228
-1447
232
1117
587
-199
232
1794
2817
2283
1277
1366
2386
2959
2649
2026
1856
2206
2484
1777
665
518
1313
813
-1473
-2473
-560
1207
-373
-3612
-4576
-1994
981
292
-3558
-5405
-2217
2035
1876
-1866
-3698
-1131
2667
3590
1127
-1172
-81
3121
4364
2473
372
471
2160
3027
1893
-47
-686
31
327
-585
-1667
-1926
-1789
-1957
-2379
-2589
-2435
-2274
-2433
-2590
-2195
-1529
-1284
-1404
-1231
-536
196
498
495
704
1288
1759
1863
1784
1870
2109
2279
2350
2191
2101
2091
2251
2062
1259
533
707
1281
274
-1606
-1758
162
863
-1234
-3531
-3252
-658
849
-862
-3888
-3830
-253
2180
464
-2529
-2304
754
3077
2439
135
-741
1196
3586
3300
1072
-30
1026
2339
2064
526
-699
-620
-64
-325
-1348
-2059
-2092
-2021
-2113
-2219
-2331
-2559
-2652
-2288
-1693
-1398
-1536
-1671
-1257
-277
475
420
67
331
1281
2072
1948
1353
1326
1953
2457
2241
1726
1581
1920
2140
1974
1435
695
372
815
1127
-188
-1883
-1486
502
947
-1134
-3136
-2662
-96
1399
-433
-3462
-3334
199
2493
784
-2125
-2141
647
3005
2494
41
-1070
688
2935
2698
623
-529
275
1560
1512
158
-969
-792
-359
-750
-1462
-1618
-1634
-2106
-2392
-2050
-1569
-1714
-2283
-2477
-1742
-647
-521
-1358
-1619
-378
938
782
-166
-123
1095
2085
1860
946
781
1719
2467
1981
1074
1057
1770
2139
1732
1129
741
694
933
1161
439
-964
-1177
325
1357
102
-1944
-2244
-389
1350
629
-1880
-2885
-738
1788
1348
-1237
-2282
-522
1758
2029
266
-1208
-489
1543
2185
776
-628
-455
690
1214
505
-655
-994
-542
-453
-950
-1295
-1293
-1593
-2048
-1935
-1349
-1163
-1736
-2352
-2035
-826
-108
-813
-1761
-1263
304
968
178
-558
73
1380
1829
1056
413
978
1972
1990
1090
705
1324
2153
1993
1195
905
1251
1466
1323
1204
576
-258
-49
1207
1541
140
-1320
-1276
171
1260
358
-1912
-2652
-622
1354
463
-2001
-2623
-834
1039
1017
-666
-1779
-744
1255
1685
274
-873
-405
915
1406
563
-607
-782
-54
217
-380
-1003
-1126
-1199
-1364
-1287
-1124
-1312
-1843
-2109
-1694
-889
-650
-1349
-1900
-1238
-32
328
-311
-795
-282
804
1357
905
346
679
1577
1876
1437
1180
1534
2048
2174
1958
1817
1803
1730
1664
1890
1577
475
21
1124
1951
717
-1313
-1745
-228
1042
80
-2424
-3448
-1499
759
68
-2562
-3357
-1418
706
796
-750
-1788
-756
1315
1933
658
-414
161
1394
1708
909
12
-142
277
384
-155
-796
-1065
-1160
-1375
-1476
-1479
-1729
-2137
-2233
-1800
-1297
-1325
-1809
-1858
-1065
-239
-202
-684
-661
169
1110
1251
733
614
1393
2160
2041
1532
1523
2117
2598
2505
2091
2033
2113
1962
1701
1819
1494
311
-220
764
1492
268
-1637
-2118
-857
421
-284
-2573
-3727
-1921
385
-2
-2381
-3227
-1466
756
1232
-220
-1500
-607
1650
2446
1073
-248
198
1507
1988
1137
-94
-518
5
324
-217
-1136
-1666
-1736
-1594
-1433
-1642
-2289
-2711
-2251
-1411
-1162
-1682
-2106
-1611
-508
106
-272
-766
-319
818
1487
1241
832
1040
1805
2283
2059
1661
1772
2299
2499
2204
1963
2181
2242
1695
1145
1370
1604
667
-452
-113
938
640
-1030
-2145
-1516
-69
54
-1705
-3260
-2370
-126
369
-1401
-2652
-1597
396
1239
384
-847
-630
1028
2086
1316
79
1
921
1479
994
-66
-690
-465
-170
-532
-1300
-1743
-1793
-1814
-1822
-1799
-1976
-2312
-2281
-1760
-1262
-1188
-1431
-1459
-870
-5
284
-51
-161
511
1362
1630
1350
1160
1507
2077
2226
1832
1584
1866
2246
2182
1853
1800
1958
1716
1177
1067
1379
952
-158
-386
632
1086
-156
-1682
-1679
-238
637
-515
-2547
-2764
-656
893
-189
-2184
-2210
-282
1280
962
-583
-1267
-62
1602
1577
115
-717
-51
951
936
-74
-978
-979
-527
-548
-1097
-1568
-1702
-1736
-1716
-1536
-1473
-1710
-1937
-1702
-1106
-672
-771
-1134
-962
-115
551
394
-34
172
982
1597
1406
894
938
1580
1933
1590
1146
1272
1809
2033
1741
1349
1486
1713
1495
1068
1163
1151
365
-96
655
1348
528
-966
-1381
-349
763
201
-1789
-2821
-1317
664
266
-1850
-2627
-1145
645
871
-463
-1598
-904
863
1416
226
-827
-488
480
902
282
-677
-920
-342
-105
-677
-1201
-1168
-1023
-1206
-1408
-1363
-1177
-1085
-1246
-1355
-1053
-494
-379
-760
-818
-256
266
219
-5
128
610
1005
892
634
794
1266
1356
1061
983
1349
1793
1794
1482
1432
1853
1977
1501
1220
1565
1437
550
345
1215
1521
357
-966
-962
196
842
-326
-2270
-2498
-571
692
-585
-2523
-2423
-631
657
219
-1206
-1737
-471
1083
957
-417
-989
-198
762
802
-30
-738
-569
62
13
-670
-1074
-945
-831
-1033
-1194
-1145
-1048
-1105
-1239
-1215
-939
-676
-815
-1067
-872
-360
-161
-352
-378
-15
424
537
388
415
813
1216
1185
1010
1144
1640
2026
1990
1762
1901
2239
2167
1758
1724
1954
1437
583
747
1659
1467
-26
-1112
-697
454
587
-984
-2677
-2291
-284
392
-1307
-2919
-2263
-373
552
-241
-1623
-1705
-156
1148
631
-646
-884
61
946
851
20
-569
-271
203
50
-492
-716
-818
-1078
-1091
-760
-659
-1135
-1694
-1613
-839
-375
-981
-1821
-1594
-410
187
-507
-1277
-767
472
976
391
-177
301
1427
1834
1247
779
1315
2262
2566
2071
1676
2037
2650
2485
1729
1525
1906
1593
709
594
1277
1197
-104
-1232
-940
162
282
-1266
-2840
-2382
-432
204
-1420
-2986
-2301
-279
694
-243
-1722
-1698
18
1406
792
-713
-991
231
1314
1000
-197
-843
-394
276
120
-694
-1245
-1156
-925
-950
-1127
-1281
-1426
-1536
-1444
-1141
-941
-1087
-1315
-1177
-651
-234
-256
-397
-179
343
761
901
872
1012
1357
1668
1746
1752
1925
2126
2246
2254
2321
2303
2012
1736
1886
2054
1318
311
389
1310
1278
-171
-1409
-1125
84
388
-1055
-2735
-2463
-536
300
-1116
-2715
-2268
-405
662
-20
-1428
-1618
-150
1220
802
-557
-919
21
1003
863
-163
-900
-618
62
-35
-816
-1312
-1166
-1089
-1212
-1214
-1161
-1351
-1679
-1683
-1174
-644
-762
-1384
-1475
-611
307
149
-607
-586
460
1383
1267
628
586
1456
2247
2080
1407
1386
2115
2622
2358
1858
1791
2031
1992
1671
1526
1347
698
259
710
1204
517
-832
-1336
-514
395
-60
-1659
-2547
-1470
171
114
-1555
-2471
-1409
283
663
-510
-1702
-1262
359
1086
74
-1108
-962
140
761
178
-884
-1254
-622
-54
-419
-1295
-1539
-1097
-760
-942
-1320
-1391
-1149
-919
-928
-992
-890
-621
-410
-423
-387
-134
206
367
444
564
762
1031
1276
1384
1301
1335
1547
1821
1889
1814
1714
1794
1987
1856
1449
1322
1597
1292
447
316
1062
1262
182
-956
-875
220
745
-368
-2062
-2172
-428
698
-455
-2276
-2288
-568
751
242
-1394
-2000
-660
927
673
-906
-1563
-595
595
549
-518
-1335
-959
-87
-58
-895
-1377
-1082
-760
-833
-1021
-988
-905
-1008
-1089
-840
-395
-306
-703
-896
-321
398
331
-272
-391
365
1134
1065
445
359
1124
1769
1500
921
1043
1700
2054
1807
1450
1520
1739
1672
1489
1466
1142
596
621
1242
1277
282
-689
-559
344
685
-329
-1797
-1895
-421
467
-603
-2167
-2118
-663
372
-98
-1391
-1833
-729
591
412
-837
-1326
-506
454
452
-381
-1013
-791
-105
52
-546
-1199
-1119
-601
-387
-692
-1100
-1160
-833
-504
-530
-762
-850
-633
-276
-110
-225
-357
-212
172
509
556
405
461
863
1265
1266
1019
1058
1464
1775
1713
1571
1626
1612
1505
1584
1693
1180
526
744
1438
1320
240
-594
-368
444
657
-415
-1746
-1686
-284
333
-798
-2083
-1891
-620
178
-268
-1395
-1704
-648
498
295
-768
-1138
-457
388
453
-252
-897
-744
-96
117
-399
-1027
-1072
-683
-366
-475
-909
-1206
-977
-454
-301
-653
-1014
-836
-290
6
-206
-535
-414
166
611
513
246
354
842
1253
1302
1069
1028
1347
1767
1869
1702
1539
1410
1478
1818
1857
1016
340
874
1683
1262
-73
-771
-222
675
533
-893
-2048
-1413
114
165
-1390
-2383
-1613
-221
168
-770
-1841
-1551
-101
681
-88
-1107
-936
76
691
282
-574
-869
-292
287
31
-718
-994
-604
-323
-477
-781
-887
-780
-657
-687
-746
-629
-499
-556
-662
-490
-104
61
-105
-200
101
586
781
674
600
845
1211
1493
1509
1405
1468
1736
1852
1619
1458
1702
1695
1007
601
1167
1613
924
-236
-597
64
747
315
-1152
-2032
-1170
219
25
-1560
-2432
-1611
-202
202
-765
-1882
-1582
-71
786
71
-1010
-994
30
848
589
-379
-888
-351
380
305
-494
-1028
-851
-390
-227
-578
-1114
-1232
-792
-426
-633
-1041
-1077
-665
-322
-316
-513
-489
-124
288
372
226
317
698
1068
1138
1083
1172
1480
1741
1803
1646
1466
1564
1924
1765
945
581
1263
1749
973
-281
-552
240
907
336
-1170
-1919
-904
428
28
-1660
-2381
-1333
38
139
-1013
-1972
-1402
143
750
-194
-1202
-878
289
952
447
-533
-759
35
727
349
-532
-825
-403
-12
-118
-642
-1043
-970
-652
-564
-768
-989
-981
-764
-540
-442
-470
-461
-299
-23
168
301
430
590
786
1006
1187
1294
1417
1623
1688
1502
1442
1809
1923
1249
669
1044
1647
1309
267
-360
-23
675
595
-591
-1645
-1202
-34
8
-1161
-1987
-1591
-606
-155
-740
-1628
-1575
-506
252
-126
-829
-832
-151
475
433
-161
-444
-36
431
363
-30
-281
-276
-163
-109
-252
-564
-765
-702
-553
-563
-708
-854
-847
-645
-432
-382
-438
-344
-91
164
328
423
539
697
915
1046
1165
1348
1483
1322
1202
1541
1803
1241
589
889
1536
1260
294
-259
74
695
678
-323
-1325
-1033
71
220
-911
-1771
-1400
-486
-76
-555
-1380
-1479
-596
179
-111
-829
-917
-313
242
259
-130
-397
-227
178
360
126
-230
-282
-41
135
-25
-370
-534
-363
-168
-269
-540
-654
-465
-269
-311
-509
-460
-127
159
151
46
231
618
912
817
673
889
1326
1349
1014
1007
1233
1059
722
881
1164
841
183
-100
170
550
413
-465
-1218
-804
175
174
-907
-1578
-1075
-128
164
-496
-1362
-1276
-213
380
-226
-1022
-941
-224
253
80
-487
-760
-379
196
207
-271
-564
-383
-44
115
-78
-450
-465
-22
263
-25
-405
-356
58
292
124
-220
-181
321
709
537
132
212
729
1118
994
708
623
849
1183
1338
917
237
195
951
1329
567
-505
-666
113
736
237
-1041
-1666
-801
361
124
-1183
-1819
-1078
44
315
-510
-1359
-1092
42
595
9
-749
-757
-141
402
335
-325
-775
-386
215
176
-366
-649
-465
-148
-53
-275
-480
-318
18
19
-194
-142
180
334
203
107
273
626
839
669
445
624
1093
1221
967
747
731
912
1215
1128
399
-55
493
1160
768
-311
-788
-304
408
325
-751
-1723
-1321
-116
85
-997
-1862
-1493
-461
87
-393
-1283
-1357
-399
400
167
-518
-711
-267
340
546
92
-480
-372
207
437
84
-316
-377
-112
141
51
-292
-376
-58
167
23
-118
42
350
457
351
270
523
904
984
735
652
931
1247
1253
876
569
748
1085
837
235
146
511
517
-50
-539
-545
-221
-111
-607
-1299
-1256
-544
-272
-823
-1369
-1259
-701
-261
-379
-919
-1120
-571
28
-38
-489
-672
-433
2
146
-264
-656
-439
11
-15
-351
-434
-195
10
12
-119
-127
140
417
377
225
376
731
932
841
730
830
1153
1317
1220
1038
1089
1321
1364
1084
845
948
915
468
106
303
529
92
-667
-984
-591
-191
-452
-1370
-1867
-1304
-447
-529
-1399
-1832
-1316
-426
-100
-606
-1268
-1057
-117
391
-22
-623
-663
-113
427
313
-371
-736
-325
164
24
-510
-785
-575
-179
-102
-416
-611
-303
148
234
83
131
491
861
1020
1021
1090
1374
1683
1742
1610
1610
1744
1764
1612
1480
1315
983
723
818
917
492
-233
-602
-414
-161
-380
-1170
-1783
-1574
-869
-737
-1405
-2038
-1897
-1151
-593
-803
-1500
-1653
-919
-140
-174
-714
-991
-651
-24
250
-111
-601
-561
-104
175
38
-282
-482
-347
21
210
20
-235
-162
170
482
553
461
448
693
1036
1219
1207
1167
1236
1381
1509
1512
1483
1323
1060
937
1159
1343
995
318
-19
265
616
407
-427
-1073
-896
-247
-155
-864
-1552
-1485
-803
-344
-620
-1322
-1543
-984
-339
-404
-981
-1336
-1100
-536
-290
-671
-1238
-1199
-645
-257
-494
-996
-1129
-668
-96
-79
-507
-654
-102
525
655
374
287
693
1256
1445
1168
1022
1287
1714
1767
1406
1074
1228
1551
1336
671
372
713
950
512
-252
-539
-161
274
-30
-853
-1219
-654
-13
-80
-759
-1105
-689
49
247
-233
-650
-498
76
331
48
-398
-515
-268
56
-41
-505
-841
-695
-489
-530
-829
-1055
-1044
-816
-659
-770
-842
-680
-366
-200
-90
26
234
481
709
815
889
1072
1218
1215
1233
1363
1284
970
876
1083
1094
656
155
-20
180
333
-6
-716
-1065
-706
-292
-469
-1055
-1361
-1071
-469
-212
-556
-945
-779
-200
174
80
-243
-294
79
464
477
222
148
263
326
253
187
194
187
93
-46
-51
125
256
115
-166
-142
207
504
393
121
59
296
574
563
335
146
257
355
265
91
83
81
-104
-366
-499
-377
-263
-428
-844
-1022
-759
-429
-439
-771
-994
-809
-341
-153
-406
-658
-523
-202
-52
-73
-97
-38
26
48
103
267
398
247
-29
-8
383
688
537
158
99
562
1060
1062
666
511
824
1298
1434
1166
853
931
1262
1326
1113
896
725
479
392
491
417
-41
-583
-803
-674
-498
-769
-1447
-1913
-1694
-1241
-1275
-1766
-2149
-1989
-1478
-1121
-1287
-1631
-1570
-1045
-597
-576
-740
-692
-325
73
232
153
134
349
632
747
698
699
812
982
1084
1112
1077
1104
1234
1370
1379
1305
1271
1274
1335
1354
1221
968
907
967
840
520
360
437
390
134
-195
-307
-254
-201
-460
-867
-1001
-805
-682
-909
-1185
-1268
-1121
-1011
-1043
-1191
-1261
-1215
-1134
-1095
-1083
-1056
-1051
-1054
-988
-828
-703
-684
-707
-624
-419
-190
-66
-12
105
376
675
854
990
1178
1400
1561
1684
1762
1845
1929
1891
1713
1641
1683
1508
1111
865
899
836
478
-6
-322
-282
-165
-429
-1064
-1382
-1142
-849
-1002
-1427
-1660
-1494
-1080
-872
-1074
-1379
-1255
-784
-441
-486
-729
-783
-452
-5
58
-259
-457
-261
93
218
-4
-261
-138
297
543
400
262
461
832
1052
1018
893
972
1247
1367
1164
1033
1149
1170
926
726
758
780
577
209
-67
-66
66
-77
-558
-914
-844
-614
-634
-927
-1257
-1312
-1045
-813
-966
-1213
-1157
-878
-708
-713
-770
-704
-454
-257
-319
-432
-297
3
123
30
-85
10
292
551
517
366
443
762
1007
1056
1006
978
1091
1281
1309
1147
1082
1105
1014
822
788
795
680
438
177
0
-17
24
-200
-582
-811
-790
-759
-845
-1101
-1348
-1343
-1188
-1220
-1367
-1339
-1182
-1089
-1119
-1151
-1046
-729
-450
-500
-709
-591
-149
218
247
33
-45
306
833
975
738
632
886
1239
1410
1331
1159
1180
1419
1499
1251
1035
1042
1034
784
508
388
400
351
70
-306
-449
-276
-222
-489
-823
-875
-721
-591
-615
-765
-875
-812
-625
-529
-557
-589
-587
-579
-508
-383
-326
-408
-491
-499
-429
-370
-371
-474
-551
-494
-347
-283
-295
-252
-120
47
196
330
418
553
728
880
945
1007
1078
1142
1150
1110
1044
1005
989
928
791
600
444
341
254
87
-140
-342
-490
-556
-593
-693
-857
-935
-885
-810
-768
-790
-823
-744
-517
-333
-346
-375
-265
-63
84
143
103
45
130
266
308
201
78
60
168
203
74
-14
28
80
58
15
5
23
64
98
84
57
115
199
238
268
289
316
357
419
430
383
317
293
275
217
115
2
-53
-96
-171
-298
-368
-366
-377
-424
-477
-492
-461
-410
-384
-374
-332
-208
-121
-145
-141
1
105
41
-12
54
112
89
80
67
52
54
116
110
42
-6
4
18
42
36
-18
-12
77
125
97
106
185
241
263
285
308
346
407
431
394
347
351
356
335
287
170
46
18
31
-60
-196
-310
-362
-367
-396
-439
-498
-549
-561
-515
-469
-435
-416
-435
-411
-313
-172
-129
-140
-121
-38
74
193
229
178
165
239
330
370
313
204
167
233
292
244
123
55
94
149
136
75
54
94
115
94
80
105
153
169
122
94
142
207
185
104
66
86
90
65
38
1
-39
-49
-67
-102
-120
-149
-224
-275
-255
-250
-307
-386
-391
-346
-338
-370
-385
-351
-285
-226
-224
-239
-166
-45
-7
-59
-30
103
242
271
194
186
328
477
469
363
296
365
485
462
287
171
202
265
221
65
-78
-72
-7
-32
-187
-312
-294
-211
-208
-295
-360
-328
-215
-158
-203
-263
-210
-74
12
-25
-80
-37
105
211
150
31
34
162
273
248
107
24
134
284
267
116
-1
29
148
214
119
-6
-23
53
106
93
29
-55
-75
-15
43
-9
-119
-190
-174
-109
-97
-185
-285
-305
-232
-162
-181
-272
-304
-227
-137
-109
-132
-143
-132
-64
19
53
15
-8
56
137
154
111
95
113
149
170
151
109
114
156
169
155
153
171
199
226
246
246
241
264
305
320
295
267
274
287
271
216
152
101
64
37
-21
-124
-236
-301
-319
-354
-452
-562
-614
-617
-612
-609
-623
-650
-654
-588
-475
-393
-388
-383
-287
-119
20
68
70
113
252
409
474
428
389
449
567
631
577
462
411
487
562
498
342
242
259
308
288
180
71
37
68
82
30
-53
-99
-106
-91
-87
-117
-170
-203
-208
-195
-190
-210
-252
-290
-296
-275
-263
-290
-333
-346
-322
-295
-288
-300
-308
-293
-258
-225
-212
-204
-177
-131
-93
-60
-22
34
83
115
146
212
288
333
352
376
426
490
534
535
516
509
530
547
518
448
374
331
310
255
157
49
-34
-101
-164
-242
-339
-421
-477
-525
-571
-603
-617
-630
-622
-598
-568
-516
-437
-361
-293
-214
-120
-16
81
152
200
248
310
379
418
415
390
392
412
411
371
299
234
205
201
174
111
37
-3
14
44
28
-27
-48
-6
57
78
44
8
30
80
100
59
-9
-45
-27
-8
-64
-177
-256
-253
-244
-302
-418
-507
-519
-474
-457
-524
-595
-566
-442
-334
-310
-336
-295
-146
31
120
121
143
256
429
550
561
531
563
662
746
737
651
591
595
620
583
472
357
306
281
228
134
27
-50
-90
-128
-200
-284
-338
-356
-370
-394
-434
-457
-452
-428
-420
-432
-450
-440
-407
-379
-367
-375
-372
-341
-293
-251
-232
-237
-221
-163
-88
-45
-43
-39
12
103
181
212
215
245
317
410
465
467
453
488
562
615
600
557
543
557
562
528
457
379
326
296
245
155
54
-23
-70
-129
-215
-299
-360
-409
-455
-504
-558
-591
-603
-609
-616
-625
-616
-588
-545
-506
-475
-434
-364
-283
-217
-161
-105
-32
48
117
170
206
241
295
357
394
397
394
411
443
460
438
405
379
382
396
384
336
286
261
261
254
216
149
94
87
101
83
24
-36
-62
-54
-55
-98
-170
-218
-224
-211
-232
-298
-364
-379
-359
-360
-403
-456
-472
-441
-401
-399
-421
-415
-361
-284
-224
-201
-177
-105
-3
75
115
145
204
288
364
396
397
415
465
511
510
472
442
443
446
414
347
282
244
222
186
116
40
-9
-36
-68
-113
-163
-203
-227
-232
-231
-239
-257
-269
-262
-240
-222
-226
-242
-247
-224
-186
-169
-186
-202
-181
-129
-95
-100
-118
-103
-46
4
9
-11
-3
48
105
123
110
107
149
208
225
198
171
188
231
243
197
143
137
168
175
126
59
36
59
65
22
-43
-76
-64
-46
-63
-110
-136
-120
-91
-88
-112
-130
-119
-97
-89
-99
-108
-105
-92
-89
-93
-88
-71
-63
-68
-63
-35
-4
8
4
16
47
81
100
103
108
127
160
179
173
164
172
189
188
163
140
138
136
106
63
32
26
25
-6
-66
-109
-107
-87
-100
-159
-209
-198
-144
-120
-156
-199
-187
-117
-61
-68
-113
-123
-64
7
19
-30
-65
-35
35
67
23
-31
-23
34
66
37
-11
-17
23
57
48
15
3
27
59
61
35
23
52
82
74
50
46
76
100
84
47
44
72
90
74
38
20
35
61
55
17
-6
4
28
26
-4
-32
-34
-28
-34
-62
-94
-116
-124
-128
-141
-158
-163
-163
-162
-155
-140
-129
-117
-103
-80
-42
-8
10
23
45
84
123
134
125
127
152
181
185
156
127
130
150
140
99
50
36
52
51
14
-34
-48
-25
-2
-15
-48
-54
-16
22
25
11
14
49
90
100
77
66
79
95
86
44
6
-8
-15
-41
-84
-131
-163
-178
-197
-227
-263
-287
-285
-276
-271
-275
-262
-236
-200
-163
-130
-100
-64
-13
38
87
119
152
194
238
264
280
293
302
309
305
293
275
257
236
208
176
150
123
91
54
37
22
-2
-37
-61
-68
-71
-80
-103
-126
-132
-108
-87
-108
-148
-147
-102
-73
-98
-146
-156
-118
-83
-94
-141
-169
-148
-96
-85
-129
-172
-160
-115
-88
-107
-141
-143
-99
-52
-37
-48
-42
4
62
102
116
128
151
200
247
271
272
277
303
333
346
333
312
301
301
292
257
214
176
147
116
69
13
-42
-83
-123
-169
-224
-267
-299
-317
-335
-365
-393
-395
-372
-353
-349
-345
-322
-273
-218
-180
-157
-135
-92
-34
11
31
40
59
91
127
146
146
145
157
171
182
188
181
179
188
201
210
216
224
223
228
240
252
246
234
221
208
201
194
182
157
120
84
65
43
-2
-60
-111
-148
-175
-205
-244
-297
-330
-329
-329
-356
-382
-382
-363
-340
-325
-312
-297
-269
-222
-179
-150
-122
-88
-52
-12
26
48
62
92
126
147
164
183
211
231
246
254
261
272
278
277
271
274
278
279
271
261
257
242
218
198
183
151
108
61
31
4
-32
-87
-148
-193
-213
-232
-280
-339
-376
-369
-352
-354
-381
-396
-367
-298
-255
-252
-242
-182
-103
-42
-8
17
54
104
160
193
198
195
209
233
249
238
208
181
169
173
156
112
71
58
59
56
29
-8
-15
1
7
-7
-16
-14
3
17
21
14
5
12
18
17
-2
-29
-48
-45
-41
-62
-106
-140
-137
-118
-115
-148
-183
-170
-120
-87
-92
-106
-87
-26
33
52
60
78
118
170
216
234
234
243
268
299
307
286
256
234
227
217
180
119
69
35
8
-27
-86
-161
-212
-233
-253
-299
-343
-368
-373
-378
-381
-388
-386
-367
-340
-317
-290
-253
-216
-167
-116
-74
-39
22
89
132
154
190
229
269
295
300
303
311
322
329
317
300
284
270
264
254
233
205
186
175
169
139
105
76
60
47
30
-1
-43
-65
-71
-69
-88
-130
-168
-180
-175
-182
-228
-283
-303
-287
-287
-313
-352
-363
-341
-313
-315
-338
-329
-287
-237
-206
-188
-160
-93
-21
34
68
104
173
245
283
304
337
380
415
433
426
423
436
444
418
374
347
325
292
228
167
121
83
28
-35
-92
-125
-149
-182
-227
-266
-275
-278
-286
-305
-318
-313
-293
-283
-273
-252
-232
-217
-188
-164
-141
-124
-102
-74
-53
-29
2
32
57
78
89
118
142
160
166
168
180
206
214
195
184
199
219
219
188
164
166
175
172
143
102
84
88
83
65
25
-18
-38
-32
-32
-80
-136
-166
-157
-154
-168
-208
-245
-248
-228
-214
-221
-242
-253
-232
-190
-147
-136
-143
-123
-66
0
46
60
55
85
159
219
211
189
214
231
251
283
258
153
172
243
194
99
104
91
36
25
29
-20
-81
-74
-81
-102
-122
-121
-153
-158
-132
-129
-157
-165
-143
-150
-165
-151
-156
-171
-169
-148
-158
-158
-143
-128
-123
-109
-87
-69
-43
-26
4
34
79
111
141
171
211
247
272
281
288
305
318
319
293
284
284
270
224
194
168
155
127
68
18
-4
-3
-20
-66
-122
-136
-125
-121
-151
-198
-221
-197
-175
-191
-226
-248
-224
-201
-197
-225
-244
-239
-196
-177
-194
-218
-208
-156
-121
-121
-145
-123
-58
13
23
13
37
117
189
215
217
220
266
333
366
334
318
334
361
352
320
279
253
231
200
149
98
66
20
-18
-53
-70
-99
-126
-156
-176
-188
-188
-186
-197
-205
-206
-188
-172
-166
-172
-176
-170
-153
-135
-144
-161
-161
-130
-109
-118
-144
-140
-104
-74
-59
-67
-53
-16
34
61
75
86
118
159
189
200
211
223
234
242
243
245
231
214
199
193
174
145
109
74
35
7
0
-24
-73
-114
-121
-119
-125
-159
-203
-217
-193
-173
-193
-231
-238
-207
-168
-165
-178
-179
-151
-103
-74
-78
-89
-63
-14
24
33
36
59
101
142
153
153
164
201
230
230
222
236
252
257
251
231
214
214
219
185
144
122
119
100
67
28
-3
-21
-31
-52
-86
-105
-116
-132
-157
-178
-188
-197
-207
-222
-232
-234
-236
-238
-238
-250
-251
-235
-223
-207
-198
-193
-175
-143
-107
-88
-77
-52
-4
30
56
83
119
151
190
222
251
274
293
319
342
352
348
339
336
340
324
289
241
209
179
145
90
34
-23
-61
-82
-126
-180
-233
-252
-255
-267
-310
-355
-361
-329
-311
-320
-343
-329
-277
-215
-199
-204
-171
-101
-37
-18
-10
10
65
99
121
114
136
165
202
217
203
213
245
255
243
232
211
197
168
149
151
141
128
105
100
100
95
57
8
-26
-40
-39
-56
-86
-108
-83
-66
-75
-109
-123
-118
-100
-121
-142
-145
-111
-112
-145
-178
-181
-137
-134
-142
-156
-131
-96
-71
-87
-91
-81
-46
-28
-18
12
30
106
151
184
188
215
261
291
287
269
272
266
268
255
221
180
187
148
112
70
17
-12
-43
-88
-130
-160
-194
-195
-226
-256
-279
-316
-311
-297
-293
-292
-247
-193
-163
-121
-136
-107
-57
-4
17
37
73
120
132
129
131
133
172
190
210
215
221
203
197
162
160
159
141
117
93
87
68
46
8
-1
-40
-46
-44
-51
-66
-65
-77
-102
-122
-119
-130
-120
-110
-115
-103
-66
-45
-61
-82
-109
-102
-98
-102
-130
-131
-126
-107
-97
-94
-113
-127
-89
-56
-39
-37
-38
-47
-16
-20
-38
-26
8
95
136
170
199
255
289
303
296
297
316
307
287
281
278
250
225
184
145
119
82
37
-7
-29
-76
-126
-154
-176
-240
-281
-297
-285
-298
-305
-306
-275
-235
-219
-186
-173
-128
-87
-51
-28
-11
4
29
48
42
50
52
61
65
77
50
36
51
56
104
98
91
80
72
61
58
29
24
27
42
63
70
64
76
112
122
89
68
79
74
58
21
-5
-6
25
17
-3
-7
29
38
39
4
-7
-4
-21
-14
-48
-44
-19
-29
-65
-65
-119
-142
-167
-190
-240
-217
-183
-132
-101
-111
-103
-103
-70
-62
-23
-64
7
43
94
124
132
121
157
182
180
165
105
149
144
123
90
105
111
120
113
31
8
0
-54
-100
-76
-105
-79
-47
-67
-70
-44
22
50
36
-48
-24
-17
-12
-23
-32
-2
123
103
36
64
-25
-49
-491
-1143
-988
-349
-817
-1094
353
1556
1324
502
110
335
344
-60
-496
-488
-48
489
55
-9
552
486
-6
7
27
-225
-46
-141
-30
211
-119
-615
-543
110
-667
-900
428
1829
1227
575
787
982
446
-712
-911
-420
-176
-881
-877
-164
141
267
-9
-289
-167
-184
-442
-868
-419
154
454
183
152
282
169
-145
-111
227
128
-37
-72
-29
21
11
-111
-102
358
455
105
66
68
286
229
-8
-31
56
11
-101
-16
190
281
321
498
298
-76
87
-90
-341
-304
314
-121
-379
161
499
-60
-528
-69
246
-58
-771
67
-103
-680
-215
533
-415
-743
461
-31
-704
-280
203
104
-268
-363
559
175
-419
-75
292
-209
198
40
-94
356
26
-75
-31
239
232
-313
47
616
81
-21
57
538
375
73
-139
130
-52
-12
209
-392
122
199
-117
-245
17
260
-93
-124
107
124
-264
-33
-44
-215
-198
-113
-100
37
-314
-608
-129
250
-143
-491
-156
457
239
-470
-292
522
45
-636
150
393
83
-23
292
337
489
201
-44
296
155
57
115
121
9
339
50
-143
-40
160
-23
-87
61
-219
195
260
-262
-249
182
225
-285
-171
11
64
-472
-25
-30
142
11
-208
119
-25
-100
-195
-235
-87
36
-214
-140
156
1
-191
23
-55
4
67
-169
-162
251
72
16
66
-393
159
231
-37
-75
3
136
238
201
187
250
-34
147
240
-142
-42
178
-74
53
100
291
-43
-304
-147
80
24
-405
-33
103
-23
-267
-98
-154
-3
-249
-385
-19
-6
-99
-259
-35
289
49
-275
-24
261
185
-101
-130
165
395
84
-157
98
223
163
-123
60
274
60
61
191
122
13
-133
16
99
-226
167
198
157
35
-65
-203
149
-170
-232
48
-136
-91
-150
-99
-120
-161
-44
46
-232
-323
-155
-140
-66
45
28
-91
-51
127
125
14
20
53
-41
180
184
-26
-38
153
511
-79
-237
127
265
38
-106
-160
320
407
-249
-48
159
230
155
65
-63
102
112
-231
-81
255
48
-89
62
94
-83
16
35
-76
-144
-242
4
-64
-118
-102
-76
1
58
-58
-335
-244
-114
35
-254
-304
118
-44
-410
-100
23
-94
177
126
-87
218
271
-10
105
321
99
93
144
334
246
-151
57
401
-71
-299
84
114
-125
-205
166
11
-165
49
6
-238
-5
112
-186
-243
-139
41
15
-301
-188
145
-116
-164
233
101
-44
302
158
-358
-133
296
131
-222
-52
28
-19
-110
-93
119
234
151
89
-90
-53
167
-49
-137
110
-72
-221
-205
29
136
-20
27
34
30
299
222
-35
122
90
67
103
-25
-54
89
16
112
70
-91
60
138
34
-241
-333
-140
-112
-294
-318
-278
-154
-88
-216
-151
34
139
132
101
32
156
217
41
-77
241
392
26
-82
181
175
28
-29
110
277
138
33
55
-3
3
28
-122
-179
-110
-116
-109
-50
-6
-23
-22
7
-19
-104
-98
14
15
-109
-88
79
23
-6
121
169
-37
25
90
-13
2
69
140
15
-30
-84
-93
-286
-121
62
-162
-153
42
7
-144
-67
137
138
-64
-44
31
-14
77
96
65
14
-39
-27
-98
-90
12
92
154
184
-20
-135
-114
-59
-61
7
23
-88
-63
53
115
69
87
161
69
-82
-125
-157
-53
70
65
70
120
86
11
-23
56
145
46
-57
49
61
-116
-111
40
86
-6
-127
-154
56
80
-76
-90
-36
24
14
-80
-95
47
-12
-31
124
50
-44
-3
10
-28
-44
-46
-84
-72
-16
-7
-108
-208
-31
67
21
80
98
-75
-69
31
-5
50
154
247
161
80
70
70
-3
106
171
-27
-150
-56
-9
-6
6
-78
-52
-70
-154
-156
-47
-68
-3
23
-27
10
5
-18
48
102
63
87
18
32
67
70
26
58
79
-10
-102
-65
8
-9
-39
-93
-119
-187
-237
-87
22
6
61
148
57
-57
-19
53
34
78
187
168
71
7
9
28
19
25
-29
-103
-42
-24
-57
-70
53
86
4
-73
-8
12
25
11
-22
56
58
70
0
-76
-56
42
121
18
3
20
20
77
32
-39
-57
-18
13
-73
-103
35
52
-8
86
69
-62
-61
-37
-18
-25
-76
-63
-24
-109
-134
-71
-103
-147
-114
-132
-102
-93
-154
-59
71
79
-9
30
79
83
108
117
125
161
119
83
70
-20
-17
61
8
0
20
-49
-43
-9
-28
4
42
49
63
-37
-54
-9
-20
81
156
139
71
62
80
33
-10
28
43
5
-8
-50
-41
-55
-43
-15
-51
-76
-101
-78
-66
-103
-141
-53
-28
-84
-84
-93
-78
-9
44
-17
-14
-8
-14
58
147
81
68
120
86
32
34
60
88
97
53
46
-25
8
49
52
14
24
-10
1
-44
-75
-13
9
-2
2
20
0
18
-24
-55
-91
-55
-10
-29
-89
-118
-56
-43
-31
1
-11
-26
-23
-26
-33
-31
-33
37
51
50
63
11
19
60
76
43
22
24
9
27
54
48
0
27
71
22
-17
-31
-5
2
-10
-34
-26
-41
-14
52
11
-3
-19
-16
-18
-9
-47
-48
-6
6
-10
-37
-74
-35
27
-9
-35
4
-10
-28
13
-44
-54
-18
-7
-16
-28
-29
-11
-2
-13
-3
-40
-5
34
-2
-11
31
61
56
55
54
66
73
49
40
52
76
92
55
17
41
62
33
39
7
3
22
22
-4
-9
0
-13
-30
-44
-55
-57
-29
-53
-49
-54
-74
-54
-7
-22
-52
-56
-40
-7
-10
-33
-22
4
4
12
-3
-10
-5
8
15
22
20
28
28
23
16
7
-8
-8
0
-7
-7
12
10
-15
-11
1
16
29
