-26
-30
-44
-55
-48
-18
6
22
33
41
57
70
67
57
61
68
90
102
88
69
54
32
8
-6
-4
26
65
84
81
67
43
-1
-31
-43
-38
-28
-27
-18
-16
-20
-12
-4
0
1
-16
-24
-32
-39
-47
-49
-35
-30
-43
-56
-49
-45
-48
-53
-62
-64
-49
-43
-35
-15
4
8
11
20
16
9
-2
-21
-39
-57
-70
-87
-98
-70
-17
47
99
135
134
119
93
38
-7
-36
-57
-75
-81
-82
-69
-46
-36
-48
-46
-30
-31
-6
25
69
113
129
131
131
132
102
75
33
-11
-49
-66
-60
-72
-66
-59
-36
-22
-17
-8
-1
2
-3
-2
2
16
15
14
14
15
7
0
-8
-23
-27
-28
9
45
70
64
58
44
18
1
-38
-84
-102
-88
-50
5
32
23
-3
-12
0
-21
-45
-43
-34
-34
-26
-24
-33
-19
13
47
68
118
191
236
273
282
262
245
213
182
133
146
243
313
297
243
160
81
51
56
71
96
184
227
248
260
274
231
158
-86
-831
-1661
-1609
-792
90
747
1260
1519
1407
764
-326
-1378
-2131
-2688
-3633
-4491
-4315
-2382
-22
1217
307
-478
705
2587
2638
682
-1106
-853
674
1404
250
-984
-108
2010
2689
1642
809
761
1881
1840
-139
-2197
-605
2517
3055
610
-823
575
2305
2040
-421
-1419
247
1844
727
-868
-639
648
662
-933
-2073
-1535
-48
365
-430
-975
-609
-639
-1254
-1484
-1109
-712
-653
-804
-838
-679
-877
-1363
-1492
-972
-709
-1007
-944
-214
348
169
-307
-483
-14
457
585
926
1456
1830
2090
2012
1653
1622
1761
1757
1861
1918
1555
1367
1313
882
274
-71
29
296
130
-479
-797
-756
-1015
-1800
-2527
-2691
-2443
-2294
-2361
-2459
-2432
-2366
-2367
-2415
-2370
-2191
-1611
-843
-347
-131
145
394
750
1080
1070
1112
1599
2298
2555
2588
2721
3235
3390
3566
3431
3052
2245
1911
1754
1456
1065
870
1324
1497
1329
811
522
-75
-605
-1313
-1915
-2187
-2225
-2526
-3158
-3113
-3039
-3147
-3451
-3344
-3407
-3194
-2641
-2063
-1896
-1758
-1436
-1100
-573
-257
-209
-202
252
399
211
-29
125
245
643
1316
1876
2333
2932
3595
3963
4596
4752
4133
2971
2685
2623
2168
1580
1549
2007
2063
1949
1354
928
324
-227
-1204
-1990
-2250
-2317
-2513
-2943
-3061
-3396
-3482
-3443
-3248
-3485
-3485
-3072
-2605
-2404
-2452
-2443
-2365
-2014
-1701
-1334
-819
-245
12
0
96
207
270
488
940
1367
1801
2565
3432
4522
5177
5554
5613
5428
4529
3545
2980
2238
1481
1064
1721
2044
2075
1913
1786
938
-235
-1301
-2377
-2985
-3362
-3450
-3761
-3374
-3086
-2915
-3336
-3659
-4043
-4058
-3692
-3637
-3642
-3384
-2455
-2147
-1806
-1614
-1079
-742
-318
-233
-246
95
414
649
671
1006
1202
1714
2498
3528
4290
4863
5441
5958
6421
5920
4619
3397
2958
2104
1007
810
1667
2085
1884
1865
1754
995
-250
-1607
-2993
-3774
-4098
-4338
-4325
-3609
-2995
-2944
-3088
-3307
-3879
-4378
-4218
-4027
-4086
-3811
-2877
-2125
-1679
-1363
-996
-610
-348
-444
-620
-163
462
881
1184
1786
2203
2432
2909
3755
4565
5162
5583
6210
6847
6495
5015
3927
3370
2265
599
93
641
997
1140
1525
1775
1232
413
-912
-2332
-3563
-4368
-5079
-5156
-4393
-3639
-3193
-2869
-2603
-3075
-3549
-3908
-4401
-5010
-4776
-3874
-2945
-1986
-1154
-378
210
591
257
-167
-180
113
289
694
1518
2258
2957
3634
4331
4809
5272
5318
5505
5643
5233
3974
3419
3278
2418
956
665
1220
1269
1248
1449
1513
821
267
-745
-1832
-2901
-3641
-4517
-4732
-4137
-3718
-3466
-3069
-2627
-3011
-3136
-3277
-3780
-4574
-4400
-3821
-3331
-2721
-1845
-919
-39
698
652
486
539
562
246
520
1091
1563
2083
3119
3997
4651
5257
5598
5838
5951
5361
3970
3405
3044
1855
276
420
1080
1145
1097
1614
1785
1212
644
-458
-1692
-2924
-3889
-5017
-5095
-4408
-3919
-3656
-2987
-2434
-2666
-2819
-3088
-3831
-4521
-4396
-4078
-3671
-2762
-1607
-459
642
1384
1368
1287
1296
861
211
142
531
1009
1778
2811
3777
4659
5531
5879
5982
5922
5168
3641
2840
2479
1425
127
161
827
932
1089
1673
2012
1381
598
-529
-1641
-2801
-3852
-4947
-5208
-4660
-4186
-3596
-2814
-2200
-2436
-2485
-2498
-2950
-3939
-4271
-4047
-3533
-2806
-1907
-871
271
1306
1581
1576
1458
1141
488
238
303
458
974
1969
3024
3801
4714
5416
5841
6014
5759
4527
3343
2818
1933
479
-349
-9
87
235
770
1496
1379
1058
560
-393
-1737
-3042
-4129
-4940
-4959
-4670
-4024
-3140
-2177
-1870
-1700
-1549
-1956
-2934
-3587
-3747
-3840
-3429
-2474
-1276
-214
960
1725
1976
1854
1382
548
-63
-242
-401
-243
610
1824
2912
4075
5053
5562
5962
6082
5188
3627
2630
1909
620
-630
-846
-364
5
576
1265
1808
1832
1690
931
-401
-2000
-3349
-4345
-4937
-4925
-4508
-3567
-2616
-1807
-1330
-809
-827
-1683
-2791
-3380
-3607
-3828
-3543
-2684
-1461
-256
971
1848
2349
2320
1813
1017
328
-196
-645
-630
-22
971
2218
3672
4923
5678
6370
6626
5859
4286
3095
1811
75
-1397
-1712
-1389
-1069
-247
880
1865
2138
2167
1416
58
-1720
-3331
-4730
-5526
-5642
-5228
-4219
-2969
-1774
-923
-106
4
-769
-1785
-2395
-3085
-3692
-3644
-2931
-2008
-767
656
1839
2556
2815
2526
1880
1153
167
-785
-1079
-585
174
1319
2768
4229
5343
6361
6801
6155
4747
3385
1962
142
-1436
-2079
-1856
-1542
-808
379
1755
2406
2476
1912
856
-660
-2244
-3721
-4924
-5485
-5385
-4616
-3557
-2362
-1391
-424
133
-43
-785
-1421
-2178
-3166
-3808
-3678
-3119
-2369
-1151
191
1233
1855
2280
2347
2061
1286
273
-387
-425
-209
232
1289
2677
4005
5223
6453
6812
6150
5106
4061
2314
251
-1215
-1711
-1934
-1802
-936
371
1305
1802
2102
1989
1169
-249
-1844
-3212
-4268
-5038
-5393
-5024
-4194
-3311
-2250
-1176
-600
-511
-416
-730
-1657
-2505
-2742
-2904
-3003
-2596
-1739
-874
76
1020
1626
1892
1890
1654
1326
1050
667
532
983
1718
2342
3204
4467
5389
5493
5158
4793
4022
2641
1092
43
-616
-1253
-1462
-957
-345
-50
518
1296
1471
874
242
-372
-1364
-2505
-3353
-3864
-4224
-4322
-4021
-3281
-2500
-2026
-1529
-898
-671
-968
-1139
-1178
-1519
-1952
-1963
-1712
-1474
-1098
-550
-11
444
781
1030
1291
1448
1386
1360
1636
2016
2367
2819
3430
3874
4048
3980
3842
3440
2708
1736
1080
533
-106
-443
-256
-111
-173
254
830
903
556
363
-82
-909
-1636
-2243
-2977
-3674
-3909
-3857
-3595
-3303
-2964
-2412
-1734
-1430
-1358
-1060
-905
-1309
-1632
-1478
-1415
-1590
-1412
-943
-550
-170
301
714
1098
1451
1658
1936
2365
2702
2952
3443
3959
4087
3926
3829
3767
3309
2499
1730
1338
905
304
39
197
267
179
456
715
480
119
4
-389
-1237
-1920
-2369
-2892
-3546
-3946
-4008
-3774
-3587
-3461
-3113
-2456
-1990
-1780
-1484
-1317
-1425
-1453
-1270
-1342
-1448
-1197
-807
-588
-346
92
499
935
1292
1587
1887
2379
2779
3131
3565
4017
4374
4519
4441
4177
3892
3396
2561
1758
1245
760
354
310
399
366
543
852
780
488
301
-140
-1039
-1816
-2427
-3232
-4063
-4436
-4582
-4688
-4539
-4180
-3741
-3213
-2695
-2390
-2037
-1656
-1506
-1492
-1306
-1218
-1275
-1087
-727
-561
-444
-1
488
837
1199
1678
2163
2612
3006
3280
3689
4202
4630
4713
4583
4428
4318
3969
3227
2504
2025
1548
944
680
659
523
395
648
794
489
109
-215
-845
-1717
-2465
-3196
-3976
-4639
-5016
-5179
-5129
-5017
-4817
-4348
-3717
-3233
-2763
-2115
-1644
-1402
-1102
-798
-817
-840
-675
-562
-529
-315
82
468
1001
1582
2095
2593
3168
3608
3975
4392
4754
5035
5177
5064
4847
4749
4391
3512
2674
2186
1564
817
480
428
269
277
518
507
201
-68
-478
-1300
-2253
-3141
-4035
-4864
-5477
-5916
-6127
-6032
-5773
-5305
-4516
-3730
-3094
-2338
-1541
-1124
-902
-600
-466
-601
-626
-477
-404
-267
83
442
793
1306
1862
2297
2731
3232
3704
4204
4671
5022
5377
5626
5484
5249
5064
4571
3633
2884
2338
1487
656
405
301
-92
-153
122
70
-340
-585
-972
-1789
-2707
-3505
-4436
-5396
-6045
-6401
-6553
-6500
-6228
-5703
-4795
-3853
-3038
-2189
-1311
-803
-497
-107
45
-105
-110
33
-8
22
341
654
820
1151
1628
2045
2503
3065
3636
4239
4916
5506
6065
6457
6462
6235
5981
5373
4253
3247
2469
1447
380
-91
-286
-645
-737
-410
-346
-669
-926
-1220
-1960
-2951
-3882
-4855
-5842
-6606
-7040
-7227
-7152
-6806
-6110
-5140
-4171
-3270
-2219
-1183
-533
-45
466
724
634
636
686
530
354
442
550
548
763
1249
1779
2301
2971
3789
4607
5318
5929
6472
6871
6840
6524
6141
5493
4421
3375
2560
1563
464
-182
-466
-860
-1205
-1172
-1045
-1256
-1557
-1830
-2298
-3010
-3718
-4423
-5236
-5989
-6446
-6672
-6785
-6730
-6313
-5592
-4769
-3927
-2932
-1846
-905
-125
584
1054
1187
1240
1286
1105
735
545
498
383
381
715
1200
1733
2456
3383
4301
5094
5867
6536
7015
7209
7014
6572
6045
5314
4196
3011
2035
1069
25
-785
-1279
-1704
-1963
-1971
-2015
-2251
-2355
-2372
-2722
-3326
-3839
-4306
-4923
-5504
-5925
-6228
-6370
-6236
-5862
-5324
-4552
-3630
-2581
-1502
-525
287
1019
1587
1815
1838
1761
1525
1141
888
684
436
306
507
906
1428
2157
3048
3953
4883
5793
6489
6986
7266
7142
6636
6023
5214
4051
2777
1629
482
-641
-1441
-1972
-2470
-2761
-2703
-2593
-2632
-2596
-2523
-2674
-3014
-3348
-3738
-4281
-4798
-5205
-5550
-5780
-5748
-5498
-5047
-4421
-3582
-2528
-1401
-396
451
1289
1895
2113
2126
2064
1742
1157
696
378
62
-102
99
521
1091
1921
2947
3936
4846
5695
6395
6833
7005
6850
6385
5760
4945
3838
2557
1403
331
-766
-1750
-2405
-2829
-3100
-3108
-2920
-2772
-2637
-2377
-2203
-2322
-2577
-2847
-3220
-3729
-4216
-4648
-5001
-5168
-5106
-4860
-4394
-3704
-2836
-1880
-876
44
842
1513
1928
2019
1950
1791
1429
931
517
231
42
76
399
866
1501
2345
3302
4140
4897
5573
6055
6336
6378
6114
5602
5008
4170
3008
1812
771
-337
-1489
-2357
-2874
-3250
-3362
-3116
-2807
-2574
-2206
-1818
-1697
-1827
-2024
-2366
-2900
-3423
-3885
-4319
-4686
-4825
-4779
-4497
-4030
-3405
-2667
-1838
-1007
-192
619
1246
1602
1807
1988
1917
1656
1386
1109
742
503
500
621
868
1368
2053
2810
3655
4509
5248
5818
6227
6368
6164
5683
5000
4003
2778
1495
318
-851
-1901
-2638
-3054
-3239
-3167
-2823
-2432
-2112
-1775
-1482
-1466
-1649
-1893
-2223
-2722
-3233
-3678
-4083
-4395
-4587
-4683
-4584
-4242
-3771
-3177
-2402
-1514
-631
288
1130
1714
2109
2365
2346
2028
1628
1187
691
339
222
270
581
1224
1998
2806
3740
4674
5337
5773
6083
6095
5737
5182
4495
3567
2488
1429
450
-522
-1395
-2085
-2539
-2805
-2896
-2760
-2518
-2312
-2060
-1716
-1517
-1551
-1631
-1721
-2076
-2607
-3087
-3587
-4170
-4663
-4942
-5043
-4939
-4538
-3847
-2960
-1930
-857
247
1271
2031
2484
2712
2666
2340
1858
1311
781
383
245
275
514
1072
1832
2599
3390
4222
4891
5316
5621
5766
5541
5082
4552
3880
2934
1887
971
51
-955
-1831
-2381
-2774
-3048
-3038
-2780
-2535
-2227
-1782
-1442
-1353
-1354
-1443
-1831
-2406
-2993
-3617
-4297
-4834
-5163
-5257
-5082
-4622
-3903
-2931
-1855
-839
202
1219
1947
2335
2574
2616
2376
1983
1592
1166
783
647
654
763
1127
1700
2304
2954
3666
4284
4748
5110
5351
5297
4989
4562
3968
3135
2172
1215
317
-622
-1507
-2139
-2556
-2836
-2935
-2763
-2529
-2364
-2093
-1750
-1614
-1705
-1836
-2070
-2502
-2984
-3419
-3922
-4371
-4588
-4642
-4563
-4263
-3700
-2979
-2133
-1236
-319
588
1412
2037
2491
2756
2767
2612
2396
2021
1554
1237
1096
976
999
1314
1753
2260
2860
3502
4037
4441
4753
4908
4729
4353
3849
3179
2317
1393
539
-279
-1132
-1816
-2287
-2660
-2918
-2929
-2809
-2760
-2664
-2361
-2125
-2104
-2108
-2112
-2273
-2545
-2795
-3120
-3473
-3742
-3904
-3948
-3862
-3537
-3063
-2388
-1544
-662
288
1234
2052
2681
3138
3339
3216
2947
2559
1990
1426
1017
754
591
697
1040
1487
2015
2666
3257
3722
4048
4250
4213
3920
3520
3004
2344
1587
861
216
-495
-1192
-1718
-2140
-2576
-2880
-2958
-2979
-3052
-2886
-2576
-2409
-2280
-2047
-1914
-2015
-2110
-2218
-2497
-2840
-3046
-3200
-3285
-3188
-2877
-2403
-1750
-933
-42
862
1698
2379
2909
3218
3211
2977
2630
2125
1532
1036
685
447
394
571
888
1291
1837
2449
2920
3263
3590
3776
3661
3385
3066
2644
2027
1339
708
74
-635
-1298
-1814
-2288
-2732
-2938
-2954
-3000
-2960
-2643
-2301
-2132
-1925
-1637
-1543
-1626
-1690
-1826
-2106
-2366
-2520
-2662
-2722
-2572
-2252
-1815
-1256
-557
208
944
1568
2110
2529
2698
2595
2407
2130
1616
1084
735
478
225
187
391
653
1024
1584
2109
2534
2930
3275
3425
3335
3143
2873
2445
1833
1211
633
-7
-715
-1252
-1684
-2104
-2430
-2492
-2497
-2561
-2450
-2151
-1971
-1892
-1709
-1521
-1491
-1519
-1506
-1607
-1793
-1891
-1963
-2090
-2138
-2020
-1793
-1506
-1112
-593
10
605
1123
1579
1959
2095
2052
1908
1620
1228
850
567
349
230
335
545
810
1202
1678
2048
2345
2624
2800
2789
2668
2534
2327
2018
1628
1235
870
436
-97
-565
-971
-1421
-1835
-2045
-2205
-2397
-2385
-2183
-2054
-1944
-1665
-1388
-1289
-1208
-1109
-1180
-1355
-1476
-1652
-1878
-2001
-1977
-1932
-1757
-1397
-944
-457
84
601
1044
1371
1516
1498
1421
1212
886
624
488
354
304
454
690
909
1226
1612
1864
2099
2310
2465
2494
2495
2510
2439
2249
2052
1798
1473
1017
484
-1
-521
-1090
-1522
-1788
-2010
-2188
-2130
-1933
-1799
-1618
-1326
-1126
-1083
-1001
-968
-1120
-1356
-1497
-1697
-1936
-2046
-2058
-2061
-1935
-1654
-1317
-927
-466
-25
350
679
898
1007
1031
904
736
631
511
373
349
468
645
830
1134
1449
1729
2028
2291
2441
2522
2628
2662
2576
2379
2199
1951
1645
1217
730
286
-131
-591
-993
-1262
-1495
-1681
-1713
-1642
-1612
-1515
-1313
-1182
-1142
-1051
-1023
-1160
-1315
-1437
-1679
-1945
-2088
-2166
-2285
-2260
-2069
-1798
-1466
-1011
-568
-166
205
504
693
759
685
568
468
369
267
254
414
642
895
1266
1605
1904
2241
2506
2638
2692
2765
2818
2726
2587
2423
2242
2004
1640
1197
773
309
-175
-610
-969
-1321
-1576
-1606
-1582
-1601
-1505
-1266
-1137
-1104
-1059
-1081
-1263
-1476
-1688
-1997
-2310
-2471
-2591
-2684
-2631
-2439
-2169
-1815
-1376
-956
-571
-223
95
313
441
467
447
482
515
518
595
792
1011
1206
1495
1793
2029
2270
2518
2697
2822
2983
3115
3139
3097
3021
2839
2528
2106
1579
1022
431
-154
-648
-1039
-1377
-1585
-1601
-1560
-1544
-1448
-1272
-1220
-1258
-1287
-1392
-1640
-1894
-2137
-2441
-2727
-2883
-2985
-3045
-2973
-2773
-2484
-2129
-1712
-1292
-862
-477
-156
131
354
465
561
644
710
765
878
1034
1223
1445
1756
2058
2402
2779
3102
3342
3536
3694
3757
3695
3504
3252
2917
2495
1966
1413
880
339
-188
-595
-932
-1246
-1455
-1512
-1585
-1680
-1662
-1606
-1679
-1780
-1854
-2008
-2261
-2498
-2744
-3038
-3282
-3409
-3481
-3480
-3337
-3062
-2676
-2187
-1659
-1154
-655
-175
198
450
637
724
783
834
857
901
1058
1302
1570
1878
2308
2708
3116
3508
3819
3989
4086
4137
4054
3809
3481
3145
2733
2223
1631
1098
578
26
-464
-849
-1211
-1535
-1701
-1786
-1936
-2040
-2000
-1988
-2117
-2202
-2274
-2457
-2736
-2945
-3195
-3501
-3728
-3793
-3811
-3742
-3494
-3077
-2577
-2001
-1365
-728
-178
288
689
990
1146
1218
1273
1310
1313
1397
1626
1805
2053
2430
2855
3204
3571
3916
4156
4258
4302
4260
4075
3783
3418
2999
2499
1898
1266
667
50
-571
-1088
-1463
-1819
-2090
-2181
-2204
-2284
-2286
-2195
-2224
-2372
-2478
-2624
-2926
-3247
-3488
-3766
-4019
-4119
-4066
-3961
-3707
-3280
-2724
-2129
-1482
-802
-164
393
832
1198
1449
1578
1651
1701
1729
1768
1909
2134
2374
2662
3017
3389
3691
3975
4196
4293
4283
4218
4081
3818
3455
3040
2583
2021
1380
744
135
-488
-1082
-1546
-1926
-2258
-2461
-2522
-2585
-2658
-2648
-2622
-2710
-2843
-2957
-3138
-3419
-3643
-3804
-3964
-4059
-3998
-3819
-3574
-3197
-2679
-2071
-1452
-798
-140
489
989
1404
1725
1926
2014
2074
2122
2137
2205
2375
2554
2761
3052
3368
3617
3819
3990
4109
4103
4009
3870
3671
3366
2952
2537
2048
1429
781
207
-413
-1069
-1608
-1995
-2392
-2723
-2856
-2917
-3038
-3079
-3021
-3038
-3139
-3162
-3217
-3376
-3529
-3572
-3645
-3709
-3640
-3456
-3250
-2933
-2480
-1946
-1382
-753
-99
521
1067
1523
1891
2167
2276
2311
2360
2397
2389
2441
2592
2705
2898
3145
3353
3456
3611
3731
3731
3641
3543
3390
3156
2834
2449
2013
1519
924
300
-316
-935
-1557
-2038
-2461
-2853
-3135
-3202
-3248
-3315
-3275
-3141
-3092
-3080
-3008
-2997
-3079
-3133
-3120
-3159
-3166
-3049
-2851
-2638
-2303
-1845
-1331
-778
-154
462
1023
1525
1958
2247
2435
2498
2509
2480
2435
2378
2394
2470
2537
2677
2879
3034
3149
3263
3346
3327
3226
3106
2926
2652
2298
1920
1483
970
372
-209
-792
-1400
-1951
-2396
-2788
-3117
-3283
-3303
-3317
-3288
-3114
-2934
-2863
-2749
-2623
-2600
-2662
-2652
-2647
-2691
-2663
-2502
-2318
-2085
-1714
-1244
-745
-206
349
874
1334
1729
2007
2176
2260
2267
2249
2230
2166
2141
2225
2311
2409
2528
2713
2842
2933
3008
3037
2961
2878
2760
2525
2180
1862
1510
1023
434
-89
-612
-1209
-1744
-2148
-2519
-2836
-2988
-3008
-3016
-2984
-2829
-2664
-2579
-2485
-2383
-2358
-2388
-2395
-2405
-2434
-2424
-2320
-2158
-1960
-1672
-1292
-851
-383
89
574
1007
1332
1624
1837
1926
1946
1976
1995
1970
1975
2082
2145
2264
2404
2561
2658
2762
2840
2906
2852
2750
2666
2499
2226
1888
1562
1150
654
125
-354
-884
-1396
-1803
-2144
-2474
-2694
-2734
-2741
-2776
-2702
-2546
-2460
-2427
-2329
-2280
-2311
-2346
-2296
-2318
-2330
-2252
-2088
-1934
-1684
-1364
-988
-595
-148
285
656
981
1258
1454
1575
1649
1693
1737
1815
1845
1942
2066
2186
2316
2447
2560
2654
2724
2801
2787
2676
2616
2509
2251
1961
1681
1319
839
350
-70
-591
-1110
-1500
-1845
-2199
-2419
-2502
-2541
-2596
-2549
-2436
-2375
-2348
-2279
-2253
-2266
-2295
-2276
-2273
-2258
-2191
-2027
-1839
-1604
-1293
-928
-550
-177
210
559
827
1016
1207
1321
1349
1407
1502
1594
1655
1786
1970
2090
2237
2410
2523
2602
2694
2773
2731
2635
2558
2431
2169
1880
1596
1235
784
337
-71
-525
-1002
-1362
-1666
-1995
-2238
-2325
-2385
-2474
-2483
-2394
-2355
-2368
-2302
-2248
-2270
-2290
-2222
-2189
-2160
-2045
-1831
-1641
-1412
-1080
-721
-398
-73
269
559
747
911
1044
1098
1136
1213
1311
1402
1518
1708
1922
2077
2239
2403
2543
2624
2672
2710
2649
2556
2458
2301
2019
1750
1475
1118
653
255
-115
-569
-1003
-1323
-1626
-1933
-2117
-2197
-2307
-2388
-2349
-2285
-2303
-2290
-2222
-2185
-2201
-2182
-2112
-2065
-1996
-1865
-1677
-1486
-1249
-964
-632
-344
-46
275
523
688
811
937
986
1027
1120
1250
1339
1518
1758
1951
2126
2323
2474
2534
2563
2610
2574
2453
2338
2227
2048
1797
1557
1276
933
539
194
-202
-628
-1000
-1297
-1616
-1901
-2055
-2148
-2268
-2321
-2278
-2240
-2249
-2188
-2128
-2107
-2109
-2030
-1976
-1937
-1855
-1690
-1527
-1338
-1083
-784
-488
-190
129
368
555
698
795
834
868
938
1036
1146
1310
1532
1779
1992
2178
2336
2466
2512
2531
2511
2430
2324
2234
2078
1830
1613
1379
1053
664
323
-33
-451
-807
-1098
-1419
-1699
-1828
-1922
-2057
-2112
-2064
-2033
-2056
-2015
-1982
-1993
-2007
-1959
-1950
-1953
-1882
-1748
-1611
-1451
-1218
-924
-608
-298
10
280
494
621
705
746
742
720
781
865
995
1187
1429
1694
1936
2149
2345
2455
2519
2559
2482
2362
2243
2102
1835
1554
1314
1042
657
338
51
-290
-629
-864
-1096
-1363
-1532
-1582
-1681
-1803
-1795
-1747
-1799
-1843
-1814
-1826
-1901
-1909
-1885
-1905
-1886
-1764
-1627
-1497
-1276
-986
-692
-404
-82
198
399
546
629
660
653
602
596
665
745
866
1064
1326
1559
1780
2024
2210
2305
2410
2422
2354
2256
2139
1904
1638
1392
1102
742
419
146
-198
-500
-708
-937
-1178
-1290
-1353
-1483
-1564
-1545
-1562
-1651
-1652
-1648
-1721
-1774
-1760
-1787
-1826
-1770
-1689
-1615
-1480
-1249
-1020
-770
-469
-184
39
253
413
488
520
563
570
573
617
708
830
1011
1189
1388
1599
1827
1985
2104
2217
2242
2224
2183
2065
1836
1648
1434
1105
764
517
221
-146
-397
-585
-849
-1064
-1134
-1242
-1412
-1449
-1423
-1504
-1596
-1566
-1595
-1691
-1711
-1686
-1735
-1740
-1648
-1568
-1493
-1325
-1092
-886
-660
-398
-176
4
157
272
334
394
430
458
504
587
679
817
984
1153
1341
1550
1755
1873
2006
2086
2128
2095
2064
1905
1743
1556
1329
1020
762
492
179
-110
-330
-576
-817
-938
-1068
-1225
-1294
-1289
-1370
-1430
-1418
-1446
-1547
-1567
-1563
-1639
-1684
-1616
-1572
-1527
-1381
-1194
-1015
-792
-542
-351
-175
8
120
188
295
345
355
418
518
584
667
787
936
1060
1256
1397
1551
1709
1840
1879
1930
1948
1855
1725
1577
1386
1072
849
607
292
-15
-188
-419
-655
-779
-868
-1011
-1090
-1074
-1130
-1207
-1201
-1203
-1298
-1337
-1330
-1400
-1442
-1400
-1356
-1337
-1219
-1052
-904
-728
-508
-344
-215
-65
28
78
152
205
254
326
432
516
603
734
838
934
1064
1179
1268
1381
1481
1554
1595
1623
1579
1503
1369
1215
984
782
543
270
38
-146
-371
-554
-657
-764
-885
-941
-942
-1010
-1061
-1049
-1076
-1155
-1164
-1163
-1213
-1230
-1173
-1136
-1097
-986
-830
-702
-551
-384
-249
-141
-30
13
51
98
159
182
272
370
476
592
720
814
913
1054
1126
1174
1217
1316
1328
1358
1306
1282
1209
1109
927
769
573
344
115
-75
-272
-508
-617
-709
-820
-922
-913
-934
-973
-982
-958
-990
-1028
-1006
-1011
-1040
-1022
-959
-920
-843
-714
-588
-456
-312
-179
-68
7
73
133
188
247
285
371
487
578
672
764
827
897
960
996
1021
1021
1064
1074
1077
1020
1004
957
884
727
596
439
238
39
-146
-350
-567
-692
-802
-924
-1017
-1008
-1025
-1054
-1032
-970
-971
-960
-906
-862
-861
-818
-736
-667
-593
-461
-329
-203
-67
45
122
181
238
275
294
323
391
463
562
652
744
860
938
997
1035
1064
1066
1040
1014
973
904
809
748
649
514
375
250
112
-67
-232
-359
-517
-691
-796
-890
-1003
-1084
-1105
-1125
-1172
-1140
-1079
-1051
-1014
-903
-818
-747
-627
-491
-390
-278
-114
28
136
239
332
366
397
414
427
455
481
526
599
694
773
859
952
1020
1042
1066
1086
1066
992
935
846
724
571
454
291
111
-52
-162
-318
-480
-565
-650
-783
-888
-930
-1022
-1130
-1184
-1195
-1274
-1308
-1263
-1222
-1216
-1105
-959
-834
-701
-487
-296
-129
61
284
438
558
675
747
773
774
773
761
745
743
769
800
875
915
1009
1080
1125
1147
1217
1195
1125
1043
952
792
577
425
217
-41
-268
-413
-610
-818
-945
-1012
-1137
-1239
-1252
-1286
-1369
-1374
-1365
-1394
-1412
-1347
-1302
-1277
-1204
-1072
-956
-825
-630
-440
-231
-15
233
450
660
827
975
1079
1149
1173
1192
1204
1190
1189
1198
1220
1224
1274
1289
1301
1280
1297
1241
1137
1040
944
785
542
378
170
-66
-339
-517
-761
-976
-1152
-1269
-1426
-1540
-1564
-1614
-1663
-1672
-1623
-1624
-1592
-1536
-1470
-1416
-1332
-1216
-1097
-950
-778
-582
-357
-114
136
390
632
838
1032
1183
1310
1393
1490
1546
1581
1623
1658
1677
1680
1698
1675
1637
1562
1497
1372
1223
1073
902
658
473
281
55
-203
-383
-575
-810
-1017
-1166
-1347
-1546
-1630
-1726
-1840
-1909
-1873
-1896
-1901
-1856
-1775
-1742
-1661
-1532
-1415
-1291
-1108
-893
-687
-439
-175
87
322
554
762
957
1129
1288
1450
1588
1722
1828
1969
2071
2131
2161
2196
2151
2063
1945
1779
1558
1320
1110
814
563
346
141
-129
-290
-480
-680
-890
-1022
-1222
-1417
-1545
-1657
-1808
-1912
-1925
-1982
-2007
-2004
-1956
-1954
-1868
-1777
-1658
-1548
-1363
-1163
-936
-692
-437
-202
52
277
465
676
867
1055
1227
1420
1604
1775
1953
2132
2236
2333
2394
2379
2323
2191
2019
1788
1537
1253
975
703
444
185
-33
-229
-444
-632
-778
-937
-1105
-1234
-1338
-1467
-1570
-1615
-1680
-1763
-1793
-1790
-1842
-1870
-1834
-1788
-1765
-1666
-1522
-1367
-1180
-921
-674
-452
-204
50
242
439
660
851
1034
1225
1439
1612
1813
1979
2111
2188
2258
2258
2209
2110
1978
1808
1567
1366
1113
870
581
362
106
-125
-365
-527
-723
-905
-1019
-1101
-1215
-1310
-1321
-1365
-1429
-1469
-1468
-1534
-1579
-1577
-1596
-1635
-1594
-1521
-1461
-1361
-1178
-1004
-827
-635
-413
-234
-13
219
440
661
891
1113
1311
1504
1665
1796
1888
1946
1956
1924
1878
1801
1680
1521
1365
1181
971
763
565
345
117
-64
-244
-434
-585
-678
-794
-910
-964
-1006
-1059
-1099
-1116
-1155
-1181
-1183
-1192
-1231
-1227
-1197
-1184
-1156
-1082
-1003
-931
-831
-723
-615
-470
-288
-132
71
290
486
672
873
1063
1197
1313
1425
1492
1511
1534
1513
1446
1346
1228
1067
886
700
520
323
133
-22
-153
-280
-378
-438
-488
-543
-578
-597
-619
-647
-665
-685
-705
-706
-703
-705
-699
-678
-649
-612
-581
-542
-511
-477
-449
-417
-354
-281
-198
-79
54
169
284
430
545
628
705
797
845
865
891
895
866
816
741
654
531
405
270
143
-5
-133
-253
-337
-419
-473
-492
-515
-524
-505
-471
-478
-451
-425
-397
-399
-358
-316
-281
-240
-151
-82
-19
63
139
177
200
237
263
272
280
313
324
332
338
342
329
318
300
301
263
249
229
207
162
115
54
-20
-115
-195
-264
-358
-431
-490
-525
-580
-598
-609
-588
-601
-566
-531
-492
-459
-401
-340
-296
-238
-153
-70
9
136
266
384
505
636
730
796
854
910
930
949
948
939
936
918
881
816
740
644
524
390
229
45
-127
-291
-492
-662
-808
-939
-1064
-1126
-1165
-1204
-1197
-1138
-1084
-1056
-963
-870
-795
-726
-631
-572
-511
-464
-416
-383
-327
-262
-190
-82
64
222
407
610
792
962
1114
1248
1342
1453
1536
1576
1615
1681
1684
1653
1609
1525
1361
1176
963
672
374
83
-214
-535
-784
-1016
-1237
-1424
-1545
-1671
-1777
-1813
-1820
-1824
-1791
-1688
-1585
-1459
-1315
-1145
-1017
-874
-749
-648
-571
-475
-384
-292
-169
-5
162
355
573
784
957
1150
1324
1492
1625
1768
1895
2005
2100
2154
2179
2142
2078
1915
1739
1491
1217
892
590
262
-64
-361
-641
-910
-1176
-1382
-1600
-1791
-1944
-2034
-2130
-2161
-2140
-2075
-1992
-1866
-1718
-1574
-1416
-1264
-1119
-999
-855
-720
-565
-406
-208
-19
204
405
606
803
1007
1182
1365
1556
1728
1896
2066
2207
2288
2348
2364
2320
2186
2048
1839
1586
1292
1021
685
350
27
-285
-607
-912
-1155
-1406
-1603
-1768
-1850
-1949
-1963
-1957
-1901
-1871
-1786
-1701
-1624
-1563
-1488
-1410
-1352
-1261
-1151
-998
-848
-634
-411
-155
75
329
566
804
1017
1243
1450
1653
1847
2015
2144
2252
2318
2321
2273
2176
2031
1837
1614
1346
1055
763
467
151
-152
-417
-672
-914
-1110
-1261
-1395
-1498
-1547
-1575
-1590
-1583
-1548
-1530
-1515
-1492
-1453
-1441
-1412
-1358
-1278
-1179
-1044
-872
-677
-463
-240
-21
196
402
602
794
975
1147
1311
1471
1619
1731
1825
1887
1907
1881
1791
1687
1511
1319
1076
853
572
336
80
-122
-354
-522
-682
-802
-918
-984
-1036
-1088
-1109
-1132
-1134
-1176
-1177
-1202
-1199
-1217
-1182
-1147
-1059
-963
-817
-663
-489
-311
-128
37
199
342
490
606
725
840
937
1018
1084
1147
1164
1180
1156
1132
1044
978
859
754
609
496
349
221
96
-24
-141
-257
-342
-445
-511
-596
-637
-713
-745
-809
-841
-893
-911
-938
-938
-914
-863
-780
-683
-532
-386
-225
-78
81
206
339
431
521
579
645
686
716
748
782
789
787
790
755
713
650
576
457
352
227
102
-40
-144
-247
-334
-406
-456
-493
-512
-512
-516
-508
-506
-491
-503
-516
-529
-531
-543
-548
-532
-484
-420
-350
-256
-140
-23
95
218
333
447
545
646
714
775
812
835
824
796
759
694
634
550
482
384
309
207
126
13
-82
-190
-298
-402
-498
-570
-650
-698
-742
-751
-785
-775
-778
-767
-772
-749
-727
-692
-643
-566
-466
-349
-202
-41
124
277
428
549
645
711
765
784
793
797
802
801
806
811
815
801
776
736
682
606
510
403
287
164
35
-85
-209
-321
-426
-516
-588
-653
-706
-750
-777
-814
-840
-871
-900
-942
-971
-993
-994
-979
-920
-828
-701
-539
-344
-123
86
299
483
653
761
868
914
956
955
966
948
933
904
886
839
787
736
661
588
500
434
343
284
201
147
60
3
-87
-154
-250
-334
-429
-513
-596
-684
-751
-826
-881
-940
-973
-1014
-1013
-1001
-952
-887
-774
-644
-476
-302
-118
50
213
355
462
542
599
637
651
668
672
682
680
690
676
677
649
620
560
520
450
388
318
272
198
153
106
66
2
-37
-86
-142
-204
-259
-325
-398
-453
-522
-577
-641
-663
-709
-702
-704
-660
-621
-528
-446
-331
-225
-103
-4
101
173
236
283
319
342
333
348
332
344
306
307
267
273
226
218
176
179
157
168
173
182
207
214
237
213
215
171
146
65
21
-69
-122
-204
-246
-307
-338
-353
-336
-321
-292
-226
-166
-97
-41
29
65
102
114
124
104
99
66
49
8
0
-37
-43
-77
-80
-111
-119
-139
-151
-164
-186
-187
-201
-177
-177
-131
-116
-47
-19
46
70
124
137
160
165
165
160
147
139
119
115
112
115
124
147
181
210
251
291
324
351
354
358
330
313
255
222
137
99
14
-37
-119
-174
-251
-316
-380
-449
-491
-567
-591
-649
-637
-671
-627
-618
-547
-504
-415
-345
-266
-188
-123
-50
-8
64
94
157
183
250
283
343
388
457
520
585
650
699
751
775
802
775
754
706
658
578
498
414
326
238
141
54
-46
-128
-232
-323
-429
-510
-609
-692
-768
-829
-878
-920
-933
-948
-923
-913
-866
-830
-758
-694
-600
-511
-406
-289
-176
-50
60
194
302
418
521
640
727
818
892
961
1016
1045
1070
1066
1056
1022
987
917
845
761
664
552
423
310
171
44
-106
-229
-369
-485
-606
-700
-790
-871
-925
-979
-1015
-1053
-1059
-1081
-1081
-1079
-1048
-1017
-965
-892
-812
-707
-597
-459
-326
-162
-5
168
330
503
665
812
944
1049
1143
1194
1241
1239
1247
1201
1179
1104
1057
967
895
802
706
601
474
372
222
101
-62
-166
-336
-444
-589
-680
-805
-882
-969
-1036
-1093
-1141
-1159
-1194
-1176
-1172
-1117
-1084
-994
-920
-804
-702
-564
-437
-285
-144
11
159
303
441
578
697
800
887
973
1035
1072
1106
1115
1122
1093
1076
1020
974
895
825
721
627
520
406
288
171
56
-72
-180
-302
-412
-530
-628
-733
-826
-913
-983
-1043
-1081
-1105
-1108
-1084
-1044
-977
-898
-799
-689
-563
-438
-307
-187
-62
49
151
246
326
395
460
523
575
626
670
717
752
794
818
843
848
851
830
803
761
710
643
563
483
388
296
181
76
-43
-152
-278
-393
-508
-607
-704
-782
-845
-883
-899
-899
-871
-834
-774
-701
-611
-529
-435
-344
-249
-172
-93
-27
31
76
115
158
186
219
243
280
312
349
392
430
475
510
550
573
602
608
624
601
588
552
508
449
377
298
203
116
9
-89
-196
-280
-374
-441
-505
-537
-562
-561
-548
-520
-477
-428
-373
-322
-266
-223
-178
-144
-123
-105
-99
-87
-93
-86
-93
-85
-79
-69
-45
-29
16
39
99
125
184
215
272
302
339
360
379
390
382
372
341
317
270
232
169
127
68
22
-24
-60
-90
-111
-116
-117
-109
-99
-73
-60
-40
-27
-17
-19
-20
-34
-48
-71
-95
-120
-150
-168
-192
-203
-222
-219
-224
-214
-207
-186
-172
-151
-129
-109
-83
-64
-39
-25
-2
14
31
43
54
66
70
79
82
93
92
100
107
119
130
146
171
192
218
237
264
279
295
298
296
286
268
241
205
165
126
76
32
-19
-61
-103
-134
-170
-199
-218
-236
-247
-265
-266
-283
-285
-301
-299
-312
-312
-317
-315
-314
-308
-293
-279
-255
-228
-193
-152
-109
-65
-13
40
96
150
206
255
312
355
400
429
461
475
489
482
480
457
435
397
361
318
273
225
175
130
80
40
-8
-51
-99
-138
-186
-225
-272
-311
-357
-388
-428
-455
-483
-500
-510
-514
-507
-493
-464
-433
-390
-342
-286
-229
-164
-99
-35
27
91
154
212
262
310
355
390
423
448
470
479
490
486
485
473
459
440
415
388
354
322
281
241
190
144
87
28
-35
-100
-171
-239
-307
-372
-434
-486
-530
-567
-586
-595
-587
-572
-539
-500
-446
-390
-325
-264
-198
-136
-77
-22
26
71
105
140
166
196
215
238
257
282
305
326
347
368
388
403
413
419
422
417
404
382
356
320
280
228
173
113
48
-17
-89
-155
-224
-279
-337
-380
-417
-439
-450
-449
-435
-415
-378
-343
-293
-252
-201
-162
-116
-81
-53
-30
-17
2
9
25
27
43
52
75
92
118
144
173
204
230
255
274
295
300
301
291
280
254
228
189
156
111
72
26
-13
-51
-87
-115
-144
-162
-179
-183
-191
-186
-183
-171
-163
-147
-134
-118
-103
-93
-83
-74
-67
-64
-59
-59
-57
-54
-50
-44
-37
-28
-14
1
19
36
57
75
95
108
120
127
132
131
124
113
96
79
58
35
12
-8
-25
-39
-46
-51
-46
-39
-26
-9
11
34
53
73
86
99
104
107
96
85
68
48
23
-1
-28
-51
-70
-84
-96
-101
-103
-96
-89
-78
-65
-52
-39
-31
-24
-22
-22
-32
-41
-58
-74
-96
-113
-132
-145
-156
-159
-156
-146
-124
-102
-68
-31
12
53
98
142
179
213
239
259
269
274
267
256
240
218
195
168
142
115
95
73
58
41
31
21
13
6
-3
-11
-23
-35
-54
-73
-97
-125
-152
-186
-218
-252
-281
-308
-331
-349
-361
-361
-355
-335
-310
-271
-229
-175
-120
-59
3
66
124
176
222
259
290
308
319
318
314
303
290
273
255
240
225
219
209
208
205
205
204
202
194
181
163
135
103
59
15
-43
-100
-160
-217
-276
-329
-377
-415
-441
-460
-464
-459
-439
-411
-371
-327
-274
-218
-162
-103
-50
2
47
88
121
151
174
192
203
211
219
225
228
229
236
242
250
256
265
277
286
293
293
291
280
263
237
201
160
110
55
-6
-68
-132
-194
-252
-309
-352
-390
-415
-430
-436
-427
-408
-379
-344
-299
-254
-202
-153
-105
-61
-24
11
38
60
75
88
96
104
112
120
129
142
157
173
197
220
244
271
294
318
334
344
343
335
317
288
247
198
143
81
19
-46
-106
-163
-212
-257
-289
-310
-327
-329
-327
-314
-295
-270
-244
-212
-185
-155
-128
-104
-87
-71
-59
-50
-43
-39
-31
-25
-14
-7
10
28
49
71
97
125
151
180
205
229
248
263
271
272
265
251
229
202
165
125
82
36
-9
-51
-89
-125
-152
-175
-189
-198
-198
-193
-181
-168
-148
-126
-103
-83
-65
-46
-33
-23
-19
-19
-20
-24
-27
-33
-35
-31
-26
-19
-4
11
30
54
76
94
111
128
139
146
147
140
129
114
92
66
39
10
-16
-48
-71
-92
-109
-122
-130
-136
-135
-130
-122
-111
-96
-79
-62
-43
-26
-6
8
23
33
43
49
55
60
61
62
63
65
66
73
77
85
94
100
108
116
120
119
117
109
97
81
62
40
14
-15
-43
-69
-96
-120
-141
-155
-166
-174
-174
-171
-164
-154
-141
-125
-110
-94
-79
-63
-51
-38
-25
-12
-1
8
18
27
38
48
59
73
84
97
111
127
142
155
166
176
184
187
188
182
172
157
138
115
86
53
18
-18
-54
-89
-123
-153
-179