SAMPLES:	8262
BITSPERSAMPLE:	16
CHANNELS:	1
SAMPLERATE:	16000
NORMALIZED:	FALSE
2
1
1
3
4
3
3
4
5
7
10
8
6
10
13
12
8
3
1
5
8
2
-5
-4
1
1
-3
-10
-9
1
8
11
5
9
12
14
13
7
-4
-3
2
-1
-2
-1
-1
3
11
1
-9
-9
-10
-25
-28
-22
-22
-20
-9
-8
-7
-2
-4
-3
2
4
4
8
5
-7
-4
7
3
-4
-4
-11
-17
-7
-14
-21
-15
-12
-20
-17
-3
4
4
17
22
18
28
28
22
14
12
2
3
2
3
20
27
31
23
12
-10
-20
-18
-20
-10
7
18
24
27
27
42
61
55
24
9
6
-10
-34
-46
-42
-45
-45
-53
-56
-33
-12
-24
-35
-22
-15
-10
-14
-12
2
31
44
45
49
51
72
78
81
64
47
39
30
28
17
-1
-22
-24
-42
-53
-62
-64
-70
-74
-74
-57
-41
-35
-30
-49
-66
-55
-37
-39
-32
-24
-1
32
61
67
92
101
98
93
78
52
32
19
-7
-6
-22
-43
-44
-24
-25
-13
15
6
-32
-56
-60
-53
-56
-63
-58
-42
-14
12
32
30
28
54
69
51
50
53
42
40
18
-1
-2
17
29
45
64
84
86
52
19
-5
-30
-31
-33
-52
-38
-12
14
63
100
108
114
114
86
70
85
86
52
48
49
40
28
-24
-61
-58
-28
-49
-87
-115
-135
-76
-68
-47
-149
-250
-120
153
-5
-460
-460
84
333
-150
-574
-426
58
224
-80
-582
-609
-131
189
-111
-579
-569
-228
-44
-151
-373
-510
-331
-96
-150
-317
-285
-111
-66
-10
41
131
273
474
565
657
888
1142
1283
1325
1386
1497
1725
1976
1828
873
257
1062
2115
966
-1435
-2008
24
1324
-98
-2544
-3080
-1149
750
158
-2232
-3109
-1398
706
595
-925
-1761
-821
755
1380
514
-688
-514
876
1444
-15
-1247
-671
657
14
-1797
-2303
-842
-61
-1261
-2888
-2819
-1156
-61
-713
-2167
-1743
548
2046
1263
293
1129
3065
4310
3687
3082
2778
2158
2238
4562
4695
-193
-3801
-336
4803
3032
-2796
-5890
-3406
1196
2427
-2603
-7538
-5582
321
2157
-1243
-4027
-3127
228
2873
2383
-502
-1061
1692
3578
2481
1202
1306
1576
1756
1507
399
-265
508
29
-2273
-3310
-1926
-1018
-2287
-4178
-4562
-2887
-1243
-1538
-3184
-3473
-1777
231
508
-554
-599
1020
2533
2628
2353
2470
3369
4133
4150
3808
4487
5239
2974
211
1765
5571
2907
-4114
-5786
616
4252
-3
-6354
-7343
-2459
2639
1140
-6003
-8545
-2979
2947
1733
-2557
-3943
-1139
2930
4601
1851
-1074
588
4007
4086
1799
859
1207
1628
1427
97
-1215
-504
-183
-2831
-4888
-3094
-1046
-2622
-5449
-5818
-3273
-698
-1237
-3985
-4250
-741
2371
2000
-173
-368
2379
5327
5279
2995
2235
4193
6780
6667
4652
2745
2182
2502
4159
3511
-1920
-5682
-1679
3312
-118
-5742
-5644
-2013
-1035
-1464
-3571
-5642
-4028
31
241
-2356
-1874
543
1369
1440
2243
1558
1162
2606
3272
1450
932
2066
1729
-161
-871
-502
-445
-1085
-3002
-4672
-3644
-1454
-2597
-5217
-5377
-3034
-1354
-1292
-2666
-3357
-1322
1826
2482
640
106
2080
4651
5331
4094
2860
3736
5864
6572
5365
3271
1780
2082
4381
4407
-412
-4983
-2708
2486
1890
-3832
-7243
-4981
-776
629
-2861
-6879
-6061
-1155
1351
-326
-2601
-2788
-704
2708
4225
1696
-658
814
3741
4122
2619
825
94
739
1456
436
-1023
-1497
-2397
-3726
-3280
-1895
-2754
-4995
-5584
-3899
-2017
-1587
-2852
-3681
-2177
749
1752
661
179
1638
3585
4477
4211
3634
4223
5456
6153
5381
5179
5261
3344
896
2581
5615
1802
-5555
-5411
2001
3669
-2566
-8016
-6950
-1870
1900
-1027
-7891
-8630
-1467
3281
-58
-4147
-3356
497
3526
3577
597
-853
1889
4782
3580
863
381
1285
1728
1117
-790
-2508
-1914
-1104
-2790
-4853
-4214
-2794
-3543
-5137
-4818
-2937
-1662
-2048
-2867
-2045
550
2505
1981
751
1742
4373
5722
4884
4096
4633
6155
6951
6796
5208
2630
1367
3852
5900
1309
-5828
-5343
1973
3865
-2571
-8688
-7474
-1574
2035
-1757
-8504
-8791
-1723
3040
347
-3887
-3716
172
3892
4106
805
-1009
1431
4363
3473
695
-193
866
1060
-447
-2236
-2112
-997
-1773
-4542
-5514
-3385
-1483
-2892
-5666
-5598
-2386
330
-346
-2406
-1952
1620
4459
3999
2026
2389
5363
7351
6398
4836
5501
7083
6296
3397
2488
4330
4051
-491
-3910
-1625
1698
305
-4524
-6941
-4788
-975
-672
-4799
-7929
-5489
-765
351
-1901
-3399
-1931
1194
3194
2306
529
885
2694
3045
2105
1554
1216
147
-526
-412
-396
-1401
-2725
-3909
-4042
-3246
-2896
-4107
-5293
-4720
-3145
-2004
-1735
-1660
-1236
302
2206
3224
3234
3668
4687
5622
6361
6924
7010
6745
5779
4367
4292
5671
4336
-668
-3530
-571
2256
-229
-5060
-6798
-4577
-1365
-1318
-5279
-8139
-5658
-1196
-516
-2691
-3666
-2086
734
2772
2250
630
1022
2862
3370
2701
2206
1192
-44
399
1408
93
-2495
-3149
-2353
-2374
-3502
-4573
-4893
-4217
-3462
-3616
-3844
-2721
-1153
-611
-404
699
2153
3115
3702
4222
4785
5714
6742
6953
6885
6626
5450
3952
4532
5325
2549
-1982
-2342
636
1066
-2095
-5368
-5942
-3832
-1548
-2955
-6619
-7262
-3837
-1399
-1981
-3017
-2738
-1195
987
2039
1142
591
1559
2727
2803
2212
1206
623
1090
1439
46
-1617
-1658
-1268
-2064
-3344
-3822
-3670
-3503
-3599
-3631
-3251
-2382
-1622
-1210
-471
801
1672
1943
2668
3941
4909
5167
5445
5977
6817
7510
6513
3937
3060
5105
5137
761
-3102
-1667
1243
647
-3159
-6090
-5656
-2603
-1277
-4200
-7571
-6572
-2741
-1039
-2148
-3448
-2793
-409
1902
1846
282
63
1969
3304
2418
820
636
1591
1731
307
-1218
-1295
-750
-1278
-2946
-3897
-3488
-2972
-3298
-3821
-3534
-2593
-1709
-1193
-715
133
1200
1920
2353
3268
4200
4770
5010
5725
6323
7008
7116
5710
3354
3600
5567
4088
-1128
-3424
-506
1747
-465
-4619
-6340
-4464
-1439
-1908
-5810
-7870
-5066
-1629
-1492
-3276
-3615
-1751
926
2033
913
-180
1032
3156
3182
1249
163
1112
2229
1546
-591
-1856
-1202
-331
-1458
-3673
-4549
-3611
-2783
-3283
-4259
-3980
-2497
-1333
-1096
-739
350
1500
2095
2672
3500
4344
4916
5242
5586
6222
7040
7199
5774
3673
3526
4969
4032
-272
-3006
-1353
850
-479
-4016
-6044
-4892
-2422
-2211
-5020
-7133
-5626
-2709
-1764
-2571
-3054
-2214
-260
1551
1698
705
814
2181
2856
2111
1411
1566
1786
1202
96
-556
-419
-431
-1728
-3357
-3764
-3067
-2862
-3574
-4336
-4075
-2853
-1607
-1117
-1166
-685
575
2063
2977
3341
3394
4023
5353
6556
6623
6131
6234
6442
5511
4137
4204
3961
1416
-1510
-1174
500
-214
-3247
-5329
-5009
-3179
-2417
-4561
-7140
-6465
-3378
-2024
-2997
-3872
-2946
-798
1164
1086
-287
-17
2354
3314
1695
420
1434
2887
2381
350
-1051
-366
917
47
-2917
-4278
-2957
-1753
-2781
-4379
-4338
-2873
-1612
-1417
-1786
-1150
672
1747
1568
1923
3525
4704
4677
4642
5561
6447
6854
6558
5347
3872
4059
5032
3679
-206
-2189
-493
1005
-698
-3955
-5625
-4575
-2371
-2422
-5299
-7334
-5575
-2679
-2114
-3429
-3948
-2634
-254
1180
481
-546
493
2467
2602
1272
803
1750
2315
1631
343
-222
101
211
-983
-2556
-3121
-2754
-2599
-3030
-3557
-3616
-2845
-1782
-1318
-1462
-979
259
1436
1878
2226
2956
4130
5016
5294
5335
5802
6440
6716
5968
4426
3552
4198
4026
1232
-1660
-1122
689
-195
-3304
-5054
-4281
-2754
-2734
-4794
-6610
-5732
-3182
-2329
-3371
-3906
-2607
-641
607
328
-362
383
2243
2542
1101
689
2114
2759
1372
-136
-111
734
509
-1312
-3125
-3043
-1986
-2114
-3582
-4244
-3450
-2311
-1949
-2186
-2151
-1149
282
976
1093
1658
3033
4146
4611
4682
5110
5788
6444
6515
5932
4792
3976
4290
4407
2355
-733
-1328
319
583
-1999
-4531
-4659
-3118
-2362
-3791
-6031
-6262
-4114
-2379
-2770
-3804
-3394
-1468
287
440
-380
-142
1569
2506
1536
726
1713
2743
1977
342
-207
273
539
-412
-2231
-3443
-2873
-1722
-2067
-3718
-4464
-3284
-1636
-1211
-2101
-2487
-1102
1146
1946
1385
1493
3243
4818
4996
4597
4879
5822
6535
6463
5291
4155
4035
4815
3719
723
-1486
-336
1035
-374
-3649
-4921
-3644
-2090
-2695
-5144
-6589
-5167
-2635
-2263
-3564
-3969
-2346
-247
779
130
-503
502
2309
2381
1115
958
1985
2171
1144
173
-167
-139
-256
-1149
-2688
-3346
-2642
-2118
-2903
-4031
-4045
-2865
-1698
-1582
-2187
-1941
-85
1772
2023
1550
2226
3922
4966
4854
4612
5059
5852
6298
6135
5208
4047
3763
4212
3263
412
-1579
-703
414
-1014
-3759
-4700
-3454
-2359
-3148
-5042
-5673
-4276
-2627
-2605
-3288
-2936
-1373
115
518
53
193
1552
2568
1824
725
1337
2528
2016
242
-540
-161
78
-760
-2069
-3116
-3152
-2573
-2514
-3474
-4258
-3846
-2666
-1838
-1962
-2249
-1431
434
1765
1806
1741
2657
4130
4899
4748
4431
4898
5923
6289
5775
4919
4384
3956
3937
3115
896
-1524
-1212
208
-571
-3543
-4941
-3703
-2151
-2369
-4179
-5566
-4771
-2366
-1364
-2460
-3294
-1977
167
1259
848
82
402
1922
2626
1450
392
931
1592
835
-380
-943
-985
-1166
-1691
-2726
-3584
-3498
-2964
-3130
-3842
-3972
-3188
-2130
-1593
-1614
-1395
-56
1643
2262
1904
2278
3774
4847
4691
4266
4529
5338
6005
5827
5183
4536
3993
3534
3253
2094
-194
-1608
-859
-252
-1696
-3514
-3741
-2916
-2312
-2560
-3696
-4432
-3441
-1823
-1555
-2159
-1935
-762
425
897
598
307
986
1899
1553
324
215
1026
953
-320
-1299
-1431
-1228
-1421
-2287
-3517
-3980
-3266
-2654
-3091
-3829
-3723
-2730
-1521
-917
-1027
-943
328
1972
2611
2423
2708
3637
4410
4620
4598
4587
4795
5051
5034
4788
4320
3401
2522
2432
1971
125
-1650
-1255
-282
-993
-2860
-3537
-2699
-1557
-1639
-3119
-4133
-2921
-868
-677
-1813
-1992
-655
756
1163
478
-272
190
1456
1577
138
-791
-141
551
-269
-1758
-2312
-1803
-1499
-2366
-3754
-4056
-2927
-2161
-2972
-4005
-3408
-1706
-742
-1043
-1439
-609
1246
2542
2324
1718
2329
3932
4816
4255
3453
3637
4602
5036
4524
3870
3685
3363
2664
2355
2109
733
-1200
-1389
-94
98
-1623
-3060
-2611
-1177
-669
-1812
-3227
-3033
-1275
-294
-1026
-1903
-1417
-124
782
605
-278
-574
241
988
369
-852
-1191
-691
-469
-911
-1837
-2480
-2324
-1838
-2061
-3054
-3604
-3051
-2254
-2142
-2509
-2518
-1634
-464
48
-93
126
1203
2330
2524
2112
2257
3217
4074
3865
3051
2950
3835
4520
4008
3143
3052
3394
2869
2092
1630
1015
-215
-589
39
217
-876
-1889
-1806
-1002
-549
-1243
-2477
-2722
-1463
-623
-1209
-2162
-1942
-883
-10
-68
-688
-1072
-599
7
-211
-960
-1368
-1280
-1165
-1060
-1212
-1871
-2508
-2137
-1388
-1629
-2771
-3103
-2126
-1049
-1116
-1950
-2024
-647
821
761
-145
-1
1618
2847
2538
1618
1843
3121
3957
3320
2371
2597
3666
4062
3445
3056
3123
3095
2639
2453
1910
799
-223
86
671
249
-1097
-1789
-1231
-353
-600
-2109
-3112
-2484
-1270
-1439
-2495
-2880
-1946
-789
-478
-1123
-1572
-1103
-115
-28
-978
-1567
-1032
-370
-518
-1080
-1265
-1142
-1178
-1197
-1189
-1474
-1996
-2123
-1671
-1067
-1000
-1446
-1601
-816
253
532
-12
-205
635
1729
2048
1602
1436
2118
2955
3026
2715
2777
3156
3471
3685
3958
3846
3192
2700
3023
3002
1688
37
75
1106
958
-715
-1857
-1541
-734
-810
-2107
-3448
-3384
-2211
-1763
-2562
-3326
-2818
-1584
-759
-969
-1561
-1417
-491
132
-165
-777
-801
-153
215
-143
-638
-575
-284
-569
-1262
-1562
-1193
-1114
-1691
-2172
-1693
-971
-983
-1540
-1530
-760
8
59
-316
-39
1030
1849
1708
1485
2056
2975
3116
2858
3054
3730
4092
4094
4168
4250
3799
3286
3243
2847
1356
51
316
945
88
-1671
-2328
-1703
-1203
-1854
-3265
-4058
-3392
-2401
-2531
-3337
-3333
-2419
-1499
-1080
-1021
-955
-486
211
457
349
335
431
511
496
123
-125
183
207
-741
-1555
-1255
-748
-1265
-2336
-2703
-2124
-1433
-1550
-2275
-2335
-1237
-284
-385
-798
-269
998
1886
1742
1504
2063
3248
3861
3461
2973
3548
4675
4972
4377
3912
3895
3627
3172
2621
1580
42
-504
99
93
-1406
-2701
-2553
-1778
-1782
-2793
-3852
-3870
-2864
-2185
-2657
-3212
-2547
-1254
-524
-508
-543
-217
544
1124
945
435
558
902
662
298
256
-150
-669
-601
-638
-1402
-2055
-2045
-1969
-2199
-2368
-2417
-2373
-1969
-1516
-1549
-1448
-601
174
251
338
1048
1921
2367
2384
2404
2755
3427
3831
3641
3371
3636
4078
4217
3959
3347
2443
2090
2256
1649
-147
-1138
-464
131
-898
-2284
-2495
-1810
-1471
-2036
-3177
-3639
-2698
-1686
-1973
-2713
-2410
-1355
-536
-277
-404
-554
-106
772
1097
513
-34
134
472
352
41
-444
-1005
-979
-507
-860
-1963
-2347
-1620
-1239
-1933
-2504
-2079
-1236
-863
-1144
-1440
-711
543
900
359
439
1508
2452
2460
2054
2038
2649
3347
3361
2785
2584
3109
3589
3548
3266
2689
1861
1868
2357
1478
-577
-1093
102
538
-842
-2075
-1999
-1199
-802
-1489
-2973
-3386
-2191
-1408
-2140
-2973
-2661
-1670
-815
-642
-1104
-1318
-466
540
457
-262
-434
8
468
398
-90
-445
-418
-141
41
-357
-1128
-1428
-869
-288
-793
-1859
-1904
-819
-146
-676
-1528
-1246
113
970
412
-299
257
1651
2207
1418
761
1401
2572
2789
2046
1646
2378
3408
3626
3138
2749
2690
2703
2787
2218
824
-136
480
1190
410
-1175
-1690
-1129
-725
-1295
-2650
-3690
-3313
-2275
-2379
-3417
-3747
-2871
-1819
-1321
-1471
-1728
-1354
-154
709
475
-64
137
856
1462
1328
669
444
825
1003
760
242
-468
-868
-573
-286
-900
-1882
-1920
-1153
-852
-1285
-1796
-1703
-890
-243
-492
-885
-385
579
1062
860
798
1370
2217
2541
2365
2323
2973
3910
4145
3868
3708
3608
3300
3263
2749
1362
143
510
1086
182
-1685
-2360
-1800
-1427
-2156
-3672
-4651
-4015
-2833
-3007
-4095
-4293
-3089
-1770
-1229
-1423
-1422
-642
704
1421
1195
933
1341
1922
2263
2188
1575
1087
1450
1714
868
-64
-97
-135
-833
-1448
-1506
-1648
-2030
-2238
-2282
-2302
-2033
-1757
-1887
-1753
-1071
-519
-361
-46
463
1013
1470
1909
2259
2588
2999
3370
3586
3854
4252
4328
4262
3984
3207
2556
2696
1951
-113
-1060
-67
187
-1594
-3180
-2922
-2102
-2198
-3185
-4526
-4819
-3356
-2266
-3202
-4126
-3216
-1521
-548
-398
-612
-414
756
2165
2313
1517
1448
2166
2612
2591
2175
1327
939
1459
1414
134
-813
-747
-899
-1658
-2104
-2075
-2339
-2784
-2754
-2496
-2359
-2140
-2070
-1997
-1268
-348
-156
-213
432
1441
1919
1911
2141
2695
3195
3354
3243
3231
3540
3782
3546
3295
3146
2466
1579
1484
1190
-327
-1503
-1028
-578
-1575
-2795
-2838
-2259
-2037
-2464
-3427
-3861
-2772
-1606
-2061
-2838
-2243
-877
8
208
28
77
860
1963
2158
1476
1178
1677
2022
1909
1619
1048
467
469
629
108
-768
-1316
-1526
-1626
-1622
-1776
-2307
-2768
-2371
-1674
-1575
-1894
-1944
-1543
-700
-46
-128
-362
183
1209
1693
1450
1337
1804
2399
2547
2253
2068
2440
2948
2934
2575
2575
2647
2082
1347
1328
1056
-187
-938
-282
85
-909
-1943
-1736
-1090
-1094
-1768
-2666
-2877
-1883
-1089
-1784
-2600
-2027
-750
-117
-289
-671
-502
462
1451
1362
580
527
1400
1954
1643
1080
810
858
1052
886
79
-704
-787
-563
-826
-1453
-1736
-1668
-1790
-1960
-1968
-1930
-1929
-1940
-1962
-1635
-1013
-663
-812
-784
-74
764
976
766
912
1570
2292
2392
2056
2277
3108
3444
3061
2966
3270
2939
1979
1885
2006
925
-369
-102
507
-165
-1533
-2008
-1586
-1235
-1570
-2677
-3539
-2835
-1467
-1662
-2758
-2722
-1513
-543
-263
-434
-507
77
1244
1865
1414
1033
1551
2187
2278
1987
1430
1080
1285
1261
412
-496
-659
-605
-1153
-1911
-2132
-2123
-2336
-2597
-2896
-2945
-2461
-2036
-2266
-2426
-1803
-783
-363
-487
-354
366
1201
1733
1704
1582
2069
2856
3003
2645
2646
3043
3288
3057
2842
2753
2316
1576
1456
1251
131
-820
-443
-33
-739
-1818
-1939
-1372
-1064
-1340
-2150
-2764
-2043
-810
-984
-1931
-1914
-938
-39
325
108
-156
223
1240
1782
1331
819
1052
1456
1573
1419
849
335
448
554
-55
-908
-1211
-1002
-1191
-1953
-2422
-2241
-1929
-1992
-2580
-2846
-2081
-1176
-1349
-1930
-1671
-500
342
122
-403
-66
1039
1848
1569
911
1228
2259
2619
2098
1680
1874
2432
2667
2349
2014
1857
1607
1559
1541
730
-385
-257
663
545
-786
-1374
-629
61
-283
-1220
-1983
-1623
-475
-430
-1675
-2209
-1269
-232
-103
-653
-969
-539
459
1093
650
-100
156
1095
1436
1054
520
263
528
915
578
-271
-785
-743
-547
-692
-1322
-1930
-1960
-1474
-1269
-1956
-2527
-1946
-1087
-1090
-1657
-1794
-1049
-68
-33
-787
-911
213
1373
1243
353
360
1511
2351
2084
1438
1426
2176
2944
2908
2418
2002
1807
2205
2492
1440
74
403
1430
1190
-259
-907
-293
238
-254
-1310
-2235
-1958
-800
-919
-2334
-2813
-1787
-797
-668
-1194
-1492
-986
178
881
463
-138
310
1242
1578
1376
1060
803
879
1205
1077
335
-340
-541
-496
-551
-1023
-1810
-2206
-1767
-1394
-1964
-2699
-2384
-1564
-1423
-1925
-2101
-1538
-672
-348
-774
-940
-24
1127
1256
688
688
1600
2448
2461
1993
1977
2586
3236
3269
2898
2415
2050
2313
2646
1573
48
374
1524
1052
-568
-1097
-471
-112
-623
-1629
-2572
-2259
-972
-1004
-2496
-2905
-1655
-584
-521
-967
-1235
-716
563
1326
723
-26
465
1521
1808
1421
891
568
724
1050
759
-153
-884
-1080
-972
-982
-1418
-2229
-2659
-2151
-1457
-1792
-2637
-2579
-1688
-1127
-1397
-1848
-1612
-686
6
-168
-595
-168
990
1539
1069
715
1291
2142
2410
2085
1863
2234
2916
3146
2839
2244
1901
2286
2563
1494
270
681
1707
1270
-251
-710
72
471
-224
-1329
-2063
-1548
-478
-837
-2305
-2549
-1338
-431
-617
-1288
-1463
-741
346
682
-48
-555
153
1063
1071
595
261
255
619
787
196
-537
-609
-478
-770
-1190
-1310
-1381
-1635
-1728
-1523
-1481
-1689
-1761
-1710
-1589
-1389
-1368
-1519
-1299
-815
-600
-611
-364
176
588
663
760
1142
1629
1965
2099
2136
2457
3031
3362
3288
2888
2488
2796
3143
2187
912
1174
2085
1660
237
-398
72
394
-132
-1291
-2278
-2017
-951
-1190
-2624
-3020
-1971
-1058
-1071
-1627
-1883
-1259
-115
425
-151
-663
-34
977
1174
816
479
388
742
1134
751
-156
-498
-270
-342
-861
-1217
-1421
-1668
-1756
-1630
-1680
-1993
-2179
-2129
-1971
-1771
-1666
-1829
-1722
-1101
-566
-436
-264
200
765
1185
1452
1746
1983
2313
2772
3014
2964
3110
3425
3657
3373
2629
2413
2752
2202
1037
889
1386
1035
-71
-550
-246
-192
-748
-1517
-2190
-2034
-1163
-1291
-2481
-2693
-1611
-857
-967
-1331
-1425
-936
-23
484
13
-487
20
878
985
668
414
262
393
697
468
-333
-759
-636
-673
-1085
-1359
-1530
-1765
-1805
-1578
-1583
-1834
-1893
-1776
-1672
-1419
-1172
-1243
-1248
-718
-78
111
155
517
1018
1436
1729
1819
1886
2225
2666
2743
2557
2576
2939
3159
2645
1908
2021
2353
1566
531
773
1312
656
-441
-471
-39
-158
-756
-1446
-1910
-1365
-606
-1216
-2345
-2119
-968
-542
-923
-1363
-1349
-790
110
271
-491
-819
-43
639
536
179
-94
-183
80
399
65
-692
-961
-680
-696
-1051
-1155
-1222
-1471
-1405
-997
-946
-1224
-1300
-1098
-900
-752
-608
-619
-618
-299
66
172
321
671
851
879
1132
1520
1635
1574
1606
1798
2069
2237
2291
2061
1618
1777
2397
1840
577
712
1849
1710
367
-208
441
861
455
-426
-1331
-1245
-92
-97
-1712
-2393
-1431
-662
-891
-1484
-1903
-1719
-866
-229
-770
-1544
-1106
-86
129
-176
-339
-384
-145
338
400
-89
-374
-115
85
-161
-364
-311
-460
-662
-432
-224
-496
-820
-832
-741
-714
-802
-1000
-1144
-943
-619
-693
-902
-536
70
198
112
387
860
1224
1392
1455
1640
2110
2588
2668
2200
2029
2690
2836
1798
1236
1965
2272
1344
385
498
853
586
-272
-1233
-1595
-859
-510
-1791
-2908
-2318
-1309
-1291
-1831
-2272
-2059
-1176
-361
-555
-1263
-1058
58
659
415
156
163
486
998
1097
541
153
412
713
358
-244
-352
-265
-529
-807
-784
-804
-1079
-1384
-1477
-1307
-1209
-1480
-1879
-1772
-1102
-701
-1042
-1215
-453
505
759
556
658
1321
2059
2264
2069
2119
2669
3202
2861
2211
2464
2789
1969
1236
1631
1784
882
59
161
299
-76
-678
-1383
-1882
-1309
-791
-1728
-2736
-2184
-1186
-1063
-1406
-1647
-1489
-747
155
105
-597
-523
499
1066
790
436
331
499
908
986
378
-152
-49
179
-35
-569
-976
-1043
-1002
-1064
-1208
-1409
-1480
-1372
-1377
-1386
-1271
-1218
-1257
-1155
-827
-424
-282
-266
87
675
1076
1170
1210
1465
1901
2129
2140
2139
2304
2268
1919
1929
2139
1527
725
1036
1502
875
-85
-67
393
284
-269
-836
-1252
-875
-189
-759
-1868
-1616
-580
-378
-793
-1049
-1006
-595
72
227
-385
-661
1
572
407
110
-54
-112
173
437
89
-493
-511
-210
-283
-707
-940
-948
-958
-1044
-1051
-997
-954
-985
-1122
-1092
-713
-542
-941
-1231
-815
-161
-37
-381
-463
77
886
1267
894
525
1053
2013
2235
1742
1429
1498
1867
2377
2042
831
658
1839
2122
803
-157
376
1052
761
-126
-905
-916
31
293
-1022
-1994
-1202
-193
-363
-1090
-1480
-1230
-463
111
-323
-1102
-892
102
459
73
-250
-261
6
444
490
-104
-488
-216
83
-70
-513
-913
-910
-620
-532
-909
-1346
-1202
-743
-747
-1066
-1180
-1093
-840
-643
-727
-814
-580
-165
178
274
379
744
1222
1491
1524
1584
2038
2315
1869
1693
2116
2003
1454
1609
1881
1300
604
767
1019
524
-129
-533
-812
-550
-123
-857
-1931
-1603
-603
-595
-1243
-1511
-1326
-808
-187
-111
-727
-825
28
688
491
184
182
302
640
874
517
-80
-107
242
186
-407
-735
-674
-901
-1188
-1134
-1098
-1318
-1568
-1677
-1445
-1095
-1025
-1368
-1598
-1015
-117
-39
-509
-399
395
1197
1431
1159
1030
1640
2589
2844
1998
1366
2077
2773
2061
1144
1302
1570
1163
610
446
268
1
-344
-911
-1262
-831
-614
-1436
-1977
-1364
-710
-826
-1115
-1229
-1053
-450
158
-26
-523
-248
545
837
603
408
352
462
730
722
184
-256
-198
-57
-282
-685
-872
-941
-1081
-1183
-1195
-1303
-1447
-1532
-1506
-1286
-999
-953
-1081
-865
-214
302
270
224
645
1255
1563
1603
1577
1761
2218
2274
1818
1785
2095
1740
1204
1434
1600
840
98
319
549
74
-537
-969
-1202
-723
-321
-1139
-2025
-1515
-556
-522
-1037
-1314
-1092
-444
232
98
-590
-504
449
914
548
129
52
294
622
571
-29
-472
-234
85
-138
-609
-858
-870
-752
-676
-897
-1293
-1309
-953
-801
-950
-1077
-965
-632
-250
-80
-125
-2
528
1038
1122
1077
1310
1723
2054
1903
1410
1494
1994
1676
877
971
1506
1150
250
141
563
467
-147
-818
-1175
-698
-92
-729
-1814
-1583
-462
-94
-631
-1172
-1172
-591
120
66
-766
-1070
-287
449
334
-88
-305
-207
222
475
27
-645
-701
-342
-240
-438
-620
-728
-654
-303
-100
-382
-680
-513
-277
-249
-288
-275
-242
-25
286
427
421
585
827
938
1055
1253
1412
1273
1026
1241
1526
1070
599
1003
1363
819
134
294
682
470
-131
-698
-915
-348
98
-744
-1663
-1224
-260
-137
-647
-1105
-1074
-476
184
-49
-922
-1077
-316
170
-94
-479
-665
-475
11
212
-205
-658
-588
-250
-214
-461
-600
-558
-388
-178
-149
-300
-248
13
53
-144
-150
86
223
187
196
386
681
974
1122
1069
1092
1433
1537
1174
1118
1266
922
698
1209
1396
638
92
547
944
502
-255
-855
-968
-311
-24
-1126
-2100
-1491
-454
-441
-1096
-1562
-1436
-704
-14
-312
-1172
-1200
-314
275
113
-294
-508
-243
364
571
23
-538
-431
-7
52
-248
-489
-524
-358
-105
-105
-340
-365
-184
-118
-116
-4
116
112
154
381
608
747
926
1047
1120
1350
1439
1373
1531
1473
965
978
1691
1671
634
94
707
1143
682
-213
-970
-931
-46
57
-1283
-2201
-1540
-590
-630
-1323
-1889
-1765
-929
-267
-763
-1590
-1385
-465
-66
-284
-581
-643
-335
186
319
-182
-516
-181
191
60
-148
-109
-10
81
191
176
83
205
345
203
79
354
654
629
525
623
826
1079
1300
1181
703
676
1360
1448
547
203
993
1378
766
199
314
611
712
307
-576
-861
-44
284
-713
-1475
-1043
-407
-367
-739
-1242
-1366
-770
-191
-601
-1320
-1226
-613
-337
-471
-745
-937
-748
-274
-213
-741
-972
-651
-479
-556
-503
-386
-386
-325
-87
142
207
268
277
290
643
1108
1130
910
981
1343
1708
1812
1637
1283
1089
1468
1862
1204
242
438
1212
1056
146
-333
-78
271
160
-594
-1394
-1136
-269
-466
-1506
-1729
-1008
-427
-434
-836
-1165
-846
-32
255
-350
-780
-434
72
158
-48
-430
-647
-376
0
-216
-792
-974
-768
-619
-657
-798
-994
-991
-666
-345
-326
-346
-200
-5
296
705
871
752
828
1316
1788
1899
1651
1444
1750
2180
1870
1230
1309
1708
1412
755
600
754
636
172
-498
-935
-631
-313
-970
-1875
-1816
-1143
-886
-1178
-1595
-1706
-1207
-474
-440
-1030
-1177
-617
-68
23
-177
-402
-366
7
286
65
-378
-501
-297
-102
-111
-331
-578
-517
-148
66
-126
-380
-278
49
349
452
355
323
693
1196
1351
1043
795
1151
1510
1184
792
1029
1266
1005
674
730
887
840
562
17
-315
71
334
-385
-1112
-909
-364
-240
-506
-906
-1084
-703
-134
-301
-1005
-1136
-663
-337
-338
-592
-922
-840
-394
-222
-592
-924
-782
-496
-418
-441
-563
-639
-411
-90
1
-51
-31
118
328
578
764
760
789
1085
1407
1391
1114
1064
1272
1115
735
747
968
766
393
285
423
444
206
-334
-804
-605
-185
-537
-1301
-1354
-810
-407
-454
-758
-921
-565
45
191
-256
-523
-230
141
202
34
-175
-245
-72
122
45
-243
-420
-423
-360
-322
-402
-593
-665
-454
-187
-119
-108
-6
189
463
693
764
821
995
1131
1036
943
1127
1096
672
618
1021
924
359
139
335
346
99
-287
-774
-864
-400
-396
-1128
-1413
-941
-564
-616
-736
-848
-820
-443
-67
-236
-577
-484
-189
-61
-2
-44
-323
-410
-67
194
-37
-381
-446
-277
-49
64
-150
-411
-190
326
536
439
405
583
930
1255
1338
1181
1161
1349
1428
1372
1277
932
675
976
1198
675
44
63
299
143
-305
-889
-1306
-1062
-662
-1176
-2026
-1982
-1311
-1038
-1290
-1649
-1703
-1173
-475
-475
-1049
-1036
-321
162
72
-129
-181
35
426
577
313
60
142
298
305
258
184
13
-16
231
476
476
356
357
593
970
1177
1062
874
963
1292
1543
1395
891
778
1305
1583
993
362
429
764
670
146
-469
-704
-369
-237
-869
-1536
-1422
-1019
-1015
-1352
-1613
-1614
-1321
-997
-1119
-1500
-1440
-984
-772
-873
-995
-1002
-823
-500
-350
-549
-727
-488
-98
59
55
33
148
565
1067
1188
1105
1242
1638
1978
2085
1989
1826
1741
1871
1996
1613
1025
897
1165
1028
411
-64
-65
30
-87
-549
-1127
-1152
-675
-656
-1313
-1676
-1352
-881
-825
-1081
-1366
-1241
-652
-311
-629
-939
-710
-311
-131
-260
-496
-574
-307
-57
-232
-573
-548
-303
-246
-335
-396
-295
-48
170
197
261
596
998
1076
990
1140
1435
1546
1445
1280
1131
1189
1455
1434
897
500
745
1033
786
218
-248
-358
-56
76
-554
-1328
-1261
-689
-614
-1102
-1612
-1657
-1233
-880
-1121
-1612
-1603
-1078
-701
-755
-908
-873
-553
-193
-118
-287
-323
-143
77
163
173
226
380
627
853
995
1117
1288
1400
1467
1555
1602
1498
1368
1322
1198
1042
1086
1106
714
301
345
475
226
-252
-690
-922
-761
-565
-985
-1674
-1673
-1147
-946
-1230
-1521
-1583
-1321
-846
-708
-1060
-1173
-739
-329
-169
-130
-128
-136
51
345
366
97
-17
14
80
255
324
168
135
448
794
891
848
867
936
1136
1262
1121
970
952
928
1009
1154
985
590
509
763
760
384
-1
-244
-248
-64
-223
-806
-1057
-766
-612
-836
-1095
-1276
-1290
-1042
-950
-1274
-1465
-1204
-952
-941
-929
-868
-864
-702
-470
-477
-574
-460
-317
-225
0
257
346
461
840
1230
1419
1511
1576
1663
1823
1872
1699
1498
1347
1237
1211
1119
740
312
252
295
37
-405
-720
-909
-882
-851
-1099
-1446
-1423
-1157
-1019
-1056
-1193
-1218
-952
-573
-550
-732
-668
-313
-31
89
48
-20
147
438
436
183
90
175
215
170
172
176
229
380
529
591
663
778
838
793
721
748
751
613
440
433
458
354
210
128
45
-40
-91
-268
-506
-537
-475
-589
-750
-774
-744
-710
-676
-723
-835
-798
-655
-637
-709
-697
-602
-488
-348
-274
-260
-173
-1
101
119
154
248
344
440
575
709
851
1062
1214
1259
1321
1478
1532
1355
1137
1063
993
796
575
399
166
-75
-151
-231
-503
-787
-906
-1024
-1131
-1133
-1183
-1372
-1409
-1181
-1024
-1038
-1044
-973
-885
-695
-524
-548
-582
-444
-221
-117
-89
-84
-29
72
211
252
184
236
451
627
708
833
1020
1239
1402
1501
1544
1588
1628
1509
1294
1189
1101
833
536
321
104
-92
-241
-487
-852
-1020
-1017
-1111
-1322
-1404
-1453
-1470
-1294
-1124
-1218
-1235
-991
-759
-658
-564
-488
-432
-219
51
63
-50
52
229
275
268
214
142
228
437
492
410
476
726
973
1131
1168
1139
1262
1503
1517
1236
1046
1008
891
685
517
246
-73
-220
-243
-432
-716
-913
-1052
-1165
-1156
-1158
-1347
-1471
-1370
-1192
-1124
-1084
-1058
-990
-794
-541
-447
-455
-349
-149
22
88
113
161
279
381
389
348
435
580
677
724
801
958
1197
1375
1406
1398
1481
1566
1474
1318
1133
892
708
634
415
69
-141
-206
-379
-621
-800
-1014
-1194
-1221
-1320
-1574
-1667
-1547
-1471
-1524
-1492
-1397
-1242
-982
-790
-803
-731
-427
-92
56
51
93
301
615
778
673
552
702
1006
1147
1069
964
1054
1324
1522
1443
1226
1156
1213
1212
1045
740
390
292
324
149
-185
-352
-413
-542
-660
-786
-998
-1186
-1176
-1212
-1388
-1464
-1351
-1298
-1275
-1208
-1111
-961
-716
-535
-494
-412
-161
115
249
318
389
488
683
862
862
800
872
1027
1129
1133
1129
1134
1149
1192
1163
1022
869
771
597
404
208
38
-145
-315
-461
-567
-617
-693
-885
-1023
-1010
-1060
-1131
-1173
-1310
-1327
-1126
-990
-1059
-1090
-884
-636
-488
-354
-289
-248
27
290
296
311
462
590
659
734
811
835
934
1064
1082
1092
1270
1366
1332
1314
1317
1301
1262
1159
941
710
541
431
178
-141
-358
-449
-565
-796
-1105
-1269
-1352
-1444
-1533
-1792
-1956
-1858
-1684
-1680
-1698
-1599
-1379
-1135
-856
-666
-613
-354
10
206
348
567
745
923
1119
1262
1331
1434
1612
1645
1608
1691
1774
1700
1641
1577
1435
1313
1186
1017
770
504
266
61
-202
-492
-753
-888
-1024
-1231
-1495
-1658
-1655
-1638
-1726
-1914
-1960
-1745
-1509
-1410
-1366
-1280
-1001
-601
-357
-251
-151
69
389
583
659
697
759
902
1052
1055
1026
1045
1113
1182
1151
1097
1122
1147
1075
1017
974
904
838
796
701
555
414
356
210
-40
-226
-337
-438
-600
-842
-1064
-1159
-1147
-1163
-1374
-1543
-1461
-1289
-1227
-1265
-1299
-1199
-977
-764
-703
-704
-518
-243
-56
83
205
292
466
711
851
854
915
1113
1226
1291
1296
1209
1277
1415
1318
1119
1058
1028
994
873
625
487
406
263
38
-221
-415
-524
-624
-820
-1024
-1091
-1076
-1087
-1106
-1125
-1127
-1040
-905
-836
-809
-744
-644
-486
-294
-254
-233
-57
107
134
155
219
242
337
471
305
251
446
415
383
372
246
314
414
338
252
245
328
373
398
359
315
408
454
386
308
248
186
183
165
90
18
-33
-54
-67
-73
-131
-172
-216
-283
-297
-297
-318
-366
-380
-322
-291
-301
-307
-295
-293
-294
-277
-237
-221
-230
-167
-104
-84
-106
-65
-42
-45
-34
-15
-28
-19
57
136
159
172
233
258
278
262
230
238
214
167
166
138
129
144
145
132
101
113
143
125
104
90
82
90
131
131
77
78
69
69
87
53
-21
-53
-82
-78
-72
-148
-240
-279
-271
-277
-320
-388
-424
-404
-313
-272
-325
-317
-201
-85
-35
-45
-48
33
150
216
159
113
168
236
296
254
153
173
257
256
208
147
125
184
203
174
123
97
138
163
101
79
86
80
103
50
-18
1
6
-27
-73
-154
-174
-141
-159
-222
-272
-283
-232
-196
-225
-254
-239
-188
-110
-99
-164
-168
-104
-41
-14
-50
-78
-24
70
108
77
44
64
130
189
160
109
100
163
220
204
167
144
160
206
216
177
148
141
135
123
84
33
-12
-51
-84
-118
-146
-174
-210
-227
-213
-205
-195
-204
-218
-188
-134
-106
-124
-129
-87
-22
27
21
1
14
76
123
113
67
53
91
140
129
75
57
78
115
117
86
61
68
96
105
89
76
76
75
72
62
56
40
8
-14
-19
-21
-40
-96
-149
-161
-134
-133
-179
-215
-205
-140
-99
-124
-156
-136
-62
-4
-8
-53
-57
6
69
68
34
25
62
120
130
100
74
92
126
136
112
88
79
89
97
87
84
87
75
71
69
67
56
29
0
-17
-4
-1
-29
-64
-81
-73
-52
-67
-115
-133
-120
-95
-87
-110
-124
-113
-79
-64
-75
-91
-80
-51
-33
-36
-40
-27
4
27
30
33
42
66
90
93
90
96
107
122
116
102
98
92
95
96
87
75
61
47
35
23
2
-16
-40
-55
-66
-77
-95
-110
-120
-115
-115
-123
-125
-126
-109
-92
-86
-80
-64
-45
-14
7
12
31
56
75
92
103
105
114
130
131
124
119
112
109
108
95
78
68
57
47
31
6
-22
-33
-42
-51
-65
-86
-98
-98
-92
-96
-104
-114
-113
-101
-89
-88
-94
-99
-93
-76
-68
-69
-75
-79
-65
-44
-33
-30
-30
-30
-13
8
20
27
31
43
69
93
104
110
116
131
153
168
166
168
171
187
194
189
172
157
146
142
123
90
57
27
9
-15
-48
-87
-114
-137
-155
-183
-211
-234
-243
-249
-257
-266
-266
-255
-236
-219
-209
-190
-164
-126
-88
-60
-34
-4
38
87
122
145
170
196
233
269
278
275
270
274
284
285
262
229
209
199
194
165
118
73
49
37
13
-33
-82
-113
-120
-124
-150
-191
-217
-217
-205
-202
-218
-234
-225
-197
-174
-167
-170
-162
-134
-105
-92
-93
-89
-68
-35
-11
-4
-1
9
31
48
54
52
60
77
99
111
116
123
136
156
165
167
166
171
180
192
195
184
170
155
151
142
122
84
46
19
5
-20
-65
-115
-148
-154
-161
-191
-238
-267
-261
-240
-241
-269
-289
-269
-220
-184
-179
-179
-146
-78
-23
-8
-11
14
82
148
175
168
171
212
261
278
256
232
230
243
237
203
161
139
133
119
88
46
21
6
-10
-33
-55
-68
-70
-74
-81
-89
-90
-87
-84
-86
-91
-99
-107
-108
-103
-96
-99
-110
-121
-111
-92
-84
-96
-111
-98
-60
-23
-12
-13
3
51
102
118
104
96
122
159
169
139
104
104
122
123
77
17
-22
-24
-27
-61
-113
-144
-136
-113
-108
-126
-134
-111
-66
-34
-21
-14
9
52
90
106
107
113
128
140
136
120
101
88
73
50
21
-5
-24
-41
-61
-78
-89
-88
-87
-90
-88
-73
-47
-27
-21
-16
3
38
65
65
48
50
75
98
83
35
-3
-5
15
1
-54
-115
-130
-103
-89
-125
-185
-203
-164
-112
-107
-146
-166
-123
-43
5
-6
-28
3
83
150
155
126
122
167
219
223
182
148
159
188
182
133
78
59
68
61
13
-45
-75
-70
-64
-86
-124
-142
-132
-113
-108
-116
-116
-100
-72
-51
-37
-23
-3
19
39
56
71
86
92
94
99
110
122
119
107
95
90
85
69
42
13
-2
-12
-27
-49
-71
-88
-101
-112
-128
-144
-153
-156
-159
-163
-166
-164
-155
-144
-131
-116
-96
-78
-60
-48
-33
-16
6
26
43
61
82
104
120
129
133
148
165
179
179
174
174
189
206
208
192
174
175
186
191
170
133
101
86
73
44
-4
-51
-81
-97
-121
-161
-206
-239
-253
-265
-283
-307
-319
-313
-293
-277
-263
-244
-215
-178
-143
-114
-87
-57
-21
16
49
79
105
131
153
170
184
195
202
204
207
213
217
220
212
200
191
191
189
171
141
111
96
86
68
32
-11
-41
-57
-76
-113
-158
-187
-190
-187
-199
-224
-238
-221
-190
-171
-174
-172
-142
-92
-52
-36
-28
1
48
87
96
89
95
123
148
148
126
112
121
135
132
109
86
83
87
82
61
43
40
42
35
15
-5
-12
-13
-24
-44
-64
-75
-82
-96
-118
-139
-151
-156
-165
-178
-184
-179
-169
-164
-162
-154
-128
-97
-72
-55
-32
12
61
101
122
140
171
214
245
254
254
262
283
295
283
255
231
219
204
168
117
71
39
9
-30
-76
-115
-139
-158
-187
-214
-225
-227
-228
-239
-246
-231
-198
-174
-169
-168
-146
-101
-66
-61
-68
-54
-14
22
23
4
-1
23
50
49
26
13
31
60
68
54
46
68
106
128
124
118
138
178
200
193
175
178
202
215
193
149
117
110
101
63
-3
-58
-79
-83
-107
-159
-208
-225
-213
-211
-234
-262
-259
-223
-188
-178
-186
-173
-128
-80
-56
-60
-59
-33
8
33
32
26
35
63
84
87
76
77
95
116
126
121
122
134
157
173
175
168
164
168
173
166
142
113
93
81
65
33
-14
-55
-80
-95
-123
-165
-203
-216
-210
-206
-222
-238
-233
-198
-157
-135
-129
-108
-60
-6
28
39
49
81
127
156
158
147
149
164
173
157
128
107
102
99
84
57
33
21
15
8
-8
-26
-36
-38
-36
-36
-36
-35
-34
-34
-30
-27
-24
-25
-30
-34
-31
-25
-26
-34
-46
-50
-46
-43
-51
-60
-63
-53
-44
-44
-52
-52
-41
-28
-22
-22
-18
-2
15
22
20
23
38
50
52
48
49
61
72
69
53
45
52
62
55
31
8
5
11
9
-11
-36
-47
-40
-35
-48
-70
-82
-72
-55
-51
-60
-63
-47
-17
5
3
-2
8
38
62
67
57
61
86
114
120
102
87
88
103
105
85
56
41
46
49
36
4
-27
-42
-46
-52
-73
-103
-123
-126
-123
-128
-144
-163
-164
-153
-142
-143
-148
-144
-122
-96
-77
-68
-56
-34
-5
22
41
55
74
99
124
143
157
167
179
192
201
205
201
195
191
186
181
168
146
122
105
96
81
55
21
-8
-27
-41
-65
-96
-127
-146
-153
-160
-180
-205
-222
-221
-213
-212
-221
-227
-215
-196
-174
-165
-154
-136
-106
-76
-53
-34
-11
20
50
77
99
123
147
169
185
198
210
217
219
217
220
222
218
205
189
175
163
145
118
86
59
43
29
5
-31
-62
-83
-100
-123
-153
-184
-203
-211
-216
-224
-236
-241
-231
-218
-209
-207
-200
-183
-159
-137
-117
-92
-60
-19
17
47
74
103
134
163
188
214
231
245
257
273
283
279
264
249
243
234
212
175
137
111
94
65
16
-32
-62
-74
-98
-146
-192
-213
-215
-230
-265
-296
-301
-284
-279
-291
-299
-279
-241
-214
-206
-194
-156
-100
-56
-33
-13
25
79
128
154
172
198
236
275
298
305
311
322
334
340
330
310
291
273
252
220
181
141
98
58
20
-19
-60
-105
-149
-187
-220
-252
-280
-305
-325
-338
-339
-333
-326
-317
-306
-281
-252
-221
-191
-160
-126
-89
-51
-18
9
37
72
109
141
160
175
195
219
235
238
233
231
239
244
238
221
205
198
195
181
154
125
104
88
67
31
-4
-27
-48
-76
-114
-146
-167
-179
-197
-224
-246
-252
-246
-240
-243
-246
-233
-204
-177
-158
-142
-122
-92
-60
-30
-5
23
51
82
114
139
159
176
189
205
221
224
220
214
216
217
213
190
167
153
147
127
92
55
32
20
-8
-50
-99
-126
-137
-156
-191
-221
-226
-215
-214
-228
-234
-221
-194
-172
-159
-139
-107
-65
-22
13
48
80
111
142
174
193
196
196
202
213
215
195
169
155
151
142
113
75
50
37
23
-6
-38
-69
-85
-93
-107
-131
-145
-144
-139
-134
-151
-164
-160
-150
-148
-146
-141
-124
-102
-84
-68
-54
-39
-24
-5
11
25
44
68
86
97
109
124
135
137
136
139
145
147
146
138
128
124
119
107
86
61
45
34
21
4
-21
-44
-51
-56
-70
-90
-109
-123
-128
-130
-138
-159
-169
-157
-143
-143
-153
-151
-132
-107
-98
-93
-82
-53
-15
7
16
26
60
92
110
115
128
152
175
188
189
189
196
202
198
185
171
164
155
133
109
86
59
29
-9
-45
-72
-96
-128
-159
-182
-195
-200
-214
-230
-234
-230
-220
-213
-209
-196
-170
-147
-125
-104
-77
-44
-16
7
37
67
90
114
129
145
165
184
193
196
207
223
223
206
189
185
186
181
155
127
117
111
96
63
30
12
2
-25
-67
-92
-105
-113
-135
-160
-184
-186
-180
-186
-197
-207
-197
-174
-153
-157
-159
-138
-101
-73
-70
-71
-51
-12
13
19
21
30
53
80
88
79
78
95
118
128
114
106
120
145
154
133
110
107
125
135
116
83
66
69
73
56
21
-2
-7
-9
-20
-52
-77
-88
-94
-102
-116
-127
-130
-131
-133
-133
-130
-126
-121
-115
-106
-95
-80
-66
-51
-39
-16
11
29
42
52
60
73
89
92
92
98
108
112
115
109
107
103
83
67
58
44
27
9
-9
-14
-19
-24
-37
-54
-56
-51
-54
-66
-74
-71
-60
-49
-53
-61
-59
-43
-30
-29
-37
-33
-14
1
3
-6
-6
1
13
13
8
9
21
30
27
17
19
31
39
39
37
43
57
69
64
59
61
67
67
57
40
38
49
50
42
24
6
0
-1
-10
-29
-47
-55
-50
-47
-60
-73
-72
-58
-49
-58
-75
-75
-58
-45
-47
-57
-56
-39
-18
-13
-22
-25
-9
6
9
4
-2
8
21
32
36
37
40
52
57
56
54
55
57
60
62
63
63
60
55
52
50
44
37
28
17
6
-4
-25
-41
-41
-42
-50
-55
-62
-69
-68
-69
-73
-80
-83
-79
-70
-63
-65
-60
-45
-31
-23
-10
-7
-3
4
10
13
12
16
19
27
31
33
38
44
37
29
35
39
34
29
35
47
62
59
46
44
47
38
29
12
-1
0
7
17
24
18
14
10
3
-3
-14
-28
-42
-48
-49
-42
-33
-36
-41
-51
-58
-67
-74
-99
-107
-88
-68
-58
-47
-21
9
22
8
1
23
67
94
95
94
123
165
176
141
116
100
107
104
78
61
46
53
47
14
-15
-39
-45
-40
-50
-78
-94
-101
-94
-93
-111
-113
-93
-74
-44
-24
-48
-69
-89
-78
-85
-112
-124
-96
-33
1
15
19
31
53
67
56
35
23
52
77
95
109
96
94
97
88
87
83
75
74
82
85
85
68
41
24
-8
-27
-40
-43
-46
-46
-33
-33
-33
-39
-81
-125
-162
-195
-190
-179
-160
-136
-124
-101
-90
-77
-67
-60
-46
-35
-21
13
62
94
108
111
111
105
120
106
82
76
57
70
67
61
32
5
13
26
33
33
27
55
86
74
42
4
14
33
43
34
1
-9
-22
-45
-65
-76
-92
-103
-136
-189
-212
-225
-194
-149
-87
-44
2
45
76
105
127
137
116
92
85
106
111
117
115
132
182
201
181
145
76
27
-14
-63
-70
-65
-46
-8
50
118
167
162
173
177
166
153
90
34
-1
-51
-112
-127
-148
-160
-174
-198
-210
-194
-231
-236
-231
-203
-266
-802
-1119
-777
-769
-1192
-810
174
715
763
848
1049
1134
1071
668
181
146
287
173
-50
54
153
162
470
261
-104
-11
-145
-261
-392
-839
-592
-258
-415
-231
82
231
368
275
142
63
-216
-306
-106
-416
-397
229
116
-74
163
470
299
41
64
95
6
-143
-272
-205
47
53
-91
53
113
57
46
-126
-66
109
-72
111
49
58
341
79
-109
105
89
177
-21
-177
223
238
140
-27
107
75
-21
-194
-254
-19
-213
-593
-236
-64
-197
-730
-437
272
-14
-87
-107
249
496
344
125
-305
72
527
-13
-371
156
335
188
429
-40
51
382
-185
-115
33
-374
-94
-43
-164
169
83
-102
212
253
124
-28
49
187
66
-36
135
88
-159
-157
5
-118
-411
-220
25
-109
-404
-32
54
-227
-305
-88
-84
-257
-212
-50
100
33
19
119
186
184
167
85
10
192
341
-66
163
355
72
273
197
-73
267
59
-125
80
58
-129
-11
119
-90
-147
10
23
-106
-234
-137
104
-147
-61
64
-126
-60
-120
-168
-9
-124
14
214
-96
-28
92
-103
-151
-162
-255
-133
-117
-89
-11
5
72
186
192
-3
41
247
8
-101
223
200
140
167
106
171
65
3
133
33
-43
159
74
-105
-102
-59
4
-136
-187
-43
17
-40
-55
-92
-32
-105
-56
-94
-130
-56
-54
-142
41
48
-89
72
60
-72
-156
-86
-3
-36
-108
109
148
-75
31
46
-67
-90
-66
25
104
115
167
195
191
167
65
-29
-13
-52
-93
-73
34
47
34
74
-13
-13
45
-16
-148
-106
-27
16
-56
-88
49
105
-41
-43
-37
-58
-39
25
66
-1
29
129
82
1
21
-58
-77
3
18
-65
-54
95
92
38
26
104
148
60
71
64
-15
-13
78
-28
-135
6
112
-56
-103
87
14
-116
16
43
-135
-102
-38
-85
-117
-80
-31
-18
-56
-29
91
-14
-87
6
29
-65
-65
-4
12
-2
14
64
43
22
74
56
-2
2
52
32
7
9
-14
-1
-13
-14
-2
-8
17
17
18
0
-12
14
-1
11
21
9
-22
11
55
-12
-21
38
30
41
1
-29
15
-15
-51
-37
-40
-45
-48
-70
-77
-55
-32
-34
-55
-12
15
-2
-6
-1
4
5
27
50
28
11
52
75
52
25
60
67
31
25
17
-7
-1
10
3
10
21
30
20
28
31
34
-6
-37
19
19
-27
-1
-2
-24
-21
-32
-37
-52
-46
-21
-21
-47
-39
-1
-29
-49
-18
1
7
-21
-32
-2
-13
-9
14
-9
4
48
26
28
24
20
15
-5
-1
21
-10
-30
25
17
10
25
27
26
14
-4
-1
9
4
-18
-4
24
19
15
3
-13
-23
-10
25
-18
-47
1
10
-30
-33
-16
-31
7
22
-9
-7
-8
19
28
-36
-39
16
-4
-4
3
-24
-12
21
18
-30
-43
-12
-5
-3
-10
-9
15
5
-10
-4
-15
-34
-12
-1
22
8
