SAMPLES:	8082
BITSPERSAMPLE:	16
CHANNELS:	1
SAMPLERATE:	16000
NORMALIZED:	FALSE
1
0
-1
-1
1
0
-1
0
0
1
0
0
-1
0
1
0
-1
0
0
1
0
-1
0
0
1
0
0
0
-1
0
0
0
0
0
1
1
0
0
0
0
1
1
1
1
0
0
-1
0
-1
-1
0
0
1
0
-1
0
0
2
0
-1
0
0
1
0
-1
2
-1
2
1
-2
0
-1
3
3
-2
-1
-4
1
1
2
0
-3
3
-1
2
-3
-2
3
1
1
1
-1
3
-3
1
2
-1
6
1
-1
4
-2
0
2
-2
1
-6
-9
2
9
2
-1
-5
2
8
2
2
-1
-7
-1
-2
2
11
1
-6
4
8
3
0
-7
0
3
-4
2
3
-4
11
1
0
2
-2
0
8
2
-6
-4
5
8
7
-15
-15
-3
19
7
-4
-15
2
-1
14
-38
2
-19
63
151
-157
-108
-99
172
117
-112
-118
11
68
104
-36
-78
57
74
45
-140
-19
-15
73
-35
-14
56
-4
24
35
-86
-11
34
14
-8
-56
-1
34
-35
23
25
-32
28
32
-36
-47
-16
20
131
-130
-76
9
75
115
-83
-121
-17
116
64
-112
-7
38
84
-25
-95
20
-18
56
35
-18
-20
-12
50
-54
-15
25
19
11
29
-31
-23
19
-18
13
-33
18
35
-26
-17
-19
27
4
-45
23
6
16
18
-16
-43
-52
51
30
-26
23
-21
45
11
-33
-15
-17
-2
57
2
-18
-17
28
1
2
-19
-9
47
30
-40
-17
-51
83
17
-72
25
-16
52
8
-46
0
-10
43
43
-102
10
-40
84
32
-85
18
42
-3
62
-121
20
44
-39
48
-123
35
50
10
-32
-27
25
84
-40
16
-72
45
16
18
32
-132
29
77
50
2
-41
-45
143
-22
-5
-107
-82
148
91
-42
-139
-41
105
78
8
-181
-93
227
-8
41
-186
-78
314
-15
-124
-109
44
164
-19
-23
-71
-42
30
91
51
-186
133
-13
-38
-105
-79
-42
-43
42
-4
4
-28
205
64
76
52
82
-63
-135
28
-107
-88
-22
131
63
23
-16
3
55
65
-44
-45
6
1
11
-122
-81
18
118
19
105
-42
-71
12
-94
38
89
-38
85
-6
5
-30
-35
-19
119
-157
83
4
-78
35
-181
-75
-112
205
-5
-247
-12
25
22
-24
-36
-172
-499
49
133
-44
-565
-215
213
127
210
354
108
278
613
-36
-25
-182
204
203
-114
78
59
70
362
70
77
-99
-180
-44
-201
-167
-277
-186
74
278
-88
129
-228
319
-66
-658
-229
-283
278
-276
-285
-20
150
469
432
-263
-38
467
344
-108
-548
129
139
72
-43
49
-53
-53
196
131
-210
-39
355
-115
-293
29
-19
156
-23
288
-125
-235
354
183
-149
-367
278
-78
14
-40
99
59
-315
392
-135
-158
275
-129
-106
107
1
440
-452
-220
191
199
7
-99
-122
-282
272
331
-271
-309
-135
92
619
-495
117
-442
-112
-256
545
-635
-139
-412
239
348
-144
450
19
595
-8
365
-89
-256
226
26
149
226
-212
-126
-195
4
372
-737
-613
-28
147
-308
-401
-260
366
-99
512
-126
-10
197
-166
181
-171
393
-34
-68
169
443
290
-79
-379
384
42
-11
130
-499
304
-119
51
-31
14
-121
56
262
-174
-75
-246
290
-223
360
-352
276
-518
-69
416
-605
50
-294
88
301
-316
241
373
-285
397
359
-728
362
-197
231
-275
237
579
-855
434
140
368
-200
-175
592
-341
-118
-24
-238
-454
257
457
-473
-239
122
6
-6
60
254
-51
-466
191
30
-249
247
396
177
-221
-646
59
-22
24
-241
-536
-114
248
173
-649
-187
138
437
-17
-389
291
62
479
154
74
685
426
218
-114
85
545
-151
-266
184
149
-35
-407
332
-641
-1
258
101
-3
-871
134
-176
-290
75
-221
35
152
138
-147
-365
65
435
253
63
348
-419
-112
95
222
-96
31
186
-298
146
-197
-394
-332
90
192
-84
-953
56
235
-520
266
276
448
-209
102
204
-345
-172
574
466
-7
110
302
-254
-322
581
-12
98
249
11
-345
-208
259
34
-171
341
357
-388
-252
-55
36
-217
457
216
-334
137
-164
-87
-212
157
439
-304
-119
100
-65
-502
137
275
-98
-7
-53
-158
-179
105
240
-103
-100
104
-32
-165
36
130
-66
-134
262
-184
-150
45
-73
-174
83
155
-209
-211
381
182
-631
-161
257
189
-415
-51
239
-117
-360
354
-143
-128
339
-7
-231
-249
465
-46
-286
142
556
-71
-159
28
144
102
286
230
-263
92
595
-45
-193
171
249
71
-169
348
-142
-384
9
432
-185
-376
66
107
-39
-168
15
-141
226
281
-198
-309
48
309
-92
-116
49
-250
-158
164
47
-264
-67
111
-117
18
-208
-214
-280
-18
177
-216
-504
67
227
-115
-7
-13
-38
-235
98
122
11
-28
136
139
2
230
269
91
181
370
114
10
364
444
15
-192
264
338
159
-15
74
147
73
168
-82
8
45
-153
-122
-35
7
-173
-306
-1
-33
-285
-401
-369
-210
-150
2
-307
-469
-253
-204
-189
-216
-285
-144
-321
-165
-68
-171
-286
-200
1
-1
-105
-212
-34
60
255
210
211
258
335
272
234
479
465
362
507
657
537
511
583
595
592
529
700
175
522
548
277
-138
253
292
103
55
-32
-131
-365
45
-172
-472
-295
-186
-501
-473
-467
-715
-536
-346
-607
-929
-854
-818
-1025
-1084
-1000
-780
-981
-928
-1069
-1162
-1054
-707
-602
-649
-581
-576
-342
-30
215
350
306
343
886
1132
1053
929
1265
1477
1646
1688
1373
1400
1626
2075
1696
1448
1337
1420
1226
1232
1216
1023
1084
949
499
25
361
514
180
-212
-193
-341
-694
-758
-1035
-1251
-1099
-1151
-1652
-2208
-2200
-2240
-2280
-2213
-2270
-2553
-2748
-2625
-2400
-2214
-2003
-1677
-1491
-1318
-1167
-905
-507
120
653
811
760
723
1184
1546
1648
1782
1858
1968
2287
2319
2200
2058
2199
2321
2204
2118
1860
1797
1796
2241
2241
1854
2063
2128
1761
1194
1283
1211
1018
816
220
-447
-768
-535
-875
-1428
-1991
-2291
-2719
-2974
-3275
-3799
-3825
-3704
-3637
-3895
-3789
-3518
-3283
-3108
-2694
-2141
-1815
-1470
-991
-657
-283
383
920
1151
1364
1632
1838
1776
2102
2207
2412
1976
1909
2002
2202
2267
1837
1837
1783
2248
2053
1777
1715
2121
2431
2306
2174
1905
1839
1823
2073
1893
1483
1071
778
404
79
-243
-724
-1298
-1652
-1953
-2567
-3280
-3671
-3596
-3644
-3827
-4261
-4497
-4308
-3781
-3368
-3364
-2972
-2462
-1970
-1526
-1069
-795
-390
482
1029
940
874
1329
1690
1565
1733
1968
1830
1554
1387
1684
1812
1782
1543
1426
1665
1759
1476
1174
1695
2174
2427
2011
2142
2341
2184
2103
2274
2283
1642
1639
1528
968
458
463
353
-152
-774
-1167
-1436
-1832
-2348
-2981
-3028
-2910
-3226
-3705
-3811
-3447
-3121
-2919
-2878
-2497
-2035
-1756
-1570
-1376
-1065
-566
203
228
207
-51
524
892
988
859
627
935
1148
1028
726
937
1025
1207
1050
1143
1096
1510
1058
1144
1524
1857
1513
996
1663
1901
1925
1208
1222
1218
1549
1198
742
583
772
569
213
135
-170
-376
-539
-669
-901
-1092
-1470
-1518
-1498
-1562
-1691
-1722
-1597
-1456
-1442
-1334
-1303
-1236
-1115
-855
-684
-703
-716
-606
-370
-227
-432
-291
-172
-64
-53
-95
60
173
33
106
268
437
431
203
517
730
952
620
706
789
873
796
845
862
705
777
563
685
596
519
505
427
366
406
332
334
247
337
195
119
58
120
-8
-158
-2
-41
-125
-186
-159
-202
-335
-300
-256
-360
-444
-424
-442
-551
-549
-464
-485
-625
-671
-504
-584
-608
-660
-604
-437
-428
-439
-388
-196
-130
-164
-319
-62
119
102
-71
102
322
211
63
25
282
207
98
41
239
473
400
163
236
477
466
563
472
406
559
750
764
560
625
683
656
559
499
388
332
453
386
64
-27
224
211
-94
-349
-177
-153
-296
-341
-351
-457
-500
-421
-587
-586
-566
-643
-669
-505
-430
-643
-663
-509
-558
-666
-459
-379
-630
-839
-434
-279
-560
-675
-592
-164
-175
-167
-229
-44
-59
163
321
145
248
505
946
651
661
882
1159
942
822
953
1065
946
770
810
906
829
563
600
727
682
355
342
426
292
150
99
153
57
-46
-65
-203
-205
-346
-352
-539
-696
-708
-864
-862
-830
-985
-1266
-953
-1134
-1227
-1139
-957
-1285
-1202
-773
-1048
-1241
-801
-433
-822
-603
-20
-119
-389
154
714
147
338
762
948
518
925
921
519
916
1132
896
685
1126
1000
764
988
1116
842
965
1103
825
707
1147
1069
628
677
975
650
365
449
286
125
159
50
-399
-468
-392
-559
-1005
-947
-848
-1184
-1459
-1329
-1310
-1552
-1411
-1238
-1478
-1554
-1304
-1138
-1247
-1031
-763
-874
-803
-708
-284
-401
-269
128
23
125
316
554
424
252
668
909
793
570
626
866
923
1026
880
1047
1313
1204
1133
1283
1345
1148
1200
1351
1166
979
1009
1054
809
651
575
358
213
223
-151
-449
-467
-443
-636
-958
-921
-954
-1026
-1289
-1265
-1262
-1304
-1295
-1317
-1353
-1337
-969
-1147
-1288
-1122
-594
-859
-969
-528
-538
-690
-480
-45
-488
-359
95
229
75
186
218
382
575
738
582
650
922
1073
1136
911
1271
1192
1248
1409
1508
1099
1188
1374
1317
1068
1045
970
717
779
683
401
96
214
13
-78
-321
-529
-662
-579
-570
-806
-805
-1003
-971
-954
-1047
-1212
-1133
-1167
-1170
-1096
-1306
-1316
-1089
-794
-1258
-1053
-830
-994
-837
-622
-748
-795
-191
-85
-380
-147
328
281
123
485
742
484
688
1103
1180
887
910
1357
1499
1210
923
1333
1618
1376
1081
1265
1229
1173
1244
1162
773
675
973
642
135
45
321
-33
-342
-175
-370
-529
-398
-607
-1017
-756
-642
-1327
-1381
-1033
-1143
-1521
-1254
-1061
-1539
-1632
-930
-1117
-1527
-1195
-857
-1156
-1039
-469
-865
-796
-336
15
-406
-198
358
362
266
718
863
452
806
1116
868
704
1362
1469
1144
1360
1443
1343
1432
1515
1506
1509
1404
1147
1299
1077
681
708
767
316
65
130
-154
-404
-230
-382
-872
-748
-663
-963
-1295
-1105
-1195
-1317
-1291
-1515
-1618
-1467
-1376
-1599
-1399
-1264
-1184
-1172
-1002
-901
-1213
-733
-406
-597
-698
-54
188
43
377
362
694
1177
918
520
1086
1490
1160
1213
1343
1586
1770
1898
1503
1534
1968
2059
1359
1178
1620
1416
930
923
841
492
431
57
-265
-353
-266
-854
-1184
-1294
-1248
-1565
-1754
-1917
-1829
-1443
-1875
-1965
-1785
-1416
-1729
-1549
-1520
-1675
-1256
-1012
-1170
-1368
-412
-540
-998
-409
131
-453
-260
756
319
143
842
1396
979
1009
1515
1560
1649
1772
2100
1814
1847
2510
2194
1764
2349
2505
1748
1762
1845
1517
1409
1238
631
490
604
144
-464
-663
-778
-1125
-1388
-1621
-1998
-2129
-2128
-2471
-2491
-2193
-2402
-2796
-2347
-1902
-1802
-1738
-1822
-1416
-932
-970
-1213
-959
-616
-506
-674
-642
-117
-83
-308
283
541
534
504
735
1092
1370
1709
1642
1851
2041
2365
2425
2596
2586
2639
3014
2888
2240
1783
2311
2220
1994
1360
1287
1181
1132
398
-163
-188
-462
-930
-1407
-1519
-2007
-2265
-2415
-2625
-2829
-2731
-2946
-3115
-2871
-2612
-2696
-2559
-2134
-2137
-2051
-1478
-1133
-1283
-735
-556
-928
-522
-49
-606
-615
115
216
179
208
532
795
1458
1490
1080
1624
2907
2646
1814
2936
3546
3064
3257
4197
3363
2837
3201
2951
2355
2503
2642
1689
1197
1326
1324
452
-412
-689
-789
-1199
-1984
-2586
-2649
-2779
-3094
-3113
-3357
-3805
-3600
-3366
-3448
-3373
-2933
-2936
-3071
-2569
-1803
-1787
-1864
-982
-390
-941
-850
-14
-444
-743
-159
645
147
-324
206
1114
1473
1339
1718
2160
2508
2254
2948
3032
3145
3353
3988
3979
4384
4250
3555
2682
3061
3416
2486
1309
1495
1743
946
661
364
-159
-985
-1119
-1385
-2225
-3010
-3056
-3170
-3466
-3464
-3310
-3902
-4130
-3507
-3303
-3564
-3464
-2975
-3171
-3197
-2301
-1425
-1734
-1513
-779
-810
-605
-450
-440
-408
192
134
508
339
362
1356
1955
1583
2307
3087
2198
2735
3962
3408
3111
4846
4646
3968
4812
4977
3033
2608
3777
3427
1938
1113
1478
1237
738
437
-144
-935
-1433
-1475
-2290
-3456
-3725
-3388
-3816
-4296
-3681
-3945
-4564
-4128
-3284
-3694
-3939
-3324
-3114
-3367
-2939
-1948
-1690
-1678
-993
-574
-943
-749
-114
-221
-135
617
433
228
947
2060
1857
1946
2925
3493
2985
3303
4175
4182
4290
5133
5217
5042
5775
5230
3217
3093
4464
3517
1453
1180
1630
901
164
175
-495
-1519
-1810
-2220
-3445
-4114
-4072
-4451
-4778
-4470
-4378
-5025
-5116
-4515
-4085
-4231
-4223
-4095
-4050
-3598
-2724
-2277
-2175
-1543
-868
-878
-1066
-759
-308
62
414
642
635
969
1970
2602
2758
3231
3579
3749
4362
5116
5181
5232
6018
6527
6824
6633
5510
3928
4542
5501
3721
1526
1814
2280
716
-5
414
-611
-2465
-2390
-2439
-4393
-5415
-4744
-5102
-6042
-5381
-4906
-6205
-6386
-4648
-4072
-4942
-4871
-4365
-4290
-3580
-2368
-2323
-2649
-1694
-640
-829
-1312
-808
-106
109
418
696
474
713
2231
3423
3218
3035
3794
4572
5053
5737
5969
5835
6577
7874
7941
6378
4907
4801
5791
4981
2628
1539
2160
1632
290
354
-352
-2347
-3144
-2508
-3806
-5682
-5662
-5665
-6769
-6480
-5447
-6301
-7082
-5639
-4283
-4759
-4957
-4539
-4464
-3932
-2318
-1730
-2371
-1982
-660
-341
-655
-305
145
115
487
943
754
933
2273
3552
3466
3282
3902
4749
5598
6130
6128
6172
6830
8183
8221
6505
4402
5127
6567
5055
1885
1363
2631
1954
518
220
-936
-2711
-2935
-2686
-4363
-6096
-5966
-6299
-6995
-6728
-6064
-7074
-7627
-6029
-4615
-4925
-5525
-5330
-4726
-3684
-2208
-1977
-2826
-2268
-663
-118
-791
-647
39
427
828
977
615
1040
2730
4046
3778
3261
4002
5253
6470
6850
6685
6469
7415
9043
8347
5976
4490
6339
6645
4215
1773
2345
2912
1687
946
381
-1133
-2658
-2442
-2952
-4985
-5904
-5647
-6455
-7097
-6274
-6043
-7483
-7348
-5510
-5072
-5847
-5668
-5125
-5092
-4084
-2241
-2284
-3215
-2423
-924
-818
-1162
-629
-546
-449
369
715
246
919
2993
3806
3358
3303
4399
5600
6778
7011
6635
6733
8302
9622
8070
5358
4995
7424
6826
3345
1820
3247
3252
1495
1092
118
-1765
-2265
-1669
-3297
-5675
-5654
-5506
-6439
-6519
-5737
-6521
-7553
-6356
-4856
-5113
-5837
-5561
-5141
-4627
-3380
-2412
-2976
-3329
-2054
-1100
-1559
-1766
-945
-723
-742
-251
-96
-109
1248
3082
3200
2637
3239
4611
5888
6765
6781
6378
6940
9010
9681
7688
5115
5906
7841
6643
3235
2387
3596
3363
1929
1228
-186
-1719
-1738
-1613
-3624
-5688
-5631
-5627
-6237
-6312
-5943
-6903
-7374
-5869
-4540
-5143
-5964
-5778
-5109
-4176
-2797
-2763
-3664
-3329
-1693
-1080
-1822
-1883
-1353
-965
-597
-475
-825
-471
1409
2747
2564
2112
2982
4496
5855
6408
6087
5961
6906
8998
9503
7521
4922
5739
8222
7297
3366
2233
4038
4134
2211
1356
367
-1187
-1595
-1211
-2967
-5359
-5459
-4983
-5692
-6323
-5938
-6511
-7029
-5730
-4135
-4985
-6423
-6062
-4479
-3662
-3157
-3138
-3564
-3274
-1615
-911
-1953
-2369
-1236
-637
-1060
-1170
-837
-230
986
2166
1904
1754
2980
4699
5212
5384
5391
5868
6783
8392
8962
7040
4807
5460
8152
7505
3660
2034
3725
4482
2879
1634
431
-1015
-1052
-668
-2267
-4879
-5179
-4423
-4967
-5764
-5998
-6290
-6521
-5331
-4143
-4950
-6183
-5899
-4460
-3642
-3185
-3388
-3986
-3347
-1419
-942
-2407
-2895
-1681
-700
-881
-1300
-1539
-695
950
2012
1502
1338
2712
4420
4979
4917
5148
5266
6392
7719
8882
7167
5221
4715
7257
7996
5236
1917
2293
4457
4286
1989
260
-723
-666
-343
-956
-3497
-5087
-4454
-4038
-4642
-5656
-5854
-6110
-5474
-4346
-4449
-5562
-5728
-4616
-3936
-3706
-3348
-3828
-4141
-2736
-974
-1734
-3383
-2979
-1399
-733
-1082
-1675
-1676
-274
1564
1924
1157
1599
3447
4809
4942
4946
5427
5702
6590
7719
8565
6794
5045
5058
7416
7441
4236
1515
2671
4805
3743
1168
-280
-548
-377
0
-1152
-3956
-5185
-3866
-3444
-4541
-5636
-5599
-5791
-5196
-4114
-4296
-5544
-5461
-4146
-3675
-4042
-3991
-3948
-3612
-2434
-1641
-2671
-3376
-2061
-827
-1308
-2011
-1626
-642
424
1253
1239
1102
2353
4034
4744
4355
4737
5641
6161
6532
6927
7580
6747
5473
4899
6301
6479
3937
1819
2895
4259
2661
580
286
224
-429
-829
-1658
-3546
-4317
-3309
-3410
-4907
-5485
-4810
-5048
-5287
-4531
-4189
-4932
-4917
-4012
-4116
-4445
-3477
-2790
-3470
-3459
-2164
-1769
-2340
-1998
-1430
-1668
-1569
-629
-102
-133
615
1518
1785
2336
3502
4144
4104
4623
5469
5523
5582
6390
7291
6905
5070
3900
5150
7098
5211
1380
1229
3952
4095
1447
206
85
-245
-106
-316
-2256
-4322
-3552
-2468
-3561
-5204
-5094
-4638
-5004
-4619
-3859
-4443
-5357
-4610
-3724
-4178
-4099
-3236
-3361
-3830
-2687
-1625
-2216
-2523
-1816
-1583
-1706
-829
33
-337
-323
792
1968
2294
2770
3210
3382
3986
5116
5415
4749
5211
6319
7062
5380
3914
3989
6405
6204
2662
485
2766
5102
3225
522
-144
394
967
921
-468
-3068
-3495
-1997
-1843
-3662
-4957
-4298
-4269
-4334
-3759
-3650
-4882
-5221
-3808
-3681
-4545
-4095
-3116
-3510
-3772
-2387
-1875
-2643
-2771
-1928
-1544
-1314
-650
-609
-865
105
1714
2063
1516
2034
3077
3703
4215
4593
4238
3939
5200
6440
5914
4026
3472
4789
5976
4428
1713
1631
4084
4566
2038
136
737
1902
1775
408
-1522
-2614
-1918
-896
-2052
-4331
-4703
-3529
-3315
-3900
-3838
-4004
-4690
-4434
-3585
-3974
-4345
-3593
-3239
-3840
-3194
-2042
-2414
-3148
-2359
-1287
-1376
-1520
-1151
-730
-104
760
1165
865
1253
2516
3300
3135
3213
3729
3798
4012
4861
5544
4963
3679
3251
4472
5899
4528
1542
1562
4343
4809
1980
713
1642
2269
1447
536
-753
-1874
-1397
-815
-2129
-4208
-4029
-2875
-3208
-3982
-3863
-3908
-4623
-4313
-3490
-4051
-4524
-3564
-3058
-4058
-3766
-1970
-1914
-3232
-2894
-1454
-1283
-1557
-1209
-952
-702
493
1359
814
600
1967
3167
2893
2633
3207
3648
3796
4552
5292
4963
3603
3615
4820
6076
4585
2104
1878
4515
5413
2732
826
1632
2782
2093
873
-289
-1472
-1256
-823
-1826
-3791
-4002
-2954
-3314
-4048
-4208
-4024
-4415
-4375
-3822
-4313
-4562
-3794
-3300
-4012
-3841
-2197
-2161
-3136
-2860
-1629
-1633
-2006
-1347
-940
-780
-116
659
628
720
1842
2576
2433
2514
3382
3738
3618
4251
5181
5252
4122
3767
4773
6165
5166
2807
2442
4694
5369
3199
1613
2120
2603
2090
1335
154
-1365
-1352
-803
-1765
-3652
-3934
-3166
-3661
-4319
-4218
-4101
-4652
-4501
-3852
-4483
-4921
-3796
-2974
-4158
-4413
-2368
-1671
-3123
-3591
-2101
-1353
-1544
-1563
-1780
-1589
-10
1328
518
-380
1056
2806
3109
2413
2679
3414
3940
4719
4867
5036
4516
4719
4766
5613
5744
4088
2587
3854
5826
4336
1591
1630
2963
2782
1226
233
-967
-1573
-972
-1304
-3163
-4519
-3557
-3256
-4168
-4531
-4204
-4377
-4725
-4132
-4128
-4903
-4534
-3313
-3101
-3977
-3701
-2726
-2370
-2367
-2330
-2466
-2448
-1404
-644
-1191
-1404
-194
1010
943
907
1680
2554
3118
3481
3479
3361
4167
5398
5738
5020
4110
4365
5778
6753
4817
2298
3027
5700
5369
2218
958
2195
2958
1836
195
-1220
-1800
-1142
-951
-2666
-4604
-4341
-3186
-3536
-4463
-4684
-4646
-4668
-4237
-3880
-4647
-5000
-3798
-2924
-3647
-4309
-3126
-2072
-2365
-2983
-2876
-2089
-1202
-711
-1350
-1717
-323
1363
1551
722
1126
2492
3569
3638
3379
3597
4285
5348
5592
5421
4591
4668
5416
6389
5431
3241
2719
4700
5670
3323
994
1574
2742
2080
365
-805
-1658
-1648
-1162
-2086
-4080
-4602
-3436
-3368
-4587
-4920
-4447
-4347
-4552
-4318
-4553
-4897
-4001
-3064
-3737
-4470
-3227
-2173
-2851
-3269
-2388
-1861
-1984
-1500
-1024
-1098
-573
629
1076
801
1319
2489
3047
3188
3616
4171
4235
4660
5469
5754
5550
5048
5026
5321
6051
5089
3181
3172
4910
4648
2050
1224
2196
2163
807
-323
-906
-1602
-1526
-1727
-3054
-4181
-3823
-3186
-4114
-4920
-4460
-4111
-4476
-4834
-4502
-4649
-4586
-3691
-3589
-4344
-4292
-2686
-2290
-3174
-3190
-2279
-1729
-1741
-1344
-1103
-907
70
871
985
967
2074
3103
3288
3320
3792
4463
4693
5150
5508
5715
5547
5092
4907
5582
6033
4311
2391
3370
5214
3929
1133
904
2041
1736
508
-428
-1476
-2116
-1489
-1591
-3439
-4698
-3769
-3166
-4347
-5021
-4461
-4309
-4851
-4562
-4427
-4979
-4639
-3269
-3429
-4695
-4008
-2090
-2046
-3241
-3059
-1925
-1403
-1111
-1018
-1134
-698
861
1764
1246
1118
2563
3805
3683
3497
4140
4637
4806
5480
5764
5459
4806
5053
5313
5542
4762
3241
2757
4087
4595
2451
466
1029
2171
1592
-300
-1493
-1858
-1520
-1467
-2607
-4220
-4576
-3591
-3576
-4747
-5212
-4638
-4319
-4658
-4762
-4646
-4666
-3830
-3198
-3686
-4468
-3179
-1497
-1982
-3194
-2776
-1223
-654
-841
-927
-757
275
1501
1918
1309
1580
3168
4011
3650
3399
4306
4887
4900
5125
5405
5333
4679
4578
4932
5275
4311
2746
2811
3949
3648
1640
891
1562
1478
475
-508
-1309
-1992
-1829
-1881
-3322
-4659
-4217
-3501
-4315
-5289
-4917
-4384
-4629
-4794
-4574
-4630
-4266
-3195
-3290
-4528
-3798
-1468
-1295
-3261
-3348
-1204
-43
-498
-1121
-957
100
1767
2361
1283
892
2590
4274
3951
3101
3632
4609
4858
4932
5039
5042
5034
4882
4396
4352
5043
4104
2225
2275
4070
3493
965
306
1259
1296
22
-994
-1912
-2657
-2299
-2256
-3628
-5088
-4519
-3792
-4641
-5289
-4601
-4179
-4831
-4780
-4128
-4089
-3983
-3077
-2933
-3666
-3211
-1445
-1067
-2242
-2392
-1008
76
30
-242
-247
439
1908
2634
1792
1223
2678
4292
4197
3226
3470
4305
4970
5118
4901
4751
4529
4326
4166
4737
4608
2863
1683
2873
4118
2239
-19
251
1291
580
-1009
-1797
-2566
-2829
-2438
-2973
-4724
-5420
-4098
-3879
-5040
-5214
-4353
-4314
-4805
-4143
-3626
-4045
-3549
-2526
-2674
-3388
-2031
-620
-1324
-2126
-1081
183
56
17
394
548
1136
2168
2471
1761
2144
3659
4084
3484
3419
4409
4463
4490
4872
5171
4415
3690
4062
4753
4590
2914
1636
2426
3602
2556
228
-198
591
553
-597
-1811
-2761
-3101
-2555
-2781
-4279
-5258
-4477
-3805
-4505
-4964
-4503
-4224
-4341
-3952
-3525
-3886
-3549
-2248
-1960
-2949
-2638
-819
-334
-1336
-1527
-445
364
595
524
223
524
1901
2785
2106
1494
2624
4001
3909
3237
3492
4171
4449
4711
4717
4551
3889
3796
4199
4646
3616
1724
1579
3088
3164
702
-753
178
823
-340
-1894
-2561
-2886
-2713
-2610
-3651
-5008
-4791
-3590
-3891
-4843
-4575
-3749
-3853
-4035
-3449
-3335
-3281
-2314
-1838
-2777
-2640
-579
-3
-1651
-1991
-116
908
219
-274
97
849
1802
2266
1599
1255
2606
4010
3528
2633
3372
4450
4266
4121
4519
4771
3982
3639
3908
4397
3740
2130
1506
2518
2994
1218
-445
-121
567
-33
-1450
-2379
-2770
-2519
-2373
-3273
-4561
-4601
-3552
-3519
-4406
-4496
-3762
-3560
-3701
-3472
-3231
-3114
-2467
-2072
-2404
-2280
-1174
-662
-1334
-1458
-496
240
-7
-263
126
759
1358
1669
1590
1510
2335
3391
3440
2954
3220
4030
4314
4321
4351
4521
4228
3685
3516
4227
4101
2293
1072
2226
3177
1490
-531
-336
550
90
-1201
-2005
-2602
-2743
-2365
-2689
-4048
-4687
-3673
-3294
-4136
-4250
-3560
-3546
-3889
-3318
-2856
-3125
-2931
-2212
-2038
-2239
-1647
-881
-952
-1209
-855
-265
-55
142
399
350
614
1568
2265
1939
1877
2704
3519
3618
3560
3711
3931
4392
4704
4682
3719
3144
3693
4716
3657
1395
1022
2814
3136
808
-827
-205
722
119
-1288
-2275
-2673
-2260
-1985
-2955
-4281
-4203
-3171
-3422
-4153
-3903
-3407
-3606
-3635
-2986
-2985
-3216
-2525
-1900
-2203
-2284
-1203
-731
-1356
-1427
-500
78
-130
-158
116
470
1188
1839
1670
1385
2178
3297
3437
3080
3318
3771
4123
4319
4453
4258
3624
3273
3619
4324
3290
1310
1070
2884
2955
478
-832
131
876
-115
-1299
-2004
-2522
-2157
-1773
-2693
-4252
-4033
-2861
-3249
-4037
-3757
-3196
-3675
-3612
-2846
-2995
-3333
-2683
-1889
-2283
-2315
-1439
-1037
-1325
-1154
-577
-538
-410
230
495
244
717
1797
1980
1719
2238
3158
3294
3398
3745
3763
3799
4397
4955
3900
2748
3155
4655
4142
1766
941
2489
3325
1533
-151
2
666
517
-478
-1550
-2266
-1902
-1400
-2305
-3713
-3832
-2838
-2996
-3908
-3782
-3336
-3545
-3749
-3139
-2978
-3369
-3031
-2454
-2345
-2346
-1757
-1532
-1716
-1349
-705
-635
-878
-320
385
439
435
1076
1708
1810
2160
2786
3062
3198
3570
3815
3849
4194
4704
4081
2946
3139
4649
4394
1930
978
2866
3811
1747
-159
355
1285
947
-256
-1374
-1919
-1365
-780
-1939
-3705
-3642
-2296
-2519
-3877
-4016
-3330
-3299
-3601
-3333
-3362
-3526
-2856
-2323
-2917
-3243
-1807
-938
-1951
-2737
-1523
-77
-233
-923
-1020
-156
1112
1768
1082
419
1665
3486
3669
2533
2438
3582
4598
4578
4219
3574
3157
3694
4813
4290
1986
1340
3141
4105
2054
117
596
1599
1290
-26
-1015
-1624
-1353
-726
-1489
-3188
-3660
-2461
-2439
-3617
-3814
-3273
-3479
-3880
-3341
-3100
-3404
-3233
-2793
-2913
-2812
-1902
-1602
-2345
-2442
-1362
-579
-867
-1099
-753
-148
571
1141
985
789
1643
2891
2975
2616
2929
3615
4011
4236
4446
3843
3149
3563
4744
4333
2190
1594
3241
4088
2196
404
791
1649
1417
206
-951
-1543
-1125
-582
-1548
-3061
-3255
-2342
-2469
-3451
-3517
-3211
-3429
-3663
-3272
-3144
-3417
-3049
-2698
-2895
-2824
-1981
-1710
-2373
-2267
-1376
-846
-1074
-1042
-643
-190
461
953
922
856
1741
2751
2814
2572
2926
3563
3922
4164
4325
3521
2964
3787
4994
3733
1525
1873
3944
3793
1339
339
1261
1733
1053
16
-964
-1543
-931
-528
-1864
-3285
-2931
-2003
-2663
-3491
-3222
-3027
-3419
-3401
-2990
-3263
-3428
-2797
-2599
-2966
-2731
-1910
-1989
-2472
-2036
-1255
-1150
-1294
-960
-545
-210
407
857
782
1014
2060
2729
2582
2621
3163
3687
3909
4353
3888
2970
3282
4841
4503
2065
1556
3560
4227
2102
648
1279
1796
1395
643
-339
-1276
-956
-174
-1098
-2691
-2761
-1981
-2310
-2950
-2729
-2787
-3466
-3339
-2595
-2764
-3362
-3100
-2742
-2816
-2476
-1979
-2336
-2837
-2076
-1188
-1449
-1865
-1376
-663
-427
-52
258
342
762
1756
2243
1990
2210
3026
3507
3517
3886
3717
2996
3192
4581
4291
2075
1630
3588
4197
2029
664
1479
2098
1479
496
-228
-808
-482
-82
-1076
-2421
-2295
-1480
-2058
-2882
-2580
-2272
-2872
-3130
-2622
-2567
-2894
-2760
-2666
-2818
-2453
-1844
-2222
-2841
-2209
-1205
-1378
-2065
-1720
-757
-291
-255
-264
-11
718
1751
1980
1511
1729
2875
3593
3430
3368
3004
2884
3619
4704
3437
1471
2133
4272
3838
1292
815
2038
2309
1309
370
-238
-576
51
64
-1333
-2352
-1669
-1070
-2090
-2619
-2128
-2120
-2818
-2811
-2286
-2460
-2652
-2590
-2697
-2631
-1937
-1713
-2668
-2958
-1830
-983
-1650
-2377
-1811
-823
-298
-364
-608
-401
703
1871
1714
1092
1611
2956
3539
3319
2715
2383
3130
4484
3985
1800
1552
3733
4370
2067
668
1697
2583
1942
813
-8
-467
155
691
-515
-2072
-1771
-670
-1170
-2207
-2123
-1904
-2248
-2312
-1990
-2253
-2534
-2139
-2087
-2479
-2233
-1602
-2039
-2785
-2267
-1399
-1569
-2197
-1984
-1363
-918
-585
-554
-713
-229
1011
1556
1076
1012
1986
2856
3153
2821
2128
2164
3686
4329
2451
1071
2679
4296
2835
934
1229
2197
2061
1299
531
-366
-219
749
326
-1407
-1888
-750
-647
-1607
-1789
-1601
-1952
-2070
-1529
-1730
-2397
-2061
-1503
-1876
-2194
-1689
-1612
-2249
-2152
-1533
-1623
-2117
-1845
-1324
-1290
-1097
-575
-420
-456
223
1093
1112
1008
1646
2453
2699
2169
1926
2540
3648
3093
1514
1699
3466
3619
1628
833
1765
2331
1802
840
20
-302
557
907
-426
-1678
-1174
-233
-732
-1410
-1447
-1559
-1762
-1393
-1078
-1719
-2183
-1765
-1352
-1428
-1518
-1610
-2060
-1942
-1224
-1171
-2059
-2330
-1420
-828
-1103
-1368
-1072
-513
109
561
505
347
1109
2080
2554
1803
1260
1926
3363
3271
1451
1053
2722
3737
2208
704
1197
2142
2193
1139
86
-370
381
1072
-24
-1429
-1317
-221
-367
-1182
-1342
-1370
-1410
-1216
-958
-1488
-1900
-1362
-947
-1187
-1530
-1368
-1342
-1378
-1167
-1212
-1627
-1734
-1181
-895
-1157
-1182
-799
-461
-259
172
493
480
823
1532
2056
1462
1082
1822
2926
2393
987
1238
2762
3055
1548
650
1203
1940
1858
853
-213
-393
549
857
-334
-1402
-1067
-313
-451
-932
-1253
-1402
-1224
-762
-824
-1381
-1489
-979
-732
-861
-920
-966
-1061
-955
-728
-900
-1262
-1191
-870
-763
-794
-665
-544
-447
-50
418
458
437
825
1499
1491
922
999
1952
2360
1218
593
1557
2623
1951
690
607
1235
1593
1114
105
-601
-213
627
108
-1176
-1488
-638
-303
-869
-1344
-1392
-1167
-772
-737
-1244
-1499
-855
-376
-703
-1008
-717
-356
-531
-697
-704
-624
-579
-573
-638
-677
-293
72
29
-130
238
794
993
929
1180
1220
938
1167
1979
1844
495
436
1828
2379
1117
148
587
1170
1338
736
-316
-975
-267
610
-217
-1509
-1606
-808
-705
-998
-1148
-1465
-1590
-1095
-619
-986
-1339
-950
-621
-549
-391
-175
-411
-551
-189
4
-153
-267
-160
-204
-138
289
532
272
226
672
1118
1212
1404
1460
778
690
1778
2511
1019
-355
680
2216
1834
265
-177
247
865
1019
83
-1154
-1229
-38
33
-1169
-1819
-1381
-1079
-1370
-1311
-1361
-1624
-1626
-1206
-1119
-1220
-858
-701
-996
-851
10
265
-346
-605
-124
364
360
170
-78
46
653
1138
848
386
787
1519
1791
1614
1469
1108
1090
1984
2370
1058
-114
888
2233
1633
112
-278
399
928
705
-372
-1353
-1136
-146
-235
-1485
-2122
-1582
-1074
-1347
-1778
-2021
-1963
-1630
-1371
-1594
-1748
-1324
-926
-908
-830
-429
-306
-382
-223
154
322
264
257
405
693
1011
1127
970
1039
1464
1942
1958
1851
1634
1378
1628
2298
2097
678
279
1486
2195
1095
-165
-53
636
869
209
-811
-1272
-772
-192
-783
-1766
-2002
-1454
-1277
-1581
-1924
-2063
-2027
-1786
-1642
-1751
-1788
-1591
-1406
-1211
-815
-573
-659
-717
-350
140
375
281
238
494
992
1374
1446
1302
1411
1871
2349
2405
2062
1422
1602
2485
2707
1192
257
1282
2329
1563
138
-64
488
918
548
-571
-1387
-932
-65
-429
-1612
-1978
-1455
-1077
-1347
-1698
-1970
-2089
-1749
-1446
-1587
-2052
-2003
-1568
-1219
-1124
-1303
-1346
-1074
-498
-227
-430
-506
-49
625
870
828
1032
1340
1696
2055
2351
2305
1869
1743
2218
2790
2233
957
843
1958
2369
1124
127
301
961
1068
276
-786
-1166
-324
97
-725
-1783
-1642
-917
-844
-1245
-1578
-1689
-1533
-1134
-1091
-1601
-1751
-1325
-1065
-1205
-1261
-1146
-1138
-1063
-818
-745
-784
-658
-297
-92
78
385
689
812
1096
1618
1855
1795
1547
1710
2131
2428
1712
871
1285
2226
2031
738
279
779
1233
947
-40
-746
-641
81
-9
-1003
-1564
-1172
-618
-794
-1154
-1297
-1284
-1005
-797
-881
-1256
-1118
-736
-701
-864
-935
-728
-699
-696
-762
-766
-596
-438
-370
-435
-169
252
382
370
630
1149
1344
868
784
1426
2138
1385
432
769
1923
1961
754
195
566
1218
1135
298
-598
-587
255
312
-677
-1392
-1047
-457
-459
-804
-1205
-1164
-642
-188
-517
-997
-754
-125
-19
-310
-432
-321
-186
-72
-126
-344
-381
-145
57
-55
-51
113
303
358
540
769
729
269
265
941
1288
286
-400
205
1216
882
-76
-456
3
689
617
-265
-1057
-571
237
16
-874
-1177
-699
-412
-399
-640
-815
-729
-320
-117
-396
-372
-46
109
20
184
451
382
245
292
476
585
499
329
232
491
751
747
439
435
786
1102
782
177
315
866
815
-207
-523
115
514
-81
-905
-869
-493
-167
-585
-1360
-1596
-973
-492
-1091
-1645
-1491
-849
-696
-810
-959
-850
-466
-110
-34
-197
-46
266
513
597
658
690
682
862
1048
1057
929
866
1019
1156
1238
1086
1056
1132
1371
1366
1149
655
582
995
1045
98
-598
-150
497
58
-900
-1271
-894
-484
-694
-1543
-2156
-1813
-1173
-1337
-2141
-2333
-1870
-1376
-1349
-1414
-1486
-1215
-688
-346
-363
-303
43
293
509
768
949
942
1001
1222
1397
1442
1429
1412
1472
1626
1772
1675
1573
1733
1934
1804
1283
1113
1385
1504
765
-78
64
631
436
-624
-1225
-1027
-554
-698
-1593
-2381
-2222
-1513
-1479
-2278
-2795
-2496
-1829
-1584
-1832
-2129
-1936
-1252
-754
-843
-1044
-710
-32
339
293
258
559
1017
1285
1228
1174
1372
1696
1886
1863
1824
1954
2099
2219
2271
2258
1902
1560
1687
1967
1567
676
357
756
920
242
-602
-893
-637
-534
-1048
-1952
-2325
-1983
-1689
-2131
-2778
-2829
-2320
-1947
-2043
-2296
-2212
-1670
-1145
-1113
-1311
-1088
-465
-9
-18
-111
94
588
944
961
822
964
1414
1698
1636
1569
1734
2036
2136
2217
2197
1811
1731
2036
2337
1491
761
912
1460
1264
312
-256
-286
164
113
-781
-1722
-1735
-1017
-1171
-2051
-2649
-2331
-1831
-1820
-2120
-2440
-2148
-1554
-1219
-1511
-1587
-1059
-541
-412
-488
-329
-18
325
497
462
540
872
1153
1157
1052
1313
1596
1703
1579
1633
1800
1817
1620
1583
1668
1536
1164
956
1017
1048
750
364
-7
9
45
-66
-632
-1180
-1192
-997
-902
-1497
-1862
-1943
-1491
-1254
-1486
-1817
-1880
-1288
-929
-927
-1244
-1190
-700
-343
-243
-420
-315
-94
259
460
490
564
643
874
1074
1268
1306
1223
1273
1350
1545
1444
1235
1069
1152
1171
881
678
587
567
295
80
-52
-125
-293
-559
-743
-746
-803
-946
-1127
-1095
-1029
-1003
-1010
-1018
-879
-810
-675
-665
-557
-409
-285
-294
-307
-152
-58
-17
-49
-39
58
232
388
367
380
522
713
854
868
866
810
916
944
936
852
766
637
554
573
503
311
32
-112
-131
-238
-416
-664
-830
-913
-823
-814
-1014
-1166
-1045
-773
-725
-811
-818
-597
-328
-189
-172
-119
88
304
332
256
292
500
574
403
261
345
649
693
453
243
423
773
806
534
297
392
683
731
425
95
146
347
280
-56
-277
-209
-194
-396
-622
-679
-598
-666
-872
-1037
-920
-671
-691
-899
-989
-678
-368
-328
-466
-455
-138
154
269
200
225
369
542
664
672
657
591
658
785
891
817
657
599
666
797
726
519
285
280
405
383
152
-140
-201
-132
-118
-235
-526
-632
-632
-492
-610
-817
-915
-815
-685
-775
-843
-842
-625
-467
-429
-491
-424
-144
27
67
-18
36
205
376
425
276
258
324
542
562
534
411
454
608
769
797
590
547
620
851
815
557
372
323
491
356
205
-135
-235
-238
-215
-331
-648
-788
-788
-649
-715
-914
-1043
-961
-763
-733
-798
-818
-640
-417
-288
-245
-212
-74
97
198
239
254
356
357
393
396
472
495
457
452
430
506
496
532
466
440
427
472
527
491
406
308
325
416
401
241
24
-11
54
64
-130
-414
-520
-442
-363
-524
-766
-883
-753
-619
-673
-801
-821
-627
-445
-388
-413
-362
-170
-17
34
0
44
173
270
296
217
290
329
448
393
386
358
437
484
437
397
377
427
440
384
330
279
327
312
267
177
138
151
111
61
-41
-67
-86
-133
-211
-296
-302
-322
-353
-456
-478
-455
-388
-398
-450
-453
-373
-257
-267
-301
-302
-220
-129
-129
-146
-156
-43
40
47
61
74
191
209
252
221
282
330
355
348
330
395
403
389
310
292
340
344
280
138
102
150
174
102
-41
-79
-39
9
-72
-190
-218
-158
-117
-183
-253
-254
-165
-137
-204
-275
-252
-187
-178
-285
-346
-344
-259
-261
-313
-350
-304
-204
-168
-169
-173
-105
-13
60
92
108
151
219
291
331
319
322
356
418
441
404
349
337
372
357
287
212
209
238
201
112
37
79
119
66
-62
-118
-35
54
11
-148
-221
-139
-46
-99
-271
-367
-334
-243
-286
-415
-508
-470
-388
-375
-415
-446
-393
-313
-243
-214
-195
-161
-99
-29
48
96
113
144
216
316
372
367
338
362
442
491
455
368
346
386
439
397
298
229
258
312
288
191
100
93
135
127
24
-93
-150
-122
-128
-207
-328
-393
-384
-370
-414
-517
-556
-525
-456
-455
-501
-508
-431
-316
-279
-307
-300
-194
-64
-15
-48
-45
74
216
259
208
192
306
446
493
416
369
430
551
578
489
404
422
505
513
424
312
274
297
278
184
65
-1
-35
-60
-143
-213
-273
-293
-340
-408
-457
-475
-463
-496
-540
-579
-534
-487
-467
-481
-489
-420
-338
-256
-253
-236
-189
-89
7
40
64
100
185
269
327
356
378
434
487
539
553
551
559
562
572
549
520
471
420
368
312
256
182
108
29
-37
-83
-133
-185
-245
-298
-335
-354
-373
-406
-437
-472
-477
-476
-474
-481
-501
-498
-462
-401
-368
-364
-360
-299
-201
-126
-110
-115
-50
65
182
212
195
230
344
481
510
471
436
501
610
627
555
447
439
478
481
382
244
181
180
180
88
-28
-97
-88
-83
-149
-241
-290
-266
-241
-283
-361
-412
-373
-333
-343
-413
-456
-413
-352
-324
-372
-392
-363
-289
-242
-251
-248
-209
-117
-55
-22
4
71
178
254
296
318
368
436
487
502
486
486
482
478
454
413
372
324
265
209
172
143
101
31
-37
-59
-55
-59
-119
-183
-210
-188
-171
-214
-283
-318
-279
-234
-242
-307
-338
-302
-233
-218
-277
-330
-312
-232
-191
-212
-267
-249
-154
-62
-30
-53
-30
56
167
214
206
213
260
347
385
376
348
366
401
404
362
299
282
281
268
198
127
94
91
83
19
-56
-93
-82
-76
-119
-187
-223
-190
-151
-160
-219
-257
-226
-174
-163
-226
-282
-274
-211
-173
-211
-268
-275
-200
-134
-128
-172
-181
-116
-28
8
-16
-27
21
115
170
177
169
206
276
321
326
299
305
324
333
304
271
256
253
233
183
145
121
114
81
22
-21
-32
-22
-44
-95
-138
-132
-107
-115
-159
-211
-210
-180
-174
-214
-264
-264
-228
-204
-223
-257
-251
-207
-170
-180
-198
-192
-140
-101
-97
-107
-75
-4
48
57
44
72
146
208
208
175
178
242
309
310
261
233
271
327
335
276
218
220
254
255
187
105
77
99
104
44
-41
-90
-79
-61
-91
-166
-220
-215
-187
-181
-225
-272
-274
-243
-225
-244
-273
-280
-256
-238
-248
-262
-249
-205
-171
-162
-166
-133
-65
-1
18
14
34
100
171
201
196
202
251
319
355
348
343
365
401
405
372
330
317
320
291
229
154
117
101
70
0
-80
-120
-125
-126
-166
-225
-261
-254
-231
-242
-281
-318
-318
-295
-286
-310
-341
-343
-316
-284
-273
-271
-261
-220
-164
-116
-82
-57
-20
32
89
138
170
200
237
288
334
367
380
388
403
425
434
418
385
352
340
317
280
211
147
104
73
37
-35
-100
-146
-158
-169
-207
-260
-296
-290
-278
-280
-317
-353
-350
-326
-305
-321
-349
-356
-324
-277
-254
-248
-238
-192
-125
-63
-28
-4
35
89
153
200
228
252
280
322
358
383
390
388
387
391
388
364
331
291
260
234
199
156
107
67
33
-2
-42
-84
-118
-144
-173
-200
-225
-238
-248
-261
-275
-287
-289
-289
-292
-302
-309
-302
-284
-262
-245
-223
-188
-141
-97
-63
-29
4
44
84
117
145
169
195
218
240
263
276
286
285
283
280
280
269
241
207
184
169
150
113
67
36
18
10
-18
-58
-89
-94
-86
-96
-121
-147
-142
-128
-130
-158
-182
-184
-169
-168
-187
-200
-192
-159
-138
-132
-129
-108
-73
-48
-36
-35
-13
11
36
47
55
79
91
107
110
123
137
145
139
123
129
138
143
114
86
73
85
93
61
25
1
21
36
24
-15
-35
-15
14
19
-16
-42
-35
-9
-1
-31
-64
-64
-35
-21
-39
-72
-79
-50
-25
-38
-74
-99
-83
-54
-56
-90
-112
-98
-61
-43
-67
-94
-88
-43
-12
-24
-53
-53
-8
33
33
6
-3
29
71
81
60
48
69
109
121
105
90
106
131
138
116
92
97
114
120
97
77
82
101
110
87
59
48
60
64
33
-17
-51
-52
-50
-76
-133
-177
-186
-174
-173
-212
-251
-252
-216
-185
-189
-209
-201
-157
-115
-99
-103
-92
-50
2
28
29
42
86
134
152
147
149
166
194
206
197
181
177
191
200
194
185
178
178
177
175
164
148
128
103
87
64
32
-9
-44
-68
-93
-134
-182
-215
-231
-236
-259
-289
-314
-305
-282
-270
-281
-296
-278
-230
-186
-171
-164
-131
-74
-18
22
47
73
105
149
184
204
218
234
250
264
276
286
290
284
284
290
289
276
248
221
208
192
159
104
59
32
10
-28
-84
-141
-180
-202
-221
-259
-301
-329
-334
-332
-338
-343
-343
-332
-313
-288
-262
-242
-217
-185
-145
-99
-59
-28
2
47
101
143
166
188
222
265
301
318
324
330
356
386
382
350
337
343
336
294
246
206
170
139
94
29
-37
-73
-98
-149
-216
-258
-274
-291
-324
-363
-384
-380
-355
-348
-357
-352
-309
-257
-226
-221
-214
-173
-116
-76
-63
-53
-19
43
94
118
126
151
193
241
273
279
279
301
338
356
352
340
334
322
311
289
254
205
163
135
95
39
-14
-57
-100
-135
-172
-213
-254
-281
-297
-316
-339
-346
-332
-314
-294
-279
-258
-227
-188
-157
-138
-125
-97
-59
-26
-6
11
35
69
103
125
138
152
177
208
230
241
253
272
291
301
302
294
275
260
244
211
161
120
93
57
7
-41
-80
-118
-147
-166
-203
-251
-274
-273
-280
-294
-297
-291
-281
-257
-222
-197
-189
-165
-128
-98
-72
-51
-29
-6
28
64
88
95
106
131
157
172
184
198
211
230
244
248
251
255
244
225
210
199
178
137
96
60
33
4
-33
-83
-126
-148
-163
-195
-242
-264
-262
-264
-278
-283
-272
-254
-230
-206
-186
-164
-127
-92
-73
-51
-10
27
52
70
93
123
153
172
169
170
193
215
220
212
208
218
229
226
209
187
171
162
138
100
66
38
6
-29
-66
-90
-114
-146
-177
-203
-217
-229
-245
-265
-275
-264
-250
-246
-235
-216
-188
-160
-125
-96
-68
-25
21
52
77
109
144
178
206
224
227
241
264
279
276
259
251
254
250
228
198
175
157
131
86
42
11
-9
-48
-108
-156
-170
-174
-203
-259
-298
-290
-265
-267
-310
-343
-317
-261
-237
-257
-268
-225
-152
-105
-104
-106
-59
29
91
98
97
142
216
272
282
275
294
346
387
376
348
341
354
346
309
260
221
203
177
116
46
3
-24
-58
-117
-181
-227
-246
-262
-294
-338
-365
-358
-345
-345
-356
-356
-337
-304
-280
-265
-249
-216
-169
-128
-103
-75
-33
22
76
109
137
177
229
275
302
321
343
375
407
420
416
415
416
410
393
358
312
269
228
186
131
62
-6
-61
-103
-152
-213
-280
-327
-346
-367
-402
-441
-462
-450
-431
-427
-429
-418
-379
-339
-311
-289
-257
-206
-151
-107
-73
-31
24
84
136
169
205
250
298
340
365
382
403
432
456
464
456
445
441
437
414
373
323
283
246
201
141
68
1
-53
-102
-160
-227
-288
-329
-355
-388
-432
-465
-478
-476
-472
-478
-482
-461
-422
-380
-355
-331
-287
-225
-170
-127
-82
-30
36
96
145
191
244
290
328
357
390
416
434
440
451
464
467
454
426
404
390
363
310
251
202
167
116
44
-31
-79
-115
-162
-223
-284
-314
-333
-360
-409
-442
-443
-428
-430
-446
-444
-419
-381
-351
-334
-312
-266
-210
-165
-127
-80
-24
28
74
124
180
231
265
296
339
383
411
417
416
430
451
456
429
393
373
361
329
271
210
167
134
86
24
-35
-75
-109
-154
-204
-238
-266
-295
-330
-355
-366
-369
-374
-386
-387
-369
-345
-333
-327
-306
-266
-227
-200
-176
-142
-91
-37
0
28
67
118
170
206
234
263
295
326
349
362
364
361
365
368
354
323
289
262
241
215
170
115
71
43
20
-20
-72
-117
-140
-155
-186
-222
-251
-264
-267
-274
-283
-291
-288
-277
-267
-260
-247
-230
-207
-186
-169
-146
-109
-73
-57
-40
-13
29
72
93
98
118
157
198
210
203
201
226
260
257
230
210
220
232
214
168
135
128
123
100
59
28
18
14
-9
-44
-70
-74
-84
-104
-132
-146
-142
-138
-154
-176
-178
-161
-139
-138
-149
-153
-126
-89
-76
-88
-90
-65
-30
-9
-5
-5
14
44
63
67
64
80
102
110
106
105
115
132
130
105
92
100
107
94
64
43
42
60
52
13
-18
-8
11
-3
-40
-67
-67
-52
-57
-83
-107
-108
-90
-81
-88
-101
-103
-90
-67
-61
-62
-64
-56
-35
-10
1
-6
-8
10
44
55
37
28
46
69
75
63
45
52
72
81
61
37
37
57
67
41
11
14
38
40
6
-21
-9
16
17
-13
-34
-25
3
4
-29
-61
-59
-36
-28
-47
-70
-65
-40
-24
-29
-46
-47
-30
-8
-6
-21
-27
-10
19
31
21
11
27
55
68
46
28
36
60
59
29
8
23
49
42
10
-9
9
36
23
-23
-47
-27
-6
-19
-51
-65
-48
-27
-24
-38
-50
-48
-33
-24
-27
-38
-42
-25
-5
2
-8
-10
3
21
25
20
13
20
39
55
54
38
46
67
83
75
53
44
55
70
60
29
13
27
42
34
1
-20
-12
-1
-9
-37
-61
-65
-51
-52
-80
-99
-97
-82
-74
-86
-100
-100
-81
-67
-68
-79
-73
-53
-40
-28
-25
-18
-5
14
28
39
49
61
69
78
91
96
93
90
98
107
115
110
101
98
105
107
94
75
66
68
69
52
31
12
11
16
3
-26
-49
-54
-55
-72
-99
-111
-119
-128
-141
-147
-154
-156
-161
-162
-150
-137
-134
-140
