SAMPLES:	11203
BITSPERSAMPLE:	16
CHANNELS:	1
SAMPLERATE:	16000
NORMALIZED:	FALSE
0
4
3
5
0
-2
1
3
4
-2
-3
1
3
2
1
0
0
3
8
2
-8
-5
3
5
-2
-4
-2
6
6
6
1
-2
-3
-7
-5
-2
-1
-3
0
-1
0
5
5
5
-1
-9
-3
1
-2
-8
-3
1
1
-4
4
5
1
-4
-2
6
10
-2
-6
2
4
-8
-11
1
14
12
-3
-12
-1
16
7
-8
-13
-7
3
3
3
-4
-1
5
5
-5
-5
-3
8
9
-2
-10
-13
4
8
1
-11
-4
3
5
4
-4
-4
3
-3
-5
0
4
1
-8
-8
-1
6
0
-1
-1
17
10
-3
-16
-4
12
11
-8
-13
-13
9
20
6
-17
-14
20
2
-25
-33
17
29
22
-14
-22
-6
12
18
5
-19
-26
5
11
17
1
-7
-3
20
21
4
-30
-31
32
28
15
-47
-28
3
36
28
-4
-19
-32
-2
3
38
-12
-32
-40
33
34
17
-48
-31
36
33
0
-62
-19
6
37
18
15
-24
-15
25
20
-18
-44
19
47
41
-56
-50
19
71
40
-26
-77
-14
68
47
-9
-59
15
-1
18
-22
22
18
-2
-37
-33
32
28
20
-49
-27
-18
30
41
11
-36
-37
15
41
45
-56
-47
-30
75
1
-17
-48
52
11
-21
-8
15
70
-35
-20
-104
56
19
83
-89
-30
-21
76
32
-20
-45
-6
81
-28
-65
-49
113
61
-33
-128
23
91
53
-70
-63
23
86
-37
-87
-36
114
50
-79
-36
19
95
-66
-20
-37
95
11
-52
-84
35
89
12
-69
-76
68
69
-12
-126
17
59
83
-79
-64
5
55
78
-58
-35
-32
71
31
-25
-62
-5
10
105
-38
3
-124
47
23
-2
32
-53
74
-56
61
-75
-18
42
76
-23
-91
-53
124
41
47
-148
-60
98
108
34
-216
4
18
185
-53
-75
-113
19
139
46
10
-165
-93
108
129
41
-187
-42
97
104
12
-181
-3
40
76
36
-53
-46
-31
-9
124
-36
-28
-94
110
106
-51
-159
-13
184
39
-134
-66
-58
118
-18
11
37
-25
-7
-42
56
51
-32
-36
10
124
-97
-74
72
39
172
-208
60
-70
65
-13
-6
130
-58
-76
-34
-14
118
-88
39
16
-135
44
10
159
-100
-248
265
29
150
-402
1
123
46
94
-273
205
-72
254
-222
-52
-8
74
-34
-172
87
53
18
102
51
-141
-28
-15
286
-204
-44
-151
125
207
17
-68
-292
344
-66
183
-342
154
-37
-13
-41
110
37
-105
-28
0
-21
241
-125
15
-134
-13
285
-397
322
-316
149
-35
95
-13
-339
219
141
132
-289
-224
221
-29
490
-495
20
-175
233
117
26
-2
-351
206
128
391
-453
-155
-40
346
69
-251
-61
-61
338
127
-345
-45
-108
493
-361
-193
128
33
215
-284
83
-6
11
210
-405
-56
137
226
-189
-315
188
211
133
-313
23
85
142
-100
-208
173
-108
237
-86
-43
140
-228
379
-327
159
-199
64
128
-200
55
165
-14
43
-77
314
-252
118
52
-67
-150
-255
501
-233
13
-138
63
304
-249
174
-261
92
173
-364
308
-473
633
-333
416
-253
-126
190
-241
419
-366
21
-90
-58
594
-250
-288
-38
323
199
-369
-318
313
-113
346
-221
5
-101
147
183
-370
192
-415
629
-505
520
-368
154
207
-158
175
-356
405
-579
242
-103
195
-280
363
-128
287
-477
405
-159
-192
86
-92
521
-783
368
-287
764
-435
-29
-223
346
15
-306
16
-14
303
-498
274
-325
187
-77
87
4
-2
-12
45
19
165
121
-287
-270
59
234
-174
88
-204
524
-442
720
-594
583
-900
633
-657
383
-520
-4
416
-80
34
-297
814
43
63
-465
167
4
244
-379
-325
37
667
17
-172
-311
404
142
-31
-529
-127
-172
338
-130
-249
39
105
201
22
53
-111
-13
-108
232
-430
-44
-112
699
-613
451
-244
688
-144
85
-215
-297
514
-72
-203
-393
235
657
-260
-197
-55
363
547
-670
5
-324
387
-215
-172
-62
-128
643
60
121
-409
259
418
-421
-76
-478
170
-112
100
74
-266
509
104
253
-250
-7
-189
-21
-153
-82
-243
-39
27
300
161
-275
440
26
11
-254
-224
435
-277
-27
-355
7
477
14
160
-560
602
87
103
-527
-352
131
-205
437
-208
248
-365
52
381
236
-438
-12
-215
125
159
127
-198
-276
692
-87
146
-395
126
-214
338
-172
-20
-132
586
-347
142
-122
157
10
-434
-130
-330
401
35
-20
-26
-133
408
-304
-49
-232
33
387
-625
575
-243
336
216
-205
-51
-693
936
-16
-449
-198
48
887
-561
365
-1075
937
-130
-178
-520
-60
538
-274
565
-415
79
161
521
-314
-70
-424
477
-642
207
-374
713
176
-292
25
211
9
-170
-187
-346
-148
438
208
-437
275
431
375
-836
661
-482
115
8
-449
199
-613
1137
-630
714
-250
23
-157
214
260
-859
265
39
-182
66
93
304
-245
296
54
-133
224
-119
-170
-293
334
123
-294
-263
569
-41
-32
-309
724
-599
201
-510
825
-759
465
-605
558
-241
64
-74
47
173
-82
-3
-125
235
-244
162
-39
-47
269
-191
476
-797
388
-589
790
-512
475
-609
430
-111
165
306
-801
714
-960
814
-539
457
-487
284
105
-84
-114
47
342
-364
-172
17
425
-275
56
-129
145
167
303
-455
-210
608
25
-329
-303
-68
613
-413
67
-367
558
152
-309
-48
179
41
-101
-276
-276
288
137
-113
-730
949
-17
353
-360
-166
115
-123
563
-1461
799
-217
258
-544
672
205
-303
379
-211
-470
-18
472
-420
-455
367
529
-132
-26
-267
368
393
-210
-561
-378
1040
-407
68
-683
507
121
366
-402
-358
486
369
-127
-643
565
-309
295
-478
321
229
-162
-160
-351
968
-370
-432
-145
532
360
-253
-465
197
90
464
-672
311
-379
472
-769
521
196
300
-195
-687
897
-30
387
-1123
-128
142
455
-151
-183
142
-13
77
513
-239
-74
-485
495
42
-433
-11
-8
522
-416
220
-33
504
-345
548
-781
148
-362
363
281
-509
35
-184
820
-311
-85
-418
166
-259
582
-551
-202
374
225
7
-442
210
70
-39
260
-475
55
281
-102
170
-236
439
-662
433
37
183
-307
219
-354
222
245
113
-946
781
128
-141
-692
449
129
-292
393
-796
226
131
514
-629
301
62
-231
183
320
-688
-301
349
174
-183
-148
134
90
248
-58
-309
661
-283
-314
-210
389
-50
-146
-393
671
-308
222
-194
409
-322
27
-63
93
-108
285
-117
-427
306
-90
429
-784
767
-626
203
107
886
-917
-365
214
596
-292
-431
165
23
344
-103
-179
83
417
-217
38
-194
610
-717
313
-369
509
-674
490
-130
381
144
-356
235
61
174
-869
-241
494
219
-301
-212
-72
1338
-791
228
-874
477
136
16
218
-1011
848
-14
448
-887
335
-404
332
131
119
-619
386
108
440
-697
315
295
-682
276
-332
675
-639
210
-269
383
592
-155
-547
-36
66
418
-153
-478
-175
319
135
281
24
-395
-158
424
535
-929
480
-238
410
-483
349
-169
-355
560
-326
127
-670
522
-175
525
-779
258
-155
875
-492
-369
-26
220
-89
46
46
-490
170
317
140
-313
228
139
-109
43
232
-47
-185
-293
-97
469
-127
-77
-195
387
368
-151
-53
-756
512
-431
549
-719
190
-82
616
144
-310
83
-218
406
-465
332
-521
397
-212
283
-584
256
244
-92
-178
-50
636
-520
119
-508
627
-723
384
-344
166
-293
931
-394
-273
509
17
-81
-632
799
-552
431
-789
486
90
373
-377
336
-132
-378
667
-219
-263
-357
775
-737
795
57
-323
-550
1004
-109
-406
164
143
-192
-59
237
-310
218
-223
146
22
345
-530
36
54
-36
-240
196
-333
-89
432
179
-432
-175
546
-272
122
176
180
-593
396
55
49
-327
-135
-44
251
252
-81
-141
332
-82
82
-114
67
-510
226
-344
348
110
18
-136
227
140
135
-54
-471
55
180
273
-1013
532
-163
703
-357
153
-73
90
-118
-215
-32
-206
429
-109
177
-88
417
-84
91
-541
-97
139
233
-277
-117
287
90
-33
-209
186
-168
70
34
-128
-66
62
463
-567
-71
17
237
-142
67
-53
-313
581
29
-158
-371
349
-233
33
261
-243
-61
585
-234
159
-242
54
-33
113
-60
-442
479
-291
266
-60
-96
-115
-1
85
-246
-21
81
-34
215
-304
97
292
-218
-121
-293
394
-304
41
-52
188
335
-193
232
-121
155
76
-349
-153
-39
354
-675
256
219
317
128
-62
-286
22
529
-520
-236
-170
143
69
334
-334
59
391
336
-433
176
-230
-94
-123
201
-202
-82
505
-176
42
-118
202
-78
81
6
-351
48
21
-88
-225
111
-160
28
247
120
-270
189
57
-181
-18
3
-29
1
368
-77
-47
218
42
-102
-39
-15
-98
201
-159
28
34
-25
-122
32
45
-187
210
-154
-66
180
-61
-366
217
223
-332
-55
106
-5
262
-276
-173
197
321
11
-308
19
111
-11
40
-105
2
100
-40
143
-157
58
36
55
104
-27
-102
2
164
108
-365
-71
25
307
-107
128
-68
25
2
51
-230
-212
204
11
117
-177
0
57
124
27
-52
-17
94
-26
34
-178
93
-18
-37
-68
313
-30
-140
397
-86
-196
-76
164
-306
-16
240
-288
-103
152
170
-122
-107
146
-62
258
-109
-155
21
359
-73
-313
341
5
-39
128
-156
-144
24
176
-116
-306
-128
202
260
-297
-189
112
326
-23
-270
-174
293
115
-149
-255
279
73
170
40
2
6
101
221
-372
66
-98
-242
361
233
-309
65
221
28
-272
-98
-230
-79
102
-76
99
199
84
-48
99
-30
-283
-184
-21
-63
49
-121
-152
16
527
-119
-323
58
85
123
-160
-110
-293
174
5
-76
83
235
61
259
172
-249
-117
-44
-18
-77
-103
-206
275
297
10
-92
9
186
-12
-302
-48
-25
-13
-5
192
31
-10
43
7
-22
-42
-72
-298
-15
66
127
173
224
-107
59
-32
-96
-128
135
11
9
198
168
-1
260
-8
-358
-67
51
-74
-227
180
-351
91
261
135
-180
-42
126
183
147
36
-322
-70
197
77
-224
294
219
-54
249
16
-189
-120
126
-420
-157
106
-236
-42
224
-82
101
421
-273
-90
414
-265
-384
279
-97
-432
275
414
-152
292
242
-239
327
340
-165
-631
11
-234
-525
175
-260
-353
80
245
-442
-578
-179
-357
-135
306
293
-3
333
609
426
403
147
-357
-92
457
287
54
9
369
523
534
-175
-517
37
70
-540
-892
-63
-62
142
79
-294
-106
599
376
-761
-789
-62
-260
-29
-102
-198
263
546
448
-173
82
-96
-285
-36
95
-211
-273
413
335
127
530
19
-424
220
26
-532
-264
-121
-480
-75
164
-205
-91
447
268
-84
-207
-25
-54
13
237
55
137
560
449
134
211
220
98
157
-82
-327
14
332
-68
-443
133
-51
-101
110
-53
-196
-49
357
-507
-200
16
-187
13
182
-139
-327
459
305
-215
-189
224
-45
-73
37
-10
-214
187
70
-28
220
123
-55
20
195
-244
-254
8
-26
-114
61
14
-2
180
102
-384
93
210
-34
5
115
63
-88
168
-31
-324
-65
29
-89
-219
260
-52
-106
60
61
-34
-85
-15
-157
-200
90
-71
-139
232
134
66
87
42
-86
26
28
32
124
210
-37
-21
94
12
-9
-60
-123
-70
56
-284
-102
-26
-43
-214
-36
-89
-35
76
-141
-162
179
269
8
183
79
84
80
83
-197
-61
84
15
3
134
-23
45
120
43
-109
-97
9
-227
-105
-185
-132
-78
-71
-236
-102
79
-97
-156
-158
-162
-19
-151
-107
33
53
168
77
59
-27
44
96
8
-85
-32
176
218
118
58
55
143
189
194
65
-87
140
297
207
146
158
175
134
205
150
24
119
296
328
306
467
343
370
348
309
164
152
154
-19
-131
-111
-43
-201
-50
-307
-288
-302
-373
-534
-680
-528
-526
-438
-614
-533
-516
-506
-651
-699
-738
-567
-579
-545
-626
-556
-458
-541
-552
-620
-600
-567
-544
-393
-229
-52
271
533
884
1122
1255
1296
1456
1515
1546
1689
1908
2301
2499
2555
2527
2762
2779
2541
2202
1844
1399
803
-94
-855
-1378
-1529
-1784
-1948
-2260
-2402
-2712
-3030
-3206
-3491
-3352
-3189
-2998
-2887
-2683
-2261
-1649
-1168
-582
-399
44
246
321
190
157
333
496
607
441
556
585
1008
995
1195
1251
1339
1432
1529
1562
1564
1844
2270
2911
3269
3506
3549
3902
4105
3866
2851
1564
460
-563
-1715
-2374
-2261
-1946
-1924
-2519
-3479
-3990
-3803
-3450
-3489
-3341
-2957
-2290
-1657
-1216
-723
286
1610
2257
2029
1696
1487
1024
750
395
-243
-681
-1122
-1766
-2177
-2333
-2388
-2391
-2389
-2658
-2902
-2633
-1726
-738
249
1299
2186
3002
3877
4561
4927
5452
5874
6175
6110
5808
5195
4917
4979
4260
2300
305
-946
-2460
-4253
-5321
-5154
-4652
-4708
-5496
-6330
-6056
-4674
-3557
-3075
-2372
-1384
-225
459
1038
1755
3033
4402
4807
4062
3218
2615
1958
1150
161
-944
-1988
-2758
-3735
-4661
-5189
-5370
-5622
-5456
-5000
-4435
-3515
-2079
-582
575
2011
3130
4212
5424
6434
6882
6930
7208
7186
6843
6528
6229
5651
5055
4259
2816
558
-1546
-3345
-5116
-6866
-7696
-7078
-5941
-5416
-5543
-5507
-4618
-2801
-1313
-654
-238
947
2191
2873
3168
3565
4483
5381
5529
4370
2800
1561
532
-771
-2381
-3957
-5138
-5738
-6221
-6977
-7285
-6889
-6265
-5888
-5441
-4531
-3014
-814
1215
2619
3754
4903
6068
6892
7651
7839
7758
7735
7122
5843
4850
4518
4155
3517
2580
1664
689
-545
-2742
-4847
-6339
-7181
-7805
-7373
-5621
-3895
-2933
-2708
-2203
-1005
708
1691
1992
2198
3227
3814
3754
3386
3393
3886
4181
3516
1623
-286
-1611
-2861
-4197
-5534
-6353
-6433
-6251
-6197
-6337
-5933
-5076
-4029
-3282
-2579
-1301
620
2582
4023
4659
5239
5763
6308
6403
6335
6182
5824
5295
4258
3070
2165
1880
1742
1282
673
106
-43
-529
-2160
-3818
-4707
-5393
-6334
-6136
-4367
-2212
-914
-891
-1204
-640
909
2054
1908
1609
2150
2919
2827
2070
1665
2108
2995
3020
1486
-439
-1723
-2595
-3730
-4722
-5449
-5562
-4980
-4275
-3934
-3650
-2938
-2168
-1669
-1299
-1049
-391
1250
3195
4268
4280
4113
3921
3997
4142
3988
3495
3277
3040
2260
1230
719
716
878
1064
1181
1247
1528
1659
441
-1510
-2745
-3450
-4777
-5726
-4501
-2050
-354
-542
-1701
-1873
-430
1117
1303
439
568
1560
2004
1358
818
1476
2932
3773
2739
698
-705
-1237
-1952
-3133
-4170
-4413
-3980
-3574
-3581
-3504
-2661
-1449
-958
-1510
-1884
-1187
-53
614
1087
1889
2920
3394
2674
1638
1734
2852
3311
2696
1577
1192
1783
2119
1440
951
1604
2784
3199
2794
2948
2950
1276
-1501
-3496
-5120
-6295
-5406
-2840
-1225
-1290
-2278
-2939
-2127
-110
1123
722
549
1657
2611
2429
2264
2896
4318
5393
4810
2352
96
-861
-1552
-2647
-3760
-4546
-5014
-5004
-4922
-4798
-4135
-2959
-2225
-2370
-2581
-2064
-1485
-456
1245
2895
3525
3141
2221
1593
2236
2934
2713
1971
1621
1782
1813
1282
822
846
1360
1898
2204
2324
3041
3806
2663
152
-1802
-3065
-4992
-6598
-5583
-2233
285
-229
-2658
-3351
-1111
1939
2587
1529
1338
2997
4368
3760
2501
2617
4211
5104
3512
477
-1873
-2709
-2963
-3975
-5392
-6087
-5616
-4914
-4388
-4257
-3675
-2481
-1416
-865
-279
424
1332
2343
3023
2954
2659
2500
2415
2026
1080
95
-290
-212
-162
-270
-473
-321
226
647
791
930
1806
3363
4509
4967
4470
2758
708
-653
-2590
-5033
-5465
-2694
-82
-370
-2398
-3634
-2297
615
2340
1360
218
1101
2713
2831
1859
1536
2482
3644
3449
1057
-1589
-2676
-2585
-3007
-4088
-5117
-5195
-3995
-2765
-2617
-2629
-1712
-556
-76
191
917
1603
1826
1089
215
216
750
680
-131
-596
-409
-156
-488
-928
-232
1182
1957
1560
1103
1781
3037
3794
4297
5270
6462
7664
7008
3518
-119
-1876
-4161
-7575
-8681
-5857
-2520
-2133
-4453
-5962
-4010
200
2527
1396
-36
1329
3992
4567
3281
2638
3923
5829
5438
2074
-1190
-2066
-1855
-2540
-4345
-6041
-6069
-4649
-3422
-3606
-3736
-2623
-1223
-673
-551
-107
721
1464
1274
402
205
759
1009
646
141
-188
-428
-500
-194
300
1142
1626
1518
1534
2221
2987
3338
3908
5168
6583
7214
6566
3680
30
-2082
-4151
-7791
-9735
-7225
-3000
-1295
-2926
-4967
-3875
633
4380
4132
1915
2133
4737
5961
4453
2564
2817
4647
5112
2198
-1971
-3950
-3667
-3767
-5507
-7527
-7954
-6467
-4432
-3525
-3570
-2823
-741
818
1019
695
847
2195
3238
2062
323
602
1824
2177
488
-2383
-3139
-960
377
-929
-2286
-1087
1235
2372
1949
1694
3119
5726
7347
7107
6756
6970
5607
1959
-1426
-4145
-7181
-8724
-6588
-2954
-1405
-2613
-4408
-3621
380
4046
3834
1716
1870
4264
5230
3492
1652
2264
4464
4711
1570
-2534
-4356
-4019
-4117
-5674
-7226
-7090
-5286
-3249
-2207
-1895
-1124
422
1498
1464
968
1149
1984
2290
1204
-683
-1426
-1112
-1014
-1650
-2536
-2939
-2499
-1885
-1595
-808
788
2008
2530
2938
3589
4621
5958
7224
8130
8674
8792
8169
5707
1526
-1900
-4426
-8200
-11324
-10180
-5623
-2204
-2477
-4715
-4581
-502
4095
4730
2120
1084
3447
5594
4378
1801
1394
3495
4693
2326
-2234
-4862
-4600
-4038
-5215
-6924
-7230
-5703
-3553
-2176
-1775
-1272
180
1491
1652
767
-27
550
1830
1205
-645
-1112
66
1078
107
-2405
-3577
-1879
194
272
-750
-80
2452
4529
4735
4332
5026
7255
9239
9305
7907
7129
7328
5375
323
-4336
-7143
-10134
-12294
-10801
-6566
-3477
-3516
-5097
-4558
-650
3695
4537
2603
2044
4185
5742
4538
2663
2766
4392
4722
1881
-2450
-5011
-5020
-4761
-5673
-6924
-7127
-5858
-3815
-2069
-1015
-112
808
1612
1946
1514
848
1178
2198
2285
486
-1451
-1540
-309
27
-1495
-3227
-3149
-1210
306
222
78
1616
3881
5117
5094
5022
6388
8475
9033
7687
6266
5992
5560
2128
-3411
-7249
-9521
-12102
-12746
-9278
-4423
-2093
-2998
-4127
-2096
2506
5460
4462
2684
3713
6121
5975
3282
1684
2909
4474
3302
-735
-4607
-5717
-4998
-5135
-6411
-7113
-6229
-4138
-2014
-665
185
1209
2210
2584
2141
996
287
897
1788
1132
-955
-3036
-3524
-2513
-1575
-1849
-2436
-2089
-676
707
1233
1752
3164
5071
6342
6452
5888
6205
7576
8418
7671
6187
4748
3256
-129
-5020
-8573
-10766
-12787
-12747
-8800
-3748
-1496
-2376
-3210
-937
3684
6303
5156
3374
4480
6977
6870
4035
2058
2983
4481
3153
-1000
-4899
-6114
-5571
-5872
-7063
-7182
-5758
-3924
-2315
-1229
-455
560
1321
1567
1231
33
-796
178
1589
1483
-11
-1422
-1455
-474
-341
-1427
-2128
-1456
-175
460
545
1388
3495
5716
6592
5863
5129
5609
6716
6814
5387
3758
3020
1696
-2067
-6351
-8567
-10032
-11125
-9596
-5359
-1788
-1164
-2127
-1767
1372
5175
6548
5306
4537
5851
6949
5383
2691
1862
2805
2878
460
-3623
-6557
-6838
-6152
-6392
-6965
-6640
-5447
-3917
-2447
-1071
13
866
1821
2529
2163
1494
1812
2940
3064
1244
-1503
-2941
-2024
-731
-923
-2251
-2906
-2110
-824
-268
172
1599
3600
4751
4439
3546
3595
5154
6830
6790
5502
4360
4163
3614
480
-3940
-6444
-7732
-9345
-9125
-5506
-1375
119
-1016
-1877
-65
3380
5193
4292
3184
3967
5111
3866
1038
-169
1068
2104
728
-2501
-5258
-5924
-5257
-5078
-5503
-5389
-4404
-3089
-1711
-577
402
1641
2406
2084
1338
419
-272
451
1964
2364
1047
-1082
-2437
-2078
-1462
-1979
-2926
-2975
-1850
-422
233
750
2216
4347
5813
5987
5491
5566
6498
7093
6412
5287
4682
4017
1353
-2449
-5072
-6935
-9056
-9220
-5948
-2316
-1645
-3489
-4324
-1917
2025
3782
2652
1565
2900
4783
4122
1718
918
2466
3626
2155
-1189
-3979
-4555
-3864
-3944
-5018
-5605
-4941
-3717
-2595
-1794
-992
290
1638
2029
1425
838
806
947
1041
868
-128
-1470
-2220
-2123
-1671
-1404
-1453
-1363
-844
-157
541
1211
2118
3447
4585
4782
4640
4949
5764
6509
6458
5497
4415
4124
3786
1533
-2014
-4088
-5144
-7443
-9231
-7211
-3299
-1643
-2908
-4276
-3238
-194
1986
1795
1161
2361
4494
4449
2228
921
1940
3359
3107
1060
-1423
-2969
-3488
-4122
-5062
-5327
-4637
-3772
-3110
-2606
-2131
-1161
342
1519
1725
1239
605
56
343
1159
698
-671
-1013
-274
165
-426
-1458
-1639
-658
159
-5
-256
373
2066
3783
4252
4138
5009
6293
6739
6201
5457
5148
5574
5483
2995
-764
-2846
-4345
-7689
-10243
-8384
-4502
-3453
-5415
-6676
-4972
-1580
874
1147
851
2317
4905
5289
3195
2004
3400
5098
4762
2650
139
-1699
-2659
-3431
-4507
-5272
-5252
-4814
-4403
-3917
-3240
-2146
-565
817
891
144
23
453
946
1650
2244
2268
1553
236
-783
-864
-718
-858
-1221
-1547
-1285
-401
495
1506
3048
4803
5801
5713
5099
4672
4898
5397
5429
5170
5052
3761
548
-2528
-4711
-7473
-9489
-8205
-5211
-4495
-6145
-6972
-5044
-1735
709
1468
1698
2887
4930
5413
3630
2372
3477
5101
4962
3179
856
-1027
-2098
-2963
-4245
-5391
-5585
-5081
-4459
-4170
-3893
-3205
-2371
-1134
361
542
-147
638
2681
3725
2831
1139
403
951
913
-557
-2022
-1948
-725
-107
-1072
-1689
-125
2372
3747
3824
3586
3845
4395
4638
4608
4928
5605
5916
5558
4318
1819
-933
-2801
-5030
-8027
-9223
-7548
-5568
-5371
-5885
-5209
-3121
-866
412
914
1704
3456
4905
4461
3027
2780
3909
4883
4795
3653
1689
-417
-2018
-3176
-4296
-5103
-5161
-4736
-4409
-4471
-4615
-4001
-2278
-492
353
604
884
1364
1847
1905
1338
662
359
295
108
-117
-44
484
924
692
326
599
1370
1976
2157
1966
2012
2601
3218
3564
3997
4529
4922
4847
4491
3998
2426
-272
-2473
-4386
-7398
-9283
-7301
-3866
-2961
-4153
-4616
-3397
-1682
-621
-346
93
1531
3193
3379
2130
1598
3031
4866
5297
4433
2976
1217
-407
-1676
-2961
-3938
-4031
-3649
-3603
-3979
-4316
-3988
-3161
-2566
-1962
-1117
-969
-1096
-27
1716
2580
2247
1598
1755
2551
2402
1355
733
1000
1626
1660
536
-453
142
1643
2469
2176
1593
1599
2232
2548
2287
2362
3369
4553
4291
1842
-673
-2014
-3645
-5745
-5695
-3560
-2295
-3030
-4023
-3956
-3080
-2268
-1747
-1197
-208
1267
2139
1538
717
1479
3285
4415
4426
3918
2981
1618
158
-1139
-2174
-2493
-2167
-2035
-2489
-3202
-3555
-3427
-3213
-2922
-2430
-2150
-2012
-1436
-612
-119
280
1016
2010
2788
2711
1996
1643
1834
1999
1653
894
565
983
1535
1620
1529
1667
2102
2488
2259
1567
1257
1657
2280
2713
2808
2206
1037
-32
-1595
-4087
-5499
-4203
-2021
-1548
-2574
-3244
-2875
-2498
-2608
-2515
-1677
-327
923
1083
167
-322
531
1977
3097
3704
3773
3191
2116
854
-342
-1112
-1096
-478
26
-108
-954
-2099
-2963
-3517
-3887
-3620
-2885
-2592
-2521
-1883
-966
-399
-293
-125
777
1749
1810
1454
1305
1248
1546
2073
2352
2699
3280
3615
3412
2770
2165
1899
1641
1231
948
835
1013
1482
1645
888
-295
-1285
-2569
-4278
-4903
-3568
-1920
-1503
-1792
-1634
-1177
-1200
-1701
-1790
-1180
-269
497
787
539
338
737
1557
2307
2775
3019
2890
2235
1262
361
-294
-572
-407
53
321
-140
-1178
-2227
-3027
-3609
-3805
-3620
-3135
-2412
-1825
-1771
-1973
-1830
-1067
87
1118
1683
1887
2040
2121
1956
1668
1799
2440
2874
2755
2384
2004
1619
1246
922
729
724
842
1004
1048
958
744
195
-443
-784
-1310
-2215
-2467
-1628
-616
-401
-874
-1195
-1123
-1301
-1910
-2244
-1948
-1228
-484
-19
169
425
950
1578
2010
2245
2395
2379
2121
1599
951
407
66
-130
-189
-158
-346
-929
-1701
-2334
-2624
-2775
-2939
-2874
-2254
-1350
-767
-752
-856
-419
371
676
481
450
805
1130
1084
770
644
1030
1641
1974
1837
1472
1213
1050
732
324
131
244
488
690
827
919
791
448
129
-282
-1055
-1745
-1766
-1258
-867
-853
-861
-692
-700
-1083
-1425
-1458
-1132
-494
262
744
904
1046
1380
1738
1862
1788
1656
1445
1084
564
68
-217
-273
-138
67
83
-112
-435
-846
-1209
-1386
-1448
-1456
-1357
-1104
-877
-946
-1228
-1286
-971
-563
-394
-375
-214
71
226
153
109
261
532
781
960
1057
1101
1003
803
656
605
580
612
823
1137
1293
1145
806
450
127
-289
-859
-1292
-1264
-897
-609
-554
-442
-78
208
25
-374
-523
-345
4
392
672
761
712
541
320
147
154
351
586
683
617
472
302
145
95
255
445
490
298
-94
-519
-917
-1314
-1518
-1409
-1183
-974
-802
-744
-768
-759
-798
-869
-875
-762
-522
-286
-178
-45
204
408
400
178
20
97
283
414
476
453
404
489
625
701
755
875
1058
1072
708
102
-450
-772
-718
-378
32
459
868
1088
1024
674
169
-226
-372
-371
-329
-241
-141
-71
-37
4
192
487
646
589
427
302
238
247
353
506
573
583
570
539
405
109
-276
-548
-701
-888
-1061
-1068
-950
-1023
-1336
-1611
-1637
-1553
-1436
-1213
-835
-462
-323
-431
-592
-621
-431
-150
77
298
502
622
613
469
221
29
7
76
142
178
213
311
472
488
367
320
401
508
664
930
1268
1561
1744
1838
1827
1602
1162
723
368
74
-168
-233
-126
-78
-265
-576
-746
-746
-698
-626
-370
49
445
656
664
592
510
405
290
246
178
40
-183
-529
-978
-1309
-1496
-1609
-1509
-1219
-1029
-1157
-1405
-1432
-1257
-1271
-1461
-1361
-906
-459
-279
-349
-328
-34
272
282
14
-271
-385
-349
-398
-573
-565
-204
314
703
901
1095
1413
1688
1786
1812
1889
1956
1989
2089
2210
2273
2244
2095
1760
1257
645
-20
-631
-1132
-1409
-1371
-1139
-961
-847
-699
-491
-278
-122
60
284
508
661
751
781
790
771
693
538
302
-48
-445
-843
-1225
-1521
-1713
-1802
-1820
-1826
-1821
-1805
-1741
-1605
-1404
-1238
-1161
-1055
-821
-588
-608
-763
-779
-607
-484
-528
-623
-635
-564
-456
-342
-257
-130
150
546
964
1375
1790
2139
2378
2508
2534
2423
2210
2045
1891
1610
1256
1088
1031
873
643
491
401
232
-43
-314
-516
-631
-600
-389
-76
179
293
329
407
503
536
505
457
417
375
271
53
-276
-611
-785
-790
-854
-1103
-1382
-1532
-1590
-1700
-1832
-1791
-1563
-1274
-1072
-1017
-1059
-1124
-1178
-1241
-1280
-1290
-1177
-987
-844
-783
-745
-651
-466
-276
-85
182
464
735
929
1043
1116
1225
1319
1372
1392
1434
1418
1331
1251
1233
1186
1104
1063
1035
933
831
838
935
1079
1237
1330
1322
1200
962
722
507
305
189
259
365
315
103
-132
-298
-410
-522
-603
-639
-635
-625
-690
-799
-909
-952
-937
-893
-898
-989
-1093
-1129
-1117
-1144
-1148
-1060
-1002
-1071
-1141
-1210
-1315
-1392
-1332
-1142
-902
-730
-601
-450
-310
-216
-151
-77
60
203
213
130
47
26
23
41
141
330
523
669
783
887
1000
1130
1264
1404
1544
1687
1816
1896
1942
1932
1851
1701
1569
1468
1366
1231
1122
1005
770
402
53
-224
-445
-555
-517
-425
-403
-466
-563
-652
-742
-781
-741
-658
-562
-542
-644
-754
-796
-809
-815
-753
-663
-677
-805
-942
-993
-1002
-979
-852
-671
-619
-743
-871
-906
-924
-944
-931
-865
-797
-778
-815
-873
-890
-825
-657
-486
-387
-287
-161
-9
107
245
480
740
918
1095
1303
1498
1648
1767
1858
1865
1809
1737
1616
1420
1269
1156
996
898
921
968
938
892
836
732
506
186
-118
-317
-372
-370
-350
-317
-260
-249
-304
-419
-522
-570
-552
-491
-442
-418
-384
-294
-226
-197
-197
-204
-220
-281
-377
-475
-572
-665
-756
-901
-1065
-1217
-1331
-1394
-1377
-1442
-1488
-1403
-1289
-1236
-1136
-1025
-795
-589
-552
-454
-268
-120
47
301
477
557
680
785
718
716
856
945
968
1035
1116
1110
1130
1170
1227
1323
1419
1372
1271
1189
1094
943
885
920
981
983
874
702
478
271
114
-9
-122
-165
-102
-30
-61
-170
-231
-198
-118
-48
-22
-14
34
77
5
-159
-342
-486
-610
-732
-861
-990
-1073
-1166
-1301
-1462
-1518
-1545
-1511
-1422
-1308
-1291
-1277
-1227
-1171
-1163
-1105
-817
-549
-421
-298
-152
-195
-254
-279
-188
-76
75
255
430
508
593
679
714
778
867
1042
1160
1262
1317
1401
1411
1391
1357
1317
1286
1244
1192
1111
1026
944
926
912
855
775
730
687
578
438
353
308
226
145
125
134
110
51
-54
-212
-340
-437
-538
-652
-756
-793
-778
-813
-936
-1073
-1152
-1197
-1244
-1270
-1278
-1265
-1212
-1116
-1054
-1099
-1180
-1178
-1152
-1118
-1095
-1071
-1010
-838
-669
-584
-614
-585
-471
-389
-304
-193
-147
-82
176
390
433
492
702
874
951
963
1019
1096
1202
1286
1301
1335
1435
1524
1542
1502
1416
1371
1371
1288
1139
1084
1145
1201
1154
1030
948
867
696
423
179
41
-48
-115
-145
-153
-205
-317
-465
-598
-706
-797
-879
-911
-891
-848
-850
-912
-965
-981
-983
-985
-978
-988
-1014
-1054
-1102
-1126
-1137
-1159
-1162
-1106
-1043
-1005
-989
-960
-924
-891
-797
-702
-646
-575
-404
-284
-223
-167
-40
137
341
508
616
714
821
919
1003
1037
1043
1099
1231
1354
1380
1385
1422
1501
1533
1492
1380
1276
1208
1108
954
851
848
893
914
824
674
549
422
210
-25
-223
-345
-386
-368
-348
-361
-423
-471
-454
-440
-507
-607
-640
-625
-640
-727
-823
-861
-825
-781
-791
-842
-886
-932
-1000
-1112
-1211
-1239
-1207
-1137
-1080
-1031
-945
-885
-894
-900
-799
-671
-523
-371
-272
-162
-41
76
144
207
306
465
600
662
693
749
817
854
916
961
1012
1063
1096
1093
1117
1140
1179
1217
1245
1202
1096
1001
918
794
644
603
647
671
631
557
483
417
303
161
39
-53
-102
-139
-187
-255
-308
-325
-324
-356
-406
-439
-489
-561
-651
-736
-815
-873
-940
-996
-1031
-1030
-993
-970
-995
-1042
-1075
-1064
-1051
-1044
-992
-862
-739
-681
-650
-633
-561
-441
-356
-295
-204
-90
-8
-6
-24
45
170
291
363
447
512
518
478
525
653
771
871
946
986
1020
1012
971
987
1103
1219
1236
1191
1145
1085
954
799
746
812
879
850
735
655
589
468
287
144
52
-8
-80
-146
-211
-293
-405
-534
-629
-685
-704
-697
-666
-668
-698
-753
-854
-973
-985
-893
-793
-759
-767
-772
-786
-865
-993
-1026
-975
-881
-775
-683
-658
-680
-686
-675
-676
-682
-647
-587
-486
-412
-364
-306
-203
-62
56
137
236
329
395
476
574
673
822
980
1106
1224
1319
1365
1394
1439
1453
1475
1469
1414
1371
1333
1180
1011
983
1041
1049
948
808
695
538
240
-80
-298
-428
-471
-450
-422
-451
-553
-669
-752
-745
-691
-648
-606
-523
-452
-487
-584
-673
-690
-629
-579
-596
-636
-694
-785
-888
-1001
-1084
-1114
-1133
-1151
-1134
-1113
-1122
-1143
-1120
-1003
-862
-767
-687
-570
-460
-376
-285
-204
-53
163
375
527
673
780
868
915
953
1072
1224
1327
1439
1592
1710
1825
1884
1866
1863
1860
1714
1509
1284
955
630
509
587
648
634
542
424
251
-24
-402
-688
-769
-714
-593
-489
-445
-448
-445
-414
-354
-303
-293
-288
-273
-310
-408
-547
-685
-780
-806
-827
-881
-1010
-1202
-1415
-1596
-1747
-1861
-1873
-1829
-1784
-1647
-1387
-1187
-1118
-1093
-990
-774
-583
-521
-460
-242
3
205
394
560
756
1022
1230
1311
1382
1387
1367
1487
1592
1582
1637
1735
1811
1912
1945
1848
1802
1727
1547
1327
1015
544
229
281
532
731
753
646
512
319
-63
-480
-699
-706
-597
-435
-324
-322
-357
-330
-226
-105
-47
-87
-208
-361
-531
-770
-989
-1076
-1051
-983
-957
-1071
-1313
-1572
-1813
-1980
-2010
-1959
-1867
-1769
-1726
-1685
-1572
-1418
-1201
-919
-649
-422
-272
-152
-31
125
295
538
780
980
1135
1207
1222
1236
1221
1176
1263
1403
1460
1475
1465
1465
1655
1892
1997
2103
2306
2343
2048
1519
849
237
-16
203
559
649
467
265
77
-300
-824
-1162
-1136
-912
-689
-583
-575
-594
-528
-323
-33
262
467
491
326
79
-226
-534
-710
-741
-772
-831
-1065
-1579
-2162
-2628
-2944
-2984
-2736
-2341
-1981
-1862
-1905
-1817
-1509
-1173
-830
-434
-85
222
421
464
517
778
1163
1511
1694
1671
1538
1363
1120
931
979
1245
1485
1633
1724
1822
1980
2137
2233
2390
2475
2175
1622
976
183
-484
-444
75
398
260
-102
-370
-511
-866
-1332
-1362
-1043
-681
-425
-316
-340
-216
141
609
1062
1290
1223
926
486
-20
-422
-669
-738
-734
-833
-1130
-1670
-2294
-2753
-2956
-3008
-2954
-2769
-2582
-2466
-2325
-2139
-1859
-1304
-579
-63
149
166
212
418
645
691
820
1143
1361
1453
1467
1339
1230
1333
1429
1467
1460
1421
1392
1515
1782
2075
2295
2486
2728
2547
1803
925
69
-898
-1150
-393
324
190
-399
-732
-765
-908
-1261
-1286
-900
-426
-118
-3
-135
-152
312
1085
1720
1957
1813
1366
832
346
-31
-288
-381
-406
-610
-1045
-1750
-2485
-2909
-2961
-3072
-3139
-3125
-3213
-3089
-2510
-2048
-1797
-1381
-856
-292
57
-26
-29
471
971
1200
1264
1167
1229
1567
1733
1539
1321
1228
1260
1296
1097
799
753
1124
1612
2006
2072
2203
2254
1967
1226
353
-662
-1287
-920
-39
298
-91
-511
-611
-500
-632
-851
-765
-387
-37
136
87
-15
277
1008
1764
2170
2184
1808
1244
730
363
102
-60
-154
-280
-563
-1156
-1929
-2544
-2776
-2847
-3061
-3340
-3482
-3481
-3205
-2600
-1982
-1567
-1184
-696
-257
-40
10
248
753
1205
1340
1255
1152
1271
1571
1647
1409
1098
904
795
654
461
427
579
1000
1521
1792
1809
2044
2113
1577
813
-187
-1339
-1492
-417
329
150
-331
-524
-373
-227
-512
-725
-471
-128
99
168
-28
10
807
1823
2392
2495
2206
1617
1093
755
445
188
96
-19
-308
-813
-1565
-2319
-2627
-2714
-2905
-3155
-3356
-3451
-3185
-2652
-2195
-1805
-1276
-639
-132
99
165
388
869
1273
1377
1259
1182
1247
1451
1538
1282
884
666
681
579
315
116
176
565
1134
1405
1336
1568
1887
1588
844
-42
-1203
-1761
-927
118
135
-446
-746
-584
-316
-387
-637
-493
-128
132
215
64
32
707
1768
2430
2592
2464
2057
1513
1156
841
488
212
73
-300
-869
-1451
-2019
-2384
-2513
-2602
-2901
-3283
-3353
-2995
-2638
-2421
-2012
-1443
-845
-389
-129
65
484
1037
1403
1491
1316
1189
1289
1442
1370
1254
1048
738
503
480
419
229
171
218
557
1039
1331
1391
1673
1700
1233
599
-423
-1701
-1823
-578
198
-138
-744
-909
-673
-370
-431
-564
-347
31
256
262
193
470
1391
2298
2596
2509
2221
1703
1312
1220
915
412
124
-180
-795
-1360
-1724
-2126
-2454
-2693
-2941
-3315
-3647
-3508
-2866
-2393
-2177
-1785
-1282
-764
-292
17
328
897
1405
1564
1449
1232
1309
1696
1814
1613
1405
982
550
458
373
147
112
179
267
634
1026
1323
1655
1865
1574
966
43
-1232
-1987
-1372
-119
185
-446
-990
-858
-498
-209
-224
-265
-88
155
130
-12
157
901
1990
2687
2625
2187
1752
1379
1195
1070
697
254
-122
-617
-1192
-1661
-1974
-2128
-2186
-2608
-3189
-3551
-3632
-3257
-2541
-2150
-2149
-1809
-1220
-560
47
365
654
1268
1621
1466
1319
1298
1495
1935
1992
1493
1038
678
379
504
672
354
68
127
403
688
1036
1297
1712
2008
1598
759
-219
-1308
-1841
-891
268
222
-600
-1054
-918
-464
-112
-224
-349
-245
-89
-150
-173
81
929
2025
2500
2270
1810
1474
1278
1307
1152
660
167
-268
-759
-1271
-1616
-1892
-2080
-2317
-2718
-3211
-3521
-3500
-3159
-2633
-2241
-2053
-1806
-1264
-486
222
712
1049
1357
1533
1537
1453
1450
1615
1824
1839
1554
1078
616
341
351
442
268
5
-109
27
372
972
1327
1623
1977
1727
979
292
-644
-1577
-814
605
647
-451
-964
-838
-388
-26
-206
-540
-519
-284
-251
-368
-265
544
1698
2259
2075
1689
1475
1427
1520
1385
867
263
-158
-537
-1102
-1529
-1796
-2027
-2305
-2615
-3149
-3486
-3304
-3057
-2729
-2346
-2157
-2043
-1418
-588
110
669
981
1200
1411
1518
1493
1536
1508
1509
1474
1154
773
505
291
147
216
126
-107
-421
-334
181
956
1536
1771
1956
2146
2059
1499
612
-513
-929
31
947
420
-694
-962
-595
-109
-79
-612
-986
-751
-428
-449
-488
-177
735
1785
2114
1814
1579
1572
1600
1586
1234
573
70
-266
-756
-1324
-1735
-2094
-2291
-2375
-2639
-3151
-3318
-3142
-2990
-2727
-2372
-2150
-1801
-992
-208
360
777
988
1227
1524
1563
1339
1220
1092
1004
1015
802
495
326
164
-99
-80
-42
-131
-25
306
753
1223
1705
1943
2386
2635
2306
1611
705
-454
-853
215
1028
565
-489
-986
-850
-358
-297
-797
-1079
-911
-655
-622
-625
-276
738
1746
1951
1616
1300
1254
1382
1456
1089
504
36
-381
-880
-1399
-1680
-1897
-2023
-2141
-2463
-3066
-3339
-3024
-2746
-2604
-2328
-1838
-1311
-638
-121
223
636
1019
1209
1219
1082
928
951
996
896
801
723
653
524
236
27
104
360
373
351
476
949
1547
2026
2265
2599
2758
2372
1636
397
-844
-806
588
1111
189
-930
-1261
-928
-449
-533
-1073
-1203
-945
-827
-879
-785
-156
953
1848
1784
1344
1158
1311
1519
1525
1045
366
-41
-372
-807
-1232
-1504
-1790
-2103
-2442
-2786
-3028
-3142
-2970
-2599
-2448
-2438
-1991
-1173
-535
-133
72
320
804
1174
1078
850
827
965
1071
926
636
582
735
617
376
252
390
484
513
523
737
1317
1962
2418
2631
2898
2637
1978
1219
78
-953
-395
965
715
-538
-1278
-1205
-834
-515
-838
-1271
-1147
-852
-736
-675
-411
331
1428
1934
1589
1214
1200
1424
1591
1390
677
48
-180
-394
-778
-1215
-1627
-2096
-2402
-2654
-2977
-3077
-2838
-2635
-2591
-2423
-2206
-1923
-1219
-456
-108
-86
57
311
679
912
851
786
870
871
766
721
716
845
896
649
464
638
764
782
904
1145
1652
2356
2691
2753
2868
2540
1773
790
-427
-1037
-107
814
206
-988
-1472
-1270
-785
-518
-891
-1268
-1035
-669
-638
-598
-143
765
1671
1902
1433
1080
1240
1486
1431
1018
373
-80
-219
-467
-928
-1305
-1635
-1981
-2205
-2575
-3030
-3068
-2745
-2631
-2491
-2366
-2284
-1777
-869
-400
-345
-208
-19
344
721
711
551
716
840
776
710
714
982
1363
1246
701
627
752
917
940
1063
1273
1931
2382
2387
2445
2574
2352
1698
704
-714
-1019
-3
669
-71
-1065
-1455
-1216
-618
-496
-888
-979
-573
-417
-600
-620
-225
777
1654
1723
1130
894
1044
1221
1218
780
182
-110
-252
-694
-1184
-1504
-1751
-1802
-2294
-2979
-3387
-3481
-3088
-1968
-1371
-1961
-2201
-1760
-814
29
174
-309
-132
514
666
555
491
682
1227
1625
1145
717
1019
1404
1276
890
563
583
955
1309
1401
1697
2152
2559
2588
2184
1600
982
197
-725
-532
219
194
-762
-1222
-1014
-628
-371
-595
-915
-812
-387
-410
-627
-490
170
1060
1517
1392
1102
1172
1234
1143
770
349
67
-45
-317
-763
-1168
-1476
-1651
-1822
-2103
-2422
-2700
-2693
-2470
-2243
-2039
-1733
-1515
-1265
-904
-615
-409
-88
299
522
614
663
688
827
1083
1157
1090
1160
1223
1046
876
833
865
1011
1240
1251
1388
1769
2265
2525
2139
1362
466
-386
-909
-342
261
-111
-819
-990
-841
-585
-319
-501
-655
-446
-333
-502
-501
-139
439
1124
1314
1104
1014
1189
1200
991
601
129
-156
-261
-458
-704
-885
-1095
-1414
-1659
-1926
-2177
-2149
-2027
-2153
-2282
-2068
-1809
-1531
-1174
-992
-898
-556
-144
34
230
504
699
842
1014
1083
1009
1040
1165
1123
1079
1153
1108
1006
965
1083
1315
1634
1739
1895
1726
1353
881
-24
-1093
-958
35
33
-534
-771
-757
-528
11
27
-388
-286
-102
-285
-363
-128
246
856
1312
1033
747
854
1027
914
732
270
-279
-435
-513
-713
-836
-766
-968
-1236
-1486
-1803
-1868
-1569
-1595
-1927
-2171
-2319
-2061
-1151
-548
-498
-409
-203
33
314
473
431
726
1074
1139
951
947
1070
1349
1480
1418
1371
1277
1251
1122
1144
1248
1660
1478
881
154
-562
-1268
-1055
-281
-180
-719
-1069
-970
-582
-65
97
-69
28
151
46
-50
132
569
1126
1445
1146
786
661
726
650
473
53
-414
-595
-668
-795
-963
-1029
-1150
-1267
-1334
-1555
-1694
-1680
-1473
-1501
-1631
-1572
-1220
-863
-652
-503
-407
-125
192
326
363
631
919
1087
1199
1214
1297
1453
1452
1276
1313
1470
1469
1308
1204
1280
1590
1572
952
122
-687
-1327
-1376
-948
-887
-1073
-1179
-1189
-1112
-721
-345
-148
72
202
133
58
198
599
1147
1469
1379
1180
1074
1004
862
583
121
-283
-565
-833
-1148
-1299
-1256
-1169
-1233
-1439
-1662
-1683
-1435
-1107
-1000
-1086
-1144
-1046
-799
-523
-318
-142
76
187
94
89
353
782
1216
1436
1303
1151
1244
1462
1611
1662
1554
1369
1243
1262
1323
1434
1413
1017
395
-334
-1114
-1604
-1328
-993
-1022
-1376
-1620
-1599
-1178
-750
-609
-521
-281
-135
-110
16
342
841
1356
1524
1304
1108
1095
1095
938
605
173
-207
-547
-872
-1125
-1257
-1316
-1298
-1344
-1565
-1752
-1628
-1386
-1279
-1243
-1153
-937
-557
-203
16
192
457
720
835
761
711
843
1128
1301
1316
1253
1324
1561
1791
1835
1674
1534
1442
1411
1170
806
370
-146
-683
-944
-899
-827
-837
-979
-1173
-1284
-1271
-1259
-1196
-1045
-898
-853
-787
-598
-262
146
515
742
862
918
942
933
890
763
585
397
187
12
-147
-344
-585
-787
-945
-1085
-1194
-1283
-1301
-1229
-1182
-1204
-1138
-953
-742
-512
-314
-234
-138
94
320
441
533
650
762
844
852
837
913
1100
1293
1367
1334
1280
1288
1315
1288
1143
924
712
558
423
290
126
-68
-198
-281
-409
-523
-551
-559
-574
-629
-772
-871
-787
-649
-548
-451
-338
-192
30
180
187
175
242
305
322
246
76
-77
-164
-235
-346
-468
-629
-824
-1019
-1176
-1286
-1308
-1271
-1262
-1282
-1315
-1268
-1127
-918
-689
-449
-232
-77
42
187
432
767
1097
1345
1480
1565
1645
1748
1839
1885
1867
1784
1634
1461
1329
1247
1194
1114
913
577
290
96
-90
-291
-484
-685
-806
-843
-872
-923
-905
-795
-691
-628
-607
-572
-477
-304
-187
-156
-150
-144
-157
-168
-219
-335
-415
-452
-567
-701
-804
-913
-991
-1005
-1067
-1161
-1185
-1196
-1200
-1150
-1052
-953
-793
-634
-518
-343
-65
272
618
931
1143
1331
1565
1792
1986
2158
2258
2254
2191
2036
1781
1557
1439
1319
1139
880
585
351
221
69
-138
-389
-622
-808
-941
-1050
-1124
-1134
-1127
-1112
-1088
-1040
-929
-754
-611
-530
-474
-400
-326
-297
-305
-320
-311
-278
-246
-321
-481
-625
-694
-727
-796
-894
-966
-929
-808
-685
-652
-645
-557
-401
-255
-141
4
174
394
648
891
1091
1280
1450
1592
1722
1825
1900
1914
1873
1807
1763
1743
1661
1492
1247
969
698
427
121
-185
-444
-666
-884
-1078
-1232
-1282
-1247
-1238
-1269
-1291
-1283
-1247
-1211
-1212
-1203
-1121
-1005
-901
-811
-719
-607
-474
-392
-395
-423
-415
-373
-342
-363
-407
-393
-306
-204
-152
-125
-84
-18
52
84
88
169
337
512
672
809
931
1084
1247
1353
1456
1595
1713
1770
1769
1696
1600
1551
1486
1366
1224
1069
887
739
606
444
252
35
-256
-558
-826
-1063
-1246
-1385
-1529
-1617
-1597
-1518
-1432
-1406
-1469
-1533
-1497
-1461
-1462
-1492
-1519
-1497
-1400
-1299
-1206
-1076
-923
-805
-727
-638
-520
-352
-164
0
139
320
521
726
931
1130
1294
1444
1578
1681
1746
1797
1831
1859
1902
1934
1890
1810
1735
1628
1492
1328
1128
938
787
629
463
320
234
163
51
-144
-375
-576
-704
-782
-846
-892
-912
-929
-979
-1057
-1128
-1152
-1170
-1230
-1344
-1467
-1564
-1623
-1665
-1699
-1706
-1676
-1677
-1728
-1757
-1720
-1596
-1405
-1241
-1119
-969
-746
-458
-129
182
437
654
864
1068
1304
1570
1809
2028
2221
2347
2427
2509
2563
2582
2539
2383
2140
1921
1781
1678
1552
1359
1079
796
550
317
76
-152
-391
-635
-858
-1037
-1136
-1126
-1051
-988
-963
-976
-1019
-1075
-1122
-1161
-1181
-1206
-1254
-1346
-1447
-1503
-1509
-1480
-1462
-1493
-1572
-1636
-1647
-1605
-1516
-1411
-1300
-1156
-952
-718
-448
-157
149
446
719
941
1147
1376
1645
1899
2101
2236
2316
2351
2348
2292
2203
2118
2037
1921
1745
1530
1320
1161
1022
870
656
411
208
57
-64
-176
-303
-450
-559
-650
-749
-849
-932
-997
-1028
-1082
-1206
-1360
-1487
-1550
-1560
-1571
-1622
-1638
-1624
-1614
-1638
-1693
-1707
-1596
-1399
-1231
-1100
-959
-743
-461
-161
74
258
473
714
931
1126
1290
1435
1578
1687
1743
1779
1817
1822
1762
1640
1497
1358
1253
1140
999
843
688
528
379
245
131
38
-41
-118
-198
-256
-295
-306
-300
-276
-273
-303
-367
-447
-523
-588
-671
-784
-918
-1056
-1173
-1269
-1359
-1437
-1503
-1552
-1576
-1545
-1465
-1325
-1152
-956
-747
-522
-279
-25
222
459
690
916
1133
1347
1525
1637
1699
1721
1708
1682
1632
1517
1359
1196
1014
817
634
462
297
157
6
-184
-343
-436
-491
-526
-573
-639
-675
-652
-609
-580
-568
-561
-541
-530
-551
-593
-668
-728
-748
-765
-803
-833
-867
-877
-808
-713
-628
-539
-420
-278
-82
118
292
451
623
794
946
1058
1133
1210
1282
1332
1347
1338
1293
1237
1131
986
870
788
690
543
350
167
51
-17
-108
-264
-443
-571
-642
-689
-751
-829
-898
-914
-921
-943
-975
-971
-956
-947
-959
-970
-984
-993
-1013
-1065
-1099
-1081
-1038
-997
-956
-903
-809
-646
-449
-258
-75
132
380
650
899
1106
1293
1488
1702
1898
2046
2143
2196
2226
2226
2180
2103
2001
1895
1751
1528
1213
873
582
362
153
-110
-445
-794
-1074
-1269
-1411
-1536
-1652
-1738
-1779
-1798
-1785
-1748
-1683
-1597
-1511
-1441
-1382
-1342
-1303
-1249
-1167
-1090
-1039
-995
-935
-834
-692
-553
-414
-278
-107
92
324
555
765
936
1094
1257
1438
1616
1769
1880
1923
1925
1916
1909
1898
1875
1818
1721
1576
1378
1175
1020
905
767
559
298
49
-150
-299
-429
-562
-698
-845
-974
-1091
-1192
-1300
-1395
-1468
-1529
-1628
-1772
-1918
-1994
-1989
-1954
-1935
-1928
-1894
-1798
-1649
-1461
-1246
-987
-688
-365
-52
249
560
895
1228
1522
1752
1934
2092
2211
2283
2299
2287
2239
2164
2050
1912
1739
1553
1361
1166
966
740
486
226
-1
-204
-374
-517
-643
-774
-924
-1049
-1111
-1130
-1162
-1214
-1286
-1331
-1358
-1386
-1423
-1433
-1421
-1402
-1399
-1388
-1364
-1301
-1198
-1066
-935
-797
-638
-441
-228
-9
223
452
652
826
981
1121
1279
1428
1514
1555
1570
1590
1614
1628
1615
1567
1503
1424
1339
1248
1141
1018
859
657
454
272
100
-69
-246
-445
-620
-794
-963
-1108
-1248
-1386
-1473
-1522
-1567
-1631
-1716
-1773
-1728
-1621
-1528
-1507
-1502
-1410
-1221
-1010
-845
-695
-506
-261
-5
213
393
595
835
1036
1169
1269
1397
1539
1652
1684
1663
1673
1739
1777
1707
1547
1392
1309
1238
1111
891
647
424
254
77
-129
-336
-508
-654
-789
-931
-1057
-1135
-1179
-1230
-1289
-1328
-1302
-1234
-1194
-1218
-1227
-1165
-1052
-949
-904
-877
-802
-657
-498
-367
-252
-122
50
216
357
471
593
720
837
908
965
1025
1111
1184
1218
1209
1198
1159
1086
995
907
838
755
618
443
284
176
98
4
-126
-231
-300
-359
-421
-508
-598
-643
-650
-671
-721
-788
-837
-844
-840
-859
-917
-967
-977
-942
-899
-855
-767
-636
-471
-334
-207
-80
109
314
483
603
721
853
982
1082
1132
1162
1213
1263
1250
1151
1013
896
807
701
540
314
102
-49
-172
-312
-462
-584
-670
-744
-802
-855
-894
-887
-867
-864
-848
-790
-716
-653
-619
-584
-543
-463
-380
-315
-261
-163
-22
126
238
338
438
535
636
718
765
787
808
803
793
783
758
700
640
603
561
470
356
237
166
120
53
-64
-186
-265
-307
-352
-426
-488
-542
-562
-573
-600
-644
-662
-654
-631
-608
-603
-592
-569
-540
-525
-508
-463
-385
-305
-226
-131
7
176
335
472
582
710
837
935
966
967
968
959
939
882
782
683
618
541
438
303
170
47
-34
-116
-198
-298
-380
-435
-478
-525
-559
-585
-603
-597
-617
-654
-682
-664
-639
-634
-664
-695
-679
-656
-640
-653
-660
-617
-510
-408
-327
-230
-84
120
328
512
657
826
1005
1166
1248
1288
1328
1401
1423
1374
1274
1179
1109
1027
881
663
442
259
103
-82
-291
-505
-678
-798
-898
-1020
-1147
-1220
-1225
-1217
-1230
-1247
-1230
-1165
-1069
-1003
-950
-880
-756
-634
-534
-456
-347
-194
-28
114
232
374
544
715
847
952
1070
1181
1256
1274
1263
1267
1270
1232
1131
1012
924
850
747
585
394
223
96
-37
-213
-405
-550
-637
-698
-788
-888
-947
-930
-897
-885
-908
-894
-841
-774
-737
-718
-695
-634
-562
-514
-492
-463
-402
-318
-238
-178
-112
-9
124
246
321
387
476
606
713
783
804
838
887
940
963
955
953
941
905
832
750
667
590
466
306
148
34
-61
-170
-330
-476
-579
-638
-709
-796
-889
-932
-945
-949
-962
-957
-922
-859
-787
-718
-630
-526
-413
-295
-167
-25
137
293
439
557
662
758
853
922
961
956
927
901
866
815
728
627
527
426
292
145
6
-111
-228
-374
-531
-640
-681
-697
-742
-821
-867
-851
-781
-730
-708
-685
-621
-520
-414
-341
-263
-157
-13
117
219
287
371
474
582
673
743
797
857
890
898
893
882
857
806
723
628
539
452
350
236
115
5
-104
-234
-364
-475
-565
-655
-751
-843
-899
-915
-912
-904
-903
-893
-864
-804
-738
-674
-617
-559
-488
-405
-327
-263
-188
-104
1
89
162
228
298
382
481
591
689
772
835
891
947
1001
1040
1064
1079
1082
1058
1013
964
915
865
783
664
511
352
197
48
-125
-313
-494
-655
-807
-951
-1103
-1228
-1323
-1383
-1431
-1475
-1501
-1482
-1425
-1342
-1249
-1142
-1011
-851
-676
-511
-341
-158
36
223
395
557
722
899
1057
1176
1255
1317
1383
1422
1425
1387
1334
1267
1212
1127
1029
904
777
645
516
368
209
43
-114
-249
-386
-530
-677
-803
-901
-990
-1083
-1167
-1220
-1243
-1246
-1239
-1228
-1191
-1130
-1046
-953
-859
-765
-666
-551
-421
-281
-152
-27
94
233
379
524
648
756
842
928
1002
1060
1104
1135
1158
1167
1159
1127
1095
1051
993
908
811
706
607
489
359
221
84
-36
-156
-280
-419
-552
-678
-773
-867
-958
-1041
-1103
-1144
-1166
-1177
-1181
-1159
-1126
-1068
-1006
-933
-851
-755
-643
-516
-380
-247
-105
26
172
313
448
568
671
777
874
953
1010
1053
1080
1104
1114
1107
1063
1008
936
854
758
656
545
430
306
175
48
-63
-160
-260
-373
-470
-540
-590
-632
-669
-697
-703
-689
-678
-656
-630
-590
-551
-522
-498
-470
-422
-382
-350
-327
-287
-233
-186
-140
-106
-68
-23
29
70
111
159
220
281
331
369
411
463
512
538
551
570
598
601
582
544
518
501
473
403
327
262
214
156
86
13
-36
-75
-130
-191
-242
-269
-295
-327
-376
-400
-413
-419
-435
-447
-446
-427
-413
-407
-396
-382
-344
-317
-298
-272
-233
-196
-161
-127
-95
-56
-15
28
59
78
95
111
126
144
159
164
171
180
194
210
234
243
247
250
265
281
291
290
292
282
281
288
294
286
274
262
238
218
189
154
115
78
41
7
-30
-63
-97
-136
-171
-200
-236
-263
-281
-294
-306
-318
-319
-309
-300
-303
-298
-288
-275
-264
-247
-230
-211
-202
-191
-153
-107
-74
-64
-43
-6
40
72
89
104
132
167
197
209
212
221
236
243
243
247
253
257
243
227
227
229
217
186
160
145
139
125
99
66
40
22
12
-9
-38
-64
-85
-100
-114
-135
-166
-184
-187
-187
-204
-225
-235
-221
-203
-193
-198
-187
-158
-119
-89
-76
-56
-20
17
37
53
65
89
116
131
136
145
154
164
156
136
120
110
106
93
66
33
11
1
-13
-40
-78
-95
-97
-101
-116
-140
-147
-145
-138
-146
-150
-143
-119
-100
-93
-80
-48
-15
5
20
37
57
89
109
122
131
138
158
175
177
174
166
164
164
151
129
114
106
95
69
33
15
9
-6
-29
-56
-82
-93
-93
-97
-112
-118
-121
-118
-109
-99
-98
-91
-71
-62
-61
-56
-46
-32
-21
-6
5
20
29
33
32
43
55
60
64
64
74
79
63
39
43
56
60
57
34
23
28
27
10
-15
-19
-21
-19
-30
-38
-45
-33
-22
-30
-51
-63
-74
-83
-90
-98
-116
-135
-129
-115
-112
-115
-109
-107
-104
-92
-70
-56
-30
-13
-1
14
32
54
90
131
155
172
186
205
216
232
231
232
227
221
198
167
163
161
138
96
62
24
-6
-40
-66
-91
-109
-128
-154
-187
-209
-216
-227
-233
-232
-223
-215
-205
-211
-210
-184
-143
-110
-109
-120
-103
-50
19
48
66
94
132
169
165
155
174
218
241
233
226
219
215
198
158
117
93
88
70
25
-19
-45
-52
-49
-81
-123
-153
-150
-141
-134
-134
-135
-141
-142
-124
-126
-136
-159
-145
-106
-109
-104
-76
-62
-54
-47
-40
-24
-2
15
33
33
65
98
118
141
170
175
179
218
244
274
292
280
241
221
236
239
227
197
180
150
101
43
-4
-33
-52
-95
-134
-156
-192
-244
-296
-296
-327
-379
-398
-373
-363
-364
-351
-320
-292
-276
-243
-206
-195
-147
-81
-37
11
71
117
153
198
251
293
310
357
392
377
413
438
402
383
393
372
324
283
267
226
173
146
123
65
17
22
-34
-198
-248
-228
-414
-528
-291
-196
-397
-434
-322
-240
-233
-299
-330
-227
-169
-287
-302
-128
-58
-120
-63
51
19
-5
77
83
34
62
109
116
150
177
193
246
281
261
266
268
244
260
255
169
129
211
257
260
202
172
142
49
-16
-56
-64
-61
-60
-165
-249
-222
-197
-185
-221
-242
-254
-308
-377
-403
-336
-214
-170
-217
-188
-47
15
6
0
-12
20
51
23
-75
-32
105
214
238
156
147
192
217
153
121
186
228
92
-51
-47
18
146
238
126
52
118
44
-72
-66
0
28
21
0
-21
-49
-45
33
54
6
-51
-68
-102
-158
-186
-143
-35
53
42
-31
-48
9
9
-32
5
56
55
-20
-81
-31
126
190
186
211
148
49
19
-4
-37
26
45
-36
-110
-149
-123
-52
-56
-121
-85
-65
-92
-158
-168
-168
-135
-69
-36
-38
-66
-40
-44
-39
-3
29
72
88
22
-102
-111
-10
141
171
57
24
88
82
24
104
199
234
181
63
57
104
140
137
112
86
103
85
-8
31
35
4
1
-77
-147
-74
-61
-205
-253
-158
-20
-45
-138
-121
-40
-27
-96
-186
-224
-96
32
-26
-145
-92
90
122
10
29
104
105
79
41
-51
0
135
82
-21
-53
21
37
-17
-105
-44
37
58
20
-88
-144
-55
14
-47
-71
-89
3
78
14
-89
67
126
33
-10
-16
57
138
222
112
39
209
321
162
65
98
50
44
63
54
80
115
116
59
2
43
57
-84
-131
-23
-61
-195
-268
-243
-158
-94
-115
-155
-60
16
-70
-169
-171
-102
-83
-112
-162
-154
-64
-11
-33
-87
-80
-9
46
12
-91
-102
-52
22
62
32
58
125
126
72
132
170
261
315
188
148
196
177
130
215
248
256
167
50
72
146
172
196
178
14
-41
-48
-169
-266
-209
-181
-223
-286
-319
-284
-232
-107
-115
-251
-316
-252
-214
-219
-193
-106
-41
-85
-155
-97
-1
78
120
99
173
162
106
188
275
255
297
297
190
140
102
116
160
185
132
67
89
141
122
-26
-46
27
-10
-140
-212
-131
-51
-83
-162
-203
-206
-130
-137
-244
-220
-100
-9
-72
-200
-240
-87
2
-137
-159
2
124
45
-101
-142
83
322
205
-41
-42
119
121
29
-12
139
319
282
51
-12
184
285
211
71
124
193
91
-24
-26
-13
60
197
127
-35
-64
-8
-58
-147
-128
-81
-115
-231
-275
-287
-271
-213
-167
-184
-222
-231
-196
-129
-137
-190
-108
3
-62
-72
60
119
152
191
169
233
340
289
209
202
212
242
231
193
239
294
192
89
82
95
126
83
-56
-143
-75
-45
-129
-202
-135
1
-14
-127
-216
-203
-127
-121
-241
-234
-60
-26
-155
-281
-246
-44
69
-71
-159
-87
-40
50
32
-83
27
243
133
-30
17
66
117
159
165
176
197
142
120
76
6
160
326
214
18
23
57
24
-22
-15
78
131
113
-34
-192
-168
-51
-69
-186
-151
-51
-85
-178
-189
-129
-65
14
-47
-158
-160
-115
-103
-134
-159
-125
-25
44
16
-107
-80
24
41
9
-19
19
106
89
-1
62
98
96
177
133
108
219
216
142
122
108
134
199
109
8
-14
-39
-22
0
-68
-96
-8
-69
-137
-79
-99
-84
-29
-101
-163
-129
-147
-150
-145
-152
26
111
-36
-33
69
46
-1
-32
-8
137
157
25
-45
-63
25
110
83
108
210
172
-4
-149
-179
-55
33
-29
-65
-10
51
76
23
-31
11
86
42
-114
-201
-153
-65
-3
-17
-33
78
149
79
12
-24
-33
66
111
19
-2
61
86
17
-9
40
120
143
149
57
-6
42
55
18
-8
44
55
-27
-121
-53
-30
-112
-52
29
-25
-145
-193
-161
-73
-73
-95
-15
-53
-156
-151
-139
-141
-60
-11
-11
5
-8
12
15
-29
50
139
117
121
140
76
76
123
147
175
175
181
210
123
59
165
227
135
50
29
-8
-34
-48
-25
-6
-40
-46
-55
-130
-147
-79
-95
-167
-162
-136
-178
-237
-234
-178
-174
-216
-218
-182
-167
-125
-106
-104
-57
6
-19
-59
32
161
147
33
35
103
138
167
242
276
282
328
287
169
170
243
254
182
139
177
208
140
60
75
80
91
76
-36
-121
-132
-135
-148
-194
-246
-179
-128
-233
-289
-277
-263
-241
-254
-290
-292
-248
-170
-128
-177
-172
-57
-13
-45
-40
-28
37
125
103
82
195
305
321
311
261
252
313
248
111
117
200
232
213
161
120
151
121
-3
-60
-14
41
8
-132
-221
-211
-183
-181
-176
-149
-78
-79
-198
-291
-290
-217
-212
-248
-192
-93
-93
-128
-116
-76
0
23
5
-4
19
70
98
107
117
173
236
308
299
248
276
266
168
163
198
174
203
208
160
120
100
83
67
20
-38
-24
-30
-128
-202
-202
-173
-151
-171
-225
-220
-197
-255
-286
-268
-244
-175
-176
-271
-206
-64
-54
-63
-64
-6
80
65
-37
-13
90
144
142
119
141
235
310
251
176
237
307
238
156
136
103
108
135
79
20
57
110
56
-11
-26
-21
-56
-112
-154
-171
-196
-201
-183
-212
-225
-179
-150
-180
-173
-144
-124
-93
-64
-71
-61
-25
-5
15
27
33
80
108
92
88
107
138
179
184
153
139
121
98
88
83
68
53
47
61
54
19
23
20
-68
-125
-96
-62
-59
-70
-97
-111
-111
-133
-120
-123
-126
-86
-83
-139
-150
-72
-62
-104
-68
36
54
1
14
34
31
69
89
59
104
186
160
97
113
168
164
97
85
150
181
139
93
68
69
93
74
12
18
54
1
-83
-120
-107
-69
-61
-97
-105
-113
-153
-190
-186
-143
-118
-106
-101
-99
-128
-116
-78
-54
-35
6
25
19
12
22
50
80
98
97
119
109
107
139
127
92
117
126
90
95
97
68
70
74
31
17
33
-4
-91
-136
-113
-86
-102
-100
-57
-49
-70
-106
-134
-138
-114
-111
-135
-128
-85
-69
-64
-48
-14
44
80
84
56
55
76
84
83
85
83
118
124
62
37
57
77
117
112
61
60
51
-5
-28
-40
-28
30
11
-96
-121
-82
-77
-82
-84
-46
17
37
-28
-102
-113
-57
-60
-112
-122
-73
-17
-18
-68
-68
7
45
33
23
52
91
87
43
13
32
82
108
87
76
95
123
104
53
48
96
113
56
8
8
42
39
1
-32
-8
31
3
-65
-62
-21
-29
-67
-127
-154
-124
-95
-124
-118
-70
-53
-72
-118
-138
-109
-70
-67
-53
-17
33
55
7
-25
10
38
53
71
83
104
114
113
97
101
129
151
143
117
114
108
98
87
70
50
54
64
52
30
2
4
0
-54
-96
-74
-47
-78
-107
-132
-125
-106
-133
-139
-96
-76
-81
-95
-149
-131
-77
-102
-114
-57
-19
-25
-17
-22
-8
37
64
57
40
47
50
32
17
55
99
115
127
129
119
119
108
87
87
77
49
41
47
65
73
55
42
37
26
9
-44
-70
-29
-15
-47
-74
-59
-38
-51
-96
-110
-78
-58
-79
-115
-105
-68
-49
-54
-76
-66
-11
-1
-49
-53
-18
-15
-21
-7
19
71
79
39
49
93
105
84
76
86
85
67
37
29
56
89
87
52
18
11
-8
-52
-80
-42
-7
-29
-64
-73
-62
-59
-67
-77
-67
-44
-36
-70
-84
-61
-17
7
-12
-13
17
29
-7
-36
-30
-8
9
15
15
18
49
64
27
5
37
64
55
24
10
36
45
28
21
29
46
78
67
46
51
52
34
18
10
-1
-3
15
13
-13
-15
-12
-21
-23
-10
-13
-20
-22
-26
-29
-36
-47
-30
-23
-30
-37
-36
-13
1
-14
-32
-26
-16
-18
-30
-33
-15
2
-14
-32
-18
22
38
22
15
32
43
17
-19
-14
17
35
13
-17
-13
25
49
22
8
35
42
9
-30
-46
-21
15
20
5
-7
0
3
-17
-24
-3
10
-11
-32
-33
-28
-41
-33
-19
-23
-4
25
8
-30
-22
-1
-5
-7
-8
9
18
14
-5
-12
3
20
27
21
28
33
18
-24
-49
-26
16
37
43
38
28
36
30
-18
-42
-17
18
17
-6
6
36
30
6
-10
-1
15
4
-36
-42
-27
-33
-41
-38
-36
-25
-11
-13
-8
-17
-21
-23
-26
-33
-31
-18
-13
-12
-10
11
28
36
38
46
40
33
32
42
52
51
49
48
54
59
57
35
25
40
59
53
27
16
29
25
-10
-43
-40
-7
-4
-40
-53
-29
-23
-32
-44
-52
-57
-40
-35
-57
-66
-45
-28
-49
-68
-49
-11
6
2
-6
-10
-2
6
8
8
21
36
32
21
14
18
25
30
39
47
45
43
40
31
29
34
31
16
2
1
-5
-22
-23
-12
-5
5
8
-9
-23
-18
-12
-27
-45
-38
-15
-20
-34
-39
-35
-15
-8
-16
-33
-37
-20
-5
-11
-8
13
20
7
-19
-26
-8
10
15
14
22
24
20
9
9
22
37
51
33
16
24
40
29
14
11
3
-14
-34
-31
-31
-21
-12
-13
-16
-15
-19
-28
-31
-27
-15
-4
-2
-15
-11
-4
-5
-3
2
6
7
12
13
9
7
16
20
21
18
25
26
23
16
18
24
17
5
1
-2
-9
-17
-26
-20
-11
0
7
7
