SAMPLES:	10715
BITSPERSAMPLE:	16
CHANNELS:	1
SAMPLERATE:	16000
NORMALIZED:	FALSE
23
24
25
25
25
23
21
24
20
21
20
20
18
16
14
11
9
6
2
2
0
-2
-6
-6
-5
-7
-11
-12
-12
-14
-17
-20
-21
-21
-18
-16
-18
-19
-17
-17
-16
-15
-15
-14
-10
-9
-9
-7
-5
-2
0
-1
-2
0
-1
0
1
-1
0
0
-1
0
-1
-1
-1
-1
0
1
4
4
3
5
4
5
7
6
3
4
6
8
11
11
13
12
16
17
20
19
21
23
26
30
29
30
31
35
33
29
20
18
13
7
-2
-8
-9
-13
-14
-17
-25
-29
-32
-39
-40
-45
-49
-53
-53
-55
-58
-56
-62
-64
-63
-59
-56
-55
-54
-50
-40
-29
-16
-10
-3
8
20
31
37
45
55
65
74
83
88
98
107
108
110
117
121
124
125
124
124
125
121
113
105
95
85
77
68
58
48
33
20
6
-5
-16
-27
-36
-54
-70
-82
-96
-114
-126
-138
-145
-150
-156
-164
-169
-173
-177
-179
-185
-191
-194
-190
-183
-173
-170
-161
-149
-143
-132
-127
-122
-112
-100
-92
-79
-66
-50
-33
-18
4
28
60
83
107
137
169
185
203
216
233
253
275
286
297
309
316
325
324
319
302
299
284
277
255
238
209
193
166
146
115
77
43
14
-5
-37
-64
-104
-124
-157
-186
-223
-247
-270
-285
-298
-308
-317
-325
-334
-349
-361
-383
-390
-400
-398
-404
-395
-390
-371
-343
-310
-282
-249
-217
-186
-150
-115
-74
-29
24
71
116
166
218
269
315
352
395
432
463
489
515
532
544
544
540
536
538
538
530
520
497
470
445
431
410
385
356
319
284
251
212
162
109
48
-11
-62
-120
-177
-245
-307
-356
-409
-465
-525
-578
-621
-651
-693
-738
-769
-801
-818
-837
-847
-870
-877
-881
-876
-866
-843
-809
-762
-707
-645
-571
-492
-399
-315
-223
-135
-31
73
174
266
369
471
573
672
762
838
902
961
1006
1057
1092
1113
1132
1150
1156
1165
1156
1141
1124
1094
1057
1012
966
904
833
763
700
624
542
440
332
217
100
-27
-158
-292
-428
-545
-665
-777
-885
-990
-1086
-1164
-1232
-1296
-1347
-1397
-1438
-1469
-1493
-1491
-1486
-1464
-1432
-1390
-1335
-1248
-1151
-1044
-928
-807
-675
-542
-403
-277
-138
11
158
299
431
543
654
766
880
978
1074
1152
1213
1265
1325
1388
1431
1459
1476
1493
1490
1501
1484
1452
1411
1367
1289
1211
1120
1030
929
823
700
563
433
300
165
18
-136
-284
-419
-543
-665
-782
-902
-1011
-1118
-1201
-1262
-1329
-1398
-1479
-1529
-1561
-1585
-1634
-1644
-1647
-1618
-1585
-1538
-1518
-1474
-1394
-1307
-1202
-1088
-950
-813
-647
-504
-342
-157
49
227
368
503
628
781
934
1066
1160
1257
1343
1431
1514
1561
1590
1608
1639
1647
1651
1632
1591
1582
1586
1561
1495
1399
1317
1250
1179
1094
949
794
659
517
365
218
55
-92
-234
-369
-502
-630
-759
-876
-971
-1071
-1173
-1280
-1377
-1457
-1496
-1531
-1589
-1674
-1738
-1774
-1797
-1810
-1805
-1779
-1761
-1732
-1689
-1627
-1526
-1395
-1265
-1111
-938
-760
-591
-416
-255
-68
131
327
508
649
771
908
1072
1216
1339
1410
1463
1504
1561
1619
1675
1709
1723
1725
1759
1788
1782
1744
1696
1646
1606
1542
1437
1334
1254
1198
1138
1026
879
723
604
493
355
176
-16
-183
-312
-453
-600
-742
-850
-919
-979
-1048
-1116
-1176
-1216
-1259
-1322
-1400
-1498
-1562
-1566
-1508
-1513
-1619
-1766
-1848
-1839
-1773
-1755
-1811
-1892
-1881
-1798
-1676
-1556
-1437
-1289
-1068
-836
-632
-470
-295
-58
187
411
534
622
721
942
1153
1370
1484
1550
1593
1676
1757
1810
1850
1862
1921
1961
2016
2014
2025
1998
2007
1960
1888
1762
1664
1600
1557
1477
1319
1146
970
866
762
642
439
231
20
-113
-258
-395
-588
-744
-858
-924
-980
-1077
-1163
-1242
-1270
-1291
-1338
-1426
-1549
-1692
-1788
-1807
-1755
-1768
-1881
-2077
-2234
-2264
-2141
-2075
-2094
-2193
-2256
-2173
-2003
-1835
-1712
-1533
-1297
-980
-696
-458
-297
-92
171
445
654
775
880
1030
1276
1508
1697
1791
1854
1902
1994
2083
2153
2184
2230
2298
2361
2409
2395
2323
2223
2182
2155
2123
2040
1940
1822
1704
1580
1417
1222
1042
887
690
487
281
69
-115
-271
-440
-604
-745
-857
-943
-1024
-1098
-1174
-1216
-1264
-1317
-1403
-1493
-1597
-1719
-1872
-1976
-1992
-1995
-2086
-2267
-2482
-2587
-2556
-2459
-2454
-2520
-2594
-2562
-2447
-2290
-2138
-1973
-1715
-1442
-1142
-901
-686
-481
-177
125
399
583
738
890
1146
1432
1692
1859
2003
2129
2285
2462
2591
2663
2741
2868
2958
3045
3022
2953
2823
2815
2763
2728
2608
2463
2252
2106
1925
1718
1488
1251
1016
781
589
319
84
-164
-328
-532
-662
-855
-987
-1112
-1162
-1246
-1323
-1454
-1590
-1690
-1757
-1837
-1980
-2154
-2360
-2436
-2444
-2418
-2547
-2719
-2928
-2996
-2956
-2849
-2823
-2836
-2861
-2795
-2652
-2453
-2288
-2085
-1820
-1515
-1193
-909
-649
-412
-108
190
505
755
993
1206
1471
1742
2006
2218
2389
2559
2699
2828
2936
3061
3150
3273
3357
3423
3376
3272
3157
3088
3072
3014
2877
2640
2384
2178
1993
1796
1561
1273
964
694
461
208
-42
-286
-527
-759
-928
-1090
-1243
-1372
-1463
-1564
-1661
-1775
-1905
-2019
-2096
-2180
-2316
-2501
-2607
-2626
-2653
-2728
-2862
-3003
-3075
-3050
-3035
-3029
-2974
-2903
-2813
-2716
-2595
-2466
-2237
-1917
-1619
-1348
-1090
-823
-523
-182
114
387
687
981
1225
1475
1716
1981
2283
2539
2715
2848
2982
3149
3310
3441
3509
3578
3646
3666
3596
3457
3312
3230
3160
3039
2826
2545
2235
1968
1752
1522
1227
850
483
186
-36
-263
-517
-813
-1045
-1228
-1354
-1521
-1680
-1807
-1868
-1908
-1951
-2037
-2154
-2231
-2277
-2335
-2481
-2626
-2713
-2695
-2679
-2693
-2846
-3003
-3062
-2948
-2839
-2748
-2738
-2737
-2661
-2487
-2264
-2073
-1811
-1542
-1202
-872
-545
-284
35
342
675
980
1253
1510
1768
2022
2254
2493
2726
2925
3084
3204
3308
3404
3514
3607
3665
3673
3638
3525
3352
3194
3072
2995
2881
2710
2409
2078
1779
1550
1282
983
615
272
-50
-294
-559
-820
-1082
-1289
-1476
-1616
-1739
-1872
-1978
-2048
-2082
-2120
-2154
-2237
-2320
-2366
-2403
-2521
-2653
-2759
-2761
-2707
-2648
-2758
-2939
-3045
-2967
-2800
-2621
-2599
-2616
-2585
-2375
-2103
-1828
-1595
-1343
-1011
-656
-310
-66
187
416
728
1055
1403
1660
1882
2059
2273
2545
2818
2994
3119
3226
3334
3489
3591
3645
3639
3679
3654
3562
3379
3214
3087
3024
2935
2689
2331
1970
1711
1467
1228
859
471
73
-206
-469
-719
-1008
-1270
-1509
-1679
-1787
-1917
-2032
-2151
-2210
-2280
-2316
-2389
-2444
-2508
-2528
-2608
-2721
-2847
-2882
-2824
-2722
-2711
-2819
-2961
-2990
-2880
-2663
-2535
-2516
-2499
-2375
-2132
-1829
-1545
-1292
-967
-606
-239
38
300
529
845
1183
1523
1778
2023
2236
2468
2681
2884
3050
3204
3324
3443
3530
3597
3631
3675
3689
3642
3539
3392
3249
3124
3026
2842
2598
2254
1979
1690
1487
1175
828
418
85
-240
-510
-816
-1106
-1371
-1595
-1732
-1884
-2007
-2165
-2242
-2315
-2321
-2403
-2479
-2599
-2635
-2696
-2747
-2879
-2980
-3004
-2871
-2769
-2808
-3002
-3164
-3146
-2966
-2773
-2724
-2722
-2648
-2410
-2134
-1829
-1609
-1313
-951
-511
-190
108
332
634
966
1321
1592
1854
2102
2339
2564
2776
2978
3145
3340
3475
3598
3664
3737
3773
3834
3834
3796
3643
3467
3294
3238
3190
3031
2708
2307
1978
1749
1575
1284
892
440
74
-265
-549
-832
-1089
-1339
-1515
-1677
-1805
-1956
-2071
-2166
-2209
-2273
-2367
-2471
-2573
-2634
-2748
-2853
-2980
-3022
-3011
-2926
-2975
-3123
-3325
-3388
-3334
-3171
-3072
-3032
-2988
-2834
-2593
-2321
-2055
-1774
-1402
-988
-583
-249
23
283
597
899
1219
1518
1838
2116
2389
2614
2823
3035
3264
3477
3648
3774
3874
3960
4026
4065
4028
3871
3650
3508
3480
3478
3368
3048
2640
2296
2095
1915
1656
1243
789
379
29
-281
-601
-886
-1101
-1227
-1343
-1454
-1650
-1807
-1917
-1959
-2017
-2102
-2228
-2329
-2418
-2542
-2723
-2904
-2998
-2997
-2978
-3044
-3215
-3422
-3537
-3522
-3445
-3379
-3333
-3274
-3130
-2940
-2696
-2449
-2120
-1745
-1294
-895
-532
-226
69
346
661
1002
1339
1661
1952
2204
2429
2682
2927
3165
3368
3550
3716
3846
3938
4025
4059
4016
3862
3678
3559
3541
3518
3329
2977
2565
2278
2081
1904
1599
1224
782
416
82
-248
-582
-882
-1062
-1178
-1249
-1353
-1498
-1662
-1727
-1780
-1806
-1893
-1987
-2078
-2123
-2248
-2496
-2771
-2897
-2852
-2796
-2905
-3154
-3405
-3495
-3439
-3375
-3384
-3411
-3361
-3186
-2956
-2735
-2515
-2248
-1872
-1425
-965
-588
-261
2
268
553
875
1189
1508
1822
2129
2382
2592
2796
3019
3272
3525
3733
3850
3908
3953
3986
3924
3764
3587
3513
3537
3533
3349
2948
2515
2193
2007
1831
1543
1130
676
307
23
-266
-591
-865
-1049
-1126
-1144
-1193
-1302
-1408
-1454
-1459
-1469
-1519
-1577
-1593
-1655
-1830
-2084
-2304
-2404
-2427
-2477
-2658
-2904
-3075
-3138
-3175
-3236
-3319
-3363
-3306
-3115
-2953
-2785
-2581
-2291
-1943
-1582
-1270
-960
-624
-264
70
371
670
980
1309
1633
1894
2108
2327
2552
2789
3039
3302
3481
3587
3679
3755
3688
3538
3388
3343
3384
3438
3253
2886
2465
2167
1962
1748
1464
1099
740
424
163
-132
-415
-679
-813
-850
-825
-888
-975
-1081
-1120
-1160
-1145
-1198
-1276
-1309
-1268
-1335
-1616
-1985
-2248
-2286
-2265
-2365
-2654
-2931
-3056
-3076
-3146
-3266
-3407
-3422
-3326
-3104
-2952
-2792
-2623
-2301
-1949
-1526
-1195
-888
-596
-221
140
490
809
1108
1400
1715
2008
2261
2514
2754
2983
3209
3436
3580
3732
3836
3858
3684
3523
3484
3604
3626
3495
3176
2806
2485
2285
2041
1666
1199
806
566
350
71
-285
-585
-772
-762
-747
-815
-947
-962
-936
-924
-1015
-1115
-1219
-1257
-1215
-1237
-1474
-1836
-2138
-2247
-2255
-2321
-2476
-2703
-2866
-2949
-3054
-3246
-3445
-3471
-3377
-3245
-3118
-2931
-2663
-2327
-1978
-1677
-1390
-1056
-676
-343
-72
209
566
910
1139
1327
1620
1973
2354
2640
2853
3038
3282
3497
3629
3584
3388
2927
2761
2961
3180
2998
2824
3084
3318
3094
2512
1940
1301
706
189
-237
-622
-822
-831
-710
-668
-673
-645
-828
-978
-879
-653
-677
-835
-745
-567
-440
-409
-444
-628
-1308
-2294
-3093
-3166
-3034
-3327
-3797
-3651
-2771
-1932
-1772
-2224
-2642
-2579
-2198
-2038
-2262
-2213
-1495
-605
-140
-122
31
548
1224
1716
1725
1522
1409
1467
1543
1744
2323
3071
3677
4050
4097
4118
4285
4392
3396
1439
49
-129
-259
-1347
-2295
-1868
-461
801
1216
777
-62
-387
-1
253
29
-82
386
966
1217
1103
822
637
941
1361
1172
181
-947
-1616
-1756
-1492
-1105
-844
-628
-310
-481
-1642
-3048
-3372
-2710
-2221
-2204
-2138
-1685
-1115
-954
-1414
-2115
-2231
-1825
-1633
-2062
-2436
-2098
-1226
-328
135
461
1053
1702
2163
2028
1793
1482
1491
1869
2289
2719
2773
3040
3293
3671
3777
3721
2921
871
-1487
-2691
-2550
-2775
-3473
-3365
-1761
260
1519
1922
1478
1052
1129
1499
1218
664
605
1038
1334
1134
824
550
716
983
1038
229
-914
-1683
-1887
-1541
-965
-128
404
740
421
-877
-2528
-3280
-2643
-2440
-2752
-3014
-2178
-1317
-1108
-1784
-2633
-2671
-2039
-1810
-2493
-2867
-2102
-597
701
1317
1686
2278
3102
3232
2804
2164
1661
1449
1260
1449
1569
2117
2510
2886
2946
3034
3009
1810
-642
-3193
-3622
-3092
-3321
-4233
-3431
-701
2080
3371
2946
1890
1307
1756
1943
1231
391
531
1106
1234
840
394
540
1167
1866
1601
451
-1019
-1659
-1557
-883
-100
751
1256
1355
572
-1294
-3311
-4164
-3446
-3074
-3237
-3403
-2521
-1482
-904
-1258
-1964
-2051
-1611
-1350
-1894
-2111
-1504
-106
1074
1705
2070
2390
2737
2622
2398
1632
747
259
449
996
1465
2309
2884
3269
3436
3895
2998
148
-3180
-4345
-3663
-3859
-4945
-4822
-1972
1463
3728
3714
2446
1396
1659
2161
1475
317
-55
687
1182
991
203
-92
541
1790
2239
1095
-806
-1906
-1619
-680
92
665
1284
1765
1635
289
-1735
-3818
-4725
-4551
-3635
-2963
-2829
-2481
-1526
-272
91
-367
-1382
-1770
-1552
-1174
-1039
-766
101
1261
2453
2945
2649
1987
1760
1768
1361
529
-302
-360
368
1605
2602
3332
3785
4164
3488
876
-2974
-5346
-5306
-4971
-5576
-5444
-2739
1189
3954
4309
3084
1977
1894
2066
1264
-77
-475
374
1191
818
-264
-542
618
2259
2710
1389
-690
-1831
-1505
-601
64
598
1569
2453
2195
438
-1940
-3693
-4147
-3530
-2868
-2602
-2282
-1328
-401
-198
-759
-1507
-1813
-1451
-910
-799
-826
-335
697
1710
2365
2745
2766
2484
1814
1056
176
-619
-813
-82
1236
2319
3034
3479
3882
4167
3673
1131
-2753
-5640
-5851
-5498
-6051
-6442
-3911
777
4656
5437
3951
2452
2112
2002
670
-1070
-1449
-66
1119
835
-394
-768
252
1951
2607
1661
-79
-1107
-1231
-905
-621
-1
1223
2561
2973
1761
-633
-3000
-4374
-5039
-5220
-4761
-3489
-2052
-867
-29
460
611
345
-297
-989
-1243
-1144
-848
-444
269
1091
2066
2705
2598
1993
1440
1195
642
95
-244
249
1242
2509
3529
4482
5194
5584
4113
292
-4392
-6757
-6730
-6799
-7514
-6233
-1572
3741
6453
5686
3829
2643
2222
924
-939
-1965
-1198
82
397
-517
-1294
-693
1101
2525
2279
852
-506
-1071
-1189
-1110
-641
561
2157
3195
2413
-168
-3140
-4739
-4968
-4734
-4552
-3769
-1984
170
1314
788
-465
-1227
-1166
-1055
-1185
-1302
-709
497
1549
1840
1726
2103
2754
2746
1689
274
-582
-804
-531
139
1247
2840
4495
5757
6082
5883
5089
2705
-1585
-5889
-7566
-7515
-7529
-7477
-4619
746
5767
7523
6557
4758
3228
1519
-757
-2622
-2985
-1720
-422
-104
-737
-949
-74
1379
2038
1495
379
-460
-1095
-1606
-1758
-1161
277
2037
2823
1792
-387
-2224
-3734
-5239
-6164
-5365
-3268
-1228
96
518
640
402
-209
-1420
-2214
-2230
-1421
-546
269
862
1571
2282
2669
2399
1520
775
272
106
-424
-630
-20
1584
3478
5022
6160
6670
7014
6251
3408
-1899
-6721
-8657
-8409
-8301
-7743
-4250
1902
7512
9404
8151
5483
3061
653
-1654
-3443
-3747
-2524
-945
-185
-493
-652
61
1437
2307
2035
954
-258
-1134
-1709
-1850
-1316
-2
1571
2453
1903
15
-2542
-4803
-6063
-6190
-5340
-3650
-1285
949
2145
1910
682
-772
-1815
-2444
-2592
-2114
-871
663
1858
2280
2191
2002
1886
1506
873
109
-486
-876
-816
-34
1485
3387
5250
6799
7591
7563
6411
3373
-1905
-7189
-9686
-9442
-8890
-8025
-4701
1611
7697
10383
9381
6710
3814
974
-1865
-4057
-4673
-3396
-1341
35
317
317
830
1720
2320
1958
972
-156
-1021
-1697
-2001
-1558
-302
1217
2113
1930
702
-1031
-2856
-4514
-5860
-6360
-5202
-2711
-254
724
673
459
573
206
-889
-2232
-2440
-1360
117
898
1043
1076
1305
1476
1100
287
-399
-474
-80
354
813
1568
2788
4229
5480
6405
6758
6607
4977
1001
-4715
-9116
-10212
-9491
-8714
-6741
-1446
5636
10780
11568
9274
5661
2178
-1167
-3968
-5626
-5120
-2821
-417
841
919
902
1159
1813
2160
1819
768
-443
-1480
-2169
-2226
-1429
-23
1259
2101
2104
1326
-483
-2971
-5485
-6844
-6255
-4315
-2149
-748
281
1201
1892
1426
104
-1478
-2009
-1587
-607
29
434
752
1031
1083
837
538
140
28
163
515
756
1078
1745
2752
4022
5344
6439
6713
6274
4614
863
-4560
-9074
-10477
-9905
-8760
-6304
-810
6226
11462
12560
10166
5991
1615
-2475
-5690
-7207
-6253
-3561
-728
1067
1605
1572
1485
1799
2014
1693
690
-620
-1917
-2821
-2958
-2176
-749
855
2169
2807
2369
515
-2362
-5057
-6400
-6199
-5073
-3476
-1614
338
1810
2232
1657
699
-93
-604
-862
-691
-268
226
355
256
321
682
1003
881
642
498
804
1201
1445
1650
2272
3554
4779
5503
5398
5075
4373
2109
-2438
-7352
-9717
-9463
-8460
-6825
-2732
3969
10248
12897
11482
7360
2341
-2529
-6192
-8038
-7468
-4828
-1482
1190
2392
2504
2079
1783
1681
1454
687
-579
-1916
-2890
-3102
-2411
-1128
399
1867
2972
3016
1786
-670
-3619
-6062
-7007
-6182
-4440
-2337
-380
1494
2799
3210
2388
748
-1040
-2034
-2034
-1385
-748
-200
310
844
1229
1222
898
499
480
832
1298
1521
1611
1855
2590
3674
4798
5421
5511
5347
4038
365
-5044
-9131
-10038
-8954
-7148
-3792
2104
8717
12691
12271
8416
3155
-1886
-5781
-7970
-7932
-5598
-2164
854
2614
3145
2763
2008
1444
1054
421
-733
-1989
-2903
-3154
-2569
-1184
490
1949
2831
2967
2031
87
-2513
-5012
-6494
-6424
-5037
-3287
-1663
-54
1529
2580
2562
1566
181
-1074
-1737
-1838
-1555
-1173
-645
-87
468
854
983
908
856
1123
1574
1911
1942
1976
2194
2690
3353
4006
4550
4921
5252
4315
928
-4144
-7782
-8476
-7623
-6556
-4048
1183
7640
11794
11749
8185
3007
-2008
-5824
-7714
-7535
-5297
-2063
1093
3042
3462
2623
1405
527
48
-301
-815
-1397
-1924
-2142
-1882
-1167
-250
724
1725
2353
2058
653
-1431
-3741
-5560
-6177
-5344
-3784
-2135
-581
822
1727
1835
1135
72
-776
-1137
-962
-750
-687
-853
-807
-620
-206
257
704
1155
1694
2289
2598
2489
2096
1947
2297
2941
3483
3980
4438
5094
4672
1962
-2739
-6532
-7715
-7392
-6809
-4840
59
6524
11050
11345
8052
3012
-1776
-5345
-7119
-7150
-5243
-2177
926
2955
3381
2504
1184
444
373
455
147
-578
-1422
-2107
-2357
-2000
-1076
302
1784
2852
2801
1572
-437
-2479
-4261
-5285
-5217
-4083
-2633
-1448
-713
-234
264
772
996
781
380
-74
-437
-892
-1470
-1906
-1772
-1146
-254
556
1246
1824
2252
2524
2615
2557
2425
2255
2112
2115
2433
3178
4011
4768
4097
1244
-3076
-6226
-7216
-7132
-6580
-4115
1113
7192
10741
10203
6483
1576
-2769
-5790
-6976
-6467
-4107
-1072
1657
3007
2933
1929
1059
1002
1360
1417
608
-750
-2147
-3158
-3467
-2779
-1186
944
2882
3873
3439
1874
-314
-2381
-4045
-5053
-5117
-4181
-2823
-1848
-1461
-1215
-532
492
1384
1596
1294
711
-3
-842
-1724
-2375
-2440
-1810
-669
555
1510
2096
2489
2827
3088
3165
2872
2200
1467
1206
1666
2544
3216
3769
3888
2438
-976
-4463
-5934
-6089
-6212
-5475
-1938
3952
8890
9997
7367
2961
-1169
-4112
-5673
-6001
-4851
-2432
411
2610
3431
2992
2075
1583
1494
1197
191
-1279
-2692
-3695
-3901
-3077
-1295
919
2988
4261
4275
3060
931
-1610
-3923
-5088
-5024
-4306
-3483
-2574
-1791
-1487
-1414
-993
115
1460
2229
2060
1278
229
-794
-1705
-2397
-2622
-1896
-550
915
1991
2566
2875
3180
3398
3117
2424
1587
901
553
624
1150
1932
3044
3967
3350
592
-2846
-4984
-5930
-6521
-5948
-2663
2844
7603
9062
7153
3262
-668
-3666
-5263
-5567
-4301
-1814
972
2994
3563
2868
1575
656
256
-14
-590
-1410
-2358
-3092
-3222
-2360
-637
1494
3412
4552
4343
2796
310
-2459
-4725
-5667
-5097
-3918
-2786
-1883
-1138
-968
-1174
-1134
-441
773
1964
2403
1986
1057
66
-842
-1671
-2183
-1926
-823
482
1604
2260
2541
2698
2841
2762
2202
1326
474
83
389
1240
2334
3487
4568
4283
1629
-2445
-5286
-6284
-6715
-6736
-4305
989
6646
9173
7797
3997
-72
-3079
-4736
-5071
-4113
-1723
1019
2962
3151
1919
249
-598
-331
411
596
-85
-1245
-2362
-2947
-2560
-1116
982
3095
4381
4152
2393
-196
-2766
-4694
-5486
-4723
-2984
-1409
-739
-756
-1151
-1763
-2145
-1715
-264
1661
3112
3315
2471
1162
-99
-1162
-1907
-2134
-1653
-679
330
1085
1426
1721
2249
2927
3064
2364
1264
458
345
826
1687
2668
3800
4353
2942
-640
-4324
-6132
-6692
-6970
-5757
-1502
4503
8602
8662
5565
1635
-1374
-3090
-3861
-3917
-2720
-648
1338
2083
1481
344
-211
395
1427
1776
909
-630
-2213
-3297
-3446
-2403
-494
1639
3277
3776
2880
956
-1277
-3276
-4534
-4401
-2926
-1337
-768
-1195
-1865
-2404
-2536
-1978
-550
1507
3392
4141
3554
2138
457
-1163
-2508
-3302
-3248
-2270
-903
454
1547
2501
3367
3856
3623
2608
1282
121
-339
68
1175
2445
3554
4287
3552
616
-3236
-5607
-6252
-6409
-5771
-2658
2724
7479
8683
6477
2780
-431
-2484
-3491
-3712
-3025
-1389
392
1518
1526
878
368
718
1613
2030
1242
-547
-2570
-4025
-4268
-3128
-998
1401
3322
4128
3439
1576
-739
-2792
-3974
-3890
-2558
-1098
-727
-1517
-2539
-3064
-3034
-2304
-801
1364
3493
4505
3923
2178
120
-1715
-2985
-3504
-3139
-1950
-464
840
1631
2105
2519
2883
2964
2492
1621
768
354
563
1237
2131
2961
3728
3741
1865
-1583
-4423
-5270
-5268
-5193
-3775
300
5271
7899
6751
3424
186
-1739
-2662
-3044
-2958
-1890
-158
1401
1855
1192
321
151
710
1022
424
-1013
-2526
-3549
-3622
-2604
-726
1381
3045
3698
3088
1508
-302
-1846
-2894
-3224
-2653
-1593
-1225
-1985
-3107
-3527
-3113
-2136
-683
1180
3033
3992
3401
1668
-182
-1428
-1969
-2056
-1858
-1387
-742
-155
394
978
1779
2674
3453
3577
2829
1618
590
311
765
1642
2491
3397
3885
2633
-535
-3564
-4741
-5014
-5362
-4380
-621
4372
7195
6406
3435
414
-1497
-2344
-2529
-2277
-1304
95
1285
1416
408
-699
-835
107
984
901
-217
-1611
-2539
-2641
-1930
-694
819
2243
3012
2714
1412
-304
-1828
-2819
-3108
-2649
-1682
-1156
-1791
-3002
-3555
-3139
-2184
-952
601
2284
3441
3262
1986
488
-667
-1343
-1737
-1915
-1843
-1306
-561
293
1113
2037
3042
3822
3863
2948
1632
472
-14
290
1229
2306
3357
3867
2595
-435
-3297
-4532
-5086
-5551
-4308
-242
4603
6835
5542
2571
50
-1165
-1549
-1627
-1577
-964
-53
644
529
-193
-623
-108
1154
1997
1692
246
-1576
-2902
-3142
-2252
-723
924
2201
2708
2181
800
-900
-2314
-2984
-2880
-2203
-1395
-1000
-1756
-3121
-3721
-3114
-2085
-1107
94
1533
2732
2908
1864
539
-392
-758
-951
-1128
-1296
-1092
-483
316
1219
1995
2722
3185
3237
2544
1395
377
114
686
1693
2680
3491
3721
2364
-489
-2990
-4018
-4529
-5087
-4053
-460
3796
5723
4667
2331
433
-374
-677
-921
-1304
-1094
-400
324
385
35
23
806
1907
2209
1253
-637
-2481
-3533
-3429
-2310
-655
966
2101
2391
1723
391
-1042
-2061
-2455
-2323
-1904
-1439
-1350
-2041
-3019
-3330
-2761
-1893
-985
157
1405
2262
2171
1304
424
49
-3
-128
-425
-703
-676
-414
35
605
1284
1935
2357
2399
1997
1393
931
954
1513
2300
2900
3320
3362
1929
-973
-3285
-3883
-4235
-5038
-4268
-670
3606
5429
4318
2158
695
310
214
-214
-897
-962
-374
264
273
-16
185
1004
1785
1600
328
-1500
-2995
-3542
-3005
-1687
-77
1335
2066
1919
1017
-169
-1196
-1840
-2020
-1927
-1696
-1470
-1583
-2420
-3336
-3318
-2455
-1594
-954
-118
947
1771
1826
1268
868
965
1088
750
77
-559
-876
-985
-778
-225
628
1595
2338
2577
2388
2102
1939
1903
1934
2088
2397
2875
2582
543
-2277
-3595
-3499
-4028
-4854
-3332
884
4665
5322
3498
1544
878
953
736
-137
-876
-725
-100
184
-275
-513
73
1216
1711
997
-547
-2082
-2899
-2845
-2026
-860
374
1226
1435
1023
324
-420
-1063
-1448
-1578
-1574
-1554
-1688
-2386
-3411
-3760
-3034
-2119
-1546
-992
16
1294
2169
2065
1473
1328
1491
1171
237
-726
-1239
-1290
-1076
-640
138
1225
2157
2549
2408
2272
2321
2350
2202
2044
2029
2318
2364
916
-1739
-3301
-3036
-3095
-4004
-3347
77
3807
5079
3652
1573
739
1222
1395
328
-870
-847
-88
29
-715
-1065
-211
1212
1910
1285
-127
-1493
-2282
-2549
-2321
-1574
-455
455
713
513
294
168
-99
-618
-1300
-1791
-1949
-2136
-2889
-3786
-3789
-2782
-1824
-1383
-910
24
1320
2281
2293
1640
1228
1171
776
-122
-968
-1205
-890
-453
-14
595
1490
2268
2423
1988
1591
1644
1902
2091
2186
2322
2615
2789
1643
-969
-2909
-2914
-2847
-3746
-3390
-356
3145
4306
2929
1000
480
1436
2034
971
-676
-997
-290
-183
-1126
-1581
-497
1307
2249
1590
-18
-1531
-2260
-2485
-2456
-1957
-927
33
482
612
695
713
492
-217
-1363
-2320
-2593
-2594
-3000
-3525
-3240
-2157
-1260
-987
-812
-105
1105
2071
2071
1367
859
733
475
-100
-647
-687
-177
418
724
1025
1578
2048
1999
1498
1114
1168
1682
2110
2364
2549
2871
2849
1437
-1098
-2721
-2565
-2591
-3426
-2979
-191
2698
3396
1930
231
139
1533
2233
897
-898
-1120
-303
-206
-993
-1205
-25
1537
1987
907
-654
-1639
-1835
-1942
-2024
-1564
-597
94
242
328
547
629
306
-500
-1620
-2373
-2403
-2274
-2624
-2963
-2543
-1688
-1246
-1225
-959
-74
1028
1558
1284
890
862
823
466
25
-249
-232
-1
310
668
1222
1831
2001
1597
1125
1029
1264
1588
1877
2320
2800
3063
2480
691
-1324
-1895
-1661
-2465
-3506
-2392
423
2207
1925
625
71
1038
2383
1981
-52
-1323
-766
26
-364
-999
-458
1007
1910
1362
-60
-1153
-1325
-1102
-1269
-1562
-1217
-484
-216
-309
-117
390
612
163
-798
-1590
-1799
-1634
-1783
-2372
-2662
-2180
-1519
-1459
-1685
-1351
-238
844
929
141
-242
369
1035
897
237
-141
80
536
673
629
1033
1848
2246
1701
948
937
1612
2152
2168
1956
2056
2511
2121
348
-1245
-1184
-978
-2019
-2773
-1415
878
1805
925
-401
-317
1258
2320
1109
-984
-1395
-173
430
-420
-1034
-157
1406
1936
909
-491
-982
-549
-366
-927
-1478
-1303
-804
-590
-436
-89
348
381
-154
-1008
-1478
-1316
-1115
-1537
-2344
-2564
-2058
-1624
-1745
-1824
-1251
-233
283
-146
-782
-504
492
1105
891
421
378
733
971
868
934
1496
2139
2108
1427
950
1292
1964
2129
1813
1618
1937
2236
1417
-157
-713
-371
-1034
-2365
-2054
-6
1486
1101
-440
-1299
-252
1467
1447
-377
-1386
-442
702
370
-691
-724
542
1739
1555
285
-607
-366
168
-119
-1009
-1469
-1196
-751
-444
-254
-92
15
-118
-647
-1269
-1454
-1202
-1024
-1373
-1989
-2239
-1988
-1765
-1792
-1669
-1112
-546
-522
-860
-830
-183
550
842
741
681
893
1189
1261
1199
1358
1802
2022
1717
1307
1310
1714
2032
1979
1642
1559
1906
1674
429
-358
-53
-340
-1626
-1826
-284
1011
701
-656
-1579
-863
850
1307
-210
-1397
-555
895
952
-26
-345
477
1420
1348
255
-608
-320
396
240
-635
-1155
-984
-578
-291
-235
-357
-443
-521
-834
-1248
-1364
-1284
-1342
-1585
-1827
-1906
-1852
-1843
-1822
-1603
-1206
-981
-1144
-1292
-899
-159
231
220
313
789
1318
1479
1288
1221
1529
1907
1925
1602
1471
1732
2029
1985
1814
1719
1831
2034
1563
263
-423
40
-183
-1428
-1535
-19
969
273
-1188
-1831
-667
1176
1334
-529
-1751
-675
1053
1278
342
-67
543
1292
1133
53
-791
-433
368
240
-573
-919
-633
-220
52
-6
-404
-737
-851
-970
-1078
-1112
-1255
-1684
-2101
-2084
-1710
-1562
-1629
-1543
-1268
-1049
-1066
-1285
-1299
-724
-71
43
-77
209
896
1461
1531
1296
1223
1421
1687
1777
1692
1797
2155
2274
1939
1675
1767
2086
2137
1304
21
-379
-153
-719
-1610
-1251
-62
344
-352
-1269
-1344
-238
894
459
-1028
-1506
-392
800
935
505
320
556
861
775
162
-318
-205
-3
-250
-513
-452
-287
-90
170
192
-175
-545
-777
-969
-1041
-1110
-1533
-2156
-2278
-1876
-1639
-1695
-1531
-1031
-704
-845
-1249
-1289
-786
-342
-495
-754
-298
759
1504
1405
1046
1103
1543
1801
1590
1243
1413
2093
2535
2308
1937
1942
2241
2392
1689
300
-336
20
-295
-1419
-1503
-380
152
-504
-1335
-1294
-239
844
441
-1169
-1829
-677
710
893
415
299
618
928
885
340
-192
-93
234
-15
-455
-394
-26
122
35
-198
-438
-390
-206
-361
-827
-1097
-1295
-1784
-2147
-1952
-1777
-1995
-2026
-1555
-971
-622
-734
-1073
-960
-479
-422
-866
-877
-108
841
1208
1065
1009
1359
1872
2022
1620
1218
1531
2133
2255
1964
1929
2385
2842
2299
771
-173
-7
-252
-1198
-1278
-329
94
-547
-1322
-1340
-274
891
531
-1178
-1953
-824
595
726
63
-156
428
1235
1396
595
-294
-245
190
-11
-469
-275
293
474
165
-407
-790
-605
-247
-532
-1170
-1280
-1049
-1207
-1662
-1930
-1987
-1830
-1534
-1452
-1601
-1432
-898
-528
-515
-615
-665
-586
-325
-44
133
288
659
1146
1435
1553
1718
1844
1912
2032
2129
2073
2037
2051
2138
2280
2012
1126
457
224
-365
-1058
-733
25
-219
-1143
-1508
-945
-17
432
-268
-1355
-1305
-153
544
133
-394
-252
315
850
998
557
90
169
340
-38
-398
-149
314
512
392
8
-421
-455
-339
-653
-1236
-1474
-1415
-1383
-1400
-1603
-1980
-1975
-1359
-952
-1188
-1505
-1367
-837
-379
-433
-847
-922
-399
176
290
225
490
1015
1338
1325
1280
1502
1978
2370
2381
2177
2124
2335
2521
2168
1330
774
712
201
-696
-705
156
273
-656
-1409
-1223
-402
266
-77
-1196
-1502
-441
608
439
-219
-328
125
623
716
263
-143
128
565
390
-85
-99
195
316
204
-8
-175
-118
-83
-515
-1165
-1398
-1307
-1346
-1538
-1789
-2088
-2055
-1481
-1033
-1170
-1435
-1289
-873
-578
-644
-906
-900
-463
-59
-45
-47
361
950
1239
1199
1066
1130
1569
2007
2028
1919
2167
2601
2755
2325
1549
1117
1109
567
-508
-705
157
423
-406
-1057
-764
-54
165
-523
-1521
-1480
-383
338
-87
-564
-132
706
1072
755
135
-190
66
309
133
-42
180
341
154
-62
-78
-67
-120
-325
-753
-1070
-985
-980
-1325
-1537
-1554
-1780
-1889
-1488
-1195
-1416
-1578
-1245
-690
-428
-674
-1032
-978
-444
18
17
-148
116
694
1109
1236
1260
1281
1481
1760
1873
1911
2010
2244
2469
2337
1704
1296
1287
803
-83
-170
278
20
-705
-780
-216
232
127
-581
-1260
-1081
-307
-151
-805
-1073
-383
518
940
825
403
163
381
515
159
-193
-85
97
79
1
-59
-93
-132
-312
-692
-1045
-1161
-1152
-1318
-1614
-1696
-1461
-1216
-1197
-1384
-1456
-1120
-696
-757
-1121
-1168
-761
-343
-314
-489
-305
254
661
706
672
827
1169
1385
1362
1415
1716
2035
2209
2308
2212
1814
1462
1364
1004
157
-134
489
659
-225
-910
-508
227
387
-287
-1234
-1320
-321
355
-310
-1162
-923
-12
434
272
-25
38
514
811
466
14
110
380
218
-205
-386
-306
-192
-241
-521
-832
-899
-830
-1011
-1467
-1759
-1632
-1340
-1226
-1352
-1451
-1144
-551
-293
-585
-919
-818
-448
-243
-403
-540
-254
310
705
757
713
873
1233
1440
1359
1295
1494
1845
2145
2170
1820
1586
1780
1640
685
15
402
667
-100
-903
-639
154
444
-98
-958
-1156
-343
262
-430
-1343
-958
245
796
402
-167
-192
356
723
345
-193
-58
466
590
249
-78
-189
-268
-439
-684
-963
-1094
-1047
-1112
-1350
-1400
-1212
-1183
-1378
-1505
-1414
-1139
-900
-889
-918
-705
-315
-137
-253
-289
72
449
426
289
390
638
937
1145
1172
1154
1328
1511
1581
1704
1734
1479
1216
1174
914
510
656
1104
682
-395
-649
33
359
-199
-1018
-1282
-646
231
80
-936
-1165
-156
648
380
-230
-335
190
840
917
351
-49
189
523
374
-6
-137
-93
-147
-354
-672
-961
-1048
-1110
-1399
-1650
-1530
-1279
-1233
-1301
-1227
-960
-674
-667
-950
-1058
-743
-342
-311
-466
-357
144
600
810
819
759
844
1147
1330
1187
1096
1284
1613
1773
1547
1087
1031
1343
1093
236
56
683
768
3
-451
-51
455
399
-296
-1023
-898
-51
118
-820
-1303
-489
486
551
63
-251
-8
568
685
95
-288
190
821
835
415
70
-71
-87
-211
-703
-1254
-1294
-1061
-1170
-1476
-1480
-1368
-1420
-1507
-1471
-1323
-979
-667
-649
-666
-390
-58
-86
-192
-45
248
372
435
518
649
906
1248
1338
1197
1311
1653
1858
1814
1457
957
895
1118
667
-105
18
596
313
-460
-453
107
225
-265
-775
-856
-338
182
-266
-1167
-951
232
700
199
-221
-98
410
860
621
-102
-264
290
614
378
141
174
243
263
127
-293
-689
-812
-969
-1327
-1545
-1552
-1601
-1631
-1471
-1317
-1329
-1305
-1128
-911
-662
-444
-380
-369
-21
451
625
607
761
974
1119
1277
1261
1088
1084
1346
1550
1643
1552
1277
1246
1394
1032
298
256
605
294
-502
-674
-250
-53
-318
-796
-1055
-816
-311
-480
-1195
-1166
-279
198
-22
-141
75
472
813
700
218
138
522
644
298
-62
-82
95
179
-11
-346
-520
-513
-608
-907
-1090
-1102
-1209
-1367
-1329
-1150
-1091
-1155
-1222
-1144
-887
-644
-573
-523
-141
356
592
691
942
1151
1217
1374
1574
1682
1726
1781
1883
1871
1471
1027
1070
997
333
-112
236
449
-87
-634
-481
-66
-206
-819
-1299
-1134
-567
-422
-1122
-1598
-880
75
57
-489
-617
-178
468
687
247
-130
276
915
961
511
194
306
523
428
-79
-549
-620
-479
-619
-988
-1218
-1239
-1162
-1100
-1060
-1120
-1144
-998
-770
-645
-591
-546
-514
-291
104
300
260
425
774
974
1142
1415
1621
1648
1700
1850
1976
1765
1469
1485
1424
851
370
464
420
-158
-712
-708
-506
-609
-1036
-1339
-1207
-905
-905
-1392
-1578
-871
-13
-30
-485
-433
100
541
431
-63
-309
123
577
461
59
30
382
602
418
7
-162
-134
-182
-456
-707
-823
-849
-921
-1028
-1063
-1070
-1038
-971
-876
-849
-745
-529
-267
-1
206
339
569
910
1038
1110
1429
1745
1685
1472
1553
1889
1971
1483
1085
1200
1293
950
734
632
294
-43
48
125
-319
-914
-1191
-1186
-1255
-1468
-1808
-1951
-1519
-808
-687
-1023
-868
-210
168
130
33
35
337
742
705
249
32
224
328
31
-397
-499
-442
-470
-563
-612
-683
-706
-669
-741
-792
-753
-696
-638
-502
-504
-595
-479
-196
28
56
31
241
730
1077
1185
1372
1699
1942
1985
2030
2203
2167
1711
1454
1547
1272
693
570
482
5
-320
-130
-115
-455
-850
-1032
-1000
-965
-1183
-1684
-1837
-1381
-884
-1151
-1531
-1219
-555
-251
-343
-506
-401
162
523
256
-175
-38
373
486
196
-80
-86
-31
-117
-358
-645
-905
-968
-949
-959
-1015
-1003
-838
-513
-296
-305
-280
-99
140
342
451
528
786
994
1049
1218
1582
1682
1530
1531
1872
2166
1950
1604
1582
1682
1397
1112
882
516
166
117
65
-334
-819
-1116
-1094
-1104
-1347
-1737
-1902
-1601
-1074
-943
-1252
-1190
-640
-231
-273
-449
-490
-236
107
59
-315
-404
-80
148
-36
-297
-363
-301
-242
-221
-425
-744
-732
-455
-437
-770
-924
-713
-382
-329
-612
-766
-375
213
277
4
239
973
1354
1233
1262
1556
1861
1998
2022
2022
2073
2039
1890
1716
1375
1016
887
740
264
-52
139
260
-126
-701
-867
-723
-773
-1284
-1878
-1975
-1514
-1072
-1258
-1614
-1376
-661
-318
-497
-723
-608
-170
126
-50
-386
-311
-24
-7
-239
-426
-502
-532
-460
-559
-844
-947
-669
-506
-766
-984
-754
-302
-196
-374
-456
-126
387
601
396
470
1040
1398
1252
1193
1433
1656
1719
1773
1964
2145
2147
2082
1972
1670
1381
1336
1029
433
166
355
380
-42
-595
-858
-737
-811
-1396
-2046
-2063
-1524
-1161
-1464
-1772
-1332
-590
-384
-711
-971
-751
-258
-133
-500
-778
-559
-235
-235
-471
-662
-617
-394
-247
-490
-824
-786
-372
-254
-658
-956
-656
-165
-114
-371
-440
4
549
625
355
532
1098
1393
1330
1442
1728
1931
2009
2098
2147
2027
1959
1912
1633
1096
1032
1109
741
167
173
453
351
-144
-631
-664
-534
-789
-1549
-1952
-1626
-1095
-1154
-1622
-1648
-1068
-595
-766
-1202
-1293
-835
-441
-579
-901
-799
-400
-188
-282
-545
-710
-616
-425
-606
-982
-1056
-717
-495
-617
-722
-492
-91
45
-35
-54
241
679
853
713
793
1203
1442
1406
1511
1671
1825
1997
2270
2228
1983
1850
1918
1792
1461
1312
1045
656
436
647
434
-194
-726
-757
-662
-842
-1315
-1805
-1768
-1309
-994
-1262
-1500
-1241
-729
-609
-902
-1108
-954
-616
-584
-838
-1035
-838
-603
-622
-889
-1091
-1021
-733
-642
-1011
-1234
-933
-469
-491
-749
-724
-245
163
129
-93
36
569
910
833
718
1116
1659
1908
1901
1976
2198
2401
2595
2429
2180
2054
2097
1726
1359
1261
1094
581
300
527
478
-73
-655
-673
-528
-679
-1261
-1740
-1658
-1197
-1081
-1606
-1937
-1571
-1004
-1002
-1369
-1464
-1057
-610
-631
-951
-1062
-843
-683
-728
-997
-1154
-1018
-724
-776
-990
-1031
-829
-662
-716
-814
-656
-232
9
36
148
493
858
999
1041
1187
1522
1792
1917
2007
2105
2328
2475
2428
2172
2157
2099
1863
1656
1662
1498
1064
848
849
766
234
-327
-531
-434
-604
-1142
-1617
-1608
-1227
-1106
-1447
-1738
-1425
-968
-978
-1340
-1479
-1167
-851
-879
-1147
-1250
-1151
-956
-1073
-1527
-1762
-1445
-1114
-1238
-1439
-1306
-851
-587
-732
-942
-642
-151
-6
-88
84
577
1035
1148
1059
1224
1593
1838
1919
1920
2027
2341
2606
2442
2193
2073
1938
1754
1738
1607
1164
813
944
1109
755
83
-258
-72
46
-360
-990
-1149
-739
-347
-563
-1030
-1030
-556
-340
-730
-1204
-1230
-902
-824
-1106
-1422
-1519
-1347
-1228
-1566
-2025
-1928
-1645
-1727
-1943
-1900
-1677
-1420
-1331
-1377
-1151
-755
-578
-514
-212
257
718
905
1029
1370
1862
2087
2146
2158
2322
2699
2868
2574
2254
2153
2040
1955
1826
1356
782
703
993
909
236
-323
-255
20
-198
-817
-1224
-953
-406
-298
-737
-924
-431
168
127
-373
-579
-284
-27
-292
-769
-1052
-904
-704
-937
-1562
-1697
-1410
-1437
-1861
-2111
-2038
-1822
-1735
-1924
-1919
-1526
-1123
-990
-853
-505
3
380
614
858
1183
1482
1839
2097
2193
2361
2548
2523
2354
2184
1981
1954
1920
1485
907
825
1113
1010
364
-263
-178
117
-156
-907
-1270
-973
-524
-515
-963
-1083
-557
38
-67
-527
-655
-288
-20
-225
-680
-763
-484
-352
-605
-878
-903
-795
-806
-974
-1105
-1157
-1210
-1242
-1187
-1163
-1175
-1008
-722
-392
-143
-1
201
575
838
914
1098
1303
1491
1616
1759
1750
1728
1466
1356
1506
1478
889
467
619
796
611
102
-172
8
284
-95
-698
-822
-432
-207
-473
-850
-750
-220
23
-219
-539
-458
-132
-46
-504
-841
-755
-599
-732
-961
-1152
-1191
-1017
-934
-1050
-1209
-1147
-930
-681
-675
-756
-552
-75
340
501
511
774
1317
1608
1458
1426
1640
1841
1815
1603
1430
1456
1314
941
840
846
475
5
-39
39
-177
-646
-942
-769
-500
-713
-1212
-1252
-746
-325
-434
-747
-592
17
330
-10
-394
-250
180
212
-200
-567
-613
-385
-246
-563
-1162
-1292
-945
-765
-1119
-1584
-1509
-881
-478
-781
-1032
-577
278
675
478
386
1000
1716
1736
1499
1609
2044
2275
2189
1860
1771
1740
1602
1432
1272
831
462
509
493
104
-430
-710
-762
-733
-1064
-1544
-1672
-1363
-1106
-1174
-1310
-1187
-715
-383
-455
-653
-533
-234
-137
-264
-489
-528
-352
-209
-525
-874
-837
-570
-606
-941
-1128
-932
-616
-644
-833
-703
-124
369
481
504
916
1521
1741
1655
1680
2004
2177
2041
1804
1854
1830
1575
1333
1258
958
561
407
367
139
-313
-685
-797
-712
-905
-1356
-1599
-1330
-967
-962
-1195
-1164
-658
-261
-352
-671
-624
-324
-173
-398
-708
-747
-527
-437
-692
-955
-952
-733
-754
-946
-1120
-989
-768
-614
-590
-465
-127
243
553
735
1026
1245
1501
1717
2010
2053
1969
1926
2127
2148
1751
1412
1497
1568
1138
674
563
632
377
-204
-667
-693
-622
-1013
-1682
-1913
-1502
-1158
-1369
-1725
-1519
-971
-683
-921
-1140
-1032
-632
-464
-764
-1025
-771
-387
-477
-726
-737
-429
-288
-419
-616
-467
-230
-198
-248
-61
316
599
713
867
1248
1571
1674
1683
1866
1983
1968
1843
1834
1728
1557
1428
1365
1151
871
711
569
311
-45
-346
-515
-571
-789
-1186
-1382
-1267
-1142
-1209
-1340
-1294
-1035
-855
-991
-1129
-1114
-968
-906
-1021
-1242
-1203
-972
-949
-1202
-1382
-1275
-1084
-1032
-1212
-1173
-816
-397
-232
-133
120
603
1085
1314
1460
1767
2197
2490
2651
2591
2511
2565
2697
2398
1922
1767
1861
1587
1073
753
636
477
78
-412
-753
-775
-904
-1283
-1611
-1542
-1288
-1259
-1402
-1429
-1168
-917
-925
-1130
-1201
-983
-940
-1120
-1281
-1178
-1211
-1225
-1274
-1261
-1339
-1375
-1356
-1189
-996
-1031
-997
-693
-214
81
292
528
1044
1591
1862
1992
2291
2623
2661
2618
2576
2415
2171
2187
2163
1827
1396
1325
1341
1036
462
-44
-203
-209
-505
-1125
-1449
-1243
-974
-1119
-1440
-1459
-1093
-786
-868
-1188
-1245
-918
-682
-915
-1258
-1231
-969
-868
-1125
-1417
-1364
-1092
-1083
-1315
-1410
-1218
-906
-716
-691
-488
-14
481
772
986
1273
1747
2171
2210
2109
2239
2457
2343
2186
2130
2117
1919
1729
1537
1309
958
546
230
34
-236
-680
-1034
-1145
-1057
-1081
-1270
-1504
-1395
-1165
-1085
-1371
-1458
-1326
-1150
-1116
-1096
-1160
-1173
-964
-784
-802
-992
-1005
-817
-527
-557
-779
-739
-337
83
134
139
342
963
1340
1365
1334
1613
1850
1823
1733
1610
1499
1461
1632
1507
1189
943
1055
1051
737
246
-46
7
27
-297
-779
-834
-567
-384
-593
-863
-890
-576
-482
-826
-1106
-1034
-886
-929
-1102
-1315
-1264
-1156
-1260
-1513
-1542
-1442
-1385
-1380
-1389
-1212
-885
-580
-408
-83
349
766
1039
1298
1620
2017
2198
2125
2105
2224
2207
2009
1894
1787
1587
1401
1332
1136
770
353
85
-67
-224
-594
-1005
-1098
-931
-856
-1046
-1229
-1170
-853
-743
-833
-962
-907
-655
-375
-463
-781
-749
-432
-300
-645
-992
-998
-682
-641
-999
-1253
-982
-471
-332
-449
-386
126
623
745
682
879
1274
1473
1424
1286
1276
1367
1540
1501
1203
1010
1175
1278
968
499
228
257
338
99
-409
-642
-411
-226
-478
-941
-1097
-854
-679
-836
-1151
-1241
-991
-672
-661
-856
-911
-681
-434
-403
-534
-632
-502
-328
-247
-269
-220
-76
230
443
531
528
688
939
1193
1140
963
925
1114
1071
829
749
844
769
582
501
488
423
176
-130
-244
-113
-138
-475
-755
-704
-436
-442
-737
-957
-805
-624
-721
-1010
-1082
-863
-724
-793
-876
-722
-555
-489
-538
-430
-276
-189
-220
-123
164
469
606
613
796
1116
1340
1229
1219
1360
1501
1303
1112
935
819
709
689
487
139
-1
150
200
-48
-407
-598
-467
-296
-517
-940
-1026
-683
-443
-577
-882
-891
-646
-371
-588
-1042
-1061
-657
-486
-795
-1040
-871
-483
-403
-660
-854
-584
-243
-160
-289
-181
240
735
951
974
1152
1507
1784
1921
1884
1816
1761
1744
1462
1183
1095
1107
720
325
222
349
193
-249
-715
-793
-589
-618
-1066
-1464
-1310
-921
-820
-1168
-1350
-1209
-808
-681
-916
-1214
-1064
-663
-489
-753
-1021
-923
-524
-322
-548
-790
-612
-140
136
123
140
502
984
1295
1332
1378
1595
1901
1968
1735
1624
1576
1398
1177
1155
1005
595
245
218
210
15
-428
-774
-760
-558
-657
-1032
-1250
-1016
-648
-614
-856
-967
-787
-559
-478
-553
-684
-699
-548
-436
-465
-631
-762
-761
-635
-669
-809
-899
-760
-522
-234
-31
137
419
749
1037
1258
1518
1664
1689
1663
1730
1638
1461
1342
1346
1127
794
612
578
403
69
-323
-550
-575
-633
-962
-1283
-1311
-1127
-1037
-1116
-1274
-1215
-951
-766
-816
-859
-624
-282
-155
-263
-293
-85
146
70
-191
-280
-4
223
146
4
181
558
782
735
653
833
1189
1287
1025
783
801
831
707
555
467
317
196
171
178
95
-100
-334
-472
-389
-362
-550
-780
-755
-578
-466
-529
-696
-768
-710
-576
-583
-681
-763
-647
-498
-423
-481
-506
-460
-340
-269
-225
-140
42
254
448
667
924
1117
1232
1311
1472
1640
1618
1376
1168
1032
833
602
504
363
60
-225
-299
-265
-381
-700
-1082
-1164
-1017
-920
-1153
-1387
-1388
-1088
-843
-801
-873
-824
-675
-547
-424
-277
-150
-125
-117
-32
177
311
248
103
141
358
564
638
653
789
1021
1213
1325
1398
1503
1564
1540
1401
1257
1053
714
356
229
173
-75
-519
-769
-772
-741
-896
-1222
-1471
-1449
-1271
-1277
-1436
-1523
-1373
-1131
-985
-950
-885
-738
-565
-446
-334
-181
-21
60
117
194
327
433
490
485
506
634
829
979
1102
1205
1286
1392
1533
1666
1734
1763
1652
1496
1283
1065
836
727
560
235
-186
-407
-492
-595
-857
-1220
-1526
-1613
-1595
-1683
-1908
-2049
-1972
-1831
-1715
-1664
-1600
-1511
-1321
-1116
-952
-817
-614
-410
-241
-91
83
287
488
654
781
937
1157
1404
1581
1665
1739
1883
2045
2140
2171
2156
2115
2001
1797
1509
1266
1139
1000
711
349
37
-199
-387
-605
-882
-1188
-1398
-1530
-1680
-1861
-1957
-1948
-1906
-1843
-1796
-1800
-1737
-1557
-1381
-1309
-1262
-1150
-1024
-906
-785
-672
-551
-348
-130
24
177
436
732
965
1140
1306
1479
1721
1960
2113
2147
2158
2156
2093
1960
1829
1729
1611
1430
1172
886
617
400
153
-141
-438
-670
-876
-1097
-1318
-1462
-1513
-1497
-1513
-1579
-1605
-1543
-1464
-1435
-1432
-1405
-1319
-1218
-1156
-1123
-1049
-912
-749
-600
-461
-293
-89
109
273
438
625
826
1048
1252
1433
1545
1625
1660
1689
1698
1705
1695
1645
1523
1346
1160
975
795
577
316
30
-202
-391
-582
-785
-940
-1031
-1089
-1163
-1243
-1287
-1270
-1261
-1283
-1300
-1249
-1148
-1051
-1002
-936
-805
-634
-479
-348
-204
-42
115
241
353
475
652
816
956
1064
1168
1226
1246
1235
1220
1198
1163
1087
960
815
637
456
288
145
-57
-284
-485
-598
-678
-738
-815
-901
-923
-874
-830
-847
-849
-804
-727
-685
-645
-591
-503
-423
-332
-252
-173
-61
64
156
219
297
366
429
491
579
661
742
820
877
889
861
825
791
779
763
699
576
449
340
229
86
-82
-250
-410
-551
-671
-773
-851
-900
-927
-951
-949
-914
-876
-848
-815
-769
-720
-653
-551
-458
-376
-277
-157
-29
111
247
354
459
568
665
741
824
929
1029
1108
1153
1160
1150
1120
1063
979
874
768
649
512
324
117
-68
-234
-419
-618
-816
-983
-1106
-1185
-1234
-1276
-1293
-1266
-1208
-1138
-1053
-968
-884
-789
-644
-491
-354
-225
-65
110
277
426
561
679
805
911
965
979
1016
1079
1129
1144
1126
1090
1049
988
875
758
682
621
485
293
94
-49
-167
-312
-528
-750
-882
-944
-1036
-1160
-1244
-1253
-1219
-1179
-1157
-1131
-1050
-936
-841
-777
-671
-514
-356
-210
-62
101
271
436
575
701
839
970
1050
1092
1145
1217
1288
1303
1285
1243
1210
1147
1043
918
813
713
569
374
163
-29
-207
-396
-622
-845
-1033
-1165
-1287
-1390
-1467
-1485
-1496
-1483
-1462
-1413
-1344
-1261
-1180
-1079
-943
-776
-595
-411
-191
42
269
468
654
838
1037
1207
1322
1398
1474
1558
1610
1611
1573
1519
1457
1375
1267
1127
990
849
679
453
216
5
-190
-406
-645
-879
-1078
-1205
-1298
-1413
-1526
-1565
-1538
-1511
-1509
-1495
-1453
-1353
-1216
-1101
-998
-834
-588
-347
-133
75
305
525
721
873
992
1133
1280
1380
1393
1408
1433
1452
1408
1309
1178
1063
969
849
686
511
351
192
25
-145
-309
-481
-653
-816
-947
-1033
-1100
-1174
-1236
-1259
-1232
-1198
-1178
-1163
-1114
-1014
-905
-811
-701
-542
-339
-131
60
242
438
642
833
971
1078
1193
1304
1379
1409
1419
1422
1409
1354
1239
1088
949
822
662
441
208
-6
-190
-384
-595
-820
-1005
-1114
-1194
-1293
-1385
-1421
-1411
-1392
-1375
-1355
-1313
-1218
-1103
-1016
-945
-804
-608
-415
-243
-63
133
354
573
741
865
1012
1204
1348
1415
1446
1490
1545
1585
1567
1488
1395
1324
1231
1065
852
644
454
243
7
-246
-476
-672
-833
-978
-1115
-1216
-1279
-1333
-1394
-1420
-1402
-1367
-1341
-1306
-1241
-1143
-1009
-853
-712
-554
-361
-151
30
193
360
515
658
800
931
1024
1102
1170
1227
1270
1307
1298
1229
1143
1070
979
836
651
443
240
52
-116
-301
-469
-602
-708
-804
-873
-903
-923
-951
-974
-972
-945
-886
-830
-775
-701
-579
-441
-317
-185
-35
121
262
372
457
549
645
719
749
763
799
835
849
841
812
771
712
620
500
377
253
92
-105
-297
-444
-554
-653
-753
-838
-871
-854
-833
-821
-790
-735
-673
-616
-564
-498
-406
-302
-206
-119
-7
128
249
347
430
515
600
665
697
715
732
749
761
762
755
750
734
688
620
541
458
342
193
29
-139
-302
-447
-587
-724
-831
-893
-929
-942
-934
-906
-867
-816
-749
-680
-603
-509
-405
-306
-196
-72
62
198
331
449
552
657
748
808
838
852
864
869
856
829
779
729
671
578
463
341
209
54
-122
-311
-484
-626
-746
-867
-975
-1032
-1034
-1007
-971
-921
-855
-756
-639
-531
-439
-330
-207
-83
40
161
283
404
518
616
698
777
848
885
893
890
877
858
834
803
753
697
619
515
399
279
143
-27
-211
-398
-566
-709
-838
-966
-1070
-1120
-1123
-1102
-1068
-1017
-947
-846
-734
-630
-531
-408
-265
-124
6
133
277
428
576
687
772
855
939
989
992
970
956
950
924
864
784
724
667
578
436
274
127
-10
-177
-377
-571
-722
-825
-925
-1031
-1104
-1102
-1051
-996
-957
-904
-811
-687
-571
-482
-392
-276
-139
-13
103
218
339
468
576
659
728
793
843
862
859
848
834
816
795
759
700
628
539
434
317
175
2
-185
-355
-503
-647
-790
-909
-985
-1012
-1002
-985
-963
-903
-805
-713
-632
-550
-444
-324
-204
-104
-11
111
257
381
469
555
647
737
798
818
814
822
845
836
793
755
728
695
628
524
397
278
158
1
-192
-377
-532
-666
-792
-905
-995
-1039
-1033
-1010
-979
-929
-851
-762
-668
-563
-454
-343
-221
-99
28
155
283
403
512
609
692
758
799
831
841
836
818
800
777
749
702
652
590
507
407
284
150
4
-141
-294
-446
-582
-690
-783
-859
-899
-906
-895
-870
-832
-787
-726
-644
-562
-487
-399
-293
-187
-86
30
143
252
357
449
527
594
651
688
702
715
735
740
731
723
712
689
644
578
488
389
283
152
-5
-163
-303
-432
-557
-667
-757
-816
-844
-856
-861
-853
-816
-765
-710
-647
-573
-486
-385
-275
-165
-48
71
188
294
389
473
541
597
636
660
674
687
696
700
698
691
674
649
602
533
442
335
220
91
-51
-194
-329
-446
-544
-632
-696
-734
-744
-744
-736
-718
-686
-635
-578
-525
-466
-391
-304
-210
-122
-36
56
153
238
307
360
411
458
492
510
520
541
567
586
590
585
579
563
528
460
371
276
177
59
-76
-210
-324
-418
-497
-565
-618
-642
-636
-619
-601
-575
-530
-469
-404
-343
-279
-199
-108
-15
69
148
230
307
373
416
442
460
473
469
448
424
404
386
364
336
304
272
238
188
117
40
-38
-125
-223
-323
-413
-491
-547
-590
-620
-625
-601
-561
-517
-465
-396
-316
-235
-158
-83
-5
83
168
239
302
371
440
493
524
541
555
565
561
535
493
461
440
409
363
312
268
231
184
112
22
-67
-146
-237
-351
-469
-570
-645
-704
-760
-803
-815
-789
-741
-693
-639
-567
-471
-367
-270
-186
-96
10
120
216
296
376
462
544
606
648
677
704
725
730
711
682
660
639
601
550
492
434
370
291
191
73
-46
-162
-287
-425
-556
-665
-755
-828
-885
-920
-925
-900
-857
-809
-745
-660
-562
-461
-363
-261
-151
-36
76
179
281
381
476
555
621
680
731
767
785
787
784
780
763
727
684
632
576
506
414
304
186
67
-64
-211
-355
-488
-608
-718
-818
-892
-939
-957
-957
-942
-910
-854
-772
-683
-591
-490
-378
-252
-123
0
119
240
362
472
567
651
716
772
813
836
841
830
815
791
753
701
643
571
494
408
302
178
50
-76
-209
-347
-482
-605
-716
-805
-875
-935
-970
-974
-956
-921
-874
-811
-728
-625
-514
-400
-283
-154
-19
114
238
355
465
569
665
736
789
830
862
883
885
866
838
808
769
711
637
556
462
361
251
125
-19
-148
-274
-403
-531
-644
-739
-819
-880
-925
-954
-963
-944
-915
-874
-825
-754
-667
-569
-469
-367
-255
-128
1
115
224
335
447
554
643
714
774
835
885
910
914
911
902
874
824
753
671
587
498
378
243
116
1
-122
-256
-386
-500
-595
-678
-754
-826
-875
-898
-905
-911
-896
-860
-813
-753
-678
-599
-511
-403
-294
-192
-85
34
147
254
355
455
543
620
688
746
792
828
844
845
836
819
782
720
657
588
508
410
304
198
87
-17
-120
-229
-337
-425
-500
-567
-641
-694
-719
-736
-743
-734
-712
-677
-627
-574
-518
-451
-374
-299
-226
-151
-79
-4
69
136
197
254
316
374
421
464
496
519
540
553
549
533
517
491
452
408
358
304
250
191
133
72
13
-44
-106
-161
-212
-257
-294
-325
-354
-372
-378
-371
-360
-357
-342
-318
-294
-272
-247
-220
-191
-160
-137
-107
-65
-27
1
28
60
89
108
115
116
124
136
136
130
121
124
141
156
155
148
155
174
183
172
152
144
141
135
119
89
69
67
67
51
28
16
16
12
-4
-28
-44
-47
-43
-58
-83
-104
-107
-105
-122
-152
-180
-198
-210
-222
-247
-269
-264
-247
-237
-239
-222
-192
-148
-106
-70
-35
9
61
111
148
174
211
253
289
304
311
325
342
354
345
321
308
306
295
258
219
190
173
145
94
41
0
-34
-76
-130
-190
-237
-269
-305
-353
-397
-416
-427
-435
-443
-447
-433
-399
-362
-334
-293
-236
-166
-111
-61
1
72
136
196
252
297
349
387
408
426
446
455
449
429
411
391
370
338
297
255
210
166
115
57
-2
-59
-124
-188
-248
-310
-369
-412
-447
-476
-500
-511
-506
-495
-476
-444
-405
-352
-291
-231
-174
-110
-30
51
119
183
247
313
366
405
429
454
486
498
489
477
469
457
432
393
348
306
261
209
143
76
7
-62
-138
-214
-283
-352
-411
-469
-514
-545
-572
-585
-587
-576
-550
-518
-479
-427
-354
-275
-202
-125
-41
34
102
176
253
322
380
442
493
545
580
603
611
614
602
575
529
494
452
389
320
259
195
110
34
-37
-104
-186
-264
-338
-409
-465
-507
-550
-591
-609
-609
-596
-576
-556
-521
-476
-419
-362
-302
-244
-179
-100
-14
62
119
178
251
325
392
446
488
526
549
558
550
533
526
502
468
430
381
337
281
208
130
57
-15
-83
-149
-210
-274
-336
-373
-407
-435
-458
-482
-498
-489
-459
-422
-398
-377
-333
-297
-252
-220
-181
-111
-36
31
72
120
191
261
284
301
325
371
395
378
355
314
348
357
317
241
219
233
181
102
45
-10
-9
-18
-54
-113
-161
-133
-162
-219
-232
-218
-205
-224
-267
-279
-271
-221
-182
-201
-153
-109
-68
-76
-94
-67
-8
37
79
89
109
154
158
168
149
166
207
222
191
151
112
94
47
23
78
103
100
34
-50
-78
-35
66
94
71
44
-21
-59
-60
-34
-10
10
14
-7
-49
-69
-92
-79
-41
10
22
-14
-85
-123
-115
-57
-31
-24
-27
-34
-73
-120
-121
-101
-71
-85
-120
-155
-153
-159
-155
-131
-73
-15
25
17
20
53
137
180
190
171
185
220
237
239
215
229
253
253
219
180
157
149
99
76
33
41
11
-32
-101
-125
-133
-129
-138
-147
-187
-188
-213
-252
-277
-269
-245
-242
-259
-259
-239
-205
-178
-152
-136
-82
-38
-8
1
39
114
154
180
153
187
218
265
276
262
291
304
314
263
231
223
223
200
155
89
70
66
51
-12
-41
-50
-75
-121
-217
-253
-271
-254
-317
-345
-346
-286
-272
-285
-278
-229
-143
-125
-139
-139
-69
6
47
63
104
165
219
231
242
286
346
369
327
286
268
261
241
226
204
184
145
96
37
24
45
6
-62
-119
-148
-171
-212
-289
-315
-287
-269
-301
-342
-315
-273
-235
-244
-253
-221
-132
-93
-105
-106
-35
49
107
101
112
162
219
230
229
263
319
332
283
225
231
278
273
222
163
146
127
89
47
21
21
-3
-83
-148
-170
-162
-182
-221
-249
-245
-237
-262
-293
-284
-231
-172
-165
-176
-151
-89
-46
-40
-30
25
89
117
116
125
175
231
247
227
223
256
279
243
184
155
160
147
94
36
20
36
22
-45
-103
-108
-92
-117
-176
-218
-209
-184
-195
-245
-274
-232
-182
-179
-211
-193
-134
-77
-71
-79
-62
4
57
45
40
100
197
236
213
189
226
287
305
255
215
220
239
212
149
118
131
122
76
1
-32
-15
-22
-79
-146
-169
-148
-156
-206
-259
-263
-233
-227
-250
-273
-235
-184
-161
-185
-174
-119
-48
-32
-37
-11
69
148
160
143
160
215
263
272
256
259
276
273
223
195
208
222
192
136
95
80
59
23
-22
-62
-82
-116
-168
-227
-232
-199
-191
-225
-263
-271
-260
-254
-261
-260
-237
-187
-166
-151
-118
-67
-19
8
43
82
125
156
167
180
213
259
271
273
269
281
281
269
237
217
206
181
144
95
55
18
-12
-48
-83
-110
-135
-163
-194
-215
-222
-222
-239
-264
-276
-271
-253
-241
-233
-215
-178
-133
-102
-80
-56
-25
9
39
62
94
132
151
157
170
200
229
243
232
214
213
217
212
193
163
146
132
108
78
37
15
4
-12
-36
-67
-93
-109
-123
-146
-170
-186
-178
-182
-196
-215
-202
-180
-163
-161
-156
-124
-90
-69
-56
-33
-3
29
48
55
73
104
124
142
151
166
179
189
179
166
157
162
166
152
133
107
82
67
55
32
8
-10
-32
-52
-73
-88
-104
-114
-124
-148
-163
-161
-146
-143
-149
-155
-143
-129
-120
-118
-114
-101
-78
-64
-51
-36
-11
15
35
54
70
102
134
154
158
171
187
203
207
199
193
186
184
161
138
124
114
93
67
39
10
-8
-31
-53
-82
-103
-126
-144
-158
-174
-184
-186
-194
-210
-215
-212
-201
-191
-186
-170
-150
-132
-119
-101
-74
-37
-11
9
37
64
90
105
129
153
177
198
218
232
237
237
233
230
225
214
200
187
167
140
111
89
67
49
21
-11
-46
-81
-115
-149
-183
-201
-208
-222
-242
-262
-270
-273
-271
-265
-256
-244
-227
-215
-199
-170
-128
-85
-59
-36
-12
29
72
109
139
168
200
233
253
267
278
299
309
302
291
281
268
253
244
223
197
166
133
97
66
35
2
-35
-77
-118
-160
-191
-212
-231
-249
-264
-277
-291
-304
-300
-281
-260
-251
-239
-226
-203
-168
-130
-93
-59
-23
21
58
83
120
156
184
208
229
242
249
253
259
258
263
259
245
229
208
185
154
139
120
91
48
3
-36
-64
-92
-129
-162
-184
-196
-215
-234
-249
-253
-246
-246
-254
-254
-237
-217
-197
-180
-159
-131
-97
-71
-46
-20
17
55
80
102
130
164
191
210
220
232
243
249
241
233
231
227
210
192
175
151
128
98
67
38
14
-19
-58
-90
-109
-127
-154
-179
-196
-204
-211
-217
-223
-219
-217
-214
-208
-190
-166
-140
-116
-90
-64
-42
-15
11
39
65
90
107
120
126
140
153
169
184
189
185
180
177
167
156
143
124
103
85
65
45
29
15
-6
-24
-41
-69
-87
-96
-108
-119
-123
-124
-120
-117
-121
-120
-113
-100
-85
-82
-72
-61
-47
-41
-29
-10
8
18
23
35
43
53
66
72
71
74
82
80
69
65
64
64
61
51
37
31
30
27
15
5
1
-5
-8
-17
-30
-35
-36
-38
-49
-55
-51
-40
-44
-55
-62
-52
-39
-40
-44
-47
-37
-28
-22
-20
-18
-5
1
1
1
7
15
20
21
23
30
37
41
38
39
49
58
58
56
57
64
70
66
60
60
52
44
36
30
26
19
10
2
2
-4
-11
-20
-26
-31
-35
-45
-55
-58
-65
-68
-77
-83
-84
-75
-72
-76
-78
-76
-67
-64
-64
-60
-49
-34
-32
-35
-30
-23
-15
-3
3
12
29
43
47
51
57
65
73
78
77
78
84
87
87
87
90
93
96
88
82
76
72
63
50
34
24
15
3
-9
-19
-35
-48
-58
-66
-71
-84
-100
-112
-107
-101
-106
-122
-122
-115
-112
-112
-107
-95
-84
-73
-64
-46
-26
-11
-2
10
28
43
56
67
84
98
111
115
119
124
128
130
132
127
119
114
110
98
86
73
58
46
31
20
6
-12
-26
-41
-56
-75
-90
-101
-107
-112
-116
-117
-110
-106
-102
-101
-96
-83
-72
-64
-61
-53
-32
-14
-5
8
20
36
52
64
71
81
93
99
103
106
106
105
100
88
83
78
73
61
46
37
27
15
-5
-22
-37
-48
-61
-72
-80
-87
-90
-98
-105
-110
-109
-110
-113
-109
-102
-89
-81
-73
-67
-56
-44
-28
-13
-2
15
34
50
61
73
80
86
96
105
106
103
110
112
104
98
93
90
86
76
58
47
40
34
20
1
-8
-12
-22
-34
-47
-61
-69
-72
-77
-87
-89
-89
-86
-87
-85
-78
-67
-60
-56
-53
-46
-31
-22
-18
-9
6
22
33
39
41
48
56
56
53
55
55
57
59
55
49
50
44
29
19
17
9
-3
-11
-15
-14
-14
-18
-21
-21
-27
-31
-37
-36
-36
-33
-34
-31
-23
-16
-9
3
10
11
17
20
19
23
31
26
25
30
