SAMPLES:	9439
BITSPERSAMPLE:	16
CHANNELS:	1
SAMPLERATE:	16000
NORMALIZED:	FALSE
1
2
1
1
2
1
2
1
2
2
2
3
2
3
3
3
2
3
2
2
3
4
4
4
5
5
6
6
5
6
5
5
6
5
5
5
5
5
5
5
5
4
3
3
2
0
0
-2
-4
-5
-5
-6
-6
-5
-4
-5
-5
-4
-4
-4
-5
-5
-6
-6
-5
-7
-8
-7
-5
-5
-6
-7
-8
-7
-7
-10
-12
-12
-9
-8
-9
-8
-6
-4
-4
-5
-6
-5
-4
-3
-2
-2
-2
-1
-1
1
3
2
4
7
6
8
10
13
17
16
15
17
17
16
20
20
17
18
15
15
18
16
13
13
12
9
10
5
-4
-7
-8
-12
-16
-19
-22
-17
-15
-18
-19
-19
-13
-12
-15
-8
-1
-2
-2
0
-4
-7
-7
-10
-6
-4
-6
-9
-11
-11
-2
-1
-11
-16
-9
0
4
-5
-9
-3
0
-3
-11
-17
-10
-5
-6
-5
0
4
-1
7
24
24
16
18
21
17
20
23
18
21
34
37
35
40
39
36
43
47
43
46
47
42
41
40
36
29
26
25
18
8
9
6
-3
-19
-42
-51
-47
-56
-85
-103
-96
-90
-99
-106
-99
-91
-76
-61
-59
-53
-30
-18
-8
7
20
33
44
54
58
58
63
71
71
66
62
57
51
35
22
15
-2
-22
-39
-57
-62
-62
-81
-91
-79
-70
-71
-75
-71
-50
-31
-19
-11
2
22
31
42
66
82
73
86
116
124
117
110
95
76
62
47
27
11
3
0
-2
-6
-3
-7
-26
-35
-31
-34
-34
-45
-66
-68
-52
-37
-37
-45
-39
-13
11
9
-6
-12
-6
-2
-7
-26
-29
-14
-12
-28
-36
-30
-32
-50
-70
-64
-41
-37
-49
-45
-25
-5
-4
-9
-2
5
12
23
33
52
62
57
72
97
97
91
94
85
93
117
119
95
87
97
95
67
37
19
12
-8
-26
-40
-51
-44
-31
-42
-68
-68
-69
-69
-55
-55
-67
-63
-47
-52
-86
-97
-102
-98
-85
-85
-85
-76
-58
-42
-34
-30
-28
-23
-13
-3
6
20
28
44
82
97
82
85
61
43
20
-1
-11
-24
-23
-23
-25
-14
2
2
-14
-7
-4
-3
13
1
0
17
23
12
0
13
24
12
-1
3
4
-1
-20
1
10
15
33
19
-4
-14
-15
-33
-26
-40
-67
-63
-50
-46
-45
-24
-3
15
29
41
52
75
67
56
42
71
86
86
104
132
155
159
148
115
103
60
-11
-72
-65
-55
-18
-39
-59
-29
-7
-13
-61
-71
-95
-104
-93
-79
-78
-52
-31
-30
-26
-21
-30
-30
2
-4
-56
-69
-32
-10
25
24
8
12
19
33
30
-38
-89
-63
-23
6
-1
-13
26
84
176
188
132
89
100
180
199
134
76
77
119
175
136
25
0
40
68
36
-9
-49
-61
-46
-9
5
21
31
12
35
129
153
55
-34
5
86
78
-4
-57
-39
-25
-90
-214
-302
-326
-410
-610
-768
-873
-953
-1069
-1231
-1275
-1140
-901
-782
-879
-885
-427
367
703
305
-16
721
2134
2796
2018
932
1080
2376
3090
2090
436
-100
985
1926
1138
-683
-1710
-1311
-384
-291
-1380
-2393
-2216
-1366
-919
-1118
-1521
-1431
-790
-171
29
112
379
723
906
907
1011
1306
1546
1297
909
759
931
1036
806
338
-70
-169
-179
-225
-541
-1006
-1502
-1586
-2007
-2950
-2935
-1785
-1352
-2707
-3930
-2635
666
1905
-664
-2687
-1116
2317
4105
3385
1466
1138
3378
5402
4900
2787
1743
1964
2573
2771
2145
703
-549
-1131
-1447
-1537
-1456
-1914
-3001
-3632
-3245
-2330
-1807
-2058
-2692
-2564
-1425
-116
476
282
6
366
1317
2077
2186
1842
1486
1493
1786
1908
1714
1329
975
788
677
397
118
-29
-484
-1285
-1969
-2178
-2481
-3049
-3194
-2920
-2987
-3638
-3651
-2063
-103
-282
-2189
-2409
-52
2529
3260
2384
1534
2674
5131
6031
4504
2835
2953
3941
3970
2784
1592
1036
732
84
-1024
-2064
-2249
-2010
-2635
-3721
-3871
-3235
-2863
-2845
-2890
-2713
-1861
-776
-281
-194
91
566
1108
1588
1751
1745
1867
1949
1814
1690
1699
1799
1725
1205
515
428
786
569
-550
-1731
-2269
-2464
-2518
-2627
-2992
-3780
-4514
-4030
-2035
-604
-1711
-3412
-2980
-596
1844
2819
1899
927
2317
5163
6403
5147
3499
3212
4192
4980
4263
2415
1241
1290
1260
362
-979
-2054
-2637
-2770
-2901
-3296
-3711
-3784
-3579
-3234
-2678
-2138
-1793
-1413
-778
-111
433
842
1046
1168
1516
2003
2238
2072
1756
1663
1977
2300
1934
1047
644
993
1076
210
-1083
-1952
-2336
-2431
-2443
-2819
-3827
-4888
-4624
-2709
-1169
-2162
-4192
-4094
-1551
1236
2257
1279
191
1585
4829
6646
5636
3816
3420
4622
5950
5606
3451
1508
1544
2499
2118
254
-1569
-2587
-2842
-2509
-2484
-3488
-4512
-4434
-3751
-3058
-2391
-2295
-2548
-1997
-737
121
516
693
559
711
1562
2240
2150
1799
1597
1798
2364
2376
1573
1157
1422
1336
493
-465
-1190
-1870
-2244
-2261
-2517
-3569
-4992
-5020
-2856
-1198
-2804
-5252
-4917
-2102
798
1912
556
-961
834
4815
6723
5533
3857
3628
4981
6645
6713
4613
2266
1706
2829
3532
2240
-233
-2335
-3262
-2747
-1627
-2141
-4326
-5599
-4874
-3377
-2278
-2239
-3194
-3464
-2099
-416
408
503
90
-191
566
1863
2450
2233
1701
1393
1785
2426
2408
1991
1660
1044
396
335
-136
-1435
-2315
-2283
-2354
-3331
-4780
-4970
-3132
-1937
-3424
-5262
-4912
-2782
-221
1115
75
-1167
520
4080
6123
5676
4492
4218
5340
6940
7358
5958
3807
2550
2787
3841
3907
1820
-1209
-3012
-2922
-1990
-1581
-2827
-5296
-6373
-4821
-2773
-2306
-3061
-4020
-4043
-2191
172
675
-266
-843
-542
643
2328
2896
1732
802
1258
2231
2703
2356
1503
1077
1079
588
-30
-700
-1816
-2575
-2368
-2537
-4004
-5377
-4715
-2263
-1409
-3944
-6145
-4825
-1556
1000
1493
-437
-1630
1391
6084
7403
5466
4004
4598
6420
7874
7560
5420
3205
2417
3215
4293
3816
1161
-1980
-3609
-3122
-1785
-1586
-3588
-6256
-6772
-4613
-2368
-2211
-3552
-4587
-3934
-1575
608
660
-580
-1063
-301
1127
2529
2770
1793
1072
1418
2144
2634
2676
2050
900
-39
-20
202
-650
-2147
-2771
-2730
-3443
-4800
-4835
-2924
-1778
-3580
-5909
-5519
-2690
24
803
-634
-1748
327
4319
6443
5829
4712
4888
6277
7524
7582
6662
5463
3907
2753
3150
4486
4146
952
-2853
-4086
-2700
-1240
-1763
-4572
-7409
-6982
-3744
-1917
-3023
-4572
-4914
-3719
-1053
891
161
-1336
-1135
70
1426
2699
2792
1590
983
1492
2282
3146
3185
1413
-432
-194
456
-136
-1242
-2162
-3035
-3903
-4540
-4104
-2332
-2201
-4907
-6529
-4692
-1786
-615
-1311
-2687
-1780
1783
4418
3898
3160
4715
6971
8073
7603
6143
5451
6724
7843
5921
2234
1064
3486
5316
2632
-2447
-5351
-4491
-1844
-761
-3604
-8140
-8789
-4810
-1509
-2206
-4606
-5730
-4402
-1115
1260
383
-1586
-1480
156
1621
2644
2788
1958
1398
1640
2146
2821
3096
1730
-380
-943
-564
-492
-1185
-2572
-3946
-4314
-4136
-4017
-3309
-3074
-4100
-5057
-4690
-3291
-1689
-427
-297
-305
661
2589
4658
6341
6798
6215
6585
7987
7955
6713
6683
7455
5871
2303
861
3594
6130
3031
-3310
-6632
-4965
-1625
-108
-3235
-9207
-10492
-4725
45
-1574
-5130
-6516
-5394
-1447
2329
1142
-2487
-2659
-301
1755
3614
3845
1291
-304
1363
3346
3812
2901
667
-1849
-2116
-262
1037
-127
-4059
-7367
-5575
-372
703
-3997
-8088
-7508
-3297
665
532
-3896
-6020
-1408
4868
5877
2306
415
3044
7995
10465
8701
5861
4609
5294
7438
9511
7448
1283
-2200
1309
6952
5642
-2008
-7817
-6834
-2291
769
-1271
-7689
-10861
-6275
-418
-605
-4034
-5806
-5351
-2775
847
1522
-832
-1931
-957
175
2060
4010
3096
429
-293
1364
3503
4126
1592
-2153
-3012
-1246
118
-134
-2238
-5477
-6699
-3783
74
-110
-4441
-7834
-6326
-1597
1597
328
-3316
-3940
574
5665
6034
2991
1924
4711
8619
10026
8501
5282
3545
5404
9084
9207
3446
-2026
-684
5290
6753
1086
-6167
-8248
-4515
585
1093
-4956
-10960
-9195
-2214
644
-1986
-5494
-7105
-5278
44
3026
16
-3546
-2973
-162
2591
4319
2707
-677
-672
2337
3761
2654
1079
-1051
-2632
-1477
689
735
-2322
-6055
-6201
-1238
2233
-1377
-7223
-8141
-3604
1165
1653
-2842
-6311
-3124
3690
6333
3213
-128
675
5220
9585
9765
6167
4067
5598
7149
7157
7531
7224
3246
-1267
-325
5156
7159
1451
-6492
-8773
-4068
1620
2099
-4574
-11897
-10785
-2072
2458
-1632
-7271
-8658
-5658
49
3272
-171
-4883
-4155
-145
2726
3941
2668
-748
-1508
1668
4026
3218
1380
-1048
-3218
-1795
1648
1979
-2221
-6458
-5876
-452
2618
-1693
-7633
-7716
-2768
1294
1064
-3155
-5981
-2540
3920
5742
2464
-19
1658
5908
9173
8741
5914
5164
6399
6700
6554
7908
7838
3208
-1457
146
6305
7504
733
-6985
-8043
-3009
2278
1702
-6186
-12886
-9426
-566
1527
-3584
-8154
-8648
-5128
536
2206
-2205
-5463
-3185
584
2646
3046
1424
-734
8
2407
3108
2066
529
-1268
-1834
-168
919
-632
-3054
-3469
-1806
-358
-1426
-4276
-5327
-3358
-1005
-979
-2450
-3167
-1892
676
2509
2463
1694
2051
3810
5900
7009
6584
5935
6498
6926
5919
5720
7573
7666
3202
-1149
647
6173
6665
2
-6452
-6590
-1950
1880
283
-6802
-11456
-7574
-702
-186
-4742
-7892
-7497
-4359
-282
519
-2601
-4335
-2387
114
1594
2360
1398
-496
-320
1722
2732
1618
-393
-1541
-814
451
-176
-2017
-2258
-842
-621
-2224
-3668
-3479
-2162
-1131
-1983
-3633
-3015
-169
1410
440
-190
1323
3448
4426
4294
4174
4921
6446
7640
7653
5990
4257
5048
8084
8544
3567
-1889
-712
5725
7634
1133
-6520
-7523
-2615
2275
1234
-6226
-11940
-8215
-833
18
-4767
-7797
-7338
-4737
-929
364
-2266
-4005
-2109
-122
765
1835
1826
159
-224
1236
1759
1003
276
-571
-952
-414
-361
-1808
-2340
-827
188
-1656
-4637
-4950
-2220
325
-685
-3736
-4662
-1282
2604
2867
383
-483
2012
5251
6217
4726
3646
5000
7690
8905
6914
3871
3845
7605
9529
4880
-2027
-2176
4782
8373
2659
-5998
-8425
-3732
2300
2453
-5098
-12231
-9773
-1624
920
-3497
-7864
-8518
-5545
-745
1224
-1636
-4251
-3135
-680
1140
2362
1891
-90
-616
731
2008
2075
900
-769
-1294
-179
-68
-1537
-1762
-7
-212
-3268
-4974
-3285
-658
-226
-2429
-5235
-4289
441
3395
992
-2146
-954
3362
6218
5407
2802
2325
5441
8587
8776
6634
4221
3664
6260
9512
7717
844
-3234
1024
7532
6723
-1385
-8223
-7351
-928
3418
-532
-9326
-12588
-6503
259
-361
-5679
-9118
-8072
-3578
840
683
-3040
-4831
-2756
484
2860
3167
898
-1301
-268
2412
3160
1729
-26
-887
-604
-246
-459
-77
658
-790
-3887
-4719
-2212
259
-364
-3602
-5946
-3796
1224
3229
-123
-3387
-1570
3554
6554
4845
1301
955
5176
8968
8440
5853
4614
4617
5560
7912
8679
4354
-1590
-1742
4287
7929
3401
-4969
-8639
-4930
1334
2504
-4426
-12211
-11187
-3193
718
-2893
-7867
-9163
-6379
-1177
1680
-884
-4599
-4158
-674
2269
3326
2122
-244
-625
1564
3640
3233
860
-1180
-703
1237
1004
-1244
-1789
-162
-449
-3026
-4353
-2921
-897
-831
-3147
-5287
-3500
1000
2632
-439
-2953
-798
3867
6065
4173
1210
1662
5695
8771
7892
5679
5082
5394
5846
6934
7675
5207
307
-1855
1994
6762
4745
-3197
-8339
-6079
-569
1534
-2914
-10192
-12026
-5924
-249
-1851
-6862
-8799
-6794
-2610
908
263
-3217
-4097
-1178
1810
3074
2984
1352
-225
902
3501
3637
1401
-142
-201
15
-139
-321
-404
-783
-2126
-3598
-3619
-2159
-1176
-2138
-4154
-4573
-2220
554
679
-1309
-1954
231
3285
4543
3455
2044
2660
5400
7485
7237
5863
5966
6747
6257
5233
5872
6821
4255
-582
-1801
2816
6219
2208
-5611
-8820
-5236
243
932
-5487
-12532
-11152
-3139
729
-3160
-8279
-9038
-5203
287
2318
-1010
-4499
-3228
805
3845
4441
2368
-293
171
3314
4630
2929
662
-554
-546
170
509
157
-690
-2398
-3945
-3381
-1420
-981
-2722
-4698
-4846
-2536
207
160
-2204
-2933
-401
2638
3600
2695
1733
2274
4410
6359
6466
5500
5517
6747
7347
5893
4212
4785
6635
5221
-10
-2876
883
5546
3123
-4553
-9040
-6411
-830
980
-4183
-11284
-11598
-4426
576
-2168
-7385
-8422
-5062
-333
1972
-313
-3638
-2585
1621
3829
3160
2092
1545
1691
2868
3771
2848
765
-303
242
1318
918
-1289
-3052
-2072
-203
-780
-3413
-4984
-3897
-1612
-765
-2523
-4363
-3297
-177
1341
368
-695
175
2464
4368
4528
3251
2780
4547
6903
7325
5915
5226
5436
5122
4674
5429
5433
2033
-2159
-1906
2643
4475
-228
-6971
-8732
-4577
332
-88
-6529
-12126
-9668
-2058
1066
-3049
-7931
-7936
-3486
1484
2752
-402
-3405
-2028
2117
4759
4383
2267
550
792
2623
3968
3337
1317
-699
-1487
-293
1745
1661
-1471
-4453
-4147
-1409
225
-1374
-4550
-5577
-3010
111
141
-2303
-3592
-1775
1493
3134
2046
402
1097
3739
5534
4933
3740
4099
5705
6680
6553
5702
4096
2920
3766
5393
3829
-796
-3111
-39
3480
1528
-4279
-7735
-6069
-1897
-181
-4079
-9750
-9749
-3742
5
-2460
-6164
-6414
-3614
190
2007
-29
-2625
-1402
1946
3548
3274
2453
1432
1520
3235
3999
2263
294
255
1114
877
-712
-1798
-960
1
-1382
-4014
-4415
-2292
-725
-1924
-4475
-4936
-2220
601
121
-2235
-2359
504
3222
3288
1813
1390
3057
4925
5088
4340
4382
5400
6125
6219
4954
3077
2760
4686
5279
1622
-2863
-2466
2411
4392
-289
-6853
-8079
-3645
768
-549
-6788
-11042
-7713
-925
801
-3559
-7179
-5844
-1581
1833
1765
-1154
-2741
-461
2858
3892
3018
2008
1543
2187
3424
3724
2229
264
-511
222
1128
306
-2033
-3193
-1706
-156
-1385
-4315
-5560
-3605
-766
-761
-3897
-5673
-2937
1211
1844
-754
-2371
-543
3141
5092
3549
889
988
4041
6509
6105
4147
3328
4610
6144
5321
2940
2158
3420
3127
35
-2004
108
2941
1379
-3719
-6737
-4799
-835
84
-4014
-8892
-8343
-2538
1030
-1655
-5978
-6145
-2411
1546
2430
-113
-2489
-1029
2663
4493
3575
1993
1327
1973
3155
3431
2320
938
108
-405
-442
233
476
-1077
-3298
-3853
-2367
-1060
-1861
-4217
-5315
-3715
-1261
-920
-2716
-3908
-2571
228
1792
837
-825
-257
2426
4241
3394
1736
1999
4211
6007
5662
4219
3884
4593
4428
3383
3422
3920
2068
-1320
-1512
2115
3839
37
-5317
-6552
-3130
601
-128
-5544
-9615
-6654
-276
1189
-3126
-6457
-4967
-815
2294
2053
-761
-2127
263
3643
4571
3305
1817
1465
2497
3939
3847
1760
-218
-238
1071
1118
-801
-2524
-2050
-1137
-2002
-3893
-4612
-3780
-2836
-3215
-4677
-5013
-3159
-1430
-1998
-3190
-2388
-174
1224
1033
247
640
2550
4210
3938
2936
3374
5100
6209
5862
5057
4344
3721
3640
4451
4604
2246
-1036
-1294
1928
3642
427
-4656
-6274
-3516
-72
-355
-4918
-8679
-6523
-1059
619
-2453
-5173
-4410
-1256
1906
2510
222
-1304
583
3618
4675
3849
2648
1990
2510
3717
3946
2236
-197
-995
179
1237
-377
-3486
-4434
-2262
-923
-3062
-6353
-6973
-4397
-1981
-2939
-6098
-6780
-3563
-271
-610
-2829
-3057
-362
2551
3177
1722
977
2638
4903
5296
4277
4000
5003
5992
6007
5274
4112
3079
3158
4205
3918
1116
-1776
-1075
2179
2811
-1247
-5606
-5586
-2077
398
-1321
-5787
-7732
-4186
617
835
-2720
-4528
-2581
947
3216
2645
202
-531
1911
4641
4797
3090
1586
1437
2408
3159
2346
303
-1358
-1746
-1347
-967
-1463
-3201
-4940
-5046
-3884
-3416
-4322
-5611
-5991
-4941
-3203
-2442
-3183
-3854
-2905
-869
727
1114
659
587
1813
3684
4480
3817
3060
3548
4856
5680
5212
4128
3831
4678
4779
2964
1510
2441
3628
1758
-1519
-1822
1160
2677
-65
-4251
-5266
-2307
847
85
-3975
-6169
-3432
815
1474
-1219
-3059
-1869
908
2919
2615
655
-232
1266
3141
3285
2204
1190
670
842
1411
1006
-882
-2443
-2294
-1504
-2077
-3836
-4771
-3854
-2812
-3411
-5193
-6003
-4670
-2470
-2096
-3893
-4861
-2929
-123
357
-930
-1297
310
2343
3163
2526
1797
2493
3879
4250
3456
3158
3839
4443
4205
3692
3587
3623
3098
2150
2088
2909
2571
194
-1145
651
2913
1883
-1442
-3413
-2255
450
1421
-984
-4256
-4140
-717
1636
462
-2015
-2745
-1072
1414
2296
764
-1045
-764
1040
2069
1560
417
-344
-325
153
265
-573
-2072
-2963
-2480
-1601
-2257
-4165
-4758
-3076
-1741
-2955
-5159
-5392
-3122
-938
-1455
-3921
-4504
-1716
1261
980
-1347
-1962
446
3298
3631
1591
299
1682
3983
4413
2976
2041
2828
4226
4548
3966
3615
3625
3231
2752
3193
3993
3368
1192
191
1799
3800
2808
-561
-2858
-1804
862
1487
-1329
-4530
-4157
-946
855
-632
-2967
-3421
-1693
507
1083
-463
-1998
-1500
276
1328
1000
-115
-1028
-799
235
550
-758
-2462
-2852
-1826
-1120
-2220
-3972
-3871
-1965
-1383
-3260
-5156
-4461
-1916
-559
-2162
-4550
-4034
-588
1595
-14
-2526
-1988
1310
3632
2791
370
-130
2214
4601
4290
2372
1865
3549
5286
5284
4199
3721
4069
4221
3852
3829
4040
3151
1340
994
2577
3436
1610
-1385
-2766
-1512
564
309
-2811
-5332
-4060
-810
320
-1605
-3843
-3742
-1209
1178
828
-1513
-2537
-924
1271
1765
501
-857
-907
292
1122
540
-1196
-2698
-2616
-1148
-362
-2143
-4703
-4553
-1724
-501
-2640
-5449
-5443
-2582
-98
-1136
-4287
-4861
-1488
1651
894
-1703
-2044
564
3247
3377
1423
497
2205
4416
4491
3183
2832
4013
5083
5041
4404
4196
4155
3669
3260
3786
4199
2654
348
321
2581
3335
760
-2719
-3626
-1475
959
123
-3761
-6144
-3830
123
785
-2106
-4531
-3705
-621
1623
816
-1850
-2887
-874
1721
2084
402
-1183
-1126
268
1289
459
-1503
-2628
-2092
-1121
-1178
-2245
-3204
-3264
-2606
-2102
-2466
-3300
-3535
-2932
-2257
-1976
-1998
-1920
-1595
-875
-61
477
691
862
1362
2075
2728
2865
2680
2688
3222
3915
4258
4129
3835
3913
4382
4704
3926
2642
2453
3746
4076
1899
-474
333
3030
3123
-363
-3564
-3181
-342
1352
-753
-4847
-5930
-2202
1350
163
-3550
-4755
-2408
716
1674
-348
-2911
-2608
321
2210
1244
-801
-1637
-769
735
1151
-169
-2042
-2718
-2051
-950
-692
-1865
-3689
-4063
-2380
-669
-1159
-3343
-4621
-3428
-907
150
-1335
-3298
-2711
82
2042
1259
-499
-594
1492
3515
3458
1908
1256
2482
4062
4354
3572
3100
3475
4267
4628
4106
2782
2150
3090
4240
3076
261
-514
1983
3818
1584
-2391
-3635
-1418
1102
711
-2813
-5707
-4192
39
1284
-1756
-4566
-3744
-807
1271
787
-1665
-3185
-1578
1254
1936
179
-1540
-1533
-68
1165
631
-1211
-2403
-1998
-1058
-744
-1319
-2258
-2929
-2671
-1662
-957
-1482
-2745
-3380
-2474
-782
-82
-1177
-2561
-1994
305
1781
1004
-497
-390
1515
3255
3092
1638
996
2146
3786
4207
3441
2699
2929
3886
4469
3446
1957
2102
3762
3699
994
-743
1348
4035
2712
-1465
-3600
-1777
1315
1807
-1717
-5632
-4923
-179
2061
-968
-4660
-4389
-1191
1459
1252
-1533
-3588
-2088
1117
2073
231
-1677
-1712
-78
1402
1082
-839
-2103
-1770
-905
-435
-531
-1448
-3037
-3496
-1662
590
-170
-3379
-5069
-2902
531
1256
-1783
-4779
-3521
1067
3380
714
-2804
-2180
1914
4491
3229
254
-464
1965
4751
4808
2773
1671
2909
4830
4704
2734
1701
3162
4444
2780
-69
382
3669
4424
709
-3059
-2610
761
2685
183
-4535
-5952
-1941
2013
553
-3988
-5530
-2844
585
1496
-756
-3540
-3216
52
2068
846
-1282
-1733
-500
1062
1430
168
-1384
-1646
-798
-49
-194
-1198
-2348
-2512
-1476
-572
-1002
-2355
-3185
-2703
-1451
-924
-1681
-2644
-2466
-1199
-41
111
-476
-662
154
1373
2011
1926
1650
1690
2266
3179
3748
3671
3411
3590
3645
3282
3168
3867
4055
2333
255
972
3906
4371
820
-2681
-2291
619
2308
306
-3830
-5643
-2575
1271
574
-3478
-5281
-3141
-22
1192
-319
-2824
-3103
-335
2072
1474
-689
-1531
-474
1235
1942
849
-957
-1404
-227
655
-166
-1632
-2043
-1358
-1143
-1976
-2538
-1875
-1308
-2229
-3603
-3494
-1874
-749
-1572
-3230
-3094
-549
1604
838
-1287
-1176
1542
3713
3172
1250
832
2762
4964
5047
3493
2605
3047
3915
4493
4488
3030
719
224
2759
4722
2644
-1575
-3064
-883
1807
1686
-1771
-5242
-4557
-352
1522
-1318
-4734
-4490
-1583
917
994
-1223
-3082
-1825
1297
2560
1007
-891
-1073
428
2057
2103
288
-1611
-1445
270
1270
-225
-2778
-3439
-1410
118
-1120
-3707
-4455
-2732
-832
-1328
-3558
-4411
-2574
-332
-341
-1843
-2203
-488
1357
1749
1011
858
1822
3098
3550
3287
3107
3719
4506
4136
2940
2871
4372
4764
2329
-275
785
3936
4037
89
-3235
-2503
717
2333
-146
-4549
-5649
-1795
1729
226
-3825
-5070
-2567
647
1604
-378
-2769
-2259
722
2547
1694
-52
-702
134
1625
2227
1156
-403
-1020
-485
287
380
-789
-2496
-3083
-1919
-800
-1493
-3382
-4318
-3360
-1809
-1540
-2799
-3716
-2919
-1109
-202
-672
-1235
-526
1083
2159
2062
1725
2298
3411
4015
3886
3815
4153
4082
3475
3366
4147
3992
1972
321
1570
3647
2759
-760
-2850
-1707
656
1140
-1516
-4827
-4709
-1020
1097
-1152
-4336
-4175
-1357
911
749
-1300
-2682
-1256
1569
2454
931
-587
-349
1198
2467
2068
380
-729
-192
682
518
-494
-1439
-1917
-1991
-1766
-1456
-1649
-2754
-3792
-3535
-2247
-1541
-2253
-3554
-3541
-1645
283
169
-1312
-1458
583
2768
2990
1742
1185
2508
4552
5181
4118
2787
2550
3716
5206
4896
2093
-339
766
3910
4184
475
-3030
-2736
155
1949
37
-4059
-5721
-2709
902
305
-3292
-4993
-3128
-170
1167
-82
-2373
-2711
-246
2152
1968
184
-825
-84
1597
2508
1631
-53
-707
-130
733
887
61
-1502
-2509
-1894
-338
-146
-2020
-3943
-3713
-1754
-535
-1507
-3462
-3776
-1744
516
486
-1202
-1704
176
2363
2762
1731
1173
2178
3916
4680
3582
2171
2635
4649
5084
2677
286
1222
3996
4145
647
-2489
-1863
1005
2153
-365
-4121
-4791
-1510
1156
-417
-3945
-4903
-2603
133
657
-1310
-3292
-2574
242
1797
730
-930
-1069
208
1567
1788
781
-261
-255
439
863
680
81
-686
-1204
-1032
-289
-72
-1137
-2599
-2805
-1552
-490
-1051
-2610
-3161
-1816
51
403
-893
-1793
-595
1622
2522
1532
559
1357
3351
4148
2866
1546
2432
4340
4101
1668
582
2448
4108
2644
-539
-1802
-178
1989
1489
-1848
-4306
-2726
526
736
-2214
-4289
-3306
-871
509
-449
-2585
-3127
-1140
893
776
-661
-1415
-854
437
1256
587
-715
-956
102
783
277
-511
-479
-30
25
-471
-1008
-1006
-474
-313
-1095
-1766
-1180
-59
-18
-935
-1271
-415
664
896
475
269
799
1685
2278
2118
1452
1311
2302
3381
2793
967
427
2258
3767
2397
-454
-1444
45
1862
1555
-1148
-3456
-2469
425
995
-1474
-3582
-3049
-1029
401
-89
-2000
-2952
-1515
480
776
-406
-1438
-1312
-111
1001
774
-489
-1295
-788
326
835
198
-895
-1245
-457
600
732
-295
-1426
-1293
21
869
188
-1070
-1293
-200
975
987
64
-360
491
1668
1919
1396
1198
1403
1443
1500
2088
2391
1409
86
407
2150
2746
979
-1246
-1528
206
1756
899
-1916
-3442
-1646
974
777
-1815
-3419
-2454
-335
773
-264
-2318
-2822
-1039
773
666
-798
-1790
-1416
-122
759
381
-799
-1517
-1058
169
982
446
-927
-1573
-617
871
1192
-41
-1260
-873
769
1740
986
-340
-486
859
2126
1994
855
389
1280
2505
2567
1308
365
1106
2537
2263
296
-718
760
2352
1485
-976
-2064
-915
751
749
-1320
-3234
-2505
-47
683
-1141
-2865
-2470
-789
395
-22
-1541
-2304
-1235
327
520
-566
-1492
-1336
-314
489
-96
-1429
-1748
-649
228
-241
-1154
-1048
-86
398
-18
-526
-284
598
1140
636
68
644
1846
2003
1095
692
1551
2600
2618
1778
1283
1662
2198
2121
1792
1506
936
310
649
1591
1363
-351
-1741
-1561
-464
235
-610
-2603
-3393
-1657
236
-290
-2203
-2925
-1916
-304
381
-588
-2059
-1943
-370
624
59
-1116
-1534
-810
251
161
-1005
-1636
-885
-133
-433
-1189
-1309
-734
-224
-389
-877
-685
208
694
314
66
712
1670
1930
1572
1443
2089
2971
3211
2692
2165
2210
2843
3330
2835
1405
543
1318
2521
2042
-56
-1621
-1337
-42
417
-934
-3040
-3525
-1851
-394
-1087
-2793
-3403
-2436
-976
-343
-1161
-2398
-2374
-988
182
-11
-1054
-1701
-1115
82
483
-328
-1180
-1050
-239
212
-117
-650
-682
-290
-8
22
-37
-90
-27
234
523
698
772
827
1030
1464
1895
2028
1923
1726
1732
2210
2808
2428
1179
766
1936
3002
2209
287
-745
-76
1204
1383
-287
-2224
-2113
-239
653
-634
-2357
-2651
-1493
-193
-154
-1563
-2706
-2091
-598
-85
-911
-2038
-2272
-1329
-180
-290
-1573
-2333
-1521
-165
105
-847
-1659
-1155
155
839
266
-534
-316
846
1606
1265
570
677
1565
2242
2126
1629
1428
1534
1826
2170
2136
1257
273
475
1602
1872
552
-1015
-1318
-375
602
251
-1426
-2568
-1643
75
369
-832
-1858
-1637
-367
805
571
-754
-1380
-477
696
892
64
-896
-989
-23
720
155
-1075
-1567
-983
-154
-36
-813
-1537
-1261
-317
186
-173
-771
-731
106
921
902
367
292
1024
1840
1961
1315
844
1333
2324
2264
946
90
849
1924
1538
-62
-1239
-991
54
419
-829
-2505
-2636
-1224
-340
-1065
-2302
-2629
-1763
-544
-195
-1048
-1814
-1339
-138
491
179
-460
-553
177
1007
995
298
-96
320
1020
1261
867
359
428
996
1418
1198
794
722
1070
1371
1366
1073
862
1022
1257
1080
630
633
1024
1011
198
-403
75
928
680
-627
-1585
-1319
-339
28
-1016
-2530
-2649
-1357
-605
-1355
-2459
-2723
-2052
-1043
-728
-1556
-2378
-1915
-714
-202
-658
-1294
-1229
-338
473
255
-503
-583
297
1155
1161
601
423
1091
1960
2154
1652
1296
1676
2404
2708
2321
1858
1949
2445
2529
1981
1570
1741
1893
1320
627
614
1080
943
-25
-1027
-1236
-710
-357
-996
-2301
-2835
-2084
-1267
-1591
-2564
-3073
-2705
-1893
-1401
-1838
-2605
-2579
-1617
-906
-1149
-1740
-1706
-1025
-491
-604
-1007
-975
-422
113
131
-45
208
887
1322
1308
1291
1583
2108
2444
2408
2201
2405
2849
2901
2413
2123
2408
2682
2202
1293
980
1490
1796
1007
-325
-900
-356
291
-94
-1397
-2310
-1959
-1021
-825
-1712
-2620
-2529
-1577
-971
-1390
-2138
-2074
-1245
-881
-1275
-1593
-1144
-664
-798
-1328
-1352
-683
-11
-202
-1022
-1115
-20
1075
876
31
-113
835
1943
2158
1455
950
1563
2574
2689
1892
1415
1821
2225
1838
1157
1157
1581
1485
592
-273
-318
273
495
-391
-1649
-1860
-855
-235
-992
-2239
-2559
-1764
-827
-827
-1768
-2379
-1734
-621
-372
-1008
-1501
-1244
-490
-4
-242
-758
-752
-151
342
355
167
232
557
909
1016
1009
1101
1319
1502
1610
1662
1628
1524
1534
1635
1616
1272
873
862
1203
1251
608
-189
-485
-178
136
-124
-1011
-1724
-1566
-966
-919
-1506
-2039
-2160
-1903
-1408
-1114
-1383
-1875
-1875
-1305
-663
-431
-715
-1133
-990
-169
502
349
-206
-274
392
1211
1388
938
626
1065
1738
1957
1674
1415
1508
1797
1860
1546
1317
1350
1275
848
585
735
873
521
-139
-653
-646
-214
-40
-681
-1593
-1738
-1089
-526
-705
-1496
-2188
-1862
-580
140
-710
-1957
-1850
-498
549
248
-976
-1617
-722
673
747
-485
-1284
-717
432
902
323
-472
-353
612
1240
935
441
526
1105
1550
1457
1036
991
1421
1601
1172
814
1039
1333
1094
438
-31
-19
322
337
-303
-1079
-1177
-742
-588
-1040
-1664
-1902
-1590
-1100
-1075
-1543
-1799
-1462
-928
-678
-779
-944
-806
-291
151
192
93
250
676
1092
1278
1181
1160
1426
1749
1766
1561
1417
1465
1616
1548
1147
747
700
774
536
28
-334
-386
-389
-584
-1016
-1446
-1571
-1336
-1146
-1403
-1814
-1834
-1434
-1105
-1050
-1154
-1101
-768
-367
-211
-172
22
225
224
162
263
440
544
432
150
36
325
679
643
341
201
421
796
977
718
412
537
960
1137
997
877
837
815
869
976
893
603
304
180
207
205
-13
-434
-802
-897
-771
-745
-985
-1319
-1412
-1224
-961
-812
-840
-925
-825
-473
-168
-95
-123
-97
-50
25
92
95
-18
-94
-90
-47
10
98
122
39
-16
92
249
272
196
196
311
423
471
478
501
487
480
508
538
480
375
315
273
252
237
199
68
-43
-59
-49
-109
-230
-332
-353
-302
-282
-334
-384
-337
-227
-163
-200
-259
-206
-78
-42
-124
-168
-70
84
167
131
88
144
267
338
286
191
147
167
194
209
174
65
-40
-38
18
-19
-154
-287
-333
-318
-300
-321
-350
-355
-353
-342
-312
-248
-177
-145
-184
-178
-6
216
271
179
150
279
468
562
504
377
326
403
484
456
314
167
96
104
126
75
-56
-188
-223
-220
-248
-303
-373
-466
-523
-476
-392
-391
-447
-450
-372
-257
-152
-119
-128
-63
83
183
211
247
288
314
340
352
332
330
338
316
264
234
204
145
89
56
15
-34
-71
-84
-105
-106
-95
-76
-44
1
25
56
129
177
178
186
221
217
199
206
179
86
15
1
-37
-120
-220
-338
-435
-453
-433
-500
-636
-714
-667
-564
-526
-586
-634
-568
-397
-257
-199
-167
-61
124
292
376
419
512
640
723
725
722
775
837
808
713
647
652
683
658
536
410
375
396
371
240
71
-35
-30
-41
-176
-337
-393
-405
-480
-562
-625
-691
-744
-743
-766
-830
-842
-786
-745
-747
-730
-670
-568
-447
-358
-329
-269
-125
44
144
174
193
263
397
493
470
408
442
526
541
486
451
464
493
505
478
424
423
470
476
436
415
417
424
456
466
395
307
312
322
236
119
63
27
-28
-108
-210
-309
-365
-404
-512
-640
-714
-729
-742
-780
-858
-933
-906
-805
-745
-779
-828
-798
-672
-510
-424
-428
-411
-271
-47
133
216
237
294
455
654
784
790
765
816
943
1036
1030
969
924
919
913
881
793
664
532
445
355
232
104
9
-104
-243
-345
-394
-444
-523
-607
-693
-732
-666
-584
-633
-738
-712
-571
-466
-462
-502
-517
-440
-284
-183
-207
-267
-226
-73
76
91
8
-2
139
281
294
233
200
237
326
394
334
247
271
348
359
334
321
306
317
371
397
344
320
366
394
330
274
285
301
272
204
125
54
42
30
-81
-247
-334
-356
-426
-551
-668
-754
-815
-844
-874
-929
-959
-903
-801
-752
-720
-627
-473
-321
-180
-61
33
169
359
514
577
653
761
849
908
959
973
962
956
931
872
802
732
637
526
425
318
196
87
-13
-114
-215
-297
-361
-415
-468
-501
-502
-498
-507
-528
-515
-474
-439
-424
-428
-420
-391
-335
-298
-296
-305
-289
-251
-227
-218
-223
-234
-235
-209
-181
-179
-180
-156
-109
-55
-7
41
96
171
246
316
393
478
542
595
668
741
787
795
797
791
780
753
694
604
506
425
348
254
135
13
-101
-191
-267
-357
-468
-556
-608
-644
-692
-727
-740
-746
-733
-705
-678
-657
-609
-551
-506
-457
-383
-305
-237
-155
-72
-4
69
153
218
264
305
352
397
425
438
447
463
475
465
445
435
422
396
358
329
300
256
206
165
140
106
58
10
-13
-14
-33
-77
-105
-102
-100
-116
-137
-148
-151
-148
-153
-163
-178
-191
-199
-212
-238
-267
-284
-296
-308
-322
-326
-315
-297
-276
-253
-217
-173
-123
-78
-31
26
84
135
181
231
269
296
325
353
361
354
340
335
322
292
251
218
190
149
101
54
20
-10
-47
-91
-113
-112
-121
-142
-142
-120
-108
-104
-94
-75
-49
-21
-15
-20
8
49
47
26
30
45
33
9
-11
-33
-54
-74
-102
-125
-128
-133
-154
-164
-137
-118
-128
-129
-105
-70
-48
-42
-40
-10
38
62
46
39
78
103
86
60
58
58
49
33
12
-9
-23
-36
-45
-46
-47
-65
-67
-31
4
7
10
41
86
127
151
154
160
202
240
241
214
205
213
217
209
176
132
109
117
111
74
22
-12
-19
-17
-34
-86
-136
-155
-149
-155
-178
-219
-254
-262
-244
-229
-238
-273
-299
-288
-247
-225
-237
-266
-269
-222
-154
-112
-116
-113
-73
7
81
115
108
112
174
260
299
275
259
292
338
352
320
265
237
252
256
201
127
93
97
94
63
2
-56
-61
-32
-49
-123
-172
-164
-140
-137
-167
-210
-206
-153
-124
-147
-173
-150
-97
-61
-71
-94
-67
-5
31
16
-4
6
49
84
69
31
27
69
101
82
53
51
81
111
107
64
53
101
126
83
43
54
80
86
64
15
-13
25
65
31
-38
-63
-48
-19
-8
-54
-139
-164
-105
-79
-127
-188
-208
-200
-176
-163
-182
-213
-205
-172
-148
-122
-92
-73
-58
-12
45
76
80
107
162
214
233
234
251
305
362
369
326
298
322
357
348
283
199
151
153
149
87
-36
-148
-176
-145
-161
-278
-396
-405
-336
-297
-342
-424
-434
-336
-236
-225
-268
-265
-186
-73
3
-1
-28
10
111
187
185
143
130
168
225
237
191
139
142
172
176
141
96
71
70
85
81
51
27
37
44
43
53
66
55
44
61
92
105
87
51
25
41
64
24
-61
-113
-109
-106
-136
-198
-272
-307
-283
-244
-272
-340
-365
-317
-241
-200
-225
-254
-203
-91
-5
5
4
46
128
209
259
260
238
261
324
369
348
308
288
296
318
314
262
191
172
180
152
104
69
30
-19
-44
-52
-80
-122
-158
-187
-216
-226
-221
-229
-249
-265
-266
-244
-202
-177
-187
-192
-157
-99
-63
-57
-58
-41
-4
19
21
20
26
30
32
37
41
37
33
34
35
46
68
85
83
83
107
155
180
186
189
205
231
267
289
265
236
243
266
252
212
165
130
108
87
34
-54
-122
-158
-191
-253
-318
-364
-401
-421
-423
-428
-443
-455
-446
-405
-337
-297
-297
-267
-177
-82
-40
-12
40
120
194
228
247
285
332
347
340
331
320
309
303
278
222
177
158
150
124
89
39
2
7
35
29
-11
-29
-9
20
36
35
18
16
39
56
40
4
-25
-28
-26
-60
-131
-181
-178
-174
-216
-279
-319
-323
-289
-261
-292
-353
-343
-245
-158
-143
-169
-162
-76
55
135
127
97
140
244
330
342
302
264
281
346
388
337
234
180
199
231
206
117
15
-24
10
38
-18
-119
-163
-139
-110
-118
-156
-193
-199
-170
-145
-146
-159
-161
-154
-138
-116
-95
-88
-92
-75
-48
-23
-8
11
34
36
43
74
119
138
130
117
143
188
201
182
165
175
189
198
191
170
144
143
150
130
88
49
17
-6
-18
-48
-103
-152
-171
-189
-221
-249
-277
-314
-346
-346
-342
-355
-369
-362
-341
-324
-300
-265
-229
-203
-169
-128
-79
-22
34
72
101
149
219
276
293
292
316
362
392
391
377
386
405
411
392
371
363
353
331
305
276
241
217
199
167
123
82
45
4
-34
-80
-143
-204
-240
-269
-311
-372
-431
-455
-457
-477
-524
-561
-561
-536
-518
-520
-519
-491
-431
-360
-307
-271
-223
-137
-43
33
83
136
212
304
374
415
454
511
567
592
596
600
606
601
580
546
503
455
412
366
310
242
179
122
72
17
-46
-98
-134
-174
-227
-272
-292
-299
-314
-348
-376
-375
-358
-347
-353
-366
-372
-365
-338
-310
-314
-333
-326
-286
-243
-214
-208
-205
-169
-104
-47
-32
-21
27
100
156
186
208
244
307
369
390
382
392
427
457
458
430
391
369
377
371
308
226
175
154
127
68
-27
-113
-145
-141
-175
-271
-358
-371
-342
-343
-393
-453
-464
-411
-356
-361
-400
-381
-296
-219
-189
-172
-130
-49
49
111
134
166
240
319
358
366
379
398
416
426
413
375
331
306
277
235
176
116
61
18
-20
-71
-125
-164
-179
-195
-225
-258
-267
-247
-227
-237
-256
-246
-200
-162
-155
-161
-150
-120
-93
-90
-111
-120
-104
-78
-77
-96
-108
-88
-50
-32
-44
-51
-19
37
76
81
88
137
207
246
249
257
301
359
388
379
366
380
412
414
368
317
297
291
254
182
105
53
12
-49
-128
-199
-253
-306
-355
-401
-443
-468
-481
-489
-494
-484
-463
-434
-397
-349
-306
-265
-209
-144
-88
-43
-1
36
78
130
166
171
177
202
237
248
236
225
221
226
224
209
188
177
182
183
170
165
171
172
162
151
145
154
153
124
92
84
88
75
40
1
-22
-16
-15
-44
-91
-115
-110
-104
-118
-155
-184
-191
-180
-179
-194
-217
-230
-227
-212
-199
-197
-210
-215
-201
-167
-137
-129
-136
-123
-73
-14
20
26
32
69
127
169
176
163
170
207
249
249
211
178
187
215
210
155
94
72
83
87
50
-12
-56
-50
-27
-36
-79
-108
-105
-78
-55
-58
-76
-69
-34
-12
-16
-17
-3
11
8
3
3
6
4
-5
-26
-45
-49
-46
-53
-80
-98
-99
-88
-88
-92
-95
-89
-74
-56
-36
-27
-11
13
43
66
91
117
134
158
191
217
223
227
233
240
239
226
205
183
165
144
108
60
15
-19
-48
-92
-152
-204
-233
-247
-268
-310
-349
-351
-335
-330
-337
-338
-321
-286
-242
-202
-169
-135
-88
-38
12
57
94
122
159
198
228
248
268
284
296
305
312
313
305
292
275
257
243
225
195
167
143
117
93
80
59
15
-28
-41
-40
-64
-104
-139
-150
-142
-141
-163
-199
-217
-205
-196
-210
-241
-265
-266
-247
-235
-247
-278
-291
-257
-214
-199
-212
-221
-193
-126
-68
-59
-62
-26
50
120
158
177
202
246
300
347
368
374
380
393
405
409
397
358
313
287
266
229
176
113
54
10
-24
-71
-136
-190
-222
-244
-274
-302
-318
-334
-345
-345
-334
-320
-308
-298
-274
-238
-196
-161
-129
-89
-46
-2
32
72
108
136
159
183
208
232
248
252
251
253
258
254
234
211
197
186
161
125
98
84
66
34
2
-17
-30
-48
-70
-91
-115
-126
-125
-125
-136
-147
-154
-154
-148
-142
-143
-156
-162
-154
-138
-124
-118
-118
-115
-93
-63
-40
-38
-36
-19
12
43
55
61
73
96
119
142
152
154
161
177
192
194
192
186
183
182
178
160
131
104
81
61
36
0
-45
-81
-100
-116
-149
-187
-215
-232
-241
-246
-253
-262
-264
-256
-238
-216
-196
-182
-162
-131
-90
-54
-24
6
39
78
112
141
167
187
199
213
231
243
243
233
222
215
212
202
183
156
132
116
105
90
63
24
-3
-10
-13
-29
-58
-88
-104
-100
-100
-116
-137
-149
-151
-147
-146
-148
-157
-165
-160
-141
-126
-128
-130
-118
-95
-74
-62
-58
-50
-30
-5
13
25
38
50
63
81
97
104
106
102
106
119
127
119
101
92
102
109
97
72
52
50
56
52
35
14
5
4
5
1
-12
-29
-39
-40
-38
-42
-49
-55
-62
-61
-48
-36
-39
-50
-49
-28
-8
-8
-13
-6
12
30
39
37
38
48
57
57
48
43
43
37
23
5
0
-7
-20
-36
-48
-59
-63
-69
-74
-80
-82
-78
-73
-75
-75
-64
-52
-46
-49
-45
-31
-17
-13
-14
-10
-1
10
15
16
15
18
21
23
22
22
23
24
24
32
44
53
58
58
63
72
81
83
79
76
78
84
86
80
72
68
61
47
32
19
6
-10
-32
-52
-64
-73
-84
-99
-113
-121
-124
-125
-127
-129
-128
-118
-107
-92
-77
-59
-40
-22
-3
21
44
60
73
88
105
118
126
133
135
131
127
126
124
115
102
88
77
67
54
40
27
9
-6
-18
-28
-39
-52
-63
-69
-74
-80
-82
-87
-89
-93
-91
-90
-89
-88
-83
-77
-78
-79
-74
-65
-61
-60
-59
-54
-43
-32
-26
-21
-19
-12
-4
3
7
13
24
36
40
45
57
71
80
82
88
96
106
113
114
116
115
114
114
110
101
91
76
65
55
41
27
10
-3
-16
-26
-39
-58
-81
-99
-111
-125
-136
-144
-146
-148
-149
-152
-142
-132
-128
-128
-117
-101
-82
-65
-52
-34
-9
15
42
63
80
97
109
125
134
141
146
151
155
157
155
150
141
135
119
95
68
45
29
13
-9
-32
-55
-64
-76
-91
-111
-126
-131
-126
-122
-125
-124
-119
-100
-82
-72
-75
-77
-53
-30
-10
-4
1
12
34
53
54
45
53
66
72
69
60
58
57
62
58
59
66
74
71
62
57
61
66
69
65
65
68
60
67
67
65
58
49
47
39
27
16
-13
-28
-26
-41
-52
-62
-75
-88
-112
-122
-138
-161
-178
-189
-178
-176
-172
-169
-162
-144
-122
-106
-95
-94
-75
-44
-8
13
22
45
88
134
168
157
169
183
190
204
215
213
207
206
188
173
166
148
104
82
51
15
-20
-51
-72
-100
-109
-126
-156
-164
-166
-179
-172
-178
-176
-125
-97
-94
-83
-56
-11
22
25
-12
-17
5
28
23
0
-6
28
52
66
49
-1
0
24
51
35
14
5
21
50
22
-2
-29
-43
-36
-53
-65
-44
-20
1
13
19
43
62
77
80
46
30
38
24
15
-12
-42
-57
-54
-54
-69
-78
-66
-66
-71
-88
-93
-80
-60
-36
-19
2
41
50
68
113
102
109
91
99
135
158
161
154
140
121
122
119
95
109
74
60
118
147
99
83
-20
-215
-536
-1113
-219
724
24
-788
-481
1145
1519
-61
-1091
-318
246
-245
-437
-97
-68
62
508
156
-478
-509
118
-5
-276
-259
-24
115
11
33
141
289
156
34
0
193
149
-98
21
145
138
168
180
42
-115
255
323
37
-34
-39
149
124
43
110
82
-31
-107
-5
239
118
-102
-1270
-1433
-209
404
502
-261
-812
-107
766
846
1222
338
-1642
-1674
549
1638
752
-451
-992
125
508
-159
-831
-163
-124
-1437
-2037
-1231
31
366
626
1046
2264
2596
1406
-968
-1398
212
970
397
-498
5
-96
-84
948
857
-113
-412
-405
-1345
-2382
-1298
461
-847
-1868
-734
591
1242
40
-478
130
1365
1693
337
-613
-62
642
1345
1548
603
713
-25
82
113
-1083
-434
-52
307
-521
-545
120
439
-297
395
960
276
111
-1040
-1191
-1147
-155
-832
-834
-641
-76
771
-76
584
960
322
-180
234
45
-582
-487
442
327
-494
129
487
1090
111
-502
331
-116
-174
-427
-45
-34
72
8
482
-308
-288
163
452
-550
-836
-127
-291
-183
-353
229
429
203
-267
873
125
-419
8
1017
-132
-229
-166
762
429
142
543
106
-18
-178
742
-306
-482
-508
-268
698
-364
-929
354
-742
-77
509
-971
-212
-126
393
-6
-459
496
-146
235
551
-553
-197
39
282
289
-532
-811
787
801
213
-1214
139
671
564
-215
-648
156
183
317
227
18
-1212
420
610
360
-837
264
-305
681
-454
-762
409
-605
516
-322
55
-179
-3
-340
906
-399
-147
174
400
1188
-754
364
405
8
678
-181
-999
474
-123
750
-93
-1026
-144
-298
737
-481
96
235
-1526
677
837
-491
32
-1008
431
480
-288
326
-688
354
606
571
-150
-621
134
-6
548
-306
-377
-598
78
813
-140
264
140
-644
323
369
-23
-249
-122
-90
479
-260
83
-45
-367
-29
21
466
-616
-1480
167
348
253
888
-560
-208
436
446
-52
-381
279
496
464
-230
-454
511
-420
680
643
-531
-312
-18
-35
-179
-211
-415
-40
-590
118
-421
-144
-311
-118
98
-201
409
-385
-80
-566
625
794
-72
-76
470
264
-408
-189
23
464
296
742
-550
-877
28
212
500
-381
-539
-146
520
-427
-169
-240
-37
362
483
313
-614
-228
-174
746
226
54
-189
-555
-618
167
922
225
-242
-1101
435
502
-771
1002
30
16
-556
81
466
-473
-238
472
840
-365
-80
-144
132
-273
160
78
221
594
92
-900
-746
869
1034
-132
-760
298
-40
-131
76
439
249
-311
354
290
-279
-178
703
-79
113
231
-361
-128
-868
-32
766
142
59
-17
-570
-324
-133
81
372
-319
-576
243
-121
-98
175
254
178
-599
120
185
-430
98
-97
83
165
-439
589
245
-178
-94
260
745
-157
-272
-159
-263
616
287
-674
63
84
243
412
-413
-165
-127
203
44
-349
208
-334
-244
26
-200
330
38
232
-50
-418
-230
540
137
-426
-101
226
261
-556
286
-98
-673
-96
850
-659
-870
334
507
191
-730
153
338
-166
-423
636
-140
-801
417
308
-331
-507
250
733
7
-694
284
-69
80
400
-145
-481
-571
527
534
-222
-432
185
46
-223
350
313
-401
-636
103
237
290
69
-103
-125
89
477
-35
9
124
-299
-99
402
288
-95
-485
334
570
-429
-446
759
513
-517
-523
296
400
-509
30
550
224
-639
-184
717
280
-258
404
323
-98
-448
-521
256
-273
-272
184
165
-233
-299
-224
673
508
-258
-138
53
-399
-458
300
167
450
-158
-146
283
211
-144
288
218
-630
-1
481
86
-438
-73
-25
-76
140
87
8
134
26
-60
-12
-328
57
161
-211
-3
288
149
-14
-13
262
103
-63
95
-48
-201
33
378
247
-178
152
672
13
-828
-445
269
344
-349
-853
-311
16
53
49
-100
-271
-78
130
-65
-477
-185
282
595
357
-567
-624
387
882
55
-8
-177
-265
169
135
167
-14
-302
247
372
-185
-279
-95
251
300
202
-641
-534
311
316
72
-189
-37
14
-230
-70
146
-6
-206
-26
171
-208
-228
-19
67
61
-52
-16
-19
-208
37
265
212
-12
125
85
-159
-264
-189
18
219
173
15
-13
-128
-41
-54
-183
73
210
217
-97
-366
-67
258
511
74
-277
-52
523
-26
-372
-225
-3
51
261
303
-57
-179
-254
459
504
1
-270
-330
-72
267
211
-94
-390
134
292
-239
-138
55
7
-86
-108
-352
-47
-175
44
33
-85
197
154
309
-87
-26
-117
-122
84
216
91
-255
-144
164
262
19
51
35
168
-103
-345
-172
-180
133
289
134
150
-79
-45
87
-12
-265
-125
336
157
-169
-202
-38
74
199
15
-32
-26
-140
-203
-72
-176
96
468
124
-50
-22
159
330
18
-257
-218
62
131
-145
-242
-302
84
298
212
-86
-15
-178
-287
5
120
184
-260
-167
68
-26
-86
185
396
99
-158
-104
-58
-113
101
12
-250
-108
106
184
176
-150
-115
-33
90
-4
-393
-287
-33
276
186
154
110
-22
-208
213
285
-251
-46
108
26
60
58
-42
62
-142
14
153
-397
-350
30
339
172
-154
-27
53
136
46
24
-31
-118
97
-28
-96
-124
-60
245
102
-199
19
-59
-103
60
-34
-73
108
-53
42
93
-26
156
-49
-76
318
356
-204
-408
-130
205
222
-5
-212
69
165
-234
-43
118
-95
64
-22
-60
130
-17
-88
16
23
19
147
15
-133
-195
65
112
-187
-85
-77
124
200
-40
-131
67
133
0
-102
-125
-58
-103
-28
78
-40
157
158
-165
-295
-69
167
107
109
-108
-134
-193
-15
177
61
189
162
276
155
-160
-198
-137
-53
194
284
-57
-37
20
-50
8
-5
-55
41
77
-80
-35
-108
-77
53
147
-2
51
196
-162
-91
189
73
-105
-179
-89
119
-49
-350
-45
331
107
-112
-37
1
-7
184
140
-144
-271
10
188
-19
-223
-109
171
100
-15
94
-128
-249
47
175
62
-135
-206
-102
-49
38
91
-35
-110
19
160
78
-77
-37
158
147
65
0
-95
-105
158
349
104
-210
-386
-128
249
118
-45
-30
61
201
83
-141
-126
-79
42
120
98
39
-46
-210
-76
166
-18
-191
-98
25
-43
-20
13
-35
-112
-2
255
120
-328
-372
76
219
-6
-64
126
-33
-109
38
125
56
-58
28
147
107
-125
-34
151
32
-33
-41
44
41
-98
-212
-70
169
-22
-236
-138
107
172
69
-75
-47
54
19
34
104
-23
-64
56
54
-13
55
134
77
-37
22
118
100
-142
-315
-163
13
19
-34
12
-5
-53
27
186
125
-174
-146
146
114
-35
-59
6
92
133
88
76
50
-66
90
110
-97
-37
-16
-10
-46
-77
48
151
139
111
-35
-362
-282
-50
45
147
-98
-151
-7
-44
-42
88
138
92
85
-8
-29
-8
38
134
66
36
32
-60
-135
-83
33
19
16
-24
-106
-243
-169
127
194
7
-178
-134
13
102
53
-63
-1
97
74
-38
-59
-37
-16
195
274
70
-126
-80
12
-42
-60
39
-6
-164
-94
82
175
85
-127
-51
149
-46
-276
-170
25
161
180
93
95
-7
-267
-210
116
174
-16
-188
-194
16
177
76
-34
-18
48
162
108
-109
-239
-110
159
262
156
26
-100
-145
80
207
42
-144
-203
-85
-39
-168
-163
33
95
50
43
-74
-191
-103
82
135
13
-120
-129
20
104
41
22
57
62
133
123
-67
-143
11
132
125
71
-12
-63
-37
42
109
44
-97
-49
136
103
-108
-151
-78
48
205
185
-27
-187
-183
-4
135
3
-97
26
103
64
-22
-123
-71
103
168
109
-50
-198
-130
-3
48
53
-19
-107
-59
-5
-30
-13
-2
-11
10
20
-18
-76
-95
-17
91
79
-35
-101
-32
98
108
28
35
77
23
-38
-29
19
49
48
54
62
-18
-119
-68
69
163
146
2
-108
-81
-20
36
96
71
13
24
8
-56
-70
-11
62
53
-71
-180
-161
-46
85
104
-12
-129
-152
-30
129
115
16
37
88
48
-37
-122
-86
49
80
42
0
-116
-145
-7
77
58
14
-65
-85
-30
-22
-34
-32
-48
-4
65
21
-74
-70
31
100
60
-12
-54
-87
-55
57
136
121
19
-75
-60
22
76
107
67
-42
-63
-4
-3
-44
-67
-50
59
154
73
-86
-141
-69
53
92
-22
-148
-144
-16
135
161
31
-66
-41
7
19
4
-6
15
26
15
1
-26
-61
-51
10
50
21
-3
13
-8
-60
-31
50
79
52
10
-25
-31
14
73
100
51
-41
-55
13
36
2
29
54
-11
-43
-13
-31
-32
32
46
18
-5
-30
-17
-2
-46
-79
-42
16
27
-5
-9
59
85
2
-85
-96
-46
-2
-6
-15
-5
7
40
69
41
32
74
68
14
-25
-34
24
109
113
49
-3
-31
-7
6
-63
-121
-92
-60
-26
14
-30
-75
-26
34
66
51
-67
-149
-69
-5
-40
-48
-22
5
52
83
65
50
40
24
12
-6
-12
8
2
-12
-5
-32
-66
-23
5
-29
-42
-48
-71
-47
-6
-3
12
21
0
0
-7
-43
-22
61
125
128
45
-34
-11
34
56
84
39
-62
-55
30
48
11
-50
-87
-27
64
54
-41
-106
-73
16
53
15
-32
-47
-9
51
47
-15
-40
18
74
68
31
-16
-54
-27
44
41
-20
-27
3
14
12
-15
-47
-17
51
65
6
-62
-46
32
49
-2
-19
-37
-80
-42
31
13
-23
3
10
-4
8
-15
-40
28
100
68
-30
-95
-63
38
108
108
63
-28
-82
-25
33
4
-14
27
59
76
74
22
-17
1
14
-5
-19
-7
14
5
-28
-42
-56
-67
-14
40
-6
-65
-59
-59
-70
-46
-28
-34
-18
-6
-14
8
55
33
-50
-74
-9
50
46
30
15
7
34
44
6
-24
-24
-25
-14
-1
-28
-59
-37
26
79
57
-7
-16
32
72
85
74
51
29
-15
-63
-46
15
48
38
2
-35
-27
3
-2
-20
-26
-36
-37
-16
-25
-55
-31
38
73
49
-15
-69
-49
15
38
3
-42
-54
-20
-6
-40
-46
-9
17
34
41
-11
-58
-23
34
60
65
20
-59
-67
5
64
82
59
-1
-59
-77
-64
-42
-16
-5
2
23
33
10
-9
10
39
38
8
-34
-60
-36
16
37
31
25
20
15
19
22
7
-1
21
44
22
-26
-40
-16
18
39
22
-23
-37
-12
3
0
2
8
10
9
-3
-25
-28
17
77
93
57
11
-20
-21
19
53
42
20
3
-21
-27
-1
19
11
-9
-37
-66
-67
-39
-9
6
8
-5
-19
-24
-28
-31
-20
2
18
5
-26
-43
-21
30
70
62
9
-47
-67
-35
17
41
22
-9
-32
-28
6
33
27
10
-6
-12
-4
7
7
3
11
25
29
3
-40
-63
-38
5
31
22
-18
-38
-11
31
51
49
31
7
-2
-11
-27
-21
16
51
63
41
-3
-27
-11
8
3
-18
-42
-54
-51
-47
-47
-34
-5
17
13
-13
-43
-53
-33
-7
7
2
-3
-2
-6
-20
-29
-17
22
64
73
35
-16
-35
-11
38
73
70
36
5
-11
-19
-24
-28
-28
-19
-1
4
-3
-9
-3
9
24
23
2
-22
-29
-19
6
31
41
32
21
18
26
35
29
8
-11
-17
-12
1
13
16
15
16
10
-10
-27
-28
-10
16
22
2
-22
-29
-13
18
39
39
32
27
22
17
2
-14
-23
-25
-22
-20
-25
-26
-13
-1
-5
-14
-20
-22
-13
-2
-10
-32
-47
-48
-35
-19
-11
-14
-9
6
21
25
14
0
2
26
49
54
42
19
-1
-10
-12
-12
-11
-3
10
20
21
13
4
-4
-9
-13
-17
-16
-8
3
8
7
2
-5
-13
-13
-14
-14
-15
-16
-17
-11
1
13
18
13
2
-6
-7
-6
-8
-12
-16
-16
-10
-2
3
6
8
12
16
10
-2
-15
-24
-22
-10
6
11
11
6
0
-4
-2
1
7
16
