SAMPLES:	8238
BITSPERSAMPLE:	16
CHANNELS:	1
SAMPLERATE:	16000
NORMALIZED:	FALSE
8
17
28
41
39
22
19
12
4
4
-13
-23
-18
-2
12
19
15
15
19
5
2
6
-3
-11
-16
-1
0
-4
11
25
31
31
24
8
10
13
-3
-11
3
23
34
29
7
4
8
-8
-21
-27
-42
-31
-15
-18
-22
-16
-26
-30
-25
-22
-21
-14
-20
-26
-18
-9
-8
-8
-2
0
3
7
18
33
27
17
28
35
45
51
44
35
44
32
16
28
32
17
-2
-4
-4
-24
-28
-15
-23
-25
-28
-24
-17
-18
-22
-20
-24
-30
-31
-45
-49
-26
-2
0
2
17
16
23
20
5
5
-3
-16
-4
5
-13
4
19
19
20
17
-3
-18
-19
-21
-10
3
33
39
31
47
63
43
31
18
-7
-31
-13
-3
-13
-19
-4
0
-29
-35
-34
-61
-52
4
5
-9
5
38
30
21
26
17
0
0
19
14
11
20
20
6
-2
22
15
-8
12
48
30
4
31
34
16
33
51
-2
-57
-48
-36
-38
-40
-40
-66
-51
9
30
3
-4
14
11
-4
56
110
27
-43
23
91
87
43
12
58
156
155
42
-25
41
112
40
-5
10
-49
-175
-164
-139
-285
-595
-766
-888
-1121
-1009
-562
-541
-1055
-1289
-648
604
1150
262
-808
-316
1513
2593
1860
750
951
1497
1509
1658
2068
1451
-277
-1376
-333
1983
2156
-836
-3840
-3079
264
1962
-250
-3497
-3899
-1142
1593
1325
-1165
-2384
-690
1352
1710
1075
473
89
520
1201
1148
1027
1158
505
-581
-340
648
773
-114
-1244
-1768
-1500
-977
-712
-962
-1984
-3140
-2885
-992
742
228
-2036
-3147
-1018
2569
3300
588
-1281
333
3324
4788
3838
886
-714
1632
4987
4248
16
-2727
-1157
2669
3496
-416
-4895
-4391
-111
1952
-891
-4443
-4370
-1498
930
537
-1846
-2657
-243
1567
701
43
974
1454
1160
1103
841
1134
2197
1892
-180
-713
721
1529
717
-643
-1589
-1146
254
469
-957
-2187
-1989
-1351
-1018
-1044
-1179
-1713
-2406
-2261
-568
991
129
-2062
-2574
-342
2349
2762
368
-1460
146
3609
4751
2630
407
1240
3213
3022
1651
1749
2174
320
-2169
-1872
1546
3216
-91
-5481
-6216
-1137
3287
1137
-4822
-6966
-3018
2496
3456
-599
-4203
-2366
2042
3678
2260
595
-50
657
2170
2448
1645
1219
844
-211
-279
789
1185
212
-1080
-1883
-1526
-95
586
-909
-3105
-3254
-1126
365
-978
-3066
-2800
-616
411
-486
-1921
-1949
-143
1423
631
-616
242
2008
2418
1832
1579
2050
3002
3681
2926
860
356
2568
4150
1421
-2879
-3313
819
4127
1657
-4553
-7274
-2848
2761
2201
-3599
-6932
-4248
1134
3224
176
-3669
-2909
1198
3064
1958
793
606
798
1577
2055
1762
1632
1639
542
-428
412
1471
913
-602
-1668
-1790
-572
254
-891
-2776
-2905
-1630
-1096
-1897
-2358
-1426
-743
-1322
-2123
-1488
-46
636
-215
-1197
-536
1646
3029
1977
364
970
3245
4348
3653
2548
1339
949
2576
4223
2496
-1608
-3347
-540
3502
2987
-2351
-6750
-4857
791
2999
-1143
-6114
-5791
-1079
2521
1473
-2211
-3738
-1006
2269
2631
1212
492
522
1109
1998
2186
1869
1750
1175
105
217
1338
1486
157
-1185
-1678
-1119
-114
50
-2064
-4415
-3750
-718
22
-2918
-5177
-3230
532
1068
-1735
-4457
-2914
1781
3923
550
-2611
-408
4193
5651
3149
652
1459
5213
7104
3697
-1045
-52
5301
5898
-600
-5737
-2628
4173
5277
-1784
-9189
-7562
997
4910
-1011
-8251
-7895
-1101
4038
2261
-3540
-5412
-813
3805
3495
919
-78
546
1917
2900
2412
1519
1695
1660
566
274
1232
1444
108
-1455
-2104
-1997
-1212
-533
-1351
-3906
-5393
-3597
-347
548
-1989
-5050
-5081
-818
3331
1952
-3262
-4329
449
5072
4869
1352
-1177
810
5602
7333
4258
1671
2240
2863
2697
3675
4145
599
-3660
-3226
1581
4306
1267
-5508
-8844
-4313
2875
3073
-3930
-8646
-5949
484
3837
1322
-3871
-4699
-165
3777
3587
1586
25
-416
1193
3245
3320
1829
740
78
20
1187
2098
945
-1306
-2230
-1715
-1205
-973
-1037
-2098
-4017
-4707
-3019
-37
992
-1775
-5545
-4907
575
4173
1436
-3643
-3794
1292
5907
5112
480
-1632
2299
7368
7021
3390
1122
1180
2760
5435
4870
-651
-4762
-1874
3796
4228
-934
-6812
-7299
-1786
3304
459
-6469
-8061
-3033
1558
1607
-1337
-4112
-3057
1047
3371
2003
474
373
753
1630
2895
2967
1749
897
565
610
1354
1972
525
-1545
-2178
-1778
-1228
-455
-888
-3773
-5754
-3679
163
916
-1803
-5212
-5154
-328
4190
1938
-3804
-4307
1191
5587
4699
612
-1577
1523
6782
7473
3522
1156
1915
2949
3637
4576
2419
-2353
-3895
301
4127
2710
-2773
-7380
-6029
318
3514
-1456
-7421
-6893
-1562
2111
1511
-2282
-4519
-1859
2237
2998
1287
306
97
508
1766
2759
2195
1158
534
183
500
1545
1597
-220
-2478
-2820
-1139
434
-496
-3629
-5530
-3190
927
1114
-2890
-5619
-3123
1497
2921
-260
-3448
-2284
2217
4691
2629
-454
75
3595
5770
4776
2998
2499
2471
2338
3082
4023
1899
-2159
-3015
919
3932
1809
-3697
-6838
-4061
1704
2711
-2945
-7575
-5432
76
2390
198
-3522
-4236
-897
2739
2768
444
-891
-359
1161
2365
2246
1016
264
300
651
962
1320
589
-1290
-2441
-1354
120
-623
-2699
-3558
-2143
-586
-547
-2278
-3210
-1741
660
515
-1402
-1608
366
1909
1686
828
635
2052
3706
3981
2871
2626
3736
3820
2032
1228
3024
3619
365
-3044
-1486
2820
3570
-1060
-6335
-6043
-214
3751
-82
-6640
-7443
-2016
2647
1986
-2461
-5225
-2750
2070
3604
1257
-909
-906
613
2195
2634
1432
175
46
398
523
977
1156
-950
-3189
-2337
284
60
-2588
-4148
-2742
-168
496
-1902
-4249
-2314
1429
1807
-1132
-2213
-304
2358
3129
1538
-171
1145
4148
4731
2966
2137
3193
3486
2294
1608
2692
2790
62
-2380
-695
2896
2758
-1971
-6024
-4400
699
2588
-1618
-6439
-5768
-669
2383
436
-3345
-4171
-1237
1965
2351
424
-903
-449
1030
2090
2090
1038
17
-70
374
775
454
-637
-1905
-1900
-1140
-1278
-2178
-2117
-1332
-1584
-2297
-2303
-1381
-344
10
-1083
-1835
-252
2092
2135
486
59
1504
3366
4028
3149
2143
2726
4507
4470
2079
574
2294
3941
1775
-2061
-2239
1664
3731
378
-5068
-5943
-1451
2656
573
-5120
-7036
-2953
1698
1790
-1723
-4483
-3126
861
2996
1412
-840
-1061
400
2091
2606
1545
128
28
535
845
699
-355
-1801
-2189
-1225
-1328
-2514
-2926
-1653
-1114
-2050
-3203
-2806
-846
655
-218
-2229
-1676
1298
3162
1819
-80
330
2989
4865
4104
2360
2244
4088
5204
3632
1059
1030
3258
3311
-216
-2912
-617
3034
2218
-3017
-6308
-3948
1054
2237
-2372
-7105
-5712
108
2889
99
-3943
-4248
-803
2710
2863
189
-1724
-567
1960
2899
1865
602
206
293
628
789
126
-1080
-1784
-1871
-2122
-2278
-1989
-1763
-2279
-2843
-2915
-2333
-1382
-659
-957
-1593
-1101
593
1941
1782
914
887
2256
3799
4204
3468
2907
3468
4682
4509
2509
1254
2537
3410
1186
-1732
-1376
1408
2356
-707
-4992
-5304
-1027
2066
-584
-5379
-6212
-2357
1602
1595
-2081
-4604
-2483
1689
3115
1224
-984
-1266
668
2767
2655
744
-304
107
757
882
293
-871
-1735
-1597
-1560
-2142
-2437
-1705
-1545
-2560
-3480
-2849
-1328
-379
-849
-2031
-1983
92
2285
2015
240
-77
1958
4032
4253
3004
2269
3260
5056
5140
2869
1098
2232
3972
2557
-941
-1941
707
2772
714
-3742
-5402
-2283
1483
491
-4094
-6279
-3567
563
1602
-1072
-4035
-3332
346
2717
1680
-490
-1186
62
1961
2577
1264
-202
-154
608
677
89
-475
-1075
-1441
-1650
-2008
-2177
-1287
-836
-2197
-3758
-3037
-957
-20
-981
-2459
-2379
-55
2384
1856
-433
-740
1756
4017
4001
2355
1441
2825
5161
5297
2680
841
2091
4306
3442
-94
-2114
102
3052
1996
-2638
-5322
-3064
906
1309
-2579
-5871
-4636
-414
1728
-89
-3246
-3733
-1034
1880
2184
340
-1127
-712
1207
2659
2082
283
-455
210
755
523
-73
-871
-1715
-1969
-1692
-1331
-1140
-1444
-2529
-3347
-2529
-811
-340
-1606
-2734
-2046
99
1736
1272
-413
-722
1349
3598
3803
2381
1425
2268
4248
5240
3569
1202
1185
3407
3801
1195
-1291
-443
2004
2194
-992
-4232
-3564
-34
1353
-1683
-5010
-4543
-1130
1146
243
-2576
-3720
-1447
1635
2051
213
-1047
-585
1017
2389
2113
406
-544
196
1019
684
-166
-892
-1503
-1846
-1765
-1512
-1237
-1367
-2374
-3325
-2653
-916
-335
-1387
-2421
-1958
-183
1375
1254
-33
-389
1013
2747
3292
2710
1967
2128
3312
4444
3982
2178
1092
2156
3610
2482
-543
-1573
836
2794
963
-3049
-4493
-1887
1328
603
-3402
-5491
-3105
599
1338
-1046
-3476
-2919
167
2395
1467
-689
-1178
246
1876
2290
1244
-79
-184
571
800
295
-361
-1032
-1689
-1904
-1667
-1274
-1269
-1901
-2815
-3028
-2081
-780
-598
-1678
-2366
-1395
438
1458
946
-247
-292
1486
3402
3344
2001
1505
2637
4103
4617
3335
1330
983
2980
3937
1464
-1645
-1342
1634
2720
16
-3776
-4290
-1095
1621
-155
-4188
-5251
-2195
1027
1043
-1582
-3609
-2386
918
2534
1001
-1015
-1015
630
2133
2228
904
-328
-64
887
948
178
-580
-1268
-1812
-1708
-1270
-1176
-1641
-2331
-2965
-2687
-1371
-557
-1416
-2490
-1997
-390
859
966
66
-575
544
2659
3471
2508
1499
1887
3421
4689
4351
2446
913
1557
3624
3780
797
-2142
-1283
1965
2803
-508
-4273
-4185
-697
1531
-530
-4274
-4953
-1820
1223
847
-1915
-3328
-1607
1246
2124
679
-807
-515
1025
2127
1736
552
-67
310
694
482
-124
-734
-1325
-1797
-1834
-1508
-1281
-1659
-2514
-3123
-2573
-1247
-655
-1550
-2505
-2014
-228
1190
1046
-153
-507
919
2925
3587
2593
1445
1879
3706
4937
4251
2239
878
1614
3729
3788
568
-2493
-1278
2196
2817
-802
-4542
-4290
-614
1741
-579
-4590
-5060
-1507
1503
873
-2036
-3421
-1531
1492
2318
653
-920
-577
1114
2228
1712
443
-33
279
448
250
-70
-683
-1468
-1938
-1851
-1606
-1507
-1791
-2410
-2738
-2286
-1517
-1228
-1381
-1580
-1399
-644
416
887
539
267
893
2191
3108
2866
1987
2053
3478
4482
3892
2398
1427
1674
3104
3547
1116
-1982
-1640
1476
2628
38
-3543
-4488
-1969
1135
507
-3372
-5274
-2723
663
1195
-736
-2650
-2425
81
2293
1807
-158
-775
331
1614
1986
1356
316
-262
-5
344
240
-506
-1385
-1942
-1954
-1788
-1683
-1730
-2095
-2431
-2490
-1976
-1413
-1051
-1237
-1410
-1055
45
852
716
404
773
1729
2478
2809
2506
2276
2640
3523
3739
3252
2443
1721
1694
2581
2724
635
-1702
-1437
1016
2049
-47
-3478
-4477
-1766
1325
447
-3360
-5011
-2601
795
1596
-481
-2898
-2551
455
2754
1979
-206
-1051
65
1848
2494
1273
-500
-884
38
649
169
-906
-1898
-2279
-1952
-1572
-1620
-1833
-2107
-2523
-2519
-1605
-717
-799
-1390
-1483
-713
624
1405
849
74
703
2200
2894
2631
2172
2113
2616
3374
3307
2649
2277
2077
1518
1489
1988
1194
-884
-1535
173
1370
203
-2253
-3466
-2158
343
536
-2184
-4030
-2462
262
1036
-268
-1934
-2018
13
2086
1796
-38
-851
36
1395
1881
917
-519
-898
-113
312
-136
-1061
-1794
-2126
-2014
-1751
-1470
-1337
-1864
-2605
-2544
-1224
-71
-287
-1501
-1870
-571
1269
1731
494
-460
408
2304
3132
2481
1488
1433
2280
3167
3235
2518
1875
1567
1433
1529
2030
1805
55
-1713
-1119
1208
1946
-263
-3192
-3544
-969
1472
528
-2664
-4031
-1949
924
1522
-362
-2470
-2226
368
2350
1519
-567
-1265
-175
1275
1637
515
-916
-1141
-199
394
-171
-1375
-2123
-1938
-1298
-1113
-1483
-1802
-1842
-1610
-1187
-810
-831
-958
-828
-409
78
508
637
468
583
1181
1769
1867
1818
1799
1767
1893
2377
2609
2192
1717
1488
1407
1570
1988
1485
-195
-1309
-229
1631
1673
-528
-2835
-2696
-102
1733
53
-3046
-3572
-1162
1069
979
-1004
-2742
-2092
463
1858
691
-1059
-1399
-417
891
1296
225
-1089
-1101
-212
256
-82
-874
-1579
-1569
-961
-715
-1069
-1300
-1139
-991
-950
-850
-693
-503
-281
-282
-491
-260
506
840
412
147
590
1295
1707
1680
1235
966
1465
2264
2350
1841
1614
1604
1515
1631
2108
1752
304
-691
241
1808
1819
-149
-2238
-2148
116
1590
-162
-2984
-3392
-1303
515
328
-1572
-3141
-2285
149
1148
-120
-1581
-1670
-524
820
955
-246
-1144
-661
279
670
403
-471
-1236
-943
76
181
-733
-1448
-1115
-260
154
-549
-1587
-1396
-158
346
-519
-1293
-952
95
705
399
-301
-228
841
1829
1723
903
677
1556
2715
2849
2090
1589
1856
2351
2683
2592
1528
76
-13
1595
2521
1200
-1291
-2532
-1349
803
783
-2005
-4210
-3323
-892
135
-991
-2982
-3610
-1881
371
596
-950
-2003
-1482
91
1296
1054
-151
-623
168
1208
1533
820
-307
-710
24
691
321
-707
-1151
-642
-2
-344
-1401
-1763
-1007
-386
-880
-1670
-1548
-609
-32
-338
-809
-508
502
1256
1217
882
1059
1824
2547
2783
2490
2347
2677
3091
2842
2363
2287
2052
1077
344
970
1645
852
-1194
-2544
-2036
-366
-144
-2323
-4373
-3793
-1558
-407
-1274
-3148
-3754
-1965
453
716
-890
-1820
-907
913
2029
1579
257
-95
970
2027
1896
858
-115
-346
284
740
177
-1009
-1519
-1127
-600
-781
-1615
-2250
-1991
-1305
-1138
-1491
-1740
-1388
-740
-251
-213
-131
393
1161
1586
1670
1786
2159
2711
3032
3011
2885
3160
3411
2982
2131
2005
2398
1701
64
-571
510
1167
-34
-2407
-3557
-2275
-243
-690
-3428
-4845
-3344
-1014
-318
-1539
-3354
-3273
-796
1403
917
-748
-1086
208
1818
2441
1638
443
420
1432
2048
1519
479
-281
-317
37
53
-620
-1358
-1545
-1293
-1281
-1714
-2054
-1889
-1577
-1560
-1668
-1596
-1167
-567
-231
-292
-192
500
1363
1784
1733
1726
2067
2584
2901
2862
2654
2548
2730
2856
2373
1533
1406
1744
1037
-593
-1071
111
847
-377
-2640
-3602
-2122
-23
-428
-3107
-4552
-2974
-399
433
-1076
-3029
-2727
-100
1916
1291
-524
-1096
259
2164
2627
1267
-53
260
1441
1970
1230
-60
-757
-351
176
-145
-1017
-1580
-1541
-1216
-1051
-1370
-1801
-1910
-1666
-1294
-878
-808
-1074
-998
-298
465
773
717
628
963
1716
2266
2062
1517
1428
1993
2642
2602
1952
1501
1605
1717
1525
1282
741
-281
-911
-171
894
498
-1412
-2938
-2391
-316
528
-1445
-3793
-3410
-955
530
-201
-2071
-2945
-1375
1214
1744
-57
-1340
-582
1123
2090
1591
267
-233
677
1631
1482
478
-393
-543
25
282
-286
-1015
-1104
-910
-821
-895
-1135
-1320
-1194
-1018
-1041
-882
-609
-579
-639
-346
86
343
417
443
574
1024
1462
1371
1036
1167
1820
2294
2110
1635
1506
1669
1730
1693
1536
647
-420
-177
1246
1522
-175
-2187
-2483
-871
691
-231
-2983
-4011
-2080
114
108
-1578
-3087
-2603
-215
1482
489
-1367
-1421
199
1669
1868
846
-181
202
1497
2062
1311
238
-261
133
654
461
-343
-759
-631
-627
-858
-1022
-922
-1014
-1384
-1807
-1590
-905
-543
-1010
-1548
-1206
-158
577
323
-167
33
1022
1747
1611
1055
1156
2047
2743
2524
1916
1807
2048
2209
2105
1532
342
-269
607
1613
812
-1250
-2519
-1940
-321
157
-1732
-3944
-3572
-1282
19
-802
-2534
-3238
-1699
779
1303
-376
-1516
-558
1260
2260
1819
611
206
1204
2291
2150
1040
71
-16
642
933
160
-914
-1120
-697
-589
-1141
-1779
-1851
-1451
-1364
-1822
-2017
-1581
-1073
-1001
-1118
-995
-361
369
572
376
618
1358
1831
1764
1700
2018
2459
2632
2537
2397
2158
1839
1807
1918
1198
-141
-433
697
1184
-210
-2306
-2957
-1534
109
-626
-3215
-4254
-2452
-222
6
-1587
-3117
-2511
98
1847
835
-1005
-998
802
2485
2596
1255
146
744
2213
2640
1559
208
-285
238
870
495
-734
-1543
-1294
-778
-853
-1604
-2156
-1997
-1543
-1516
-1755
-1723
-1392
-1101
-1021
-845
-392
178
396
397
653
1250
1671
1663
1528
1747
2285
2564
2332
2027
1956
1844
1672
1711
1267
-28
-715
317
1274
258
-1809
-2824
-1877
-99
94
-2179
-4038
-2920
-400
415
-856
-2492
-2622
-583
1687
1553
-399
-1148
213
2041
2649
1724
374
254
1478
2385
1862
495
-456
-318
533
743
-237
-1414
-1530
-869
-503
-1019
-1879
-2128
-1548
-1067
-1345
-1787
-1609
-1051
-763
-816
-788
-369
224
542
522
624
1042
1479
1529
1552
1771
2060
2048
2024
2023
1877
1495
1365
1331
691
-189
-97
827
825
-548
-2070
-2105
-638
425
-889
-3168
-3338
-1278
311
-100
-1726
-2781
-1641
917
1927
283
-1330
-669
1311
2489
1984
564
-50
1000
2306
2206
918
-93
-166
463
919
401
-757
-1336
-961
-472
-573
-1263
-1892
-1906
-1436
-1243
-1494
-1720
-1628
-1405
-1189
-924
-663
-365
-114
69
252
709
1184
1312
1159
1285
1773
2189
2182
2018
1893
1684
1531
1729
1601
484
-377
345
1397
831
-957
-2211
-1784
-173
393
-1478
-3536
-2945
-669
389
-556
-2167
-2596
-843
1451
1527
-323
-1129
180
1896
2387
1549
479
505
1586
2233
1688
661
100
209
610
587
-105
-892
-1142
-891
-720
-1033
-1725
-2152
-1956
-1505
-1448
-1854
-2134
-1835
-1231
-963
-1006
-890
-440
57
407
615
843
1150
1429
1590
1790
2123
2314
2218
2066
1978
1841
1808
1724
926
-170
-63
1085
1161
-478
-2150
-2225
-825
310
-731
-3074
-3606
-1599
265
24
-1569
-2645
-1670
846
2094
680
-994
-459
1460
2649
2303
998
248
1055
2339
2328
1128
104
-91
336
779
423
-746
-1565
-1370
-856
-852
-1460
-2245
-2496
-1994
-1451
-1544
-1975
-2085
-1691
-1082
-666
-578
-532
-229
276
743
1066
1242
1337
1499
1790
2091
2209
2061
1950
2038
1896
1350
1146
1352
799
-352
-461
548
701
-579
-2057
-2228
-916
298
-658
-2750
-2954
-979
592
272
-1129
-1997
-912
1370
2146
615
-688
11
1639
2495
1970
683
119
979
1965
1698
484
-476
-555
7
287
-326
-1328
-1755
-1472
-1062
-1088
-1626
-2214
-2238
-1711
-1271
-1301
-1540
-1591
-1281
-746
-287
-94
-93
-13
341
892
1298
1313
1130
1188
1623
2047
1966
1605
1533
1651
1416
1117
1203
917
-126
-525
523
1259
251
-1469
-2014
-823
802
578
-1670
-2928
-1358
909
1148
-441
-1921
-1524
691
2273
1217
-824
-983
702
2092
1861
491
-488
65
1314
1539
459
-660
-895
-358
138
-156
-1029
-1534
-1332
-958
-853
-1119
-1558
-1784
-1515
-1098
-951
-1109
-1266
-1211
-906
-492
-226
-190
-215
-17
349
716
883
872
804
974
1378
1694
1571
1359
1412
1488
1341
1287
1271
656
28
535
1559
1259
-189
-1154
-665
640
1152
-270
-2094
-1812
167
1139
90
-1511
-1940
-578
1244
1277
-519
-1572
-575
1020
1488
613
-615
-770
422
1416
948
-277
-856
-476
256
447
-201
-997
-1083
-645
-364
-511
-935
-1321
-1375
-1114
-876
-954
-1273
-1456
-1322
-1013
-751
-622
-641
-654
-418
78
483
507
360
503
1089
1628
1670
1397
1465
1853
1952
1702
1642
1499
946
778
1535
1933
998
-335
-727
48
1006
628
-1242
-2372
-1302
351
382
-1019
-2271
-2036
-331
984
215
-1468
-1664
-227
1134
1198
162
-732
-234
1137
1686
874
-205
-428
231
927
691
-266
-884
-628
-201
-252
-772
-1319
-1523
-1336
-1172
-1360
-1666
-1748
-1617
-1477
-1327
-1140
-922
-758
-550
-240
138
484
751
899
1094
1533
2019
2152
2045
2105
2206
2141
2133
2143
1550
824
1087
1897
1630
250
-887
-819
179
697
-540
-2409
-2504
-883
129
-604
-2040
-2630
-1520
334
747
-677
-1727
-912
745
1573
1026
-97
-340
811
1931
1659
491
-217
35
746
952
199
-776
-987
-570
-397
-784
-1419
-1829
-1831
-1608
-1558
-1760
-1929
-1874
-1691
-1481
-1192
-873
-661
-539
-274
253
831
1143
1161
1258
1704
2292
2491
2272
2177
2304
2274
2128
2149
1763
843
572
1419
1738
546
-1014
-1441
-544
475
-95
-2143
-3104
-1713
-7
-135
-1591
-2635
-2020
-57
1159
162
-1409
-1162
561
1763
1524
430
-231
459
1726
1932
834
-216
-279
401
847
335
-764
-1326
-961
-532
-781
-1501
-1958
-1910
-1616
-1472
-1608
-1819
-1770
-1441
-1151
-946
-656
-305
-88
101
509
1027
1356
1378
1429
1747
2209
2378
2225
1991
1891
1955
2083
1786
869
222
738
1538
1013
-644
-1697
-1103
194
304
-1365
-2929
-2378
-483
337
-738
-2234
-2367
-680
1140
1032
-660
-1440
-198
1551
1971
914
-255
-151
1153
2034
1419
18
-610
-55
757
666
-301
-1203
-1210
-585
-332
-937
-1708
-1812
-1411
-1182
-1317
-1507
-1526
-1348
-1072
-846
-688
-446
-146
63
250
606
999
1142
1102
1279
1740
2036
1970
1783
1652
1600
1784
1833
1101
132
285
1275
1348
53
-1286
-1361
-204
701
-251
-2209
-2630
-1046
360
57
-1344
-2293
-1531
427
1368
213
-1239
-1050
457
1620
1403
157
-612
126
1404
1667
635
-455
-575
239
820
391
-624
-1160
-840
-261
-250
-934
-1519
-1464
-1020
-826
-990
-1273
-1333
-1079
-733
-547
-496
-390
-191
123
467
712
792
846
1087
1483
1735
1687
1590
1552
1525
1605
1708
1249
416
339
1116
1303
262
-957
-1148
-263
522
-148
-1824
-2409
-1209
32
-183
-1372
-2147
-1538
-27
703
-123
-1155
-953
170
1006
923
194
-255
230
1095
1281
627
-12
-56
371
684
522
-41
-444
-357
-69
-88
-448
-847
-1034
-924
-693
-715
-1043
-1230
-1041
-756
-605
-545
-520
-391
-28
387
521
484
632
1053
1404
1466
1416
1443
1481
1539
1625
1383
778
527
982
1264
653
-396
-929
-550
174
64
-1161
-2111
-1694
-670
-388
-1071
-1986
-2088
-1000
164
11
-1019
-1306
-436
629
925
351
-268
-2
943
1445
1008
306
127
558
1011
936
365
-89
-60
206
234
-85
-515
-787
-774
-625
-608
-828
-1084
-1158
-1010
-715
-481
-482
-569
-379
92
483
618
647
791
1081
1393
1543
1495
1360
1422
1675
1569
915
539
1023
1436
790
-458
-1021
-440
375
56
-1440
-2417
-1736
-503
-411
-1534
-2563
-2324
-940
86
-370
-1466
-1563
-463
664
868
182
-408
-19
1052
1572
1073
346
301
826
1216
1070
555
147
158
392
348
12
-352
-542
-593
-588
-623
-747
-895
-964
-887
-731
-554
-427
-331
-192
29
307
577
790
981
1163
1270
1280
1287
1467
1661
1419
788
647
1257
1564
767
-428
-845
-252
395
-62
-1478
-2306
-1679
-653
-595
-1581
-2547
-2383
-1099
-140
-588
-1630
-1713
-670
427
643
-2
-534
-83
1009
1498
1007
328
345
903
1365
1256
722
287
364
683
661
229
-239
-379
-268
-189
-338
-618
-801
-747
-567
-448
-439
-421
-289
-78
125
319
524
754
919
953
976
1101
1268
1383
1295
832
490
912
1532
1159
-36
-758
-449
272
299
-805
-2053
-1978
-890
-433
-1213
-2256
-2453
-1585
-549
-511
-1368
-1805
-1176
-249
143
-107
-497
-410
270
857
828
487
404
584
832
1025
1026
787
578
551
612
675
573
227
-114
-127
74
145
-71
-390
-471
-229
78
112
-41
-142
27
390
706
748
634
637
808
964
1060
1152
937
417
331
994
1336
614
-451
-753
-188
443
139
-1126
-1989
-1469
-444
-402
-1374
-2258
-2133
-1148
-363
-695
-1643
-1884
-1098
-198
-43
-562
-1026
-765
-16
499
382
9
-174
86
633
1017
898
449
226
502
1054
1232
783
186
142
639
1034
825
191
-110
236
800
842
397
-6
145
670
977
773
428
402
609
794
813
672
279
31
284
753
652
-76
-684
-631
-106
176
-349
-1303
-1537
-854
-289
-591
-1362
-1780
-1437
-669
-343
-831
-1464
-1395
-750
-302
-433
-866
-1072
-806
-307
-68
-253
-594
-626
-281
154
330
153
-118
-15
502
881
785
520
500
778
1139
1230
1007
813
980
1252
1329
1149
943
919
1138
1290
1148
884
762
728
698
687
482
20
-179
188
425
-45
-779
-1003
-646
-230
-366
-1106
-1602
-1208
-454
-356
-958
-1505
-1356
-645
-107
-327
-963
-1136
-647
-113
-122
-497
-886
-937
-591
-188
-305
-862
-1153
-863
-392
-202
-390
-745
-728
-208
256
162
-75
29
424
826
1059
1037
945
1145
1538
1721
1577
1499
1626
1835
1902
1808
1550
1337
1272
1294
1131
660
201
215
515
351
-375
-1004
-1030
-679
-515
-963
-1691
-1847
-1224
-692
-935
-1504
-1656
-1210
-600
-363
-664
-980
-813
-302
46
-41
-390
-602
-368
-16
-49
-452
-724
-639
-423
-382
-591
-781
-744
-529
-397
-417
-416
-245
-14
145
280
447
648
849
1026
1168
1297
1484
1688
1773
1741
1752
1818
1759
1618
1515
1359
1049
865
935
872
433
-99
-385
-390
-261
-369
-910
-1430
-1359
-919
-782
-1116
-1557
-1641
-1223
-699
-649
-1065
-1323
-1021
-465
-239
-492
-787
-702
-367
-139
-171
-363
-476
-373
-189
-124
-178
-286
-357
-292
-106
-20
-88
-145
-40
178
354
438
437
471
630
902
1045
1017
1010
1156
1293
1298
1194
1107
1054
948
807
792
913
828
418
6
-29
200
272
-91
-650
-793
-397
-45
-270
-791
-984
-678
-254
-222
-625
-975
-861
-542
-458
-660
-849
-916
-858
-695
-575
-663
-835
-870
-746
-530
-348
-344
-483
-439
-135
179
263
182
140
309
655
893
831
640
665
922
1159
1143
950
794
803
924
952
728
315
41
165
475
440
-94
-623
-628
-174
145
-136
-781
-999
-467
172
185
-354
-705
-439
209
581
327
-192
-304
47
364
338
-10
-456
-601
-270
40
-178
-727
-1061
-935
-531
-336
-666
-1102
-1009
-468
-114
-188
-387
-324
98
567
696
553
577
877
1174
1235
1211
1180
1135
1075
1061
973
698
340
194
293
303
-90
-676
-945
-740
-454
-598
-1156
-1522
-1234
-641
-422
-765
-1143
-992
-323
208
150
-236
-345
0
536
734
403
-30
57
552
819
562
61
-147
121
501
423
-65
-369
-152
218
241
-67
-249
-73
234
339
219
126
280
536
627
588
587
629
629
646
629
491
245
113
157
217
39
-407
-745
-693
-426
-464
-890
-1306
-1266
-853
-586
-797
-1221
-1236
-790
-313
-272
-584
-773
-435
83
140
-146
-210
107
373
373
155
36
213
479
462
280
294
517
709
687
588
632
851
988
934
861
947
1098
1103
989
924
958
935
768
595
484
336
91
-118
-178
-216
-447
-896
-1198
-1155
-950
-1025
-1419
-1761
-1642
-1205
-967
-1150
-1471
-1385
-880
-421
-442
-674
-636
-301
-46
-26
10
82
127
114
163
302
447
414
191
105
369
725
726
440
313
628
1050
1131
886
714
873
1212
1368
1213
998
985
1103
1142
1079
923
664
450
437
521
408
28
-419
-662
-624
-507
-716
-1245
-1605
-1517
-1273
-1265
-1548
-1869
-1869
-1553
-1260
-1243
-1359
-1383
-1176
-805
-482
-433
-550
-514
-189
218
409
334
217
355
750
1072
1048
864
891
1220
1498
1495
1294
1177
1287
1475
1498
1301
1113
1044
1063
1001
833
577
326
147
100
163
64
-297
-708
-793
-647
-521
-691
-1060
-1316
-1172
-829
-755
-1018
-1321
-1288
-964
-639
-658
-927
-1101
-898
-489
-339
-582
-875
-800
-459
-184
-248
-506
-576
-230
198
300
186
192
503
891
1150
1132
1133
1304
1614
1774
1776
1718
1674
1654
1602
1543
1323
1025
713
621
581
416
-42
-541
-805
-753
-699
-947
-1375
-1663
-1581
-1349
-1259
-1468
-1716
-1675
-1291
-968
-942
-1037
-937
-649
-423
-359
-358
-246
-78
33
27
32
143
314
347
275
319
508
679
719
727
748
831
942
1034
1087
1124
1130
1106
1101
1116
1084
961
786
586
529
634
646
317
-139
-335
-239
-144
-335
-787
-1170
-1129
-844
-822
-1179
-1493
-1482
-1234
-1041
-1053
-1196
-1200
-987
-771
-688
-629
-488
-375
-321
-250
-66
135
271
259
248
424
760
961
900
806
894
1116
1259
1271
1200
1186
1225
1250
1158
1018
852
689
531
422
368
266
81
-203
-411
-477
-434
-534
-772
-993
-1020
-905
-843
-942
-1134
-1153
-997
-813
-795
-804
-739
-616
-547
-511
-436
-315
-218
-242
-301
-253
-42
117
106
49
125
344
548
635
603
628
784
985
1115
1165
1189
1187
1203
1192
1100
973
918
803
561
344
321
292
46
-324
-605
-675
-597
-632
-949
-1299
-1322
-1086
-952
-1082
-1292
-1310
-1028
-708
-659
-783
-694
-356
-87
-98
-209
-133
140
377
342
158
137
388
601
524
326
313
493
658
661
566
525
612
706
682
580
561
617
618
549
477
453
410
356
300
269
193
84
-46
-114
-94
-82
-234
-487
-602
-528
-444
-562
-781
-935
-884
-751
-704
-792
-839
-761
-628
-541
-515
-493
-414
-268
-146
-87
-20
118
249
319
420
569
652
655
698
785
862
863
755
609
570
645
642
473
227
60
21
42
-27
-217
-392
-432
-397
-364
-401
-496
-569
-515
-368
-234
-170
-172
-156
-78
72
177
183
127
122
180
225
198
119
35
-28
-60
-97
-159
-222
-228
-214
-227
-256
-222
-143
-87
-83
-78
-28
71
170
184
157
184
263
320
318
276
228
220
244
235
159
75
25
-8
-42
-106
-153
-175
-189
-204
-211
-207
-217
-234
-227
-210
-184
-139
-97
-91
-72
-13
36
48
52
67
108
175
190
154
134
177
221
211
168
131
135
166
175
117
46
13
27
30
-15
-70
-95
-87
-74
-69
-100
-123
-114
-93
-93
-104
-107
-95
-49
-6
-20
-59
-37
24
48
17
-7
24
69
83
52
7
-2
27
30
-12
-57
-66
-55
-59
-87
-124
-132
-116
-111
-124
-126
-116
-111
-102
-78
-56
-55
-46
-16
17
56
87
95
102
134
156
146
129
146
162
153
134
148
179
194
173
131
116
138
163
144
117
110
125
121
111
96
69
34
11
-8
-41
-69
-86
-113
-147
-166
-193
-224
-233
-241
-289
-330
-314
-282
-282
-302
-308
-280
-229
-196
-204
-196
-138
-80
-57
-58
-47
-1
64
95
77
75
137
208
211
163
154
196
253
267
233
205
246
313
323
284
261
289
330
352
325
290
287
309
296
236
167
131
110
65
-13
-100
-171
-224
-263
-331
-424
-506
-534
-538
-563
-618
-655
-632
-571
-531
-529
-508
-428
-314
-223
-173
-131
-49
71
175
227
247
298
392
455
443
415
446
498
484
416
377
381
389
349
273
218
220
229
198
137
102
99
93
64
39
33
39
31
13
-11
-30
-32
-51
-101
-143
-137
-141
-193
-265
-297
-301
-310
-361
-419
-430
-404
-396
-415
-422
-395
-344
-327
-339
-309
-212
-138
-122
-87
1
93
153
190
218
272
357
446
500
528
562
611
651
655
633
610
589
549
495
437
375
296
206
117
27
-55
-159
-273
-353
-396
-459
-549
-615
-640
-648
-661
-671
-668
-639
-575
-507
-465
-416
-311
-197
-126
-87
-27
64
152
197
200
213
268
322
310
271
254
253
245
229
210
191
185
190
176
158
157
175
185
183
175
188
221
259
275
275
270
280
300
289
239
189
160
130
73
3
-66
-128
-190
-267
-376
-469
-521
-566
-636
-705
-740
-739
-713
-686
-676
-661
-591
-475
-374
-309
-232
-112
26
152
249
335
437
565
666
707
723
750
783
793
769
711
650
615
593
518
399
309
260
198
91
-17
-107
-156
-186
-241
-325
-374
-373
-365
-379
-407
-417
-395
-349
-315
-305
-308
-290
-240
-193
-176
-191
-208
-198
-165
-148
-165
-201
-213
-180
-132
-122
-165
-196
-150
-55
-16
-40
-39
32
127
183
190
207
282
383
446
459
484
536
592
609
594
556
540
544
522
439
333
258
212
164
71
-52
-155
-214
-268
-354
-446
-511
-554
-597
-636
-646
-641
-649
-661
-644
-587
-529
-492
-453
-389
-307
-224
-147
-90
-38
39
133
201
245
283
334
394
441
450
441
446
466
470
440
407
396
402
377
322
265
244
237
210
145
71
37
41
24
-34
-93
-110
-97
-99
-124
-158
-166
-147
-136
-166
-202
-199
-170
-163
-184
-199
-201
-199
-199
-218
-249
-263
-253
-252
-262
-262
-254
-246
-225
-204
-187
-154
-106
-60
-29
16
85
144
184
230
289
335
371
410
450
469
480
478
459
432
406
371
327
267
200
153
116
59
-20
-88
-140
-179
-216
-257
-306
-342
-348
-342
-340
-350
-366
-362
-312
-245
-214
-211
-186
-132
-80
-48
-32
-20
10
68
118
126
127
152
176
176
170
170
169
159
145
136
128
116
87
36
-4
-7
-5
-32
-78
-114
-123
-113
-114
-140
-167
-162
-129
-95
-81
-74
-58
-23
24
63
88
102
113
136
178
199
183
154
154
176
167
112
47
21
36
33
-35
-120
-144
-107
-89
-134
-202
-215
-161
-91
-74
-95
-90
-27
44
77
72
69
98
148
174
162
143
140
152
147
96
23
-20
-28
-42
-105
-187
-238
-237
-234
-266
-320
-340
-313
-272
-247
-237
-210
-156
-69
10
47
68
133
233
305
316
307
342
421
475
445
370
337
369
385
318
194
104
87
105
69
-43
-160
-198
-168
-161
-232
-327
-368
-335
-283
-271
-308
-339
-312
-243
-183
-163
-168
-167
-128
-56
7
15
4
23
73
119
135
114
91
100
128
135
101
64
53
57
53
37
13
0
4
0
-24
-37
-26
-8
3
7
11
31
71
109
125
132
154
186
207
210
204
191
178
164
150
126
91
41
-20
-67
-77
-95
-152
-219
-241
-233
-228
-238
-255
-269
-248
-200
-163
-155
-149
-121
-84
-35
18
47
63
97
152
199
214
215
207
204
212
216
186
134
92
72
53
10
-49
-106
-139
-157
-183
-228
-262
-272
-260
-232
-214
-222
-218
-166
-101
-73
-74
-51
6
71
106
115
127
160
213
246
243
222
222
244
260
246
209
168
149
147
141
110
62
25
22
23
-1
-40
-70
-85
-80
-70
-78
-103
-127
-128
-112
-101
-112
-139
-153
-134
-101
-97
-122
-136
-120
-90
-73
-77
-94
-104
-90
-65
-57
-67
-83
-89
-67
-43
-33
-35
-32
-8
29
48
47
58
93
126
138
145
164
197
230
243
240
241
257
272
271
264
245
219
202
195
174
130
91
56
27
-5
-42
-87
-134
-178
-209
-229
-254
-288
-323
-340
-336
-319
-321
-342
-349
-320
-269
-236
-230
-232
-206
-142
-69
-34
-43
-44
7
88
139
137
119
135
184
235
255
226
197
210
256
274
248
210
199
223
243
227
182
158
166
166
139
102
79
76
77
58
18
-11
-19
-30
-71
-123
-153
-159
-158
-168
-198
-229
-239
-229
-219
-224
-242
-257
-246
-219
-190
-183
-194
-204
-175
-119
-80
-82
-97
-80
-23
40
58
30
22
69
141
183
167
137
155
232
300
291
236
218
274
343
338
271
220
235
272
259
186
117
89
89
71
11
-67
-123
-150
-172
-206
-248
-287
-319
-331
-331
-322
-316
-311
-311
-290
-238
-176
-137
-117
-91
-39
34
91
113
121
152
204
245
249
225
207
213
222
200
148
105
92
88
65
21
-21
-35
-28
-32
-62
-94
-101
-77
-47
-37
-50
-55
-30
10
28
15
-3
-2
17
36
27
-9
-45
-58
-65
-85
-117
-149
-172
-184
-186
-196
-206
-199
-185
-174
-150
-103
-52
-22
1
35
100
168
212
230
251
295
353
394
393
370
364
382
388
350
278
215
187
161
103
14
-69
-118
-148
-195
-266
-335
-370
-386
-405
-433
-445
-431
-410
-397
-380
-348
-305
-259
-221
-188
-142
-83
-24
22
52
85
130
177
202
208
213
228
249
260
251
233
229
235
238
228
208
193
193
200
192
175
164
169
176
176
169
156
150
151
143
125
97
65
37
20
-4
-47
-105
-155
-182
-202
-250
-326
-389
-407
-403
-418
-464
-505
-499
-449
-416
-422
-418
-369
-295
-231
-181
-131
-64
18
97
159
213
276
340
388
419
449
486
506
499
489
481
470
440
386
329
293
268
212
129
61
30
6
-36
-97
-155
-188
-192
-202
-236
-279
-297
-289
-279
-280
-292
-294
-276
-248
-229
-224
-221
-210
-191
-166
-144
-136
-138
-124
-88
-51
-35
-38
-35
-3
50
85
89
88
121
171
215
229
220
235
292
343
351
330
326
353
374
346
292
249
234
230
204
147
83
46
27
-7
-72
-150
-214
-251
-278
-315
-367
-411
-428
-420
-408
-413
-437
-444
-412
-366
-334
-309
-279
-232
-166
-92
-24
20
53
96
163
234
281
293
298
334
398
446
439
393
374
402
434
408
328
264
258
268
231
151
81
55
56
36
-23
-87
-121
-129
-136
-164
-204
-235
-238
-226
-226
-246
-273
-279
-262
-249
-253
-267
-271
-257
-236
-223
-217
-216
-217
-204
-173
-136
-114
-105
-90
-54
5
58
79
88
118
170
221
255
275
287
303
333
362
368
348
314
288
289
295
265
194
131
110
112
90
20
-60
-94
-86
-87
-137
-204
-237
-224
-208
-228
-264
-280
-264
-236
-223
-234
-236
-216
-196
-186
-169
-145
-123
-106
-85
-53
-10
28
48
56
80
125
166
183
188
203
225
243
253
256
253
253
248
238
227
212
187
153
124
102
82
50
11
-15
-37
-62
-86
-111
-128
-137
-149
-171
-188
-191
-183
-179
-188
-192
-175
-151
-142
-143
-153
-151
-127
-103
-106
-125
-127
-100
-62
-46
-60
-67
-43
3
35
41
34
48
101
158
182
181
186
221
278
309
301
277
285
310
321
292
248
217
197
175
135
85
31
-15
-47
-73
-118
-175
-221
-249
-268
-288
-306
-322
-330
-329
-321
-310
-292
-275
-257
-234
-202
-163
-123
-95
-81
-51
0
43
57
56
63
92
126
139
124
114
135
174
195
183
155
146
167
183
173
143
124
142
172
176
144
117
125
146
143
115
93
92
105
113
100
70
45
37
38
29
-10
-58
-89
-98
-108
-139
-187
-231
-251
-254
-262
-293
-323
-332
-332
-325
-312
-301
-291
-275
-241
-196
-149
-108
-75
-38
13
72
123
160
188
218
259
298
310
303
299
311
316
295
262
239
220
199
171
134
94
66
43
17
-14
-37
-62
-88
-96
-91
-96
-117
-130
-124
-106
-92
-92
-106
-109
-92
-72
-70
-87
-99
-94
-75
-61
-68
-90
-94
-73
-53
-59
-78
-86
-68
-41
-20
-11
-6
13
54
91
109
113
117
137
162
184
199
208
209
205
214
228
220
183
140
119
118
104
53
-8
-38
-43
-57
-101
-161
-199
-204
-202
-223
-264
-291
-284
-261
-246
-251
-254
-236
-199
-158
-125
-101
-76
-41
9
65
108
135
157
190
238
279
290
282
278
294
314
307
263
211
185
178
156
96
32
-10
-25
-41
-81
-131
-164
-176
-182
-198
-219
-232
-229
-222
-218
-216
-201
-178
-159
-150
-142
-118
-89
-73
-75
-73
-56
-26
-5
-6
-19
-15
7
30
32
10
3
26
62
80
65
48
64
114
153
146
122
136
176
211
213
198
198
226
247
240
211
185
179
172
146
102
63
39
26
-5
-49
-101
-133
-148
-174
-217
-252
-265
-269
-271
-274
-279
-280
-268
-246
-223
-204
-184
-156
-111
-58
-15
14
41
79
120
148
166
180
201
225
248
258
254
242
232
219
200
189
169
130
88
62
46
27
-6
-48
-81
-92
-100
-114
-139
-158
-158
-146
-144
-151
-150
-141
-117
-95
-88
-86
-71
-55
-40
-36
-37
-32
-21
-8
-6
-7
-9
2
15
12
-8
-16
0
19
22
4
-7
12
36
46
48
48
61
91
118
123
115
118
136
150
149
130
123
130
136
119
87
61
47
34
6
-31
-65
-91
-107
-130
-165
-201
-220
-225
-227
-233
-249
-258
-242
-212
-192
-184
-169
-133
-80
-36
-14
4
41
87
119
141
159
187
216
231
230
234
244
237
213
192
182
171
147
108
76
53
34
7
-32
-68
-79
-75
-82
-103
-121
-114
-89
-70
-76
-87
-81
-45
-9
-5
-13
-10
11
39
54
44
29
25
38
57
50
17
-8
0
15
9
-16
-45
-57
-50
-49
-64
-94
-112
-109
-90
-82
-100
-120
-109
-73
-47
-44
-55
-47
-14
27
43
33
38
69
98
106
103
97
100
108
103
90
66
43
30
20
2
-18
-29
-40
-51
-62
-78
-91
-93
-96
-94
-90
-88
-73
-49
-9
21
35
55
83
107
126
139
139
138
140
140
136
124
102
80
70
46
3
-35
-62
-92
-140
-165
-175
-178
-181
-197
-216
-210
-181
-170
-176
-166
-121
-53
-1
30
59
86
136
184
202
203
220
241
260
260
234
219
207
185
136
83
45
12
-33
-90
-134
-153
-165
-194
-206
-201
-198
-196
-190
-169
-152
-133
-121
-105
-72
-29
-8
7
29
58
87
105
121
126
124
117
98
77
48
31
26
4
-7
-22
-54
-66
-51
-46
-54
-71
-67
-39
4
16
-2
-10
14
53
89
105
109
144
184
208
211
204
181
178
171
150
121
88
65
66
50
7
-33
-71
-107
-138
-167
-202
-234
-256
-268
-266
-261
-269
-276
-262
-224
-193
-180
-161
-120
-80
-43
-19
-9
21
80
127
159
172
175
205
222
212
185
165
155
160
158
141
134
129
108
94
67
41
12
-5
-8
-23
-50
-68
-82
-101
-96
-80
-85
-86
-67
-55
-62
-83
-87
-79
-63
-66
-86
-84
-59
-49
-52
-71
-66
-56
-47
-42
-60
-51
-41
-30
-31
-22
-4
2
-4
-9
13
32
47
44
50
82
114
127
123
103
120
171
205
217
200
185
187
194
170
136
103
57
31
17
-25
-71
-114
-135
-130
-136
-160
-180
-186
-196
-206
-233
-244
-232
-211
-186
-167
-144
-119
-80
-43
-16
30
52
81
105
125
143
134
146
149
170
193
200
202
229
253
228
203
177
128
118
102
50
22
14
-4
-28
-54
-81
-104
-123
-140
-155
-195
-185
-166
-159
-123
-97
-103
-101
-93
-87
-95
-91
-62
-46
-26
1
37
33
64
87
100
87
73
75
80
68
59
35
6
7
4
-10
-15
19
31
75
97
75
88
118
111
96
101
108
107
111
149
115
95
49
66
40
-19
-99
-181
-151
-203
-266
-266
-236
-229
-189
-277
-382
-577
-635
-1185
-1802
-1365
-397
-531
-1093
568
2521
2483
835
-508
-418
402
744
162
-78
372
817
916
615
162
79
284
330
185
-51
-279
64
343
121
-104
141
539
106
-187
-101
-79
-202
5
99
-174
-272
-221
-371
-649
-216
116
5
-423
-823
-836
-582
-1115
-1766
-962
878
1864
827
-359
-162
502
566
-178
-1027
-887
-157
235
-338
-948
-349
680
234
42
572
670
958
993
607
188
690
1422
1117
1060
809
28
-428
328
876
280
-139
217
23
-714
-444
-676
-603
-226
77
-164
-447
-610
-678
-392
-148
-129
-139
206
-329
-192
-92
-450
-482
211
226
-366
-107
-201
-302
-401
80
161
112
-19
24
418
196
50
113
383
202
344
523
197
-206
48
157
-268
-157
-67
-210
-454
100
20
-539
-373
-209
-89
64
-437
-706
-42
42
-223
-151
97
-198
-263
117
208
16
36
91
6
104
328
278
48
17
169
328
6
45
18
-19
174
160
-47
-160
7
287
256
-104
-23
212
190
82
-80
-58
156
304
279
66
189
434
290
163
231
281
301
215
-3
-159
-45
57
-253
-345
-212
-156
-157
-214
-386
-274
-13
-105
-257
-375
-303
-166
-158
-223
-238
-209
71
126
19
126
44
33
198
229
14
-123
31
277
163
-24
79
57
68
239
223
-23
-22
123
146
-12
-205
-113
-65
-188
-150
-11
-122
-244
-100
-4
-36
7
13
77
223
301
236
60
93
282
273
82
-20
54
133
85
129
93
12
22
61
1
-136
-251
-174
-59
-69
-143
-225
-196
-198
-77
-99
-224
-127
23
-96
-168
-89
-97
-196
-253
-133
-1
-40
-113
-105
-58
9
86
185
158
152
175
103
70
172
118
-2
97
87
-36
-4
79
55
50
110
130
68
-60
-60
11
1
-57
-5
78
69
6
9
13
-116
-96
56
58
-25
23
63
12
-3
47
29
-6
-41
-45
-109
-169
-85
-41
-68
-49
33
88
39
-80
-47
57
37
-70
-138
-123
18
89
25
68
189
230
198
147
123
138
96
84
152
207
313
265
121
110
118
54
7
-60
-184
-146
-87
-119
-198
-186
-162
-197
-198
-221
-327
-385
-306
-257
-230
-224
-142
-67
-64
-107
-95
17
134
149
78
91
137
129
65
57
120
196
161
121
98
111
170
102
-19
2
128
127
20
-6
123
171
125
84
27
71
129
40
-74
-24
56
64
38
15
-47
-17
31
-21
-92
-143
-116
-129
-185
-255
-229
-176
-132
-137
-186
-162
-102
-115
-146
-129
-115
-98
-70
-96
-115
-33
3
-19
-48
35
174
187
115
97
179
263
236
192
200
268
245
177
157
162
212
227
174
99
116
129
53
-39
-37
-10
-21
-85
-187
-260
-260
-272
-302
-279
-255
-183
-119
-154
-207
-152
-84
-71
-89
-121
-112
-25
13
-53
-56
17
67
106
118
86
76
96
106
95
96
53
50
67
43
7
10
39
25
19
39
64
81
115
118
118
154
157
133
128
149
150
141
91
22
77
138
119
74
63
50
5
-26
-83
-137
-162
-154
-186
-181
-170
-204
-205
-145
-110
-164
-198
-191
-123
-79
-85
-84
-22
52
62
76
82
62
79
98
82
73
77
64
51
26
4
11
18
4
-31
-23
19
-8
-29
-21
-12
-1
-6
-29
-13
49
55
32
20
10
-29
-46
-28
-9
-22
-3
16
-17
-12
25
43
56
49
-1
-3
39
23
-2
13
28
30
54
39
16
24
31
7
-43
-59
-49
-20
-31
-27
0
12
-4
-12
-5
-16
-40
-35
-2
-4
-25
-39
-28
-50
-66
-44
-39
-57
-48
-14
-13
-19
-15
-16
-44
-43
-20
-45
-61
-35
-17
-34
-15
4
-26
-44
-5
5
-7
8
20
42
24
24
47
48
58
109
140
143
136
97
108
125
110
91
95
82
53
55
48
26
23
17
-30
-72
-73
-76
-82
-84
-98
-99
-84
-80
-102
-90
-75
-76
-42
-23
-37
-17
39
36
30
54
61
72
105
119
118
128
135
131
104
79
79
89
55
25
21
18
3
-9
-37
-52
-50
-61
-80
-96
-85
-73
-72
-92
-94
-102
-106
-97
-93
-98
-90
-74
-75
-65
-62
-61
-36
-13
-21
-28
-21
-19
-17
-19
-35
-35
-12
-3
-29
-38
-18
15
38
36
33
62
84
70
67
70
79
126
141
94
82
124
133
111
104
99
95
95
85
51
31
46
39
-5
-50
-69
-76
-89
-106
-112
-122
-140
-137
-140
-158
-150
-110
-87
-91
