-5
-4
-2
-2
2
3
4
3
3
3
3
2
2
2
2
3
6
7
10
14
16
19
22
23
24
25
26
26
26
24
22
20
18
13
9
6
4
1
-3
-7
-11
-15
-19
-24
-28
-31
-32
-33
-35
-36
-34
-32
-30
-27
-24
-22
-17
-15
-13
-12
-13
-12
-11
-11
-10
-8
-8
-5
-1
3
6
9
15
19
23
28
32
37
40
42
44
49
51
50
49
48
48
43
39
34
30
24
19
13
7
2
-3
-9
-15
-22
-26
-31
-36
-43
-47
-53
-57
-62
-67
-69
-70
-69
-66
-62
-58
-52
-43
-35
-27
-19
-9
0
7
17
26
35
45
53
61
68
72
74
76
76
75
72
69
65
62
56
50
42
31
21
10
-3
-16
-29
-37
-44
-52
-56
-59
-60
-59
-56
-54
-50
-47
-43
-41
-38
-40
-43
-44
-46
-50
-54
-57
-60
-61
-61
-59
-55
-50
-45
-38
-29
-21
-12
0
12
23
35
48
60
72
81
91
102
110
115
120
122
123
124
122
120
114
107
100
90
79
66
55
47
38
29
19
10
1
-10
-20
-31
-42
-57
-72
-86
-100
-114
-127
-140
-150
-158
-164
-169
-173
-178
-182
-186
-188
-187
-182
-173
-163
-148
-130
-107
-84
-57
-30
1
36
71
105
140
177
212
246
277
307
330
346
359
364
363
355
338
315
287
258
227
196
163
133
104
75
45
14
-16
-43
-70
-102
-131
-159
-186
-216
-248
-282
-316
-347
-377
-406
-431
-448
-459
-464
-461
-451
-436
-418
-394
-364
-331
-298
-260
-217
-170
-123
-70
-16
41
102
160
219
278
336
390
442
488
527
561
584
597
595
583
561
532
497
454
406
359
309
263
225
191
159
127
95
67
41
11
-20
-56
-98
-139
-184
-226
-265
-299
-327
-355
-378
-399
-414
-425
-432
-440
-448
-457
-467
-475
-484
-495
-508
-514
-511
-500
-481
-452
-413
-358
-295
-226
-151
-69
20
110
197
279
356
430
496
547
587
620
647
662
669
667
663
652
635
606
570
529
485
445
403
361
317
272
226
187
151
107
58
9
-40
-89
-135
-186
-239
-296
-345
-386
-426
-468
-505
-538
-568
-592
-614
-628
-640
-648
-646
-639
-629
-613
-587
-550
-504
-456
-407
-349
-281
-205
-129
-49
36
125
218
306
383
451
511
561
607
639
655
658
656
644
629
611
589
562
531
498
464
435
402
368
332
301
274
250
222
190
152
111
70
28
-18
-75
-128
-186
-245
-310
-376
-436
-483
-527
-561
-591
-612
-624
-629
-630
-634
-636
-634
-625
-617
-606
-589
-566
-535
-498
-448
-388
-316
-237
-148
-53
47
148
252
353
443
525
594
650
693
725
739
732
714
696
678
654
617
569
519
472
430
390
356
332
314
299
283
259
232
191
146
95
35
-31
-106
-174
-245
-315
-386
-454
-516
-573
-619
-656
-682
-690
-689
-685
-674
-657
-632
-599
-565
-539
-512
-482
-454
-427
-399
-365
-327
-281
-223
-157
-79
7
102
193
280
369
455
527
578
624
659
683
690
685
675
668
663
656
642
618
586
549
516
492
475
464
453
439
427
413
388
350
289
220
149
73
-15
-110
-210
-299
-383
-465
-547
-626
-693
-748
-791
-817
-825
-828
-821
-812
-796
-775
-754
-734
-718
-708
-696
-672
-638
-601
-557
-495
-420
-337
-249
-150
-51
59
174
285
393
497
595
686
765
824
865
896
914
919
922
918
905
884
860
823
776
734
691
639
585
537
500
471
429
373
307
245
181
103
13
-86
-184
-279
-373
-462
-541
-608
-658
-699
-735
-762
-779
-781
-782
-779
-786
-794
-797
-795
-794
-791
-787
-786
-780
-768
-751
-731
-707
-670
-615
-546
-466
-375
-265
-140
2
152
300
446
584
713
832
932
1009
1066
1113
1148
1172
1180
1171
1141
1093
1041
988
929
858
788
721
662
613
568
519
463
398
327
247
157
59
-52
-173
-291
-399
-499
-584
-656
-712
-751
-780
-804
-825
-852
-876
-907
-942
-979
-1012
-1029
-1041
-1047
-1046
-1031
-1011
-980
-941
-889
-820
-745
-665
-577
-476
-360
-233
-104
37
187
342
492
631
764
891
1006
1117
1215
1280
1331
1370
1398
1403
1377
1328
1265
1185
1091
990
882
779
688
610
549
498
447
392
331
264
192
115
27
-70
-173
-258
-329
-399
-475
-538
-590
-637
-686
-736
-788
-839
-898
-974
-1057
-1133
-1178
-1212
-1245
-1278
-1306
-1315
-1304
-1266
-1225
-1184
-1134
-1050
-946
-832
-717
-607
-492
-356
-190
-22
126
258
400
557
718
861
984
1099
1220
1338
1436
1497
1529
1554
1574
1567
1519
1435
1329
1235
1143
1051
955
849
746
667
611
549
474
393
321
248
180
114
32
-67
-169
-257
-340
-418
-496
-560
-610
-644
-672
-708
-754
-804
-856
-930
-1025
-1130
-1212
-1268
-1300
-1325
-1356
-1378
-1367
-1327
-1280
-1229
-1175
-1104
-1010
-903
-798
-705
-612
-498
-363
-215
-59
98
255
418
588
759
920
1065
1205
1336
1446
1518
1557
1585
1607
1610
1572
1505
1421
1332
1233
1126
999
870
760
671
610
561
511
465
430
387
326
237
137
23
-105
-238
-362
-467
-554
-633
-691
-729
-749
-770
-799
-851
-930
-1026
-1127
-1209
-1281
-1334
-1369
-1372
-1362
-1330
-1276
-1214
-1162
-1111
-1046
-973
-898
-826
-740
-644
-532
-405
-260
-101
65
230
391
547
703
854
994
1112
1228
1344
1453
1531
1573
1601
1615
1612
1571
1500
1395
1271
1133
992
841
693
549
421
323
259
216
181
162
157
142
110
69
14
-64
-165
-268
-370
-470
-559
-647
-729
-805
-863
-905
-957
-1028
-1105
-1142
-1154
-1139
-1141
-1148
-1150
-1121
-1086
-1067
-1051
-1039
-1019
-1003
-979
-949
-891
-808
-705
-592
-457
-290
-101
80
256
427
611
795
949
1072
1177
1288
1400
1501
1549
1573
1602
1625
1612
1569
1502
1402
1275
1130
976
806
642
491
356
245
170
122
90
63
37
13
-12
-41
-93
-162
-243
-326
-397
-474
-561
-635
-695
-740
-791
-856
-933
-1004
-1034
-1038
-1027
-1020
-1010
-988
-949
-922
-917
-931
-940
-945
-971
-1007
-1039
-1029
-985
-921
-843
-733
-576
-375
-158
44
250
472
695
891
1061
1198
1303
1402
1510
1606
1652
1667
1674
1686
1694
1674
1608
1487
1336
1180
1011
814
609
416
260
146
70
13
-39
-72
-92
-110
-145
-187
-237
-295
-371
-438
-497
-553
-620
-692
-764
-840
-914
-996
-1080
-1153
-1200
-1209
-1198
-1182
-1152
-1098
-1039
-990
-962
-935
-916
-919
-936
-950
-943
-928
-905
-856
-751
-610
-443
-259
-56
183
436
678
883
1075
1243
1396
1523
1638
1726
1795
1827
1846
1852
1852
1808
1707
1560
1381
1178
947
722
492
284
101
-12
-70
-102
-115
-98
-75
-72
-62
-60
-94
-162
-227
-280
-348
-435
-519
-593
-674
-764
-849
-936
-1037
-1152
-1230
-1246
-1240
-1244
-1229
-1182
-1115
-1046
-983
-933
-911
-890
-875
-869
-887
-925
-947
-920
-849
-752
-620
-434
-198
54
312
594
872
1107
1296
1480
1644
1782
1885
1966
2005
2003
1991
1977
1931
1823
1652
1428
1180
909
632
353
99
-118
-262
-344
-374
-377
-352
-305
-246
-198
-188
-213
-253
-295
-356
-444
-551
-643
-711
-775
-832
-890
-940
-1009
-1079
-1103
-1073
-1028
-993
-956
-890
-790
-688
-610
-561
-524
-517
-544
-628
-738
-856
-943
-977
-946
-875
-746
-537
-254
53
361
675
978
1244
1454
1634
1792
1938
2034
2077
2083
2060
2024
1972
1883
1714
1502
1231
928
594
281
-12
-283
-497
-646
-724
-748
-711
-673
-616
-568
-511
-478
-469
-487
-526
-568
-612
-672
-750
-809
-839
-827
-821
-811
-823
-801
-728
-630
-579
-566
-528
-469
-422
-401
-398
-431
-476
-515
-559
-643
-740
-816
-831
-795
-742
-666
-519
-269
28
320
583
864
1165
1438
1625
1773
1919
2063
2166
2201
2153
2062
1991
1902
1721
1447
1142
821
474
85
-282
-583
-825
-1030
-1148
-1163
-1106
-1027
-926
-804
-688
-572
-472
-398
-374
-360
-357
-368
-406
-468
-501
-482
-442
-445
-485
-523
-498
-443
-417
-448
-481
-477
-448
-448
-484
-536
-581
-613
-648
-708
-817
-918
-966
-954
-908
-824
-673
-422
-105
247
578
912
1256
1599
1877
2073
2214
2318
2412
2426
2355
2172
1998
1851
1686
1399
1059
698
310
-106
-521
-884
-1189
-1416
-1565
-1590
-1500
-1342
-1190
-1007
-800
-602
-463
-354
-299
-287
-320
-354
-391
-437
-475
-469
-421
-333
-256
-257
-311
-314
-246
-253
-387
-537
-592
-616
-687
-807
-886
-894
-850
-816
-777
-725
-632
-517
-373
-224
-82
70
279
561
840
1070
1300
1580
1887
2128
2324
2490
2670
2784
2761
2554
2291
2050
1796
1402
892
370
-123
-606
-1089
-1511
-1837
-2039
-2134
-2076
-1903
-1653
-1392
-1097
-823
-591
-422
-281
-196
-193
-271
-371
-426
-481
-539
-598
-580
-497
-448
-482
-541
-473
-345
-324
-459
-551
-528
-537
-668
-826
-883
-877
-853
-848
-792
-690
-529
-309
-61
142
344
633
971
1257
1471
1685
1926
2168
2359
2515
2657
2810
2946
3021
2921
2616
2235
1919
1554
972
228
-476
-1096
-1689
-2266
-2697
-2917
-2952
-2883
-2649
-2206
-1694
-1242
-833
-437
-120
87
193
235
194
85
-69
-187
-253
-313
-340
-275
-131
-66
-134
-235
-252
-246
-373
-660
-960
-1169
-1360
-1575
-1780
-1871
-1832
-1670
-1430
-1116
-759
-368
124
676
1167
1538
1893
2285
2627
2808
2870
2913
2997
3080
3091
3087
3150
3296
3298
3008
2483
2041
1657
1069
113
-938
-1838
-2587
-3331
-3974
-4349
-4423
-4256
-3835
-3151
-2336
-1554
-817
-74
550
939
1107
1206
1204
1026
707
398
156
-75
-269
-352
-287
-265
-414
-678
-789
-752
-866
-1296
-1789
-2010
-2108
-2302
-2595
-2668
-2465
-2083
-1684
-1227
-706
-108
560
1258
1922
2419
2850
3290
3774
4070
4134
4092
4141
4181
4067
3796
3556
3490
3441
3035
2211
1407
920
375
-657
-1944
-2982
-3702
-4378
-5051
-5451
-5410
-5032
-4384
-3456
-2316
-1204
-201
779
1674
2233
2407
2413
2327
2041
1509
916
421
-14
-449
-783
-872
-902
-1155
-1589
-1869
-1871
-1979
-2495
-3162
-3466
-3421
-3435
-3589
-3518
-2994
-2184
-1330
-505
297
1167
2071
2933
3584
4004
4261
4535
4781
4836
4657
4430
4301
4203
4037
3774
3538
3391
3324
2982
2062
846
-20
-649
-1747
-3448
-4894
-5638
-6092
-6629
-6893
-6416
-5334
-4043
-2563
-781
1015
2430
3499
4386
4821
4618
3993
3280
2451
1392
203
-758
-1401
-1900
-2336
-2465
-2225
-2141
-2491
-2879
-2794
-2594
-2980
-3866
-4339
-4041
-3617
-3585
-3478
-2636
-1243
71
1108
2063
3008
3845
4422
4727
4698
4444
4121
3880
3655
3333
2955
2772
2835
2943
2935
2910
3009
3217
3187
2429
1027
-179
-841
-1764
-3538
-5465
-6476
-6701
-6857
-7027
-6460
-4948
-2964
-962
1192
3358
5090
6178
6761
6783
6002
4545
2875
1289
-396
-2113
-3512
-4213
-4472
-4501
-4156
-3289
-2364
-2024
-2177
-2189
-1862
-2007
-3018
-4163
-4405
-3910
-3508
-3311
-2526
-843
1132
2769
3944
4821
5441
5733
5543
4753
3607
2467
1664
1105
649
281
366
1023
1854
2530
3086
3761
4417
4869
4410
2837
859
-346
-1272
-3090
-5758
-7495
-7656
-7199
-7060
-6527
-4690
-1960
635
2898
5160
6969
7857
7844
7234
5782
3568
1039
-1194
-3077
-4710
-5927
-6284
-5717
-4755
-3668
-2296
-669
478
556
-130
-751
-1258
-2432
-4366
-5881
-5996
-5236
-4448
-3525
-1714
900
3498
5358
6435
6844
6708
6039
4764
2889
864
-672
-1451
-1671
-1582
-1034
221
2012
3732
5036
5937
6565
6857
6561
4994
2232
-519
-2197
-3632
-5951
-8469
-9382
-8467
-7168
-6193
-4651
-1773
1518
4092
6015
7619
8446
8091
6839
5039
2646
-130
-2636
-4406
-5491
-6073
-5961
-4955
-3340
-1725
-329
959
1889
2043
1077
-753
-2746
-4352
-5790
-7264
-8235
-7855
-6105
-3744
-1288
1256
4045
6659
8317
8573
7718
6177
4233
1964
-504
-2661
-3924
-4048
-3275
-1784
143
2259
4395
6371
7772
8184
7742
6942
5863
3609
58
-3225
-4728
-5496
-7199
-9225
-9321
-7324
-5203
-3916
-2265
638
3675
5654
6798
7587
7552
6461
4792
2924
624
-1866
-3753
-4550
-4660
-4588
-4123
-2873
-1220
-42
488
801
912
226
-1453
-3548
-5285
-6407
-7130
-7458
-6935
-5304
-2866
-94
2611
4923
6641
7769
8038
7088
5006
2496
159
-1914
-3772
-4969
-4876
-3553
-1625
521
2919
5248
6966
7885
8029
7403
6114
4614
3199
1253
-1625
-4311
-5160
-4817
-5311
-6886
-7229
-5375
-3230
-2426
-1889
-29
2549
4358
5187
5844
6225
5872
4839
3513
1836
-216
-2047
-3039
-3400
-3759
-3985
-3516
-2474
-1727
-1523
-1379
-1099
-1195
-1890
-2927
-3945
-4738
-5055
-4741
-3921
-2844
-1456
569
2943
4764
5513
5739
5792
5189
3437
1074
-1047
-2630
-3868
-4720
-4533
-3303
-1499
571
2971
5320
6853
7485
7561
7206
6114
4500
3017
1747
-321
-3177
-5005
-4849
-4628
-6082
-7710
-7052
-4731
-3224
-2828
-1569
1337
4163
5771
6801
7738
7888
6884
5252
3345
881
-1929
-4046
-4943
-5268
-5565
-5366
-4132
-2523
-1491
-944
-394
-21
-538
-1778
-2817
-3263
-3689
-4174
-3820
-2143
-63
1465
2828
4448
5774
5826
4731
3092
1143
-1133
-3242
-4738
-5622
-5834
-4903
-2517
387
2753
4583
6661
8489
8868
7569
5936
4632
3298
1700
588
-253
-1809
-3768
-4364
-3505
-3756
-6112
-7986
-6982
-4903
-4178
-3988
-1732
2312
5791
7827
9424
10630
10416
8524
5808
2659
-1123
-4955
-7546
-8454
-8528
-8189
-6845
-4270
-1557
286
1340
2099
2342
1440
-520
-2399
-3429
-3853
-4032
-3523
-1920
377
2504
4088
5104
5309
4568
2947
697
-1928
-4381
-5975
-6358
-5910
-4841
-2625
783
4330
6889
8345
9187
9438
8419
6127
3470
1371
22
-706
-706
-1048
-2255
-3438
-3138
-2466
-3696
-6839
-8705
-7728
-5868
-5021
-3884
-293
4769
9032
11663
13355
13711
12151
8675
4254
-762
-5927
-10209
-12419
-12513
-11322
-9126
-5756
-1680
1809
3964
4911
4980
3897
1417
-1665
-3788
-4606
-4844
-4743
-3383
-496
2531
4287
4880
4914
4331
2565
-289
-3346
-5790
-7085
-6998
-5732
-3813
-1357
1952
5870
8923
9877
9246
8316
7116
4803
1524
-1098
-2219
-2026
-1316
-15
886
441
-1150
-2028
-2241
-4034
-8026
-10895
-9846
-6709
-4205
-1875
2796
9010
13939
15997
16181
14658
10951
5091
-1356
-7377
-12463
-15840
-16366
-13927
-9934
-5435
-701
3984
7234
8237
7217
5272
2562
-1065
-4622
-6431
-6177
-5076
-3780
-1458
2036
4907
5631
4691
3315
1533
-1161
-4319
-6679
-7644
-7145
-5209
-2270
780
3469
6116
8744
9975
8829
6286
4094
2432
367
-2068
-3235
-2520
-751
865
2488
3683
2774
-338
-3028
-3850
-5311
-9138
-12167
-10197
-4878
-574
2022
6245
12303
16564
16680
14309
10908
6016
-507
-6966
-11752
-14844
-16103
-14592
-10097
-4634
11
3790
7104
8829
7945
5154
2187
-390
-3289
-5874
-6382
-4572
-2394
-1039
519
3025
4699
3856
1487
-503
-1792
-3429
-5290
-6010
-5022
-3047
-738
1605
3541
4655
5169
5618
5585
4010
1500
-137
-200
-97
-843
-1307
-83
2025
3283
3575
3718
2597
-711
-4346
-5536
-5434
-7129
-9651
-8626
-3379
1756
4169
6211
10172
13752
13956
11152
7483
3271
-1779
-6938
-10647
-12790
-13476
-12064
-8046
-2986
1050
3831
6084
7530
6989
4643
2002
202
-1188
-2750
-3646
-3055
-1761
-893
-375
224
532
-25
-1146
-1904
-2190
-2360
-2313
-1569
-297
796
1417
2027
2411
1907
662
-222
-138
97
-168
-323
683
2211
2909
2713
2696
3134
3285
2768
2465
2067
34
-3346
-5316
-4567
-3937
-5971
-7925
-5691
-744
2436
3143
4897
8771
11611
10964
8250
5192
1768
-2527
-6773
-9909
-11706
-12002
-9935
-5799
-1436
1844
4412
6743
7944
7072
4792
2624
963
-575
-1947
-2360
-2556
-3101
-3287
-2249
-1170
-1619
-3087
-3156
-1569
-497
-780
-899
545
2291
2620
1562
732
193
-622
-1838
-2433
-1918
-909
294
1912
3705
4666
4931
4699
4388
3355
1858
1008
1549
1471
-1090
-4422
-5119
-3202
-3056
-6014
-8110
-5408
-745
1641
1940
4304
8678
11547
10738
8065
5039
1504
-2904
-7188
-10333
-12137
-11951
-9090
-4273
240
3548
6266
8700
9440
7758
4680
2063
6
-1836
-3512
-4192
-4107
-4103
-3999
-3060
-2007
-2021
-2846
-2933
-1483
-129
139
222
1263
2534
2822
1834
703
-166
-1078
-1847
-2045
-1451
-496
756
2435
4092
4719
4366
3670
3072
2140
889
55
666
1676
589
-2432
-4389
-3426
-2600
-4926
-8352
-7581
-2979
963
2206
4116
8372
12163
12153
9250
5584
1528
-3136
-7623
-10724
-12299
-11830
-8613
-3083
2139
5610
7822
9618
9827
7281
3038
-409
-2425
-3859
-4881
-4515
-2686
-1696
-2660
-3316
-2224
-1372
-2913
-5365
-4853
-1119
1633
1805
1917
3997
6336
6032
2998
-84
-2109
-3448
-4547
-5232
-4767
-2823
287
3764
5975
6138
5422
4769
3890
2017
-256
-1090
413
1461
-337
-3513
-4253
-2508
-2491
-6195
-8971
-6425
-1098
2097
3057
5736
10297
12919
11339
7564
3501
-600
-5155
-9042
-11219
-11374
-9364
-4997
284
4428
6798
8090
8411
6766
3207
-464
-2567
-3374
-3859
-4158
-3161
-1315
-59
-550
-1794
-2619
-2954
-3549
-3984
-3351
-1410
1077
2954
4078
4485
4305
3269
1380
-1237
-3589
-5031
-5089
-4132
-2462
-425
1914
4066
5346
5202
4036
2556
1558
917
571
780
2214
3222
1745
-1713
-3731
-3316
-3955
-7595
-10224
-7165
-1138
2757
3971
6769
11235
13562
11163
6704
2211
-1959
-6285
-9385
-10610
-10061
-7698
-3101
2228
5789
6868
6787
6435
4698
1307
-2033
-3230
-2911
-2447
-1983
-698
506
-104
-2042
-3102
-3176
-4010
-5539
-5267
-2067
1400
2701
2943
3996
5120
4196
1129
-2008
-3839
-4836
-5302
-5103
-3844
-1511
1522
4274
5574
5129
4039
3453
2751
1372
-25
176
1967
4060
4370
1901
-1909
-4472
-4959
-5945
-8897
-10771
-7369
-656
4470
6402
8549
12094
13955
11319
5910
530
-3774
-7337
-9846
-10527
-9350
-6295
-1577
3376
6352
6857
6132
5137
3281
241
-2483
-3279
-2392
-1252
-305
822
1602
758
-1804
-4184
-5303
-5834
-6434
-5938
-3318
668
3534
4611
4849
4941
4073
1645
-1680
-4345
-5589
-5581
-4798
-3608
-1685
1186
4130
5642
5408
4330
3586
2937
1737
534
383
1300
2719
3733
2731
-773
-4800
-6320
-5790
-6671
-9114
-8377
-2541
4119
7091
7838
9975
12562
11706
6927
1368
-2852
-5848
-8086
-8964
-8191
-5917
-2306
1863
4858
5572
4811
3924
2876
1012
-1077
-1860
-1096
67
736
1067
1175
164
-2448
-5495
-7197
-7327
-6904
-6030
-3609
402
4171
5900
5718
4980
3980
2004
-1086
-4070
-5676
-5553
-4492
-3237
-1909
172
2998
5125
5353
4133
3091
2986
2672
1505
347
510
1715
2800
2890
915
-2865
-6255
-6974
-6048
-6419
-7698
-5550
684
6499
8371
8561
10053
11472
9345
4318
-538
-3766
-6013
-7535
-7634
-6258
-4031
-1226
1876
4063
4459
3651
2848
2206
1203
-19
-462
55
598
373
-332
-1144
-2417
-4501
-6335
-6659
-5941
-5139
-3809
-1034
2457
4424
4214
3501
3251
2418
365
-1926
-3090
-3121
-2860
-2659
-2255
-1469
-139
1583
2731
2722
2336
2695
3634
3531
2136
1050
1338
2095
2092
1417
-244
-3173
-6121
-6660
-5010
-4338
-5218
-3762
1690
7140
8580
7655
8113
9461
8140
3616
-1127
-4004
-5411
-6297
-6493
-5726
-4105
-1584
1425
3512
3716
2875
2386
2367
1899
734
-133
-107
227
-101
-1119
-2554
-4058
-5249
-5751
-5193
-3949
-2502
-812
1197
2872
3406
2562
1192
94
-566
-1149
-1747
-2174
-1879
-809
352
681
284
219
1121
1847
1381
436
354
1386
2078
1710
1212
1369
2125
2413
2369
1552
-1069
-4154
-5266
-3608
-2370
-3552
-4097
-622
4368
6357
5435
5383
6940
7171
4389
760
-1928
-3584
-4733
-5139
-4794
-4016
-2439
163
2756
3606
2909
2269
2275
1957
628
-734
-1110
-907
-1108
-1793
-2372
-2596
-2925
-3326
-3298
-3204
-3059
-2477
-1198
140
555
412
893
1788
2154
1717
1295
1218
1014
145
-924
-1884
-2681
-3088
-2737
-1500
-251
797
1937
3183
3802
3262
2349
1772
1546
1200
1093
1748
1465
-982
-3765
-3977
-2136
-2191
-4326
-4242
-124
4038
4923
4428
5616
7317
6624
3725
791
-1337
-2877
-3792
-3881
-3717
-3286
-1743
701
2183
1810
953
1008
1402
857
-361
-905
-541
-285
-687
-1310
-1637
-1892
-2411
-3086
-3569
-3720
-3233
-2052
-672
301
976
1900
2929
3225
2577
1717
1136
392
-985
-2607
-3562
-3817
-3721
-3369
-2306
-376
1461
2704
3229
3382
3243
2649
1934
1468
1411
1912
2868
3761
2509
-920
-3987
-4259
-3502
-4796
-6814
-5360
-251
4075
5181
5444
7083
8642
7727
4665
1319
-1264
-2910
-3884
-4418
-4809
-4399
-2635
-403
742
692
739
1432
1940
1511
686
301
211
-97
-770
-1318
-1623
-1912
-2152
-2303
-2338
-2755
-2995
-2309
-939
135
456
901
1948
2725
2438
1448
580
-218
-1161
-2336
-3405
-4152
-4312
-3682
-2297
-557
1037
2382
3544
4351
4503
4243
3716
3277
2821
2497
2613
2712
824
-3179
-6573
-6634
-5016
-5150
-6194
-4050
1540
6138
7186
6960
7934
8773
7291
3853
307
-2344
-3985
-4768
-5091
-5266
-4753
-2979
-739
603
946
1277
1955
2268
1784
1017
607
466
227
-201
-529
-716
-1127
-1733
-2679
-3784
-4313
-3894
-2731
-1712
-890
519
2433
3565
3235
2243
1441
649
-849
-2851
-4277
-4751
-4531
-3962
-2861
-1031
1380
3565
4749
4920
4637
4586
4162
3095
1539
659
812
1417
1470
-696
-4050
-6014
-4881
-3064
-3437
-4393
-2133
2829
6105
6120
5706
6744
7571
6187
3284
252
-2290
-4012
-4860
-5245
-5619
-5141
-3132
-585
918
1349
1879
2701
2991
2425
1735
1411
1187
605
-192
-902
-1497
-2294
-3059
-3544
-4003
-4466
-4563
-3377
-1388
195
1010
1788
2798
3160
2260
676
-562
-1341
-2154
-2955
-3393
-3212
-2603
-1597
-256
1182
2588
3415
3770
3853
3888
3703
2943
1865
1204
1147
1268
1236
-217
-3168
-5608
-5373
-3456
-3018
-3864
-2455
2023
5876
6587
6042
6534
7200
5988
3045
-221
-2911
-4466
-4828
-4703
-4719
-4128
-2124
427
1856
1952
1975
2334
2370
1743
1049
760
638
277
-408
-1162
-1931
-2669
-3406
-3731
-3721
-3503
-3092
-2408
-1305
-321
306
734
1114
1309
1265
1004
628
178
-353
-757
-1076
-1550
-2074
-2337
-2055
-1340
-289
887
2081
3066
3971
4464
4220
3249
2100
1463
1055
820
653
-622
-3185
-5223
-4742
-2791
-2310
-2813
-1236
2846
5985
6280
5573
5693
5795
4436
1953
-650
-2633
-3488
-3334
-3079
-3271
-3074
-1696
87
857
664
577
918
1243
1262
1206
1149
851
280
-372
-1198
-2227
-3145
-3614
-3524
-3382
-3352
-3004
-2021
-564
471
858
1036
1379
1614
1399
799
107
-421
-902
-1430
-2051
-2682
-2929
-2531
-1439
-85
1304
2641
3681
4188
3967
3302
2284
1316
638
561
862
1483
1617
-35
-2809
-4410
-3322
-1939
-2278
-2545
-57
3809
5618
5087
4585
4913
4744
3406
1517
-354
-1778
-2343
-2451
-2991
-3829
-3620
-2109
-706
-371
-253
555
1495
1808
1602
1427
1275
845
191
-574
-1309
-2120
-2845
-3274
-3143
-2765
-2547
-2316
-2063
-1362
-517
261
621
624
674
969
1085
533
-290
-795
-860
-1017
-1577
-2093
-2031
-1323
-316
755
1704
2303
2799
3065
3091
2517
1960
1958
2237
2362
2290
2044
-36
-3460
-5540
-4348
-2398
-2409
-2528
87
4168
5885
5083
4315
4545
4424
3221
1502
-290
-1750
-2366
-2541
-3266
-4236
-3959
-2301
-787
-164
373
1335
1975
1887
1531
1265
908
326
-185
-708
-1385
-2207
-2750
-2913
-2768
-2680
-2967
-2949
-2331
-1008
-7
208
133
545
1293
1558
1166
621
540
591
72
-1037
-2153
-2734
-2728
-2280
-1364
203
2019
3235
3755
3784
3755
3264
2482
1815
1653
1678
1680
1062
-1283
-4100
-5026
-3114
-1385
-1555
-1425
1075
3996
4435
3262
2826
3428
3603
2908
1729
349
-882
-1660
-2396
-3526
-4277
-3562
-1891
-631
-2
750
1541
1591
920
378
286
227
-60
-423
-752
-1150
-1583
-2069
-2372
-2423
-2041
-1587
-1474
-1480
-1417
-1209
-1105
-816
-207
564
1081
1374
1617
1576
1020
39
-868
-1595
-2132
-2400
-2190
-1420
-132
1537
2900
3486
3326
3129
3074
2751
2094
1513
1531
1763
1887
485
-2119
-4070
-3487
-1779
-1553
-2092
-1088
1665
3327
3170
2825
3427
3996
3593
2488
1049
-374
-1402
-2130
-3021
-3700
-3218
-1691
-596
-433
-418
-23
117
-336
-698
-406
375
941
1042
699
149
-470
-1174
-2002
-2556
-2543
-1980
-1594
-1531
-1545
-1227
-762
-659
-813
-716
134
1090
1552
1296
847
427
-52
-663
-1275
-1584
-1460
-834
33
962
1647
2009
2121
2181
2255
2362
2385
2391
2351
2241
2161
1594
-418
-3094
-4180
-2755
-1246
-1415
-1733
-215
1986
2604
2075
2080
2966
3528
3240
2233
866
-331
-1087
-1821
-2921
-3514
-2793
-1479
-953
-1290
-1446
-969
-412
-143
96
612
1321
1759
1429
353
-776
-1428
-1640
-1760
-1783
-1524
-1131
-1038
-1443
-2207
-2453
-1877
-874
-278
146
1018
2153
2571
1791
689
-8
-402
-1107
-1955
-2316
-1783
-664
504
1458
2062
2374
2581
2771
2667
2364
2129
2235
2270
2023
1793
680
-1554
-3520
-3060
-1363
-1219
-2288
-1881
505
1968
1699
1597
2853
4137
4001
2776
1159
-227
-1213
-1891
-2705
-3353
-2957
-1690
-755
-921
-1489
-1594
-1177
-677
-237
221
811
1427
1675
1220
324
-432
-798
-1000
-1146
-1235
-1238
-1428
-1949
-2323
-2231
-1599
-1036
-503
186
1147
1706
1363
554
-37
-147
-359
-881
-1321
-1075
-302
326
557
806
1352
1904
2009
1832
1771
2061
2414
2622
2543
2208
2058
1417
-490
-2925
-3612
-2327
-1462
-2004
-2058
-157
1895
2337
1958
2308
3161
3191
2073
501
-740
-1237
-1272
-1504
-2002
-2040
-1394
-909
-1233
-1957
-2145
-1700
-1028
-405
293
1049
1661
1802
1399
737
205
-192
-570
-965
-1128
-1131
-1207
-1554
-2132
-2370
-2071
-1292
-810
-636
-417
202
773
768
445
378
679
788
370
-239
-509
-268
126
366
580
924
1454
1690
1782
1754
2164
2562
2675
2268
1871
1646
330
-1884
-3452
-2521
-1018
-910
-1562
-770
1107
1784
1133
766
1508
2216
2024
1061
66
-357
-224
-329
-1123
-2016
-1970
-1343
-1228
-1900
-2295
-1624
-391
481
675
790
1182
1601
1454
701
-35
-298
-234
-452
-942
-1408
-1497
-1545
-1879
-2201
-2098
-1476
-1067
-906
-768
-238
464
1008
1239
1204
1047
747
317
-291
-785
-851
-428
130
594
892
1152
1279
1379
1577
2052
2524
2578
2323
1993
1918
968
-1125
-3044
-2772
-1118
-578
-1381
-1489
-23
1082
808
238
787
1932
2425
1750
615
-112
-115
-114
-804
-1777
-2019
-1385
-876
-1091
-1567
-1363
-478
390
617
475
562
1060
1350
885
33
-486
-500
-603
-1070
-1555
-1613
-1275
-1121
-1341
-1547
-1237
-694
-448
-529
-510
-45
569
943
864
584
323
78
-327
-750
-899
-530
110
747
1167
1417
1575
1766
1987
2116
2163
2107
2010
1574
1107
180
-1339
-2705
-2514
-1097
-417
-865
-945
133
973
753
329
754
1750
2295
1758
640
-148
-210
-256
-881
-1649
-1771
-1237
-807
-835
-1027
-835
-248
371
623
539
448
568
625
257
-385
-835
-936
-934
-947
-904
-717
-431
-254
-336
-604
-860
-1005
-1160
-1311
-1244
-782
-46
603
837
652
299
-70
-448
-749
-700
-222
498
1124
1526
1661
1632
1547
1506
1496
1529
1677
1722
1484
1070
358
-931
-2158
-2024
-676
84
-342
-666
-57
542
434
195
528
1406
2121
1897
702
-440
-700
-603
-929
-1453
-1426
-868
-355
-202
-317
-339
-94
204
206
-53
-163
1
91
-141
-475
-579
-545
-540
-581
-463
-203
-3
-94
-448
-806
-1131
-1431
-1579
-1287
-726
-290
-35
279
542
425
-92
-621
-800
-572
-216
50
335
904
1609
1911
1622
1200
1200
1546
1765
1589
1221
977
936
448
-809
-1925
-1544
-200
306
-324
-680
-137
449
546
425
498
954
1521
1290
78
-957
-876
-390
-408
-670
-575
-217
3
-63
-409
-652
-513
-145
13
-98
-189
-169
-198
-317
-436
-508
-540
-510
-393
-200
10
149
116
-113
-349
-490
-679
-1010
-1194
-985
-542
-229
-149
-197
-285
-392
-556
-700
-643
-216
439
998
1313
1453
1504
1384
1174
1081
1247
1493
1569
1418
1186
900
200
-830
-1377
-813
35
123
-292
-347
-51
83
107
200
411
749
1100
883
22
-691
-713
-489
-487
-511
-397
-278
-247
-276
-421
-513
-341
-46
20
-105
-190
-234
-381
-560
-594
-515
-383
-177
57
226
342
368
195
-144
-470
-733
-1020
-1218
-1154
-942
-773
-582
-315
-164
-205
-342
-525
-719
-692
-284
270
715
1055
1335
1444
1368
1236
1185
1197
1247
1239
1149
958
510
-188
-673
-437
188
456
218
49
155
259
204
117
116
284
578
635
236
-281
-458
-411
-423
-464
-413
-347
-259
-145
-129
-234
-242
-75
47
68
46
-18
-179
-307
-306
-285
-328
-317
-198
-109
-119
-182
-249
-343
-427
-473
-531
-697
-887
-884
-663
-407
-300
-355
-478
-612
-744
-891
-1023
-960
-575
19
502
711
747
806
914
932
824
768
929
1201
1338
1214
860
436
224
365
648
689
428
170
109
142
123
107
251
553
835
846
539
117
-217
-430
-569
-583
-464
-279
-94
55
91
38
12
62
124
162
144
11
-216
-372
-394
-380
-412
-441
-390
-332
-379
-526
-642
-658
-610
-571
-536
-534
-586
-644
-659
-651
-658
-682
-779
-983
-1193
-1275
-1201
-987
-587
-69
366
628
820
998
1092
1069
1036
1078
1192
1281
1194
925
654
555
611
666
566
313
110
185
465
615
527
482
697
934
890
517
62
-203
-222
-190
-323
-462
-329
16
217
150
-14
-71
21
131
81
-115
-271
-301
-324
-402
-479
-512
-521
-498
-515
-669
-860
-835
-557
-296
-252
-311
-315
-358
-557
-829
-967
-942
-869
-841
-901
-1019
-1079
-964
-762
-544
-273
94
476
767
931
974
936
927
1016
1144
1196
1105
949
859
847
787
596
367
244
280
434
592
641
586
544
581
616
528
329
144
41
13
-30
-112
-178
-146
-19
90
71
-58
-160
-155
-108
-152
-282
-365
-315
-243
-282
-401
-462
-418
-366
-428
-612
-773
-726
-505
-331
-365
-470
-478
-421
-498
-748
-966
-973
-824
-720
-739
-818
-813
-678
-487
-369
-301
-113
278
680
867
838
779
838
968
976
821
736
902
1157
1153
840
456
278
368
577
639
513
390
421
469
355
126
-3
113
378
513
319
-2
-137
-51
11
-63
-153
-109
19
76
-38
-248
-368
-325
-228
-202
-251
-341
-411
-428
-415
-453
-533
-555
-492
-433
-458
-561
-678
-686
-586
-506
-560
-667
-712
-701
-688
-662
-612
-523
-393
-279
-253
-302
-278
-122
114
318
448
541
667
827
859
733
643
797
1111
1330
1251
942
647
587
686
707
618
532
525
499
398
182
-52
-144
-7
194
275
210
102
41
33
42
-8
-82
-100
-29
-29
-192
-437
-579
-580
-506
-432
-396
-398
-410
-435
-489
-533
-501
-421
-402
-494
-662
-802
-867
-860
-790
-647
-468
-314
-268
-338
-452
-489
-414
-322
-272
-210
-54
133
257
273
265
321
485
602
529
369
392
645
920
1014
915
829
941
1180
1226
977
663
544
566
543
360
93
-78
-51
53
25
-93
-96
93
312
374
222
10
-68
33
90
-58
-299
-410
-391
-409
-559
-747
-811
-708
-570
-572
-683
-718
-583
-418
-335
-343
-380
-402
-416
-510
-689
-804
-734
-537
-360
-244
-181
-159
-182
-246
-313
-264
-22
303
533
619
633
597
487
261
31
-12
209
533
707
641
477
469
648
845
883
854
871
910
821
557
201
-38
-26
126
173
55
-58
-72
-45
-41
-50
12
187
402
469
306
56
-105
-173
-255
-392
-539
-643
-722
-817
-949
-1033
-1014
-904
-783
-660
-526
-382
-253
-142
-100
-160
-270
-352
-403
-453
-459
-364
-193
-27
90
155
229
346
456
496
541
650
736
643
442
315
329
339
236
41
-88
-14
216
365
303
178
182
349
521
579
513
471
507
540
387
116
-49
-10
85
86
-7
-93
-89
16
135
159
132
147
191
145
4
-165
-325
-456
-546
-662
-857
-1054
-1157
-1189
-1199
-1142
-986
-772
-556
-350
-187
-90
-53
-32
-37
-47
-54
-69
-119
-137
-36
163
388
606
807
942
989
875
662
504
579
763
817
626
332
92
-31
-84
-159
-222
-200
-87
-31
-87
-197
-219
-101
163
422
532
513
517
536
428
184
-18
-52
34
106
92
27
-18
-27
-63
-146
-238
-261
-229
-186
-218
-355
-578
-771
-863
-880
-910
-969
-1020
-1021
-981
-902
-761
-539
-260
11
221
341
351
299
268
298
367
425
490
596
726
776
734
691
783
963
1053
920
655
447
411
464
425
262
108
33
-56
-234
-456
-606
-623
-514
-399
-365
-339
-209
-11
128
196
263
343
382
362
240
18
-191
-259
-220
-176
-158
-183
-251
-344
-444
-579
-709
-722
-597
-448
-409
-476
-552
-563
-542
-548
-593
-611
-565
-488
-430
-380
-260
-22
280
544
707
781
812
843
812
669
500
505
717
943
969
800
599
537
631
712
664
530
465
431
341
143
-92
-261
-284
-237
-282
-462
-608
-583
-450
-347
-313
-274
-166
4
122
88
-36
-95
-61
-84
-236
-394
-434
-397
-393
-485
-629
-686
-598
-460
-432
-527
-626
-619
-559
-529
-499
-381
-163
33
92
15
-57
2
179
325
374
404
514
652
692
632
613
740
935
997
838
586
432
449
537
559
500
467
507
538
461
276
114
63
85
59
-53
-174
-245
-297
-370
-460
-527
-527
-454
-376
-379
-433
-445
-415
-404
-429
-464
-482
-481
-491
-557
-648
-689
-652
-600
-550
-483
-363
-229
-158
-172
-208
-173
-78
1
21
26
87
211
344
444
518
620
767
880
805
595
477
584
740
721
521
337
320
456
592
573
466
404
428
371
154
-126
-249
-159
27
105
37
-50
-52
-25
-67
-173
-253
-241
-178
-166
-296
-522
-701
-746
-742
-744
-727
-633
-548
-564
-698
-840
-865
-768
-659
-619
-585
-498
-375
-294
-246
-165
-5
220
406
495
509
559
671
780
834
847
853
823
757
683
680
722
751
671
519
402
426
520
531
440
337
312
299
218
47
-95
-115
-16
48
-23
-167
-244
-244
-268
-360
-478
-515
-429
-303
-277
-346
-425
-462
-481
-535
-625
-728
-752
-703
-693
-770
-851
-835
-751
-662
-595
-520
-441
-380
-362
-356
-284
-113
61
148
210
347
536
694
801
888
990
1096
1121
1029
914
938
1031
1039
886
717
660
702
695
563
385
279
268
235
139
-14
-70
-19
59
-21
-197
-299
-255
-219
-298
-454
-558
-544
-480
-481
-578
-694
-761
-793
-834
-893
-955
-972
-922
-818
-713
-626
-566
-524
-483
-418
-382
-380
-348
-216
-57
47
69
93
176
359
584
726
741
717
741
732
651
571
608
749
896
904
744
617
690
865
894
797
692
652
592
476
296
130
84
138
158
22
-176
-302
-305
-279
-313
-420
-487
-460
-396
-438
-611
-830
-945
-900
-809
-822
-962
-1084
-1085
-984
-894
-885
-908
-825
-642
-531
-548
-551
-419
-185
39
180
278
418
610
749
796
825
894
974
989
913
822
838
969
1044
941
744
631
628
656
604
500
424
452
515
495
346
172
111
149
174
126
67
41
24
-40
-186
-346
-440
-430
-416
-473
-613
-769
-895
-990
-1099
-1190
-1168
-1022
-855
-810
-866
-924
-871
-780
-731
-730
-635
-443
-268
-215
-241
-220
-57
182
358
434
513
664
802
787
628
494
566
816
1009
1014
890
823
859
951
938
842
759
805
857
772
527
302
226
259
279
189
77
36
82
70
-53
-224
-292
-275
-318
-534
-798
-905
-841
-778
-876
-1067
-1154
-1016
-811
-763
-895
-975
-872
-694
-630
-690
-692
-527
-261
-79
-11
46
184
358
458
480
507
614
700
646
468
368
423
549
569
443
281
236
310
377
354
306
337
418
480
469
439
435
488
523
506
449
439
487
511
430
278
131
34
-8
-86
-251
-450
-549
-593
-663
-785
-884
-907
-829
-747
-799
-931
-972
-890
-837
-821
-734
-522
-254
-37
56
69
159
348
502
546
560
645
721
681
494
309
274
414
535
495
359
292
333
347
263
145
119
161
206
172
83
9
-8
-18
-101
-211
-235
-134
-13
32
-9
-80
-104
-86
-89
-150
-205
-249
-310
-409
-487
-511
-477
-375
-289
-319
-452
-530
-515
-434
-354
-252
-139
20
176
241
221
245
380
536
600
562
486
394
306
278
347
477
560
542
449
364
326
312
281
255
258
236
175
70
-82
-239
-295
-254
-223
-204
-118
-13
11
-66
-147
-185
-173
-193
-301
-461
-551
-604
-736
-944
-1079
-1042
-876
-703
-621
-610
-564
-460
-368
-321
-260
-108
126
352
460
484
572
754
932
1005
1038
1060
1043
926
772
689
726
811
782
635
471
440
445
372
214
113
60
-1
-95
-203
-295
-295
-198
-135
-169
-210
-186
-187
-273
-408
-515
-543
-496
-482
-581
-744
-867
-952
-999
-1006
-964
-886
-740
-603
-599
-684
-680
-531
-358
-223
-132
-29
126
299
383
399
461
643
844
1015
1102
1070
971
964
1042
1067
982
878
826
826
830
752
587
436
367
324
252
146
38
-36
-35
-48
-132
-242
-261
-247
-262
-355
-497
-663
-770
-788
-787
-825
-880
-908
-951
-999
-1036
-1039
-1035
-1005
-959
-909
-875
-793
-667
-521
-381
-231
-79
54
197
345
500
639
781
928
1065
1130
1121
1121
1178
1233
1188
1050
922
915
986
965
806
613
500
432
355
243
140
77
59
14
-119
-277
-350
-339
-340
-410
-538
-680
-765
-763
-755
-793
-845
-868
-880
-874
-851
-842
-866
-851
-809
-762
-721
-642
-545
-431
-315
-194
-101
0
151
328
478
567
642
676
692
680
747
849
966
974
896
795
775
835
870
859
786
733
631
515
361
285
264
307
289
191
45
-54
-122
-219
-356
-477
-537
-582
-650
-801
-947
-1020
-1019
-1063
-1134
-1161
-1100
-1025
-977
-965
-954
-888
-759
-604
-475
-342
-176
26
212
374
537
700
859
983
1010
946
895
958
1072
1118
1050
925
827
814
814
739
620
543
504
426
298
150
43
20
47
25
-87
-188
-219
-214
-268
-386
-537
-641
-646
-641
-736
-921
-1034
-1065
-1041
-1029
-1006
-1007
-964
-881
-819
-822
-789
-636
-451
-278
-133
29
180
344
488
600
703
824
915
899
846
859
963
1056
1042
912
777
773
833
811
684
630
665
689
605
460
324
292
318
278
137
3
-32
-52
-140
-309
-479
-638
-711
-734
-770
-904
-1046
-1146
-1169
-1188
-1219
-1265
-1262
-1181
-1099
-1078
-1063
-961
-789
-575
-342
-155
-36
116
339
542
680
799
858
844
865
990
1113
1170
1160
1094
1021
1024
1045
990
893
877
880
813
664
499
359
276
220
124
4
-43
-35
-86
-240
-414
-560
-641
-679
-687
-706
-727
-778
-896
-1013
-1065
-1013
-988
-974
-982
-960
-938
-885
-835
-756
-606
-392
-191
-43
95
254
418
539
604
592
579
641
783
857
826
740
707
738
812
850
847
846
860
813
678
524
430
399
382
345
252
194
195
172
8
-182
-292
-284
-261
-311
-473
-665
-750
-764
-817
-940
-1016
-1037
-1038
-1087
-1172
-1218
-1135
-969
-831
-766
-689
-544
-335
-143
32
203
420
606
686
692
764
923
1042
1052
950
891
905
997
990
921
862
865
801
662
485
367
346
339
243
50
-91
-141
-174
-240
-306
-338
-329
-318
-371
-448
-466
-407
-386
-441
-532
-622
-702
-734
-739
-740
-736
-715
-718
-746
-740
-692
-595
-482
-323
-177
-23
73
101
83
175
388
593
668
629
609
678
824
897
887
845
858
849
772
629
521
490
508
473
346
207
134
85
-19
-154
-243
-268
-279
-321
-421
-489
-469
-399
-397
-449
-493
-492
-479
-475
-505
-524
-487
-424
-399
-418
-392
-332
-258
-216
-191
-158
-113
-113
-137
-98
33
177
233
225
232
343
474
530
480
469
508
551
508
461
454
493
496
417
293
208
228
232
170
43
-18
-47
-67
-166
-294
-373
-354
-355
-453
-558
-575
-496
-410
-353
-361
-341
-269
-150
-105
-89
-71
32
133
209
226
215
177
122
126
173
198
116
70
131
285
340
270
135
121
245
359
299
151
73
76
33
-76
-186
-217
-128
-19
-51
-198
-248
-188
-157
-256
-359
-394
-322
-279
-336
-464
-475
-375
-281
-275
-242
-140
-10
76
67
35
72
238
372
435
440
482
449
357
272
279
342
380
362
283
270
339
432
425
406
406
423
385
300
192
117
90
30
-124
-294
-373
-380
-405
-478
-535
-538
-493
-511
-596
-670
-645
-596
-589
-619
-622
-563
-458
-380
-344
-289
-159
5
123
194
272
394
516
549
467
325
256
283
353
351
306
256
251
272
305
336
376
477
565
573
471
393
358
379
375
329
222
134
76
-7
-150
-272
-316
-339
-392
-488
-580
-639
-640
-673
-757
-850
-850
-788
-715
-657
-601
-509
-357
-192
-109
-46
85
304
491
593
591
524
486
512
553
533
495
439
401
377
374
325
293
321
358
318
242
178
138
121
132
120
77
59
69
35
-56
-143
-188
-202
-223
-275
-349
-372
-364
-400
-509
-608
-641
-624
-594
-565
-530
-469
-384
-307
-271
-191
-48
138
287
377
400
372
393
457
554
584
594
528
462
391
343
295
265
284
261
211
124
62
-12
-46
-66
-78
-107
-102
-79
-92
-128
-148
-155
-178
-203
-243
-254
-225
-188
-239
-352
-437
-456
-440
-407
-363
-328
-287
-253
-257
-281
-217
-57
122
231
273
230
187
232
368
485
544
550
504
478
486
495
445
414
405
385
305
203
78
-17
-66
-97
-158
-221
-237
-255
-291
-327
-330
-333
-313
-306
-313
-322
-295
-282
-315
-337
-321
-285
-251
-196
-164
-132
-107
-89
-95
-57
34
121
168
185
180
134
115
151
220
266
308
316
309
317
348
353
346
380
426
419
331
227
134
88
64
8
-87
-157
-192
-229
-285
-326
-346
-329
-302
-299
-333
-340
-310
-291
-308
-320
-280
-194
-87
-10
22
41
57
91
140
247
339
405
401
356
272
201
179
190
217
215
185
100
37
-18
-15
8
56
64
43
2
-16
-50
-111
-179
-217
-235
-253
-296
-357
-411
-414
-403
-405
-411
-386
-341
-291
-246
-251
-250
-206
-127
-77
-2
106
240
337
394
402
441
554
679
726
717
721
720
659
542
450
421
421
363
242
111
50
35
18
-41
-100
-115
-103
-131
-217
-312
-370
-382
-416
-499
-574
-591
-584
-633
-733
-813
-810
-742
-704
-718
-740
-699
-638
-598
-575
-492
-330
-108
83
170
210
299
463
630
778
920
1064
1163
1185
1120
1012
966
994
1015
944
800
635
508
422
345
261
196
163
100
-24
-176
-260
-291
-317
-398
-490
-565
-577
-591
-660
-767
-832
-816
-813
-833
-883
-880
-858
-817
-822
-842
-830
-734
-596
-478
-379
-267
-129
8
129
258
411
609
795
934
984
1020
1047
1099
1139
1159
1139
1090
1024
936
841
732
651
569
486
334
171
17
-81
-200
-317
-435
-510
-560
-596
-663
-766
-846
-865
-849
-851
-861
-877
-864
-823
-762
-726
-688
-638
-572
-518
-440
-331
-199
-76
18
87
171
307
447
544
586
634
697
756
794
824
864
911
950
940
892
828
777
725
662
575
470
353
224
78
-80
-214
-312
-378
-463
-553
-640
-705
-770
-826
-870
-875
-869
-863
-864
-849
-829
-797
-749
-674
-578
-478
-393
-321
-225
-117
0
120
265
395
483
512
523
532
578
621
665
703
759
804
812
780
731
719
735
763
740
676
586
493
380
250
140
77
31
-64
-208
-364
-471
-534
-580
-656
-730
-777
-783
-801
-834
-876
-884
-846
-785
-716
-651
-566
-493
-426
-365
-268
-131
25
150
239
301
349
395
438
481
513
549
579
599
605
604
580
571
563
546
496
454
419
388
333
258
182
132
103
54
-15
-99
-159
-216
-256
-313
-371
-418
-431
-439
-467
-515
-544
-533
-492
-437
-388
-362
-332
-284
-215
-178
-128
-66
25
92
121
117
110
137
189
250
275
307
323
362
380
402
403
403
405
419
416
368
293
227
168
107
39
-14
-50
-76
-121
-177
-239
-285
-313
-330
-350
-376
-394
-408
-410
-424
-444
-458
-416
-349
-275
-222
-172
-120
-37
62
137
185
223
279
305
300
262
240
240
256
251
226
210
215
241
250
258
278
328
363
353
301
230
175
126
75
4
-60
-114
-158
-213
-271
-315
-324
-311
-305
-313
-329
-332
-328
-324
-342
-359
-350
-309
-274
-260
-248
-211
-139
-61
10
77
163
249
314
339
346
347
351
351
329
303
282
258
211
176
170
193
213
219
213
195
170
141
115
91
48
-16
-92
-173
-253
-320
-368
-400
-410
-401
-390
-375
-351
-311
-277
-249
-219
-169
-132
-114
-109
-89
-53
-6
40
64
98
154
227
284
333
377
420
438
441
414
379
355
339
304
235
169
128
104
89
82
80
74
61
35
0
-33
-60
-90
-141
-193
-260
-330
-408
-469
-513
-537
-545
-538
-518
-496
-467
-442
-413
-373
-315
-251
-187
-125
-61
-3
42
85
127
184
253
326
385
440
492
534
558
569
574
568
566
545
505
448
395
336
289
257
246
217
171
116
72
40
0
-55
-117
-155
-182
-222
-295
-359
-406
-430
-472
-516
-557
-576
-587
-600
-616
-611
-577
-527
-492
-467
-419
-334
-240
-173
-110
-21
98
194
259
299
359
431
494
526
553
583
609
599
559
524
511
514
490
438
364
314
266
204
115
31
-25
-63
-112
-173
-221
-247
-258
-288
-330
-348
-326
-301
-301
-321
-329
-322
-316
-323
-329
-312
-277
-260
-276
-284
-252
-178
-111
-69
-37
23
104
160
179
188
227
290
333
339
330
342
381
407
397
373
368
378
377
337
270
213
180
143
72
-5
-62
-92
-138
-206
-284
-332
-342
-350
-384
-426
-434
-420
-405
-406
-407
-384
-333
-281
-263
-267
-256
-217
-167
-119
-72
-12
72
142
177
188
230
301
373
407
422
442
470
486
477
466
476
507
510
471
414
375
344
303
233
160
107
60
-12
-106
-187
-237
-283
-351
-422
-464
-476
-495
-536
-576
-583
-559
-539
-538
-526
-487
-437
-404
-382
-342
-274
-195
-134
-87
-29
50
114
147
165
202
259
314
336
338
346
375
401
409
412
433
467
487
477
450
438
431
409
350
284
236
206
155
77
5
-41
-67
-106
-158
-207
-233
-245
-276
-326
-365
-381
-388
-406
-427
-437
-421
-393
-378
-370
-341
-285
-217
-159
-116
-72
-22
28
65
90
118
152
180
187
179
173
183
201
207
207
220
245
267
273
263
253
249
242
217
178
143
117
88
48
5
-22
-39
-49
-69
-99
-124
-138
-147
-171
-212
-250
-272
-290
-304
-319
-325
-316
-291
-263
-243
-213
-169
-107
-46
13
65
119
171
211
239
266
294
315
322
315
311
308
300
276
248
229
217
204
188
157
122
84
54
23
-13
-45
-66
-82
-104
-125
-150
-171
-191
-210
-234
-254
-262
-265
-275
-294
-309
-318
-318
-317
-316
-311
-295
-268
-236
-207
-178
-137
-76
-6
57
109
162
218
267
297
314
333
357
373
373
359
343
335
325
312
292
270
252
237
211
174
135
106
90
72
44
1
-32
-59
-77
-107
-137
-166
-185
-207
-227
-251
-278
-290
-292
-294
-307
-314
-315
-302
-280
-260
-244
-219
-178
-137
-110
-86
-52
-5
49
88
115
149
191
219
223
214
214
223
229
214
193
184
192
189
164
139
129
126
116
95
74
63
55
39
19
5
-2
-12
-32
-56
-72
-82
-93
-110
-131
-149
-162
-173
-184
-184
-178
-168
-163
-158
-158
-153
-137
-111
-86
-66
-45
-27
-9
6
24
45
67
88
106
108
104
109
115
123
129
137
141
144
136
120
104
100
104
102
93
79
71
61
50
29
8
0
2
-9
-39
-63
-69
-66
-70
-85
-100
-101
-87
-85
-106
-128
-129
-117
-114
-122
-120
-102
-81
-72
-75
-71
-46
-10
11
23
38
62
75
79
79
83
103
125
133
125
115
112
113
106
98
101
107
108
91
69
52
48
35
20
10
5
-3
-21
-42
-59
-62
-57
-50
-53
-65
-73
-71
-73
-86
-94
-95
-93
-96
-104
-111
-106
-97
-98
-110
-112
-96
-75
-64
-58
-47
-31
-11
-5
-7
2
22
41
45
45
56
73
76
70
72
91
110
111
98
95
102
110
103
84
78
86
85
68
51
51
63
68
53
35
30
39
37
20
7
5
7
-13
-44
-64
-65
-70
-91
-120
-129
-126
-127
-144
-158
-151
-132
-120
-121
-121
-113
-93
-87
-93
-97
-81
-53
-39
-37