SAMPLES:	8717
BITSPERSAMPLE:	16
CHANNELS:	1
SAMPLERATE:	16000
NORMALIZED:	FALSE
-3
-6
-5
-2
5
10
13
12
9
-2
-8
-5
-4
-4
0
4
5
8
-1
-18
-24
-27
-29
-16
-13
-6
0
3
3
2
-11
-6
-4
-11
-17
-14
-12
1
4
3
2
4
5
0
-9
-15
-9
-5
-1
-3
-1
5
13
6
4
-2
-8
1
3
-4
0
6
7
3
-2
-1
-4
-5
-2
7
4
7
1
4
5
0
-9
-23
-4
6
16
26
9
-16
-18
-18
-4
8
16
18
4
0
-12
-19
-14
-2
10
21
12
6
-5
-17
-15
-12
-1
13
22
17
11
2
-5
11
15
17
24
11
6
-4
-15
-9
-5
2
22
25
29
25
2
-4
-18
-12
-21
-41
-26
-14
-8
-2
8
20
38
40
17
-9
-33
-44
-57
-38
-10
11
38
25
30
24
-9
-1
20
12
10
19
-11
-12
-10
-15
-11
6
13
26
15
-19
-33
-42
-21
16
18
25
21
-3
-1
-9
-17
-18
-24
-15
2
-2
-6
-4
0
-1
18
11
-2
1
-21
-33
-37
-8
21
36
25
4
10
5
-1
-17
-43
-33
-13
8
2
-8
8
8
6
3
-16
-32
-9
7
-6
5
39
26
15
3
-32
-20
1
-2
6
13
9
11
5
-21
-26
-11
7
5
-9
-6
3
26
28
18
2
-14
-8
-16
-21
-25
-7
30
54
66
38
-19
22
-2
-15
15
-3
19
85
40
5
-15
-50
-8
-26
-10
22
25
30
34
-35
-70
-37
-22
2
4
-22
-19
-15
-12
-20
-55
-21
11
8
5
-9
-13
10
25
-6
-21
-11
37
53
18
18
19
31
35
-4
-19
-19
-27
-22
-16
34
82
79
37
-13
-44
-35
-32
-14
18
26
-7
-14
-26
-41
7
6
17
41
31
33
41
-5
-38
-33
-63
-57
-19
-17
-3
7
8
-10
-23
-27
-27
-11
-18
-2
2
-15
-3
44
61
63
37
-9
-28
-8
2
-20
14
16
1
-9
-21
1
13
11
-13
-28
-19
-11
-46
-32
-7
-16
47
49
13
51
-2
-8
16
-42
-17
41
1
8
-12
-14
53
57
29
13
-21
-20
-26
-57
-13
-13
-25
33
-2
-11
61
23
26
36
-39
-34
-38
-39
1
-12
0
8
-1
27
-32
5
10
-51
41
-13
-55
54
-9
-22
63
-42
12
81
-43
-27
52
-18
65
49
-7
5
40
-28
-68
39
-77
8
135
-90
6
93
-107
-31
15
-102
-32
100
-49
19
83
-93
6
-2
-147
78
-34
-56
168
-30
-85
98
-78
-66
48
-21
-55
120
8
-89
143
-143
-3
90
-123
59
99
-102
78
69
-107
31
43
-137
37
63
-117
178
0
-43
158
-144
-33
71
-148
86
76
37
-25
27
40
-202
120
-60
5
170
-101
161
-64
-106
91
-8
-122
136
-101
66
-25
-48
5
-25
-23
-4
62
-93
10
51
-32
-83
185
-123
44
175
-12
38
-25
-20
16
-179
70
157
-147
141
62
-128
-16
46
-11
-77
47
126
-175
4
140
-129
-57
123
-92
-32
-7
105
-110
-25
148
-93
-117
144
-12
-89
89
-29
-66
-21
58
-40
59
-32
43
-43
-8
113
-15
-34
26
-52
22
-32
-8
126
-185
195
-66
-65
92
13
-97
86
-6
-64
39
1
-77
131
-56
2
-9
-72
116
-86
-34
53
-134
137
-36
-86
43
-97
120
-90
-54
6
-6
-15
112
-131
110
-13
11
98
-149
85
34
-192
141
22
-165
189
-128
49
11
80
-31
55
-129
184
-315
123
42
-61
54
149
-108
-45
126
-114
-109
140
15
-98
259
-143
1
47
-132
-13
1
-69
143
-73
142
-18
23
-13
-83
22
-32
-6
156
-172
170
-18
-37
83
-119
81
-51
-73
137
-119
8
118
-62
-79
107
-16
-89
122
35
-109
77
48
-164
53
-125
13
-20
-24
107
-61
-40
133
-123
5
163
-155
96
-3
-77
102
14
-41
276
-294
175
-95
-47
-154
275
-349
329
1
-225
209
-30
-48
122
-102
-28
5
-6
-42
42
178
-261
273
-180
183
-60
90
-144
270
-341
237
-141
-112
260
-117
-88
228
-272
266
-202
-112
305
-357
257
-133
-20
-26
166
-210
73
-10
-7
177
-190
95
-16
-76
86
5
-326
534
-334
127
218
-391
409
-291
-77
299
-310
190
181
-355
349
-164
-42
182
-306
272
-113
-37
228
-360
167
119
-269
240
-240
126
-28
-38
63
-39
-27
94
-106
13
27
-114
109
-176
88
23
-63
37
36
-254
246
-133
-26
-66
158
-60
-18
142
-257
50
195
-229
201
-146
9
206
-190
163
-51
-91
208
-122
80
-119
153
-193
-4
138
-218
154
-103
41
85
-69
206
-179
149
-174
86
18
-61
197
-114
-78
264
-119
36
-16
-140
91
-60
104
-115
163
-91
120
-64
34
36
-257
248
-260
106
-14
-197
135
94
-39
187
-179
124
92
-149
120
-148
-63
158
-196
102
-50
46
158
21
-194
189
-198
-25
165
-160
55
-26
130
-83
266
-217
51
-86
116
-70
61
-122
413
-240
248
-266
-33
56
-74
-95
-58
-105
46
145
-88
78
8
-77
103
-100
-110
234
-241
344
-282
141
-54
-94
148
-130
-81
126
49
84
-30
-103
-224
233
-95
-127
95
-83
297
-28
-29
136
-248
260
-169
-180
309
-301
130
-35
-27
30
131
-266
427
-332
5
139
-45
-100
182
-157
23
45
62
-89
-2
231
-40
-145
168
-225
-76
119
-130
110
-300
423
-129
-117
144
-299
16
22
-130
144
-18
157
157
-383
468
-325
130
-329
144
-54
75
222
-203
172
-38
101
44
-198
172
112
-278
417
-523
525
-173
-183
344
-486
402
108
-566
722
-402
190
-1
-250
-54
487
-325
104
12
-352
328
-251
25
-21
-80
155
146
-1
12
39
-228
241
-204
49
-103
38
51
11
30
26
20
65
-80
-44
150
-177
108
-144
63
-71
-31
132
11
-178
259
-208
-74
363
-583
413
-110
-71
506
-600
304
-123
-346
528
-241
-90
201
-142
-7
64
-199
-141
214
-385
358
-304
200
-25
0
58
-85
347
-391
395
-77
-119
389
-195
-42
112
-227
148
39
-121
136
26
104
-44
162
-142
-227
261
-323
-137
-5
-142
333
2
25
0
-113
212
-5
-51
-187
-178
19
-99
202
-117
371
-249
615
-321
143
-181
-17
-132
-73
-110
8
-248
433
-347
233
103
-10
248
-324
424
-45
-85
43
-268
-91
534
-474
489
-256
-18
215
-130
-196
140
-66
53
84
-56
-133
341
-102
-130
6
-165
-85
427
-402
178
123
-41
157
-108
3
-184
91
-170
118
-261
289
99
77
-19
49
-266
0
-162
-21
-43
-34
223
25
226
75
96
5
-190
4
-186
93
-267
42
-66
83
184
65
-71
158
-22
-257
288
-400
224
24
-80
-189
266
-235
175
-48
-161
371
-124
-3
99
-498
147
85
-386
432
-91
240
18
100
104
-140
193
-106
-343
321
-579
286
-273
-10
302
-342
351
-22
31
102
-250
65
-61
-227
250
-519
573
-62
87
-192
40
301
-133
418
-285
-144
182
-72
-173
134
25
-302
304
-138
177
-75
187
-169
330
-638
306
-63
-321
438
-312
190
117
-178
525
-645
546
-183
-181
245
-147
-263
482
-73
-233
154
-220
240
-100
124
-440
23
135
-328
511
-509
332
-96
-189
645
-176
168
-20
-405
234
-302
271
-143
109
-48
164
196
-241
143
-184
54
-27
-470
188
-60
357
255
-270
132
-197
45
65
-494
618
-415
496
-221
69
357
-278
206
-598
417
-474
283
-118
-84
203
157
-359
414
-278
73
389
-531
192
-289
-58
426
-327
192
-255
211
-196
491
-47
-194
330
-310
58
177
-292
194
-88
-107
167
-53
-64
373
-353
83
171
-273
281
-313
-271
407
-480
646
-319
137
-140
77
-1
-422
571
-796
384
-100
-39
295
-281
345
-144
194
16
-70
67
-124
-73
-100
-295
338
116
-184
410
-192
160
115
-281
89
-141
230
-248
-353
371
31
115
-50
120
-368
372
-175
108
-211
173
-79
2
324
-549
403
-762
787
-662
284
95
-100
302
-414
425
-627
658
-261
-4
-193
11
163
-565
609
-319
220
88
-228
418
-536
575
-381
389
71
-330
280
-606
815
-394
53
32
-67
-21
197
-102
246
106
-254
26
-610
694
-433
337
-368
137
307
-196
36
42
-225
490
-590
37
-45
-33
223
-272
95
159
-193
-339
336
-210
550
-196
3
21
85
-48
-199
181
-111
67
28
-173
490
-128
489
-167
105
388
-917
736
-1165
560
-344
-140
248
-112
226
445
-108
-124
175
-547
264
-127
-146
476
-15
-4
204
-813
832
-493
192
-534
1
321
-386
833
-832
912
-699
394
-626
352
63
-311
240
-268
719
-751
701
-646
471
386
-1004
769
-849
594
-17
-383
602
-729
711
-491
42
344
-743
527
-263
-97
-57
204
-121
-4
277
-458
516
71
-423
904
-1297
996
-642
-15
684
-693
785
-589
526
-229
122
-629
397
-344
235
-325
46
34
-163
181
81
162
-208
368
-395
362
-226
-69
281
-239
263
-310
283
-46
169
236
-367
379
-371
219
-428
-146
466
-385
655
-153
-255
100
132
-179
460
-587
-76
450
-272
595
-799
293
-419
400
65
-512
460
-436
293
151
-342
769
-724
761
-573
-31
649
-751
662
-328
-237
549
-460
-72
635
-1014
925
-242
-431
904
-959
597
-268
-364
563
-641
480
31
-414
408
-180
560
-16
-164
-115
-193
477
-862
293
-437
537
119
288
-237
130
204
-739
933
-1392
1199
-1457
1057
-487
296
402
-228
152
96
-27
-327
242
-862
509
-126
337
69
-215
591
-52
-55
490
-1640
1155
-1054
430
69
-738
1335
-1430
1941
-1481
1193
-884
-558
515
-1027
491
-65
-167
215
345
-385
519
204
148
-224
-215
-5
414
6
-60
-395
224
503
-157
-62
-78
155
180
-465
277
-850
970
-810
245
312
-446
1518
-1516
823
-567
962
-587
690
-620
445
84
-834
1083
-1946
1631
-1632
1030
-156
-236
677
-768
645
-80
-217
-263
431
-1011
1068
-936
346
388
-806
1365
-1272
816
-407
-605
632
-225
57
62
-223
1010
-388
292
-221
-193
742
-987
624
-868
635
-158
94
51
385
-703
895
-779
178
496
-1437
1819
-1699
1261
-267
-236
392
-366
507
-563
648
-733
750
-195
72
146
-563
633
-243
-465
-494
149
-242
758
-695
-10
313
-219
558
-622
217
130
216
55
-119
-306
-68
318
126
334
-597
660
-215
443
-38
-385
221
-523
457
-585
231
-420
512
-261
118
44
-577
922
-662
470
-311
-770
998
-735
790
335
-1020
1080
-689
671
-278
-688
1112
-1363
1151
-861
99
744
-979
855
-1021
612
-101
-400
403
-281
-33
372
-627
720
-824
767
-332
126
377
-265
853
-727
404
-847
272
-363
312
-169
134
264
-150
553
103
-50
287
-851
611
-280
154
-214
-239
112
372
311
-677
592
-1030
769
-726
-149
103
-322
821
-37
-302
453
261
-17
-70
-674
77
38
-271
329
-415
743
-103
-190
931
-746
414
-869
612
-982
72
202
-242
942
-525
283
-142
84
-208
-334
261
-322
656
-276
-111
391
-88
287
17
-51
71
185
-327
315
-52
202
129
57
-207
-161
-36
-48
226
351
-248
513
-368
304
-75
-776
684
-647
258
-71
-348
767
-680
223
75
-164
336
-342
23
-301
296
-1085
350
-146
-75
569
-566
514
-236
-163
423
-531
89
-19
-363
640
-573
378
107
92
597
-267
-531
16
460
-344
87
-588
519
123
327
120
-60
107
-92
234
-243
355
-378
-220
-328
551
-29
433
-331
-194
271
-556
1014
-1512
765
38
-463
293
-931
509
132
494
-185
231
-368
383
-565
142
392
-29
30
-105
46
-253
-114
-940
780
-33
243
-237
135
635
-236
-485
-347
63
367
474
-177
454
24
676
209
214
-30
-90
553
-771
335
-128
63
-111
168
-104
-270
173
-399
351
-543
-185
-75
-1004
-27
-523
442
-96
446
25
135
638
-376
48
-627
382
-216
116
-418
-481
45
-96
232
-551
119
103
-91
-10
-416
116
701
258
800
-447
-50
994
227
667
-64
-194
746
-174
-42
-92
-205
789
-415
-227
-321
-583
368
-467
-175
24
192
152
250
-462
202
59
-274
-302
-385
5
-310
83
-657
-89
37
89
379
-281
-275
48
-242
571
-268
-20
487
-678
980
-408
-225
119
-512
437
-212
-196
-117
286
-57
579
-388
150
-153
-347
96
-949
267
22
720
95
527
140
-118
620
-1
437
420
-134
150
-201
-1
114
13
166
74
-153
-159
-223
-151
-127
-366
-184
-515
121
-352
72
-16
409
18
250
388
-106
258
-19
562
-83
305
-99
199
-394
22
-337
-14
-118
-17
124
-490
55
-240
25
-208
254
-200
56
-207
-139
99
-11
307
8
358
156
163
248
140
-163
-197
-72
55
-266
-384
-355
-225
-160
-526
-404
-130
-299
-16
-220
-79
-28
6
-94
-126
-90
-362
56
161
214
105
282
337
491
461
371
300
379
690
285
538
593
669
618
629
784
538
669
673
430
404
327
216
188
65
-101
-50
-185
-305
-471
-383
-554
-812
-1002
-997
-878
-1339
-1424
-1803
-1697
-1709
-1776
-2234
-2038
-2080
-1741
-1737
-1724
-1676
-1489
-974
-822
-495
-130
300
728
1126
1312
1917
2099
2876
2670
3119
3106
3429
3991
4238
4561
4292
4651
4345
4412
3561
3055
2437
2214
1668
914
101
-745
-1064
-1905
-2169
-3250
-3690
-4306
-4642
-5181
-5905
-6330
-6453
-6292
-6158
-6108
-6124
-5792
-4993
-4414
-3940
-3309
-2514
-1374
-385
275
998
1960
2939
3907
4382
4492
4549
4994
5378
5548
5455
5462
5608
6106
6234
6248
6374
6614
7322
6240
4624
1893
1331
1714
1301
-97
-2260
-2889
-3308
-2873
-3330
-4280
-5304
-5195
-5422
-6014
-7074
-7457
-7025
-5490
-3922
-3610
-3620
-3591
-2468
-1833
-805
-1522
-2167
-2001
-42
889
-164
-837
-471
1145
2197
1572
-221
-854
-10
1115
-36
-631
-743
807
2478
3526
3924
3707
5439
6823
7603
7869
8321
9188
8642
7241
5259
4412
4700
4058
1853
-8
-949
-1103
-1836
-2786
-4235
-5582
-5996
-6526
-7540
-8402
-8179
-7468
-6645
-5727
-5076
-5222
-4304
-3126
-2152
-1607
-926
-592
-765
-1610
-1665
-629
1180
1303
162
-672
-313
1207
1321
267
-899
-576
250
668
-98
-234
1151
3746
5294
5305
5155
6101
8199
9660
10130
9780
8888
7260
5572
5163
4953
3675
1280
-372
-1055
-1518
-2342
-3666
-5224
-6084
-6061
-6936
-8427
-9444
-8985
-7707
-6273
-5326
-5152
-4882
-3683
-2242
-1237
-928
-147
267
-598
-1330
-624
1217
1702
953
-555
-806
206
1177
-140
-1896
-2342
-1460
-1157
-1647
-1904
-774
1169
3121
4090
4072
4999
6578
8869
9624
10379
10666
10691
8944
6712
6048
6503
5569
2913
447
-839
-1182
-1841
-2850
-4947
-6148
-6643
-7256
-8667
-10002
-9831
-8898
-7474
-6242
-5848
-5724
-4875
-2778
-1355
-206
213
1021
1193
2321
1583
-691
-889
1646
3435
-66
-2808
-3479
-1064
279
-105
-3338
-4468
-2628
-128
-990
-2205
-944
1524
4462
5513
6239
6105
8735
11770
13052
12669
10903
8726
6832
7865
8533
5994
1853
-418
-749
-611
-1300
-3310
-6344
-7821
-7646
-8429
-10536
-11976
-11206
-9342
-7187
-5887
-6438
-6473
-4604
-1669
272
645
801
-331
0
1389
3359
2700
895
-49
171
791
804
-372
-2068
-2498
-1974
-2259
-3630
-3543
-2221
-295
1221
1720
2040
2889
5773
8166
9348
9926
10657
12184
11814
10187
7552
7194
7624
6667
3424
3
-1583
-1590
-1517
-2671
-5033
-7655
-8623
-8865
-9095
-10041
-10169
-9577
-8110
-6312
-5403
-5219
-4270
-2031
373
1308
1525
1114
1679
2789
3940
3147
122
-1336
-415
1204
-659
-3358
-5012
-3831
-2357
-2261
-4689
-5761
-3840
-832
245
-737
-528
1339
5530
8116
9272
8841
10564
13259
15543
14829
11116
7851
7581
10064
8520
3727
-1469
-2561
-1984
-1120
-2737
-6403
-9951
-10391
-9406
-10069
-11979
-12816
-11191
-8720
-5896
-5320
-5857
-5268
-1550
1664
2754
1843
1868
1792
1706
2738
4252
4153
656
-1365
-1285
550
540
-1367
-4304
-5278
-4312
-3736
-4919
-5256
-3054
-554
1133
1103
1896
3404
6871
9886
10664
10697
11249
13549
13752
11754
8631
7922
8779
7718
3536
-730
-2321
-1943
-1988
-3781
-6921
-10035
-10511
-9611
-9311
-10597
-11244
-10507
-8804
-6672
-5289
-4835
-3787
-1287
1358
2231
2153
2282
3077
4526
5149
4488
952
-1860
-1918
526
767
-2463
-5834
-6741
-4536
-2566
-2940
-4913
-4753
-2284
-210
-461
-161
1473
5469
8424
10175
9781
10496
13136
15680
16443
13064
8906
6023
8076
8607
5045
-1483
-4027
-3596
-2652
-4039
-7227
-10483
-11591
-9903
-9769
-11456
-13450
-11739
-8646
-5551
-4285
-4374
-4274
-1529
2413
4297
3224
2441
3145
5006
5549
3219
50
-308
1933
1717
-1809
-5181
-5078
-3104
-2175
-4204
-6721
-7043
-3996
-1566
-1317
-2032
-536
2468
5129
7113
8275
9551
11240
13475
14453
14529
12863
10093
7712
8394
8970
5395
-596
-3924
-2835
-1973
-3060
-6584
-9961
-11582
-10315
-9209
-10438
-12237
-11738
-9344
-7041
-5474
-4903
-4060
-2032
1391
2995
2606
2074
3275
4979
5863
5347
2819
-486
-1553
538
1656
-778
-4805
-6230
-5068
-3100
-2894
-4394
-5304
-3720
-1232
-825
-1366
-15
3514
6917
8147
8295
8533
10833
13806
15480
14223
10321
6724
5740
8101
7695
2838
-3285
-4488
-2970
-2555
-4933
-8223
-10331
-10160
-8728
-9370
-11728
-12657
-9797
-6181
-4297
-4563
-4670
-3379
132
3702
4141
2642
1978
4086
5675
6144
3494
-578
-1143
2333
4292
-1102
-6357
-6503
-1737
203
-2311
-7175
-8342
-4216
655
551
-2858
-2777
1561
6241
7154
6540
6279
8987
12281
13598
12267
9695
7338
6355
7796
8439
4137
-2066
-4384
-1970
-620
-2637
-6226
-9242
-9987
-8338
-7126
-9000
-11311
-10282
-7119
-5050
-4485
-4473
-3653
-1035
2269
3447
1801
1140
3054
5346
5931
4314
2181
-1114
-1265
1105
2778
-559
-5301
-6359
-4154
-1274
-1805
-4511
-6440
-3928
-267
681
-1149
-1222
1970
5979
7376
6464
6077
8435
11952
13365
11795
8342
5660
5283
7273
7285
2979
-2687
-4418
-2522
-1274
-3103
-6455
-8935
-8964
-7527
-7499
-9414
-10486
-8573
-5705
-4186
-4447
-4548
-3001
275
3148
3173
1753
1409
3470
5262
5557
3187
-679
-1301
2034
4590
273
-5071
-5857
-1683
650
-1641
-6474
-8278
-4323
697
1149
-2633
-3879
-77
5089
6681
5122
4049
6203
9946
11781
10800
8136
6021
5832
7633
8220
4124
-1497
-3369
-550
964
-1203
-5183
-7880
-8052
-6062
-5022
-7172
-9730
-9116
-6228
-4451
-4250
-4371
-3306
-946
1778
2409
1088
838
2903
5146
5055
3608
637
-1553
-250
3174
3054
-2293
-6372
-5511
-1496
-407
-3436
-7015
-6549
-2383
61
-1455
-3907
-2114
2313
5455
4799
3310
4026
7915
11592
11864
9882
6970
6194
6502
8433
7356
3497
-1158
-1909
-78
271
-1870
-5061
-6598
-6622
-5420
-6177
-8158
-9271
-7351
-5233
-4517
-4917
-4535
-2647
48
1879
1707
674
1076
2945
4400
3882
2552
762
-1041
-113
2034
2155
-2667
-6094
-5388
-1836
-915
-3668
-6923
-6998
-3092
122
-615
-2956
-2376
1591
4971
5826
5021
5022
7673
11120
12729
10279
6630
5213
7713
10006
7642
1420
-2541
-1111
1757
1537
-2234
-6031
-7689
-6297
-4793
-5964
-8973
-9893
-7811
-5650
-5086
-5276
-4627
-2566
136
1374
582
-200
1531
3152
3447
2230
1472
555
680
1621
1374
-128
-2034
-2325
-2606
-2758
-3846
-4608
-4611
-3334
-2126
-2169
-2095
-868
1621
3303
4001
4165
4931
7075
9079
10469
9706
7981
5997
6324
8312
7803
3840
-497
-605
699
839
-1471
-4281
-6231
-6014
-4853
-5534
-7719
-8786
-7343
-5653
-4966
-5274
-4933
-3462
-881
972
719
74
742
2808
3891
3615
2397
1180
1112
698
469
-336
-1137
-3097
-4385
-4041
-3277
-3206
-4209
-4258
-3734
-2378
-1709
-1117
-609
888
2819
4126
5129
6401
8496
9814
10694
10137
8152
6225
6914
8802
7054
2271
-1218
-483
1055
983
-1354
-4514
-6682
-6421
-5358
-6056
-8019
-8886
-7970
-6832
-5827
-4959
-3842
-2410
-584
346
189
413
1910
2714
2393
1763
1263
554
337
947
570
-535
-1371
-1492
-2215
-3367
-3919
-3792
-3143
-2592
-2475
-2735
-1981
521
2950
3857
3520
3962
5855
8397
10013
9549
7320
5503
6456
8656
7945
3627
29
239
2231
2197
-546
-4015
-5886
-5186
-3722
-4391
-7207
-8769
-7487
-5417
-4509
-4876
-5079
-4107
-1705
59
95
-461
446
2202
3149
2854
1845
990
-432
-454
684
1526
-1236
-4857
-5424
-2391
207
-1378
-4852
-6349
-3462
-6
749
-1290
-2028
477
3998
5637
5355
5605
7681
10123
10744
8232
5363
4935
7867
8718
5059
-380
-1738
533
2291
1035
-2603
-5704
-6570
-4872
-4103
-5615
-7941
-8004
-6377
-4949
-4481
-4262
-3535
-1856
-70
517
-55
361
1652
2250
1771
1342
945
189
49
276
118
-891
-1765
-2636
-3137
-3050
-2808
-3291
-3910
-3230
-1799
-619
-89
609
1599
3138
4755
5534
5756
6488
8579
9314
7575
5132
5686
7627
6818
3165
323
536
1306
1153
-696
-3273
-5209
-4864
-3696
-4290
-6117
-7065
-6390
-5301
-4254
-3977
-4148
-3598
-1806
-238
-16
77
840
1827
2219
2192
1642
92
-876
-233
941
-294
-3324
-4932
-3594
-1122
-992
-3340
-5688
-4664
-1274
711
-292
-1901
-770
2248
4946
5442
4944
5524
7868
10375
9730
6612
4223
6024
8341
6834
1863
-1196
-177
1867
2083
-590
-4053
-6108
-4948
-3291
-3833
-6288
-7689
-6899
-5029
-3360
-3039
-3543
-3337
-1495
346
833
720
401
631
1285
2095
1102
-442
-783
136
467
-641
-2194
-3476
-3281
-2410
-1901
-3092
-4196
-3734
-1795
-264
380
536
921
2274
4258
5528
5694
5963
7339
7941
6797
5247
5823
6755
5447
2643
1002
1184
1342
996
-597
-2744
-4205
-3635
-3012
-3870
-5379
-5760
-5178
-4336
-3477
-3078
-3099
-2795
-1746
-847
-441
256
924
1296
1208
1432
873
-399
-854
51
636
-1583
-4170
-4855
-2369
-623
-1426
-4378
-5440
-3212
-70
570
-1275
-1903
93
3314
4683
4483
3999
5556
8009
9217
7138
4531
4510
6933
7253
3890
161
-392
1365
2387
1287
-1622
-4185
-4587
-3045
-2576
-4032
-5868
-6075
-5001
-3501
-2486
-2345
-2575
-2126
-1003
-177
170
722
619
203
224
1117
636
-571
-1288
-840
-442
-788
-1969
-3544
-3707
-2664
-1579
-2317
-3113
-2960
-1429
-3
1077
1314
1599
2847
4549
5481
5581
6118
6098
5290
4852
5979
5923
3637
1494
1711
2540
2097
719
-940
-2339
-2723
-2020
-2153
-3467
-4553
-4326
-3843
-3212
-2579
-2201
-2238
-1641
-918
-780
-762
-137
685
851
800
394
136
-315
-230
-360
-1108
-2577
-3555
-3374
-2946
-2791
-3353
-3534
-3152
-2006
-1246
-1017
-997
-75
1361
2675
2981
3379
4540
6261
7429
6921
5468
4205
5356
6566
5584
2118
292
1054
2296
1963
59
-2035
-3235
-2526
-1791
-2475
-4381
-5193
-4665
-3550
-2618
-2393
-2524
-2291
-842
19
-97
-526
-745
-257
331
991
-367
-1467
-1567
-162
128
-827
-2139
-2935
-2450
-1758
-1457
-2540
-2825
-2057
-618
-32
333
913
2098
3305
3851
4086
4580
5109
4672
3870
4174
4617
3635
1832
1567
2135
2128
1437
356
-1009
-1877
-1352
-1167
-1945
-3066
-3346
-3268
-2625
-1571
-1033
-1415
-1704
-1250
-528
188
812
682
-178
-534
-481
-655
-913
-514
-631
-1692
-2745
-2778
-2162
-1677
-1862
-2844
-3626
-3080
-1618
-786
-824
-608
339
1596
2766
3618
4152
4959
5844
5395
3893
3359
4700
5115
3525
1231
663
1169
1961
1756
245
-1822
-2523
-1784
-1581
-2482
-3637
-3974
-3686
-2615
-1720
-1578
-1766
-1281
-461
-98
72
150
-120
-42
455
648
-454
-1076
-782
34
-49
-783
-1997
-2680
-2243
-1335
-1402
-2434
-2716
-1952
-577
359
1069
1006
1343
2313
3651
4395
4171
3405
2777
3530
4414
3994
2085
987
1356
2000
1710
497
-885
-1748
-1501
-1043
-1367
-2560
-3305
-3218
-2440
-1635
-1332
-1645
-1859
-1211
-324
304
467
487
459
578
933
939
610
29
-414
-733
-1015
-1238
-1946
-2358
-2588
-2137
-2155
-2022
-2143
-1780
-1451
-858
-332
319
1112
1686
2539
3254
4516
4530
4135
3065
3659
4037
3807
2136
1155
973
1328
1492
628
-728
-1995
-1756
-1543
-1631
-2661
-3288
-3763
-3262
-2431
-1584
-1474
-1457
-1207
-680
7
507
611
318
569
780
441
-172
301
1011
958
-128
-1136
-1618
-1216
-766
-1047
-2037
-2488
-1796
-763
-17
154
473
983
1938
2694
3068
2856
2498
2697
3288
3345
2263
1144
972
1508
1795
1313
159
-1114
-1451
-1069
-1110
-2086
-3036
-3373
-2943
-2156
-1659
-1943
-2129
-1524
-497
7
114
125
357
991
1677
1794
909
434
663
1334
923
30
-1087
-1321
-1037
-655
-1215
-2103
-2396
-1832
-1195
-1049
-1021
-993
-290
690
1748
1890
2290
2708
3147
2944
3180
3245
2683
1924
1808
1968
1577
1221
652
25
-721
-821
-1257
-1949
-2656
-2928
-3229
-3220
-2943
-2630
-2340
-1893
-1478
-1211
-842
-314
179
453
671
788
804
842
1151
1350
1332
957
505
-65
-254
-302
-329
-715
-1111
-1387
-1214
-714
-183
155
266
523
961
1622
1929
1961
1759
2044
2327
2357
1844
1516
1476
1684
1748
1278
426
-438
-721
-854
-1014
-1614
-2368
-3043
-2991
-2490
-2162
-2334
-2600
-2469
-1987
-1158
-637
-479
-386
141
801
1108
1290
847
615
851
1795
1553
498
-398
-135
568
684
103
-979
-1275
-889
-56
-157
-510
-675
20
786
1516
1684
1432
1267
1580
2302
2360
1932
1173
1259
1549
1991
1724
1121
249
-103
-111
-309
-999
-1896
-2481
-2733
-2588
-2575
-2686
-2850
-2575
-2221
-1834
-1736
-1590
-1273
-663
-189
72
239
416
716
1132
1513
1452
1070
690
662
808
885
631
122
-199
-113
155
287
304
304
410
656
974
1049
981
1024
1241
1277
1245
1263
1367
1400
1487
1478
1272
916
617
318
-36
-407
-906
-1455
-1837
-1956
-2066
-2275
-2467
-2513
-2428
-2268
-2048
-1854
-1629
-1384
-1044
-701
-229
133
176
265
612
1088
1029
852
550
592
686
889
721
399
177
189
208
170
174
170
217
404
702
958
1199
1171
1036
1134
1529
1624
1427
1217
1310
1516
1730
1609
1150
574
386
308
79
-489
-1136
-1774
-2068
-1995
-1905
-2083
-2419
-2658
-2654
-2302
-1910
-1665
-1714
-1464
-1174
-736
-505
-52
230
589
774
879
698
639
819
971
886
592
384
195
381
560
618
352
215
157
317
662
914
859
729
796
925
1095
1307
1396
1292
1291
1487
1593
1442
1225
970
662
365
125
-289
-756
-1110
-1352
-1616
-1736
-1817
-2045
-2267
-2228
-2089
-1987
-1773
-1545
-1295
-1104
-807
-638
-421
-110
288
328
181
150
407
677
801
659
334
132
206
326
255
137
4
-54
2
247
449
682
885
1076
1106
1214
1315
1409
1555
1668
1816
1589
1423
1231
1369
1398
1272
734
130
-249
-468
-659
-1069
-1496
-1870
-2020
-2023
-1965
-1973
-1960
-1837
-1660
-1484
-1276
-1118
-959
-790
-509
-269
-193
-202
11
388
670
646
417
168
170
274
173
-150
-367
-312
-119
31
28
3
178
516
818
932
1053
1151
1314
1501
1683
1753
1739
1782
1785
1727
1582
1339
1042
780
594
250
-248
-714
-976
-1031
-1098
-1395
-1842
-2067
-1905
-1610
-1528
-1647
-1706
-1555
-1247
-877
-662
-595
-611
-493
-288
21
190
188
63
86
244
364
336
134
-34
-137
-134
-161
-184
-177
-87
96
226
368
535
791
1052
1157
1285
1347
1455
1553
1710
1660
1520
1412
1295
1213
1029
804
410
16
-296
-495
-649
-849
-1099
-1355
-1444
-1377
-1284
-1214
-1232
-1286
-1288
-1159
-1015
-874
-801
-733
-632
-459
-223
-24
67
58
1
-59
-80
-44
-7
-48
-140
-253
-314
-216
-10
255
419
459
451
548
745
1044
1220
1189
1109
1108
1261
1377
1441
1325
1132
945
788
647
482
342
110
-191
-451
-637
-752
-855
-922
-1023
-1089
-1107
-1128
-1105
-1018
-894
-856
-843
-839
-740
-618
-484
-401
-342
-300
-237
-180
-124
-64
-31
-65
-113
-74
-23
30
63
82
152
282
433
534
608
668
741
835
918
1025
1051
1023
963
971
1001
1014
930
740
518
350
266
154
-15
-245
-485
-654
-754
-797
-844
-929
-999
-1029
-975
-913
-796
-681
-603
-536
-451
-371
-276
-156
-52
-16
-36
-55
-39
5
60
66
-15
-137
-170
-107
-37
36
41
9
-22
75
215
341
463
544
600
654
754
849
906
925
908
810
708
665
639
574
460
288
71
-97
-185
-282
-425
-614
-779
-901
-951
-930
-900
-887
-849
-749
-640
-533
-422
-326
-259
-162
-55
-5
39
117
199
256
291
258
166
116
137
135
93
38
-28
-61
-22
36
35
7
11
46
112
225
329
390
429
473
501
534
585
609
596
561
499
418
329
233
144
32
-102
-263
-415
-545
-617
-654
-704
-772
-821
-817
-764
-653
-535
-448
-383
-311
-228
-108
36
160
232
265
283
298
328
363
362
326
272
229
204
200
177
123
48
-21
-56
-58
-49
-39
-7
47
109
184
257
315
368
410
418
413
412
408
397
360
288
197
105
19
-71
-181
-310
-445
-558
-645
-694
-719
-743
-743
-718
-662
-576
-482
-398
-315
-223
-112
6
122
214
271
311
338
365
399
424
428
413
382
339
286
224
150
76
16
-30
-56
-54
-45
-32
-14
10
54
125
196
241
252
228
208
222
252
266
240
171
88
29
-8
-51
-118
-224
-351
-455
-514
-533
-527
-525
-531
-534
-516
-454
-364
-270
-185
-124
-75
-3
98
196
276
316
314
313
342
388
417
409
354
271
199
152
114
71
24
-28
-77
-102
-99
-82
-55
-20
4
23
63
107
141
170
174
161
156
165
169
147
106
52
-7
-32
-59
-122
-200
-285
-363
-409
-428
-449
-463
-455
-422
-359
-281
-206
-139
-84
-35
25
85
155
226
275
304
316
332
351
368
368
327
260
202
157
126
99
48
-27
-92
-113
-96
-53
-18
-31
-69
-84
-53
23
99
128
93
33
4
30
81
111
79
-8
-86
-108
-93
-77
-102
-182
-267
-303
-293
-268
-250
-254
-262
-240
-188
-136
-86
-35
12
59
105
134
147
175
208
233
248
244
224
205
191
173
148
129
110
79
42
-6
-44
-49
-28
-9
-17
-54
-89
-94
-61
-15
15
16
-3
-15
-7
21
52
49
11
-44
-91
-96
-65
-32
-49
-120
-193
-236
-212
-139
-103
-118
-156
-177
-140
-57
11
22
4
-7
17
80
137
155
145
141
155
180
195
183
156
152
157
155
141
110
93
100
104
78
22
-35
-50
-15
26
24
-17
-71
-99
-76
-44
-46
-77
-123
-150
-139
-114
-103
-111
-135
-150
-140
-113
-78
-58
-62
-70
-72
-57
-16
21
44
53
49
45
55
65
67
62
46
28
26
33
48
62
66
64
55
45
40
40
50
74
99
110
104
79
61
76
109
135
134
92
41
11
0
-10
-42
-92
-134
-156
-154
-151
-164
-189
-211
-233
-247
-247
-230
-185
-123
-73
-48
-33
-10
32
83
115
111
91
84
91
111
122
115
102
99
97
86
64
38
22
15
11
-2
-19
-14
15
60
108
124
117
108
110
136
167
183
172
139
108
82
66
54
20
-34
-89
-136
-161
-173
-192
-221
-260
-290
-300
-302
-294
-277
-249
-208
-153
-97
-58
-22
9
33
64
98
118
132
142
138
134
142
148
144
135
107
69
45
37
36
38
34
23
9
9
23
42
69
97
110
120
140
165
194
216
205
167
128
102
92
84
47
-27
-110
-174
-206
-224
-250
-296
-352
-380
-376
-346
-314
-299
-288
-261
-203
-120
-48
-1
21
37
69
128
189
227
241
236
229
231
220
192
147
92
56
35
20
7
-8
-21
-23
-14
3
32
66
98
125
141
158
186
222
260
275
265
235
194
159
120
67
-3
-91
-180
-262
-326
-372
-408
-434
-461
-486
-491
-472
-429
-378
-327
-285
-227
-139
-36
71
157
211
256
306
357
383
378
350
308
277
253
210
151
83
25
-14
-45
-88
-137
-176
-181
-146
-99
-58
-27
6
67
149
227
282
310
320
333
338
323
281
217
150
79
-7
-109
-217
-310
-370
-406
-448
-504
-552
-571
-554
-509
-478
-459
-422
-344
-224
-92
20
99
173
261
355
428
462
461
444
434
427
396
338
268
201
150
108
50
-28
-98
-145
-151
-136
-133
-142
-139
-97
-6
103
187
223
232
246
271
291
283
241
178
115
54
-22
-109
-192
-260
-312
-377
-455
-529
-574
-577
-563
-557
-546
-514
-441
-328
-208
-104
-5
97
200
299
387
445
487
528
547
537
500
441
383
335
279
204
122
44
-24
-77
-131
-179
-208
-202
-172
-135
-98
-58
-9
63
138
193
220
222
218
208
183
137
79
27
-24
-90
-176
-271
-348
-389
-422
-468
-523
-567
-580
-551
-495
-436
-376
-305
-212
-86
58
183
266
312
358
425
500
543
537
492
443
420
400
348
266
174
100
55
20
-31
-96
-138
-136
-98
-64
-54
-58
-41
10
73
112
113
108
114
107
83
35
-24
-62
-79
-122
-206
-297
-371
-411
-413
-415
-448
-494
-510
-483
-407
-308
-235
-190
-140
-53
64
172
245
294
349
412
467
480
459
441
442
433
400
337
264
226
206
153
68
-21
-67
-55
-31
-37
-78
-100
-67
-7
26
15
-10
-11
17
40
31
1
-34
-68
-105
-154
-201
-234
-266
-312
-369
-421
-444
-429
-397
-375
-369
-358
-315
-233
-132
-49
1
52
117
201
284
337
355
362
389
429
450
447
419
371
337
319
295
251
191
123
61
28
13
-4
-21
-38
-47
-48
-47
-54
-73
-88
-101
-112
-123
-127
-123
-131
-151
-188
-236
-267
-274
-281
-306
-337
-352
-340
-297
-247
-213
-185
-142
-90
-46
-6
29
75
134
181
201
216
250
290
302
294
286
281
269
244
203
183
192
189
150
102
81
93
107
79
33
11
30
66
69
42
12
-16
-39
-58
-78
-96
-108
-137
-193
-237
-261
-279
-300
-327
-364
-375
-351
-324
-297
-275
-234
-173
-111
-59
-3
76
158
202
210
212
233
277
305
291
259
232
218
212
193
165
144
125
104
84
65
50
42
52
76
93
93
87
97
122
146
142
107
72
48
23
-16
-65
-120
-172
-223
-274
-322
-355
-376
-396
-425
-445
-437
-404
-349
-309
-277
-225
-145
-45
54
133
194
267
333
368
385
394
410
401
366
319
269
224
160
89
23
-22
-50
-69
-82
-106
-120
-119
-103
-67
-30
-3
14
43
86
130
163
186
197
183
148
110
86
49
-16
-99
-181
-249
-304
-342
-386
-440
-481
-498
-490
-452
-401
-339
-273
-205
-119
-9
102
193
263
331
404
464
495
503
493
470
426
356
286
232
175
98
15
-60
-115
-155
-178
-194
-210
-210
-196
-175
-146
-100
-32
50
107
128
154
198
228
216
170
113
62
18
-38
-117
-198
-262
-323
-375
-429
-481
-510
-514
-484
-434
-363
-278
-189
-104
-15
96
212
320
394
436
481
529
556
554
529
488
433
354
266
191
122
46
-51
-149
-217
-248
-274
-284
-286
-280
-251
-213
-163
-109
-38
32
84
135
181
219
243
243
210
154
96
40
-22
-94
-184
-280
-351
-411
-465
-504
-532
-531
-499
-439
-377
-313
-229
-127
-13
98
202
307
409
486
531
564
595
608
597
547
472
408
361
293
191
67
-43
-128
-191
-232
-265
-285
-297
-300
-265
-208
-159
-126
-87
-38
26
98
143
157
159
168
165
148
94
16
-75
-155
-216
-269
-338
-421
-486
-501
-473
-451
-461
-467
-420
-321
-205
-114
-41
41
147
264
353
426
495
546
587
605
604
589
543
479
409
331
228
114
25
-35
-82
-153
-247
-309
-308
-266
-233
-244
-257
-224
-142
-63
-10
11
31
87
134
152
132
97
54
5
-46
-113
-182
-229
-265
-305
-354
-389
-417
-411
-384
-359
-336
-309
-243
-138
-18
75
134
203
308
410
485
528
538
551
565
561
516
462
395
324
245
160
72
-17
-81
-147
-224
-284
-293
-292
-295
-290
-270
-243
-204
-167
-128
-83
-25
15
34
54
70
75
57
33
1
-38
-69
-89
-130
-178
-228
-254
-260
-266
-271
-268
-247
-198
-138
-84
-31
31
90
159
223
273
324
376
425
438
431
411
393
369
327
272
203
130
64
14
-30
-78
-138
-201
-240
-254
-268
-267
-253
-233
-214
-202
-171
-118
-66
-34
-25
-18
-8
3
6
3
-9
-36
-56
-56
-53
-84
-137
-165
-159
-156
-167
-198
-203
-163
-88
-41
-16
13
80
168
237
264
282
319
355
392
384
360
339
331
329
285
202
127
81
54
7
-67
-140
-184
-204
-221
-257
-285
-297
-289
-265
-224
-223
-216
-186
-133
-89
-53
-37
-32
-9
16
17
-12
-18
-31
-35
-44
-60
-76
-79
-70
-65
-81
-75
-56
-14
30
53
65
82
126
182
223
240
246
261
291
330
352
341
317
282
250
219
191
137
71
29
18
-11
-77
-132
-174
-196
-212
-254
-309
-338
-327
-312
-308
-313
-297
-255
-216
-183
-161
-142
-125
-73
-43
-45
-40
-14
10
41
30
-2
-14
-1
45
65
73
44
49
78
102
108
108
109
153
202
218
232
239
276
286
291
266
240
232
217
200
152
110
77
80
64
7
-63
-124
-154
-182
-219
-289
-356
-369
-348
-315
-312
-327
-321
-274
-207
-148
-151
-164
-134
-82
-3
36
46
62
99
133
133
125
105
89
105
116
90
54
37
58
90
96
71
53
58
99
146
171
183
204
217
213
216
216
219
191
154
130
130
128
94
64
10
-44
-95
-158
-229
-296
-336
-359
-358
-349
-350
-337
-295
-250
-230
-208
-196
-193
-174
-118
-58
-22
20
67
123
163
180
178
164
153
155
148
126
135
124
108
110
90
77
63
87
99
75
66
87
121
142
159
144
150
162
182
160
137
114
94
77
36
9
-40
-75
-109
-146
-181
-236
-278
-318
-338
-330
-329
-329
-328
-322
-293
-225
-181
-171
-158
-105
-13
46
71
84
112
158
192
197
163
166
173
193
199
158
109
90
96
99
90
54
62
63
79
95
96
107
120
142
157
171
177
167
172
179
162
103
55
42
33
-5
-53
-129
-217
-286
-330
-348
-374
-382
-378
-351
-294
-241
-198
-172
-156
-145
-114
-61
-12
38
98
89
132
150
206
244
279
281
232
254
165
228
3
159
-582
-896
-987
-963
-265
-173
485
880
1519
1674
1569
1184
799
85
-277
-989
-1147
-1014
-773
-7
419
1175
1297
1411
754
130
-907
-1450
-2049
-2457
-2293
-1889
-812
-235
483
566
965
888
856
503
398
304
240
268
-18
46
-150
108
117
449
425
584
300
102
-367
-654
-754
-744
-363
-172
407
505
758
511
378
53
-49
-47
29
257
280
362
201
135
-138
-166
-323
-165
-101
99
220
173
231
-18
-86
-300
-336
-395
-293
-240
-70
-125
-73
-116
-226
-154
-261
-99
-187
-19
-39
65
14
42
29
133
225
240
373
256
370
249
127
-247
-536
-683
-648
-406
-279
-69
146
451
615
715
682
598
541
296
144
-228
-146
-356
-434
-405
-344
-52
20
172
-138
23
-243
-149
-322
-71
98
291
407
81
77
-197
-147
-184
-87
-5
226
212
189
-165
-382
-587
-524
-386
-147
106
329
452
401
211
5
-74
-112
30
45
187
161
181
118
6
-16
-63
-86
6
85
77
15
-51
-138
-114
-114
-16
-85
-15
131
163
254
115
117
107
45
-86
-76
-83
11
13
-36
25
-43
32
-137
-102
-186
-235
-153
-207
-25
65
142
109
-49
-201
-238
-221
-105
-14
17
254
358
317
317
152
78
-30
-104
6
-20
167
51
29
36
-155
-154
-147
-58
-96
94
59
136
115
-6
-42
-43
-229
-17
-243
25
50
-5
247
-28
172
-95
48
-65
-5
-51
-17
-1
76
-40
-149
-202
-202
-86
-116
-15
-58
114
-41
112
-115
49
28
-3
106
-65
-26
-127
122
130
56
-1
38
181
330
165
118
49
185
19
-43
-16
-52
106
-111
-103
-175
109
49
-58
6
10
317
-41
31
-99
-162
-20
-211
-101
-202
-65
115
257
0
-20
-152
108
20
193
-237
-101
18
-300
181
-423
1
-82
-78
35
-33
22
222
-89
-70
-96
-132
111
-165
393
231
533
103
154
-38
6
-167
-263
153
-27
352
-185
-13
67
-3
109
-117
-125
155
-260
197
-361
-138
96
-296
347
-162
439
71
216
111
-340
39
-148
-28
-108
162
-350
232
-497
-229
9
-68
436
-30
287
127
-46
7
-480
-280
207
-198
20
-28
280
185
116
-531
-157
-36
186
368
-4
194
199
91
-58
-321
-53
178
-131
359
-340
133
247
-187
28
-156
-52
-90
50
-182
10
-184
-12
-130
-108
394
-133
495
-127
-122
-17
-268
200
55
77
75
78
131
66
-79
-209
-82
48
17
-25
-25
38
-186
8
-599
132
143
150
309
-31
249
-9
67
-275
-45
59
315
222
352
-86
-23
58
-416
-111
-277
-41
394
22
90
-118
-132
-37
-175
-258
-146
159
276
107
-78
3
3
264
-5
-81
79
466
91
-112
-113
-284
121
-166
-513
334
-339
332
-24
-97
201
-423
212
68
-277
104
-44
-82
675
-709
434
-160
75
144
-193
135
324
96
185
-153
-37
116
-457
258
-660
218
-277
-62
-3
-389
-113
186
-3
498
-81
42
200
-62
234
-294
-30
-10
-105
415
172
22
413
-563
397
-360
26
122
-352
241
-175
-143
-160
-266
-48
240
-261
545
-56
353
13
-58
-36
-3
-43
135
-86
93
22
-259
461
-572
304
-285
-65
-45
-336
-259
98
-311
419
-12
94
265
-108
288
-344
-40
-254
18
148
321
-83
226
-117
198
33
-48
-83
217
-57
240
-91
-119
105
-41
85
-251
159
-66
420
-253
85
-485
316
-153
69
190
-279
262
-162
-141
74
-248
151
4
-81
581
-492
374
-302
86
-132
-117
-135
201
-104
-177
73
-448
624
-236
38
45
-91
208
210
-255
63
-96
95
7
-225
26
-101
172
18
82
-139
327
-1
52
-35
-211
220
-210
139
-5
-20
187
-104
25
113
203
-58
303
-363
197
-210
-18
-122
-440
53
-445
408
-482
265
-198
396
349
31
224
-460
322
-256
-148
-48
-133
145
104
106
83
172
-132
-29
38
-132
226
-127
-140
16
-141
-152
109
-1
121
23
50
41
31
-170
53
-288
-2
19
45
99
173
126
9
205
-101
362
-118
159
-98
-111
54
-127
-68
-126
-103
-171
-195
49
-44
-143
154
-264
40
51
78
-7
294
-176
250
-196
129
272
-272
273
-190
171
118
-197
20
-154
89
-25
-106
131
88
93
-173
-14
-339
181
-141
35
120
63
365
-70
204
-59
-93
-30
-82
-49
-28
-6
75
0
-139
-110
-161
257
-33
-132
31
-161
115
-25
-244
3
-29
-139
268
-161
260
75
-29
282
-77
207
-95
44
56
119
-106
46
-82
31
88
-120
91
-163
189
4
-66
56
-77
76
-17
-123
-10
32
-122
-20
21
-104
326
-262
405
-178
-13
171
-279
100
-172
18
-116
106
-163
89
-244
206
-260
-22
-143
-205
137
-200
169
-106
156
-82
268
-220
114
25
97
323
-152
158
99
-43
214
-223
173
-154
177
25
37
137
-156
68
-239
170
-336
94
7
-19
108
-159
-62
148
-168
242
-70
24
151
24
-126
-19
-267
102
-49
-25
24
-122
112
-130
145
-278
154
-296
371
-296
220
-191
-156
200
-491
300
-262
166
155
50
331
-79
113
-35
25
177
-44
71
-86
245
-173
133
-176
-128
163
-263
204
-98
-35
107
-151
32
22
5
237
-70
238
44
-49
247
-149
155
-145
-45
105
-180
253
-339
97
-64
-130
-31
-100
-180
77
-185
-60
20
-210
82
-138
141
-10
77
81
50
44
53
8
114
176
-75
93
0
44
26
-38
51
173
-68
125
-121
68
79
-85
-60
-106
-78
24
-185
44
-88
-43
52
-56
217
-76
218
-45
49
71
25
-48
-18
-102
-95
34
-206
15
-7
34
136
-237
-76
-132
-125
-125
-194
-93
-84
137
-26
248
-36
252
86
-58
105
-56
207
-56
73
105
43
126
43
-1
73
-41
35
-63
-52
-4
65
-41
-23
-77
-98
86
-140
-48
-45
-56
57
-57
5
44
54
66
-15
65
13
119
4
31
33
-9
19
-115
-96
-91
-33
-68
-173
-93
-68
55
58
-44
-11
-36
-15
100
104
7
113
-123
61
91
-30
228
69
186
170
-66
34
-178
-47
-41
-65
65
-2
12
15
-119
15
-162
-118
47
-107
208
8
121
62
-13
50
-22
-9
-34
9
65
25
-63
3
-136
-25
16
-77
44
-26
-79
-40
-20
-46
-63
-96
-19
-27
117
108
-29
119
-37
-28
12
3
-47
29
-25
57
38
-28
137
11
136
-14
82
-21
-11
34
-86
-39
-12
-113
107
70
64
13
-9
11
-109
-111
-76
-72
67
60
36
66
64
25
-41
-36
-45
-30
-53
-25
-70
-34
-168
-72
-65
-11
70
74
67
92
67
-51
-3
-132
-50
-101
37
81
90
87
57
12
74
-10
28
65
40
103
146
-8
-18
-119
-152
-18
-134
82
-28
67
17
29
25
21
-17
-19
-26
9
22
-40
-45
-41
-45
17
10
-111
126
-14
59
-20
40
47
50
-46
-13
-154
-52
6
-100
88
-23
88
69
35
47
20
-57
-56
-102
-23
-53
24
95
68
35
2
-132
78
-10
58
14
-42
114
-24
-40
-88
-108
52
30
46
60
48
42
56
-37
-125
-22
-82
44
-16
20
-66
-57
-31
-18
89
67
43
63
-30
-8
-82
-53
-143
-66
-27
-4
99
20
70
14
-14
80
-97
18
-73
-47
77
-42
-27
-7
-15
72
46
26
94
84
60
-10
-60
-25
59
11
30
-12
78
-29
-12
-53
-128
56
-90
-9
9
13
136
46
-26
-25
-56
-16
36
-39
56
56
17
37
-19
-66
11
-61
-18
-38
-11
50
-38
120
-50
-25
-57
-50
-37
-57
59
7
-7
33
-37
64
-53
120
15
83
69
-3
49
2
51
-23
29
-35
-10
-68
33
51
40
-18
-51
-125
-54
-54
-86
61
-86
75
-96
67
-39
-34
-42
-12
52
46
39
74
52
82
59
-141
-3
36
-25
74
14
-32
61
-58
-79
-42
-74
-28
21
47
119
-23
-25
-50
-87
-26
-132
-46
30
-8
174
14
151
56
-41
24
-95
-42
21
-101
105
-29
-58
93
-84
92
32
36
64
-17
-24
2
-81
-24
1
-120
13
-58
17
92
-42
48
-52
-28
-8
-27
50
-18
70
14
-19
83
-89
-40
7
-51
73
-11
-62
48
-24
115
-39
34
1
-19
52
-85
31
-52
13
-17
-23
-12
25
61
11
38
-11
22
7
-28
47
-3
40
46
-57
83
-17
23
35
-87
45
-32
-72
-27
-55
-54
21
-37
11
52
-58
75
-98
-16
-28
-42
33
15
11
98
74
54
64
-61
-22
-11
6
23
45
18
16
78
-72
53
-83
-4
-5
-60
-13
-39
-6
20
-17
17
63
-18
111
-15
26
57
-24
16
-4
-44
23
-41
-54
0
-30
21
-25
-39
-34
-70
-64
-68
3
-35
28
-20
-20
38
12
49
44
7
50
39
27
76
27
37
55
-58
-24
-26
-50
48
17
-8
-24
-18
-19
-22
-29
-51
-48
15
21
49
88
55
41
91
-11
-15
43
-59
27
-28
-34
-32
-3
-59
-66
-9
-78
-9
-33
-94
-17
-49
-52
-9
-49
14
-7
25
96
105
12
46
-14
3
15
-43
-60
17
-2
109
13
-33
62
-29
-19
-25
-99
27
14
-51
36
-32
10
-18
-62
63
21
64
100
-39
50
36
25
32
-20
-40
31
33
37
38
32
25
-9
42
-35
25
15
-77
-25
-88
-63
-46
-71
-48
-49
-19
23
21
85
41
17
44
9
4
-9
-35
58
-7
30
-24
-2
3
6
32
-24
-46
27
-16
20
-12
-32
11
52
12
33
10
48
-14
-19
3
-14
32
-8
28
66
38
18
-13
-47
-21
-25
-60
13
63
-2
-7
-75
-15
-67
-61
-44
-18
-18
-20
-2
42
25
24
-15
6
9
39
-19
14
30
32
2
1
26
20
56
-12
-28
-34
-52
-47
-69
-29
12
20
-2
-16
-12
-29
1
19
5
9
36
29
46
34
1
64
18
-2
-25
-63
-31
32
-2
-4
43
-2
-12
-7
-82
-64
-59
-45
-55
-31
-23
33
33
18
42
42
29
22
-10
-26
-2
-4
-25
-9
3
55
69
16
27
-10
