SAMPLES:	8047
BITSPERSAMPLE:	16
CHANNELS:	1
SAMPLERATE:	16000
NORMALIZED:	FALSE
-10
8
-18
13
-1
-16
22
-19
-14
-2
18
-9
13
-16
22
-4
0
4
-13
-15
8
12
1
10
-10
9
0
15
8
-11
-17
26
-8
-10
29
-22
13
-1
-2
10
-17
3
11
-5
-3
7
17
-14
-12
14
-12
-4
-18
31
-10
-7
-5
35
-64
84
-81
10
127
-253
191
-25
-92
-1
89
52
-134
100
-37
25
-31
13
-35
-55
119
-71
8
20
49
-43
-17
46
-35
12
-62
83
-112
57
14
-11
-26
27
-1
1
30
-40
41
-67
24
16
29
-47
1
44
-41
27
11
-16
-82
25
62
-60
88
-10
-25
14
-20
-10
24
10
-41
16
-29
-18
135
-43
-128
133
-60
-27
64
-88
4
70
-65
72
-65
4
72
-63
-5
-7
-41
-65
204
-94
-101
-61
139
0
65
1
-59
86
40
-15
-64
32
-23
134
-67
-122
183
-93
-47
165
-87
-23
80
-19
-122
83
5
-34
49
-19
-53
62
-14
37
-96
18
124
-108
41
-152
181
-121
87
-161
157
36
-67
64
-173
78
75
103
-233
91
-118
143
-92
114
-117
48
-39
60
151
-186
185
-93
-270
89
29
-38
204
37
34
-183
21
-32
25
44
-7
104
-180
-7
18
-36
84
73
47
-77
44
-59
-77
-37
-40
105
37
32
4
-179
68
-36
81
-32
115
-177
85
-7
-61
78
-98
44
80
50
-76
-87
-45
68
2
77
-73
3
-18
147
-67
-19
-6
62
24
-114
107
-90
-71
67
14
107
-32
-22
-104
40
39
43
-81
-97
136
-9
-14
67
-113
8
-33
33
130
-132
12
40
-161
81
50
23
-47
84
-63
22
65
-13
5
-155
141
-50
19
-53
50
-58
54
35
-16
-39
-51
71
-10
-104
111
30
-3
25
-50
29
-23
1
24
-83
18
144
-96
-44
93
-127
113
-22
60
-31
-104
95
-15
-76
-48
206
-67
14
-21
28
-64
37
63
-90
-59
55
50
-104
119
-29
49
-92
88
-36
-100
-45
176
-112
-45
109
-107
14
44
-37
48
-18
11
70
-200
95
38
-64
-7
130
-140
61
-57
69
44
-80
-11
83
-46
134
-43
-107
-13
56
122
-83
-87
83
96
-137
164
-94
-111
205
-25
-131
76
-48
18
-106
4
119
-7
-204
98
-38
-15
107
-47
-74
-69
52
18
-22
75
64
-123
15
-12
71
30
-59
2
150
-164
34
-80
69
-31
93
-73
-1
-37
-18
10
87
-126
213
-104
-52
132
-121
3
84
-94
1
79
-121
139
48
-200
-21
0
293
6
-200
60
-125
56
173
-45
-41
29
-68
34
-112
4
123
-58
130
-75
-127
69
176
2
-74
-17
-32
85
-93
34
-119
31
142
6
-45
-17
-6
22
-7
-168
62
56
92
-101
-47
104
53
7
-1
-24
-162
131
58
-128
126
-95
50
-120
257
5
-39
-80
35
-23
-136
197
-123
-2
98
-49
-16
18
-28
-1
-166
50
104
-172
119
-95
-53
14
61
32
116
66
-215
31
5
-14
37
24
60
-55
-78
41
92
2
262
-250
-134
9
-204
205
81
-61
203
-102
-58
-9
-89
232
-152
-30
186
-78
-144
178
-182
-46
167
15
-145
-180
238
87
-193
122
-106
-325
279
-2
-8
-27
0
-13
18
-125
298
17
-231
320
-57
-199
267
-228
45
173
111
15
-196
-65
150
37
-85
169
-202
127
35
-80
-72
0
-75
218
-282
103
-11
15
-11
-86
-63
161
50
30
-59
-263
46
-79
-36
9
32
28
59
-94
159
-40
-37
196
-151
-131
-38
136
-66
26
5
83
71
-113
262
-149
-222
284
171
-213
47
200
-188
111
44
122
123
20
200
-212
-293
53
221
44
134
164
-350
-135
97
123
-210
180
-49
-164
-211
-93
-24
-5
93
-97
-122
72
21
-42
-67
-28
7
-181
60
-124
289
6
-278
-142
128
139
20
-45
-102
-23
171
-50
-24
-108
304
246
-91
22
-161
-65
98
350
-53
142
69
-7
-283
-80
75
215
213
33
-276
-147
3
95
38
-58
197
47
-25
-388
17
-234
299
636
-23
-188
-312
-37
107
247
-28
-34
-58
-14
40
-283
-317
243
277
49
-215
-457
-195
-8
81
89
-73
-233
-129
-80
-255
152
93
117
3
22
68
-310
-172
381
210
146
230
-249
-73
219
107
122
204
237
249
-162
-176
58
206
341
295
-175
-135
-151
-106
114
94
-3
52
-30
-364
-274
-179
125
257
-136
112
-277
-419
-232
-142
-16
59
168
54
-321
-303
-165
60
103
267
-38
-150
-124
-36
-82
-4
472
356
-64
-81
-162
112
111
249
221
140
226
-21
-45
36
316
343
171
-19
-88
-61
23
30
276
148
-228
12
-150
-191
135
13
-41
55
-97
-288
-284
-205
325
-44
-206
-337
-340
-238
-120
-512
-177
293
-10
-137
-364
-172
96
606
180
-271
-265
-58
88
137
157
169
189
170
-52
-67
-90
228
484
197
-65
-252
-194
79
253
483
216
-127
161
-33
-208
-11
359
140
169
50
-72
-252
-77
181
73
65
186
-178
-570
-324
68
311
122
-11
-323
-551
-96
126
50
43
165
-173
-449
-213
-5
76
148
163
-89
-229
-69
-22
44
132
110
62
-13
-93
75
19
-61
139
133
200
165
-207
-186
-13
344
588
304
-243
-310
-7
237
316
135
-116
-165
119
129
-276
-216
121
224
-57
-92
-332
-267
15
255
175
-188
-11
-41
-267
-149
97
103
-117
-236
-266
-242
-54
49
-174
-313
-104
-241
-314
-274
-35
281
138
-179
-323
-362
-101
359
281
288
233
30
-42
56
55
442
543
438
317
16
61
371
583
604
280
105
216
204
250
393
122
234
123
-177
-163
-200
-2
113
11
-137
-290
-407
-293
-293
-111
-109
-369
-464
-598
-739
-525
-229
-180
-212
-626
-604
-545
-299
-47
-132
-260
-350
-361
-304
-205
0
89
151
107
-45
-93
-63
6
251
431
432
345
227
442
673
676
744
522
451
716
541
509
579
687
1021
856
392
122
209
662
897
694
335
-371
-317
12
119
273
133
-270
-425
-574
-610
-529
-500
-346
-558
-1028
-1281
-1214
-1125
-681
-667
-807
-979
-1127
-1131
-911
-529
-475
-509
-569
-603
-508
-349
-15
165
343
457
188
-16
128
505
699
842
784
422
429
609
764
751
936
1090
937
837
807
695
820
1075
1152
1054
1034
792
492
649
921
890
689
247
-36
-21
207
132
-134
-394
-568
-911
-917
-995
-1113
-1120
-1156
-1522
-1819
-1753
-1549
-1308
-1165
-1192
-1439
-1456
-1207
-973
-812
-487
-348
-250
-266
-287
-64
350
598
891
622
184
187
642
941
998
910
716
569
719
1008
1019
793
990
1011
1011
998
1070
1053
1119
1269
1248
818
769
859
843
1105
829
509
-55
-119
-19
-18
-209
-285
-587
-975
-1272
-1496
-1512
-1350
-1250
-1625
-1832
-1947
-1804
-1734
-1484
-1378
-1351
-1355
-1182
-1074
-825
-575
-364
-83
7
234
251
382
717
927
812
614
543
531
768
1064
1239
1167
930
927
846
930
1222
1393
1168
833
683
776
1059
1338
1252
953
889
880
824
684
612
572
491
211
-201
-445
-646
-494
-304
-399
-709
-1247
-1633
-1776
-1750
-1549
-1399
-1565
-1744
-1834
-1706
-1590
-1400
-1263
-1096
-919
-759
-801
-764
-469
-142
98
152
203
280
689
1034
968
360
133
387
793
1241
1178
914
782
899
987
926
767
922
1355
1342
1013
437
508
1017
1316
1415
1174
733
526
584
498
403
393
411
66
-396
-646
-634
-445
-366
-513
-911
-1426
-1694
-1562
-1292
-1096
-1023
-1237
-1470
-1705
-1493
-1226
-973
-669
-534
-480
-611
-588
-289
-3
168
270
31
256
620
693
540
245
165
156
640
757
524
396
527
775
623
637
355
523
377
513
700
607
627
633
797
417
684
788
714
579
346
94
173
312
251
126
-90
-256
-278
-430
-246
-369
-576
-695
-620
-556
-771
-716
-589
-558
-575
-416
-402
-362
-304
-475
-236
-113
-150
21
58
-104
-166
-27
192
-7
7
53
34
113
17
-74
-296
-278
73
270
114
-73
-9
-27
88
64
-139
-98
24
225
222
243
51
93
255
195
284
154
121
-63
86
214
60
-79
-24
126
213
109
45
168
228
225
248
199
149
254
332
428
417
380
397
372
353
274
160
162
110
29
-91
-100
-248
-297
-234
-283
-254
-413
-445
-604
-695
-581
-507
-624
-425
-519
-622
-691
-609
-311
-387
-208
-369
-386
-306
-41
3
-166
133
59
-9
100
128
60
99
254
154
117
172
325
325
381
423
380
398
432
511
501
528
575
592
542
627
592
631
708
695
560
513
385
342
295
165
188
102
-21
-138
-268
-350
-347
-321
-500
-627
-685
-706
-874
-866
-827
-761
-757
-943
-907
-639
-573
-678
-559
-548
-462
-521
-375
-295
-136
-186
-4
20
-2
162
174
250
310
337
453
261
342
583
573
577
660
701
668
599
678
799
625
840
761
516
565
642
547
551
669
521
338
149
235
198
148
28
-75
-98
-293
-407
-389
-465
-522
-695
-766
-785
-870
-926
-988
-798
-847
-945
-892
-896
-830
-593
-679
-839
-475
-520
-385
-72
-104
-200
-50
1
-244
355
333
309
540
480
460
554
653
506
539
426
785
891
762
548
473
815
532
648
947
692
571
541
492
355
386
422
313
175
241
191
-23
193
59
-81
-35
-182
-437
-511
-611
-485
-717
-756
-556
-646
-820
-882
-980
-685
-688
-991
-776
-767
-790
-649
-621
-572
-602
-332
-249
-249
-25
-347
-189
134
345
385
352
151
170
510
442
558
858
894
526
906
953
406
671
801
747
871
828
385
457
564
320
404
499
534
285
180
392
155
-13
51
42
68
-17
63
-93
-157
-389
-493
-328
-395
-541
-479
-587
-759
-655
-427
-721
-1026
-852
-645
-617
-713
-830
-1205
-628
-546
-685
-612
-491
-508
-477
-375
-425
-86
153
62
84
330
431
321
363
394
292
911
1304
869
692
932
912
942
912
701
702
859
885
790
617
656
619
547
694
423
197
261
234
69
363
172
63
28
-111
-77
-209
-490
-603
-317
-542
-634
-853
-638
-718
-965
-1052
-997
-845
-1047
-969
-1041
-1012
-979
-962
-1160
-828
-717
-717
-475
-687
-857
-600
-184
42
-163
120
519
-9
242
704
306
546
648
1040
1071
608
852
1140
1002
1055
987
1292
1534
888
635
1032
1101
1024
1063
723
926
974
658
673
708
408
160
342
162
11
-221
-448
-421
-421
-777
-970
-683
-910
-1342
-1289
-1125
-1297
-1351
-1286
-1292
-1358
-1312
-1302
-1292
-1197
-1221
-938
-905
-1131
-905
-773
-607
-223
-579
-380
118
272
344
234
348
343
789
542
965
1230
1049
985
1154
1670
1485
1415
1365
1303
1618
1719
1523
1513
953
869
987
1130
1112
923
877
776
580
193
170
-113
-245
-383
-474
-754
-838
-720
-964
-1001
-1043
-975
-1149
-1282
-1355
-1314
-1235
-1219
-1481
-1664
-1365
-1139
-1073
-1043
-1127
-1338
-1317
-1054
-881
-888
-652
-669
-594
-217
-355
-133
423
715
519
47
570
727
716
1576
1639
1283
1140
1418
1607
1416
1755
2173
2157
1900
1393
674
735
1387
1522
1333
997
471
146
424
395
162
167
-350
-661
-586
-663
-699
-645
-602
-718
-963
-1072
-1260
-1190
-860
-703
-708
-936
-1368
-1467
-1090
-898
-834
-935
-1295
-1531
-1589
-1467
-1127
-957
-1025
-1097
-1363
-1304
-868
-333
322
172
20
-90
-163
321
878
1075
1343
1524
1547
1588
1584
1879
2207
2822
3031
2620
1933
962
780
1754
2272
1948
1441
724
81
289
914
644
-82
-500
-843
-995
-829
-735
-750
-855
-988
-1072
-1143
-1199
-1171
-871
-683
-776
-991
-1244
-1291
-975
-808
-872
-1082
-1313
-1445
-1483
-1436
-1435
-1702
-1877
-1721
-1440
-1236
-1144
-1020
-778
-448
-177
-37
170
235
225
720
1100
1314
1799
1993
2098
2519
2866
3062
3173
2998
2229
1520
1533
2052
2327
2277
1839
1099
698
732
780
397
-179
-598
-939
-1038
-952
-927
-958
-1040
-1119
-1222
-1268
-1204
-1050
-849
-948
-959
-1102
-1385
-1443
-1137
-851
-949
-1134
-1504
-1728
-1578
-1402
-1440
-1807
-2096
-2061
-1765
-1367
-1160
-1111
-1107
-756
-350
118
500
534
534
837
1182
1461
1996
2446
2650
2833
3252
3726
3867
3303
2025
1298
1878
2797
2845
2096
1176
687
712
1006
895
26
-933
-1267
-1180
-1101
-1005
-1064
-1297
-1410
-1201
-1098
-1228
-1206
-1120
-984
-991
-1093
-1297
-1427
-1318
-1079
-1058
-1300
-1519
-1524
-1522
-1422
-1503
-1800
-2051
-1983
-1767
-1747
-1560
-1288
-1007
-859
-582
-112
509
1021
1162
948
862
1285
2017
2679
2957
3064
3244
3752
4307
4024
2543
1390
1593
2605
3035
2533
1562
507
420
958
1042
32
-1066
-1669
-1677
-1251
-945
-1233
-1781
-2006
-1718
-1377
-1321
-1335
-1409
-1582
-1600
-1408
-1377
-1437
-1342
-1166
-1332
-1564
-1524
-1457
-1365
-1402
-1528
-1863
-2084
-1842
-1378
-1124
-1187
-1276
-1047
-508
-21
398
772
1042
1240
1364
1439
1793
2375
2800
3026
3128
3630
4264
4867
4243
2276
1092
1680
3192
3351
2383
1046
202
518
1239
1402
24
-1500
-2007
-1651
-1183
-1089
-1382
-2073
-2327
-1783
-1320
-1330
-1636
-1760
-1920
-2051
-1867
-1542
-1498
-1671
-1672
-1797
-1854
-1711
-1469
-1667
-2000
-1995
-1866
-1773
-1579
-1309
-1310
-1285
-899
-430
-310
-118
405
959
1430
1795
1645
1382
1875
2745
3167
3180
3293
3792
4594
5090
3912
1631
892
2459
3671
3186
1686
440
143
1196
2093
1147
-1027
-2164
-1823
-1292
-849
-1105
-1959
-2601
-2132
-1270
-1161
-1757
-1946
-1819
-1850
-1887
-1633
-1580
-1732
-1688
-1703
-2108
-2212
-1558
-1163
-1654
-2407
-2452
-2004
-1410
-946
-1061
-1820
-1773
-738
99
167
-18
151
693
1638
2399
2099
1396
1628
2710
3472
3554
3539
3794
4319
4828
3854
1752
967
2437
3982
3155
1256
-15
225
1481
2232
1030
-1506
-2690
-1941
-700
-536
-1306
-2336
-2919
-2121
-940
-822
-1778
-2377
-2203
-1896
-1624
-1424
-1560
-1908
-1848
-1785
-1929
-1851
-1211
-983
-1682
-2454
-2488
-1670
-965
-811
-1412
-1931
-1415
-146
525
174
-267
-56
760
1686
2225
1963
1345
1350
2341
3259
3545
3451
3604
3989
4258
3611
1842
1125
2331
3745
2885
1019
220
495
1457
1869
844
-1490
-2553
-1661
-534
-535
-1478
-2354
-2729
-1933
-739
-686
-1792
-2531
-2184
-1709
-1476
-1281
-1499
-2024
-1990
-1491
-1267
-1337
-1241
-1286
-1655
-1839
-1684
-1544
-1483
-1341
-1316
-1307
-941
-271
-30
-272
-286
194
776
1266
1499
1549
1331
1387
1935
2511
2771
2959
3343
3899
4125
3727
2033
990
1965
3629
3461
1303
179
447
1681
2254
1272
-891
-2262
-1504
-241
-84
-1163
-2158
-2423
-1838
-791
-712
-1530
-2353
-2212
-1650
-1432
-1225
-1261
-1655
-2039
-1883
-1347
-894
-717
-1187
-2114
-2304
-1476
-769
-1098
-1864
-2227
-1782
-647
88
-273
-1150
-1219
-351
682
1036
744
488
630
1056
1672
1968
2080
2424
2745
3158
3540
4297
3785
1710
865
2072
3895
3451
1806
706
658
1666
2461
1886
-478
-1871
-1285
-19
230
-618
-1565
-2383
-1891
-681
-313
-1314
-2330
-2194
-1814
-1433
-1020
-1028
-1724
-2331
-1941
-1228
-822
-778
-1255
-2219
-2515
-1790
-1024
-1085
-1674
-2163
-2170
-1140
-38
-209
-1159
-1438
-756
206
820
742
311
159
810
1566
1896
2113
2295
2466
2762
3522
4188
3805
1971
999
2041
3888
3927
2127
832
878
2165
2967
2106
-122
-1449
-838
377
473
-593
-1548
-2017
-1620
-765
-604
-1376
-2160
-2121
-1871
-1610
-1174
-1054
-1690
-2346
-2200
-1408
-815
-907
-1587
-2397
-2454
-1620
-1002
-1304
-2147
-2501
-1979
-1060
-608
-953
-1479
-1353
-622
79
242
-15
23
473
1007
1111
1257
1798
2310
2389
2280
2960
3789
4251
3268
1710
1633
3203
4472
3236
1436
1085
2184
3206
2909
1183
-685
-679
611
1044
-182
-1500
-1791
-1425
-863
-755
-1351
-2224
-2447
-1839
-1533
-1635
-1695
-1830
-2202
-2302
-1679
-1150
-1452
-1910
-2188
-2235
-1839
-1350
-1486
-2293
-2606
-2076
-1394
-1284
-1351
-1482
-1423
-931
-318
-79
-292
-15
609
849
815
1117
1694
1949
1996
2212
2440
3101
4164
4544
3320
1631
2010
3807
4751
3428
1563
1269
2627
3943
3181
973
-612
54
1285
1128
-349
-1548
-1640
-1181
-818
-1119
-1922
-2320
-2104
-1804
-1891
-2026
-1943
-1926
-2106
-2261
-2073
-1797
-1643
-1803
-2295
-2450
-1965
-1440
-1629
-2242
-2531
-2254
-1609
-1087
-1147
-1679
-1686
-844
-119
21
-176
-130
248
862
1274
1244
1089
1282
1866
2210
2656
3149
3693
3976
3316
2237
2051
3466
4581
3534
1686
1504
2897
3786
3091
1411
6
6
879
1155
-157
-1428
-1545
-1271
-1231
-1374
-1510
-1944
-2381
-2192
-1951
-1895
-1709
-1686
-2187
-2790
-2226
-1257
-1337
-2035
-2498
-2353
-1762
-1061
-1292
-2490
-2934
-1812
-763
-1047
-1789
-1905
-1307
-419
24
-258
-748
-255
853
1204
740
289
677
1446
2094
2236
2080
2161
3103
4075
4088
2600
1635
2568
4175
4526
2841
1565
1845
3361
3901
2477
448
-280
601
1227
570
-928
-1640
-1503
-1316
-1275
-1550
-1944
-2292
-2322
-2108
-2118
-1955
-1771
-2029
-2545
-2475
-1664
-1271
-1681
-2263
-2388
-1840
-1186
-1155
-1848
-2330
-1789
-992
-955
-1491
-1640
-1155
-544
-296
-455
-468
-98
489
654
373
274
506
1117
1517
1613
1617
1800
2594
3417
3826
3493
2285
2184
3373
4679
4055
2212
1801
2899
3971
3468
1776
281
293
1230
1311
33
-1312
-1527
-1302
-1194
-1302
-1837
-2352
-2642
-2474
-2183
-2134
-1961
-2136
-2613
-2680
-2145
-1555
-1665
-2239
-2548
-2339
-1537
-1021
-1424
-2222
-2370
-1660
-1044
-1178
-1647
-1689
-1240
-581
-385
-498
-558
-283
190
380
309
287
568
1075
1481
1705
1810
1997
2797
3708
4128
3596
2564
2575
3769
4872
4197
2350
1920
3159
4303
3518
1571
340
630
1443
1279
-60
-1252
-1319
-998
-1058
-1473
-1957
-2190
-2333
-2288
-2162
-2057
-1866
-2040
-2419
-2505
-2080
-1663
-1852
-2289
-2351
-2078
-1605
-1462
-1834
-2301
-2263
-1694
-1503
-1807
-2066
-1803
-1314
-951
-956
-1121
-1032
-457
186
180
-73
27
660
1284
1571
1587
1729
2242
3178
3809
3800
3572
2954
3007
3712
4528
3959
2527
2345
3343
3883
2970
1580
858
986
1258
967
-87
-838
-817
-765
-1166
-1516
-1565
-1668
-1978
-2088
-1798
-1708
-1643
-1720
-1982
-2143
-1944
-1517
-1611
-2094
-2096
-1861
-1786
-1847
-1748
-1861
-2196
-2191
-1947
-1877
-1975
-1796
-1651
-1665
-1455
-940
-685
-634
-484
-240
21
358
671
862
1077
1468
1976
2298
2606
3133
3501
3625
3143
2635
3092
3922
4130
2966
1952
2401
3412
3506
2050
678
453
1020
1195
428
-651
-1195
-984
-755
-957
-1321
-1593
-1641
-1686
-1532
-1411
-1326
-1315
-1628
-1918
-1851
-1342
-1132
-1682
-2174
-2058
-1618
-1476
-1675
-1948
-2326
-2326
-2014
-1787
-1939
-2075
-1917
-1756
-1418
-936
-683
-886
-808
-231
310
482
430
659
1081
1531
1874
2009
2224
2748
3333
3563
3136
2420
2683
3626
4056
2954
1816
2128
3105
3314
2107
803
387
895
1243
709
-358
-858
-615
-331
-581
-968
-1253
-1324
-1322
-1171
-1057
-1078
-1160
-1385
-1453
-1547
-1483
-1456
-1676
-2007
-2177
-2065
-1925
-1875
-2087
-2403
-2559
-2394
-2050
-1950
-2089
-2234
-1997
-1498
-996
-795
-903
-801
-269
355
570
480
580
957
1464
1762
1991
2199
2574
3178
3568
3247
2318
2425
3445
4001
2947
1693
2009
3134
3513
2312
926
581
1246
1668
1018
-81
-467
-169
3
-343
-715
-911
-1025
-1180
-1212
-1058
-936
-1031
-1553
-2012
-1891
-1441
-1362
-2046
-2708
-2640
-2045
-1845
-2138
-2520
-2717
-2512
-2185
-2082
-2231
-2294
-2041
-1771
-1491
-1111
-838
-783
-632
-212
214
381
417
520
883
1379
1760
1913
1994
2462
3219
3654
3140
2019
2182
3506
4256
3024
1507
1921
3348
3840
2562
1045
771
1524
2043
1298
72
-282
146
273
-305
-653
-722
-852
-1086
-1204
-1214
-1303
-1377
-1693
-2119
-2210
-1997
-1976
-2465
-2765
-2576
-2499
-2465
-2354
-2367
-2626
-2807
-2431
-2098
-2034
-2051
-2047
-1793
-1294
-746
-646
-768
-521
134
539
483
434
834
1299
1665
1779
1960
2291
2982
3504
3389
2561
2127
3044
3879
3650
2294
1811
2718
3628
3416
1933
926
1150
1966
1988
1033
60
-98
261
346
-63
-622
-1091
-1179
-1185
-1211
-1410
-1738
-1903
-2203
-2369
-2356
-2318
-2515
-2988
-3019
-2775
-2715
-2575
-2540
-2629
-2857
-2661
-2072
-1921
-2082
-2108
-1739
-1214
-746
-605
-711
-530
139
685
577
500
891
1374
1627
1599
1823
2153
2745
3446
3463
2817
2041
2729
3871
3996
2690
1718
2309
3571
3891
2615
1226
1038
2016
2359
1426
312
10
317
399
-14
-461
-974
-1182
-1196
-1315
-1590
-1874
-1982
-2225
-2575
-2611
-2491
-2658
-2940
-3112
-3036
-3081
-2850
-2445
-2539
-2907
-2861
-2256
-1803
-1780
-1928
-1903
-1467
-687
-265
-617
-830
-136
749
851
456
521
1055
1644
1753
1589
1721
2294
3161
3411
2895
2015
2037
3337
4133
3256
1775
1871
3292
4023
3185
1700
1004
1474
2367
2199
989
150
308
637
395
31
-351
-978
-1336
-1275
-1134
-1437
-1916
-2239
-2431
-2438
-2256
-2373
-3015
-3446
-3114
-2633
-2925
-3177
-2852
-2431
-2401
-2479
-2299
-1983
-1622
-1393
-1471
-1388
-809
-284
-268
-338
53
555
591
626
909
1228
1377
1560
1687
1986
2654
3253
2715
1439
1792
3438
4148
2697
1299
1954
3554
4043
2852
1272
1022
2072
2730
1938
541
288
949
1182
601
33
-251
-506
-803
-924
-1005
-1291
-1602
-2002
-2294
-2250
-2112
-2383
-3030
-3353
-3132
-2983
-2746
-2652
-2914
-3126
-2735
-1803
-1661
-2140
-2355
-1849
-998
-599
-756
-1060
-745
152
720
545
232
436
1018
1445
1440
1222
1459
2198
2781
2718
1793
1647
2659
3730
3182
1720
1727
2963
3737
2968
1642
1335
1957
2619
2111
922
468
1002
1434
774
-44
-233
-182
-361
-802
-1043
-1188
-1277
-1529
-1987
-2292
-2282
-2130
-2429
-3047
-3169
-3009
-2815
-2622
-2547
-2710
-2940
-2407
-1636
-1505
-1977
-2108
-1457
-702
-378
-618
-759
-367
467
901
601
307
580
1194
1574
1354
1329
1731
2415
2596
1635
1324
2121
3405
3018
1518
1313
2535
3565
2915
1530
895
1520
2459
2223
970
126
600
1334
1056
187
-418
-352
-138
-301
-674
-1153
-1248
-1295
-1466
-1841
-2217
-2228
-2198
-2578
-2909
-2996
-2632
-2497
-2607
-2733
-2694
-2154
-1746
-1755
-2041
-1820
-1075
-589
-609
-792
-470
237
868
830
408
529
1128
1631
1538
1255
1462
2102
2803
2434
1088
1104
2602
3539
2160
658
1420
3006
3345
1959
590
673
1741
2330
1348
2
25
1007
1331
464
-248
-310
-72
-94
-327
-632
-1009
-1003
-1055
-1300
-1625
-1677
-1756
-2288
-2665
-2513
-2317
-2368
-2662
-2836
-2748
-2282
-1694
-1908
-2410
-2170
-1172
-640
-893
-1036
-660
30
631
850
640
549
955
1509
1626
1411
1480
1992
2503
2381
1359
1172
2241
3161
2378
861
1036
2452
3132
2161
550
173
1068
1965
1438
68
-526
193
963
774
16
-563
-549
-300
-161
-334
-749
-1112
-1176
-1185
-1146
-1262
-1475
-1950
-2349
-2258
-1837
-1654
-2194
-2814
-2700
-1981
-1344
-1629
-2344
-2265
-1148
-111
-356
-1036
-835
262
1113
1005
512
496
1335
1921
1856
1380
1703
2482
2693
1866
957
1412
2656
2768
1267
202
1194
2668
2387
606
-502
137
1295
1155
-174
-1064
-470
448
362
-446
-770
-448
-162
-326
-702
-809
-662
-502
-805
-1264
-1225
-808
-912
-1625
-2051
-1497
-1055
-1433
-2142
-2316
-1733
-1132
-1224
-1966
-2152
-1125
-79
-267
-992
-818
228
1050
948
527
606
1320
2030
1901
1520
1779
2700
3122
2143
843
1115
2623
3113
1338
-255
436
2301
2632
692
-1208
-962
829
1431
-173
-1923
-1592
-24
457
-589
-1550
-1336
-484
-134
-558
-1076
-1009
-487
-463
-893
-1160
-839
-650
-1210
-1632
-1245
-649
-913
-1812
-2090
-1426
-658
-836
-1763
-1979
-928
161
-42
-844
-776
337
1276
1183
655
613
1496
2318
2191
1589
1753
2882
3371
2096
587
1265
3107
3171
979
-579
529
2301
2215
15
-1698
-1162
567
836
-928
-2391
-1864
-474
-162
-987
-1661
-1530
-848
-487
-832
-1215
-1077
-707
-826
-1072
-958
-620
-796
-1408
-1472
-775
-439
-1054
-1838
-1685
-792
-329
-975
-1717
-1194
143
634
-120
-599
99
1277
1580
1105
629
1034
2052
2565
2080
1669
2489
3367
2625
981
1158
2708
3044
1263
-165
620
2113
2200
273
-1651
-1390
314
760
-1075
-2720
-2200
-762
-402
-1312
-2108
-2010
-1187
-685
-1057
-1609
-1583
-995
-866
-1109
-1185
-987
-1036
-1268
-1155
-822
-888
-1235
-1333
-1009
-617
-544
-797
-997
-609
259
646
328
94
728
1561
1867
1593
1378
1604
2110
2431
2303
2238
2630
2863
1881
1024
1933
3116
2334
301
-128
1356
2333
1381
-755
-1782
-709
803
306
-1931
-3051
-1841
-425
-662
-1957
-2547
-1964
-959
-759
-1437
-2025
-1737
-1012
-1023
-1443
-1592
-1305
-1378
-1652
-1351
-871
-972
-1573
-1713
-1020
-411
-420
-1018
-1204
-310
893
1140
357
192
1302
2559
2616
1860
1428
2078
3092
3252
2665
2320
2709
2439
1711
1870
2649
2446
973
306
1180
2047
1523
-301
-1537
-1111
206
295
-1351
-2750
-2297
-852
-533
-1484
-2470
-2453
-1361
-756
-1110
-2105
-2266
-1457
-998
-1293
-1811
-1859
-1623
-1425
-1236
-1439
-1910
-1923
-1382
-1012
-1268
-1519
-1282
-619
25
350
326
386
1070
1979
2386
2202
2075
2452
2991
3274
3227
3163
3286
2924
2001
1981
2923
3100
1668
347
802
1956
1979
434
-1307
-1467
-262
337
-920
-2504
-2488
-1282
-595
-1077
-1900
-2111
-1504
-863
-1063
-1656
-1833
-1371
-1079
-1313
-1712
-1650
-1158
-1047
-1554
-1964
-1778
-1280
-1267
-1814
-2224
-1800
-986
-785
-1131
-1085
-260
612
992
1039
1326
1893
2600
2775
2598
2529
3179
3965
3784
2672
1694
2326
3629
3514
1773
288
1018
2417
2324
331
-1541
-1284
92
515
-1018
-2636
-2560
-1282
-521
-1204
-2208
-2343
-1448
-643
-992
-1714
-1796
-1035
-722
-1223
-1591
-1267
-702
-814
-1386
-1656
-1290
-757
-950
-1884
-2288
-1501
-530
-724
-1554
-1555
-427
679
818
508
608
1592
2475
2639
2178
2138
3009
3714
3216
1736
1563
3033
3922
2711
778
684
2251
3036
1510
-1047
-1579
23
986
-563
-2604
-2618
-1158
-415
-1284
-2473
-2570
-1553
-745
-1232
-2015
-1905
-971
-528
-957
-1401
-1321
-622
-323
-840
-1400
-1172
-455
-465
-1189
-1645
-1243
-507
-469
-1003
-1183
-473
465
769
525
597
1370
2096
2282
1991
2150
2803
3174
2364
1180
1727
3188
3288
1520
281
1339
2743
2406
192
-1459
-904
656
654
-1378
-2839
-2107
-603
-528
-1788
-2580
-2195
-1203
-925
-1477
-1943
-1736
-1082
-1003
-1328
-1384
-897
-496
-875
-1168
-880
-299
-239
-875
-1336
-969
-133
40
-599
-900
-117
981
1277
950
825
1424
2205
2585
2283
2079
2620
3146
2700
1415
1317
2535
2962
1748
287
574
1688
2105
808
-1134
-1603
-331
416
-947
-2713
-2716
-1648
-1157
-1683
-2252
-2418
-1883
-1204
-1255
-1737
-1836
-1219
-1053
-1515
-1531
-862
-389
-841
-1344
-1140
-431
6
-545
-1388
-1310
-64
697
56
-717
-148
1289
2025
1732
1263
1507
2527
3373
3173
2421
2655
3371
2979
1615
1539
2645
2706
1207
68
696
1857
1743
-132
-1903
-1583
100
204
-2000
-3760
-3031
-1320
-1049
-2385
-3495
-3088
-1666
-883
-1595
-2502
-2307
-1205
-710
-1130
-1485
-1249
-954
-882
-731
-563
-671
-1001
-1060
-706
-174
56
-295
-562
75
1333
1885
1369
1080
1817
3084
3562
3270
2798
3159
3961
3822
2510
1836
2824
3514
2406
767
676
1840
2127
663
-1322
-1692
-472
120
-1279
-3159
-3306
-2022
-1322
-2193
-3413
-3423
-2435
-1676
-2038
-2784
-2692
-1809
-1247
-1777
-2231
-1618
-788
-868
-1570
-1612
-774
-205
-645
-1524
-1361
-166
628
156
-487
125
1588
2416
2045
1468
2054
3411
4136
3572
2925
3078
3236
3014
3136
3284
2769
1862
1724
2216
2336
1696
387
-638
-528
250
-95
-1680
-2651
-2200
-1359
-1463
-2275
-3074
-3039
-2309
-1913
-2306
-2872
-2839
-2311
-1905
-1758
-1925
-2170
-2054
-1550
-1022
-1125
-1532
-1695
-1360
-813
-578
-704
-882
-469
471
1248
1343
1205
1645
2572
3168
3139
3050
3403
3799
3490
2563
2418
3430
3795
2593
1222
1546
2778
2839
1272
-504
-660
542
980
-524
-2267
-2312
-1165
-775
-1626
-2715
-2863
-2050
-1444
-1881
-2670
-2654
-1925
-1501
-1780
-2292
-2616
-2132
-1264
-1102
-1873
-2564
-2072
-986
-703
-1454
-2177
-1672
-336
586
396
-74
290
1542
2631
2782
2477
2659
3610
4250
3567
2449
2727
4167
4208
2497
1212
1978
3354
3049
1059
-777
-404
1109
1101
-994
-2704
-2165
-820
-565
-1757
-2983
-2896
-1707
-966
-1697
-2707
-2603
-1747
-1162
-1431
-1886
-2069
-1716
-1224
-1083
-1384
-1847
-1881
-1496
-1048
-1072
-1415
-1475
-1024
-220
349
426
369
791
1839
2623
2727
2693
2958
3476
3268
2900
3055
3668
3592
2756
2187
2478
2971
2705
1330
-74
-84
750
486
-1083
-2343
-2069
-1176
-1058
-1934
-2924
-2956
-2069
-1560
-2042
-2928
-2939
-1998
-1146
-1222
-1954
-2152
-1462
-642
-664
-1421
-1876
-1467
-830
-787
-1243
-1446
-1082
-386
38
85
121
574
1268
1737
1907
2249
2759
3010
2629
2225
2726
3631
3637
2616
2013
2679
3617
3326
1827
582
787
1487
1106
-448
-1633
-1544
-854
-870
-1740
-2569
-2543
-1877
-1822
-2391
-2909
-2674
-2080
-1732
-1813
-2149
-1975
-1292
-864
-1143
-1595
-1407
-1001
-866
-1076
-1224
-1172
-924
-495
-136
128
189
499
895
1425
1787
2058
2226
1981
1743
1991
2763
3072
2637
2015
2079
2927
3486
2904
1348
679
1329
1944
1175
-389
-1193
-881
-194
-307
-1341
-2346
-2176
-1369
-1281
-2154
-2812
-2374
-1532
-1310
-1828
-2184
-1748
-993
-858
-1478
-1858
-1447
-766
-777
-1344
-1560
-993
-283
-167
-400
-352
273
965
1150
854
1024
1727
2172
1458
694
1312
2646
2916
1893
1102
1822
3094
3325
1917
403
578
1728
1780
297
-956
-811
-39
46
-674
-1571
-1719
-1159
-953
-1512
-2221
-1967
-1251
-1013
-1322
-1548
-1180
-667
-442
-863
-1270
-1090
-489
-383
-869
-1066
-684
-113
25
32
6
192
599
970
984
819
1185
1457
987
300
718
1671
1723
974
423
946
1982
2341
1223
-142
85
1246
1352
-74
-1192
-1015
-135
116
-676
-1594
-1597
-866
-664
-1409
-2001
-1717
-1000
-839
-1183
-1354
-880
-234
-193
-607
-768
-285
197
102
-313
-294
308
789
733
516
652
1099
1322
1240
1061
1218
1647
1469
640
113
896
1693
1142
35
-167
918
1728
1344
-119
-815
44
1025
406
-1192
-1720
-981
-207
-516
-1537
-2043
-1506
-835
-1269
-2127
-2221
-1539
-1176
-1491
-1701
-1415
-865
-566
-699
-805
-519
42
204
-3
122
744
1274
1207
1196
1575
2176
2245
1958
1779
2098
2566
2339
1328
514
1033
1943
1667
387
-479
247
1370
1451
75
-1157
-782
417
568
-705
-1773
-1562
-720
-465
-1159
-1888
-1956
-1439
-1347
-1775
-2160
-2010
-1733
-1811
-1954
-1856
-1523
-1353
-1428
-1463
-1184
-691
-481
-562
-469
125
819
1140
1170
1427
2040
2641
2751
2595
2489
2840
3072
2508
1561
1358
2094
2230
1288
415
446
1250
1450
610
-625
-748
190
553
-471
-1586
-1462
-675
-351
-962
-1707
-1765
-1214
-905
-1388
-1960
-1935
-1533
-1469
-1870
-2026
-1789
-1536
-1623
-1792
-1744
-1417
-1147
-1141
-1189
-887
-149
415
530
682
1338
2032
2252
2277
2403
2777
2900
2401
1767
1823
2469
2437
1438
627
895
1732
1699
552
-565
-365
554
700
-375
-1442
-1328
-421
7
-714
-1599
-1569
-780
-311
-758
-1454
-1558
-999
-641
-954
-1500
-1653
-1356
-1076
-1167
-1536
-1754
-1485
-1106
-1043
-1173
-1044
-507
42
384
579
858
1191
1757
2089
2171
1913
1601
1603
2054
2383
1886
919
811
1570
1996
1339
52
-343
276
890
342
-913
-1428
-922
-260
-395
-1136
-1637
-1314
-630
-360
-781
-1236
-1000
-546
-355
-647
-854
-909
-823
-667
-635
-801
-1000
-1008
-860
-690
-529
-418
-424
-289
207
779
950
843
1016
1550
1831
1373
874
1214
1830
1826
938
466
872
1689
1635
414
-516
-76
988
766
-653
-1541
-1082
-126
-63
-986
-1911
-1581
-406
113
-749
-1650
-1190
-97
267
-443
-1095
-904
-182
175
-321
-984
-986
-333
-57
-483
-863
-604
-44
191
234
222
388
767
1180
1317
1148
929
845
942
1465
1515
1001
384
613
1232
1412
764
-132
-258
311
680
-40
-997
-1260
-700
-270
-681
-1403
-1588
-945
-306
-486
-1067
-1154
-477
87
15
-480
-604
-174
335
231
-262
-462
-203
82
24
-204
-275
-32
240
378
251
340
529
824
825
564
293
134
589
985
756
-44
-236
437
1200
925
-58
-726
-210
787
680
-457
-1307
-951
-98
46
-737
-1541
-1354
-420
24
-516
-1108
-908
-130
248
16
-410
-387
155
556
471
80
33
327
628
684
538
476
635
923
1096
1034
851
842
1002
1000
633
82
-192
-7
324
28
-760
-1145
-557
80
-191
-1105
-1569
-1085
-318
-249
-1114
-1746
-1275
-367
-224
-882
-1327
-1029
-215
184
-91
-588
-522
169
656
474
-64
-140
305
769
730
382
223
449
828
1018
1057
1017
1140
1434
1610
1802
1739
1732
1606
1535
1190
710
575
664
480
-233
-724
-781
-398
-425
-1145
-2031
-2109
-1383
-1184
-1805
-2629
-2513
-1771
-1240
-1513
-2143
-2079
-1257
-476
-578
-997
-910
-134
504
452
41
-19
539
1067
1009
535
417
836
1240
1302
1108
1105
1377
1823
1995
1901
1881
2096
2298
2160
1824
1383
1258
1426
1346
715
-7
-37
309
303
-568
-1524
-1728
-1184
-984
-1792
-2760
-2889
-2119
-1626
-2026
-2847
-2913
-2049
-1193
-1267
-1921
-1946
-1060
-164
-122
-680
-845
-154
710
859
297
-16
451
1192
1462
1132
850
1182
1844
2175
1963
1827
2061
2439
2445
1986
1589
1541
1940
1794
1091
406
596
1053
825
-88
-932
-915
-540
-453
-1300
-2181
-2308
-1686
-1344
-1857
-2475
-2535
-1899
-1370
-1403
-1869
-1972
-1398
-774
-691
-1034
-1073
-655
-91
134
-93
-260
8
573
846
713
652
931
1396
1663
1723
1749
1901
2130
2168
1816
1547
1649
2006
1723
1073
687
941
1161
969
114
-655
-595
-90
-149
-1179
-1858
-1702
-1192
-1112
-1546
-2041
-2039
-1385
-974
-1303
-1768
-1546
-958
-740
-858
-1000
-818
-467
-100
-161
-331
-251
136
385
414
378
495
808
1074
1331
1300
1443
1466
1671
1577
1388
1262
1347
1478
1131
866
648
839
764
491
-145
-490
-348
-234
-494
-1261
-1439
-1301
-859
-941
-1326
-1622
-1391
-801
-699
-1010
-1345
-1041
-590
-339
-515
-676
-486
-96
140
1
-90
13
270
420
482
515
658
825
1003
1148
1290
1347
1266
1138
975
1088
1211
1137
647
308
428
694
615
-31
-554
-682
-323
-270
-736
-1382
-1537
-1091
-711
-781
-1254
-1376
-1072
-549
-424
-714
-932
-793
-348
-120
-177
-403
-357
-36
253
271
22
3
224
550
611
528
542
796
1050
1130
1145
1124
1209
1106
987
814
930
932
719
297
121
207
297
-3
-598
-933
-811
-561
-742
-1323
-1650
-1372
-886
-770
-1079
-1321
-1042
-490
-265
-498
-716
-493
-68
156
30
-129
-84
260
479
432
223
222
474
685
794
680
708
814
1114
1203
1184
1122
1153
1109
928
911
864
885
506
147
-24
62
61
-350
-899
-1232
-1022
-829
-1065
-1673
-1871
-1579
-1153
-1029
-1264
-1470
-1237
-651
-344
-500
-699
-523
-67
295
268
17
-50
334
672
657
352
297
533
900
1039
934
833
958
1290
1490
1432
1240
1228
1255
1291
1213
1155
926
636
469
342
158
-61
-353
-772
-1128
-1128
-1160
-1380
-1713
-1858
-1817
-1596
-1451
-1521
-1624
-1482
-1045
-769
-743
-798
-594
-255
43
98
41
73
279
518
588
498
455
571
834
959
950
908
912
1126
1326
1390
1148
1028
1083
1213
1345
1150
800
474
676
785
559
23
-357
-411
-335
-340
-879
-1248
-1428
-1104
-1135
-1330
-1620
-1575
-1264
-1082
-1074
-1271
-1041
-747
-417
-532
-575
-435
-85
95
28
-33
106
421
561
549
463
642
894
1053
908
843
965
1195
1114
881
734
974
1060
869
455
357
537
585
329
-237
-357
-229
43
-158
-573
-936
-795
-397
-334
-669
-1124
-1006
-610
-246
-433
-837
-973
-611
-101
-143
-496
-738
-420
-31
83
-105
-293
-209
109
347
311
189
273
508
664
708
705
668
614
656
690
616
454
412
336
274
115
2
-177
-111
-80
-247
-485
-442
-223
-141
-268
-495
-413
-115
142
-16
-257
-259
70
295
169
-141
-248
-26
192
121
-194
-346
-154
25
-28
-190
-229
-131
-43
32
-25
56
139
207
124
114
191
225
200
89
26
0
35
1
-95
-204
-253
-228
-228
-215
-272
-245
-195
-145
-109
-18
88
100
135
169
316
404
431
352
294
395
477
418
234
154
179
283
245
82
-66
-102
-39
-114
-157
-301
-314
-348
-274
-327
-392
-414
-417
-375
-417
-391
-407
-320
-332
-307
-305
-197
-113
-88
-80
-74
34
190
330
278
233
347
576
661
594
495
508
613
691
606
398
290
353
380
312
165
81
82
97
84
-55
-187
-286
-272
-331
-383
-482
-580
-697
-644
-556
-639
-776
-869
-728
-649
-514
-624
-690
-615
-289
-60
-141
-201
-127
191
386
489
407
405
610
899
987
865
840
894
1008
1000
901
758
636
616
562
459
337
274
222
121
-6
-99
-160
-248
-348
-486
-629
-699
-713
-713
-859
-978
-1037
-969
-905
-877
-937
-986
-897
-721
-554
-537
-495
-416
-217
-37
136
205
259
365
539
730
810
833
846
955
1058
1130
1070
966
938
977
987
841
685
596
620
575
411
211
96
107
28
-179
-453
-529
-504
-514
-736
-1000
-1044
-928
-842
-997
-1157
-1188
-962
-823
-823
-938
-874
-628
-449
-368
-370
-242
-97
105
177
204
268
428
567
595
628
684
782
866
865
831
796
859
880
874
778
688
663
679
663
534
386
233
198
143
49
-154
-318
-428
-425
-460
-559
-704
-802
-775
-722
-669
-749
-829
-829
-667
-534
-519
-582
-553
-399
-225
-154
-202
-205
-108
52
123
92
60
119
251
303
317
282
327
369
434
463
429
452
452
493
460
483
408
380
345
353
295
192
147
131
149
71
6
-83
-74
-62
-52
-126
-218
-206
-150
-89
-141
-192
-199
-131
-84
-108
-138
-181
-165
-131
-113
-164
-230
-231
-195
-145
-185
-246
-295
-231
-153
-134
-228
-312
-228
-80
-33
-172
-236
-153
-2
50
-48
-131
-88
106
187
115
35
140
297
369
329
303
342
460
543
474
406
457
579
577
483
383
382
434
425
291
114
79
98
73
-73
-235
-291
-320
-366
-437
-507
-575
-616
-598
-592
-612
-652
-673
-654
-591
-537
-537
-529
-472
-318
-241
-194
-195
-93
19
111
155
170
254
376
514
509
507
564
738
774
715
641
653
743
754
689
515
460
477
515
420
222
107
43
29
-51
-165
-326
-441
-453
-462
-505
-607
-679
-744
-724
-649
-644
-716
-778
-670
-547
-445
-462
-455
-390
-243
-110
-80
-53
4
148
244
296
329
406
500
531
545
567
615
640
630
594
553
571
574
543
421
365
329
306
235
125
24
-70
-94
-147
-224
-346
-384
-411
-425
-494
-552
-574
-552
-495
-507
-538
-573
-448
-319
-281
-354
-354
-222
-49
23
-25
-39
42
225
330
290
190
241
385
483
416
342
322
386
461
432
361
299
341
341
323
262
228
183
132
84
54
28
-61
-144
-214
-210
-242
-287
-394
-462
-472
-436
-416
-471
-488
-464
-394
-321
-258
-235
-222
-152
-34
60
107
118
134
188
298
345
295
228
259
328
324
277
207
194
215
254
202
111
88
143
161
104
39
3
32
68
59
-36
-114
-82
-16
-26
-128
-220
-233
-188
-163
-232
-325
-361
-274
-202
-214
-255
-235
-170
-75
-8
12
41
80
152
190
212
219
216
215
205
208
193
170
126
84
72
61
35
-26
-54
-70
-81
-93
-101
-100
-114
-103
-94
-82
-68
-63
-72
-80
-63
-47
-22
-26
-69
-89
-29
18
4
-40
-48
-7
63
98
58
19
66
166
204
174
124
144
204
231
208
144
98
104
134
103
28
-22
-41
-53
-73
-94
-164
-197
-185
-157
-180
-218
-220
-210
-177
-165
-154
-171
-138
-98
-80
-92
-79
-31
-12
-23
-32
4
36
49
52
47
60
121
167
159
140
170
214
225
217
201
198
205
217
196
146
127
128
114
48
18
5
-29
-68
-99
-105
-125
-137
-169
-180
-162
-168
-199
-208
-178
-171
-177
-188
-156
-129
-96
-89
-97
-84
-55
2
11
-2
-26
1
55
98
104
60
67
136
209
197
151
147
204
239
202
146
117
165
194
163
72
38
82
114
67
-30
-67
-49
-24
-75
-154
-183
-151
-142
-203
-242
-228
-183
-198
-247
-254
-187
-127
-131
-180
-184
-116
-25
-6
-73
-100
-24
67
70
19
-10
45
124
156
122
98
138
206
221
193
178
206
228
211
184
194
216
209
175
129
141
165
134
53
9
14
23
-27
-107
-156
-121
-82
-130
-218
-247
-191
-143
-169
-241
-269
-232
-170
-157
-206
-244
-204
-128
-111
-151
-156
-136
-112
-95
-67
-47
-30
1
36
88
150
196
177
177
233
317
321
280
275
322
362
355
319
259
272
288
261
174
117
102
83
48
-10
-63
-99
-109
-124
-167
-226
-248
-255
-255
-275
-306
-343
-351
-312
-287
-328
-361
-336
-282
-244
-255
-272
-261
-177
-104
-72
-68
-46
36
134
187
179
190
259
334
368
374
370
387
430
472
440
387
388
412
386
312
264
219
187
153
95
5
-54
-77
-117
-162
-227
-279
-309
-315
-329
-369
-412
-416
-397
-398
-431
-447
-412
-361
-328
-323
-317
-267
-178
-106
-77
-70
-31
61
148
172
168
199
276
340
357
337
341
386
433
443
399
362
360
384
381
329
252
210
198
193
139
49
-17
-48
-68
-133
-201
-246
-263
-294
-324
-354
-366
-357
-348
-362
-381
-349
-295
-256
-273
-280
-237
-162
-103
-99
-104
-73
14
85
108
98
103
145
204
252
252
223
219
265
306
301
266
227
232
255
257
221
163
130
134
138
97
32
-17
-41
-59
-94
-145
-182
-191
-197
-212
-230
-230
-222
-213
-209
-217
-194
-156
-114
-111
-115
-89
-28
24
38
25
28
75
123
136
114
101
115
140
161
159
144
126
108
123
131
116
69
24
19
34
26
-26
-69
-78
-51
-49
-84
-130
-141
-131
-127
-141
-165
-185
-176
-151
-141
-137
-128
-109
-90
-63
-42
-18
11
43
73
105
140
172
194
214
235
243
251
257
249
229
223
217
196
167
144
110
86
77
49
-18
-77
-84
-82
-106
-170
-217
-217
-182
-189
-237
-281
-281
-256
-244
-263
-301
-307
-265
-223
-215
-219
-201
-155
-111
-77
-62
-38
-3
53
105
138
158
189
234
281
316
326
335
348
371
383
376
355
336
313
292
269
228
186
140
96
56
22
-16
-61
-99
-132
-169
-193
-204
-234
-268
-288
-297
-305
-305
-306
-319
-321
-310
-294
-283
-272
-244
-220
-191
-154
-119
-96
-71
-19
17
43
65
101
140
175
210
233
252
280
311
336
334
333
327
324
328
328
301
254
234
234
228
178
118
72
54
40
-4
-84
-156
-170
-160
-198
-278
-334
-319
-286
-308
-371
-407
-370
-323
-322
-353
-353
-288
-212
-184
-197
-177
-104
-35
-4
-5
1
64
144
178
166
179
241
304
324
311
313
348
374
374
360
340
346
335
293
248
231
210
161
95
41
5
-37
-93
-157
-218
-249
-275
-311
-344
-362
-365
-380
-389
-376
-350
-337
-320
-301
-263
-214
-169
-136
-116
-79
-27
25
57
76
114
166
208
237
259
294
328
347
342
346
361
367
351
322
300
275
261
233
178
117
74
49
12
-52
-119
-166
-190
-214
-258
-320
-359
-365
-360
-380
-403
-391
-365
-342
-321
-298
-271
-233
-182
-143
-113
-71
-22
27
57
88
128
177
226
268
289
317
365
411
428
420
420
424
432
413
364
325
297
272
235
171
103
47
10
-46
-119
-180
-230
-263
-307
-354
-391
-411
-427
-453
-468
-464
-443
-422
-423
-413
-373
-318
-280
-252
-212
-170
-108
-40
8
39
83
145
206
251
283
313
353
401
448
461
466
480
496
505
495
467
425
394
363
316
251
188
139
89
30
-37
-104
-155
-198
-251
-315
-362
-382
-397
-422
-446
-457
-446
-420
-411
-416
-406
-365
-324
-298
-280
-247
-181
-119
-84
-56
-12
53
113
147
167
195
236
283
308
316
324
348
379
379
361
345
342
331
295
249
212
187
163
122
83
49
23
-16
-55
-80
-99
-130
-171
-205
-222
-232
-243
-255
-271
-267
-255
-244
-237
-219
-201
-186
-168
-143
-114
-86
-64
-42
-17
8
37
62
81
92
106
118
132
144
144
144
150
149
139
132
117
106
96
95
87
64
54
52
35
18
8
-10
-28
-43
-54
-55
-56
-66
-68
-60
-51
-60
-62
-60
-56
-45
-41
-44
-38
-22
-5
-3
-12
-10
-3
9
8
2
6
20
28
23
12
7
13
16
3
-11
-12
-1
-3
-13
-11
-13
-7
-2
-11
-22
-12
8
12
0
-7
7
26
32
30
27
32
44
51
40
24
27
37
32
18
9
15
15
5
-5
-13
-13
-7
-14
-28
-30
-21
-15
-34
-42
-45
-44
-46
-49
-58
-59
-49
-38
-31
-32
-32
-23
-8
2
2
5
10
16
22
32
47
54
68
73
82
91
105
112
104
104
102
103
102
93
79
62
55
39
20
2
-17
-38
-59
-71
-88
-106
-119
-124
-132
-145
-145
-147
-153
-152
-149
-152
-146
-128
-112
-105
