SAMPLES:	10790
BITSPERSAMPLE:	16
CHANNELS:	1
SAMPLERATE:	16000
NORMALIZED:	FALSE
6
1
-1
-4
-4
0
0
-7
-1
2
4
1
-4
-1
-1
-2
-1
-7
-3
3
7
5
-6
-3
1
-1
-8
-3
-4
-4
6
1
3
6
4
8
5
-4
-8
-5
-12
-5
4
-4
-2
15
14
1
-8
1
3
-1
-3
-1
-3
-5
2
5
4
1
2
0
-4
3
0
0
3
-10
-3
-4
1
6
7
3
-1
-3
-5
-8
-3
-1
3
3
4
0
-11
-3
3
4
-5
-5
5
1
-7
1
1
17
5
-7
1
-7
13
5
-1
-12
-4
4
-4
1
3
-7
2
0
-8
1
9
8
-11
-10
-5
6
11
-6
2
-5
-1
3
1
-3
9
6
1
-4
-10
0
-7
16
-3
-10
3
3
12
4
0
-1
-14
-1
-7
13
-13
-1
-4
6
0
-1
32
-3
15
-43
35
-21
31
-17
-19
11
3
30
-43
53
-35
37
-26
24
-62
47
-16
0
-6
-8
17
-24
40
-49
61
-41
36
-42
41
-44
40
-35
13
-16
25
-11
6
7
-19
21
-27
23
-18
44
-45
42
-26
9
-13
12
-34
10
12
-16
20
-4
2
-7
25
-61
35
-13
2
-7
19
-40
31
15
-40
43
-19
-27
14
23
-57
52
-1
-34
39
16
-51
50
-20
-46
49
-5
-40
79
-3
-67
54
-21
-62
79
-9
-46
78
-28
-42
70
-43
-38
58
-31
-5
70
-76
-21
83
-66
11
52
-44
17
46
-60
4
51
-65
29
32
-74
32
39
-76
58
16
-84
62
13
-71
75
-21
-70
79
-13
-61
88
-22
-44
84
-70
-6
48
-54
23
53
-70
50
2
-81
85
-28
-65
106
-63
-38
96
-40
-24
70
-49
0
40
-71
57
22
-46
64
-41
-23
37
-30
-16
66
-43
10
-1
-31
12
-1
-13
24
-23
30
-28
0
-26
47
-65
57
-31
0
23
4
8
-26
8
-24
4
-20
42
-75
22
56
-23
11
21
-54
35
12
-59
2
38
-60
76
-16
-25
63
-1
12
-34
-6
-2
2
15
-6
9
-32
85
-83
45
-28
2
13
12
-75
102
-37
33
-26
-36
-32
73
24
-98
82
-34
-20
48
23
-163
173
-39
0
-43
48
-124
150
-39
7
-12
72
-82
79
-72
11
19
53
-79
4
7
-95
175
-109
92
-91
67
-80
87
-80
66
-67
2
11
-21
13
-12
64
-23
39
-26
-26
2
33
-28
-74
68
-49
120
-83
-10
54
57
-119
104
-120
17
103
-118
-36
98
-23
-6
58
-113
84
-20
-56
41
-9
4
20
-31
-63
140
-51
7
-63
46
-28
135
-170
70
-74
102
8
-76
23
-1
39
-16
91
-229
202
-143
70
-70
86
-76
96
-30
18
63
-59
-44
75
-52
83
-153
69
-93
166
-120
119
-46
27
-41
-37
-57
45
54
-54
19
-40
55
48
-49
53
-40
66
-68
67
-162
52
19
-9
48
-73
135
-59
56
-133
121
-122
155
-63
-110
72
0
-58
30
60
31
25
-68
17
71
-92
52
-125
-23
210
-93
-68
-63
186
-82
166
-166
-39
67
126
-262
25
110
-54
97
-39
-124
131
79
-135
-15
-25
-11
167
-111
52
-67
24
89
-101
0
40
-120
195
-93
-87
75
-63
56
112
-176
21
211
-239
170
-191
1
54
83
-151
172
-207
252
-132
-28
32
-111
92
5
-1
-80
220
-188
145
-127
-15
38
75
-91
-54
103
-75
142
-98
81
-63
64
-69
49
-96
-12
78
-51
89
108
-156
2
78
-31
-97
187
-211
4
70
87
-122
153
-56
-80
94
-30
-17
-66
215
-231
136
-158
89
37
99
-30
-33
112
-9
-303
-369
254
156
607
-426
-237
-109
231
-28
33
-124
192
409
-503
-194
-162
431
108
16
-202
225
-136
298
-382
89
38
-43
-187
37
20
126
112
-157
260
-207
119
-143
17
47
-7
-119
76
-26
-60
153
-252
310
-52
-49
-86
120
-104
31
43
-112
104
-158
144
-225
292
-237
175
-43
128
-217
254
-262
119
-16
-97
45
43
-124
195
15
-127
425
-380
-68
-74
163
-194
153
-95
43
121
-18
-190
17
164
31
-22
-12
-177
311
-246
-52
73
44
-18
228
-227
-53
132
-35
110
-151
48
-62
133
-162
195
-263
202
-196
211
-224
216
-263
180
39
-97
54
-66
99
22
-45
-14
64
-219
156
-22
-103
45
185
-55
-92
94
13
-197
284
-169
-54
-13
122
-109
202
-190
135
-143
185
-18
-105
-74
98
86
-195
154
-7
-27
90
-10
-61
-3
62
-81
-167
367
-248
155
-52
192
-398
429
50
-668
-73
575
-145
272
50
-936
19
632
-160
-179
615
-226
177
-200
-343
70
139
279
-255
187
-186
290
-298
12
-78
412
-180
-55
165
-217
-13
99
6
-362
455
-261
141
-197
295
-245
106
-14
39
-205
42
226
-114
40
50
100
-224
251
-200
-240
258
-109
-116
234
-150
87
184
-80
20
79
-189
32
100
-360
191
49
-34
56
219
-328
278
-41
-61
-134
197
-158
83
13
-222
153
-131
120
-173
333
-348
467
-234
-26
116
-190
-133
141
-29
-115
183
-29
-2
38
28
-212
308
-117
-25
-79
205
-422
435
-310
-22
68
62
-186
233
-118
123
-239
536
-455
106
251
-216
-124
60
139
-432
490
-270
96
40
361
-539
284
-75
48
-264
353
-404
255
49
-21
-278
246
144
-279
149
-30
61
-11
35
-40
-100
21
70
-224
135
114
-62
-109
231
-58
-176
253
-234
168
-100
148
-187
41
214
-143
-27
-86
85
-90
69
4
71
-151
197
-161
55
-2
151
-235
196
-184
57
-84
271
-182
-1
-33
158
-223
168
-191
209
-53
30
-14
63
-69
167
-185
-44
285
-216
-62
144
-239
193
-8
40
-26
45
98
-143
37
96
-53
-229
171
-79
-19
3
61
-186
234
174
-229
96
100
-72
-248
218
-368
156
79
-30
109
-51
48
-48
-85
160
62
-296
5
169
-152
144
79
-89
205
-56
-104
-13
-62
57
-140
-77
101
-4
47
18
351
-294
126
-42
-157
-176
243
-221
-154
289
2
-42
32
171
45
-69
42
-60
-487
424
-212
-98
15
32
95
21
54
107
-115
101
-20
53
-178
-15
89
-143
-149
213
-402
379
141
-41
173
-3
68
-86
-114
-151
31
-263
344
-295
254
51
192
-98
222
-196
-31
88
-174
115
-310
-81
-51
41
223
17
103
279
-67
-16
-251
-130
168
6
-267
197
-51
74
355
-394
33
353
-211
34
-98
-109
155
-76
19
-87
4
285
-145
-130
72
-33
-45
162
-125
-20
223
-277
122
-136
133
-175
158
-143
30
-19
285
-39
-50
146
-133
-26
-30
105
-239
14
73
-114
-180
416
-370
294
-67
236
-380
137
261
-242
129
11
-61
-374
465
-269
61
182
-56
201
-130
75
-65
-120
-63
398
-454
-56
133
232
-491
593
-696
208
2
292
-338
66
97
99
0
40
52
-143
79
-112
-88
-293
498
-406
414
-340
627
-317
-3
208
-343
93
-78
-85
-137
173
-208
325
-220
332
-152
338
-342
211
-303
153
-176
-53
-265
425
-24
-240
445
-264
316
57
-106
-139
-145
-99
347
-313
224
-208
205
65
265
-544
327
-146
151
-53
-144
95
-152
304
-62
-107
225
-211
41
-25
-134
115
-252
210
5
-205
166
209
0
17
186
-501
127
-175
55
-49
-137
456
-222
81
213
-209
-99
363
-242
-265
168
79
30
143
-188
-146
-138
389
-125
-60
168
-51
105
-72
-142
103
-185
257
-213
180
-264
449
-412
-2
191
-121
200
-18
-159
-160
119
63
21
-36
9
-83
248
111
-6
-497
255
-172
42
438
-460
292
-189
8
57
-270
166
7
168
-87
107
-279
322
-94
162
-259
-5
63
148
-206
131
-124
126
205
-206
99
-344
190
-92
74
-375
573
-116
-81
-25
21
108
234
-306
-117
142
-40
152
-367
-104
484
103
-255
262
-511
375
145
-328
66
51
-32
61
-363
353
-215
108
-62
-144
171
26
-83
69
140
-142
408
-435
198
-360
96
-250
389
87
-46
3
41
44
383
-278
-267
202
-245
101
-317
-4
296
-60
221
98
-320
393
-239
-108
172
-280
55
-185
262
-15
125
-142
101
173
-333
29
-303
595
-84
-18
-191
-359
443
201
-498
127
111
-90
412
-251
-225
23
346
-240
537
-535
-217
236
-97
91
-13
-280
166
474
-366
231
-169
58
147
-220
-332
287
-439
589
94
-485
358
-18
136
98
-437
98
76
-28
31
-114
-174
52
263
167
-298
32
-21
270
-204
-171
-20
-218
470
283
-532
27
495
-631
681
-244
-515
400
-51
-25
243
-405
625
-318
-87
305
-814
634
231
-616
625
-569
-63
565
-245
-30
38
-199
372
-370
21
-26
5
245
-101
-103
10
-273
609
-218
-406
410
-614
676
58
-342
-64
302
27
-59
149
-543
387
210
-504
388
-420
260
35
-213
-100
306
50
253
-301
43
-151
111
11
-110
-177
168
-16
-32
594
-596
440
-238
40
145
-480
390
-73
-57
-5
-204
58
0
138
298
-318
404
-328
195
-192
35
192
-461
75
-163
129
267
170
-399
116
382
-320
135
-148
-360
622
-591
461
-400
289
-34
-290
320
-148
581
-548
63
218
-102
182
-522
16
439
-309
242
-33
-31
224
-133
-657
700
-276
-6
138
-638
541
220
-511
130
146
61
-97
136
-294
429
205
-564
50
-150
187
229
132
-849
794
-398
269
296
-544
291
-144
-581
770
-565
445
398
-521
611
-360
-506
217
406
-210
48
-461
-19
667
-480
408
-285
37
358
-483
-105
-208
320
-145
-38
-210
13
129
347
-59
11
-348
595
-560
154
-198
4
-37
192
-103
27
383
30
77
59
-17
239
-495
-104
33
-514
966
-542
119
60
-117
454
230
-636
-232
444
-582
732
-375
-524
568
123
49
51
-606
679
-135
-201
4
-556
576
102
291
-709
484
-40
291
-128
-298
-101
-184
490
520
-634
-46
-99
-26
203
-600
434
-2
347
-205
-334
323
388
-161
-47
-240
64
37
241
-159
-53
38
71
403
-153
226
-464
-365
303
50
107
-462
90
-332
136
194
-216
403
-285
19
-164
70
318
-415
171
-14
170
122
154
95
-329
64
-138
-107
316
-142
-150
159
-13
264
-205
-179
-163
217
-58
192
-41
-317
257
40
280
-515
187
-300
359
699
-665
250
-198
-165
193
-235
168
-149
101
-204
-63
-111
217
354
-300
-96
-79
102
32
-55
0
-112
63
360
-511
115
232
180
-155
-211
-79
178
185
-371
148
33
-93
155
-534
146
490
84
36
-461
403
186
-59
-19
-472
492
75
-59
-358
-124
-250
25
485
-238
177
-13
9
261
-142
-229
-16
-77
287
38
-202
297
152
51
-136
-37
80
5
138
-46
59
308
-594
-37
-40
110
256
-292
-7
-293
191
-14
-469
282
-164
37
-180
42
48
4
164
-325
153
275
-105
5
-318
279
-31
304
-179
62
388
-36
302
-348
406
-489
321
-396
-243
212
23
332
-86
40
59
224
277
-714
0
-196
73
-23
-442
429
-296
648
-72
-7
84
-297
220
-511
-79
-186
-99
70
-227
299
-321
372
402
-430
274
-510
330
-295
-58
-183
-247
466
-78
352
-26
464
91
-323
168
-381
152
-188
-272
293
-527
257
-267
310
338
179
-79
-316
653
-195
257
-283
-260
364
-141
322
-455
242
93
-116
505
-262
-110
279
41
12
-491
97
-84
427
56
-316
303
-142
471
-375
-228
-62
-16
420
-220
-89
129
-173
235
14
-167
131
72
29
143
62
-363
394
-101
-271
47
-318
152
95
-251
-182
-277
-73
-51
-350
-367
-63
-180
-237
-56
-218
154
117
75
224
157
215
273
16
75
149
-42
149
307
179
468
220
71
506
188
42
-242
-190
122
-50
-49
-156
-17
91
216
1
-138
93
-163
-258
-335
-109
13
19
13
-84
114
316
175
-6
-123
161
-113
-228
-167
-280
-10
-18
49
-133
90
207
-226
-378
-234
-292
-211
-75
-219
-322
-57
10
-208
-97
-144
26
-50
250
78
46
234
327
380
73
122
152
178
12
-158
-113
224
62
-60
-128
-81
-106
-105
-22
-322
-223
-258
-106
-11
92
65
33
175
196
145
103
250
297
216
248
208
194
206
156
122
114
178
-9
-38
-29
-104
-69
-79
50
-201
-316
-192
-7
48
-4
-69
-86
-22
116
74
22
115
64
18
-177
-90
-35
25
37
80
-57
-61
-59
-213
-156
-156
-249
-333
-152
-119
-12
49
255
126
271
172
154
213
142
195
143
246
186
231
165
129
84
63
152
89
18
-108
-68
-76
-80
-231
-233
-176
-223
-348
-332
-343
-405
-415
-491
-550
-608
-529
-539
-519
-461
-287
-204
-116
-185
-172
-166
-33
118
149
276
394
507
667
782
867
944
992
1066
1005
1075
1144
1284
1258
1177
1063
915
925
795
680
564
396
145
-61
-361
-543
-717
-748
-981
-1142
-1525
-1652
-1827
-1735
-1835
-1922
-1977
-2007
-1925
-1898
-1683
-1665
-1491
-1514
-1404
-1352
-1237
-1010
-816
-505
-201
246
694
1103
1534
1857
2080
2377
2543
2736
2945
3320
3572
3617
3657
3944
4206
4342
4027
3172
1975
1149
814
436
-396
-1483
-2353
-2761
-2701
-2940
-3398
-3540
-3305
-3369
-3647
-4080
-4205
-3580
-2819
-2640
-2869
-2684
-1756
-843
-562
-1001
-1079
-407
531
647
90
-330
-57
371
331
-26
-178
440
1334
1846
1632
1885
2340
2859
3248
3590
3749
4303
4947
5300
5667
5622
4345
2434
1718
2102
2043
749
-1176
-2744
-3036
-2847
-3103
-3893
-3976
-3521
-3668
-4250
-4838
-4677
-3646
-2130
-1271
-1042
-784
-179
561
771
-61
-403
-143
131
-168
-1018
-1631
-1597
-1133
-1047
-1443
-1756
-1747
-1508
-1399
-1514
-1370
-695
504
1455
2257
3071
3932
5109
6029
6478
6532
6928
7402
7767
7147
5135
2847
1871
2026
1462
-522
-2950
-4439
-4732
-4618
-5352
-6192
-6389
-5665
-5296
-5520
-5717
-5041
-3286
-1430
-370
29
556
1498
2591
2979
2034
1274
1535
1612
717
-607
-1272
-1325
-1259
-1894
-3079
-3530
-3139
-2857
-3279
-3615
-3205
-2184
-740
269
1226
2630
4249
5664
6543
7212
7797
8488
8877
9004
8526
6669
3932
2181
2042
1828
-84
-2938
-5264
-6016
-5665
-5933
-6958
-7435
-6580
-5806
-5643
-5818
-5083
-3101
-706
1009
1538
1925
2907
4203
4838
4607
3250
1945
1560
1487
-2
-2124
-3257
-3087
-2960
-4014
-5477
-6168
-5168
-3954
-3906
-4772
-4389
-2481
-339
1092
2196
3839
6063
7999
8777
8695
9138
10208
10668
10178
9091
7203
4413
1904
650
-265
-1818
-4341
-6875
-8257
-8242
-7957
-8240
-8239
-7336
-6130
-5486
-5085
-4229
-2427
216
2559
3845
4410
5149
5936
6480
6203
5460
4076
1812
-123
-1213
-2106
-4027
-6057
-6946
-6713
-6808
-7630
-8353
-7549
-5582
-3902
-3704
-3402
-1724
1092
3713
5192
6724
8520
10307
11102
11263
11085
11084
11266
10662
9326
7165
4154
373
-2321
-3172
-3827
-5944
-8725
-10815
-10991
-9835
-8557
-8042
-7110
-5403
-3808
-2821
-2014
-187
2290
4932
6502
6955
6923
7053
7298
7069
5876
4271
2007
-968
-3571
-4820
-5684
-7097
-9088
-10872
-11225
-10580
-9503
-8574
-7273
-5512
-3793
-2477
-924
1696
4470
6923
8573
9639
10459
11078
11667
11975
12117
11461
10219
8653
7465
6410
4040
-439
-5066
-6940
-6446
-6693
-9174
-11912
-12389
-10209
-7678
-6346
-5840
-4181
-1533
706
1244
1650
3303
6022
8208
8922
8185
7275
7137
6899
5493
2989
599
-1467
-3483
-6689
-9776
-10858
-10151
-9954
-11078
-12228
-11488
-8865
-6022
-4227
-3152
-1376
1134
3277
4530
6011
8110
10227
11200
10813
9954
9843
10295
10242
9002
7167
5821
4684
3638
2416
-125
-4348
-7872
-8237
-6963
-7064
-9289
-11143
-10332
-7247
-4256
-2967
-2491
-773
1812
3373
3248
3373
4663
6730
8157
7918
6234
4715
4396
3902
1944
-850
-3183
-4818
-5969
-7566
-9851
-11253
-10280
-8716
-8327
-8734
-8171
-5953
-2826
-490
404
1069
2914
5155
6260
6489
7057
8248
9341
9405
8184
6968
6879
7096
6216
4487
3027
2386
2150
1703
1028
-894
-4058
-6662
-6501
-4921
-5002
-6972
-8323
-7337
-4732
-2373
-1190
-715
656
2357
2935
2285
2254
3477
4942
5678
5166
3725
2314
1850
1323
-380
-2508
-3938
-4993
-5970
-6966
-8430
-9530
-8335
-5988
-5215
-5907
-5549
-3216
-249
1696
2015
1986
3216
5324
5993
5365
5230
6360
7110
6715
5278
3909
3825
4748
4749
3381
2041
1892
2335
2726
2791
1829
-814
-3977
-4988
-3798
-2828
-4305
-6610
-6953
-4843
-2393
-1310
-1224
-703
858
1919
1329
505
1055
2466
3540
3643
2812
1661
1217
1201
387
-1305
-2638
-3274
-3987
-4780
-5833
-7133
-7186
-5281
-3606
-3591
-3901
-2956
-908
1008
1880
1645
1622
2480
3407
3071
2567
3121
4206
4653
4238
3324
2828
3727
4839
4577
3508
3010
3583
4256
4624
4411
2986
-80
-3210
-4173
-3247
-2975
-5034
-7797
-8303
-6356
-3911
-2746
-2463
-1866
-328
1025
1043
847
1587
3329
4739
5242
4613
3575
3288
3514
2826
941
-1109
-2490
-3574
-4355
-5371
-6244
-6850
-7132
-6816
-5822
-4649
-3850
-3165
-2283
-1180
-181
675
1562
2343
3086
3782
4103
4478
5012
5547
5476
5536
5604
5646
5573
5156
4582
3821
3523
3452
3364
1825
-1804
-5731
-6844
-5076
-4170
-6499
-9300
-9309
-6296
-3028
-1230
-1076
-405
1814
3801
3784
3054
3650
5318
6929
7039
5444
3476
2810
2706
1296
-1486
-4039
-5585
-6457
-7441
-8572
-9359
-8747
-7777
-7311
-6653
-4781
-2434
-802
65
701
1964
3713
5196
5519
5078
5171
5571
5688
5343
4913
4493
4438
4475
3535
2494
2267
2384
1872
1276
1048
1533
1815
-184
-4236
-6487
-4698
-2308
-3541
-6770
-7986
-5794
-2136
737
1275
853
2202
4141
4335
3148
2823
3495
4636
5202
4003
1615
227
138
-619
-2738
-4936
-6505
-7335
-7622
-7828
-8323
-7724
-5796
-4122
-3583
-3202
-1672
719
2997
3792
3296
3169
4172
5006
4586
3731
3344
3359
3284
2432
1523
1276
1966
2434
1918
1182
1290
2040
2583
2926
3117
3891
4633
3065
-965
-3731
-2701
-884
-2025
-5734
-7925
-6666
-3358
-738
-484
-1260
-402
1481
2001
882
311
1094
3022
4406
3853
1755
357
563
617
-724
-2820
-4282
-5050
-5258
-5638
-6246
-6106
-4752
-3288
-2862
-2805
-1964
-171
1621
2564
2691
2643
3018
3139
2981
2753
2851
2815
2448
1891
1414
1452
2112
2976
3199
3013
2907
3226
3753
4143
4583
4943
3358
-575
-3929
-3962
-2512
-3203
-6451
-8614
-7779
-4922
-2530
-1856
-2128
-1136
984
1654
971
724
2010
4034
5658
5410
3692
2539
2674
2580
945
-1270
-2921
-3899
-4683
-5451
-6251
-6263
-5138
-4059
-3914
-3853
-2837
-746
1333
2187
1798
1778
2474
3033
2621
1854
1718
2103
2247
1754
1393
1934
3021
3687
3334
2763
2535
2651
2770
2578
2540
3200
3498
886
-3527
-5619
-4086
-2954
-5132
-8673
-9521
-6952
-3183
-1101
-1032
-791
1441
3798
4079
3336
3541
5021
6775
7342
5789
3463
2619
2713
1515
-1126
-3605
-4968
-5645
-6198
-7202
-7862
-7351
-5879
-4860
-4821
-3960
-1832
307
1605
2243
2740
3428
3904
3710
3501
3518
3491
3011
1878
1193
1694
2457
2647
2499
2113
2052
2310
2377
2211
2433
2990
2459
-750
-4592
-5269
-3116
-2588
-5084
-8124
-8150
-5076
-1333
242
58
353
2410
4271
4060
3426
3720
5015
6307
6256
4442
2612
2244
2001
347
-2261
-4411
-5570
-6287
-6815
-7636
-7888
-6737
-5090
-4585
-4425
-3195
-996
1316
2469
2195
1770
2468
3636
3639
2571
1924
2234
2292
1797
1000
686
1275
2377
2449
1522
1346
1919
2614
2725
2419
2950
4042
3257
-518
-3867
-3731
-2018
-2784
-6101
-7816
-6463
-3219
-372
659
446
1718
4061
4773
3971
3356
3912
5129
5961
5291
3387
1990
1631
902
-1324
-3792
-5390
-6420
-7091
-7677
-8247
-8124
-6615
-4778
-3727
-3249
-2094
-57
2072
2902
2296
1729
2269
3038
2604
1418
503
613
1069
1006
629
723
1629
2370
2624
2472
2717
2936
3232
3586
4137
5131
4896
1763
-2310
-3170
-1472
-1855
-5061
-7969
-7579
-4881
-1693
-370
-603
289
2824
4487
3795
3165
3518
4816
6034
5938
4268
2536
2234
1725
-231
-2943
-4818
-5892
-6611
-7189
-7853
-7724
-6440
-4924
-4362
-3983
-2938
-1037
949
1913
1491
735
1171
2435
2872
1994
988
905
1406
1709
1295
1001
1708
2703
3245
3017
2740
2890
3462
3905
4070
4530
4991
3458
-664
-3735
-3267
-2101
-3796
-7289
-9078
-7360
-3739
-940
-354
-260
1339
3815
4613
3829
3487
4353
5885
6761
5771
3644
2302
1838
755
-1546
-4002
-5741
-6775
-7591
-8400
-8882
-8232
-6812
-5553
-4614
-3516
-2137
-429
1453
2647
2713
2583
2997
3413
3186
2638
2148
2109
2453
2362
1931
1917
2610
3071
3010
2626
2328
2353
2563
2949
3331
3968
3519
537
-3104
-4008
-2783
-3031
-5762
-8138
-7728
-4874
-1763
-141
181
1388
3756
5155
4761
4025
4230
5219
6119
5646
3829
2123
1255
406
-1551
-3985
-5991
-7263
-8020
-8593
-9036
-8814
-7536
-6018
-4665
-3302
-1817
-289
1494
3203
4159
4218
3863
3568
3189
2944
2719
2292
1669
1209
1099
1381
2091
2197
1846
1474
1660
1663
1438
1480
2195
3478
4630
4250
1166
-2178
-2704
-1449
-2044
-5098
-7471
-6985
-4224
-1457
-14
426
1637
3917
4960
4152
3110
3273
4293
5204
4851
3143
1411
608
-70
-1862
-4135
-5944
-6953
-7565
-8008
-8551
-8359
-6943
-4917
-3389
-2427
-1399
-42
1674
3300
3956
3502
3022
3187
3435
3344
2732
2123
1722
1531
1142
638
509
796
1287
1347
1300
1155
1586
2551
3645
4419
5067
3915
573
-2282
-2153
-1116
-2413
-5635
-7257
-5977
-3125
-878
-92
-97
1246
3270
3650
2517
1890
2631
4057
5009
4344
2576
1295
1122
377
-1675
-4008
-5620
-6433
-6630
-6805
-7485
-7714
-6509
-4445
-2988
-2339
-1727
-200
2250
4117
4075
2774
2377
3268
3998
3351
1856
851
1088
1690
1456
612
486
1409
2016
1627
878
1098
1894
2709
3174
3742
4565
3870
909
-2162
-2313
-1489
-2685
-5658
-7204
-6022
-3581
-1507
-730
-427
843
2825
3444
2465
2050
2799
4239
4964
4397
2833
1672
1362
518
-1557
-3958
-5213
-5769
-6161
-6842
-7629
-7617
-6213
-4203
-2923
-2316
-1519
102
2161
3597
3580
2817
2802
3678
4037
3171
1979
1705
2131
2324
1666
816
630
1334
1931
1281
537
392
1253
2038
2673
3110
3841
3162
498
-2034
-2355
-1734
-2753
-5336
-6657
-5456
-2939
-1026
-244
-96
1245
3068
3475
2487
1827
2420
3565
4319
3655
2399
1372
904
-34
-1983
-3951
-5010
-5342
-5802
-6467
-7158
-6952
-5578
-3900
-2822
-2120
-945
938
2850
3760
3660
3456
3676
4033
3631
2558
1548
1106
887
623
305
257
728
1160
1078
585
389
493
774
983
1548
2661
4011
4379
2293
-553
-1372
-583
-1100
-3557
-5703
-5711
-3679
-1685
-713
-692
333
2317
3204
2348
1439
1822
2928
3912
3651
2401
1481
1175
666
-935
-2721
-3697
-3968
-4371
-5254
-6261
-6654
-5686
-4170
-3202
-2710
-1816
-344
1257
2418
2684
2664
2766
3077
2974
2183
1209
788
822
890
824
467
456
787
884
712
660
693
782
1228
2058
2981
3961
4597
3407
627
-921
-406
-556
-2577
-4607
-4750
-3384
-1777
-919
-720
-406
1061
2192
1661
824
1109
2007
2935
3307
2728
1859
1531
1266
229
-1445
-2495
-2927
-3538
-4566
-5471
-5984
-5715
-4737
-3725
-2973
-2244
-1351
-435
317
1099
1691
1872
1851
1943
1955
1735
1483
1431
1665
1756
1651
1307
1164
1431
1779
1407
830
650
993
1789
2624
3273
3934
3822
1790
-708
-1584
-1096
-1501
-3393
-4839
-4282
-2658
-1268
-608
-444
409
1928
2192
1203
566
1191
2389
3262
3056
2211
1548
1270
830
-460
-1927
-2756
-3190
-3919
-4941
-5795
-6167
-5464
-4235
-3246
-2761
-2239
-1225
70
1027
1354
1656
2052
2378
2232
1730
1513
1914
2369
2290
1738
1358
1436
1674
1339
798
360
244
660
1243
1877
2464
3618
4297
3041
58
-1354
-573
-210
-1899
-4006
-4371
-2792
-978
-201
-438
-222
1016
1894
1053
-16
87
1236
2484
2692
1820
926
892
1070
423
-1154
-2464
-3005
-3247
-3747
-4618
-5546
-5546
-4577
-3437
-2768
-2445
-1934
-786
589
1646
1933
1732
1785
2266
2395
1944
1366
1289
1775
2055
1877
1521
1440
1490
1409
849
210
106
753
1843
2620
3006
3724
3912
2228
-40
-511
201
-341
-2443
-3845
-3368
-2140
-1193
-867
-927
-496
516
561
-444
-853
8
1207
1785
1599
1216
1108
1282
1157
128
-1187
-1787
-1751
-2072
-2866
-3940
-4636
-4419
-3486
-2869
-2842
-2732
-1870
-652
102
290
526
999
1401
1551
1380
1250
1513
2077
2459
2449
2251
2179
2118
1874
1396
961
837
1148
1745
2181
2550
3099
3727
2885
507
-1151
-638
-163
-1830
-4099
-4436
-3063
-1751
-1201
-1174
-1061
-245
698
444
-495
-528
696
1839
2096
1718
1485
1617
1899
1538
274
-1006
-1389
-1461
-2078
-3169
-4225
-4552
-4124
-3538
-3417
-3434
-2956
-1815
-684
-105
83
164
428
1065
1681
1707
1517
1718
2389
2899
2863
2605
2396
2173
1864
1372
803
555
727
1179
1783
2117
2465
2802
2102
229
-956
-563
-423
-1904
-3644
-3408
-2013
-1023
-612
-411
-167
449
1037
644
-249
-353
556
1441
1497
1270
1212
1276
1181
768
-227
-1054
-1249
-1318
-1973
-3023
-3834
-4039
-3744
-3303
-3029
-2644
-2209
-1601
-1058
-630
-325
1
215
615
1142
1446
1574
1747
2028
2453
2635
2396
2066
1691
1332
1317
1465
1446
1468
1756
2306
2767
2849
2278
883
-629
-774
-219
-996
-2934
-3594
-2306
-817
-438
-606
-539
-46
409
432
-251
-846
-457
654
1247
1093
830
878
1070
1001
516
-270
-840
-1043
-1279
-1876
-2630
-3165
-3351
-3052
-2622
-2435
-2330
-1925
-1219
-831
-805
-888
-716
-363
210
733
872
866
1166
1852
2396
2492
2333
2247
2100
1912
1786
1644
1519
1782
2271
2593
2564
2691
2678
1727
23
-707
-356
-705
-2262
-3227
-2420
-1116
-758
-1003
-1074
-812
-347
-100
-524
-1311
-1353
-348
744
879
475
535
1071
1418
1148
417
-206
-316
-320
-620
-1465
-2451
-2856
-2588
-2327
-2244
-2247
-2313
-2165
-1784
-1545
-1605
-1664
-1239
-308
398
562
695
1201
1944
2620
2835
2658
2417
2492
2615
2545
2133
1875
2083
2360
2370
2117
2150
2157
1517
24
-798
-653
-729
-1780
-2463
-1740
-606
-410
-950
-1074
-592
-242
-367
-961
-1542
-1532
-813
-40
90
-78
64
733
993
649
135
52
147
117
-177
-685
-1187
-1461
-1381
-1279
-1343
-1584
-1698
-1681
-1715
-1895
-2136
-2229
-1986
-1457
-912
-583
-326
246
1131
1755
1881
1913
2134
2347
2312
2238
2058
1890
1917
2188
2325
2203
2221
2589
2708
1750
377
-219
28
-129
-962
-1508
-1124
-654
-725
-958
-956
-1015
-1233
-1525
-1831
-2135
-2180
-1740
-1105
-605
-154
391
890
1199
1242
1222
1236
1184
995
886
722
273
-311
-568
-641
-1032
-1692
-2126
-2251
-2422
-2876
-3303
-3368
-2987
-2377
-1733
-1083
-407
329
1008
1517
1792
1980
2263
2593
2656
2450
2274
2340
2460
2338
2111
2078
2411
2646
2183
998
25
-13
324
-39
-949
-1261
-765
-325
-533
-1076
-1431
-1561
-1588
-1681
-1908
-2229
-2257
-1672
-824
-247
72
601
1241
1716
1783
1564
1264
1166
1292
1321
961
229
-401
-734
-1122
-1737
-2308
-2581
-2711
-2979
-3407
-3598
-3352
-2875
-2255
-1489
-646
207
940
1386
1680
2009
2333
2476
2386
2286
2167
2008
1719
1511
1459
1608
1762
1806
1855
1704
1204
677
694
887
665
13
-255
23
236
-103
-662
-914
-930
-1088
-1476
-1932
-2220
-2236
-1880
-1304
-749
-332
124
678
985
928
720
716
881
1061
1068
772
201
-439
-820
-1015
-1338
-1977
-2578
-2844
-2847
-2877
-3038
-3005
-2476
-1560
-699
-171
155
553
1031
1437
1601
1514
1412
1525
1750
1770
1490
1255
1337
1580
1671
1599
1552
1741
2103
2179
1870
1581
1636
1622
1195
564
296
297
98
-370
-739
-913
-1163
-1620
-2040
-2220
-2215
-2040
-1654
-1095
-567
-127
275
605
794
924
1062
1178
1144
971
655
222
-271
-680
-1014
-1464
-2113
-2729
-3027
-3060
-3060
-3082
-2929
-2489
-1868
-1270
-805
-437
52
671
1165
1297
1266
1266
1346
1408
1374
1283
1260
1369
1501
1568
1484
1466
1677
2166
2650
2769
2352
1796
1536
1429
978
210
-331
-287
-78
-169
-541
-836
-1008
-1166
-1299
-1341
-1280
-1172
-937
-517
-14
361
659
981
1284
1337
1069
665
274
-9
-213
-506
-1032
-1706
-2287
-2659
-2969
-3235
-3261
-2965
-2542
-2176
-1898
-1629
-1245
-770
-293
107
419
652
860
1100
1255
1240
1161
1238
1414
1454
1232
926
788
847
1058
1276
1465
1647
1913
2188
2255
1861
1215
821
687
446
-41
-317
-214
-5
-60
-194
-154
5
-7
-206
-398
-401
-275
-99
124
386
580
659
624
465
118
-300
-580
-756
-1057
-1532
-1963
-2245
-2441
-2591
-2604
-2473
-2238
-1903
-1539
-1207
-934
-692
-451
-191
34
187
373
623
811
844
859
952
1034
899
598
362
351
466
531
505
561
808
1076
1165
1170
1258
1430
1483
1293
918
617
533
481
309
114
252
679
1078
1107
912
852
1002
1008
725
396
299
333
274
86
-133
-295
-434
-627
-977
-1442
-1914
-2251
-2436
-2489
-2428
-2306
-2161
-1946
-1595
-1236
-993
-815
-554
-200
63
149
137
154
259
410
482
474
455
437
324
98
-143
-276
-298
-267
-176
-78
26
120
184
284
424
553
621
731
977
1298
1389
1295
1219
1275
1344
1419
1476
1477
1488
1549
1717
1800
1712
1526
1450
1357
1045
483
-98
-564
-915
-1246
-1599
-1921
-2156
-2277
-2348
-2409
-2447
-2361
-2122
-1718
-1290
-974
-778
-551
-299
-85
55
172
267
305
324
341
282
115
-75
-265
-462
-690
-901
-1051
-1076
-983
-810
-618
-411
-206
-29
95
192
278
334
435
553
702
807
882
928
1100
1371
1674
1905
2077
2129
2064
1973
1924
1868
1739
1661
1710
1785
1642
1271
858
529
107
-522
-1239
-1769
-2068
-2242
-2359
-2334
-2188
-1964
-1675
-1362
-1127
-995
-852
-598
-292
-60
38
87
151
232
226
107
-77
-228
-344
-493
-702
-970
-1193
-1285
-1263
-1222
-1171
-1042
-811
-607
-475
-361
-239
-107
53
176
240
296
292
261
260
355
550
839
1127
1366
1585
1843
2112
2321
2480
2532
2439
2206
2024
1849
1606
1207
876
642
394
-12
-459
-798
-1047
-1303
-1613
-1811
-1813
-1670
-1502
-1260
-970
-684
-450
-270
-150
-101
-69
-6
81
109
59
-41
-156
-277
-421
-611
-804
-935
-992
-1001
-1029
-1093
-1128
-1082
-980
-910
-899
-877
-765
-601
-530
-530
-509
-403
-255
-111
15
167
396
571
699
864
1166
1491
1755
1878
1941
2017
2094
2121
2050
1908
1639
1231
810
526
261
-20
-230
-252
-186
-150
-202
-249
-243
-223
-260
-334
-377
-368
-333
-276
-169
-50
39
54
4
-100
-233
-368
-485
-602
-719
-773
-774
-769
-786
-809
-826
-811
-774
-735
-771
-867
-959
-961
-933
-966
-1034
-1006
-823
-604
-463
-367
-239
-104
80
259
443
573
716
841
955
930
846
797
855
901
781
606
523
571
586
561
572
623
617
590
601
690
761
789
855
1031
1184
1159
1008
844
696
450
120
-169
-311
-407
-514
-567
-543
-530
-619
-726
-781
-775
-792
-790
-732
-607
-495
-426
-406
-423
-465
-498
-522
-584
-688
-812
-881
-887
-873
-857
-824
-733
-609
-486
-361
-237
-160
-107
-35
22
15
-29
-76
-98
-96
-107
-153
-163
-120
-10
101
200
301
506
780
1054
1314
1584
1760
1847
1834
1733
1608
1533
1427
1247
1071
965
878
701
456
233
55
-168
-421
-618
-741
-804
-825
-794
-681
-553
-498
-504
-507
-506
-501
-496
-438
-391
-397
-463
-505
-507
-486
-484
-485
-460
-383
-317
-332
-430
-537
-598
-614
-641
-677
-697
-723
-789
-878
-945
-973
-912
-851
-776
-652
-499
-377
-272
-134
110
475
784
1012
1164
1327
1491
1588
1647
1719
1762
1743
1667
1504
1297
1131
1014
875
681
554
528
481
310
144
79
32
-120
-316
-452
-512
-568
-630
-624
-541
-471
-493
-502
-450
-349
-302
-238
-161
-75
-22
22
30
-28
-134
-234
-291
-357
-443
-590
-760
-953
-1151
-1362
-1488
-1519
-1506
-1453
-1355
-1243
-1144
-1025
-827
-562
-328
-116
90
245
391
534
643
710
787
898
1019
1077
1087
1144
1235
1293
1287
1286
1354
1401
1264
1050
929
866
728
534
406
414
458
411
301
187
88
-57
-248
-392
-424
-402
-368
-298
-163
8
145
223
258
273
241
148
44
-8
-78
-228
-421
-609
-770
-914
-1042
-1155
-1247
-1343
-1437
-1515
-1561
-1553
-1439
-1248
-1016
-817
-676
-527
-365
-247
-169
-73
56
205
276
291
345
392
368
324
338
430
552
608
646
700
803
897
939
956
1049
1148
1103
906
749
721
696
578
518
604
753
836
802
726
690
656
554
395
253
142
45
-29
-52
-52
-58
-123
-218
-347
-487
-644
-785
-885
-938
-959
-970
-983
-997
-960
-874
-753
-670
-635
-628
-598
-602
-631
-695
-712
-675
-598
-550
-536
-528
-523
-550
-598
-576
-470
-332
-273
-211
-123
-34
0
34
161
360
513
625
711
759
834
992
1153
1293
1454
1567
1506
1350
1265
1257
1198
1052
1002
1101
1168
1047
817
625
493
279
-28
-289
-452
-578
-720
-775
-736
-668
-669
-651
-578
-482
-437
-384
-318
-225
-155
-122
-101
-73
-78
-141
-201
-237
-305
-471
-682
-865
-1019
-1171
-1297
-1373
-1363
-1302
-1260
-1216
-1140
-1049
-996
-915
-731
-495
-361
-313
-244
-130
-12
106
210
358
594
841
990
1045
1141
1345
1560
1653
1743
1866
1879
1649
1401
1291
1201
961
687
613
720
709
481
244
134
16
-230
-488
-618
-580
-511
-416
-256
-36
151
273
364
443
441
373
313
285
227
68
-136
-306
-424
-571
-747
-904
-1013
-1113
-1250
-1426
-1577
-1665
-1685
-1657
-1589
-1520
-1431
-1314
-1191
-1115
-1032
-872
-649
-406
-249
-120
32
212
370
480
579
713
894
1060
1149
1155
1188
1347
1497
1515
1459
1504
1488
1218
808
624
565
366
62
18
283
516
508
430
505
578
477
278
180
162
140
141
263
434
502
437
374
370
301
94
-144
-250
-281
-407
-633
-826
-889
-903
-975
-1068
-1107
-1111
-1162
-1304
-1491
-1618
-1626
-1559
-1466
-1323
-1149
-946
-743
-564
-444
-320
-142
60
237
296
285
284
350
347
263
180
197
272
339
305
281
391
610
804
925
1164
1411
1421
1156
1085
1222
1267
1048
998
1253
1550
1518
1304
1139
1022
720
265
-102
-316
-446
-592
-634
-538
-409
-372
-350
-272
-222
-237
-314
-323
-295
-277
-364
-484
-578
-612
-617
-632
-685
-745
-802
-846
-953
-1113
-1216
-1197
-1072
-950
-857
-787
-709
-673
-693
-702
-641
-614
-606
-596
-566
-557
-573
-583
-505
-340
-116
83
302
600
965
1294
1659
2082
2462
2831
3010
2753
2188
1933
1885
1525
820
479
652
793
456
-53
-316
-451
-794
-1262
-1461
-1420
-1338
-1225
-903
-443
-126
12
199
479
616
564
507
550
563
484
333
154
-37
-228
-336
-411
-543
-780
-988
-1161
-1344
-1558
-1681
-1699
-1638
-1572
-1495
-1456
-1454
-1443
-1350
-1177
-1012
-826
-593
-298
-9
276
469
663
923
1187
1394
1568
1730
1953
2235
2497
2686
2843
3075
3094
2462
1481
946
816
268
-700
-1205
-863
-459
-631
-1102
-1231
-1057
-1053
-1374
-1596
-1501
-1192
-808
-398
19
357
688
1014
1274
1286
1145
1029
1020
932
708
333
-126
-484
-672
-781
-1039
-1400
-1731
-1927
-2105
-2368
-2599
-2627
-2450
-2176
-1863
-1597
-1360
-1123
-794
-442
-151
75
376
795
1198
1462
1581
1702
1862
1979
1911
1838
1857
1954
2052
2186
2364
2478
2613
2633
2167
1111
328
56
-309
-1225
-1804
-1580
-1071
-1110
-1433
-1510
-1280
-1195
-1296
-1333
-1218
-1018
-582
39
563
902
1252
1670
1927
1843
1553
1336
1178
907
506
48
-576
-1277
-1736
-1835
-1995
-2423
-2848
-2929
-2857
-2923
-3110
-2996
-2583
-2025
-1483
-951
-555
-180
317
860
1195
1299
1432
1711
1977
2081
2071
2010
1998
2013
1977
1782
1511
1448
1645
1872
1964
2012
2347
2609
1947
484
-250
-156
-687
-2040
-2600
-1881
-1214
-1406
-1679
-1475
-1116
-969
-902
-900
-923
-645
128
819
1104
1265
1698
2074
2015
1547
1113
814
506
111
-345
-974
-1687
-2171
-2352
-2479
-2745
-2965
-2952
-2867
-2862
-2716
-2344
-1957
-1547
-886
-129
404
627
814
1114
1430
1510
1450
1413
1505
1711
1950
1964
1787
1752
1901
1867
1499
1225
1373
1701
1884
1992
2304
2628
2229
1017
-4
-281
-752
-1969
-2920
-2630
-1780
-1495
-1682
-1636
-1276
-902
-766
-869
-1016
-770
-69
645
953
1072
1381
1808
1966
1660
1135
675
431
142
-328
-1036
-1675
-2081
-2180
-2300
-2535
-2660
-2436
-2221
-2249
-2291
-1944
-1432
-1133
-914
-490
62
474
719
884
1094
1301
1413
1298
1110
1134
1425
1623
1633
1536
1583
1722
1688
1456
1361
1652
2004
2246
2327
2613
2785
2066
563
-219
-255
-993
-2490
-3097
-2393
-1715
-1718
-1907
-1776
-1483
-1095
-945
-1200
-1488
-1007
35
711
816
1049
1641
2054
2002
1611
1160
753
490
288
-162
-900
-1587
-1860
-1930
-1973
-2103
-2277
-2422
-2225
-1889
-1832
-2054
-1867
-1233
-711
-550
-389
27
539
938
1183
1336
1328
1330
1434
1575
1575
1528
1651
1905
1979
1742
1601
1618
1779
1982
2232
2363
2555
2894
2793
1505
-135
-570
-559
-1653
-3273
-3446
-2582
-2077
-2284
-2329
-2174
-1776
-1297
-1110
-1524
-1615
-771
311
793
980
1509
2103
2460
2429
2048
1471
1082
907
567
-172
-1071
-1638
-1836
-1980
-2202
-2302
-2434
-2585
-2502
-2136
-1945
-2012
-1901
-1276
-576
-251
-127
183
667
1205
1543
1524
1319
1343
1635
1824
1706
1449
1501
1836
1978
1749
1469
1488
1771
2042
2200
2283
2432
2855
2909
1524
-412
-935
-861
-2136
-3758
-3773
-2818
-2441
-2567
-2525
-2295
-1926
-1309
-1063
-1390
-1366
-333
721
1098
1412
2108
2745
2975
2857
2332
1654
1307
1139
488
-540
-1378
-1807
-2073
-2356
-2638
-2826
-2832
-2723
-2563
-2407
-2247
-1970
-1449
-932
-566
-288
158
699
1122
1296
1382
1501
1492
1419
1372
1461
1609
1749
1670
1580
1714
1862
1678
1492
1645
1901
2095
2255
2350
2535
2543
1376
-216
-898
-1163
-2457
-3758
-3833
-3004
-2699
-2669
-2485
-2111
-1793
-1160
-853
-1005
-896
120
1007
1380
1726
2376
2821
2984
2815
2281
1629
1253
950
206
-844
-1634
-2017
-2328
-2596
-2759
-2835
-2810
-2685
-2585
-2385
-2039
-1705
-1424
-1014
-540
-153
179
595
1068
1401
1563
1566
1498
1429
1483
1519
1566
1523
1528
1584
1726
1713
1465
1281
1461
1881
1945
1841
1851
2454
2575
1296
-601
-969
-905
-2086
-3811
-3886
-2957
-2371
-2396
-2415
-2245
-1590
-679
-429
-891
-827
297
1337
1648
1800
2311
2846
3068
2832
2196
1521
1203
971
280
-750
-1631
-2155
-2384
-2448
-2625
-2927
-2955
-2678
-2454
-2414
-2318
-1974
-1386
-866
-552
-266
207
814
1285
1368
1295
1322
1385
1279
1143
1111
1222
1496
1629
1463
1309
1443
1491
1449
1459
1520
1656
1998
2152
2301
2332
1464
-52
-680
-889
-2093
-3536
-3558
-2717
-2315
-2325
-2164
-1831
-1324
-614
-311
-635
-547
470
1432
1706
1922
2423
2826
2975
2759
2061
1281
939
697
38
-898
-1676
-2227
-2508
-2520
-2556
-2865
-3067
-2715
-2142
-1954
-1950
-1710
-1250
-714
-265
-69
88
501
1041
1290
1149
902
905
994
1020
934
829
831
1002
1188
1182
1054
946
1153
1450
1618
1609
1753
2043
2505
2868
2136
440
-589
-528
-1229
-2869
-3676
-2981
-2220
-2010
-2100
-2024
-1604
-695
-77
-348
-666
-14
1176
1817
1999
2214
2612
2944
2946
2312
1405
896
694
237
-581
-1419
-2080
-2484
-2515
-2424
-2527
-2679
-2555
-2222
-1844
-1538
-1443
-1440
-1123
-394
162
179
126
503
1071
1347
1066
576
370
636
922
786
460
456
912
1305
1282
891
876
1343
1891
1956
1875
2001
2634
3019
2232
488
-462
-561
-1373
-2901
-3437
-2897
-2344
-2107
-2001
-2017
-1616
-673
-81
-355
-473
318
1258
1667
1972
2364
2685
2938
2885
2183
1248
757
530
-26
-857
-1603
-2108
-2408
-2414
-2434
-2600
-2614
-2252
-1849
-1630
-1463
-1257
-1013
-687
-324
-63
115
312
575
797
849
729
494
369
496
685
663
590
747
966
1094
1113
1138
1250
1539
1847
2114
2312
2502
2844
2953
2076
521
-407
-886
-1919
-3232
-3485
-2908
-2452
-2336
-2170
-1951
-1474
-688
-326
-629
-552
341
1172
1491
1803
2316
2765
2926
2647
1886
1162
829
537
-160
-990
-1642
-2091
-2272
-2165
-2186
-2404
-2366
-1945
-1626
-1532
-1418
-1257
-1008
-643
-296
-181
-66
270
746
942
872
686
522
507
691
770
632
659
917
1207
1351
1290
1184
1339
1780
2175
2181
2048
2315
2918
2699
1218
-183
-560
-1232
-2497
-3314
-3219
-2955
-2526
-2129
-1972
-2047
-1364
-593
-499
-675
-219
480
987
1492
2046
2390
2570
2744
2357
1679
1055
710
184
-503
-1201
-1752
-2146
-2279
-2238
-2308
-2282
-2113
-1792
-1610
-1413
-1222
-922
-651
-434
-346
-156
166
530
707
811
889
929
864
810
834
906
998
1086
1172
1294
1357
1339
1371
1598
1872
2028
2192
2375
2637
2599
1650
168
-522
-813
-1871
-3141
-3251
-2695
-2393
-2215
-1978
-1841
-1472
-745
-472
-779
-646
182
836
1127
1490
1922
2317
2624
2481
1724
1008
737
434
-306
-1122
-1798
-2307
-2437
-2254
-2312
-2525
-2348
-1846
-1596
-1555
-1402
-1094
-792
-481
-249
-186
-42
356
795
1029
1146
1180
1147
1171
1292
1245
1081
1101
1353
1599
1573
1436
1455
1829
2193
2332
2217
2369
2380
1664
448
-197
-643
-1555
-2521
-2705
-2536
-2385
-2177
-1921
-1784
-1484
-1029
-962
-1132
-829
-103
386
654
961
1348
1800
2268
2291
1775
1226
979
606
-17
-708
-1318
-1792
-1993
-2056
-2228
-2348
-2178
-1906
-1772
-1687
-1542
-1377
-1130
-741
-407
-246
-45
264
586
942
1229
1327
1376
1480
1554
1492
1416
1326
1285
1397
1514
1431
1330
1478
1730
1917
1921
1920
1750
1180
418
43
-285
-1027
-1655
-1691
-1577
-1565
-1423
-1311
-1386
-1298
-1057
-1105
-1283
-1088
-633
-361
-138
179
449
745
1201
1432
1256
1060
982
734
327
-26
-377
-695
-895
-1087
-1385
-1526
-1438
-1380
-1396
-1349
-1309
-1330
-1275
-1106
-911
-648
-271
-10
148
430
815
1059
1160
1219
1166
1029
926
804
679
607
653
735
831
982
1152
1234
1310
1409
1279
908
662
694
615
366
171
83
3
5
-2
-241
-570
-795
-982
-1218
-1309
-1238
-1216
-1206
-1012
-758
-583
-353
-45
182
406
648
785
730
635
544
397
196
46
-116
-319
-479
-635
-831
-1029
-1142
-1209
-1253
-1285
-1281
-1278
-1204
-1041
-858
-679
-490
-248
-16
154
224
284
379
513
587
603
633
718
864
1036
1209
1347
1497
1616
1603
1492
1457
1541
1633
1656
1547
1352
1187
1108
980
709
365
25
-282
-565
-873
-1182
-1376
-1410
-1380
-1415
-1483
-1465
-1261
-964
-709
-533
-376
-177
48
186
156
13
-112
-197
-343
-565
-817
-1021
-1168
-1305
-1467
-1624
-1676
-1604
-1480
-1394
-1335
-1221
-996
-654
-275
47
292
529
784
1017
1194
1308
1412
1534
1672
1765
1774
1788
1863
1946
1946
1899
1841
1792
1708
1575
1425
1321
1274
1206
1057
809
534
260
-8
-299
-602
-916
-1190
-1399
-1558
-1674
-1700
-1648
-1562
-1483
-1420
-1325
-1168
-991
-869
-791
-683
-532
-413
-384
-474
-631
-765
-855
-1011
-1230
-1404
-1484
-1514
-1506
-1481
-1412
-1258
-1009
-758
-549
-346
-101
197
539
891
1216
1490
1747
2010
2223
2376
2474
2551
2569
2484
2293
2087
1979
1965
1924
1777
1564
1379
1223
1046
817
564
323
154
13
-163
-383
-602
-772
-911
-1045
-1198
-1357
-1474
-1537
-1583
-1628
-1642
-1602
-1550
-1553
-1596
-1612
-1523
-1352
-1169
-1046
-981
-939
-889
-880
-925
-996
-1048
-1045
-1027
-1022
-1009
-944
-833
-665
-463
-265
-105
60
236
447
686
978
1288
1612
1942
2241
2490
2701
2859
2909
2851
2708
2546
2363
2136
1857
1572
1320
1131
984
797
543
234
-100
-416
-670
-862
-996
-1069
-1075
-1050
-1032
-1008
-997
-995
-995
-999
-1052
-1165
-1319
-1484
-1624
-1671
-1644
-1617
-1644
-1677
-1647
-1534
-1376
-1226
-1140
-1081
-980
-842
-726
-625
-504
-360
-219
-104
1
104
245
407
557
659
767
904
1078
1275
1486
1716
1952
2174
2338
2422
2465
2515
2542
2475
2299
2057
1799
1582
1376
1129
796
444
114
-173
-426
-649
-881
-1102
-1277
-1397
-1459
-1451
-1364
-1234
-1091
-965
-885
-870
-896
-951
-1018
-1112
-1232
-1377
-1535
-1664
-1742
-1792
-1821
-1843
-1834
-1778
-1651
-1459
-1239
-1002
-748
-481
-217
35
286
547
793
997
1135
1224
1327
1471
1604
1688
1745
1806
1880
1939
1934
1879
1849
1900
1974
1976
1887
1778
1713
1690
1619
1419
1134
862
642
406
97
-255
-573
-791
-945
-1112
-1309
-1471
-1539
-1547
-1579
-1633
-1664
-1617
-1508
-1410
-1380
-1380
-1333
-1250
-1208
-1258
-1371
-1491
-1574
-1633
-1698
-1758
-1746
-1618
-1428
-1228
-1033
-803
-501
-144
209
503
757
1022
1308
1576
1811
2001
2175
2341
2478
2502
2421
2274
2145
2061
1978
1839
1603
1348
1157
1072
1015
933
798
655
559
482
361
167
-40
-174
-240
-309
-461
-672
-870
-974
-1031
-1128
-1289
-1461
-1575
-1643
-1717
-1824
-1918
-1927
-1840
-1748
-1712
-1720
-1686
-1575
-1425
-1311
-1240
-1159
-1023
-860
-743
-659
-551
-356
-110
121
285
441
656
940
1208
1418
1612
1836
2101
2295
2354
2310
2287
2329
2354
2237
1985
1714
1542
1446
1305
1037
721
462
300
152
-47
-274
-428
-471
-460
-482
-551
-603
-597
-570
-586
-653
-743
-833
-950
-1134
-1346
-1516
-1609
-1669
-1778
-1917
-2028
-2046
-1996
-1932
-1882
-1785
-1597
-1337
-1062
-801
-516
-187
150
418
602
756
943
1144
1297
1368
1425
1518
1633
1694
1665
1619
1634
1709
1727
1616
1436
1327
1327
1352
1267
1069
854
729
649
528
321
101
-59
-153
-269
-427
-582
-659
-673
-701
-793
-905
-959
-967
-986
-1075
-1180
-1235
-1222
-1229
-1319
-1463
-1552
-1548
-1501
-1499
-1530
-1516
-1393
-1187
-990
-816
-628
-366
-74
188
385
588
820
1095
1333
1512
1665
1816
1943
1968
1914
1821
1783
1729
1608
1360
1098
913
833
757
605
401
228
136
63
-48
-194
-298
-317
-307
-336
-430
-506
-530
-507
-520
-595
-714
-824
-934
-1055
-1185
-1279
-1326
-1355
-1420
-1515
-1579
-1558
-1463
-1348
-1238
-1109
-927
-702
-477
-263
-40
221
482
698
843
963
1103
1270
1419
1519
1582
1625
1664
1664
1634
1583
1528
1441
1314
1141
998
897
831
712
537
331
168
37
-102
-289
-485
-639
-722
-787
-867
-955
-1008
-997
-965
-955
-981
-1002
-1005
-1001
-1030
-1084
-1121
-1116
-1086
-1077
-1100
-1131
-1110
-1039
-936
-826
-704
-548
-355
-152
48
251
479
734
988
1198
1371
1517
1665
1787
1863
1866
1838
1792
1745
1656
1497
1294
1082
910
766
615
432
240
57
-88
-226
-361
-499
-619
-718
-798
-877
-940
-987
-1018
-1054
-1103
-1157
-1197
-1239
-1303
-1390
-1456
-1466
-1412
-1357
-1326
-1313
-1248
-1107
-927
-760
-615
-440
-202
65
296
470
635
852
1100
1313
1434
1504
1589
1712
1810
1830
1786
1753
1765
1767
1695
1536
1367
1259
1184
1068
856
596
365
187
8
-218
-484
-714
-891
-1043
-1221
-1414
-1548
-1593
-1581
-1585
-1621
-1640
-1594
-1507
-1439
-1421
-1398
-1314
-1174
-1042
-961
-911
-806
-648
-474
-347
-251
-127
68
277
453
587
733
931
1152
1321
1423
1498
1583
1677
1721
1705
1668
1655
1645
1597
1467
1321
1211
1150
1069
919
701
491
322
169
-11
-221
-416
-569
-702
-861
-1042
-1207
-1315
-1389
-1475
-1592
-1713
-1791
-1824
-1837
-1853
-1857
-1821
-1738
-1630
-1514
-1376
-1200
-967
-718
-454
-190
90
382
667
936
1175
1411
1612
1787
1898
1957
1959
1933
1881
1822
1740
1624
1468
1283
1112
973
866
740
581
388
209
52
-77
-206
-329
-432
-523
-614
-725
-834
-914
-945
-973
-1023
-1114
-1203
-1261
-1284
-1302
-1334
-1356
-1343
-1288
-1225
-1170
-1120
-1031
-895
-730
-569
-422
-266
-71
153
376
575
752
929
1097
1231
1314
1369
1434
1523
1597
1610
1563
1502
1473
1462
1423
1315
1157
986
823
640
424
195
-12
-184
-351
-541
-744
-917
-1041
-1136
-1229
-1326
-1398
-1437
-1453
-1457
-1451
-1400
-1309
-1195
-1089
-988
-877
-749
-612
-489
-367
-234
-84
66
218
361
516
659
771
856
928
997
1044
1054
1037
1029
1049
1059
1024
940
866
829
801
723
574
415
292
211
113
-26
-173
-268
-310
-344
-415
-505
-561
-584
-604
-658
-724
-760
-756
-744
-760
-783
-769
-710
-639
-598
-576
-526
-433
-318
-230
-150
-51
104
282
423
514
588
672
764
831
844
826
809
795
771
713
639
569
510
440
345
233
121
15
-82
-181
-274
-345
-407
-467
-532
-584
-610
-615
-626
-650
-674
-687
-678
-656
-632
-597
-545
-478
-410
-348
-278
-179
-64
55
162
262
363
469
575
670
756
825
884
904
903
884
860
829
773
691
596
507
418
323
204
73
-40
-138
-236
-354
-472
-573
-636
-673
-715
-768
-820
-838
-835
-826
-839
-841
-818
-767
-716
-668
-617
-532
-416
-291
-181
-82
35
176
328
454
566
675
795
898
970
1006
1036
1063
1059
1018
945
860
779
704
596
473
342
236
144
44
-85
-205
-302
-378
-451
-533
-604
-657
-676
-682
-697
-716
-722
-713
-700
-703
-719
-736
-717
-687
-666
-659
-642
-584
-500
-419
-337
-245
-130
5
160
296
423
560
737
890
992
1066
1155
1248
1297
1294
1262
1221
1179
1134
1049
906
756
641
539
376
162
-34
-192
-336
-501
-675
-835
-957
-1043
-1108
-1194
-1271
-1287
-1256
-1231
-1233
-1223
-1161
-1065
-964
-873
-782
-676
-536
-382
-242
-118
15
173
334
471
587
692
797
897
983
1029
1041
1048
1061
1060
1029
967
905
862
824
772
684
590
516
461
382
254
125
22
-48
-134
-245
-370
-464
-530
-589
-676
-760
-812
-822
-841
-873
-909
-903
-864
-819
-790
-757
-704
-621
-537
-459
-386
-293
-172
-53
59
159
266
370
472
559
630
681
723
759
793
810
808
797
786
777
758
713
647
574
503
419
307
178
61
-32
-132
-247
-374
-477
-553
-616
-688
-759
-801
-806
-792
-785
-774
-739
-665
-580
-509
-445
-365
-266
-165
-81
-8
70
165
265
343
401
454
513
567
594
594
581
576
570
547
504
453
412
385
354
299
231
171
125
79
9
-69
-136
-177
-208
-258
-323
-377
-400
-410
-437
-483
-519
-513
-492
-480
-484
-483
-443
-379
-330
-301
-271
-212
-131
-63
-15
34
110
206
293
352
404
466
542
596
615
609
610
620
619
585
528
476
438
400
334
249
157
86
18
-61
-159
-249
-313
-355
-403
-468
-530
-568
-580
-598
-630
-670
-679
-661
-632
-618
-607
-573
-506
-428
-364
-308
-236
-138
-30
66
147
240
356
479
582
662
738
818
897
939
948
934
922
902
857
781
687
595
512
412
292
161
39
-71
-184
-305
-425
-518
-586
-638
-696
-748
-781
-788
-785
-790
-798
-788
-757
-713
-676
-644
-597
-532
-454
-385
-320
-249
-163
-69
13
90
168
260
352
439
513
585
662
727
774
803
822
832
833
811
775
735
690
639
575
504
426
349
267
177
83
-17
-114
-202
-284
-357
-431
-504
-571
-624
-672
-726
-781
-823
-847
-854
-864
-878
-872
-830
-773
-715
-665
-597
-489
-361
-246
-151
-46
87
242
370
468
562
679
800
884
922
947
990
1032
1029
980
924
896
873
812
701
588
514
448
347
199
53
-48
-121
-220
-354
-473
-549
-593
-653
-749
-832
-866
-864
-881
-911
-938
-913
-851
-795
-762
-719
-636
-526
-421
-342
-262
-162
-40
62
145
219
314
413
493
543
583
634
684
714
716
712
723
742
738
712
676
659
649
625
569
508
458
423
364
280
189
113
53
-21
-119
-224
-306
-377
-456
-558
-660
-733
-779
-826
-885
-936
-953
-944
-922
-907
-882
-827
-743
-648
-552
-454
-339
-214
-81
39
159
275
389
490
576
650
715
771
810
830
837
834
820
796
750
694
628
564
495
424
341
254
175
104
35
-34
-107
-168
-214
-252
-291
-337
-378
-403
-418
-431
-451
-470
-466
-449
-433
-427
-425
-412
-379
-338
-315
-295
-272
-228
-180
-138
-120
-103
-77
-43
-12
10
24
45
82
123
166
201
233
270
314
356
392
418
435
451
467
476
468
447
423
399
376
337
288
230
176
124
66
-1
-70
-131
-180
-225
-274
-319
-361
-388
-411
-426
-438
-438
-430
-410
-382
-352
-316
-277
-233
-192
-152
-119
-76
-33
6
33
54
75
105
130
135
127
126
136
148
146
123
108
106
114
109
91
77
79
91
93
85
82
94
108
118
117
128
150
172
174
168
170
181
190
176
152
133
125
110
85
43
13
-13
-40
-74
-115
-151
-182
-214
-250
-282
-305
-320
-332
-339
-341
-333
-314
-295
-271
-240
-209
-175
-140
-104
-65
-31
-2
22
51
79
104
120
133
145
161
175
178
177
179
184
182
176
163
159
160
156
144
127
122
128
132
125
110
107
116
123
112
91
82
86
93
74
45
32
37
39
19
-18
-43
-40
-37
-58
-96
-122
-120
-116
-133
-172
-194
-192
-187
-204
-235
-255
-246
-231
-234
-253
-255
-232
-198
-180
-175
-158
-117
-70
-38
-19
9
52
98
124
132
147
177
209
218
204
195
204
220
217
190
162
155
163
156
125
90
77
82
81
59
34
30
48
61
51
36
39
62
75
66
45
41
56
62
42
11
-5
-3
-5
-33
-74
-101
-106
-115
-142
-182
-205
-211
-213
-231
-253
-263
-254
-245
-242
-240
-227
-194
-162
-137
-110
-72
-24
24
61
95
136
179
215
241
260
280
296
304
298
290
279
266
245
216
181
147
114
76
40
0
-39
-76
-105
-132
-155
-177
-196
-205
-205
-201
-197
-190
-178
-157
-134
-116
-101
-81
-55
-34
-20
-9
4
24
41
46
47
54
66
73
69
59
54
58
54
43
25
14
16
13
5
-10
-14
-8
1
2
0
6
22
41
51
58
65
79
90
93
88
80
73
65
49
23
0
-25
-47
-71
-97
-120
-140
-152
-165
-172
-177
-172
-163
-151
-132
-110
-84
-55
-21
11
46
76
107
137
169
193
208
221
230
240
241
231
213
196
181
159
128
90
55
25
-5
-44
-90
-124
-152
-178
-205
-236
-258
-265
-267
-272
-274
-268
-251
-224
-202
-180
-150
-113
-75
-40
-11
23
58
94
123
146
167
188
208
219
224
228
234
234
233
223
211
202
192
177
159
139
122
107
91
68
47
30
14
0
-15
-34
-48
-58
-72
-88
-105
-118
-133
-145
-164
-181
-199
-211
-226
-243
-257
-272
-278
-285
-291
-293
-292
-285
-274
-260
-242
-217
-187
-153
-116
-72
-26
22
72
122
173
223
269
310
348
381
410
431
442
448
448
442
425
403
372
341
304
259
210
161
112
61
11
-40
-83
-120
-156
-189
-216
-235
-246
-256
-264
-267
-261
-253
-244
-237
-227
-212
-196
-182
-170
-155
-138
-122
-111
-102
-91
-76
-66
-60
-55
-48
-41
-34
-33
-30
-20
-9
0
12
23
40
60
77
92
113
132
152
168
180
192
204
213
214
213
209
205
197
184
164
144
125
102
77
49
21
-5
-29
-56
-80
-103
-120
-133
-146
-155
-162
-163
-160
-156
-150
-139
-126
-112
-97
-85
-69
-54
-41
-29
-20
-10
0
9
13
18
22
28
35
39
44
50
57
61
62
65
65
68
67
62
57
50
44
36
22
9
0
-9
-18
-29
-40
-44
-47
-52
-56
-59
-56
-50
-46
-41
-35
-27
-17
-7
-1
7
15
24
30
33
35
37
38
34
29
24
17
12
2
-8
-15
-22
-28
-33
-36
-38
-36
-33
-29
-22
-15
-7
3
14
22
32
37
46
52
53
53
51
48
45
38
28
19
9
-1
-12
-24
-33
-40
-48
-57
-61
-62
-63
-62
-61
-56
-49
-39
-29
-19
-7
9
23
37
50
62
76
87
93
100
104
108
108
104
98
94
85
72
58
41
27
11
-6
-25
-41
-55
-70
-86
-101
-112
-120
-127
-133
-136
-136
-135
-132
-129
-125
-117
-108
-99
-88
-77
-65
-51
-41
-30
-19
-7
4
13
24
32
42
50
57
63
69
75
81
87
94
100
109
115
123
130
139
145
150
156
161
166
167
168
166
162
153
142
128
112
94
70
46
22
-6
-34
-65
-96
-125
-151
-180
-204
-226
-243
-259
-273
-282
-285
-283
-277
-267
-254
-233
-210
-184
-155
-127
-93
-59
-27
5
36
64
91
115
135
150
165
176
184
188
189
189
186
181
174
165
156
147
137
122
110
99
87
74
61
45
37
29
15
3
-6
-13
-20
-31
-43
-49
-53
-60
-69
-72
-75
-78
-82
-88
-90
-91
-91
-96
-94
-90
-87
-83
-75
-71
-62
-52
-42
-31
-18
-5
8
21
33
43
57
67
76
86
93
101
105
106
104
101
96
87
77
64
50
33
14
-8
-28
-47
-67
-86
-101
-115
-125
-135
-140
-143
-143
-139
-134
-123
-110
-95
-76
-56
-36
-14
9
30
49
67
81
96
106
115
119
123
122
120
117
110
102
94
83
70
60
47
34
24
13
4
-2
-7
-12
-17
-22
-24
-28
-30
-33
-36
-34
-34
-33
-32
-30
-31
-32
-33
-34
-36
-38
-41
-43
-45
-47
-49
-50
-51
-50
-47
-43
-37
-32
-24
-16
-6
3
13
23
35
47
56
65
72
77
82
83
85
85
80
77
70
61
51
39
25
12
-1
-16
-30
-44
-60
-73
-87
-96
-104
-111
-116
-118
-118
-116
-113
-109
-100
-92
-80
-68
-54
-41
-28
-15
0
14
26
40
52
63
73
83
92
100
106
113
118
121
123
124
123
121
118
113
107
101
93
82
71
58
46
36
25
14
3
-7
-18
-28
-38
-48
-55
-62
-69
-72
-74
-77
-77
-78
-78
-75
-73
-71
-67
-64
-61
-61
-59
-61
-61
-61
-61
-60
-58
-54
-53
-48
-46
-41
-37
-31
-27
-20
-11
-2
7
18
28
39
48
57
62
67
72
74
75
76
76
76
73
70
68
65
61
55
49
43
37
29
25
20
18
17
16
14
15
14
13
12
10
5
4
2
-1
-4
-7
-7
-13
-16
-24
-29
-37
-47
-54
-63
-72
-81
-89
-97
-102
-106
-110
-110
-111
-108
-106
-100
-93
-83
-71
-58
-44
-29
-12
4
20
36
51
66
82
95
108
117
126
134
139
142
141
141
138
131
123
113
103
91
75
61
47
32
18
1
-15
-28
-42
-58
-69
-81
-91
-101
-106
-112
-115
-117
-116
-115
-111
-109
-106
-100
-91
-83
-74
-61
-48
-33
-20
-7
7
20
34
47
59
70
81
91
98
103
109
112
113
115
116
117
113
108
102
96
86
75
63
53
41
28
17
2
-12
-28
-43
-59
-71
-83
-94
-106
-118
-128
-135
-145
-153
-156
-158
-157
-156
-151
-143
-133
-121
-109
-95
-80
-63
-43
-25
-6
16
38
56
74
92
108
122
131
140
149
158
160
162
164
163
158
150
141
133
119
106
91
76
63
47
29
14
-2
-16
-30
-45
-56
-68
-79
-90
-97
-102
-107
-111
-115
-113
-110
-108
-104
-101
-95
-88
-79
-72
-62
-51
-39
-26
-15
-2
8
18
28
36
43
51
56
62
67
71
76
78
77
76
75
73
69
62
57
53
47
40
32
25
20
11
1
-5
-12
-20
-32
-42
-50
-53
-59
-63
-63
-61
-63
-66
-64
-63
-63
-61
-59
-54
-46
-38
-30
-21
-12
1
12
20
29
38
47
53
62
66
72
75
75
74
73
73
70
67
60
53
48
38
27
17
10
2
-6
-16
-23
-31
-39
-48
-57
-64
-68
-73
-77
-78
-76
-75
-73
-71
-69
-66
-63
-59
-53
-45
-38
-31
-23
-17
-7
1
7
13
22
27
34
38
42
46
50
51
56
60
60
64
65
64
63
60
57
53
47
42
40
36
33
31
28
26
18
13
6
-1
-8
-12
-17
-22
-22
-28
-32
-36
-43
-46
-48
-53
-54
-56
-56
-54
-52
-49
-45
-42
-39
-34
-31
-29
-26
-22
-18
-12
-6
0
5
9
14
18
23
28
31
35
37
36
36
37
34
31
28
28
26
23
21
20
19
18
16
13
11
12
7
4
0
-1
-2
-2
-2
-1
0
2
1
2
3
-1
-1
-3
-5
-3
1
1
4
7
6
5
4
2
0
-3
-9
-9
-8
-7
-9
-11
-10
-10
-11
-13
-18
-17
-17
-21
-21
-20
-19
-17
-16
-14
-11
-8
-7
-5
-4
-4
2
5
9
9
14
20
25
24
23
23
24
21
18
15
15
16
15
13
14
11
9
5
-2
-5
-7
-9
-11
-16
-17
-17
-21
-24
-25
-28
-29
-30
-31
-29
-31
-32
-30
-29
-28
-26
-24
-20
-20
-18
-13
-11
-8
-2
3
10
14
18
20
