SAMPLES:	8815
BITSPERSAMPLE:	16
CHANNELS:	1
SAMPLERATE:	16000
NORMALIZED:	FALSE
-24
-8
12
14
-16
34
32
18
-1
-8
-24
-3
5
-7
4
3
18
-32
7
1
15
17
-11
-6
-5
-7
9
14
-6
-5
-8
-6
9
-4
2
-13
1
-9
10
17
-18
9
1
19
-5
-3
-4
9
7
16
-12
6
10
-1
-5
6
-19
20
20
18
31
18
1
8
-11
-6
-17
-22
4
7
29
-14
12
-12
17
32
0
17
19
-13
-2
13
29
21
31
-7
2
-3
-29
10
-4
-46
-31
-11
-11
-2
-23
-22
-41
-12
-10
-12
-11
3
2
-32
-19
-26
-33
-27
-22
-9
1
19
10
-9
22
45
13
16
-27
4
28
-16
5
-26
-14
-12
-38
-10
13
17
35
27
19
15
5
13
4
9
25
-26
-39
-23
-6
-1
9
3
-10
38
-25
-44
-18
-34
11
23
-2
5
24
43
32
9
0
-21
3
2
-46
-49
-38
-10
-24
-53
-18
-25
-25
-4
-18
-14
19
36
4
26
16
69
83
36
43
28
44
32
9
36
68
61
68
103
124
97
115
86
185
-576
-988
-588
-214
177
111
-249
99
333
331
280
213
298
433
195
-101
-160
-147
31
19
-69
42
342
349
140
-99
-89
-171
-297
-360
-346
-105
103
143
56
52
65
11
15
-121
-95
-105
-82
-41
-57
-11
46
26
-4
-15
11
100
52
-10
-70
-50
-109
-76
-83
-13
40
100
99
60
42
-6
39
-70
-86
-52
18
71
11
66
139
145
26
-34
-84
-43
61
33
-19
-52
0
17
-46
-120
-84
15
-2
-40
-98
-63
33
86
-13
-65
-14
-10
11
-52
26
90
199
129
-46
-102
-31
96
24
8
-28
78
72
3
-70
-60
-15
29
46
-1
-7
32
-3
-36
-37
-46
3
-31
-49
-23
78
23
-34
-21
-53
93
4
-56
33
19
85
-4
7
1
8
-17
-10
42
-86
-19
-20
-12
71
-15
-4
29
-11
-27
-30
-12
-11
12
-59
-62
30
36
65
41
-3
6
-15
-66
-56
-86
19
12
34
70
-5
86
41
56
-33
-40
-86
-58
7
1
-34
-29
-19
34
66
59
66
67
71
-15
-50
-113
-53
-105
-9
35
22
29
-44
-33
-21
111
-10
55
-30
1
155
45
-39
-45
-65
12
74
-15
-78
-34
-56
-11
25
-20
-22
18
2
-54
-43
4
65
76
5
-57
11
-6
2
-28
23
-5
43
67
81
97
123
40
-46
-101
-62
-80
-101
54
55
52
-32
-4
17
106
-15
-38
-45
14
69
-75
-22
-44
46
36
-15
-20
85
63
-11
-15
1
103
-27
-52
-96
26
-31
-11
10
-80
30
50
3
-20
-52
-35
5
4
-40
3
117
38
-28
-61
-42
23
10
14
29
-3
-28
43
73
-42
-79
-31
-51
23
-27
-83
-123
-74
61
51
9
-39
-37
113
-32
-89
-37
57
96
3
19
-33
104
-8
-33
81
64
62
-30
-57
-12
21
-85
29
-13
53
54
5
-3
10
10
-38
-34
-88
-37
9
28
2
-4
-13
53
11
-59
-45
38
74
28
-13
-24
34
72
-25
-15
26
57
207
-367
-646
-433
-62
328
99
-174
14
286
380
236
58
117
207
63
-132
-278
-226
15
86
34
104
260
322
70
-132
-259
-215
-204
-177
-104
39
211
219
136
92
43
-49
7
-84
-38
-55
-63
-27
0
-42
26
33
21
73
26
45
-52
-72
-84
39
4
4
-15
28
36
45
-24
-63
-45
-43
25
-54
-33
-28
12
-23
10
24
39
36
17
-11
-14
-32
12
91
29
6
-20
54
77
11
-27
-29
-76
-21
-67
-15
60
37
11
-57
0
16
2
-52
-69
11
83
62
47
12
-44
-53
-8
5
45
-40
-81
-57
-30
-7
-13
16
41
115
27
41
21
-23
-64
-41
-5
-51
-13
2
15
52
102
77
-26
-59
-64
-9
3
18
13
15
15
-40
0
-7
39
-3
-29
-1
39
34
-22
49
-33
-10
-35
-8
-4
15
-5
-88
-5
-14
-14
-72
-98
-24
67
69
64
3
-10
21
41
-61
-38
9
21
13
-73
-67
-33
103
26
-62
-81
2
61
37
-2
8
29
108
40
5
-23
19
35
-12
23
-30
-16
8
-9
19
-9
-60
70
20
51
52
-44
-18
-35
-14
0
8
-28
-69
-41
-4
37
-12
-18
-45
7
44
-17
-11
14
11
32
18
-24
74
39
80
31
-38
-62
-122
4
35
37
40
11
-53
-19
-54
-10
16
18
-22
-20
82
58
32
-27
52
67
91
40
-2
-42
-57
8
-20
3
-56
3
12
21
81
78
-8
-34
-39
-76
-42
-58
11
-28
-5
-5
22
9
-37
-6
-42
13
-52
-108
-35
12
35
-12
-4
162
58
-135
-156
-11
100
72
45
-44
-30
-34
-74
-6
69
92
22
19
3
-18
-16
-16
-2
-32
22
3
102
74
-26
-97
-113
-18
1
-13
-70
47
41
-27
-50
43
30
15
-56
-128
-24
95
110
9
-10
-39
9
-74
35
65
99
36
-27
-55
-38
-46
7
-30
-60
7
-1
51
-21
7
-17
67
17
58
-34
-4
-111
-3
29
111
100
83
43
-91
-52
-145
-76
-13
98
94
53
-70
-16
-28
-9
-11
11
30
22
-14
53
16
26
-82
-64
46
52
112
128
46
-81
-82
-110
-14
-18
40
91
89
31
-9
-37
5
25
-51
-46
8
29
7
14
-5
23
-15
53
-12
-98
31
-28
9
33
-53
25
-27
16
45
27
74
-53
-68
-118
-36
62
9
-74
-51
-34
28
-27
18
89
-7
-23
-74
68
-13
41
-53
-71
42
55
25
15
-79
-76
-59
-57
64
118
98
87
-37
-53
-18
23
42
43
-19
-175
-22
12
85
-14
70
-91
29
-33
-66
57
-47
-16
-108
20
11
154
54
113
-46
-66
-29
9
39
22
-103
-1
105
3
-55
-217
18
82
-2
-41
-16
71
59
-99
-156
-170
73
175
206
38
22
-56
62
-3
-31
96
-8
13
11
6
-63
-51
-132
54
112
83
-32
-149
-118
45
134
113
-49
-126
-105
-34
175
103
-2
-15
-149
-65
-34
33
150
76
-25
-165
-14
37
151
153
25
-96
-116
-86
-23
34
31
43
-60
-147
11
75
177
37
-194
-158
-60
193
89
66
-68
-26
-96
33
40
22
28
-159
-168
-51
151
349
197
-24
-102
-89
-147
-159
-89
119
172
64
-1
-40
102
76
138
-65
-116
-120
-53
-12
-8
-55
33
38
130
-35
-86
46
127
46
-83
-226
-206
-98
96
127
29
225
-31
13
-38
8
-7
13
68
-133
-122
-144
-37
257
48
-121
-115
35
265
174
-14
-47
41
80
57
-30
-91
-134
19
69
-2
43
67
-26
119
14
-103
-160
-150
-32
129
42
-70
111
19
54
-46
-150
58
28
43
-121
-82
-19
21
30
-102
51
33
38
27
-89
-28
-47
-51
-23
-36
57
41
79
-101
-21
35
52
16
-49
-78
-57
76
109
-18
83
32
-4
-47
-51
106
41
50
-14
78
-50
34
10
-17
-32
-94
21
34
-1
-47
-58
-55
71
6
-15
46
13
80
-42
-29
49
-30
14
-33
99
44
-41
-124
-40
101
36
12
-31
-35
14
-60
-5
-50
87
34
103
-19
-28
-43
34
118
-25
-10
-20
112
1
-31
-130
48
31
25
-24
57
-16
-101
-101
2
-45
-102
-15
33
137
-82
-51
-35
45
-71
-5
53
168
53
-16
-33
-29
5
-122
25
-86
74
25
5
8
-55
59
-85
13
-106
-19
3
6
-4
-41
-32
-78
22
-94
152
76
64
21
-92
3
-75
68
3
20
68
196
163
29
-39
-2
-11
-45
-36
13
62
97
9
-47
19
-43
-107
-48
5
24
-59
4
-50
-24
-56
65
112
-57
-21
-1
86
-53
-75
-129
-4
-12
-55
-139
-59
-21
-99
-81
-22
54
-15
56
81
109
71
8
-52
105
79
-36
-57
34
40
43
23
24
60
-27
35
-83
-9
-68
-54
45
123
99
-36
56
174
123
112
57
14
-89
-35
-69
-44
-32
13
104
111
64
-54
-34
-23
11
-75
30
2
70
1
-73
-14
-58
-2
-76
16
57
-8
-58
-114
-35
-18
-51
-38
1
2
-49
65
19
-10
-105
-101
8
30
-148
-113
7
54
-41
-69
71
110
115
-53
-96
-78
14
-8
32
-23
48
98
153
157
26
-130
-118
-28
-110
-66
-8
48
58
128
75
133
56
116
152
171
122
51
44
34
15
-73
-50
-93
-32
-93
-11
-13
-39
-133
-54
-179
-136
19
22
52
-36
-11
-60
61
-90
-171
-174
-67
-22
14
-11
110
122
6
-80
-114
-48
-167
-58
-13
93
46
125
179
76
6
28
45
-24
-129
-98
82
225
157
83
125
149
101
43
-9
2
15
-89
-3
128
110
29
5
-98
-127
-94
-2
-12
-24
-65
-78
-34
-83
-101
-168
-168
-165
-70
-52
36
37
59
120
152
107
70
54
59
41
-34
-114
-93
-40
-51
14
54
149
119
150
173
146
18
-32
-5
35
9
-19
63
176
207
132
76
-19
1
-71
-97
-115
-96
-121
-101
-78
-23
-9
-28
-37
-99
-126
-188
-137
-151
-123
-141
-34
-5
-6
-17
16
-28
-1
-19
66
116
48
-48
-78
-89
-108
-96
-23
84
128
109
92
171
143
87
43
83
73
78
19
81
139
175
183
257
232
146
44
-29
-69
-211
-328
-318
-192
-124
-142
-118
-122
-144
-214
-285
-379
-439
-549
-469
-421
-398
-484
-396
-264
-175
-313
-442
-378
-268
-214
-151
-37
74
164
303
529
673
747
755
1000
1127
1228
1336
1594
1809
1861
1738
1648
1620
1498
1194
820
421
42
-269
-607
-839
-1033
-1082
-1132
-1092
-1130
-1088
-1002
-984
-1091
-1241
-1392
-1393
-1440
-1503
-1548
-1484
-1473
-1393
-1356
-1332
-1367
-1439
-1464
-1405
-1298
-1200
-1052
-866
-634
-324
74
504
1038
1680
2359
2770
2799
2827
2967
3039
2747
2326
2413
2972
3756
4412
5206
5914
5724
3925
1045
-1745
-3953
-6202
-8556
-9720
-8406
-5378
-2098
702
3263
5318
6007
5021
3055
882
-1006
-2004
-1673
-375
1025
2012
2236
1516
-500
-3321
-6366
-8651
-10095
-10274
-8647
-5731
-2749
-435
1643
3367
4064
3498
2566
2033
1831
1309
841
494
446
226
164
360
848
1228
1865
3073
4238
4559
4131
3733
3790
4122
4362
5192
5670
4400
1459
-501
-1829
-4467
-8892
-11559
-10361
-6790
-3945
-1079
2734
6498
7880
7055
5110
2751
177
-1649
-1489
-213
829
1547
2384
2268
320
-3278
-6667
-9060
-10206
-10218
-7900
-4691
-2098
-246
1798
3261
3088
1396
39
129
795
953
904
1125
1201
1027
239
-664
-1658
-1822
-891
966
2419
3338
4139
5035
5415
5089
4460
4491
5197
6444
7386
6067
2216
-2124
-4724
-7523
-11595
-15131
-14294
-9271
-3263
1716
6417
10347
12016
10655
7651
3880
55
-2898
-3335
-1559
362
1360
1610
1156
-903
-4513
-8497
-11096
-11739
-10144
-6695
-2123
1728
4013
4888
4989
3985
1428
-1694
-3485
-3019
-1506
-360
-54
207
566
673
-249
-1441
-2199
-1546
157
2331
3905
4780
5289
5784
5930
5328
4415
3960
4569
5404
6016
5828
3918
-572
-5487
-8421
-10016
-12589
-14579
-12439
-5919
999
5964
9834
13071
14020
11645
7430
2703
-1912
-5489
-6312
-4827
-2950
-1907
-1079
-753
-1843
-4662
-7626
-9248
-9001
-6899
-3045
1632
4891
5507
4719
4264
3260
170
-3873
-5664
-4118
-1272
131
103
12
334
156
-1099
-2708
-3489
-2492
128
3187
5294
6210
6700
7021
6571
5146
3285
2401
2779
3581
4049
4211
3090
-370
-4996
-7928
-8876
-10276
-12170
-11005
-5502
1023
5628
8857
11720
12958
11098
7134
2875
-1280
-4849
-6350
-5351
-3711
-2609
-1775
-1040
-1412
-3333
-5540
-6494
-5969
-4201
-1206
2573
5621
6971
6208
3568
-334
-3962
-6240
-7195
-7303
-6001
-2784
1093
3491
3843
3092
2217
935
-709
-1969
-2068
-1122
476
2384
3951
4765
4782
4555
4241
3677
2852
2319
2483
2989
3683
4106
2662
-1251
-5220
-6553
-6820
-8847
-11086
-9371
-3691
1766
5200
8222
11230
12194
10054
6456
2508
-1768
-5377
-6504
-5433
-4089
-3124
-1907
-752
-958
-2564
-4239
-4954
-4535
-2916
-191
2731
4747
5474
5258
3746
544
-3443
-6646
-8402
-8646
-7433
-5098
-2275
749
3612
5925
6581
5379
3037
720
-1419
-3491
-4993
-5084
-3394
-450
3057
5988
7866
8584
8455
7298
5297
2977
1653
2103
3160
1865
-1809
-4731
-5331
-6769
-10516
-12977
-10194
-3954
1937
7083
12397
16126
15717
11605
6239
376
-5662
-9861
-10476
-8487
-5912
-3124
-524
697
-383
-2518
-4087
-4567
-3890
-1442
2324
5767
7409
7190
5584
2429
-1695
-6792
-11294
-13148
-11052
-7497
-4543
-2044
1918
6465
8884
7549
4544
1661
-726
-3620
-6120
-6950
-5761
-2613
1876
6349
9140
10408
10303
9036
6480
3323
574
-195
652
2977
4261
2295
-2497
-5964
-7418
-9912
-13886
-14392
-8222
916
8563
14397
18775
19487
15322
8078
716
-6511
-12496
-14930
-12422
-8067
-4067
-700
2212
2926
1188
-1389
-2798
-2997
-1790
869
4064
5640
5003
3027
638
-2336
-5219
-7668
-9504
-9538
-6809
-2886
-785
-517
205
2753
5020
4930
3043
1285
-31
-1600
-3637
-4771
-4922
-3281
89
4428
7466
9056
9316
8582
6597
3813
1275
29
323
1989
4771
5653
2399
-3334
-6651
-7968
-10686
-14400
-12913
-4983
4391
11076
15939
18808
17479
11320
3252
-4087
-10736
-15322
-15439
-10922
-5688
-1147
2633
5445
5267
2713
-358
-2087
-2805
-1870
384
2694
3237
2382
869
-909
-2877
-4450
-5420
-5731
-5358
-3999
-2620
-2070
-2182
-1527
197
1940
2698
2559
1937
863
-785
-2343
-3412
-3314
-1598
1599
5047
7719
9033
8924
7340
4553
1305
-1045
-2131
-1482
768
4215
7103
6373
1650
-3401
-6031
-9023
-13789
-15822
-10427
-723
7573
13089
17453
18857
14999
6645
-1966
-9364
-14579
-16173
-12696
-6986
-1559
3098
6900
7626
4661
208
-3054
-4728
-4682
-2583
534
2639
2831
2181
1148
-388
-2414
-3303
-3310
-2964
-2614
-2218
-3065
-4514
-5409
-4743
-3062
-731
1949
4852
6635
6502
4572
2138
-275
-2167
-2782
-1915
-268
1654
3622
4613
4153
2747
1404
714
967
2056
4364
7229
10217
10053
5122
-2404
-7706
-11512
-15941
-18884
-15037
-5210
5071
12169
17184
19368
16492
8435
-568
-7791
-12958
-15244
-13217
-7709
-2085
2433
5532
6503
4178
518
-2355
-3468
-3470
-1772
814
3022
3224
2252
843
-504
-1942
-2561
-2135
-2168
-2991
-3529
-3440
-4075
-4924
-4396
-1475
2361
5490
7024
7206
5553
2370
-1859
-5224
-7041
-6844
-4797
-1287
2397
5573
7614
7940
6533
4418
2531
1746
2112
3346
5061
6796
8180
6341
129
-7610
-12136
-14777
-17731
-18639
-12550
-1540
8568
14861
19216
20541
16815
7899
-1586
-9347
-14452
-16342
-13707
-8243
-2529
2411
6349
7722
5623
2040
-650
-1965
-2347
-1375
382
1728
1696
1107
307
-475
-1164
-866
-485
-597
-1059
-1393
-2764
-4998
-6642
-5904
-3497
-834
1228
3140
4378
4007
1723
-914
-2642
-2944
-1960
-62
2282
4558
6231
6355
4920
2478
315
-758
-435
791
2539
4588
6658
8457
8021
3056
-4817
-10575
-13146
-15445
-17109
-13317
-3401
7220
14357
18530
19860
16416
7782
-2339
-10203
-15017
-16288
-13182
-6451
304
5424
8645
9591
6972
2218
-2061
-4316
-4891
-3564
-1072
1243
1906
1550
1070
746
71
-479
-705
-1344
-2582
-4043
-5667
-7378
-7984
-6535
-3135
848
4283
6327
6749
5238
2326
-1013
-3197
-3794
-2338
297
3120
4828
5478
4901
3189
667
-1640
-2674
-1955
206
2922
5569
7694
9383
9960
7060
-108
-7705
-12208
-14933
-17320
-16338
-9092
1237
9735
15337
18858
18701
13148
3801
-4819
-10637
-13332
-12856
-8812
-3408
1352
4904
6810
5768
2152
-1534
-3407
-3514
-2494
-562
1439
2496
2217
1457
322
-725
-1504
-1336
-1027
-1988
-4082
-5833
-6943
-7571
-6726
-3700
805
5172
8096
8941
7708
4537
459
-3251
-5154
-5280
-3675
-1379
776
1931
2473
2306
1338
25
-372
784
2955
5123
6628
7613
7956
7907
6887
2997
-4012
-10130
-12740
-14103
-15726
-14049
-6521
3323
10719
15164
17648
16799
11225
2693
-4766
-9780
-12034
-11394
-7632
-3215
420
3038
4504
3656
1148
-912
-1321
-817
52
1226
1957
1623
448
-523
-1084
-1163
-900
-197
403
-175
-2172
-4110
-5097
-5663
-5600
-3978
-853
2502
4781
5214
4336
2689
760
-1347
-2628
-2805
-2218
-1450
-630
235
1091
1833
1977
1883
2154
2997
3695
4010
3902
3810
3961
4404
5049
4365
376
-5424
-9393
-11618
-14267
-15428
-11009
-1952
6898
13016
17246
18846
15811
8024
-737
-7484
-11595
-13017
-11102
-6855
-2824
401
3000
4498
4132
3082
2531
2505
2267
2021
1617
742
-805
-2087
-2513
-2016
-1190
-293
-82
-1324
-3437
-5155
-6214
-6492
-5233
-2233
1635
4888
6440
6145
4428
1722
-1538
-4161
-5102
-4274
-2452
-535
1054
2271
3091
3041
2082
991
634
1065
1764
2322
2746
3170
3925
5116
6391
5236
456
-5320
-8885
-11554
-14549
-14912
-9376
-446
7597
13227
17037
17634
13544
5684
-2121
-7933
-11224
-11777
-9201
-5293
-1759
1333
4082
5582
5403
4587
3648
2493
1020
-211
-1310
-2268
-3041
-2889
-1986
-801
76
458
229
-1044
-3459
-5562
-5923
-5060
-3610
-1460
1331
3758
5033
4660
3205
1227
-950
-3037
-3944
-3451
-2384
-1282
-277
678
1302
1749
1762
1562
1598
2140
2667
2838
2730
2568
2755
3420
4633
5636
4216
-407
-5254
-8215
-10862
-13632
-12938
-6971
1393
8433
13371
16059
15496
10900
3931
-2510
-7212
-9742
-9719
-7185
-4111
-1329
1459
3905
4727
4044
2783
1349
-200
-1356
-1791
-1734
-1462
-937
96
1211
1795
1472
388
-1137
-3118
-5307
-6275
-5560
-4480
-3451
-1645
723
2606
3343
2928
2176
1422
497
-563
-871
-673
-741
-1056
-1247
-1386
-1497
-1094
-157
1081
2385
3347
3854
3870
3551
2928
2772
3588
5323
6844
5685
754
-4987
-8857
-11979
-14707
-13538
-6833
2036
9043
13489
15670
14820
10102
3072
-3037
-7044
-8943
-8979
-7021
-4633
-2262
272
2853
4198
4151
3229
2081
989
57
-813
-1542
-1725
-1366
-667
-174
-57
-606
-1341
-2054
-2190
-2693
-3883
-4627
-3963
-3100
-2215
-590
1780
4009
5072
4301
2391
388
-1595
-3429
-4274
-4292
-3681
-2324
-572
871
2060
3371
4181
4228
3593
2622
1665
1331
1543
2467
4139
6306
7762
6170
831
-5361
-9678
-13141
-15454
-13211
-5626
2991
9015
12521
14296
13471
9229
3077
-1989
-5009
-6256
-6196
-5167
-4295
-3153
-1169
1149
2484
2728
2342
1720
1124
641
59
-625
-951
-884
-482
-130
-44
-532
-1195
-1638
-1555
-2155
-3611
-4845
-5011
-4505
-3154
-955
1621
3917
4986
4369
2645
512
-1879
-3704
-4362
-4162
-3278
-1943
-753
332
1752
3309
4275
4514
3984
3012
2127
1690
1523
1856
3073
4745
6183
5811
1708
-4441
-8780
-11087
-12919
-11976
-6071
1910
7858
10968
12219
11755
9014
4132
-588
-3575
-4941
-5362
-4961
-4413
-3540
-1419
1108
2496
2765
2547
1605
323
-566
-981
-1372
-1491
-1052
-131
758
1041
641
-176
-931
-1695
-2875
-4215
-4784
-4677
-4065
-2578
-354
1577
2692
2729
2069
1242
168
-1207
-2136
-2353
-2383
-2169
-1720
-1216
-534
725
2187
3513
4252
4039
3167
2395
1817
1551
1784
2570
3713
4960
5545
3329
-1926
-6627
-8070
-8751
-9827
-7906
-1825
4165
6994
7684
7955
7711
5857
2820
325
-1254
-2252
-2722
-3167
-4060
-3809
-1709
340
1029
1022
560
-411
-1049
-912
-611
-464
-54
791
1888
2459
2042
713
-855
-2081
-2449
-2501
-2649
-3242
-3970
-3873
-2940
-2530
-2547
-1610
148
1959
2948
2665
1849
1387
496
-1370
-3109
-4021
-3472
-1523
414
1515
2741
4209
4640
3943
2796
1699
1229
1521
1816
2195
2936
3718
4324
3294
-425
-4145
-5305
-6592
-8922
-8102
-3096
1888
4361
5728
7223
8258
7349
4349
889
-1910
-3310
-3130
-2591
-2802
-2077
107
1387
687
-469
-1351
-2083
-2077
-1248
-267
452
979
1270
1463
1296
631
-106
-504
-605
-1054
-2586
-4636
-5954
-6353
-5972
-4455
-2057
476
2589
3814
4024
3425
2011
-19
-1868
-3064
-3251
-2340
-942
261
1523
2785
3335
3200
2731
2034
1346
903
468
388
1024
2080
3117
4189
5229
4943
2139
-1702
-3955
-5747
-8555
-9286
-5352
196
3228
4154
5090
6540
6785
4881
1825
-497
-1014
-241
16
-1126
-1804
-992
-362
-1194
-2255
-2847
-3241
-3168
-2117
-759
89
526
1031
1921
2795
2883
1993
732
-361
-1503
-2967
-4945
-6439
-6004
-4074
-2544
-1414
34
1374
2049
1905
1268
895
782
-61
-1303
-1856
-1527
-599
266
523
695
1503
2382
2716
2486
1769
1102
928
1129
1269
1597
2279
3437
4664
5511
4572
1110
-2618
-4231
-5247
-7210
-7175
-3325
1151
2559
1855
2137
4019
5125
4020
2183
1288
1401
1447
380
-1474
-2446
-2014
-1679
-2047
-2670
-3250
-3537
-2736
-1222
16
673
1084
1596
2219
2472
1716
327
-913
-1392
-1470
-2028
-2891
-3151
-3132
-3058
-2631
-2113
-1865
-1205
-99
1109
1791
1297
41
-740
-884
-746
-122
616
1270
1761
1922
1493
1176
994
648
391
648
1135
1615
2223
2773
3416
4013
4327
4160
2550
-443
-2328
-2707
-4343
-6384
-5263
-1887
-155
-768
-729
1648
4542
4927
3298
1938
1806
2059
1628
330
-813
-776
-467
-782
-1795
-2974
-3936
-3733
-2498
-1335
-950
-740
-175
739
1660
1967
1505
853
864
1206
1151
-89
-1922
-3085
-3279
-3572
-4085
-4164
-3646
-2527
-1357
-755
-457
247
1113
1800
2247
2324
2340
2326
1718
414
-720
-1100
-641
402
991
1030
1375
2248
2624
2520
2403
2616
3174
3616
3733
2847
409
-2062
-2645
-3261
-5038
-4980
-2030
203
-412
-1492
-307
2578
4002
2951
1764
2064
2902
2733
1393
-32
-248
83
-363
-1529
-2678
-3490
-3559
-2568
-1596
-1396
-1527
-1187
-528
178
522
537
712
1399
2032
1756
272
-1714
-2847
-3134
-3413
-3803
-3590
-2779
-1646
-775
-413
-227
108
529
964
1324
1228
825
449
348
482
699
962
1465
2156
2350
1913
1482
1486
1630
1628
1521
1558
1897
2462
2622
1280
-838
-1575
-1169
-2014
-3343
-2570
-673
-506
-1743
-1425
1228
3735
3765
2296
1501
1912
2377
1834
562
-155
69
104
-689
-1883
-2853
-3250
-2748
-1859
-1553
-1854
-2001
-1535
-748
11
508
827
1314
1936
2154
1551
224
-1104
-1688
-1887
-2534
-3550
-4076
-3660
-2757
-2136
-1767
-912
364
1147
1057
667
627
1009
1330
1265
1077
1188
1499
1632
1436
916
623
1096
1973
2347
2179
2123
2618
3123
3050
2361
806
-1153
-1879
-1630
-2677
-3935
-2620
23
561
-744
-831
1283
3296
2980
1235
294
917
1914
1801
524
-493
-486
-358
-723
-1210
-1565
-1688
-1317
-881
-1203
-1958
-2253
-1879
-1161
-414
33
87
196
709
1112
899
179
-672
-1160
-1302
-1735
-2617
-3282
-3129
-2254
-1428
-1273
-1314
-819
74
702
761
614
896
1614
1944
1450
604
230
472
990
1235
1404
1953
2805
3186
2984
2555
2250
2052
1978
1574
159
-1377
-1510
-1141
-2156
-3010
-1745
-84
-586
-2020
-1494
1023
2813
2345
987
720
1799
2688
2027
500
-250
47
229
-247
-1040
-1750
-2084
-1947
-1850
-2287
-2665
-2305
-1452
-638
-52
176
172
510
1248
1623
1178
122
-779
-944
-897
-1525
-2353
-2697
-2637
-2298
-2028
-1876
-1335
-268
561
827
707
705
1132
1462
927
-99
-513
56
1169
2033
2288
2310
2748
3348
3364
2773
2219
1972
1831
1683
1357
232
-1298
-1747
-1456
-2211
-3217
-2330
-696
-752
-1825
-1225
1146
2813
2341
892
271
958
1808
1463
302
-282
-58
79
-235
-813
-1483
-1970
-1878
-1470
-1331
-1454
-1397
-1137
-850
-493
-203
-167
-52
403
587
316
-219
-752
-953
-890
-1183
-1736
-1901
-1702
-1210
-769
-544
-323
43
269
307
112
-361
-692
-637
-307
75
573
1275
2117
2795
3007
2905
2870
2887
2812
2659
2402
2063
1975
1977
1056
-624
-1526
-1416
-2005
-3061
-2827
-1679
-1695
-2559
-2069
52
1812
1732
642
119
971
2170
2286
1280
457
422
563
357
-109
-729
-1301
-1334
-914
-786
-1156
-1422
-1432
-1351
-1226
-1182
-1213
-956
-212
354
303
-229
-727
-688
-377
-542
-1080
-1200
-1036
-751
-415
-169
-166
-241
-454
-762
-1004
-1204
-1172
-783
-195
174
462
982
1814
2527
2635
2259
2078
2455
2957
3144
2824
2315
2168
2450
2496
1277
-610
-1607
-1599
-2300
-3279
-2752
-1525
-1760
-2825
-2281
-237
1275
978
-101
-356
967
2610
2859
1739
858
956
1214
1123
742
144
-531
-677
-432
-605
-1287
-1798
-1932
-1906
-1775
-1717
-1813
-1674
-1100
-602
-626
-1047
-1268
-841
-238
-222
-517
-414
8
325
445
456
417
261
-119
-451
-543
-674
-994
-1207
-1062
-646
-212
145
676
1370
1891
2084
2328
2758
3111
3277
3230
3043
2963
2965
2049
366
-738
-1149
-2069
-2928
-2569
-1970
-2442
-3107
-2312
-501
694
523
-207
-301
871
2332
2459
1348
596
840
1298
1465
1244
571
-162
-213
146
-10
-736
-1391
-1678
-1745
-1811
-2134
-2525
-2415
-1714
-1079
-969
-1167
-1052
-432
41
-96
-388
-296
-25
182
365
644
744
404
-148
-557
-859
-1180
-1396
-1423
-1152
-694
-251
164
661
1089
1300
1558
2069
2542
2857
3117
3306
3292
3378
3441
2569
694
-620
-854
-1462
-2404
-2099
-1135
-1528
-2591
-2268
-601
615
469
-447
-874
58
1570
1845
587
-353
44
901
1428
1598
1253
652
621
1052
948
135
-711
-1212
-1353
-1313
-1663
-2425
-2723
-2124
-1419
-1406
-1781
-1976
-1678
-1213
-1133
-1493
-1364
-426
589
1124
1252
1207
952
637
324
50
-308
-600
-726
-713
-586
-432
-293
-151
235
696
1206
1618
1989
2267
2543
2903
3203
3337
3079
2091
779
199
-308
-1585
-2248
-1377
-875
-1828
-2434
-1431
40
485
-135
-897
-789
340
1180
605
-513
-477
525
1285
1504
1303
813
646
1186
1456
871
32
-508
-815
-877
-980
-1598
-2317
-2304
-1634
-1203
-1248
-1537
-1895
-1807
-1349
-1291
-1591
-1133
-108
515
492
341
512
816
795
187
-420
-478
21
175
-442
-1030
-782
24
522
586
479
793
1565
2126
2058
1935
2357
3005
3369
2960
1662
373
107
55
-976
-1838
-1276
-520
-951
-1448
-848
89
299
-202
-813
-970
-180
612
170
-847
-665
549
1345
1420
1084
594
487
1054
1294
602
-272
-646
-648
-485
-360
-738
-1368
-1545
-1152
-935
-1121
-1509
-2066
-2201
-1780
-1611
-1927
-1550
-603
-163
-313
-266
262
722
629
31
-278
51
652
694
65
-308
167
878
1022
840
651
756
1171
1566
1622
1739
2136
2400
2516
2124
1195
565
425
-442
-1578
-1348
-561
-908
-1679
-1072
298
761
26
-839
-1008
-299
650
371
-890
-1115
353
1606
1534
768
0
-129
645
1355
888
-150
-574
-241
223
337
-146
-964
-1354
-1068
-895
-1233
-1730
-2042
-1984
-1704
-1686
-1858
-1573
-964
-618
-620
-437
147
731
768
299
-147
-148
262
488
164
-176
9
522
845
757
521
499
864
1214
1453
1674
2055
2309
2465
2615
2303
1455
737
279
-827
-1693
-1268
-637
-1273
-1835
-810
593
693
-341
-1232
-1331
-417
531
99
-1101
-957
618
1596
1286
468
-136
2
884
1381
673
-264
-374
116
448
341
-175
-814
-1011
-804
-896
-1482
-2086
-2262
-1935
-1592
-1864
-2178
-1635
-729
-403
-510
-234
436
754
345
-252
-326
195
787
728
292
403
1093
1392
1037
641
594
950
1375
1508
1452
1773
2264
2446
1908
1008
705
1010
474
-931
-1431
-954
-1041
-1707
-1620
-720
-152
-335
-779
-1013
-746
-42
80
-781
-1079
49
1248
1362
998
664
487
776
1273
1114
383
23
148
317
302
57
-492
-931
-888
-768
-984
-1517
-1934
-2094
-1995
-1870
-1825
-1824
-1707
-1292
-731
-131
239
242
5
-86
68
390
749
907
910
1028
1372
1516
1270
902
756
831
991
1089
1128
1284
1545
1692
1313
709
667
952
498
-280
-213
-3
-800
-1745
-1492
-645
-526
-1080
-1527
-1416
-647
209
-81
-1141
-1077
450
1630
1533
942
574
765
1447
1799
1105
192
80
441
515
205
-341
-882
-1019
-779
-672
-961
-1303
-1496
-1736
-2008
-2035
-1894
-1818
-1787
-1696
-1388
-737
-105
-23
-335
-348
184
787
940
771
822
1349
1911
1920
1457
1043
1063
1364
1545
1363
923
761
1038
1391
989
290
206
513
264
-82
50
-162
-1068
-1490
-810
-303
-743
-1433
-1593
-1163
-310
148
-537
-1334
-740
656
1234
900
563
580
1006
1599
1639
949
399
535
819
769
344
-240
-735
-837
-793
-1220
-1839
-1971
-1751
-1757
-1919
-2052
-2022
-1643
-1194
-1123
-1191
-895
-387
-117
-107
-28
273
682
1102
1385
1463
1626
2003
2306
2332
2143
1865
1705
1869
1950
1658
1083
436
-23
-73
-203
-847
-1039
-424
-260
-1163
-1726
-1203
-680
-882
-1345
-1519
-1288
-451
180
-423
-1285
-803
485
948
669
414
496
1027
1722
1734
961
536
825
1173
1092
713
230
-79
-92
-318
-1051
-1869
-2148
-2141
-2212
-2219
-2016
-1882
-1863
-1670
-1335
-962
-639
-481
-424
-136
350
710
812
817
1070
1597
2051
2220
2174
2075
2106
2262
2346
2175
1928
1769
1401
825
485
236
-587
-1235
-966
-823
-1685
-2242
-1526
-871
-1267
-1962
-2173
-1957
-1064
-82
-306
-1129
-687
725
1202
596
32
59
661
1554
1864
1179
621
982
1470
1328
816
292
-83
-132
-70
-335
-1035
-1726
-1889
-1836
-2046
-2289
-2153
-1826
-1608
-1606
-1564
-1272
-917
-666
-471
-140
393
1044
1457
1608
1846
2231
2548
2643
2698
2762
2800
2686
2415
1828
1200
956
870
334
-271
-272
-280
-1034
-1702
-1463
-1186
-1674
-2369
-2706
-2680
-2212
-1597
-1638
-2052
-1642
-459
363
489
526
662
977
1559
1903
1482
910
959
1304
1427
1275
892
391
62
53
-19
-484
-1105
-1402
-1406
-1333
-1359
-1607
-1897
-1891
-1651
-1494
-1461
-1347
-1011
-611
-318
-109
141
472
909
1316
1664
1987
2305
2499
2642
2767
2843
2849
2581
2145
1892
1738
1006
99
-122
-82
-684
-1400
-1299
-906
-1110
-1701
-2188
-2391
-2040
-1383
-1520
-2378
-2516
-1592
-832
-799
-894
-743
-183
727
1410
1256
859
1005
1421
1498
1325
1037
530
234
321
148
-399
-654
-625
-833
-1122
-1191
-1120
-1154
-1245
-1312
-1273
-940
-423
-214
-442
-372
259
992
1259
1108
1136
1651
2269
2384
2047
1558
1516
1954
2101
1453
820
946
1158
757
256
189
67
-341
-762
-1282
-1836
-1906
-1752
-2101
-2512
-2148
-1407
-1079
-1132
-1174
-1077
-666
-25
239
-37
-220
8
322
418
284
168
163
249
391
418
87
-340
-446
-251
-22
-55
-263
-431
-393
-265
-185
-303
-434
-270
29
250
413
637
863
1092
1317
1551
1802
1977
1854
1472
1334
1417
1147
654
558
578
118
-381
-351
-177
-393
-707
-867
-1038
-976
-657
-720
-1203
-1158
-534
-241
-423
-649
-801
-875
-664
-478
-656
-851
-606
-160
80
148
-86
-309
-214
-67
-205
-288
-316
-648
-856
-580
-237
-325
-557
-553
-344
-46
208
173
-110
124
857
1321
1320
1333
1447
1579
1828
1976
1778
1247
1063
1322
1325
745
328
469
474
127
-160
-100
-182
-466
-747
-1075
-1305
-1156
-919
-1235
-1575
-1315
-750
-513
-550
-555
-520
-326
-1
169
-35
-147
98
363
431
127
-332
-548
-529
-711
-909
-971
-1125
-1248
-1111
-842
-701
-642
-596
-483
-240
255
716
706
553
835
1423
1827
1833
1542
1466
1824
2219
1937
1245
844
906
929
819
798
584
163
11
266
261
-238
-777
-1112
-1275
-1216
-1087
-1386
-1839
-1652
-981
-544
-507
-574
-605
-311
247
478
131
-259
-122
257
440
209
-163
-379
-406
-365
-425
-727
-1180
-1243
-880
-604
-723
-934
-865
-580
-275
-163
-294
-412
-116
465
759
775
908
1337
1842
2223
2461
2440
2171
2017
2142
1942
1258
906
997
758
168
-88
-85
-405
-874
-1194
-1502
-1684
-1410
-1245
-1664
-1862
-1301
-696
-618
-680
-708
-621
-266
183
146
-240
-235
244
530
363
231
120
-134
-246
-83
-206
-729
-1021
-885
-723
-816
-960
-1020
-949
-654
-328
-271
-260
41
454
706
916
1178
1437
1699
1991
2018
1693
1535
1685
1517
978
822
951
718
341
365
459
173
-182
-388
-652
-830
-640
-653
-1195
-1450
-1011
-584
-618
-791
-955
-951
-600
-200
-299
-664
-614
-138
131
3
-104
-208
-308
-145
42
-301
-764
-691
-412
-422
-637
-698
-586
-413
-190
-92
-138
5
392
654
739
899
1074
1284
1482
1591
1452
1251
1177
1141
923
607
553
530
271
-60
-59
135
37
-384
-803
-912
-784
-604
-757
-1175
-1238
-768
-290
-242
-401
-481
-264
129
356
210
-44
-103
58
288
253
-135
-399
-166
66
-200
-641
-757
-667
-728
-936
-1094
-994
-637
-318
-316
-278
176
803
1127
1068
1007
1288
1807
1990
1678
1308
1291
1456
1398
1095
732
471
303
154
-72
-345
-639
-1009
-1314
-1367
-1270
-1315
-1539
-1731
-1646
-1247
-866
-755
-816
-719
-360
61
296
267
178
120
304
634
653
305
229
475
453
206
19
-101
-229
-290
-389
-591
-647
-410
-171
-171
-51
338
780
1101
1301
1313
1347
1633
1701
1295
849
840
900
742
616
575
373
91
112
139
-169
-626
-955
-1143
-1191
-1089
-1220
-1624
-1834
-1491
-1073
-1017
-1126
-1179
-1021
-649
-245
-270
-481
-608
-461
-19
204
-119
-421
-72
296
247
39
52
204
259
184
-27
-21
310
657
493
308
751
1444
1763
1594
1366
1402
1798
1932
1562
1005
730
825
971
820
367
44
44
288
332
-36
-553
-833
-799
-789
-1060
-1480
-1697
-1642
-1418
-1199
-1208
-1307
-1222
-966
-745
-586
-552
-742
-815
-594
-411
-547
-607
-477
-446
-448
-255
-58
-98
-174
-147
-70
103
339
433
365
495
918
1332
1544
1553
1571
1744
2012
1949
1673
1441
1282
1067
948
964
793
470
204
134
122
95
-137
-640
-984
-949
-803
-998
-1376
-1558
-1370
-979
-773
-866
-1097
-1031
-667
-295
-301
-614
-708
-519
-348
-380
-426
-567
-736
-719
-577
-475
-571
-667
-721
-634
-329
50
242
262
474
828
1259
1557
1604
1550
1685
1869
1873
1751
1486
1221
1165
1230
1109
744
391
235
216
70
-260
-728
-1020
-968
-881
-1045
-1317
-1426
-1327
-1041
-824
-856
-967
-896
-613
-331
-417
-601
-515
-415
-357
-78
86
-236
-481
-252
35
-84
-412
-517
-454
-315
-98
-41
-170
11
568
871
938
1025
1218
1449
1623
1567
1376
1281
1254
1227
1073
943
896
761
531
344
251
58
-281
-738
-1016
-1043
-998
-1019
-1210
-1378
-1280
-942
-779
-823
-917
-925
-712
-632
-696
-700
-716
-781
-531
0
153
-30
-186
-6
254
258
-18
-375
-431
-108
270
142
-37
224
765
1168
1255
1195
1275
1569
1639
1431
1070
858
904
1037
980
720
471
325
402
414
125
-374
-702
-700
-603
-653
-876
-1079
-1126
-896
-638
-682
-891
-960
-900
-880
-808
-769
-946
-1084
-904
-633
-632
-657
-533
-376
-269
-215
-247
-309
-129
124
216
186
370
807
1153
1295
1286
1359
1549
1752
1759
1568
1353
1163
1050
980
867
590
221
-81
-228
-242
-415
-788
-1160
-1285
-1133
-926
-915
-1118
-1144
-858
-460
-274
-336
-375
-365
-221
22
119
-123
-272
-125
23
13
-93
-116
-143
-152
-253
-381
-483
-397
-227
-221
-256
-109
241
526
647
620
663
795
931
993
927
818
764
885
992
1011
871
667
511
438
388
121
-269
-569
-641
-652
-695
-826
-1010
-1067
-963
-808
-764
-823
-1069
-1210
-1065
-856
-890
-917
-631
-310
-210
-191
77
418
632
585
342
227
536
1002
1004
650
543
970
1431
1495
1204
934
899
960
903
496
86
-81
-23
-25
-124
-256
-432
-482
-388
-305
-483
-688
-753
-753
-719
-619
-558
-609
-565
-423
-280
-183
-271
-516
-586
-479
-449
-548
-578
-513
-399
-312
-252
-199
-149
-29
68
103
134
286
494
673
850
1019
1261
1414
1479
1405
1345
1278
1166
1018
768
548
341
254
98
-51
-260
-549
-784
-830
-778
-977
-1179
-1267
-1125
-911
-725
-694
-773
-733
-602
-313
-345
-536
-581
-364
-193
-168
-171
-198
-63
28
105
46
21
85
150
93
0
131
344
583
692
813
970
1148
1314
1359
1377
1325
1301
1110
863
682
558
416
180
37
-168
-369
-571
-630
-729
-893
-1009
-1158
-1214
-1144
-924
-864
-935
-1073
-1097
-984
-839
-757
-844
-813
-620
-368
-294
-210
-59
96
184
159
165
187
321
442
545
596
715
945
1137
1310
1417
1515
1532
1550
1515
1439
1327
1105
828
555
369
175
83
8
-252
-692
-990
-1010
-1024
-1164
-1352
-1459
-1463
-1303
-1070
-993
-999
-910
-886
-868
-667
-540
-627
-528
-172
32
22
-1
116
289
424
427
252
41
55
299
428
344
294
471
731
859
930
1012
1103
1161
1184
1120
958
810
718
650
506
399
332
215
21
-157
-291
-447
-608
-733
-816
-961
-1070
-1067
-998
-991
-1073
-1128
-1068
-938
-857
-752
-636
-511
-343
-111
78
140
162
246
381
432
408
385
392
465
594
675
667
681
780
896
933
929
923
882
795
690
549
360
211
99
-7
-79
-133
-281
-488
-578
-564
-609
-745
-860
-938
-976
-959
-908
-964
-1106
-1067
-873
-783
-809
-683
-424
-217
-85
57
227
374
521
643
706
741
835
925
932
907
982
1129
1205
1196
1128
1077
1032
1008
939
773
550
349
176
-46
-340
-597
-707
-729
-825
-1042
-1213
-1225
-1131
-1064
-1069
-1129
-1132
-1024
-822
-709
-754
-719
-549
-407
-383
-299
-156
-23
100
276
498
597
540
473
554
673
717
639
498
428
517
715
812
761
723
839
993
1021
965
914
853
733
577
391
185
-15
-195
-317
-389
-447
-571
-730
-860
-934
-985
-1047
-1120
-1173
-1146
-1145
-1183
-1202
-1119
-1002
-811
-574
-411
-358
-306
-141
35
115
103
171
346
531
609
627
661
761
930
1078
1136
1132
1189
1298
1349
1296
1224
1194
1175
1136
1022
818
591
392
220
5
-289
-569
-759
-872
-1003
-1214
-1437
-1552
-1547
-1533
-1602
-1756
-1842
-1739
-1531
-1386
-1246
-978
-604
-279
-83
66
256
456
604
733
870
972
1019
1067
1138
1215
1241
1246
1215
1167
1085
993
912
828
768
721
688
627
547
436
310
160
-35
-224
-333
-355
-412
-539
-669
-713
-708
-727
-774
-850
-929
-987
-974
-961
-1029
-1106
-1027
-799
-639
-634
-655
-539
-350
-212
-170
-177
-167
-110
28
143
170
171
284
498
701
808
879
999
1130
1234
1294
1350
1385
1397
1377
1329
1213
1048
877
690
444
131
-150
-367
-548
-730
-896
-1032
-1164
-1284
-1349
-1354
-1363
-1393
-1355
-1244
-1148
-1080
-970
-798
-606
-448
-328
-202
-32
162
321
419
461
496
574
693
778
804
797
782
808
866
901
865
797
745
727
707
633
509
386
295
209
90
-38
-165
-285
-379
-443
-495
-548
-611
-634
-609
-567
-556
-554
-500
-402
-330
-310
-281
-222
-143
-84
-67
-91
-103
-95
-74
-59
-80
-97
-69
-11
10
8
-4
23
102
189
242
268
319
420
539
598
579
522
489
498
492
404
257
120
51
26
-42
-168
-296
-359
-357
-361
-419
-484
-487
-445
-426
-453
-469
-432
-358
-303
-260
-186
-61
72
154
184
197
254
339
388
356
295
278
312
345
303
207
129
133
194
228
173
60
-8
27
100
89
-21
-141
-164
-121
-98
-156
-240
-266
-229
-195
-200
-212
-191
-122
-71
-79
-122
-151
-142
-115
-111
-144
-179
-186
-152
-91
-33
-12
-19
-9
50
137
206
224
221
250
314
378
393
361
328
338
375
380
307
199
118
101
95
38
-56
-126
-154
-165
-202
-269
-327
-354
-351
-326
-311
-332
-343
-309
-226
-143
-117
-117
-81
13
98
116
84
70
120
186
194
129
69
83
151
184
124
23
-27
4
40
7
-75
-116
-72
-5
3
-40
-51
7
86
110
74
39
53
90
100
64
-1
-36
-28
1
-2
-32
-54
-39
-9
-5
-38
-70
-68
-48
-17
-8
-25
-51
-49
-12
38
55
46
53
92
135
151
144
150
172
189
176
134
76
39
23
-15
-77
-135
-143
-109
-99
-135
-160
-146
-126
-138
-163
-170
-156
-148
-164
-180
-187
-188
-181
-149
-107
-79
-64
-44
-5
50
107
142
158
161
164
185
219
253
281
294
283
271
267
262
231
169
113
89
73
20
-58
-119
-140
-148
-174
-213
-225
-197
-158
-145
-157
-166
-141
-84
-42
-45
-70
-67
-22
30
32
-7
-32
-7
38
43
13
-22
-26
-19
-20
-35
-37
-37
-44
-65
-85
-91
-72
-43
-5
29
58
81
104
124
132
136
132
131
124
115
100
82
65
52
34
6
-33
-60
-70
-80
-101
-126
-139
-143
-162
-192
-201
-173
-126
-93
-92
-96
-73
-9
71
133
157
169
213
290
351
362
335
317
330
335
300
234
179
161
156
116
30
-60
-117
-138
-161
-204
-250
-270
-267
-266
-283
-310
-326
-320
-303
-289
-283
-279
-259
-217
-165
-131
-126
-128
-101
-32
41
69
52
48
105
193
239
212
166
168
218
260
254
218
195
197
210
216
206
187
154
122
104
101
91
62
22
-9
-19
-24
-37
-48
-41
-21
-3
-8
-25
-43
-42
-39
-41
-63
-109
-162
-197
-214
-232
-260
-308
-351
-363
-348
-321
-295
-280
-256
-213
-148
-85
-28
25
79
144
211
268
312
349
372
403
451
490
498
471
434
423
418
380
293
198
132
90
42
-44
-158
-261
-316
-334
-356
-408
-463
-466
-420
-383
-392
-411
-384
-306
-237
-212
-204
-167
-96
-31
6
29
59
111
165
201
215
216
225
239
246
227
198
176
167
148
103
53
33
41
47
30
7
12
53
100
119
114
110
128
155
166
151
136
137
140
115
58
2
-27
-34
-62
-122
-183
-226
-246
-269
-307
-341
-350
-343
-329
-317
-297
-264
-217
-171
-133
-88
-23
58
130
177
196
214
236
266
289
294
275
244
216
193
173
137
93
59
52
47
19
-29
-58
-48
-15
-11
-39
-69
-65
-36
-25
-49
-88
-107
-97
-81
-91
-122
-147
-144
-128
-127
-141
-147
-127
-100
-87
-85
-72
-36
8
35
48
66
102
141
161
160
166
193
222
220
189
160
152
151
140
105
66
38
21
3
-29
-73
-107
-121
-120
-124
-141
-165
-183
-187
-188
-183
-173
-158
-138
-122
-104
-85
-62
-31
-1
23
43
63
81
96
102
100
98
95
83
64
48
43
49
53
46
35
34
44
58
68
66
63
66
81
97
106
101
93
90
96
96
86
69
54
52
56
53
35
3
-29
-50
-62
-78
-107
-139
-165
-172
-171
-166
-166
-167
-173
-173
-164
-148
-130
-122
-125
-127
-114
-96
-81
-80
-79
-64
-37
-6
14
37
71
119
163
189
194
204
226
251
254
232
202
182
171
147
105
53
15
-8
-21
-37
-61
-91
-119
-134
-129
-113
-99
-98
-98
-82
-45
-4
26
40
54
84
127
162
173
161
147
149
152
133
84
22
-32
-66
-102
-157
-215
-265
-299
-313
-321
-332
-339
-332
-305
-258
-212
-179
-150
-109
-54
2
48
83
125
175
216
238
249
261
285
310
321
316
314
317
311
285
236
191
167
152
115
56
-4
-44
-58
-77
-112
-146
-156
-146
-134
-134
-140
-136
-122
-114
-121
-126
-117
-96
-82
-86
-95
-89
-65
-42
-35
-37
-32
-18
-9
-20
-45
-67
-82
-103
-137
-175
-198
-199
-188
-178
-168
-149
-110
-59
-6
46
100
159
211
248
276
306
339
362
363
350
338
330
315
280
234
189
147
99
36
-34
-104
-167
-228
-293
-354
-396
-418
-429
-438
-442
-423
-376
-309
-245
-191
-132
-57
32
112
170
213
254
296
333
349
350
342
335
325
307
277
241
209
186
164
126
80
37
10
-5
-26
-59
-93
-115
-123
-130
-146
-168
-184
-184
-178
-180
-192
-202
-193
-175
-169
-182
-197
-197
-180
-167
-163
-163
-154
-136
-120
-113
-106
-87
-57
-21
8
29
55
93
134
168
189
210
247
286
313
327
330
341
358
363
350
324
298
282
264
228
174
116
62
18
-33
-91
-144
-184
-213
-244
-281
-308
-318
-314
-308
-310
-310
-293
-268
-244
-237
-237
-227
-202
-183
-175
-172
-159
-135
-117
-105
-87
-48
4
47
78
113
167
229
280
307
330
363
404
436
438
418
398
384
361
310
239
170
118
67
-1
-82
-160
-216
-258
-296
-335
-364
-375
-369
-353
-334
-307
-268
-221
-164
-111
-66
-24
17
57
91
114
125
125
119
111
101
87
69
49
33
22
13
8
2
-1
-1
5
20
35
46
51
62
80
98
106
111
115
130
142
142
134
125
115
102
76
42
3
-35
-67
-98
-132
-175
-219
-248
-259
-258
-258
-258
-250
-228
-201
-178
-160
-136
-103
-64
-29
-4
22
59
97
128
147
161
175
190
204
209
216
218
220
212
193
170
151
136
118
89
55
25
1
-15
-35
-63
-90
-109
-118
-118
-121
-130
-139
-144
-142
-134
-126
-120
-110
-95
-74
-53
-33
-14
13
43
70
91
101
110
122
131
132
124
109
98
91
74
42
4
-29
-50
-60
-70
-84
-92
-95
-93
-86
-79
-71
-56
-45
-35
-20
-2
15
27
30
26
26
24
12
-2
-15
-19
-20
-25
-41
-55
-55
-48
-42
-43
-48
-43
-21
4
23
40
60
85
116
137
150
165
179
190
193
187
178
169
151
124
87
49
17
-15
-51
-91
-125
-150
-167
-187
-212
-231
-238
-233
-226
-225
-223
-212
-195
-176
-155
-133
-107
-81
-56
-33
-9
17
39
60
82
100
117
131
144
160
175
182
190
196
205
213
215
211
206
198
185
169
150
127
100
74
45
16
-9
-35
-57
-79
-107
-135
-159
-180
-198
-216
-232
-239
-241
-240
-238
-236
-229
-216
-199
-178
-155
-133
-97
-58
-17
15
47
85
129
169
195
210
226
244
261
270
268
259
250
238
227
208
180
149
120
91
62
23
-19
-50
-71
-88
-108
-129
-147
-156
-163
-170
-181
-189
-189
-185
-177
-176
-176
-170
-164
-161
-160
-160
-153
-142
-133
-116
-90
-62
-30
1
31
65
102
136
168
199
225
249
277
298
314
324
323
320
306
284
258
229
197
161
124
82
42
-2
-45
-83
-119
-157
-194
-225
-254
-280
-303
-323
-336
-344
-345
-346
-340
-330
-314
-292
-269
-242
-213
-187
-155
-119
-75
-26
21
71
117
163
208
252
290
325
353
375
394
403
402
394
380
359
331
298
264
227
188
144
104
62
18
-24
-61
-94
-123
-155
-188
-217
-248
-270
-286
-292
-295
-299
-302
-296
-287
-272
-257
-242
-227
-208
-183
-156
-134
-109
-85
-54
-22
11
47
85
121
156
193
229
263
290
308
326
340
345
342
333
316
291
258
217
174
133
91
47
9
-32
-70
-109
-144
-172
-194
-212
-230
-241
-245
-247
-246
-244
-237
-224
-210
-197
-179
-157
-133
-107
-81
-57
-28
-5
18
36
51
66
79
88
96
106
114
122
127
132
141
147
154
162
167
170
170
165
160
151
143
133
119
95
70
48
25
-1
-38
-73
-107
-138
-173
-207
-237
-261
-283
-297
-302
-297
-284
-269
-246
-218
-182
-144
-104
-60
-10
41
95
141
187
231
266
292
306
310
307
300
283
260
230
197
159
123
89
56
24
-11
-42
-68
-85
-101
-118
-131
-140
-142
-141
-143
-149
-147
-141
-142
-143
-142
-138
-130
-125
-119
-108
-96
-89
-77
-55
-31
-13
7
31
56
77
91
108
131
145
152
161
174
183
187
181
176
170
159
140
120
96
71
45
17
-14
-45
-71
-93
-111
-131
-147
-156
-159
-161
-161
-157
-153
-144
-140
-137
-131
-124
-113
-101
-93
-88
-75
-62
-45
-24
0
29
61
84
107
135
161
183
202
215
221
229
230
225
219
208
196
183
163
140
116
89
62
31
2
-27
-53
-82
-110
-137
-161
-181
-199
-215
-230
-241
-249
-252
-254
-252
-249
-242
-234
-221
-202
-176
-149
-117
-86
-55
-19
19
58
101
143
178
212
244
271
295
315
324
329
329
318
306
284
258
228
189
149
113
78
46
13
-21
-52
-79
-109
-135
-157
-180
-199
-218
-232
-241
-245
-250
-255
-257
-257
-253
-248
-241
-225
-204
-181
-155
-128
-93
-58
-27
4
34
69
103
132
162
193
222
245
261
273
281
280
272
255
231
207
181
150
118
86
57
30
-1
-31
-55
-75
-93
-107
-123
-131
-135
-135
-130
-126
-124
-120
-110
-104
-102
-101
-94
-88
-84
-82
-78
-69
-63
-58
-57
-51
-45
-35
-27
-16
-2
15
37
58
80
104
126
150
168
183
194
202
208
210
206
202
195
182
161
133
104
74
37
-1
-37
-75
-108
-142
-173
-197
-217
-236
-249
-253
-253
-244
-232
-216
-196
-174
-151
-128
-100
-68
-35
-8
17
42
67
87
99
108
120
132
135
135
137
147
152
148
140
136
134
128
117
106
100
89
77
62
46
33
25
13
-8
-28
-44
-56
-70
-89
-105
-110
-114
-121
-132
-134
-131
-126
-122
-120
-111
-98
-87
-82
-80
-72
-62
-49
-39
-27
-9
7
24
40
52
67
79
84
91
95
95
98
104
104
103
101
100
97
92
83
74
61
50
39
30
25
17
10
6
-3
-13
-21
-27
-32
-39
-49
-52
-53
-51
-52
-57
-59
-62
-71
-77
-83
-91
-96
-101
-105
-104
-102
-93
-79
-64
-51
-36
-21
-4
15
32
48
66
83
96
108
119
126
133
137
132
127
122
113
105
96
83
73
55
35
16
-3
-24
-41
-58
-68
-77
-84
-88
-86
-81
-75
-65
-52
-35
-25
-13
-5
4
8
5
4
5
4
-2
-6
-11
-11
-15
-22
-26
-30
-30
-29
-31
-34
-31
-24
-21
-22
-23
-16
-7
-2
-1
3
14
22
27
31
38
44
48
47
43
42
43
41
35
24
16
9
1
-10
-18
-21
-24
-28
-30
-32
-32
-30
-26
-21
-19
-19
-17
-14
-12
-13
-12
-11
-9
-12
-12
-12
-6
-4
-7
-3
1
4
9
15
25
30
31
32
34
36
36
