SAMPLES:	8971
BITSPERSAMPLE:	16
CHANNELS:	1
SAMPLERATE:	16000
NORMALIZED:	FALSE
1
1
0
0
0
1
0
0
0
0
0
0
0
0
0
0
0
0
0
0
0
0
-1
0
0
0
0
0
-1
0
0
0
0
0
-1
-1
0
0
-1
0
0
0
-1
0
0
0
0
0
0
0
0
0
-1
0
-1
0
0
-1
0
0
0
0
-1
0
-1
-2
1
1
1
-1
2
-5
-1
0
2
2
-2
8
1
-4
6
4
-7
-9
1
14
0
-6
9
11
1
0
-9
-10
6
5
-7
-3
27
-4
-17
11
4
-17
-12
21
38
-7
-22
9
16
-38
-36
17
-13
-9
-1
40
26
-9
-26
6
28
-37
-35
-26
5
19
7
25
-1
12
49
24
-10
-40
-3
32
25
-50
-7
32
-17
5
40
39
-22
-11
75
-34
-123
-7
-4
71
-52
-40
117
16
-31
21
134
-108
-185
25
84
48
-316
-49
141
102
41
-220
154
174
-18
-110
-33
53
-206
-45
247
-69
-199
-21
220
63
-71
28
68
171
-160
-74
-45
-153
108
115
-136
-53
164
219
-52
-216
53
205
21
-323
-130
281
253
-99
-425
-48
459
146
-376
-201
373
274
86
-210
-427
39
227
36
-550
-322
728
433
-348
-529
337
596
-349
-584
6
746
169
-455
-208
446
103
-632
-355
-63
337
-155
90
382
375
-127
-453
263
31
-171
-194
-7
246
164
-123
27
71
49
-257
48
172
-72
119
-137
66
3
-18
-94
142
-79
93
356
-77
189
-362
-366
204
184
-92
-569
-12
791
53
-628
-148
775
371
-471
-104
389
385
-565
-574
235
148
-543
-240
495
32
-85
91
300
90
-288
-42
186
297
-255
-484
194
264
-83
-429
-11
357
201
-119
2
625
37
-409
-147
-251
-269
-71
100
34
109
342
125
416
-135
-607
-372
32
45
-413
-319
193
807
408
-212
-379
216
254
-560
-310
-285
189
342
-124
152
96
68
101
302
69
-459
-556
545
154
-983
-554
10
801
475
-472
280
896
383
-367
-186
220
-506
-431
-213
575
251
-671
625
811
96
-815
-90
743
112
-779
-93
545
338
-93
-386
8
-451
189
-428
350
304
-287
179
457
395
-620
-349
63
226
-203
-540
-266
492
432
-265
-521
45
339
92
24
-65
-493
374
787
-239
-549
-117
307
-293
-649
-675
329
54
-499
206
751
227
-382
264
247
172
-391
-114
189
47
314
-98
57
349
448
161
-196
-24
409
-279
-540
13
159
-27
57
441
88
-3
-252
204
-208
-660
-114
278
-161
-663
-4
499
309
-300
-103
611
651
-64
-393
172
212
-448
-398
-281
-88
-321
-324
262
279
-193
-291
420
470
-76
-369
6
491
200
-225
29
447
212
-221
-152
8
37
-19
-224
19
144
-246
-91
113
-207
-468
-327
24
-21
-292
-330
149
220
-64
-11
-10
219
218
182
214
225
267
52
52
60
104
-18
-91
115
-15
-262
-141
15
-171
-317
-278
-184
36
0
-105
117
360
354
133
44
103
177
233
196
111
162
39
-24
17
-95
-308
-276
56
11
-88
14
146
79
-196
-205
-137
-107
-123
-78
127
108
98
196
72
-159
-93
138
2
-182
-51
54
15
-256
-286
78
171
-97
-129
243
300
-7
-61
176
294
5
-166
176
311
126
-128
-44
250
170
-74
-35
127
41
-179
-52
93
-139
-224
-28
196
240
10
-34
274
251
37
-91
-76
29
-119
-239
-163
-57
-110
-212
-117
-227
-391
-268
-23
-153
-289
-219
-159
-245
-420
-346
-246
-142
-69
12
92
46
54
-25
-83
-42
-55
11
32
136
160
140
88
-73
-208
-169
-31
73
290
466
717
864
878
852
778
731
695
699
683
742
664
537
411
248
191
72
-79
-108
-108
-85
-134
-256
-388
-588
-771
-888
-819
-816
-859
-919
-880
-824
-991
-1039
-991
-981
-944
-914
-875
-740
-740
-877
-952
-914
-869
-832
-732
-502
-298
-172
73
345
687
1065
1483
1848
2082
2237
2431
2599
2624
2692
2827
2989
3021
2907
2638
2080
1217
101
-918
-1747
-2356
-2610
-2334
-1694
-1097
-645
-334
-200
-360
-738
-963
-959
-846
-753
-656
-599
-802
-1342
-2087
-2733
-3149
-3242
-3044
-2476
-1735
-1192
-809
-598
-628
-824
-1069
-1183
-1015
-589
112
998
1915
2641
3113
3363
3473
3498
3478
3668
4114
4665
5157
5490
5309
4294
2609
657
-1268
-3054
-4372
-4882
-4624
-3825
-2794
-1587
-475
136
234
158
220
363
652
1204
1745
1935
1592
828
-227
-1528
-2852
-3759
-4072
-4105
-3983
-3696
-3447
-3399
-3598
-3741
-3488
-2865
-1974
-823
527
1694
2417
2632
2406
1813
1040
407
114
254
681
1375
2227
3020
3600
3980
4349
4738
5150
5625
6376
7091
6891
5373
2875
22
-3008
-6067
-8342
-9071
-8255
-6621
-4509
-1924
625
2279
2747
2613
2294
1903
1615
1812
2497
2963
2750
1937
580
-1348
-3596
-5461
-6579
-7042
-7033
-6435
-5423
-4612
-4113
-3615
-2845
-1915
-934
382
2049
3486
4233
4385
4041
2978
1438
24
-859
-1166
-979
-230
903
1976
2743
3383
4125
4782
5412
6182
7189
8171
8268
6952
4403
1357
-2093
-5643
-8480
-9670
-9174
-7640
-5441
-2773
-62
1856
2743
2934
2754
2303
1907
2101
2819
3402
3421
2847
1650
-394
-3034
-5411
-7161
-8261
-8693
-8395
-7694
-6960
-6059
-4664
-2815
-1054
619
2533
4453
5669
5873
5382
4293
2525
378
-1365
-2237
-2470
-2138
-1125
351
1742
2831
3871
4846
5599
6159
6824
7670
8286
8156
6974
4669
1716
-1535
-4928
-7942
-9753
-9960
-8962
-7260
-4969
-2175
599
2557
3537
4083
4224
4015
3808
3947
4037
3580
2478
894
-1076
-3501
-6059
-8143
-9608
-10629
-11121
-10405
-8396
-5678
-2908
63
3173
5699
6909
7094
6723
5598
3728
1604
-98
-1360
-2392
-2977
-2878
-2453
-1996
-1242
75
1872
3663
5537
7492
9162
9880
9868
9773
9381
7745
4580
717
-2933
-6679
-10393
-12944
-13061
-11398
-8848
-5581
-1509
2448
5080
6201
6414
5881
4682
3501
3154
3281
3050
2124
824
-1136
-3914
-6884
-9153
-10623
-11597
-11904
-10658
-7856
-4342
-861
2645
5910
8043
8708
8141
6810
4800
2265
-88
-1889
-3147
-3998
-4294
-4014
-3541
-3069
-2275
-782
1178
3228
5395
7542
9268
10047
10164
10005
9646
9088
7829
5127
779
-4005
-8690
-13029
-16401
-17253
-15142
-10999
-5876
-152
5591
9841
11538
11019
9267
6895
4299
2256
1323
873
63
-1388
-3318
-5720
-8313
-10501
-11800
-12069
-11084
-8439
-4527
-288
3450
6563
8636
9234
8295
6484
4262
1828
-543
-2310
-3486
-4262
-4826
-5033
-4813
-4319
-3520
-2149
-54
2449
4834
6907
8535
9474
9579
8988
8225
7505
6951
6358
5064
2184
-2301
-7233
-11827
-15731
-18011
-17224
-13127
-7163
-798
5337
10631
13855
13990
11881
8821
5464
2264
67
-834
-1255
-2043
-3476
-5219
-7300
-9328
-10585
-10483
-9410
-7542
-4491
-385
3523
6127
7626
8309
7728
5601
2908
673
-1257
-3162
-4550
-4806
-4614
-4501
-4341
-3557
-2457
-1380
-53
2048
4574
6697
8025
8852
8979
8101
6481
4933
3937
3532
3497
2814
520
-3036
-6622
-10061
-13573
-15819
-14595
-10181
-4444
1409
7455
12658
15121
14230
11389
7833
3875
107
-2318
-3216
-3696
-4357
-4884
-5234
-6200
-7637
-8263
-7589
-6503
-5270
-2929
546
3849
5599
6455
6822
6075
3736
897
-1258
-2932
-4468
-5504
-5322
-4446
-3757
-3148
-2090
-951
-85
1024
2844
4853
6256
7074
7456
7001
5483
3569
2284
1706
1323
1424
2561
3557
2336
-1186
-4820
-7693
-10482
-12633
-11728
-7264
-1577
3488
8111
12060
13617
11941
8593
5092
1498
-2061
-4252
-4544
-4299
-4567
-5063
-5128
-5260
-5619
-5347
-3546
-1138
598
1476
2011
2277
1811
721
-346
-771
-870
-858
-797
-738
-1195
-1878
-2681
-3113
-3383
-3067
-2199
-767
610
1814
2842
3670
4148
4209
4181
3811
3133
2119
1373
933
1024
1475
2949
4736
5216
3058
-451
-3487
-6257
-9004
-10430
-8406
-4103
592
4375
7987
10433
10564
8091
4834
1672
-1053
-3105
-3727
-3229
-2899
-3102
-3346
-3296
-3319
-3079
-2122
-404
899
1240
832
237
-572
-1619
-2600
-3002
-2686
-2021
-1285
-636
-231
-325
-703
-1209
-1407
-1294
-730
146
1054
1650
1810
1746
1362
939
489
209
-42
-128
-34
573
1594
3008
4445
6340
8351
8955
6677
2406
-1965
-6376
-10691
-13349
-11917
-7494
-2117
2723
7521
10698
11009
8347
4934
1715
-877
-2394
-2041
-492
713
803
108
-1225
-3330
-5238
-5731
-4620
-2995
-1251
398
1328
427
-1691
-3565
-4174
-4274
-3700
-2095
622
2776
3743
3713
3128
1694
-295
-1902
-2518
-2449
-2219
-1745
-1226
-1021
-1400
-1568
-1257
-608
-48
960
2492
4347
5915
7227
8295
9151
9623
8492
5186
-95
-5150
-9838
-13394
-15155
-13129
-8271
-2064
3666
8681
12193
13219
11573
8491
5270
2257
-20
-1254
-1512
-2097
-3197
-4832
-6258
-7603
-7831
-6715
-4083
-1288
1250
2620
2651
1054
-766
-2111
-2749
-2848
-1923
-65
1672
2574
2474
1904
445
-1542
-3460
-4271
-4348
-3985
-3392
-2531
-1728
-1088
-454
362
1310
2119
2936
3684
4498
5065
5746
6392
6929
6845
6765
6731
5158
1160
-4046
-7923
-10933
-12845
-12767
-8780
-2890
3105
7983
12280
14722
14322
11541
7894
3884
-443
-3996
-6118
-7154
-8148
-8644
-8294
-7112
-5774
-3846
-1145
1741
3707
4277
3497
1600
-709
-2730
-3848
-4172
-3506
-2050
-290
778
808
157
-764
-2018
-3426
-4170
-3885
-2973
-2019
-941
115
958
1359
1660
2029
2455
2643
2811
2859
2974
3049
3484
4212
4866
5341
5804
6484
5644
2683
-1619
-4886
-7465
-9258
-9624
-6840
-2133
2866
7002
10449
12244
11483
8520
4492
176
-3971
-6994
-8275
-8086
-7239
-5827
-3997
-2198
-876
240
1393
2291
2493
1832
69
-2408
-4852
-6034
-6302
-5639
-4344
-1735
928
2882
3346
3141
2203
578
-1583
-3114
-3561
-3153
-2336
-1357
-374
180
483
589
857
1065
1542
2113
2896
3589
4473
5485
6414
6910
7163
7607
7414
5477
1333
-3038
-6697
-9546
-11604
-10977
-7134
-1811
3276
7342
10649
11545
10043
6241
2350
-1569
-4299
-5821
-5499
-4531
-3531
-2958
-2698
-2648
-2790
-2457
-1795
-770
-106
-10
-966
-2380
-3509
-3818
-3620
-2808
-949
1545
3382
3695
2898
1616
-39
-1994
-3633
-4204
-3866
-3153
-2407
-1653
-1145
-755
-346
411
1419
2718
4070
5283
6000
6287
6333
6284
6053
5613
5092
4883
4344
2362
-1474
-5535
-8800
-11025
-12045
-10409
-5848
75
5703
10070
13127
13475
11241
6734
1987
-2684
-5957
-7715
-7546
-6742
-5745
-4959
-4198
-3703
-3115
-1886
5
1963
3383
3953
3228
1116
-1461
-3331
-4222
-4387
-3619
-1633
394
1334
932
316
-654
-1854
-3236
-3523
-3031
-2075
-1236
-143
797
1372
1678
2222
2962
3531
3932
4129
4039
3623
3135
2972
3034
3338
3523
3948
4107
3086
173
-3596
-6753
-9052
-10020
-8984
-4878
538
5992
9915
12620
12755
10314
5566
359
-4434
-8020
-9735
-9440
-7635
-5504
-3147
-1202
390
1185
2069
2986
3862
3962
3416
2035
-476
-3849
-6738
-7792
-7327
-5792
-3432
-363
1971
2891
2455
1582
329
-951
-1714
-1500
-698
34
658
921
812
30
-452
-566
-16
506
1409
2170
2893
3298
3668
4159
4567
4880
4700
4859
4217
2539
-1104
-4361
-7096
-8440
-9060
-7212
-3389
1529
5796
8739
10251
9528
7097
2986
-776
-4163
-5674
-6142
-4877
-3486
-1743
-678
156
357
335
282
493
847
814
308
-1102
-3115
-5212
-6050
-5615
-4124
-2172
246
2291
3202
2877
2003
940
-189
-1241
-1767
-1847
-1714
-1851
-2041
-2351
-2471
-2172
-1044
622
2368
3698
4438
4612
4195
3674
3135
2984
2711
2709
2686
3160
3267
2264
-331
-3275
-5234
-6655
-7316
-6827
-3658
614
5069
8087
10197
10488
8866
5326
1137
-2483
-5173
-6239
-6119
-4775
-3544
-2052
-1180
-445
-570
-481
-136
721
1123
771
-267
-1988
-3876
-5306
-4907
-3514
-1557
102
1868
2598
2255
804
-712
-2112
-2991
-3214
-2632
-1688
-940
-493
-310
-328
-451
-82
925
2164
2973
3277
3140
2713
2007
1410
1169
1487
1908
2406
2971
4016
4496
3644
1221
-1140
-2896
-4065
-4759
-4114
-1552
1731
4821
6592
7558
6970
4957
1514
-1837
-4268
-5195
-4773
-3531
-2101
-1313
-875
-991
-1038
-1450
-1456
-1068
-163
286
-124
-1093
-2373
-3670
-4793
-4583
-3323
-1530
-196
1010
1823
1906
1027
-237
-1076
-1370
-1295
-1204
-1039
-1069
-1334
-1682
-1713
-1361
-596
611
2073
3237
3696
3573
3045
2341
1634
1188
1350
1980
3093
4127
5594
6657
6410
3765
281
-2654
-5090
-6917
-7412
-4846
-1005
3149
5545
6834
6223
4431
1362
-1547
-3360
-3861
-3268
-2437
-1378
-1204
-1459
-2346
-2796
-3074
-2757
-1960
-646
476
614
-132
-1355
-2320
-3037
-2910
-1932
-243
1119
1615
1148
194
-850
-1811
-2313
-2121
-1152
-257
177
-76
-534
-1095
-1230
-854
117
1298
2510
3314
3495
3007
2136
1138
427
375
1164
2545
4140
5528
6526
7083
6206
3526
-540
-3693
-6014
-7367
-8135
-6348
-2842
1298
4213
5741
6176
5402
3682
890
-1385
-2955
-3258
-3377
-2860
-2430
-2126
-2445
-2781
-2624
-2010
-1090
-108
956
1389
1017
22
-804
-1334
-1725
-1857
-1586
-798
-367
-422
-820
-742
-394
-301
-538
-730
-450
-375
-548
-1086
-1130
-836
-159
449
1157
1675
1872
1658
1183
726
351
351
671
1652
2885
4264
5181
5859
5581
4959
3876
2282
-856
-4138
-6068
-6733
-7032
-6598
-3758
183
4265
6494
7273
6130
4401
1910
-764
-2959
-3684
-3217
-2752
-2243
-2085
-1914
-2436
-2563
-2246
-1041
132
1362
2130
2242
1480
339
-646
-1613
-2333
-2932
-2761
-2203
-1306
-983
-914
-793
-197
-35
-444
-888
-563
41
190
-126
-384
-151
130
221
-47
-36
195
722
1124
1698
2190
2570
2539
2473
2556
2739
2820
2806
3094
3877
4219
2658
-574
-3441
-4938
-6029
-6671
-5706
-2264
1804
5194
6469
6220
4742
2844
454
-1777
-2847
-2832
-2195
-1934
-1584
-1715
-1908
-2386
-2060
-988
501
1643
2041
1765
477
-1041
-2490
-2838
-2627
-1806
-1206
-607
-284
-82
-284
-818
-988
-695
-96
-216
-443
-531
12
151
-63
-637
-847
-826
-584
-269
234
916
1598
2017
2021
1917
1709
1466
1082
1077
1298
1825
2332
2939
3395
4162
3930
1897
-1508
-3533
-4523
-5472
-6222
-4600
-962
2615
4933
5166
4352
2696
1471
-235
-1308
-1873
-1513
-1468
-1429
-1329
-1341
-1521
-1899
-1476
-777
157
417
502
80
-580
-1244
-1401
-911
-210
387
203
-504
-1357
-1734
-1810
-1616
-825
262
993
773
273
-157
-554
-1094
-1548
-1380
-662
412
1201
1580
1455
1172
791
477
352
388
406
223
398
1060
2279
3311
4153
4620
5239
5186
3372
-250
-3638
-5174
-6233
-6958
-6666
-3428
574
4064
5257
5089
4221
3106
1686
-164
-996
-1354
-1199
-1688
-1658
-1717
-1709
-2161
-2383
-1827
-1018
-135
126
401
108
-72
-205
368
1108
1663
1458
353
-975
-2145
-2479
-2392
-1571
-820
-5
361
596
244
-378
-1009
-1214
-1049
-759
-255
309
941
1006
758
200
60
106
347
272
136
111
438
973
1574
2243
2956
3428
3479
3376
3743
3329
1111
-2522
-4898
-5576
-5752
-5589
-4037
-230
3323
5577
5056
3693
1900
704
-707
-1694
-1511
-712
25
-417
-627
-1291
-1562
-2281
-1974
-1113
188
914
1077
913
365
123
41
626
898
1087
351
-596
-1723
-2130
-2248
-2068
-1770
-1083
-265
220
227
-29
-34
137
355
177
-98
-454
-581
-847
-969
-949
-485
-3
413
569
664
754
857
1080
1451
1992
2473
2861
3127
3395
3743
3045
629
-2612
-4344
-4755
-5063
-5111
-3477
-248
2585
4105
3686
2709
1706
1426
964
794
938
1002
416
-687
-1427
-2191
-2528
-2808
-2148
-1234
-1
894
1530
1705
1424
1215
1067
1194
981
676
-53
-893
-1921
-2636
-2598
-1915
-1128
-792
-383
228
791
639
-81
-738
-895
-776
-884
-1022
-824
-385
-305
-689
-1038
-961
-539
-167
43
172
424
730
979
1242
1536
1942
2316
2639
2774
3132
3287
2086
-747
-3334
-4082
-4158
-4421
-4174
-1725
1590
4058
4483
3507
2499
1981
1628
705
77
-151
-244
-975
-1517
-1594
-1219
-760
-244
606
1304
1766
1464
836
-159
-757
-915
-391
230
771
915
678
185
-520
-1310
-2146
-2453
-2378
-2155
-2060
-1545
-659
319
718
592
-25
-644
-1185
-1544
-1836
-2055
-2138
-1931
-1257
-404
335
549
627
804
1242
1389
1252
1058
1153
1472
1902
2460
3228
4100
3603
1226
-1694
-2935
-3335
-3942
-3985
-1923
1133
3016
3229
2130
1219
886
1195
1201
1311
1817
2069
1547
550
-15
-609
-1148
-1610
-1211
-474
171
388
327
240
9
62
239
613
630
348
-302
-850
-1096
-1200
-1438
-1661
-1608
-1636
-1960
-2060
-1495
-694
-402
-593
-946
-1143
-1090
-916
-781
-676
-445
-289
-234
-293
-284
-483
-769
-1057
-1009
-711
-301
163
610
1190
1796
2634
3253
3790
4166
4674
4456
2725
-17
-2164
-2744
-3284
-3808
-3497
-1133
1247
2356
1947
1044
875
1328
2183
2276
2437
2380
2175
1373
668
124
-543
-1094
-1654
-1415
-1081
-522
-500
-557
-826
-876
-451
151
451
154
-73
-267
-264
-544
-904
-1300
-1302
-1492
-2205
-2986
-2734
-1857
-1391
-1506
-1349
-605
-51
-197
-986
-1513
-1507
-1146
-1087
-1120
-898
-342
111
144
80
237
773
1275
1777
2313
2843
3160
3374
3613
3825
4108
3500
1461
-1192
-2359
-2710
-3493
-4149
-2869
-271
1578
2415
2200
1968
2057
2977
3423
3211
2795
2337
1640
707
171
-522
-1110
-1832
-1919
-1632
-1111
-926
-1245
-1646
-1925
-1609
-1079
-497
-324
-118
145
443
496
341
134
-144
-616
-1644
-2805
-3547
-3675
-3552
-3046
-1978
-757
-181
-425
-1003
-1353
-1231
-823
-516
-446
-325
62
443
562
481
480
644
935
1316
1567
1686
1823
2194
2605
2974
3419
4038
4762
4187
1893
-861
-1675
-1779
-2779
-3709
-2442
122
1356
1514
1103
1279
2038
3549
4091
3284
2199
1326
676
-192
-505
-1204
-1763
-2508
-2548
-2334
-1823
-1398
-1297
-1230
-1248
-780
-371
6
-95
42
139
181
-43
-262
-509
-920
-1321
-2171
-3308
-4144
-3714
-2903
-2453
-2134
-1290
-251
163
158
-86
24
336
600
330
-126
-111
279
675
568
453
419
844
1232
1737
2262
2778
3097
3160
3174
3278
3839
3616
1962
-227
-735
-824
-2019
-3374
-2491
-238
1188
1463
880
464
839
2352
3052
2465
1495
1104
963
735
486
-354
-1327
-2231
-2293
-2068
-1680
-1678
-1947
-2148
-1991
-1216
-399
78
-61
-8
179
223
-127
-524
-864
-1142
-1305
-1566
-2052
-2489
-2516
-2229
-1772
-1226
-803
-744
-958
-1101
-963
-563
-69
325
634
836
973
1004
860
653
555
582
510
512
639
901
1323
1947
2583
3038
3539
3889
4161
4254
3280
704
-1674
-1795
-1391
-2104
-2741
-1321
450
945
651
290
385
1145
2392
2338
1233
360
386
525
406
174
-551
-1142
-1699
-1574
-1550
-1362
-1485
-1664
-1949
-2108
-1710
-1089
-555
-430
3
294
329
56
-117
-384
-661
-895
-1456
-2245
-2568
-2248
-1961
-1833
-1457
-912
-671
-766
-761
-553
-73
398
634
458
323
477
803
1010
1030
910
749
768
926
1142
1393
1895
2484
2773
2795
2880
3480
4001
3237
1141
-318
-151
-420
-1923
-2774
-1374
157
391
-206
-756
-799
79
1545
1766
981
399
733
1075
1123
930
295
-330
-898
-915
-1102
-1221
-1735
-2291
-2873
-3012
-2497
-1662
-931
-531
34
487
710
591
494
384
291
186
-348
-1468
-2585
-2815
-2375
-2133
-2341
-2313
-1624
-853
-462
-437
-263
156
826
1215
1026
644
703
1153
1317
1003
458
174
468
1115
1613
1726
1904
2188
2526
2860
3343
4006
3920
2311
-148
-870
-249
-733
-2544
-2743
-954
-25
-439
-1076
-1016
-472
1163
2502
2097
790
356
993
1380
1531
912
-181
-1289
-1598
-1367
-1373
-1521
-1907
-2117
-2284
-1866
-1123
-444
-447
-585
-351
3
85
-140
-310
-370
-167
-23
-281
-865
-1213
-1226
-1260
-1580
-2048
-2275
-2195
-1894
-1444
-878
-563
-457
-8
812
1412
1573
1637
1673
1504
1160
697
236
137
444
777
1089
1543
2064
2376
2676
2872
3197
3613
3174
1080
-500
21
371
-1429
-2753
-1348
90
-257
-1059
-1097
-947
-95
1352
1616
629
205
1003
1514
1529
1140
429
-431
-801
-543
-600
-1124
-1994
-2521
-2646
-2306
-1644
-985
-895
-1191
-1064
-439
113
328
471
406
108
-242
-516
-904
-1338
-1577
-1517
-1569
-2046
-2504
-2142
-1182
-605
-775
-1107
-948
-97
1019
1474
1182
904
1169
1574
1640
1262
818
765
1173
1460
1503
1484
1550
1651
1992
2352
2859
3504
3250
1269
-295
472
1141
-645
-2434
-1506
-130
-400
-1211
-1302
-1134
-257
1213
1490
327
-270
521
1261
1354
1000
335
-390
-498
78
357
-159
-1218
-1992
-2311
-2250
-2041
-1877
-2093
-2268
-1789
-912
-313
46
470
701
515
300
128
-195
-578
-1138
-1911
-2401
-1971
-1677
-2010
-2218
-1260
-201
107
-248
-268
377
1262
1585
1053
378
323
1019
1511
1288
643
440
806
1419
1859
2068
2045
2178
2666
3109
3312
3036
1891
21
-375
579
329
-1812
-2559
-975
-23
-562
-1159
-995
-779
158
1104
773
-297
-229
845
1338
1229
738
142
-255
92
571
195
-815
-1761
-2099
-2109
-1874
-1649
-1621
-2036
-2198
-1591
-610
-91
-8
-57
-146
-145
79
238
11
-258
-583
-1118
-1700
-1557
-1070
-1119
-1662
-1442
-348
462
234
-363
-388
233
958
975
400
33
536
1256
1515
1124
837
1019
1738
2403
2585
2433
2416
2851
3142
3147
2171
667
-522
-120
-84
-1518
-2879
-1788
-262
-582
-1543
-1597
-949
-362
565
672
-20
-109
1018
1801
1531
1077
569
132
-22
307
211
-500
-1324
-1784
-1786
-1524
-1128
-1058
-1402
-1807
-1490
-707
-208
-321
-488
-641
-668
-347
128
110
-315
-632
-912
-1174
-963
-313
-180
-628
-830
-287
253
282
-224
-623
-619
-267
-52
-237
-398
1
851
1372
1180
776
930
1525
2007
2013
1840
1698
1891
2181
2494
2695
2397
986
-417
-54
842
-433
-2834
-2734
-580
143
-1027
-1914
-1721
-900
334
884
-56
-884
-81
1337
1731
1359
780
335
395
1082
1525
1013
46
-730
-1002
-1103
-1142
-1305
-1608
-1960
-2050
-1681
-1285
-1062
-924
-700
-481
-114
307
322
60
-74
-7
-83
-189
-212
-227
-253
-385
-738
-1078
-961
-646
-796
-1185
-1205
-770
-351
-35
223
414
665
937
1165
1236
1392
1549
1570
1469
1467
1718
1948
2104
2244
2335
1507
332
298
1188
272
-1956
-2209
-146
508
-1018
-2175
-1901
-1070
-131
421
-443
-1222
-218
1664
2148
1581
1084
906
1078
1763
2185
1494
345
-428
-780
-1041
-1185
-1309
-1705
-2290
-2543
-2236
-1683
-1333
-1181
-1069
-812
-391
57
184
-41
-98
17
-74
-486
-574
-323
-320
-772
-1059
-808
-411
-429
-857
-1077
-687
-102
-30
-427
-607
-293
219
505
548
627
1038
1616
1941
2023
1999
2186
2497
2948
2979
2293
1183
741
1263
1125
-500
-1924
-1120
183
-240
-1764
-2301
-1724
-824
-33
-113
-827
-730
771
1973
1884
1281
918
916
1366
2026
1858
693
-453
-766
-631
-703
-998
-1478
-2046
-2507
-2372
-1861
-1495
-1474
-1465
-1329
-1145
-765
-416
-328
-437
-393
-264
-300
-356
-307
-224
-358
-501
-558
-472
-379
-318
-327
-461
-571
-530
-183
201
353
136
-44
179
771
1176
1179
1150
1466
2010
2315
2386
2346
2492
2692
2642
1879
1158
1283
1266
-42
-1387
-727
314
-229
-1658
-1992
-1488
-779
-106
-267
-1056
-978
501
1453
1150
548
393
589
1085
1596
1199
136
-624
-657
-596
-777
-1060
-1350
-1641
-1794
-1581
-1270
-1231
-1476
-1605
-1560
-1502
-1360
-1218
-1170
-1241
-1171
-1027
-872
-621
-217
157
161
-53
-21
567
923
475
-330
-437
91
458
307
-135
-339
-92
567
922
846
553
737
1339
2030
2219
2044
1985
2404
2979
2800
1874
1161
1590
1617
350
-932
-343
506
-18
-1276
-1699
-1340
-664
-61
-424
-1366
-1416
-163
678
492
47
-50
152
664
1248
1132
364
-289
-353
-264
-360
-654
-962
-1255
-1406
-1332
-1170
-1245
-1512
-1776
-1888
-1853
-1683
-1466
-1397
-1407
-1367
-1158
-875
-384
188
449
102
-145
289
946
890
302
-124
-110
141
311
181
-198
-202
191
566
603
606
747
930
1176
1554
1918
2115
2241
2549
2794
2599
1789
1292
1547
1596
479
-530
101
907
214
-1302
-1688
-1207
-478
-142
-696
-1769
-1731
-243
687
308
-424
-477
-113
553
1088
888
138
-340
-233
-19
72
-138
-620
-1218
-1441
-1181
-842
-961
-1558
-2076
-2131
-1807
-1422
-1328
-1541
-1742
-1481
-930
-567
-476
-318
48
112
-48
54
712
1059
665
-58
-278
157
693
626
-118
-498
90
980
1137
671
425
807
1507
1963
1951
1829
1922
2344
2692
2524
1515
798
1173
1521
565
-302
413
1030
41
-1238
-1091
-621
-507
-567
-899
-1634
-1501
-269
333
-187
-734
-543
-223
251
680
602
66
-169
77
195
131
5
-194
-748
-1211
-1197
-873
-954
-1501
-2001
-2092
-1861
-1491
-1274
-1420
-1589
-1331
-814
-619
-652
-563
-360
-280
-109
193
411
353
299
226
171
263
543
585
282
130
428
934
1107
982
767
1027
1607
2132
2084
1829
1907
2382
2511
1660
788
864
1265
655
-48
350
781
104
-726
-511
-251
-382
-594
-928
-1508
-1406
-435
-65
-507
-838
-575
-299
108
600
627
219
19
281
416
288
57
-94
-310
-484
-531
-599
-909
-1378
-1690
-1791
-1777
-1688
-1623
-1667
-1539
-1187
-1008
-1203
-1180
-810
-614
-707
-550
-91
121
25
-87
-17
245
619
723
343
101
474
1178
1377
1065
774
945
1529
2053
2129
1765
1599
2034
2540
2207
1152
798
1292
1172
75
-292
572
709
-249
-936
-510
-139
1
-338
-1207
-1780
-1013
197
26
-850
-1274
-762
-118
549
616
122
-169
207
800
815
512
81
-240
-518
-456
-267
-374
-971
-1550
-1693
-1565
-1424
-1393
-1577
-1840
-1721
-1268
-1120
-1362
-1412
-1344
-1298
-982
-285
-9
-334
-519
-172
334
589
543
231
195
644
1156
1231
1110
1266
1683
2104
2237
2150
2029
1977
2135
2291
2032
1187
829
1298
1269
127
-596
195
731
119
-757
-755
-477
-123
-8
-632
-1488
-1363
-247
129
-478
-1118
-1065
-655
-76
465
453
103
68
552
854
680
360
83
-168
-392
-414
-470
-755
-1148
-1420
-1543
-1641
-1547
-1481
-1471
-1705
-1867
-1749
-1298
-1133
-1548
-1688
-1092
-310
-340
-629
-652
-107
457
715
418
89
460
1232
1631
1264
1044
1311
1959
2374
2472
2400
2315
2481
2540
2193
1482
1363
1515
974
39
104
920
617
-600
-1321
-990
-633
-528
-932
-1751
-2006
-1065
6
-228
-942
-1086
-535
-8
401
465
74
-201
78
621
739
570
317
22
-208
-84
207
96
-374
-861
-1090
-1108
-999
-1087
-1534
-1977
-2049
-1803
-1597
-1471
-1626
-1926
-1856
-1151
-528
-552
-800
-728
-243
291
637
574
442
663
1245
1666
1614
1465
1510
1860
2126
2281
2127
2143
2363
2433
2027
1850
2071
1552
523
382
1347
1080
-269
-1103
-789
-621
-634
-896
-1719
-2241
-1478
-326
-589
-1346
-1441
-900
-482
-42
156
-116
-260
194
762
766
533
493
555
422
235
213
172
-99
-466
-681
-761
-806
-814
-1037
-1530
-1986
-1919
-1611
-1564
-1954
-2277
-2005
-1309
-835
-1007
-1273
-1037
-308
182
145
-148
-40
556
1236
1444
1291
1253
1606
2114
2379
2417
2307
2474
2512
2291
1784
1916
1936
1270
526
891
1423
689
-196
-414
-135
-386
-474
-995
-1694
-1886
-1180
-811
-1236
-1371
-1176
-917
-771
-241
28
-55
-108
111
371
482
695
732
496
198
295
568
500
175
-154
-359
-532
-551
-680
-1111
-1518
-1546
-1422
-1534
-1800
-1972
-1834
-1511
-1425
-1596
-1575
-1061
-545
-349
-451
-477
-210
334
715
662
588
846
1422
1767
2035
2121
2360
2650
2815
2405
2040
2401
2442
1517
572
1152
1559
896
-191
-410
-441
-378
-187
-717
-1736
-1998
-1048
-643
-1005
-1384
-1336
-1157
-637
-21
-77
-446
-353
225
547
583
641
586
384
318
613
752
435
-3
-225
-297
-363
-293
-434
-840
-1226
-1330
-1425
-1516
-1499
-1611
-1809
-1760
-1355
-1150
-1154
-1174
-935
-687
-464
-281
-51
162
313
551
773
951
1098
1385
1549
1823
2031
2073
1773
1998
2298
2035
1387
1468
1859
1453
765
316
273
-3
3
-428
-1198
-1719
-1276
-834
-1084
-1459
-1578
-1343
-956
-293
-75
-336
-500
-19
627
832
681
436
306
376
620
747
518
301
226
177
-24
-75
-163
-480
-932
-1228
-1243
-1102
-1030
-1494
-1839
-1570
-915
-879
-1161
-1276
-959
-558
-334
-328
-389
-93
310
743
947
1099
1154
1385
1737
1857
1666
1304
1316
1395
1252
904
1039
1323
1050
475
210
423
465
339
-205
-836
-1045
-627
-354
-803
-1309
-1472
-1233
-950
-625
-580
-695
-612
-298
81
251
427
461
471
410
511
711
826
726
477
285
252
384
256
-277
-870
-981
-754
-818
-1420
-1790
-1581
-1204
-1157
-1152
-1168
-1090
-757
-285
-161
-135
238
642
783
948
1387
1764
1855
1667
1526
1725
2024
1671
898
726
1287
1362
616
-213
-354
-102
139
-169
-954
-1492
-1225
-616
-597
-1086
-1561
-1465
-959
-333
-158
-462
-684
-387
165
354
263
98
71
132
348
489
446
343
344
392
298
241
207
175
-205
-572
-662
-436
-548
-941
-1152
-1045
-849
-796
-735
-936
-902
-680
-226
-154
-62
68
361
709
1168
1673
1578
1282
1336
2191
2219
1462
904
1314
1360
932
577
226
-141
-155
185
-365
-1127
-1259
-833
-943
-1258
-1396
-1551
-1561
-1183
-671
-720
-940
-772
-333
3
170
367
341
283
414
731
766
611
609
596
444
287
413
238
-188
-480
-347
-385
-629
-720
-714
-753
-809
-579
-495
-443
-399
-299
-286
-146
193
307
374
397
805
1099
1174
943
1086
1471
1339
1067
1049
1297
897
685
571
451
164
264
139
-558
-901
-763
-625
-933
-1006
-1137
-1373
-1356
-960
-690
-831
-887
-814
-616
-372
-103
-3
-189
-190
9
346
374
366
304
257
228
362
569
377
79
-141
40
15
-84
-211
-141
-223
-394
-307
-59
120
-76
-116
-107
231
529
595
248
255
792
944
606
568
1140
1010
549
606
1023
742
427
411
120
-247
49
331
-325
-911
-748
-486
-597
-648
-807
-1229
-1264
-701
-325
-550
-847
-773
-557
-300
-127
-111
-418
-573
-371
-23
2
-96
-100
-147
-184
3
284
99
-237
-244
-11
-100
-206
-64
115
-62
-195
-45
242
425
531
471
437
822
1335
1427
1185
1289
1389
1286
1203
1446
1188
543
378
800
723
183
-67
-197
-364
-323
-157
-660
-1161
-1109
-825
-978
-1111
-1097
-1200
-1253
-975
-617
-581
-599
-471
-274
-196
-79
65
78
-130
-226
-101
34
11
-60
-210
-396
-371
-160
-211
-557
-689
-554
-552
-642
-469
-236
-262
-343
-165
101
303
494
641
663
802
1147
1422
1569
1664
1551
1387
1597
1884
1540
1038
1045
1154
801
564
507
188
-166
-59
-78
-556
-878
-885
-988
-1137
-1113
-1218
-1426
-1385
-1066
-913
-911
-886
-789
-645
-473
-289
-233
-235
-240
-87
4
3
-44
-63
-123
-196
-118
-285
-622
-706
-268
-284
-728
-842
-322
29
-77
-208
-245
21
423
728
461
305
607
1210
1473
1201
798
1019
1696
1684
1090
956
1277
1184
927
856
527
101
274
437
-110
-634
-470
-389
-583
-651
-652
-946
-1001
-698
-536
-640
-704
-628
-616
-461
-312
-200
-357
-474
-389
-152
-42
-133
-209
-434
-521
-431
-313
-598
-757
-654
-746
-910
-678
-213
-338
-559
-550
-166
202
524
491
312
503
1058
1540
1604
1364
1100
1284
1768
1669
1079
862
1172
1065
709
480
155
-162
-92
34
-568
-965
-835
-629
-793
-757
-757
-945
-950
-583
-273
-277
-335
-346
-226
-33
224
362
248
-19
-51
162
162
-49
-218
-416
-698
-664
-429
-585
-917
-1004
-874
-910
-786
-762
-872
-936
-523
-150
-92
-35
324
809
1070
1339
1301
1183
1195
1699
1664
1159
867
1183
1241
1029
871
555
171
181
463
160
-397
-674
-616
-584
-502
-626
-961
-1175
-951
-618
-437
-564
-692
-629
-278
-36
120
103
-16
-28
203
392
304
270
146
-73
-236
-31
-56
-368
-612
-598
-640
-692
-671
-704
-698
-542
-391
-384
-170
213
517
640
861
839
712
829
1291
1145
706
645
932
770
556
559
312
-38
-11
138
-221
-495
-495
-461
-588
-584
-630
-767
-792
-621
-414
-339
-429
-431
-275
-43
141
342
291
124
209
545
671
480
254
100
156
217
48
-354
-497
-471
-434
-449
-524
-690
-627
-278
-121
-108
-19
253
437
792
967
829
598
833
1095
924
667
663
719
458
342
254
97
-170
-195
-328
-624
-796
-767
-826
-948
-1020
-1113
-1183
-1040
-783
-587
-531
-505
-436
-208
64
216
265
267
289
371
485
467
379
327
222
74
63
183
139
-68
-162
-132
-27
76
227
164
104
249
643
824
793
841
918
827
711
934
957
618
352
569
647
384
129
-13
-220
-355
-294
-477
-880
-1125
-1053
-998
-1055
-1209
-1334
-1379
-1259
-1038
-785
-707
-782
-755
-498
-246
-134
10
122
169
158
233
346
475
461
277
164
242
388
355
283
91
87
193
355
242
175
354
688
950
979
1054
1091
1081
979
1089
1152
881
631
714
859
675
523
461
275
45
-12
-85
-460
-780
-934
-991
-1154
-1270
-1389
-1514
-1639
-1578
-1338
-1205
-1297
-1353
-1211
-990
-786
-609
-594
-572
-297
34
83
55
181
364
427
493
487
478
503
652
744
713
545
498
769
1042
1076
1010
1124
1164
1118
1026
1031
952
746
589
582
621
541
493
406
247
28
-45
-109
-233
-376
-514
-662
-775
-802
-822
-900
-999
-1042
-994
-935
-939
-947
-883
-795
-771
-771
-830
-761
-631
-490
-583
-655
-653
-476
-378
-336
-371
-337
-193
37
227
343
444
595
842
1155
1408
1512
1569
1622
1557
1427
1449
1401
1158
892
877
814
695
512
295
19
-132
-190
-316
-492
-699
-821
-826
-724
-780
-921
-974
-939
-835
-717
-634
-640
-540
-433
-334
-286
-236
-323
-381
-293
-187
-213
-327
-419
-460
-373
-322
-310
-311
-273
-284
-220
-20
189
310
480
691
934
1206
1352
1328
1279
1343
1300
1179
1068
950
765
670
613
395
119
-81
-217
-370
-461
-638
-841
-968
-1026
-1104
-1138
-1152
-1203
-1128
-885
-711
-636
-549
-438
-385
-252
-124
-116
-104
-18
70
88
93
37
33
101
121
40
-16
-24
-73
-1
130
218
203
360
603
828
979
1055
1072
1092
1206
1156
1102
1045
1016
895
870
791
616
397
228
38
-125
-246
-413
-614
-733
-901
-1065
-1159
-1209
-1316
-1291
-1157
-1141
-1177
-1123
-1046
-1045
-968
-897
-868
-796
-634
-493
-365
-199
-84
2
104
223
295
365
434
515
616
719
810
940
1048
1103
1182
1294
1291
1122
950
782
669
523
433
418
425
320
199
238
191
-27
-243
-235
-237
-258
-256
-267
-333
-379
-379
-336
-275
-272
-333
-269
-222
-260
-354
-411
-579
-727
-744
-702
-711
-763
-792
-803
-757
-740
-752
-754
-720
-637
-445
-213
-72
50
269
536
735
931
1074
1161
1246
1332
1284
1169
1123
1105
1066
1031
934
758
558
382
218
54
-129
-324
-464
-563
-606
-664
-698
-746
-752
-724
-619
-501
-433
-393
-359
-280
-242
-234
-249
-244
-214
-172
-149
-168
-191
-181
-160
-173
-190
-202
-219
-215
-181
-114
-27
48
111
175
288
391
483
507
495
444
486
561
612
567
588
632
662
598
567
515
344
198
195
228
57
-190
-393
-456
-504
-593
-740
-810
-804
-793
-759
-686
-692
-738
-689
-531
-431
-347
-269
-165
-108
-30
-1
37
70
120
166
248
334
334
313
301
336
349
398
402
370
348
310
251
196
180
153
156
207
283
348
420
472
499
508
542
548
547
471
382
343
308
185
4
-120
-224
-332
-463
-585
-697
-746
-760
-753
-775
-853
-896
-832
-740
-764
-797
-735
-633
-573
-490
-412
-323
-194
-31
82
177
254
347
473
640
730
728
736
730
752
770
752
630
514
407
342
361
386
334
229
199
171
154
105
46
-28
-42
-54
-36
-11
-54
-179
-246
-247
-244
-231
-217
-210
-204
-181
-174
-147
-190
-270
-317
-263
-223
-244
-257
-281
-275
-262
-211
-207
-202
-194
-147
-79
-51
-64
-84
-39
-13
26
43
71
85
150
165
127
115
180
260
288
264
239
245
285
279
220
148
93
48
63
131
133
71
-39
-107
-116
-96
-127
-194
-265
-290
-253
-182
-146
-169
-202
-152
-94
-44
-15
31
68
101
155
230
318
341
334
332
355
343
303
235
188
157
101
37
11
-6
-74
-130
-140
-124
-82
-74
-78
-77
-44
-28
-5
-31
-79
-91
-58
-42
-100
-192
-297
-350
-362
-377
-439
-522
-578
-564
-483
-450
-471
-496
-426
-302
-172
-84
3
63
164
295
416
501
549
571
608
666
733
731
667
594
551
526
441
305
161
64
0
-36
-71
-127
-207
-213
-129
-58
-38
-33
6
78
120
136
156
178
168
154
149
157
117
45
-53
-130
-177
-235
-338
-466
-522
-563
-577
-627
-643
-658
-641
-583
-543
-513
-486
-358
-257
-173
-147
-79
24
117
205
249
294
319
414
472
516
466
424
426
444
415
363
333
303
276
239
233
207
186
182
171
109
76
71
57
17
-11
-61
-109
-106
-89
-122
-174
-196
-201
-198
-189
-198
-185
-149
-137
-148
-102
-60
-75
-89
-47
-8
9
-10
-17
-54
-72
-118
-122
-137
-149
-184
-190
-164
-146
-146
-128
-100
-118
-85
-20
55
69
79
111
184
220
267
294
327
319
306
302
320
294
202
130
110
98
110
65
-71
-193
-211
-236
-276
-339
-379
-342
-279
-288
-294
-236
-191
-198
-166
-81
-12
48
84
139
142
207
257
316
300
244
283
336
372
271
222
164
166
91
78
62
52
21
23
42
57
72
20
22
17
55
48
72
28
-17
-46
-56
-70
-109
-158
-211
-230
-266
-331
-392
-393
-444
-506
-499
-481
-446
-412
-415
-391
-337
-259
-183
-138
-134
-69
27
134
164
202
272
367
409
441
445
429
461
472
433
363
358
343
359
350
337
299
274
279
299
276
210
194
210
216
164
122
92
92
43
12
-46
-103
-105
-153
-251
-351
-371
-410
-458
-521
-569
-614
-639
-660
-629
-590
-547
-559
-522
-446
-347
-316
-287
-232
-151
-48
31
119
142
203
263
365
429
422
393
418
494
466
456
435
452
437
440
458
471
421
364
372
324
255
232
239
203
157
132
70
-2
-42
-84
-111
-170
-246
-305
-312
-360
-434
-448
-478
-464
-455
-427
-457
-431
-442
-444
-364
-272
-257
-240
-141
-91
-44
25
50
87
93
156
173
216
254
220
173
200
257
257
279
306
317
314
349
345
311
308
308
276
250
235
236
244
238
197
100
47
29
-11
-88
-131
-159
-227
-247
-315
-344
-411
-449
-527
-535
-507
-461
-500
-538
-482
-376
-357
-352
-277
-191
-123
-48
27
123
113
170
274
351
310
273
321
368
394
337
319
330
329
340
360
334
275
265
254
227
200
123
75
51
51
31
14
-9
-34
-45
-74
-78
-81
-132
-194
-168
-166
-209
-286
-279
-235
-248
-306
-308
-311
-320
-319
-315
-281
-286
-300
-270
-148
-105
-117
-86
-6
19
83
119
146
172
222
224
286
365
302
315
365
425
356
366
304
305
302
321
270
165
133
96
121
27
27
-41
-36
-73
-12
-75
-88
-148
-91
-105
-119
-126
-84
-104
-144
-122
-165
-112
-159
-158
-247
-207
-262
-252
-301
-277
-278
-256
-197
-114
-127
-174
-177
-125
-86
-62
-53
-22
7
89
171
230
210
230
295
326
291
278
325
297
242
218
249
151
134
114
83
26
69
27
-15
-58
-70
-111
-72
-111
-119
-102
-157
-154
-104
-85
-184
-119
-130
-120
-104
-47
-116
-140
-88
-59
-76
-54
-38
-26
-1
16
-2
-12
14
55
23
-9
-40
2
65
101
80
66
114
131
112
81
56
78
91
87
79
102
53
75
24
53
68
47
42
63
84
95
73
75
56
81
47
49
3
31
-25
-67
-66
-77
-81
-205
-237
-248
-230
-295
-292
-308
-269
-254
-197
-208
-177
-160
-115
-97
-48
-49
0
104
180
200
150
183
208
279
239
183
189
255
243
197
182
169
215
97
56
58
98
-7
2
-29
-10
-3
17
-12
33
74
41
23
29
25
-43
1
-3
-8
-103
-89
-67
-28
-142
-165
-169
-183
-213
-173
-128
-222
-229
-183
-96
-168
-175
-155
-128
-106
-74
-75
-113
-94
-102
-12
4
6
55
154
112
108
126
213
205
170
151
282
274
235
206
261
216
215
251
254
243
159
160
126
170
60
34
0
93
-15
-150
-143
-58
-101
-242
-278
-230
-174
-229
-235
-221
-179
-214
-200
-178
-101
-167
-153
-82
-90
-131
-120
-91
-119
-103
-154
-75
-19
-29
-48
-6
21
9
77
-30
29
58
122
98
116
203
191
245
148
273
268
236
190
217
284
214
217
180
203
153
102
100
60
19
-24
-44
-118
-114
-134
-187
-144
-184
-225
-235
-212
-251
-203
-191
-207
-240
-177
-138
-119
-181
-146
-125
-19
-60
-9
-40
100
60
111
89
109
59
129
138
84
89
145
145
149
128
54
120
81
154
18
170
165
201
78
120
142
151
134
73
74
29
62
0
17
-116
-139
-140
-105
-206
-282
-235
-236
-224
-296
-246
-201
-256
-260
-277
-110
-123
-77
-75
0
93
74
154
97
202
122
154
204
206
204
112
196
142
152
45
48
90
67
-1
-36
43
67
-33
-1
30
89
-11
33
91
142
49
3
131
109
100
-85
48
-16
-44
-126
-108
-140
-245
-264
-307
-280
-391
-273
-335
-328
-335
-233
-177
-191
-147
-138
-31
66
119
116
177
284
311
321
341
341
412
286
319
328
322
142
233
164
142
65
139
-3
11
-83
-16
-68
-86
-80
-101
-94
-138
1
-93
25
-130
-9
-71
95
-50
-32
-95
-43
-88
-160
-179
-269
-180
-228
-213
-371
-265
-246
-205
-249
-210
-191
-145
-96
-73
34
-2
109
139
208
267
297
344
365
382
369
344
406
334
359
220
265
222
262
205
85
85
23
137
-67
-72
-150
-78
-140
-133
-146
-188
-231
-288
-232
-259
-304
-303
-233
-264
-281
-256
-271
-323
-307
-260
-167
-227
-159
-140
-67
-136
-47
-20
15
96
52
232
160
264
129
335
236
313
261
328
346
305
327
277
272
249
260
184
202
134
135
121
159
101
43
48
28
30
-60
-58
-98
-123
-121
-186
-197
-261
-243
-273
-333
-336
-381
-316
-415
-355
-365
-301
-367
-302
-256
-233
-214
-127
-110
-64
-47
15
82
124
131
132
233
264
322
289
322
349
362
318
326
324
394
269
293
183
254
198
246
158
104
117
57
155
21
26
-91
-3
-20
-16
-125
-166
-143
-186
-205
-220
-190
-269
-263
-276
-333
-325
-295
-333
-279
-299
-151
-198
-33
-143
-46
-83
37
11
19
61
30
183
149
186
140
216
193
152
164
232
238
84
104
105
181
67
96
34
146
68
25
71
121
12
-25
48
65
81
15
-28
10
-26
-67
-71
-48
-110
-102
-95
-212
-217
-261
-176
-276
-194
-284
-188
-152
-106
-93
-107
5
-72
16
-25
101
2
180
88
175
147
220
210
167
205
187
305
72
172
96
213
48
101
32
47
57
5
32
-39
7
-65
26
-46
-60
-89
-46
-105
-102
-112
-102
-97
-185
-196
-174
-176
-240
-246
-229
-195
-208
-187
-191
-204
-142
-91
-49
-24
45
58
138
150
223
222
235
226
344
311
345
296
313
262
239
214
161
144
99
81
25
58
37
24
-44
-15
-4
-16
-80
-48
-57
-46
-81
-16
-22
-28
-82
-27
-20
-69
-108
-160
-163
-144
-191
-293
-273
-251
-313
-363
-348
-284
-269
-268
-302
-198
-211
-196
-143
-52
-13
91
168
227
313
321
387
418
448
388
360
448
424
336
273
317
286
183
184
147
120
16
-11
-53
-100
-172
-206
-216
-188
-136
-248
-207
-184
-150
-170
-151
-154
-182
-160
-129
-94
-123
-192
-185
-115
-96
-224
-180
-163
-153
-192
-177
-89
-142
-86
-72
0
-9
21
129
161
194
218
282
351
351
369
340
332
352
354
330
260
243
255
204
137
97
132
27
-51
-102
-79
-108
-198
-200
-221
-196
-253
-244
-258
-163
-213
-177
-139
-122
-205
-184
-133
-124
-227
-174
-114
-49
-156
-195
-147
-124
-68
-137
-60
-22
32
43
61
179
144
163
187
315
276
273
316
307
336
267
332
296
254
184
233
202
177
155
125
51
23
-6
-58
-118
-117
-114
-176
-179
-177
-176
-214
-212
-218
-246
-186
-268
-266
-276
-160
-303
-245
-258
-231
-197
-246
-166
-164
-127
-205
-59
-73
-50
-81
25
63
109
124
205
214
278
253
335
316
338
292
273
295
276
279
212
288
173
259
187
195
67
69
50
51
-41
-41
-79
-53
-73
-176
-123
-160
-136
-234
-144
-169
-178
-227
-185
-130
-226
-263
-201
-172
-221
-279
-209
-176
-143
-212
-146
-93
-90
-134
-45
-70
27
14
88
107
175
203
193
216
241
283
185
297
284
284
254
247
232
191
197
185
96
108
53
107
13
64
-127
24
-35
-91
-165
-123
-61
-135
-108
-217
-95
-164
-107
-244
-212
-182
-157
-178
-200
-130
-147
-99
-95
-79
-41
-17
-20
-6
-20
54
43
134
39
179
163
163
137
167
157
109
201
110
125
55
198
79
83
31
62
14
6
20
34
-8
-15
32
20
-11
-49
-25
-30
-54
-39
-82
-48
-112
-88
-91
-100
-138
-206
-172
-167
-86
-201
-167
-189
-137
-127
-67
-79
-43
14
39
32
70
74
-19
93
131
178
99
207
244
239
201
215
155
196
197
183
136
100
114
114
83
-31
-33
-5
19
12
-21
-74
-78
-59
-99
-107
-116
-170
-171
-115
-144
-150
-185
-168
-186
-165
-208
-198
-183
-249
-152
-248
-141
-220
-96
-151
-127
-126
-2
53
-40
42
57
226
96
159
137
269
122
223
268
311
330
247
252
306
349
238
174
193
206
198
93
103
43
59
0
-46
-34
-113
-74
-150
-113
-193
-162
-234
-153
-111
-138
-161
-210
-107
-127
-156
-228
-169
-126
-147
-220
-119
-61
-77
-98
-97
13
-75
-18
-30
105
20
91
27
149
164
147
132
129
225
173
184
187
246
211
193
146
169
116
128
71
83
58
57
47
3
-39
-56
-49
-85
-120
-74
-66
-77
-79
-109
-23
-92
-93
-176
-171
-150
-180
-162
-210
-128
-146
-123
-207
-122
-94
-157
-116
-134
-28
-1
-53
-32
24
6
52
95
143
96
160
242
237
178
179
223
221
179
106
144
203
154
73
60
113
114
-1
-2
-51
26
-46
-99
-115
-102
-86
-182
-137
-178
-121
-156
-167
-143
-117
-143
-162
-76
-12
-95
-80
-74
-14
-92
-82
-27
-54
2
-68
58
55
-8
-10
104
65
64
2
103
62
106
143
176
164
98
181
125
214
73
89
44
41
14
92
75
40
58
46
71
22
-20
-86
-27
4
-58
-119
-86
-33
-22
-87
-60
-64
-47
-48
-64
-54
-131
-128
-100
-23
-55
-74
-110
10
-33
-104
-89
-68
-18
-67
-32
-40
17
38
12
8
82
126
71
119
161
163
89
68
91
79
29
48
97
100
88
46
92
79
-3
-48
21
-26
-22
-90
-44
-43
-39
-84
-84
-48
-72
-40
-59
-62
-91
-63
-106
-137
-125
-135
-33
-83
-84
-70
-14
-64
-80
-105
-65
-85
-101
-27
4
97
-17
111
134
165
36
24
63
149
46
41
96
194
140
53
109
60
72
-74
27
39
48
35
84
88
84
56
30
95
122
48
63
39
100
94
111
101
42
78
50
12
-17
-1
-40
-55
-59
6
-43
-132
-208
-164
-59
-184
-240
-190
-90
-157
-166
-193
-148
-146
-177
-144
-60
34
0
-23
-4
22
-30
55
77
157
65
114
170
243
168
88
77
52
112
8
31
-70
137
24
40
-61
-33
-54
-77
-50
-110
-36
-96
-2
-38
-44
-86
-86
-56
-77
-39
-23
78
26
-31
15
-9
-18
-81
13
-39
44
1
20
-7
-54
27
-2
-17
-55
8
40
125
68
46
17
50
110
17
39
-60
133
54
44
2
94
190
100
147
72
211
58
133
-15
-10
-102
-116
-11
-19
-7
-112
20
-52
-96
-195
-203
-150
-237
-236
-249
-163
-108
-111
-98
-112
-38
-95
-90
-17
-87
-61
-57
54
141
96
81
130
207
128
104
191
220
204
129
185
248
191
188
196
276
215
191
158
180
139
-2
-30
-48
-10
-43
-72
-78
-68
-18
-12
-62
-82
-161
-173
-201
-162
-239
-173
-205
-59
-34
34
-160
43
-449
-1242
-964
-678
-98
-681
-356
151
715
465
411
486
456
344
101
615
367
310
205
577
493
257
-3
-55
189
-168
-131
-80
143
35
-119
12
-27
-52
-246
71
170
109
-17
22
180
-3
-125
-234
-149
-190
-151
-130
-81
-65
-164
-159
-224
-136
-275
-374
-235
-88
-148
-204
-133
36
125
-15
18
85
163
1
-17
57
127
142
87
140
162
213
177
318
227
131
44
106
207
163
48
0
-57
-44
-19
-78
-131
-167
-29
-13
-9
-73
-102
-127
-106
-154
-78
-32
-87
-63
-11
59
-47
-80
-182
-209
-90
-18
-19
-149
-145
-86
-25
49
-69
-90
-120
43
86
-98
-46
37
152
75
28
66
223
153
155
116
196
175
114
230
216
225
-13
19
60
119
-29
-97
-23
61
49
10
53
5
-46
-89
-46
21
-78
-170
-94
-29
-85
-194
-49
108
71
-152
-49
88
-30
-112
-207
37
35
-43
-72
35
119
74
-40
-68
99
17
97
101
214
111
65
97
62
99
-29
27
65
128
3
52
83
64
-36
-181
-122
-80
-22
-207
-107
9
23
-34
-108
-61
-56
-107
-190
-30
-30
-32
-109
-42
48
-45
-148
-85
46
-30
-133
-86
48
79
-77
-117
30
26
13
13
120
117
143
79
166
141
77
52
77
176
59
96
96
185
118
-25
-56
20
22
-53
-102
-82
-45
-49
-22
-18
-120
-111
-71
-114
-39
-75
-69
-100
-67
-59
-34
-41
-52
-46
-72
-29
-36
-26
-6
-63
-39
13
32
3
-14
-7
-17
15
-43
-77
-56
6
19
56
77
135
164
95
61
85
160
133
54
41
81
110
82
35
41
35
1
18
27
-4
-22
-25
-30
-38
-30
3
19
6
-26
-45
-25
-31
-34
-75
-86
-47
-56
-13
16
-8
-41
-13
8
-60
-98
-92
-43
-4
15
14
61
87
90
127
83
47
18
34
27
56
65
39
29
7
25
38
79
34
-1
10
23
20
-41
-18
22
29
-6
-40
-28
-54
-64
-102
-108
-126
-140
-80
-21
5
-11
6
-5
-4
-74
-82
-60
-48
-34
-59
-20
-25
1
0
-20
-35
-53
-39
-21
-19
-26
-44
