3
3
4
6
7
7
7
8
9
9
10
9
10
10
11
10
11
11
11
12
11
11
11
10
9
9
8
7
5
3
3
2
0
-3
-3
-5
-6
-9
-11
-10
-11
-12
-13
-13
-15
-14
-15
-17
-18
-20
-21
-22
-21
-22
-21
-22
-20
-19
-17
-15
-15
-12
-10
-9
-7
-5
-4
-3
-1
1
2
3
5
6
7
7
8
9
10
11
10
13
13
14
15
15
17
18
18
19
21
19
22
21
21
21
20
19
19
20
18
18
17
16
15
14
12
10
8
8
7
5
3
1
-1
-4
-6
-9
-11
-15
-18
-21
-26
-29
-32
-37
-39
-42
-43
-47
-46
-47
-47
-46
-44
-42
-37
-35
-31
-28
-26
-21
-19
-15
-11
-6
-1
6
13
19
26
32
41
47
55
59
65
71
76
80
85
90
93
97
98
101
102
102
97
92
84
75
63
51
38
25
14
1
-14
-25
-38
-49
-63
-73
-85
-95
-103
-109
-113
-117
-118
-121
-119
-122
-120
-121
-123
-128
-128
-132
-132
-133
-133
-131
-127
-121
-118
-110
-104
-95
-87
-75
-64
-50
-35
-17
3
24
46
68
91
114
139
159
180
200
222
238
254
269
278
287
290
292
285
281
271
259
243
226
207
186
164
138
115
87
60
31
1
-31
-61
-95
-123
-157
-187
-214
-239
-262
-285
-302
-315
-326
-336
-340
-345
-349
-350
-348
-345
-338
-329
-317
-300
-280
-256
-229
-202
-173
-141
-106
-72
-35
3
42
82
123
166
209
251
291
330
367
402
432
458
479
499
512
522
523
520
511
499
480
453
424
386
350
305
258
206
158
101
46
-12
-68
-126
-182
-237
-290
-341
-387
-431
-471
-505
-535
-560
-581
-598
-607
-612
-617
-613
-605
-594
-578
-557
-532
-502
-468
-427
-383
-336
-284
-224
-161
-94
-25
44
119
189
260
323
386
443
497
543
586
619
651
678
702
713
722
725
720
710
688
665
627
594
541
495
437
382
319
256
194
130
73
13
-39
-96
-140
-192
-234
-282
-321
-360
-398
-432
-466
-491
-518
-536
-558
-572
-583
-591
-596
-603
-602
-604
-600
-600
-589
-578
-559
-539
-516
-483
-449
-405
-368
-318
-269
-211
-154
-90
-30
33
95
154
212
264
317
364
410
448
494
537
579
616
656
692
727
756
773
786
786
782
760
737
701
663
617
568
515
459
405
345
288
223
170
111
56
0
-50
-97
-142
-179
-219
-257
-293
-330
-367
-406
-441
-473
-500
-531
-555
-570
-587
-596
-616
-623
-640
-646
-664
-671
-680
-682
-676
-673
-656
-646
-617
-599
-561
-533
-491
-451
-402
-348
-292
-225
-164
-88
-23
54
122
196
264
335
402
470
536
597
659
718
775
822
865
900
932
954
965
970
966
953
930
898
856
814
763
709
647
594
533
471
405
342
278
214
151
87
25
-40
-97
-160
-218
-287
-349
-415
-479
-548
-606
-659
-708
-746
-776
-796
-813
-821
-834
-845
-861
-877
-898
-918
-940
-957
-968
-970
-962
-945
-913
-872
-824
-770
-714
-651
-585
-514
-440
-363
-280
-195
-100
-8
94
192
299
407
514
616
715
817
907
991
1067
1138
1198
1247
1288
1313
1329
1329
1319
1299
1264
1223
1170
1113
1047
973
900
819
737
648
564
474
388
296
206
124
31
-59
-152
-240
-328
-413
-497
-574
-644
-708
-769
-822
-866
-902
-932
-956
-972
-988
-1000
-1012
-1015
-1024
-1030
-1036
-1036
-1032
-1022
-1009
-996
-969
-942
-904
-866
-822
-781
-735
-683
-623
-562
-496
-415
-332
-229
-125
-11
107
235
363
485
607
721
832
933
1020
1103
1178
1243
1298
1349
1390
1418
1438
1440
1437
1414
1384
1333
1281
1209
1136
1051
966
876
782
692
592
495
388
290
188
94
-7
-103
-198
-285
-367
-450
-526
-599
-665
-729
-789
-841
-892
-937
-979
-1016
-1049
-1085
-1101
-1121
-1129
-1138
-1130
-1121
-1102
-1084
-1059
-1028
-1003
-971
-949
-919
-902
-865
-845
-808
-778
-725
-671
-604
-523
-436
-325
-218
-86
32
173
295
429
544
664
776
880
980
1066
1157
1227
1305
1363
1428
1467
1516
1544
1572
1571
1568
1538
1501
1447
1372
1287
1189
1099
987
886
763
660
536
424
302
191
73
-39
-145
-245
-341
-433
-520
-607
-680
-752
-818
-879
-940
-991
-1040
-1079
-1120
-1159
-1186
-1212
-1223
-1231
-1218
-1206
-1178
-1152
-1118
-1086
-1050
-1020
-989
-961
-934
-903
-875
-845
-816
-770
-723
-658
-591
-503
-409
-299
-186
-64
61
191
319
437
551
665
771
864
955
1038
1123
1202
1276
1339
1399
1442
1478
1491
1510
1504
1494
1465
1426
1378
1320
1261
1182
1100
1003
915
807
697
574
458
325
204
82
-31
-142
-243
-326
-408
-472
-541
-591
-650
-699
-765
-816
-879
-936
-1008
-1054
-1106
-1138
-1164
-1166
-1162
-1156
-1125
-1097
-1058
-1046
-1007
-993
-966
-957
-928
-905
-879
-855
-815
-782
-739
-689
-626
-551
-464
-363
-255
-141
-32
87
201
317
418
523
611
711
790
879
956
1043
1115
1190
1257
1316
1364
1387
1414
1418
1428
1413
1393
1351
1316
1258
1206
1125
1049
949
848
729
596
474
342
220
81
-19
-126
-194
-264
-309
-363
-396
-437
-480
-546
-626
-703
-796
-875
-964
-1014
-1069
-1091
-1105
-1099
-1098
-1077
-1051
-1035
-1033
-1036
-1028
-1031
-1029
-1031
-1014
-993
-971
-946
-905
-867
-820
-764
-698
-625
-528
-429
-324
-218
-107
-2
93
196
292
387
476
588
683
784
880
985
1074
1165
1247
1307
1348
1365
1393
1392
1412
1402
1414
1392
1381
1346
1306
1239
1147
1041
914
790
644
522
388
287
172
94
28
-18
-79
-129
-174
-231
-308
-401
-499
-599
-711
-808
-894
-955
-1001
-1025
-1033
-1037
-1035
-1033
-1023
-1024
-1022
-1040
-1056
-1079
-1076
-1075
-1055
-1029
-991
-951
-904
-854
-807
-762
-711
-644
-572
-491
-407
-299
-200
-90
12
120
209
302
376
448
532
611
711
805
927
1034
1155
1235
1300
1350
1378
1390
1381
1374
1355
1347
1304
1278
1227
1171
1086
987
878
747
606
452
335
222
128
26
-34
-82
-119
-176
-224
-284
-353
-449
-545
-647
-744
-823
-876
-905
-924
-922
-923
-902
-903
-884
-886
-877
-877
-869
-862
-858
-844
-849
-824
-817
-793
-776
-748
-729
-701
-674
-640
-603
-552
-478
-420
-335
-241
-139
-65
22
104
188
250
331
424
518
610
723
840
954
1044
1115
1191
1241
1271
1283
1299
1302
1312
1300
1290
1261
1225
1169
1115
1020
916
786
659
536
406
284
184
122
57
6
-41
-76
-142
-234
-343
-457
-580
-711
-825
-912
-975
-1011
-1031
-1026
-1016
-985
-958
-942
-935
-934
-960
-976
-985
-1009
-1029
-1033
-1022
-996
-965
-931
-893
-842
-779
-718
-654
-600
-514
-429
-353
-295
-220
-131
-50
45
155
275
401
541
672
784
914
1048
1148
1232
1316
1405
1458
1507
1534
1570
1580
1601
1606
1573
1535
1481
1417
1304
1191
1039
902
743
601
463
353
236
144
53
-16
-99
-194
-275
-369
-459
-586
-698
-826
-936
-1065
-1157
-1250
-1306
-1338
-1350
-1321
-1277
-1227
-1222
-1206
-1207
-1208
-1251
-1266
-1275
-1281
-1277
-1246
-1192
-1143
-1054
-977
-884
-814
-700
-602
-500
-405
-291
-198
-91
44
147
279
385
543
669
819
989
1148
1291
1419
1561
1656
1753
1821
1890
1896
1912
1919
1887
1834
1757
1713
1598
1505
1364
1270
1099
948
780
635
489
330
206
88
-4
-135
-216
-317
-396
-527
-653
-796
-939
-1095
-1239
-1367
-1480
-1579
-1634
-1642
-1631
-1583
-1552
-1462
-1399
-1340
-1338
-1313
-1344
-1399
-1473
-1507
-1502
-1496
-1434
-1348
-1216
-1082
-909
-768
-578
-426
-268
-146
-30
88
178
284
370
488
579
755
921
1091
1254
1458
1642
1777
1913
2043
2157
2214
2294
2289
2254
2167
2148
2024
1895
1724
1608
1439
1262
1111
948
795
605
509
400
350
251
213
115
55
-29
-110
-221
-375
-543
-760
-944
-1181
-1378
-1584
-1689
-1784
-1837
-1849
-1803
-1738
-1672
-1585
-1538
-1502
-1546
-1604
-1741
-1844
-1962
-2034
-2085
-2079
-2013
-1899
-1719
-1525
-1274
-1056
-797
-560
-339
-195
-50
60
157
239
350
477
612
790
1019
1285
1511
1778
2001
2232
2396
2557
2692
2764
2746
2631
2556
2465
2370
2174
2052
1886
1712
1484
1292
1083
850
669
528
479
392
364
312
317
252
158
31
-70
-227
-429
-636
-865
-1087
-1357
-1546
-1717
-1833
-1923
-1891
-1823
-1760
-1671
-1558
-1469
-1474
-1478
-1572
-1756
-2013
-2207
-2362
-2535
-2665
-2671
-2557
-2381
-2084
-1706
-1236
-836
-405
-15
283
422
463
464
448
438
412
471
587
833
1057
1393
1702
2086
2422
2847
3209
3461
3543
3452
3270
2991
2765
2480
2217
1865
1569
1246
995
730
513
297
157
107
132
200
234
274
247
249
197
162
48
-78
-279
-465
-669
-878
-1082
-1302
-1451
-1549
-1564
-1567
-1517
-1498
-1450
-1444
-1468
-1599
-1790
-2014
-2259
-2523
-2796
-2990
-3113
-3100
-3018
-2789
-2479
-2042
-1569
-1042
-540
-101
250
471
597
624
594
555
552
602
728
928
1219
1574
2038
2492
2990
3415
3808
3986
3926
3679
3369
2962
2425
1895
1425
983
481
136
-71
-216
-382
-357
-179
15
148
324
537
614
540
381
277
97
-148
-484
-704
-850
-959
-1075
-1078
-955
-843
-722
-545
-313
-275
-317
-418
-619
-1049
-1596
-2120
-2648
-3140
-3621
-3975
-4147
-4062
-3866
-3557
-3056
-2374
-1700
-1069
-396
234
688
982
1210
1316
1243
1051
842
696
631
661
872
1281
1848
2460
3096
3831
4545
4990
4947
4619
4171
3581
2671
1613
630
-295
-1148
-1756
-1958
-1999
-1945
-1581
-844
-50
614
1212
1693
1917
1818
1523
1093
574
-64
-692
-1143
-1315
-1403
-1421
-1208
-727
-223
172
589
947
1026
818
457
-75
-929
-1998
-3015
-3843
-4586
-5461
-6173
-6407
-5972
-5395
-4698
-3776
-2544
-1292
-123
983
1785
2222
2361
2527
2486
2119
1488
1014
730
510
412
650
1257
2058
2850
3794
4816
5750
6219
6064
5332
4204
3000
1580
4
-1677
-2955
-3900
-4366
-4451
-4055
-3341
-2207
-632
1029
2481
3645
4568
4876
4580
3763
2746
1422
75
-1200
-2115
-2580
-2607
-2326
-1764
-839
136
1012
1613
1993
1760
998
-253
-1844
-3831
-5845
-7428
-8474
-8981
-8928
-8021
-6451
-4421
-2338
-217
1718
3342
4345
4699
4439
3734
2609
1217
-54
-998
-1577
-1922
-1641
-766
631
1999
3554
5018
6252
6898
7128
7009
5922
3904
1310
-619
-2349
-3911
-5318
-5737
-5438
-4669
-3350
-1522
465
2075
3704
5183
6397
6657
6226
5106
3711
1963
215
-1328
-2436
-3098
-3312
-2748
-1672
-435
469
1340
2000
2290
1892
959
-443
-2195
-3895
-5573
-7128
-8465
-8885
-8421
-7349
-5852
-4007
-1921
89
1941
3232
3870
3804
3393
2614
1541
251
-939
-1884
-2495
-2587
-2116
-1216
-213
997
2285
3560
4506
5092
5294
5149
4792
4333
3482
1892
-44
-1493
-2222
-2822
-3350
-3475
-3029
-2298
-1227
134
1434
2360
3214
4179
4972
5219
4864
4107
2998
1765
599
-325
-1079
-1636
-1883
-1555
-793
-36
361
531
617
426
-111
-938
-2005
-3339
-4494
-5105
-5511
-5958
-6164
-5511
-4327
-3073
-1953
-766
344
1250
1816
2023
1866
1423
869
326
-103
-560
-1042
-1478
-1508
-1257
-702
-185
500
1178
1976
2722
3500
4077
4340
4336
4461
4622
3817
1933
-322
-1618
-2779
-3832
-4908
-5029
-4795
-3904
-2392
-340
1481
2832
4305
5750
6881
6928
6341
4998
3407
1482
16
-1221
-2013
-2705
-2668
-1867
-583
335
716
796
653
214
-702
-1843
-3311
-4640
-5527
-5580
-5506
-5272
-4679
-3265
-1688
-274
721
1539
2075
2278
2044
1439
629
-261
-1048
-1650
-1951
-2118
-2118
-1990
-1495
-735
188
918
1592
2157
2826
3371
3996
4326
4473
4406
4714
4856
3769
1408
-1129
-2597
-3966
-5181
-6266
-6241
-5837
-4536
-2574
33
2199
3932
5635
7294
8372
8213
7214
5371
3253
880
-884
-2309
-3192
-3895
-3651
-2692
-1239
-316
80
-23
-295
-873
-1672
-2642
-3723
-4487
-4546
-3776
-2966
-2161
-1410
-168
871
1571
1458
1104
499
-139
-993
-1763
-2367
-2790
-2847
-2516
-1781
-1121
-552
-174
362
813
1286
1536
1909
2184
2650
3218
4062
4700
5073
5319
5628
5891
4745
2092
-1549
-4162
-6235
-7749
-8993
-8911
-7895
-5847
-2761
1037
4545
6933
8887
10391
11303
10536
8602
5629
2407
-1139
-3798
-5477
-6108
-6419
-5879
-4254
-1881
-94
652
676
342
-244
-1189
-2028
-2762
-3103
-3061
-1994
-562
681
1037
1161
1207
991
-179
-1980
-3597
-4540
-5063
-5337
-4933
-3853
-2369
-826
840
2333
3210
3266
2866
2404
1837
1248
730
732
1073
1706
2735
4090
5407
5917
6012
5641
5449
3505
-27
-4528
-7285
-8673
-9223
-9222
-7932
-5262
-2054
1912
5611
8908
10329
11034
10856
10351
8270
5339
1701
-1755
-4977
-6997
-7711
-7387
-6729
-5620
-3583
-1120
842
1448
1270
687
285
-232
-517
-940
-1123
-1031
-168
777
1176
412
-883
-2255
-3513
-4994
-6506
-7486
-7389
-6216
-4360
-2033
328
2436
4087
5356
5839
5342
3872
2049
202
-1348
-2535
-3020
-2698
-1611
-30
2017
4168
5796
6612
6673
6275
5443
4470
2704
-287
-3976
-6348
-6820
-6391
-5780
-4645
-2474
302
3359
5939
7806
8510
8626
8226
7427
5777
3529
815
-2039
-4624
-6181
-6576
-6287
-5640
-4547
-2723
-605
1140
1842
1706
983
255
-356
-731
-1236
-1729
-1862
-1269
-517
-376
-1085
-2198
-3299
-4340
-5273
-5975
-6196
-5708
-4340
-2332
-32
2011
3486
4414
4954
4797
3626
1733
-256
-2049
-3562
-4436
-4347
-3297
-1520
725
3203
5530
7164
7908
7766
7060
5805
4390
3252
1426
-1636
-5026
-6550
-6514
-5952
-5439
-3898
-1527
1298
4074
6753
8716
9472
9366
8679
7550
5485
2774
-556
-3771
-6523
-7820
-7919
-7147
-6115
-4475
-2299
103
1750
2327
1872
1005
275
-95
-281
-676
-1103
-1245
-779
-411
-657
-1911
-3423
-4752
-5746
-6556
-6899
-6482
-5202
-3169
-646
2029
4194
5475
5788
5445
4258
2116
-616
-3203
-5151
-6267
-6253
-5057
-2921
-270
2651
5489
7575
8581
8407
7532
6053
4504
2908
2071
1779
685
-1815
-4520
-5524
-5451
-5082
-4718
-3224
-1053
1806
4858
7874
9704
10234
9913
9038
7383
4723
1445
-2278
-5910
-8762
-9757
-9298
-8133
-6782
-4676
-1775
1171
3111
3804
3465
2548
1565
919
398
-443
-1565
-2175
-2118
-1858
-2237
-2993
-3968
-4693
-5280
-5564
-5382
-4624
-3310
-1528
743
2944
4550
4947
4582
3541
2010
-294
-2663
-4671
-5799
-6030
-5120
-3212
-708
1924
4352
6484
7629
7705
6900
5799
4585
3273
2272
1845
2486
2356
388
-3138
-5476
-6213
-5961
-5503
-4007
-1513
1619
5213
8755
11234
11479
10511
8716
6630
3434
-107
-3990
-7493
-10495
-11534
-10610
-8439
-6277
-4010
-1097
2182
4642
5462
4893
3506
2112
969
345
-408
-1340
-2209
-2206
-1826
-1783
-2624
-3762
-4526
-5055
-5689
-5956
-5242
-3663
-1654
479
2767
4589
5410
5053
4008
2387
74
-2624
-4882
-6130
-6316
-5396
-3398
-792
1761
4220
6406
7877
7867
6758
5264
4067
2963
1947
1251
1354
2433
2706
817
-2763
-5510
-6566
-6280
-5446
-3521
-851
2335
5921
9578
11820
11638
9797
7261
4432
904
-2926
-6855
-10267
-12678
-12705
-10472
-7095
-4027
-1152
2007
5319
7489
7663
6090
3784
1706
159
-844
-1772
-2761
-3536
-3586
-3227
-3099
-3635
-4320
-4506
-4078
-3589
-3525
-3338
-2368
-558
1497
3272
4254
4344
3748
2715
1249
-674
-2666
-4167
-4669
-4070
-2617
-881
792
2188
3334
4275
4700
4451
3630
2912
2623
2858
3079
3144
3123
3566
4763
4633
1441
-3605
-6994
-7595
-6550
-5413
-3482
-562
3130
6984
10262
11442
10076
7283
4231
1293
-1985
-5388
-8697
-11221
-12259
-10855
-7762
-4338
-1606
904
3740
6500
7878
7300
5220
2700
771
-401
-1182
-2332
-3833
-4840
-4723
-4209
-4273
-4844
-4889
-3731
-1907
194
1555
1817
1606
1819
2356
2355
1109
-849
-2147
-2462
-2205
-2312
-2285
-1668
-283
1122
2351
2911
2637
1699
758
205
32
58
389
1564
3341
5119
6260
6707
6340
5473
4524
4298
3087
-874
-6434
-10054
-10173
-8470
-6691
-4616
-1285
2699
6950
10231
11471
9974
7177
4161
1588
-1377
-4694
-7994
-10375
-11246
-10052
-7178
-3855
-866
1778
4754
7608
9027
7992
5286
2183
-268
-2109
-3452
-4655
-5664
-5972
-5076
-3635
-2722
-2603
-2266
-1031
647
1856
1766
871
168
220
530
427
-592
-1863
-2581
-2174
-1278
-585
-167
587
1750
2795
3181
2631
1547
277
-603
-814
-158
718
1562
2593
3704
4652
4599
3951
3008
2606
2552
3517
3300
328
-4887
-8719
-9253
-7823
-6325
-4519
-1033
3295
7939
11055
11971
9781
6552
3128
269
-3034
-6271
-9005
-10603
-10820
-9050
-5594
-1974
976
3427
6251
8676
9405
7652
4559
1135
-1463
-3244
-4233
-5076
-5829
-6042
-5045
-3571
-2901
-3168
-3030
-1469
742
2600
3725
3927
2945
1594
514
-350
-1835
-3719
-4861
-4186
-2238
-103
1519
2848
4026
4724
4482
3248
1171
-1211
-3022
-3684
-3285
-2367
-935
876
3047
4738
5564
5708
5632
5249
4730
4245
3986
1736
-3505
-9470
-12409
-11674
-9168
-6100
-2083
2861
7650
11345
12764
11161
7112
2932
-239
-2476
-4421
-5771
-6585
-6793
-6311
-4485
-1978
-84
1060
2378
4367
6022
5994
4154
1612
-763
-2510
-3667
-4565
-5582
-6406
-6255
-4860
-3275
-2395
-1567
254
2957
5299
6579
6843
5211
1901
-1556
-3751
-5004
-5997
-6656
-5703
-2941
698
3755
5547
6100
5762
4564
2474
-108
-2861
-5010
-5780
-4741
-2606
49
2272
4196
5553
6143
5852
4984
3744
2666
1729
1685
1435
-1462
-6786
-11047
-11169
-8033
-4208
-715
3281
7197
10385
12030
11383
7840
3342
24
-1344
-2110
-3275
-4782
-6166
-7230
-7307
-6000
-4286
-2768
-1045
1835
5419
7778
7438
5075
2015
-673
-2748
-4361
-5684
-6752
-6918
-5385
-2670
-421
703
1553
3204
5149
6080
5659
3806
788
-2627
-5515
-7203
-7804
-7415
-5567
-2060
2103
5551
7349
7525
6411
4407
1665
-1331
-4111
-6038
-6557
-5631
-3812
-1794
54
1795
3551
4870
5473
5360
5087
4866
4676
4387
3761
3134
1136
-2976
-7902
-10272
-9066
-5757
-2297
1390
4971
7779
9207
9124
7024
3434
324
-1155
-1519
-2148
-3244
-4720
-6274
-7582
-7458
-5828
-3471
-830
2359
5999
8749
9113
6909
3269
-695
-3927
-5938
-6721
-6721
-6039
-4250
-1471
1020
1987
1982
2184
3007
3593
3410
2181
-295
-3268
-5232
-5605
-5236
-4836
-3830
-1382
2109
5096
6322
5747
4034
1811
-566
-2956
-5051
-6542
-6641
-4907
-1970
864
3047
4571
5699
6473
6598
6072
5083
4030
3105
2453
1745
1517
235
-3633
-8631
-11277
-9472
-5510
-1714
1584
5212
7964
9442
9308
7515
4140
1124
-261
-424
-1243
-3246
-5535
-7627
-9070
-9045
-6959
-3623
236
4107
7829
10267
9883
6598
1720
-2963
-6240
-7586
-7357
-6056
-4218
-1951
572
2342
2487
1519
855
1237
2046
2389
1947
1057
-622
-3011
-5462
-7134
-7222
-5366
-1996
1616
4414
5840
6086
4948
2648
-134
-2354
-3601
-3732
-2959
-1685
-450
285
560
927
1657
2687
3787
4727
5281
5382
4950
3861
2406
765
-276
-693
-2583
-6043
-8955
-8091
-4371
-296
2634
5004
6610
7397
7604
6684
4004
506
-1464
-1772
-2136
-3732
-5595
-6943
-7645
-7238
-4869
-1213
2119
4431
6211
7377
6686
3640
-527
-3972
-5690
-5562
-4183
-2399
-1226
-717
-194
320
6
-1090
-1607
-481
1737
3425
3782
2922
981
-2582
-6448
-8728
-8025
-5088
-976
2973
5980
7375
7147
5458
2482
-985
-3558
-4400
-3887
-2904
-2238
-1812
-1265
-592
382
1957
3856
5435
6371
6725
6210
4720
2210
69
-1353
-1350
-433
-940
-3517
-6148
-5778
-2971
-88
1487
2618
3617
4491
5347
5164
2931
-34
-1326
-851
-671
-1923
-3650
-5104
-6238
-6349
-4457
-1603
724
2306
4014
5629
5538
3132
-279
-3015
-4231
-3912
-2633
-1379
-818
-618
-34
623
311
-789
-1171
89
2040
3036
2439
864
-1100
-3400
-5200
-5918
-4928
-2577
616
3660
5772
6174
4829
2322
-613
-2960
-4036
-3829
-2881
-1800
-908
-205
199
278
469
1291
2814
4780
5999
6294
5346
3826
2157
532
-662
-1399
-645
-295
-2199
-5932
-7879
-6188
-3194
-675
1392
3782
5485
6485
6569
5183
2208
-160
-670
-612
-1752
-3517
-4957
-6153
-7063
-6453
-3856
-931
1259
3079
5023
5943
4713
2032
-512
-1884
-1952
-951
230
525
-174
-973
-1190
-1498
-2330
-2714
-1503
908
2883
3306
2265
398
-2097
-4180
-4997
-3934
-1575
1224
3620
4908
4575
2720
220
-1973
-3135
-3130
-2204
-991
-209
-193
-526
-717
-513
284
1806
3754
5419
5872
5076
3230
1303
-372
-1449
-1856
-1342
477
1132
-1350
-5478
-7190
-5144
-2180
249
2429
4591
5541
5674
5050
2916
-421
-2195
-1488
-512
-1305
-2895
-4208
-5572
-6714
-5991
-3141
-2
2493
4754
6703
6853
4654
1516
-960
-2150
-1998
-842
241
246
-732
-1762
-2437
-3073
-3515
-2848
-574
2365
4353
4437
3042
1001
-1341
-3217
-4034
-3253
-1308
1101
2836
3133
1972
67
-1514
-2385
-2366
-1578
-416
476
526
-313
-1356
-1848
-1541
-483
1292
3193
4514
4748
3951
2668
1217
272
-169
-50
509
1191
2310
1763
-1695
-6600
-8675
-6368
-2626
224
2038
3546
3952
3650
2894
1474
-330
-487
1237
2712
1933
-300
-2835
-5313
-6952
-6141
-3028
185
2520
4285
5520
5061
2873
302
-1385
-1757
-775
929
1774
905
-962
-2419
-3153
-3449
-3181
-1696
854
3305
4423
3587
1482
-1291
-3652
-4755
-3998
-1777
805
2713
3211
2334
511
-1329
-2591
-2922
-2276
-933
487
1066
416
-754
-1386
-1096
-144
1303
2954
4316
4629
3814
2324
744
-333
-777
-508
199
1063
1813
235
-3823
-7911
-8136
-4914
-1239
1463
3399
4617
4726
4450
3605
1817
248
830
2456
2392
-75
-3064
-5659
-7603
-7737
-5072
-1078
2131
4323
5755
5673
3462
540
-1247
-1383
-297
1582
3185
3028
865
-1971
-4054
-5034
-5027
-3868
-1378
1724
3968
4279
2740
557
-1596
-2971
-3168
-2029
-404
824
1236
727
-354
-1468
-1894
-1493
-457
670
1470
1675
1165
-14
-1190
-1565
-1113
-190
569
1271
1578
1671
1468
1297
1241
1417
1950
2131
2131
1446
1255
159
-2919
-6684
-7409
-4133
-409
1682
2515
2876
2210
1423
1295
1351
1087
1921
3731
4192
1970
-1260
-3990
-6163
-7062
-5431
-1679
1560
3130
3502
3183
2092
718
-20
163
1171
2589
3493
2448
-508
-3765
-5686
-5931
-4872
-3014
-526
2034
3783
3969
2463
245
-1992
-3327
-3365
-1920
-64
1276
1594
1004
5
-841
-1132
-924
-326
342
803
647
-109
-1190
-1914
-1980
-1417
-488
589
1654
2235
2333
2224
2413
2606
2687
2503
2300
1944
1690
849
-2200
-6280
-8114
-5356
-1482
855
1504
2036
1830
1414
1456
1930
2320
3428
5250
5525
3067
-712
-3785
-6386
-7892
-6931
-3186
741
2872
3106
2264
900
-278
-651
-267
761
2365
3856
3793
1553
-1667
-4041
-4687
-3914
-2472
-973
467
1633
1980
1076
-376
-1534
-1836
-1381
-567
135
455
400
-223
-1091
-1482
-967
-198
437
782
755
239
-390
-922
-1203
-1105
-792
-326
49
361
454
752
1440
2238
3119
3504
3695
2980
2259
1308
966
454
-1499
-4658
-6400
-4479
-1660
-96
86
706
827
1097
1753
2740
3177
3937
5126
4735
2068
-1157
-3082
-4695
-6015
-5850
-3379
-442
1293
1265
259
-724
-680
398
1612
2440
3111
3610
3190
1511
-997
-3223
-4224
-3702
-2395
-1336
-582
146
646
242
-579
-998
-1139
-1293
-1504
-1057
-311
483
708
677
532
608
634
527
367
66
-321
-677
-775
-1019
-1291
-1581
-1487
-944
192
1264
2161
2812
3623
4079
4120
3506
2580
1545
963
834
-831
-3983
-6534
-5206
-2247
-126
280
632
679
421
797
1426
1964
2861
4841
5472
3619
593
-1485
-3227
-4961
-5525
-4225
-2062
-287
611
160
-986
-1520
-461
1020
1957
2504
3067
2880
1539
-296
-1794
-2525
-2375
-1561
-883
-676
-601
-427
-575
-1131
-1799
-1990
-1586
-745
-161
25
235
581
827
933
1142
1274
1262
1070
553
-362
-1229
-1493
-1274
-909
-906
-1127
-1063
-448
291
852
1664
2839
4067
4547
4289
3371
2480
1829
1538
17
-2838
-5353
-4608
-1899
-244
-450
-1038
-1202
-1340
-575
494
1480
2606
4670
5687
4138
1402
-566
-1991
-3530
-4184
-3455
-2095
-1016
-462
-753
-1649
-1978
-1071
379
1200
1557
1837
1906
1191
139
-559
-555
-181
162
71
-390
-757
-868
-1008
-1327
-1788
-2228
-2365
-1710
-730
-59
277
735
1324
1670
1677
1340
1020
829
484
-346
-1201
-1454
-1170
-771
-581
-614
-521
54
840
1490
1880
2459
3305
4068
4068
3165
2314
1955
739
-2216
-4891
-4475
-2010
-49
261
-281
-1145
-1775
-1351
-621
-32
1123
3278
4464
3292
1134
-294
-1185
-2108
-2462
-1896
-1117
-689
-703
-1252
-2130
-2460
-1677
-232
793
1164
1016
678
140
-228
-295
137
920
1683
1823
1086
-15
-992
-1596
-2059
-2201
-2071
-1629
-1163
-770
-647
-712
-687
-204
743
1500
1682
1487
1294
883
189
-458
-611
-276
207
493
491
303
66
-32
80
587
1248
2073
2788
3397
3358
3071
2379
690
-1900
-3681
-3086
-1435
-71
189
76
-623
-1080
-1006
-722
-511
265
1662
2282
1521
253
-630
-1138
-1322
-1033
-457
105
436
232
-594
-1581
-2065
-1856
-1099
-187
511
640
441
17
-349
-627
-448
51
545
789
830
654
82
-655
-1287
-1706
-2007
-1914
-1307
-596
-186
-137
-182
-190
41
494
952
1246
1337
1262
931
469
-72
-469
-584
-358
-16
408
820
1106
1088
1047
1233
1590
1858
2001
2151
1731
499
-1163
-1828
-1358
-468
34
272
298
89
-53
-23
-54
-367
-350
100
382
105
-310
-547
-710
-765
-506
-173
6
115
323
174
-588
-1397
-1505
-1078
-661
-321
143
509
493
142
-297
-677
-855
-656
-230
227
548
727
568
-2
-760
-1175
-1052
-651
-318
-279
-407
-475
-330
-234
-151
108
527
688
482
239
113
-93
-401
-623
-632
-532
-323
-46
204
382
569
735
779
850
1146
1513
1474
1101
790
785
904
1007
1007
871
753
831
907
673
283
126
164
117
-48
-146
-212
-342
-475
-445
-340
-312
-454
-639
-710
-618
-508
-512
-569
-530
-328
-178
-293
-590
-785
-710
-538
-517
-687
-789
-587
-276
-208
-418
-487
-282
-85
-236
-568
-831
-1022
-1212
-1344
-1250
-995
-653
-341
22
295
400
294
163
159
327
546
689
719
687
645
625
720
936
1167
1276
1282
1208
1171
1279
1582
1794
1631
1121
691
528
536
540
536
520
499
512
424
53
-537
-966
-1042
-870
-662
-498
-376
-266
-252
-409
-665
-853
-883
-778
-601
-429
-338
-347
-422
-501
-574
-720
-933
-1065
-991
-819
-756
-816
-863
-797
-663
-451
-259
-197
-286
-356
-373
-409
-482
-466
-315
-154
-77
-75
-69
-69
-53
47
248
435
583
837
1183
1471
1587
1689
1761
1600
1155
753
712
931
1149
1188
1136
1035
1030
1067
1062
873
640
432
195
-108
-316
-330
-307
-324
-273
-46
105
-32
-430
-781
-982
-1082
-1136
-1007
-624
-132
179
150
-168
-571
-905
-1147
-1303
-1317
-1090
-701
-393
-404
-721
-1146
-1420
-1493
-1428
-1300
-1062
-657
-222
31
14
-114
-190
-172
-134
-64
25
121
197
265
346
380
341
294
390
659
959
1198
1401
1524
1445
1246
1188
1330
1543
1653
1599
1337
1023
757
597
460
413
440
508
535
490
319
40
-203
-375
-481
-532
-452
-310
-161
-81
-25
-36
-103
-238
-412
-635
-836
-942
-960
-932
-838
-641
-474
-460
-640
-926
-1240
-1467
-1613
-1740
-1781
-1556
-1110
-749
-616
-628
-698
-848
-1000
-1012
-860
-589
-211
252
595
703
659
661
681
680
693
786
911
1063
1279
1487
1516
1359
1236
1290
1425
1465
1425
1377
1331
1235
1080
920
837
831
817
743
653
530
283
-69
-353
-449
-403
-295
-154
-23
48
9
-155
-369
-541
-605
-574
-481
-452
-544
-673
-712
-738
-898
-1126
-1196
-1082
-1017
-1135
-1329
-1402
-1364
-1338
-1384
-1413
-1403
-1346
-1219
-1080
-1055
-1081
-942
-610
-293
-110
5
106
182
222
265
385
665
1080
1510
1837
1979
1870
1584
1348
1265
1252
1244
1366
1589
1746
1734
1654
1517
1286
1024
810
583
289
83
32
30
-45
-73
-2
79
68
-7
-122
-299
-497
-642
-698
-658
-487
-252
-99
-129
-282
-464
-675
-887
-1034
-1081
-1089
-1134
-1219
-1297
-1316
-1304
-1282
-1241
-1167
-1108
-1089
-1093
-1113
-1167
-1192
-1088
-878
-657
-450
-213
-12
81
93
116
191
336
578
885
1114
1150
1074
1097
1255
1377
1430
1500
1588
1567
1454
1351
1248
1109
1037
1040
961
781
642
614
557
463
411
426
409
336
223
37
-202
-356
-303
-147
2
112
199
169
-45
-398
-751
-988
-1076
-1040
-956
-841
-726
-678
-777
-987
-1217
-1395
-1473
-1415
-1234
-1016
-872
-869
-963
-1025
-994
-904
-754
-511
-234
-41
54
97
121
132
213
393
605
734
768
805
912
1006
957
809
682
667
725
822
911
977
1000
988
954
874
719
537
485
568
633
555
441
374
333
273
209
160
160
222
274
230
103
4
-68
-193
-395
-547
-600
-621
-656
-662
-646
-684
-806
-977
-1178
-1355
-1413
-1322
-1135
-944
-801
-728
-697
-680
-637
-554
-423
-249
-72
82
221
338
376
401
477
568
531
429
423
551
667
708
673
559
410
333
363
388
396
400
421
391
298
140
24
-16
1
23
79
125
102
64
82
91
36
34
162
348
437
411
301
184
46
-67
-134
-158
-199
-210
-182
-221
-413
-640
-716
-651
-577
-554
-517
-469
-469
-526
-570
-545
-429
-234
-16
124
116
28
-16
37
148
281
443
608
736
846
922
929
846
723
593
471
364
312
337
406
438
386
244
15
-253
-485
-605
-620
-552
-431
-297
-224
-226
-282
-365
-427
-411
-322
-243
-265
-349
-390
-365
-344
-378
-418
-387
-284
-182
-149
-221
-334
-382
-314
-213
-140
-52
107
231
155
-102
-324
-334
-190
-16
132
310
512
707
826
860
807
716
603
519
503
626
817
958
963
856
674
449
236
90
21
-13
8
77
150
108
5
-77
-83
-134
-218
-251
-208
-255
-404
-537
-544
-506
-494
-511
-545
-614
-745
-862
-936
-968
-949
-818
-653
-564
-603
-660
-716
-784
-867
-838
-701
-494
-306
-117
18
108
173
289
406
493
558
651
786
937
1120
1318
1460
1458
1375
1255
1135
954
796
665
580
481
476
557
669
651
521
346
222
94
-88
-287
-401
-378
-290
-231
-251
-292
-331
-341
-412
-560
-748
-831
-799
-689
-615
-584
-593
-600
-674
-811
-956
-987
-904
-790
-756
-794
-802
-713
-607
-592
-643
-649
-546
-409
-290
-163
66
361
602
683
706
787
943
1064
1117
1139
1177
1227
1272
1325
1374
1374
1272
1109
939
802
670
565
506
521
560
566
494
345
146
-75
-280
-484
-629
-717
-723
-699
-659
-642
-617
-600
-642
-771
-903
-980
-1044
-1133
-1211
-1171
-1021
-849
-767
-751
-776
-805
-836
-869
-897
-904
-828
-673
-481
-276
-59
146
313
445
557
644
733
860
1009
1127
1153
1127
1103
1113
1141
1175
1186
1114
1003
949
1002
1019
956
838
788
748
673
529
376
240
137
66
-4
-79
-152
-220
-328
-489
-674
-782
-826
-842
-894
-925
-922
-917
-975
-1053
-1116
-1164
-1220
-1269
-1298
-1298
-1245
-1109
-923
-770
-692
-627
-512
-377
-258
-143
21
207
375
542
728
877
969
1023
1062
1019
927
887
954
1044
1060
1014
956
976
1040
1087
1004
841
683
635
612
537
415
367
376
360
261
149
63
-31
-173
-355
-519
-609
-585
-566
-632
-749
-798
-808
-856
-981
-1093
-1159
-1167
-1153
-1114
-1053
-985
-939
-914
-900
-856
-737
-541
-350
-205
-48
144
298
349
379
476
648
804
884
875
830
819
875
933
926
854
792
792
810
768
672
629
654
671
590
450
330
315
362
364
249
101
-7
-72
-157
-278
-397
-459
-470
-503
-589
-687
-741
-765
-798
-877
-949
-945
-834
-718
-687
-748
-806
-811
-753
-700
-663
-596
-412
-152
83
218
300
381
486
587
686
749
755
721
721
750
767
748
723
691
634
597
600
604
540
436
339
296
264
218
147
92
66
62
26
-41
-96
-101
-144
-257
-383
-439
-456
-495
-558
-592
-594
-601
-655
-741
-809
-827
-784
-710
-656
-661
-656
-611
-540
-504
-457
-361
-202
-33
118
220
300
393
545
721
837
858
841
865
918
972
990
970
922
881
842
787
692
572
461
375
298
201
87
-20
-108
-197
-291
-374
-401
-396
-404
-468
-558
-634
-654
-648
-658
-687
-685
-651
-677
-777
-873
-883
-841
-796
-738
-639
-537
-459
-398
-324
-233
-113
46
199
324
421
532
643
734
780
798
803
802
807
835
884
939
987
1019
1011
938
812
691
601
523
416
283
163
77
-3
-111
-238
-345
-397
-421
-457
-512
-564
-614
-681
-750
-790
-812
-843
-877
-889
-912
-951
-977
-955
-925
-922
-898
-793
-650
-538
-448
-316
-120
86
257
378
472
552
644
730
805
862
917
967
1011
1035
1057
1066
1053
1015
978
955
922
845
743
665
613
560
477
379
273
157
36
-94
-247
-445
-638
-771
-827
-859
-888
-908
-895
-874
-876
-917
-997
-1103
-1172
-1160
-1094
-1027
-973
-897
-779
-657
-560
-482
-391
-267
-116
52
211
375
538
680
769
830
893
976
1037
1078
1117
1172
1197
1173
1113
1055
996
926
843
748
654
567
495
402
270
122
9
-79
-178
-309
-427
-516
-586
-673
-776
-859
-924
-975
-1040
-1100
-1156
-1172
-1159
-1129
-1084
-1014
-920
-807
-650
-480
-319
-202
-101
-11
73
128
165
202
277
413
591
738
816
874
937
993
979
914
850
833
837
832
796
736
648
537
404
249
92
-17
-46
-9
47
82
82
45
-24
-126
-228
-328
-414
-497
-564
-618
-672
-732
-782
-826
-845
-856
-856
-841
-786
-700
-607
-538
-471
-374
-240
-116
-31
39
119
219
313
399
468
559
670
774
817
814
789
769
744
718
710
704
682
627
577
533
475
378
261
139
40
-46
-140
-250
-351
-407
-423
-453
-519
-585
-633
-671
-717
-748
-744
-714
-661
-595
-522
-446
-378
-328
-308
-302
-276
-198
-87
33
153
290
410
492
516
503
480
489
521
545
538
525
521
520
488
425
341
259
174
104
59
30
8
-22
-68
-129
-180
-213
-240
-279
-307
-320
-315
-314
-297
-269
-230
-211
-215
-248
-288
-303
-289
-259
-231
-201
-148
-90
-51
-26
12
43
53
29
4
-1
34
91
148
168
152
142
159
188
186
169
165
201
236
244
218
185
175
180
169
108
13
-68
-100
-98
-94
-83
-69
-51
-42
-45
-64
-93
-115
-110
-82
-49
-5
61
135
173
171
157
158
149
116
74
62
96
154
169
117
30
-30
-54
-65
-100
-139
-155
-131
-94
-67
-58
-54
-50
-44
-51
-79
-139
-203
-245
-246
-220
-192
-169
-174
-200
-232
-234
-237
-264
-304
-288
-225
-167
-144
-133
-100
-42
42
131
196
235
288
367
446
490
524
566
594
599
590
566
512
441
387
359
318
257
198
144
84
8
-59
-115
-163
-221
-275
-322
-346
-364
-381
-418
-462
-489
-486
-474
-474
-493
-506
-483
-419
-352
-326
-325
-332
-316
-292
-242
-170
-69
31
119
184
241
280
308
318
334
350
366
364
357
364
409
467
496
479
436
399
367
330
290
259
247
250
235
192
124
51
-11
-70
-139
-222
-295
-341
-375
-403
-437
-468
-491
-492
-487
-494
-513
-523
-490
-427
-360
-299
-234
-148
-46
49
119
163
214
291
363
387
384
394
429
441
410
353
306
279
261
230
175
101
47
34
34
8
-40
-72
-87
-93
-115
-124
-133
-136
-137
-126
-109
-105
-117
-126
-122
-115
-114
-108
-100
-93
-84
-68
-63
-83
-116
-119
-94
-67
-60
-59
-49
-31
-6
24
70
113
158
176
181
183
213
253
282
281
265
257
257
260
244
201
151
115
94
67
13
-56
-124
-191
-247
-287
-299
-302
-307
-312
-312
-315
-316
-303
-255
-183
-131
-104
-83
-41
19
91
151
197
217
224
226
240
259
260
231
197
171
156
148
136
96
44
-4
-24
-29
-51
-93
-127
-128
-113
-113
-132
-149
-139
-121
-118
-146
-183
-201
-208
-210
-213
-210
-205
-186
-163
-143
-132
-119
-86
-39
-4
20
50
87
117
148
198
245
274
286
305
331
346
353
356
353
331
305
279
246
200
163
144
119
76
24
-22
-66
-110
-143
-173
-210
-257
-298
-331
-353
-372
-382
-394
-411
-435
-446
-435
-417
-402
-383
-348
-297
-241
-191
-146
-96
-38
20
81
149
218
282
333
380
428
489
547
586
601
603
611
616
606
587
564
540
506
464
421
373
303
226
157
98
36
-34
-106
-180
-253
-317
-389
-461
-521
-555
-584
-641
-714
-762
-752
-729
-717
-722
-709
-670
-616
-567
-519
-453
-363
-259
-179
-120
-55
39
148
236
290
330
385
452
506
536
545
552
559
566
569
563
546
518
482
454
430
408
386
351
306
253
208
164
122
84
50
10
-38
-100
-156
-186
-206
-235
-276
-318
-350
-371
-379
-381
-382
-382
-372
-345
-318
-314
-312
-288
-240
-196
-174
-162
-137
-93
-47
-17
0
16
49
81
97
94
93
109
137
166
174
164
154
164
177
177
155
140
133
132
120
99
77
59
45
26
-5
-46
-73
-90
-112
-146
-166
-166
-164
-168
-173
-172
-169
-163
-151
-130
-112
-88
-54
-15
15
39
72
114
147
175
204
232
250
264
275
291
309
317
319
314
299
278
259
237
210
180
153
126
96
65
29
-8
-43
-78
-108
-140
-173
-206
-232
-263
-287
-302
-311
-320
-330
-341
-344
-341
-334
-326
-312
-297
-279
-254
-229
-207
-186
-159
-130
-98
-68
-39
-9
24
54
78
103
130
159
186
207
222
240
261
279
293
307
316
324
321
311
302
299
291
276
263
246
227
206
186
164
138
104
74
48
22
-11
-43
-70
-96
-116
-138
-160
-187
-210
-231
-249
-266
-282
-297
-308
-312
-313
-318
-326
-328
-318
-307
-307
-307
-297
-277
-254
-234
-214
-189
-164
-128
-83
-42
-10
25
72
128
176
218
258
301
339
377
409
428
436
445
457
459