SAMPLES:	9283
BITSPERSAMPLE:	16
CHANNELS:	1
SAMPLERATE:	16000
NORMALIZED:	FALSE
-26
-32
-41
-50
-51
-49
-44
-29
-22
-20
-20
-10
-10
-10
-21
-19
-21
-9
-9
1
19
16
5
4
8
11
26
17
8
20
36
26
39
40
29
13
9
25
25
35
26
23
34
47
39
47
53
45
23
-1
-9
-5
15
15
18
30
38
20
11
0
-4
-2
-13
-27
-25
-28
-18
-1
4
1
-20
-20
-33
-38
-32
-35
-22
-4
-5
-5
-10
-14
-9
14
21
24
34
34
37
33
3
-13
-3
11
16
20
34
28
20
8
2
-6
-5
-22
-36
-45
-45
-41
-53
-55
-61
-45
-31
-12
-8
-17
-31
-38
-20
-25
-40
-52
-48
-49
-47
-35
-20
-2
12
13
-4
-16
-8
-4
-9
-6
14
28
42
44
40
41
34
30
32
14
10
16
6
-2
-21
-11
1
7
3
6
0
-2
4
-5
-12
-8
4
-4
-3
6
-2
3
16
14
2
-6
-26
-27
-30
-43
-57
-60
-39
-30
-13
-9
24
39
39
23
33
50
76
77
53
54
69
94
96
90
61
69
79
97
124
99
73
67
59
65
73
51
39
38
25
8
-3
-12
-32
-41
-41
-41
-39
-32
-18
12
-9
-28
-32
-19
8
16
3
-39
-52
0
88
96
34
-37
-46
9
43
14
-74
-159
-196
-191
-176
-209
-374
-622
-782
-942
-1059
-1294
-1686
-1416
-219
541
-326
-1690
-1423
866
3020
2426
-137
-1210
949
3851
4342
2469
195
-440
1305
3648
3487
793
-1751
-2190
-410
1517
809
-2220
-3864
-2701
-1014
-617
-1300
-2347
-2784
-1731
-378
-124
-242
122
380
505
1079
1542
1619
1806
1843
1194
670
1086
1551
1221
334
-536
-1117
-772
-871
-3120
-4671
-2509
-52
-1430
-5046
-5953
-1877
3196
2402
-2979
-4808
-9
5391
5614
1757
-728
1647
6817
7922
3007
-548
2276
6254
5600
900
-3267
-2578
1998
3269
-1484
-6298
-5918
-2295
8
-1295
-5145
-7049
-4161
-83
221
-1699
-2442
-1301
1078
3293
2721
745
1163
3237
3816
2947
2166
1729
2020
2733
2045
81
-640
172
417
-561
-1808
-2788
-2572
-1788
-3117
-5269
-4249
-1397
-1245
-3944
-5628
-3341
1142
2398
-968
-3476
-1030
3431
5036
3192
1030
1617
4758
7049
6073
4125
3390
2744
2281
3178
3651
1604
-1444
-3019
-2434
-623
-248
-2589
-5433
-5770
-4042
-2476
-2251
-3388
-4639
-4071
-1621
207
688
626
414
803
2524
3922
3612
3063
3092
2785
2533
3015
3036
1946
954
429
-226
-448
-366
-1172
-2650
-3160
-3163
-3015
-3552
-5277
-5571
-2783
-765
-2653
-5689
-4985
-161
3563
1340
-2918
-2651
2251
5914
5014
1821
587
3468
7343
7899
5031
3493
3267
2690
2872
4061
2956
-535
-2953
-3087
-1446
47
-1188
-4672
-6424
-5095
-3189
-2407
-2878
-4451
-5219
-3213
-506
395
573
721
469
1310
3480
4209
3392
3172
3160
2570
2833
3708
3126
1526
771
331
-164
-21
-129
-1901
-3334
-3413
-4562
-5345
-3038
-1180
-3555
-7057
-6786
-2413
2013
1059
-4240
-6054
-921
4864
4910
974
-1538
757
5971
8452
5600
2294
3354
6578
7907
5420
1015
-633
2581
5192
2105
-3670
-5548
-2335
1170
76
-4828
-8051
-6171
-2245
-1034
-3288
-6036
-5796
-2277
983
737
-847
-712
1077
3089
4258
3428
1879
2408
4167
4254
2948
2270
1975
1772
1944
1405
-373
-1373
-857
-1107
-2268
-4015
-5627
-5127
-2239
-1339
-4648
-7790
-5963
-705
1653
-1368
-5276
-4461
639
4315
3045
-624
-1303
2511
6734
6894
4061
2771
4660
7398
7912
4970
867
366
3773
5536
2126
-3207
-4904
-1903
1435
230
-4641
-7781
-6061
-2535
-1476
-3470
-6033
-6084
-2997
12
-1
-1122
-887
613
2317
3596
3332
2343
2784
4029
3984
3047
2802
2798
2493
2126
1381
18
-446
-204
-665
-2805
-5730
-5949
-2702
-611
-3577
-8631
-8844
-2742
2459
-462
-6676
-7111
-1074
4114
3626
-703
-3181
560
6977
8382
4198
1808
4359
8325
9686
7434
2592
-10
2881
6913
5510
-619
-5193
-4210
346
2330
-1563
-7286
-8410
-4954
-1938
-2353
-5151
-7199
-5884
-2225
-308
-967
-1344
-368
1076
2529
3276
2902
2937
4109
4491
3323
2582
3341
3936
3189
1803
447
-282
4
196
-2488
-5927
-5787
-2971
-2262
-4975
-7923
-7495
-3262
-311
-2240
-5609
-4844
-722
2069
1590
-404
-665
2401
5819
5831
3961
4095
6196
7755
7689
6423
5431
4015
2345
2371
4359
4033
-674
-5019
-4401
-31
1672
-1980
-7366
-8397
-4923
-1767
-1820
-4573
-7208
-6510
-2185
734
101
-1044
-853
45
2201
4515
3930
2036
2574
3871
3277
2966
4036
3471
1561
1231
1269
108
-334
-376
-4594
-8140
-4392
613
-1958
-8803
-11092
-5827
2233
2714
-5570
-10738
-4589
4533
5737
165
-4287
-1802
5803
9970
6229
1551
3128
7903
10029
8287
5458
3393
2547
2807
3702
4209
2040
-2646
-5519
-3344
862
1029
-3707
-8447
-8352
-4594
-1400
-1700
-5078
-7704
-5859
-1081
1513
750
-690
-903
322
2932
4737
3824
2443
2760
3028
2807
3778
4495
2817
861
360
178
-207
-2164
-4893
-4989
-2155
-1952
-6668
-9898
-5988
575
322
-5917
-8863
-4186
2299
3548
-629
-4196
-1445
5293
8195
4799
1729
3597
7278
9000
7670
5009
3563
5602
6718
3552
-2
952
3510
1913
-2773
-5452
-3267
-18
-440
-5020
-8537
-6937
-2725
-775
-2877
-6219
-6742
-2828
1196
1352
-821
-1659
-301
2299
4450
3966
1781
1354
3083
4048
3512
2740
1871
919
1041
991
-220
-2853
-4724
-4196
-2404
-2298
-5265
-8278
-6960
-1728
288
-3209
-6448
-4689
-251
2180
1192
-1315
-1479
2116
5530
5101
3403
3893
5639
6885
6992
6190
5275
6039
6486
3321
-427
1005
5336
4404
-2399
-7094
-4302
1723
2780
-2923
-9157
-8904
-3582
440
-803
-5663
-8939
-6182
27
2727
458
-2551
-2746
158
4225
5346
2492
224
1407
3466
4010
3826
2717
964
474
1382
878
-1910
-3679
-3095
-2374
-3413
-5642
-6647
-4544
-1733
-2587
-5244
-4909
-1784
-118
-837
-1763
-1314
840
3205
3261
1761
2470
5299
6859
5984
4729
4566
5861
7279
7214
4747
983
-363
2719
6219
3639
-3713
-7465
-3088
3202
2684
-4341
-9482
-7341
-1776
680
-2090
-6746
-8196
-4159
760
1052
-1714
-2738
-1324
1038
3418
3560
1062
151
2518
3908
2661
1932
2245
1680
1010
596
-1594
-3337
-1563
-133
-3080
-6844
-6361
-2529
-154
-2153
-5825
-5994
-1921
1513
392
-2934
-3332
375
4057
3863
1345
1000
3796
6628
6792
4706
3282
4672
7024
7375
4991
1336
-309
2394
6072
4242
-2604
-6453
-2816
2856
2649
-3357
-8140
-6716
-1924
282
-2244
-6359
-7514
-4220
-166
202
-2096
-2889
-1375
701
2388
2563
937
340
2116
3370
2428
1775
2068
1790
969
-304
-1633
-1686
-342
-936
-4370
-6123
-3371
-147
-1267
-4725
-5688
-2781
450
475
-2362
-3957
-1431
2800
3848
1283
-153
1824
5062
6578
5409
3303
3247
5562
7246
6497
3767
1007
894
3991
5889
2271
-3655
-4747
-254
3104
636
-4766
-7079
-4588
-1068
-608
-3569
-6630
-6318
-2852
-325
-1017
-2660
-2670
-1164
765
2020
1573
423
768
2212
2631
2151
2076
1806
1082
132
-841
-1262
-425
-372
-3050
-5625
-4217
-396
91
-3556
-6274
-4160
-21
1273
-1314
-4147
-3162
1172
4147
2794
108
385
3523
6164
6101
4031
2833
4396
6757
6990
4705
2066
1282
3123
5146
3662
-1079
-4111
-2097
1622
1573
-2553
-5951
-5435
-2539
-861
-2146
-5131
-6440
-4388
-1480
-934
-2205
-2744
-1893
-326
1191
1559
752
546
1592
2205
1910
1864
2045
1462
19
-991
-750
384
271
-2443
-5448
-4571
-511
997
-2439
-6335
-5537
-1024
1899
-26
-3864
-4249
-59
3761
3351
585
-74
2412
5378
5794
3802
2743
4345
6515
6409
4800
3351
2587
2596
3687
4063
1494
-2292
-3077
-272
1592
-366
-3992
-5345
-3695
-1631
-1479
-3305
-5219
-5137
-3049
-1345
-1431
-2088
-2050
-1307
-30
1261
1341
606
742
1578
1706
1440
1722
1752
956
-946
-1958
-659
1277
32
-4383
-6680
-3164
1893
875
-4897
-7608
-3615
1667
2092
-2191
-5325
-2774
2695
4534
1428
-859
953
4424
5939
4525
2432
2738
5660
7168
5611
3541
2878
2986
3300
3944
3184
172
-2610
-1912
740
1082
-1758
-4539
-4575
-2770
-1431
-1983
-3966
-5312
-4239
-2038
-1306
-1893
-2085
-1614
-837
389
1215
787
439
1186
1767
1353
1281
1655
1444
162
-1201
-1342
-111
477
-1699
-4835
-4746
-1103
788
-1900
-5433
-5071
-1408
1075
-246
-3302
-3689
-298
2985
2519
240
69
2540
4814
4944
3357
2393
3740
5881
6177
4671
3780
3667
3226
2663
3154
3264
1051
-1966
-2378
-158
998
-813
-3725
-4699
-3402
-1713
-1605
-3269
-4894
-4546
-2747
-1621
-1615
-1717
-1603
-1197
-157
939
1063
844
1154
1277
962
1222
1957
1576
497
-797
-1901
-1361
540
356
-3381
-6223
-3943
967
1477
-3333
-6920
-4509
800
2562
-838
-4658
-3422
1801
4764
2486
-662
84
3617
5952
4926
2467
2009
4459
6667
6031
3970
2638
2545
3042
3761
3425
1047
-1711
-2022
31
1001
-634
-3134
-4125
-3378
-2093
-1767
-2956
-4423
-4423
-3147
-2214
-1890
-1581
-1460
-1422
-757
305
856
1010
1167
923
680
1153
2165
1691
-29
-824
-50
535
-343
-1913
-2769
-2128
-1298
-1451
-2468
-3022
-2737
-2033
-1446
-1471
-1798
-1714
-918
-29
644
1086
1155
1423
2198
3031
3440
3573
3677
3805
4191
4751
5093
4923
3663
2059
1825
3421
4087
1679
-1940
-2728
-68
1921
309
-3315
-5059
-3755
-1386
-861
-2864
-5242
-5249
-3086
-1315
-1156
-1854
-2419
-2033
-419
1183
1217
401
165
612
1210
1890
2044
1164
163
-388
-504
-48
582
-246
-2723
-4089
-2323
383
137
-3013
-5098
-3485
-124
958
-1397
-3985
-3078
534
2571
1358
-428
-34
2174
4091
4101
2918
2452
3648
4974
5089
4447
4217
3844
2716
2076
3049
3967
2156
-1302
-2516
-168
2040
655
-3057
-4949
-3571
-1167
-618
-2700
-5315
-5456
-3084
-1137
-1225
-2248
-2839
-2203
-322
1287
1031
-121
-255
625
1553
2021
1813
819
260
578
414
-228
-198
190
-994
-2998
-3189
-951
506
-1325
-4333
-4635
-1607
945
-66
-3385
-4405
-1353
2268
2252
-515
-1539
704
3834
4677
2982
1394
2190
4617
5847
4831
3218
3191
3831
3465
2744
3092
3171
1188
-1174
-1095
954
1551
-637
-3424
-4026
-2451
-994
-1559
-3756
-5267
-4405
-2385
-1595
-2261
-2833
-2482
-1396
-63
458
-87
-300
574
1356
1300
1204
1372
1386
1284
1430
797
-338
-491
326
226
-1439
-2945
-2649
-919
-394
-1934
-3612
-3264
-1529
-526
-1320
-2625
-2447
-755
665
640
119
400
1715
3029
3257
2671
2510
3495
4505
4455
3668
3635
4460
4262
2708
1917
3205
3733
1464
-1483
-1444
847
1497
-921
-3739
-4166
-2639
-1277
-1936
-4203
-5635
-4445
-2395
-1858
-2538
-2974
-2719
-1596
-34
542
-138
-290
646
1441
1651
1869
1924
1544
1510
1847
1801
549
-475
-258
605
21
-2216
-3552
-1905
628
-254
-3807
-5292
-2574
507
90
-3150
-4850
-2399
1553
2394
-137
-1777
77
3483
4809
3130
1048
1635
4494
6157
4908
2966
3276
4693
4560
3132
2829
3334
2317
-141
-1214
151
1236
-259
-3153
-4447
-3467
-1981
-2050
-3940
-5740
-5387
-3444
-2382
-2855
-3397
-3088
-2063
-626
319
161
-49
805
1943
2235
2163
2276
2418
2400
2639
2209
894
347
1001
1006
-611
-2164
-2241
-1200
-1022
-2327
-3794
-3812
-2601
-1723
-2305
-3577
-3462
-1739
-325
-502
-1018
-495
950
2263
2694
2387
2438
3528
4640
4685
4120
4179
4850
5566
5314
3710
2017
2454
4191
3531
-266
-2998
-1561
937
304
-3022
-5423
-5020
-2970
-1941
-3459
-5892
-6235
-4140
-2286
-2278
-2940
-2885
-1938
-349
1114
1318
767
1160
2342
2899
2829
2911
2902
2610
2524
2459
2062
976
-50
-454
-260
-591
-2187
-3686
-3167
-1533
-1871
-3891
-4750
-3403
-1862
-1766
-2934
-3562
-2226
16
723
-169
-180
1597
3436
3822
3139
2781
3573
5050
5484
4438
3569
4177
5359
4971
2842
1159
1878
3072
1697
-1807
-3495
-1794
-12
-1305
-4277
-5563
-4477
-2736
-2406
-4000
-5551
-4879
-2812
-1720
-1860
-1874
-1360
-476
739
1737
1742
1648
2248
2809
2781
2887
3134
2886
2439
2172
1856
699
-56
50
37
-1442
-3249
-3612
-2290
-1347
-2741
-4737
-4729
-2804
-1523
-2074
-3550
-3657
-1676
384
487
-469
-197
1557
3173
3478
2890
2627
3581
4839
4812
3735
3382
4095
4578
4275
3263
1840
807
1330
2282
1061
-2243
-3944
-2235
-93
-788
-3597
-5339
-4472
-2237
-1283
-2622
-4601
-4652
-2535
-587
-499
-1344
-1509
-552
1116
2376
2140
1174
1390
2584
3141
2702
2221
2008
1891
1975
1642
826
-275
-950
-1040
-840
-1206
-2806
-4173
-3355
-1186
-1295
-3678
-4853
-3093
-727
-389
-2154
-3503
-2081
874
2049
616
-497
813
3174
4070
3169
1993
2126
3517
4400
3547
2263
2246
3096
3690
2957
1133
-311
451
2009
1230
-2034
-3834
-1951
413
-189
-2845
-4331
-3492
-1501
-658
-2007
-3856
-3706
-1707
-204
-341
-997
-986
-148
1128
1972
1609
1001
1404
2209
2259
1988
1970
1824
1468
1259
1089
757
309
-537
-1490
-1638
-1034
-1249
-2641
-3493
-2567
-1284
-1530
-2883
-3461
-2462
-940
-593
-1672
-2399
-1285
653
1328
551
-35
819
2263
2986
2478
1703
1783
2765
3482
3043
2266
2025
2700
3256
2602
784
90
1400
2292
399
-2379
-2426
-99
880
-1012
-3322
-3537
-1862
-422
-890
-2762
-3723
-2575
-762
-260
-880
-1382
-1100
-105
1182
1693
1097
712
1274
1992
2214
2171
1858
1393
1295
1468
1464
671
-265
-687
-495
-581
-1429
-2441
-2550
-1685
-1472
-2368
-3252
-3028
-2083
-1432
-1810
-2641
-2530
-1295
-201
-245
-643
-373
678
1708
2005
1613
1448
2300
3205
3170
2507
2336
2732
3238
3307
2844
1771
796
876
1955
1949
-140
-2317
-1882
287
778
-1251
-3174
-2991
-1645
-682
-1098
-2551
-3394
-2382
-861
-469
-954
-1145
-753
162
1263
1686
1179
928
1576
2241
2283
2059
1824
1451
1419
1634
1524
744
117
-382
-1214
-1526
-862
-746
-2481
-4096
-3477
-1313
-757
-2711
-4669
-4013
-1541
-154
-1338
-3394
-3219
-655
1487
1129
-367
-550
1108
3032
3408
2202
1034
1744
3407
3865
2612
1648
1945
3016
3406
2123
185
18
1887
2406
-81
-2690
-1847
697
1143
-1008
-2921
-2878
-1232
140
-462
-2447
-3221
-1857
-247
59
-508
-905
-660
411
1636
1782
987
848
1581
2032
1930
1767
1450
1109
1126
1230
761
173
-364
-1011
-1469
-1348
-1208
-2091
-3188
-3275
-2248
-1740
-2366
-3440
-3562
-2348
-998
-1156
-2399
-2630
-1194
425
679
-60
-394
646
2216
2843
1990
1160
1625
2794
3066
2411
1765
1772
2345
2822
2674
1675
549
336
1581
2317
739
-1745
-1795
530
1762
152
-2079
-2403
-929
527
321
-1515
-2837
-1930
-108
431
-360
-1088
-959
92
1322
1510
615
229
953
1608
1444
1056
868
713
699
709
370
-162
-387
-455
-1084
-1842
-1979
-1487
-1584
-2457
-3217
-2765
-1605
-1317
-2334
-3180
-2513
-1058
-518
-1447
-2263
-1569
64
890
369
-301
188
1587
2399
1961
1082
1061
1996
2685
2406
1688
1595
2149
2767
2752
1903
871
916
2141
2562
818
-1132
-519
1597
1909
-25
-1621
-1346
-81
562
-255
-1874
-2488
-1411
-227
-396
-1188
-1396
-943
-160
549
528
-88
-168
554
992
809
577
521
407
448
534
244
-225
-393
-372
-1022
-1613
-1573
-1045
-1283
-2147
-2739
-2181
-1130
-1000
-1998
-2897
-2448
-1146
-496
-1313
-2232
-1847
-417
506
309
-315
-84
1008
1916
1846
1239
1125
1822
2541
2548
2194
1961
2270
2928
3312
2649
1510
1310
2465
3093
1607
-406
-241
1549
2071
480
-1214
-1468
-663
24
-341
-1678
-2697
-2297
-1231
-851
-1229
-1594
-1611
-1095
-194
247
-155
-431
-8
492
642
627
539
331
286
538
535
181
-201
-238
-483
-928
-1221
-1187
-1167
-1522
-2040
-2243
-1745
-1377
-1634
-2309
-2512
-1991
-1200
-1135
-1731
-1950
-1237
-160
333
110
-85
505
1553
2210
2022
1591
1778
2523
3084
3070
2659
2441
2880
3540
3377
2276
1502
2141
3014
2089
-54
-599
934
1811
373
-1650
-2109
-1103
-196
-614
-2187
-3315
-2710
-1254
-817
-1607
-2254
-1988
-989
49
330
-290
-673
-35
876
1122
786
433
364
611
976
853
221
-317
-233
-272
-714
-1037
-1204
-1517
-1903
-1821
-1714
-1731
-2044
-2161
-2089
-1848
-1711
-1678
-1773
-1587
-949
-507
-373
-155
339
815
1294
1586
1780
1888
2191
2515
2616
2496
2565
2805
2771
2655
2586
2645
2283
1601
1348
1952
1920
449
-751
-71
1079
643
-934
-1825
-1454
-664
-414
-1177
-2308
-2507
-1530
-779
-962
-1435
-1486
-1113
-439
98
-8
-375
-241
300
536
464
372
304
165
199
288
139
-193
-397
-494
-845
-1117
-1144
-957
-1157
-1674
-2091
-1687
-931
-886
-1739
-2273
-1694
-663
-383
-1038
-1524
-1062
40
737
490
-7
305
1284
1977
1902
1460
1303
1796
2402
2526
2079
1720
1934
2577
2814
2116
1100
1052
2179
2554
1021
-656
-154
1436
1505
-144
-1447
-1291
-307
216
-487
-1883
-2444
-1659
-771
-873
-1546
-1890
-1629
-865
-184
-280
-838
-818
-181
250
227
55
-73
-58
250
489
282
-95
-194
-17
-171
-563
-839
-663
-579
-946
-1550
-1500
-807
-516
-1166
-1904
-1697
-900
-525
-1043
-1641
-1478
-599
109
66
-390
-279
534
1359
1512
1159
922
1347
2091
2428
2192
1924
2033
2538
3002
2707
1833
1543
2381
2751
1555
119
391
1510
1461
68
-1081
-1157
-493
-111
-812
-2095
-2588
-1953
-1276
-1286
-1729
-2055
-1902
-1159
-411
-419
-918
-904
-266
248
370
258
132
182
522
764
620
350
203
230
18
-225
-315
-267
-668
-1237
-1336
-871
-696
-1289
-1905
-1795
-1285
-1122
-1491
-1946
-1775
-1097
-666
-796
-912
-576
117
699
886
846
998
1433
1994
2193
2169
2208
2464
2708
3005
2994
2416
1900
2215
2856
2359
871
128
967
1682
903
-590
-1247
-854
-264
-425
-1393
-2227
-2165
-1583
-1271
-1459
-1793
-1854
-1535
-919
-500
-578
-776
-528
-54
264
412
402
288
361
659
774
627
357
221
27
-218
-288
-308
-595
-1096
-1291
-1206
-1046
-1182
-1484
-1783
-1821
-1608
-1425
-1568
-1771
-1676
-1317
-876
-558
-481
-390
26
685
1109
1195
1222
1472
1923
2364
2548
2401
2305
2704
3211
2956
2070
1731
2474
2860
1756
289
424
1512
1585
256
-943
-1024
-358
-67
-769
-1874
-2230
-1656
-1118
-1236
-1639
-1806
-1612
-1023
-481
-513
-835
-705
-153
249
361
256
126
181
517
727
498
68
-85
47
-132
-402
-539
-653
-1091
-1306
-1138
-922
-1229
-1759
-1843
-1483
-1213
-1364
-1792
-1990
-1455
-775
-706
-987
-838
-217
483
776
769
850
1206
1728
2029
2013
2032
2367
2560
2591
2671
2596
2165
1894
2279
2540
1776
557
551
1433
1541
468
-550
-748
-285
50
-422
-1437
-1902
-1467
-960
-1034
-1407
-1589
-1488
-1032
-546
-538
-906
-859
-386
-102
-89
-131
-173
-114
54
148
21
-108
-182
-146
-338
-647
-681
-364
-465
-1196
-1548
-910
-232
-785
-1839
-1903
-939
-301
-782
-1793
-1969
-876
137
-102
-923
-950
101
1099
1141
574
420
1067
1949
2140
1607
1410
1935
2578
2677
2108
1448
1627
2642
2777
1442
285
971
2176
1939
474
-453
-240
508
746
-172
-1488
-1723
-849
-358
-851
-1635
-1908
-1558
-849
-536
-1017
-1624
-1411
-677
-311
-501
-803
-870
-572
-79
50
-272
-493
-277
8
-101
-442
-453
-120
-122
-646
-904
-371
61
-420
-1210
-1143
-504
-259
-764
-1387
-1386
-726
-260
-509
-943
-739
6
554
500
221
309
824
1419
1539
1298
1336
1893
2435
2346
1801
1608
2374
2918
2138
913
1120
2221
2377
1197
110
0
560
907
265
-1043
-1707
-1197
-633
-868
-1597
-2073
-2044
-1474
-974
-1177
-1759
-1786
-1233
-765
-676
-792
-897
-711
-229
150
63
-139
-30
335
505
179
-72
180
572
143
-569
-513
301
346
-657
-1474
-1083
-204
-204
-1298
-2183
-1619
-433
-188
-1118
-1731
-1012
399
835
194
-416
162
1442
2103
1606
1034
1507
2529
2890
2205
1742
2271
2765
2185
1451
1593
2033
1745
936
342
227
321
191
-478
-1327
-1583
-1259
-1130
-1460
-1847
-2004
-1847
-1411
-1124
-1319
-1560
-1327
-823
-462
-391
-410
-374
-121
285
504
393
237
362
362
303
380
557
140
-454
-464
193
309
-505
-1350
-1309
-652
-351
-974
-1955
-1999
-1077
-431
-798
-1344
-1224
-381
327
447
191
258
880
1584
1669
1452
1628
2188
2498
2179
1690
1912
2665
2537
1312
599
1318
2075
1521
159
-612
-349
324
297
-859
-2041
-1983
-1105
-749
-1211
-1854
-2024
-1490
-664
-396
-827
-1149
-776
-123
222
170
-17
-84
195
612
712
429
199
176
62
15
159
136
-523
-1067
-790
-162
-331
-1195
-1768
-1482
-806
-656
-1351
-2023
-1619
-656
-286
-730
-937
-424
462
892
835
690
984
1659
2055
1922
1694
2003
2280
2117
1602
1619
2016
1888
867
255
786
1375
837
-354
-907
-532
49
-130
-1102
-1957
-1683
-812
-542
-1121
-1604
-1444
-735
-18
66
-427
-643
-29
709
840
423
140
258
687
968
714
133
-135
131
100
-347
-656
-533
-773
-1259
-1323
-841
-701
-1272
-1869
-1787
-1064
-603
-1051
-1904
-1749
-611
166
-146
-683
-443
564
1486
1525
1021
904
1698
2496
2399
1691
1592
1928
1951
1598
1514
1319
721
205
434
746
357
-444
-891
-798
-472
-355
-908
-1637
-1655
-989
-622
-812
-1103
-1055
-687
-157
154
39
-125
174
668
838
717
654
695
790
840
689
395
243
250
70
-360
-644
-583
-657
-1064
-1378
-1200
-995
-1187
-1606
-1701
-1327
-964
-1118
-1517
-1442
-807
-246
-232
-385
-188
488
1074
1225
1079
1198
1694
2136
2117
1911
1931
1918
1726
1681
1822
1437
570
224
744
973
247
-716
-1051
-731
-290
-482
-1415
-2041
-1642
-868
-739
-1195
-1539
-1308
-647
-39
-33
-448
-480
125
713
778
557
401
548
893
1128
905
526
276
124
157
353
213
-713
-1347
-867
-9
-334
-1506
-2112
-1515
-527
-480
-1528
-2312
-1591
-289
24
-777
-1225
-481
703
1112
737
456
860
1719
2153
1861
1588
1811
2030
1961
1982
1973
1495
896
993
1379
1060
173
-388
-455
-312
-342
-873
-1676
-1870
-1390
-1111
-1439
-1803
-1716
-1332
-928
-747
-841
-926
-565
-38
155
50
76
293
564
735
711
587
379
366
652
896
438
-272
-315
368
635
-138
-1088
-1127
-354
57
-625
-1686
-1720
-740
-70
-515
-1240
-1183
-261
528
486
39
34
766
1510
1616
1290
1250
1395
1627
1972
2130
1554
816
975
1772
1885
928
-7
-163
263
497
-28
-1141
-1731
-1386
-858
-1003
-1616
-2028
-1896
-1384
-972
-1072
-1451
-1440
-932
-452
-350
-448
-484
-261
119
425
312
23
65
495
620
279
20
232
580
544
192
-69
78
353
271
-218
-503
-310
-63
-128
-385
-461
-244
81
167
72
94
430
793
855
795
846
892
936
1287
1603
1240
577
738
1526
1724
965
186
54
463
750
288
-681
-1143
-751
-360
-606
-1140
-1389
-1282
-968
-773
-946
-1288
-1275
-941
-735
-771
-845
-872
-790
-515
-318
-479
-692
-459
-60
-52
-323
-276
104
345
229
-23
-11
321
535
271
-93
3
443
660
411
145
263
740
1020
878
524
551
951
1271
1182
831
499
522
1046
1343
765
-82
75
929
1159
391
-374
-400
121
460
16
-856
-1171
-688
-257
-465
-946
-1163
-960
-538
-337
-576
-888
-762
-375
-245
-438
-596
-573
-413
-310
-480
-826
-810
-439
-371
-784
-968
-546
-122
-215
-547
-574
-155
288
206
-236
-234
312
743
613
357
441
930
1281
1225
971
1002
1391
1672
1616
1231
975
1019
1461
1497
843
140
356
975
907
97
-574
-548
-152
-7
-555
-1279
-1441
-974
-683
-888
-1250
-1318
-1037
-645
-525
-713
-815
-602
-339
-288
-384
-414
-355
-220
-203
-471
-618
-296
-1
-396
-905
-674
13
122
-434
-837
-503
187
357
-213
-635
-169
608
740
279
67
496
1185
1430
1134
804
1053
1671
1922
1486
909
901
1480
1770
1132
284
358
1045
1137
371
-376
-428
5
158
-378
-1100
-1225
-844
-703
-964
-1253
-1284
-1085
-853
-836
-973
-960
-781
-664
-695
-731
-677
-517
-501
-778
-917
-565
-223
-588
-1050
-840
-139
54
-428
-848
-549
236
493
31
-353
116
880
1145
791
552
949
1549
1732
1415
1162
1321
1809
1954
1455
881
943
1516
1595
849
50
200
837
843
7
-754
-762
-326
-145
-682
-1400
-1528
-1031
-704
-845
-1135
-1208
-952
-549
-352
-477
-594
-506
-349
-257
-261
-304
-521
-780
-719
-322
-347
-1005
-1397
-935
-283
-394
-1118
-1485
-919
-57
16
-683
-979
-283
624
869
487
277
822
1640
1952
1641
1457
1730
2327
2491
2076
1548
1669
2163
2095
1236
580
844
1283
988
9
-658
-583
-216
-395
-1198
-1846
-1760
-1346
-1270
-1513
-1749
-1703
-1361
-965
-860
-964
-937
-737
-506
-318
-239
-451
-611
-320
110
-38
-544
-579
-101
164
-187
-688
-734
-230
84
-279
-833
-722
-66
294
86
-280
-81
528
1051
978
695
710
1257
1857
1821
1344
1046
1578
2153
2045
1182
795
1228
1732
1435
571
58
101
437
280
-354
-999
-1038
-795
-712
-930
-1313
-1476
-1276
-932
-920
-1149
-1280
-1192
-920
-882
-1116
-1235
-862
-617
-914
-1118
-730
-203
-308
-711
-858
-374
181
142
-351
-431
174
730
785
435
363
722
1240
1333
1059
764
944
1420
1571
1195
742
712
1085
1359
956
250
105
612
836
398
-245
-434
-167
134
-102
-681
-939
-657
-355
-358
-523
-639
-550
-276
-75
-147
-289
-309
-245
-378
-455
-369
-290
-622
-935
-878
-504
-415
-772
-1208
-1180
-630
-346
-611
-1028
-840
-272
227
226
18
115
666
1182
1260
1080
1050
1387
1758
1830
1551
1241
1217
1472
1551
1088
435
320
648
634
31
-595
-786
-602
-493
-909
-1515
-1692
-1390
-1163
-1201
-1326
-1323
-1114
-740
-459
-421
-393
-234
-184
-192
77
467
333
-172
-217
398
823
396
-384
-596
52
609
232
-614
-722
14
611
496
-16
-120
382
1048
1141
755
513
839
1377
1488
1132
709
823
1279
1449
892
360
443
788
702
147
-388
-572
-389
-445
-918
-1472
-1552
-1427
-1385
-1517
-1726
-1791
-1609
-1292
-1231
-1212
-1282
-1280
-954
-347
-225
-743
-833
-109
673
505
-147
-452
197
1035
977
176
-157
542
1316
1422
861
550
932
1605
1784
1363
983
1088
1577
1820
1541
1032
786
1081
1399
1243
494
105
302
658
440
-195
-715
-801
-522
-561
-1040
-1602
-1638
-1469
-1371
-1499
-1689
-1775
-1622
-1347
-1240
-1465
-1623
-1288
-705
-710
-1221
-1295
-558
89
-182
-886
-1022
-182
574
339
-482
-479
395
1185
1155
686
642
1256
1962
1977
1612
1415
1796
2158
2205
1864
1602
1510
1643
1724
1472
965
600
698
782
579
-18
-429
-549
-427
-596
-1028
-1457
-1537
-1428
-1439
-1591
-1804
-1782
-1614
-1362
-1542
-1740
-1526
-889
-810
-1279
-1396
-735
-4
-167
-869
-1168
-395
409
257
-589
-747
19
843
898
374
171
717
1509
1653
1209
904
1226
1776
1967
1660
1285
1214
1478
1731
1601
1022
581
661
990
940
408
-158
-311
-82
-37
-417
-954
-1194
-1139
-1034
-1104
-1334
-1504
-1495
-1570
-1546
-1203
-883
-1318
-1745
-1315
-359
-177
-839
-1415
-1047
41
394
-417
-1205
-656
390
796
259
-207
99
1035
1563
1269
753
866
1560
2040
1834
1336
1273
1617
1864
1722
1404
1088
892
906
972
729
219
-177
-267
-264
-369
-749
-1211
-1415
-1314
-1320
-1469
-1676
-1909
-1912
-1551
-1217
-1410
-1645
-1416
-754
-380
-492
-804
-668
-75
302
95
-258
-142
273
565
449
275
336
649
860
794
691
785
1031
1099
1009
965
1119
1304
1300
1090
935
1159
1383
1152
641
560
846
937
587
108
-51
63
118
-281
-736
-900
-789
-873
-1115
-1379
-1524
-1494
-1403
-1360
-1518
-1583
-1507
-1210
-1046
-1087
-1272
-1206
-840
-537
-545
-703
-601
-226
204
376
331
334
666
1128
1310
1214
1184
1396
1672
1782
1661
1503
1502
1537
1485
1365
1213
882
659
718
752
365
-121
-321
-278
-222
-492
-1022
-1310
-1042
-930
-1238
-1541
-1436
-1246
-1162
-1122
-1090
-905
-666
-540
-604
-456
-215
-123
-197
-174
-34
95
149
63
39
143
327
293
164
184
394
562
536
483
531
752
920
935
824
758
821
935
999
808
538
483
672
696
415
70
-118
-104
-106
-332
-738
-970
-947
-890
-1051
-1296
-1356
-1151
-1036
-1132
-1192
-985
-707
-600
-641
-624
-333
15
130
43
95
338
597
665
582
565
713
899
947
882
848
945
1059
1089
996
923
947
945
729
531
588
648
362
3
11
168
113
-231
-563
-655
-468
-497
-890
-1252
-1187
-1072
-1155
-1204
-1183
-1247
-1353
-1124
-804
-671
-869
-1013
-877
-371
-25
-191
-480
-286
271
594
539
351
441
799
1160
1135
971
997
1298
1468
1376
1198
1171
1298
1284
1101
794
659
664
673
388
1
-152
-59
-63
-379
-746
-905
-809
-791
-1014
-1320
-1383
-1279
-1220
-1188
-1094
-1094
-1117
-945
-570
-327
-388
-562
-478
-41
328
240
-101
-93
330
674
581
265
161
419
770
823
589
452
647
941
1051
942
779
757
919
1127
997
679
535
757
810
550
220
89
103
57
-179
-577
-775
-789
-874
-1143
-1337
-1424
-1423
-1420
-1428
-1449
-1284
-1100
-1038
-1069
-871
-555
-315
-279
-307
-179
150
476
500
388
393
648
925
1025
894
763
891
1180
1370
1206
941
897
1160
1296
1094
747
622
737
806
729
426
147
-5
78
63
-197
-635
-885
-944
-928
-953
-1174
-1488
-1588
-1308
-1066
-1066
-1274
-1307
-1057
-621
-437
-573
-653
-331
75
197
99
85
287
524
622
480
371
454
689
732
573
388
421
637
733
570
339
340
519
645
551
393
341
409
503
490
385
236
146
115
129
62
-107
-297
-358
-289
-292
-434
-566
-549
-443
-383
-431
-527
-490
-325
-243
-292
-336
-264
-160
-80
-97
-160
-114
-20
-8
-82
-46
39
34
-80
-64
28
46
-33
-98
-84
-15
60
52
25
9
78
189
270
239
161
180
312
379
296
193
161
222
261
202
66
-11
-1
53
43
-52
-134
-125
-60
-42
-84
-145
-131
-65
-19
-36
-55
-22
51
111
131
114
115
205
296
277
206
166
210
267
246
98
-30
-44
-30
-105
-257
-359
-391
-396
-439
-503
-554
-556
-538
-511
-473
-434
-406
-343
-257
-169
-105
-35
37
99
173
264
367
416
430
451
535
616
622
557
502
510
550
523
403
268
235
262
243
111
-50
-112
-78
-57
-142
-282
-339
-278
-232
-276
-346
-379
-351
-307
-302
-337
-338
-303
-295
-312
-302
-252
-204
-188
-224
-217
-132
-27
-28
-89
-105
-41
52
94
65
11
29
115
201
192
128
114
175
271
316
284
236
290
396
461
435
399
399
449
484
468
398
323
293
311
291
184
57
0
0
-40
-168
-328
-419
-446
-495
-622
-747
-799
-785
-784
-799
-805
-795
-747
-656
-555
-479
-413
-346
-235
-68
95
182
212
284
415
552
633
627
605
620
703
763
745
650
592
619
650
598
465
361
323
319
244
131
37
20
17
-28
-104
-156
-170
-180
-203
-248
-282
-303
-311
-326
-337
-358
-376
-394
-405
-404
-397
-413
-456
-484
-471
-428
-421
-459
-489
-451
-364
-304
-310
-328
-258
-111
-6
9
28
142
301
416
470
508
586
691
774
798
799
798
797
791
780
735
661
576
505
449
377
268
143
42
-32
-103
-194
-303
-402
-465
-488
-515
-581
-659
-690
-656
-610
-613
-661
-680
-621
-530
-487
-506
-517
-469
-364
-265
-229
-233
-201
-99
17
81
96
105
162
266
355
386
377
403
483
562
584
570
558
568
605
623
584
518
488
484
470
416
332
253
205
173
109
22
-55
-113
-163
-205
-254
-317
-382
-433
-450
-458
-497
-569
-617
-606
-565
-556
-594
-624
-584
-485
-402
-374
-370
-322
-204
-83
-21
-7
33
124
220
272
296
331
383
428
446
465
490
504
487
457
452
473
482
444
373
321
327
345
311
221
139
114
131
118
38
-66
-116
-100
-95
-156
-248
-295
-288
-280
-323
-398
-440
-423
-405
-439
-495
-506
-462
-418
-417
-427
-395
-322
-254
-214
-174
-115
-45
26
91
144
191
243
303
365
405
418
422
442
472
479
447
402
378
368
340
280
213
161
127
88
31
-26
-65
-95
-138
-181
-201
-206
-216
-240
-257
-251
-224
-200
-203
-219
-221
-185
-137
-117
-133
-149
-130
-80
-43
-53
-83
-80
-26
21
26
7
5
32
73
99
92
76
98
147
174
168
155
168
194
207
184
147
130
133
118
75
36
11
-5
-26
-54
-90
-117
-134
-138
-146
-164
-182
-179
-152
-134
-135
-150
-134
-101
-70
-61
-56
-46
-25
7
31
50
60
77
93
119
141
145
139
144
160
177
185
182
177
180
195
206
200
174
150
141
151
145
100
41
9
-1
-22
-74
-151
-207
-219
-223
-263
-325
-360
-364
-355
-355
-373
-396
-390
-351
-311
-293
-278
-239
-182
-124
-81
-38
21
99
170
201
216
258
324
369
363
344
357
398
411
372
324
303
297
270
224
176
139
111
80
51
22
-7
-37
-65
-91
-112
-129
-140
-156
-177
-183
-162
-135
-126
-135
-140
-131
-108
-91
-101
-121
-130
-118
-103
-96
-105
-127
-130
-109
-89
-91
-94
-86
-63
-36
-23
-21
-23
-9
13
39
54
66
85
108
135
166
183
179
173
194
221
238
238
206
161
160
186
164
107
27
-43
-88
-114
-145
-189
-230
-255
-240
-222
-228
-273
-321
-341
-305
-255
-241
-251
-220
-112
9
69
63
82
166
259
302
297
301
354
428
463
437
399
397
407
372
280
189
142
112
58
-20
-84
-117
-130
-165
-230
-285
-303
-307
-334
-369
-382
-370
-350
-333
-321
-307
-271
-224
-194
-181
-155
-97
-29
13
28
43
96
158
180
150
120
124
144
144
109
75
71
101
134
146
139
131
144
165
174
159
140
139
161
179
173
165
172
178
160
122
93
85
77
45
-4
-36
-46
-50
-79
-135
-187
-217
-234
-263
-312
-349
-364
-364
-358
-350
-332
-314
-297
-262
-209
-160
-133
-117
-81
-7
76
120
127
154
243
344
387
365
345
387
453
466
403
335
318
339
323
245
143
78
63
51
-12
-108
-179
-202
-197
-223
-279
-326
-323
-293
-273
-280
-291
-278
-242
-207
-187
-180
-175
-148
-114
-81
-62
-50
-35
2
36
42
32
32
51
74
78
61
57
80
108
118
115
114
133
166
194
213
223
227
229
239
248
256
256
237
208
204
228
237
198
131
79
73
81
33
-69
-142
-154
-151
-195
-281
-343
-350
-334
-334
-371
-410
-406
-360
-326
-327
-327
-283
-213
-155
-124
-104
-72
-15
43
65
67
77
112
148
162
152
140
145
169
196
197
181
166
178
206
228
224
208
200
208
231
224
187
151
143
152
145
106
56
38
46
34
-16
-83
-133
-157
-169
-197
-236
-260
-253
-231
-209
-192
-191
-192
-170
-133
-109
-99
-91
-72
-41
0
25
32
29
34
49
57
49
16
-14
-21
-10
-10
-29
-60
-66
-38
-11
-15
-48
-62
-25
32
57
52
50
86
151
195
188
169
179
212
221
194
161
146
148
134
89
41
12
-10
-50
-104
-138
-146
-165
-208
-242
-241
-210
-192
-205
-213
-162
-79
-28
-25
-25
15
93
159
159
119
114
190
278
292
232
181
199
253
260
176
60
3
23
38
-30
-154
-249
-251
-208
-224
-306
-367
-347
-276
-232
-243
-265
-245
-185
-130
-99
-90
-73
-33
18
60
90
113
135
161
194
220
228
228
219
208
211
209
186
149
118
105
102
83
54
33
35
43
46
43
32
30
49
80
90
77
66
82
111
114
82
47
30
37
37
12
-30
-71
-98
-120
-146
-182
-233
-291
-327
-350
-383
-425
-459
-469
-454
-436
-431
-421
-388
-322
-247
-182
-128
-56
39
136
221
280
329
381
443
491
508
503
493
492
498
493
457
410
380
355
308
231
155
108
72
15
-63
-119
-137
-149
-180
-219
-249
-257
-255
-241
-234
-239
-242
-225
-189
-157
-147
-149
-136
-100
-52
-30
-38
-48
-38
-14
5
-2
-26
-36
-21
2
1
-24
-41
-34
-23
-21
-28
-31
-24
-6
10
23
42
66
91
118
150
180
191
188
193
210
214
185
145
127
130
122
70
-8
-56
-60
-73
-142
-229
-277
-273
-261
-281
-329
-353
-316
-253
-217
-220
-204
-142
-59
5
45
79
138
210
266
308
349
378
388
394
406
414
401
360
308
271
247
205
132
51
-9
-46
-78
-126
-184
-229
-252
-266
-286
-307
-328
-343
-340
-316
-292
-286
-279
-255
-211
-177
-164
-162
-153
-122
-80
-56
-67
-80
-64
-21
16
13
-10
-10
30
76
95
87
80
112
169
214
223
218
241
288
325
331
321
326
348
368
360
330
303
292
280
245
186
128
88
59
14
-57
-123
-161
-174
-202
-254
-303
-316
-312
-317
-343
-362
-357
-334
-313
-311
-306
-289
-257
-235
-222
-200
-158
-116
-96
-91
-58
-3
41
60
64
89
144
196
210
200
209
251
287
287
267
255
261
269
260
223
180
151
135
111
70
20
-18
-38
-55
-81
-105
-119
-122
-120
-123
-126
-128
-130
-127
-112
-98
-94
-93
-89
-71
-50
-49
-66
-71
-59
-45
-45
-61
-71
-53
-23
-13
-20
-21
-3
24
38
42
48
66
92
112
124
137
151
167
174
179
189
194
190
175
154
140
135
122
89
42
-7
-36
-59
-97
-153
-207
-242
-256
-267
-289
-317
-332
-324
-292
-258
-241
-225
-194
-143
-80
-28
-2
19
63
121
169
183
180
187
215
236
227
195
167
161
165
153
124
89
66
56
46
29
1
-21
-34
-35
-30
-22
-17
-18
-22
-8
24
49
47
32
30
49
70
62
33
13
17
29
21
-4
-29
-41
-43
-40
-48
-72
-94
-100
-99
-100
-109
-122
-128
-125
-118
-118
-125
-134
-137
-132
-123
-114
-107
-96
-78
-52
-30
-9
12
30
51
80
104
113
114
126
146
161
161
151
148
158
166
158
136
119
117
125
118
98
77
64
64
63
47
25
12
13
21
20
13
0
-12
-12
-11
-22
-48
-69
-74
-72
-75
-93
-119
-135
-135
-131
-141
-164
-186
-188
-176
-172
-186
-197
-185
-158
-136
-127
-121
-105
-82
-59
-37
-17
2
22
55
96
134
161
177
189
202
224
239
239
229
222
227
231
226
208
177
147
131
120
88
39
-1
-20
-30
-54
-95
-144
-172
-177
-183
-209
-242
-254
-238
-216
-206
-210
-203
-174
-130
-93
-77
-62
-33
7
39
62
85
108
129
148
163
177
186
184
181
183
182
170
146
122
102
85
61
33
8
-17
-43
-65
-76
-88
-109
-132
-140
-136
-130
-137
-150
-154
-133
-108
-104
-117
-115
-89
-58
-47
-54
-52
-26
11
32
34
29
41
63
81
81
79
82
92
105
116
129
136
144
151
161
169
173
176
173
164
155
149
141
123
95
64
43
27
2
-36
-71
-100
-124
-143
-160
-183
-205
-220
-225
-222
-226
-235
-245
-244
-231
-216
-209
-206
-195
-171
-144
-123
-103
-76
-43
-10
25
57
86
111
137
163
186
209
230
241
244
249
257
262
252
225
200
185
173
150
119
87
63
49
29
1
-28
-48
-67
-80
-92
-109
-129
-139
-140
-135
-137
-139
-141
-136
-124
-110
-100
-99
-102
-102
-90
-73
-70
-78
-78
-66
-40
-20
-15
-19
-4
27
59
70
64
67
92
125
137
132
125
130
143
152
141
120
104
104
99
81
49
21
6
-7
-29
-66
-95
-109
-114
-132
-155
-169
-168
-156
-148
-146
-141
-124
-97
-63
-35
-16
4
29
59
87
101
108
117
125
131
135
133
122
111
99
86
73
57
37
17
3
-6
-21
-39
-49
-49
-45
-51
-60
-55
-40
-28
-24
-23
-13
2
12
16
18
23
26
27
18
1
-17
-27
-38
-48
-63
-78
-79
-71
-68
-74
-79
-73
-60
-50
-49
-44
-30
-14
-5
0
5
21
39
46
43
40
48
60
62
53
44
49
60
61
51
42
39
34
27
14
2
-3
-2
-5
-12
-16
-15
-8
-7
-8
-16
-22
-24
-22
-27
-40
-50
-48
-40
-38
-38
-35
-25
-7
7
8
9
26
54
83
95
95
106
129
148
145
124
104
98
103
90
55
19
1
-9
-31
-67
-111
-144
-160
-166
-181
-197
-210
-216
-204
-184
-172
-175
-170
-144
-103
-71
-55
-41
-4
44
86
103
116
143
177
203
207
209
221
239
239
227
216
206
195
170
137
109
91
67
26
-15
-36
-40
-50
-79
-114
-128
-125
-121
-133
-155
-165
-157
-139
-130
-133
-136
-123
-98
-83
-82
-86
-78
-64
-57
-61
-69
-71
-67
-56
-54
-62
-62
-51
-36
-27
-21
-16
1
27
48
61
69
79
97
124
143
150
152
165
188
202
204
199
198
202
200
189
169
143
124
106
76
39
10
-15
-41
-76
-111
-135
-152
-177
-205
-228
-236
-236
-237
-243
-246
-236
-214
-189
-170
-155
-132
-101
-69
-46
-23
0
23
50
77
104
123
133
146
164
172
166
153
144
143
142
133
114
99
92
85
75
65
48
36
32
27
22
16
11
9
7
0
-2
-6
-6
-5
-9
-19
-23
-25
-22
-24
-39
-59
-70
-69
-73
-90
-114
-126
-127
-131
-136
-134
-133
-132
-124
-102
-82
-73
-68
-49
-17
17
33
39
60
93
119
133
139
147
163
176
179
173
163
158
152
136
113
92
72
45
17
-8
-24
-47
-73
-90
-98
-105
-114
-129
-143
-143
-132
-127
-136
-138
-117
-94
-84
-81
-71
-54
-33
-24
-16
-3
15
33
36
39
53
71
71
64
64
75
86
87
79
74
81
85
79
66
54
53
55
47
27
6
0
-2
-7
-22
-31
-34
-29
-30
-40
-46
-52
-56
-55
-57
-65
-57
-49
-43
-34
-33
-31
-25
-19
-24
-24
-24
-23
-12
-9
-8
-4
8
12
19
22
23
32
49
56
42
44
55
79
83
68
59
73
84
81
67
46
46
50
45
27
4
-19
-22
-17
-28
-46
-69
-84
-87
-80
-88
-108
-122
-115
-102
-96
-104
-120
-114
-93
-81
-73
-76
-72
-48
-19
11
36
56
79
110
140
150
156
139
136
144
143
150
139
124
129
130
127
109
100
72
30
12
2
-22
-53
-75
-90
-78
-79
-97
-112
-126
-121
-102
-97
-116
-123
-119
-109
-93
-93
-97
-99
-78
-65
-46
-27
-31
-21
9
19
17
22
33
55
64
59
76
93
94
116
136
129
113
101
97
91
67
47
31
29
18
21
9
0
9
18
-1
-32
-40
-23
-32
-64
-83
-84
-50
-62
-85
-100
-98
-86
-122
-129
-146
-126
-94
-106
-87
-60
-15
3
-14
-38
-26
0
15
-1
-13
0
51
81
89
98
92
111
128
140
157
164
187
195
177
205
220
184
138
78
74
73
48
12
-18
-87
-51
-20
-32
-114
-99
-177
-170
-253
-185
-472
-1618
-547
1190
216
-1701
-413
1886
1489
-428
-677
207
409
192
-490
-1004
76
897
455
-687
-1149
203
1616
38
-2023
-578
1854
1619
-95
-487
82
805
494
-581
-1234
31
646
200
46
274
10
269
348
-394
-921
-447
-28
-213
109
264
103
324
675
308
11
-232
76
-287
-454
-229
-122
252
121
-99
-55
501
359
191
-76
81
384
427
-293
-413
-1260
-2787
-2233
-547
-604
-2253
-1776
858
3714
3913
2044
92
1338
2128
146
-3109
-3472
-1969
115
690
92
529
2222
3646
1896
-332
-1512
-1375
-1385
-941
-1619
-1003
-94
1273
2628
2292
612
61
469
30
-1269
-1667
-1166
-1062
238
639
825
720
878
928
1000
-145
-910
-826
-2153
-1495
-499
-723
-1329
-819
965
1399
1110
894
-309
-642
-171
-622
-2395
-2289
-714
194
509
641
1462
2112
2303
1628
671
16
-308
-278
-122
-327
52
486
604
1225
1369
190
-443
-341
-404
-1247
-1551
-1431
-1134
-139
256
88
-2
587
1055
452
97
329
-99
-939
415
602
-220
-757
-48
1281
173
-624
-71
686
-683
-40
253
-856
-691
-552
475
-483
-478
-409
67
-191
482
281
-552
253
355
559
-349
47
70
733
-56
139
-93
-317
625
526
-227
-217
547
26
104
-162
-115
-331
267
580
-428
-240
484
388
85
44
-210
-111
-56
-45
-354
-381
-163
90
422
-181
-180
-33
154
-101
-307
-573
-16
-22
178
-486
-287
518
181
-452
-389
-126
0
50
-616
24
97
221
411
126
-38
477
134
-54
232
-503
560
249
-672
-56
739
47
-529
259
177
592
-687
274
417
208
183
-52
-55
252
144
-644
-129
204
583
109
-753
399
862
-564
-512
392
-560
-449
314
69
-921
-54
212
105
-900
-122
115
-429
-480
605
570
-637
114
575
476
-730
-481
227
258
-335
-167
310
636
348
139
250
760
-130
-364
-84
803
9
-297
49
345
-375
353
646
-616
-743
470
759
-792
-742
368
75
-455
-366
312
-272
-968
-30
612
-125
-880
818
254
-143
-83
291
-19
-144
-305
329
334
-587
226
20
-37
161
-248
-206
109
180
289
163
-240
799
705
-651
-373
-236
453
-529
-635
167
768
-358
184
716
28
-414
276
-340
-31
-18
-428
289
301
412
696
-148
-308
85
-55
-5
-651
-983
-45
110
-453
555
-338
272
281
228
-19
-258
-272
315
7
-43
-285
-67
702
-28
7
269
581
-296
301
-591
257
146
-15
-605
-306
219
151
-57
-698
784
-200
121
-165
-86
-417
96
-402
206
-27
-711
757
205
-290
-279
909
192
-497
-559
536
175
-53
-182
70
463
-25
-347
-202
545
-485
-175
113
423
278
-526
-292
1014
528
-771
66
162
273
-74
-309
-198
112
188
62
-252
-103
195
206
-173
383
321
-601
-21
113
520
-159
-684
-311
514
621
-640
-506
-62
891
269
-798
-396
-282
585
-532
-264
333
153
-243
54
312
-249
-53
-35
-234
124
165
-380
-161
297
174
719
-59
-95
-93
-6
168
-90
-222
-535
-205
-405
309
169
-590
-109
1074
588
-63
-311
-75
661
441
-99
-280
-243
444
490
-590
-232
236
495
-158
-309
-87
7
-92
-661
379
26
-154
-723
1
281
-194
-533
-53
288
-350
305
326
-221
-94
491
835
-288
-668
158
442
-57
-383
288
166
299
8
178
108
-19
246
-53
-355
-193
138
249
-463
-142
279
-247
-83
-95
-30
-153
73
180
229
-447
-430
720
171
-339
-149
94
313
101
-355
-167
44
-80
396
-325
-322
601
-218
-123
187
-130
-304
417
-141
-272
-285
310
264
-409
220
703
-48
-301
358
361
372
-113
-60
212
255
51
265
-134
-327
-170
215
240
-236
-419
-214
61
30
-43
-474
-141
-100
-267
-65
-201
122
-6
-337
66
275
-242
-121
266
122
150
-246
-5
476
82
-449
299
379
78
-142
27
19
-327
119
45
1
-401
-200
-25
-154
496
-35
68
120
128
-153
-35
259
84
-194
142
614
-227
-424
126
767
95
-591
118
551
-436
-709
162
259
-304
-333
146
-94
-245
205
-10
-245
-190
142
-17
-668
200
536
140
-91
602
280
-142
-1
115
-152
-706
56
738
-401
-799
245
479
158
39
-112
139
-416
-60
447
-197
-629
80
442
-22
-92
49
333
-23
546
480
-236
-574
251
552
-527
-717
-5
733
-72
-585
101
339
-156
-466
29
-263
-467
-285
344
282
-300
357
616
-82
-226
468
277
-292
-399
78
717
334
-448
-388
-207
488
671
-124
-623
-326
472
475
-197
-578
39
201
312
28
-616
-379
401
409
-188
-464
-309
183
-23
-99
59
-66
224
413
-263
-269
503
477
-142
-230
61
312
-33
-394
11
46
-57
438
93
-979
-362
715
-100
-884
-283
408
99
-604
-183
269
184
68
381
146
-88
291
266
-199
-78
757
301
-621
-341
402
244
-258
-94
77
-10
-186
106
-191
-711
86
503
241
-493
-134
170
116
-289
136
230
-127
22
29
37
-206
6
161
470
-42
-241
-181
192
278
-35
-523
224
513
-175
-383
-147
170
212
-53
-328
88
-93
-231
22
77
87
-116
7
15
-48
-68
373
275
-111
150
409
-59
-435
73
472
90
-205
152
126
-183
-389
-98
-46
81
107
-191
-231
-22
145
127
-239
-42
85
-85
-61
99
-63
47
189
87
-123
-129
85
125
62
0
172
35
-52
58
-105
-138
198
-134
-187
-70
-137
6
272
28
-84
68
29
27
-343
-377
120
303
63
-41
-56
-45
181
105
-109
-56
10
105
-9
-79
-42
90
-39
-58
101
173
-57
-125
114
246
125
-230
-215
78
-13
-136
-97
-144
113
240
69
-179
-86
-39
9
16
-94
50
210
119
-10
3
4
112
207
-106
-229
-35
-55
-99
-39
140
0
-54
50
160
-98
-223
96
118
-56
-91
-71
20
-79
-63
192
213
-109
-267
70
-94
-141
17
82
189
62
-117
-46
-16
-54
225
117
-39
-25
-43
114
9
-271
-9
493
276
78
-175
-67
268
-29
-300
-198
-135
-187
-185
-139
48
93
136
276
72
-200
-117
-24
25
-32
-49
19
106
103
215
195
31
12
27
92
-10
-248
-180
-71
-39
-94
39
139
81
-68
-21
-58
-180
24
107
-125
-176
-22
106
234
114
77
121
86
-55
-39
-45
41
30
-20
-53
-87
65
124
-52
-86
70
24
-35
-174
-105
61
-94
-148
10
1
-22
-10
16
205
184
-34
-48
-23
-61
-41
-68
94
168
-26
-29
75
187
115
-94
-158
-63
-17
-95
-35
-83
-33
34
-15
-11
44
52
7
9
78
159
-38
-204
-33
51
20
23
-76
-65
36
61
13
-33
-50
-11
12
-111
-117
-18
-24
-7
34
138
146
-8
-70
43
51
18
48
-52
4
66
13
-97
-152
-46
137
154
-22
-175
-78
0
-29
43
8
-80
-30
124
104
-98
-153
99
154
70
-71
-137
49
168
62
4
13
-28
-31
-74
-12
142
137
-73
-108
10
-29
-54
-108
-80
92
145
-2
-211
-176
-10
97
-9
-79
0
97
132
4
-18
45
154
148
15
-214
-182
22
160
140
3
56
213
217
43
-52
-35
48
26
-33
-191
-216
-86
38
14
39
64
-34
-100
-108
24
47
-21
-112
-90
-7
-4
-99
-79
31
112
94
-40
-36
-57
-102
39
138
21
-40
72
75
25
-43
-1
30
10
36
-69
-152
-128
49
153
88
22
7
-40
-81
-45
-3
-36
33
66
55
-24
-118
-65
85
190
131
1
-75
-19
24
-13
-15
10
17
107
67
-55
-103
-64
32
74
30
-140
-207
-136
-82
7
107
33
-21
-20
-41
-44
-39
-45
-46
63
22
-44
-25
83
59
47
123
55
22
-66
-67
1
13
31
102
43
-43
-43
-39
-47
-48
36
32
30
49
2
33
134
97
13
13
-20
-62
-94
-59
20
34
-38
-31
-6
-15
52
50
-16
21
29
-3
-33
-61
30
74
-2
10
45
-9
-12
-4
3
23
34
25
1
-38
-12
32
18
19
26
-14
-21
-15
-42
-28
-9
40
62
-2
-45
-7
-3
-1
-12
-27
-27
-47
-14
-33
-82
-41
15
8
29
51
50
34
1
29
95
28
-102
-100
5
64
4
-36
-61
-17
24
-52
-106
-40
10
22
6
-54
-38
-5
28
24
-29
-101
-67
4
-9
-12
35
96
92
49
-20
-6
19
41
79
27
16
65
59
5
12
54
84
51
-25
-20
31
-6
-40
-36
-40
-20
-10
-42
-105
-30
77
14
-61
-17
8
-40
-66
-82
-93
-71
-29
31
50
5
-37
-15
58
87
89
-31
-124
-54
69
105
-3
-37
34
95
38
-29
-20
-21
9
53
24
-43
-44
18
70
16
-63
-20
17
-14
-21
4
55
78
115
105
5
-26
8
21
-13
7
5
-13
4
-4
11
8
4
-44
-55
-38
-74
-129
-153
-44
49
33
-20
5
40
48
30
-4
-28
-40
-4
-4
-35
-42
7
55
75
56
12
6
9
11
-15
-86
-93
-31
7
33
11
-8
63
81
19
-21
-14
19
-9
-40
-16
6
21
15
25
10
6
12
-6
-15
-11
-31
-87
-83
-67
-36
-25
7
68
73
51
8
-3
21
5
-25
-9
-14
-2
51
93
100
77
28
9
17
-21
-12
12
20
-13
-27
-3
3
12
8
9
-14
-46
-59
-60
-77
-50
-6
-9
0
25
16
-5
20
42
21
-3
0
-9
2
10
26
43
6
