SAMPLES:	9745
BITSPERSAMPLE:	16
CHANNELS:	1
SAMPLERATE:	16000
NORMALIZED:	FALSE
-12
-17
4
18
13
5
-3
1
0
-13
-13
-15
-12
-8
2
9
5
17
5
7
4
7
7
11
7
9
25
21
17
-3
0
0
7
-5
-11
-4
-1
6
4
-2
-2
-7
-2
-5
-12
-25
-28
-8
12
10
1
-13
-5
8
2
-6
-15
-5
-5
-16
2
0
-5
-3
0
9
7
-16
-27
-8
-3
-6
-13
0
12
3
7
-2
12
16
-4
-19
-13
3
9
-4
4
14
12
9
-2
18
-6
-12
-13
-4
0
7
-3
-1
5
-2
4
11
14
-7
-32
-32
-3
0
8
-3
3
21
31
14
12
6
11
-35
-46
-2
12
18
-23
-5
-4
23
16
-24
-29
2
13
19
-10
-2
10
40
14
-15
-36
11
15
20
-7
-36
0
24
31
8
-16
4
-11
-5
-2
-17
-9
-14
-15
-4
24
35
7
-25
-20
38
26
-21
-30
-2
52
56
-17
-34
6
27
28
-16
-33
-14
19
7
-20
-20
-7
14
18
-25
22
16
32
-16
-6
1
12
11
-2
-27
-37
-4
17
13
-30
-45
17
76
9
-21
-66
12
40
-3
-47
-42
34
-7
-16
-24
14
43
27
10
7
7
15
19
-18
-73
-23
79
70
-24
-33
18
13
79
-16
-56
-38
16
19
-45
-13
-9
-48
21
50
-9
-40
-66
-3
82
21
-74
-82
-15
49
15
-56
-41
7
67
4
-38
-16
-7
31
9
2
6
54
35
-20
16
-10
64
-41
-94
22
56
83
-51
-77
38
52
85
-71
-89
-6
70
66
-81
-75
-18
107
29
-33
-90
18
53
66
-53
-109
-1
75
1
-21
-141
30
41
53
17
-132
36
53
106
-17
-44
-80
37
63
67
-136
-36
79
137
-8
-118
1
17
148
-78
-109
-55
148
32
-21
-83
-17
105
18
1
-39
18
-36
6
44
-6
-43
3
11
63
10
-107
-39
55
99
-83
-20
-38
133
-5
-12
-34
9
-2
12
-49
-38
-1
55
51
-106
11
-11
112
-123
-40
-18
129
-51
-46
-41
45
76
-72
38
-61
120
-37
110
-43
-12
12
85
-35
-15
15
-20
17
-15
118
-132
62
3
57
-72
5
-24
5
28
-74
4
-33
63
-106
64
-74
35
35
-13
-54
-34
68
-54
-40
-21
-20
83
23
-53
-13
32
12
8
-67
-70
94
-24
-43
-30
54
122
44
-117
48
74
-35
-44
-33
-92
58
23
9
21
-71
132
-38
-25
47
-112
-16
20
-31
-14
31
-5
31
17
-52
48
-105
118
-15
-118
61
14
8
-31
78
-27
5
47
30
-12
-21
59
-71
-67
116
-27
-59
4
143
-28
-8
-22
48
-14
4
35
-59
-17
17
17
-50
-1
-7
1
-63
44
13
-39
-27
76
25
-50
12
20
60
-53
57
-108
105
54
-19
-56
1
92
-22
-13
-68
34
28
-25
-16
-113
82
-107
35
84
-115
104
-2
22
108
-73
-5
-71
21
54
-32
-9
-74
102
39
-1
-69
56
28
-31
63
-43
-98
20
-17
35
-43
43
-12
11
-60
74
-117
123
-146
101
-61
-15
112
-55
-40
-5
31
-3
14
-80
39
-3
71
-140
108
-64
15
-31
-10
-17
-7
98
-120
58
93
-31
-45
28
-124
155
-38
-66
-144
131
120
35
-104
-10
97
48
73
-169
-56
88
37
-65
-129
132
32
163
-178
-34
88
5
39
-171
71
33
-17
-4
-94
-5
60
6
-81
50
57
-5
7
-57
-62
-56
80
-48
-25
-46
134
90
2
-38
10
49
-22
-35
-65
7
15
-27
13
156
-121
54
-17
149
37
-163
99
-45
116
-142
10
-106
216
-76
78
-133
56
82
-94
28
-79
20
25
88
-45
-55
-61
108
-80
-18
-30
-5
10
34
66
-69
-9
61
-26
80
-134
-32
58
38
-26
-10
22
22
-75
110
21
-89
22
-9
34
-66
41
16
-110
36
49
3
-70
18
27
-58
83
-10
-52
18
-28
-33
-71
110
-26
49
-110
101
-23
64
10
-111
20
-59
85
-43
39
-149
177
-34
-2
-66
182
-38
-93
-13
58
1
-32
-22
26
116
31
3
-144
165
-74
-17
-61
36
1
-45
46
-6
-36
119
-234
124
-121
132
-128
77
-3
17
-1
-67
79
-34
-20
-33
44
28
49
-176
-7
70
120
-118
21
-23
77
66
50
-167
-31
89
-43
-6
12
42
-120
146
141
-114
14
3
-6
-44
16
-113
-54
168
3
-35
-44
114
-35
-18
-33
-88
21
26
27
-6
-24
43
2
100
-40
-209
213
-40
-4
-90
104
-37
-14
95
-38
-100
80
9
93
-91
-47
66
-69
46
-117
47
11
25
-165
120
87
50
-161
-3
104
2
70
-149
-8
34
-6
-77
42
86
-10
23
85
56
-60
11
55
-15
-18
27
-9
-68
75
-59
-35
22
178
-120
-98
33
113
-80
-107
-116
93
58
-32
-126
107
9
19
-32
-91
50
6
152
-77
-84
31
41
43
-111
-100
143
34
123
-256
243
-55
44
-74
-88
82
-68
106
-186
156
-18
98
-51
-51
76
69
-81
-134
104
83
6
-66
-37
68
34
-83
8
-48
45
-83
23
-47
89
-124
55
49
-15
36
-46
-64
-17
46
-18
-131
106
-26
-51
121
57
-57
-69
87
-34
-72
103
-123
87
-74
221
-56
4
-49
13
-44
-16
6
-15
35
-25
55
-57
-20
-15
88
-114
66
-39
112
-16
85
-77
-101
178
-84
70
-149
41
0
65
9
-124
-6
129
-14
-21
-61
-44
16
41
9
-122
-65
116
165
-86
9
-72
156
-16
-27
-126
-96
145
88
-105
-9
119
40
82
-78
-26
-143
196
-93
-109
-52
103
102
0
39
-74
273
-39
-91
-215
176
-12
-94
-162
28
119
-3
-8
-51
107
-1
27
-157
-11
-35
48
-74
-105
49
81
35
-107
86
95
34
-54
-4
-8
-30
-31
19
-27
20
141
-32
-44
66
-4
-80
-50
66
-65
-12
-22
76
32
34
-45
76
41
-28
-87
10
87
-104
24
49
202
-65
88
-101
-40
-12
-29
-137
-27
113
85
32
35
-110
-57
46
-97
-74
-87
17
36
166
40
-53
91
-9
1
-40
-59
-86
-87
129
0
-31
-18
150
104
-46
-22
-25
-50
52
43
-25
-145
81
66
31
-39
-4
-64
89
51
-35
-183
56
119
19
-204
47
105
5
-83
12
-63
-18
216
22
-195
-81
252
-165
-44
23
95
-147
121
94
22
-153
-10
61
-7
-93
47
-67
-21
297
-72
-167
-27
290
-71
-157
9
-56
68
25
-60
-89
104
59
-26
-8
6
1
59
-58
-57
-123
98
-85
5
14
17
103
-14
92
-39
44
-62
-47
-110
93
55
-118
-34
204
-8
-40
147
-30
-76
-8
-65
-74
31
-39
-129
96
124
11
-141
73
73
-57
-71
-17
66
-46
9
-85
-47
151
39
38
-120
60
161
-44
-81
-126
158
-36
-37
-40
111
52
8
71
49
-132
60
-35
-61
-94
-70
213
-76
168
-47
130
28
55
-49
-117
157
-180
-40
-86
100
0
-19
59
-33
135
-78
137
-153
-95
-44
-115
-48
-55
71
-10
111
218
-122
89
-27
-91
-43
-139
99
-109
138
77
119
13
-192
106
-50
5
-166
213
48
-5
13
-48
92
-104
7
-109
55
-67
-41
10
-3
72
87
-77
-95
238
-45
-177
-117
99
-28
-12
99
-259
261
10
53
-167
166
-71
-9
90
-55
-80
26
145
-35
-154
-39
42
25
6
31
-80
32
6
49
-116
-21
48
25
17
-8
98
-131
90
-36
103
-43
-121
-44
46
236
-209
-8
23
152
-86
-2
-135
-68
378
-153
-184
99
294
-196
-30
-71
-111
104
92
55
-150
102
201
59
-46
-98
-68
60
65
-175
-182
233
63
-48
-74
6
-14
121
-21
-148
-35
-68
138
-44
51
-125
161
25
13
19
-72
57
-23
111
-183
-87
87
-11
119
-61
51
-6
152
-33
73
-24
-162
64
95
-194
-72
54
141
95
-128
-3
-7
263
-305
151
-181
-55
-74
63
4
-76
15
-8
372
-153
-136
85
63
-96
-43
3
-130
159
17
-86
83
20
84
14
54
-178
-44
-24
88
-83
-129
76
54
-77
-66
63
26
-6
42
-278
126
148
-151
64
62
-37
12
173
-203
-183
95
-132
108
33
-17
-38
382
-87
-191
229
48
-265
-203
102
-70
48
119
96
85
37
115
-230
68
-186
-36
-82
138
54
-6
205
-341
220
156
16
-341
-107
350
-242
-91
-187
60
145
290
-23
-272
491
-173
-30
-389
178
163
65
-145
69
220
53
227
-259
-162
160
115
-439
-40
137
82
77
32
99
44
53
-298
-13
-137
-207
230
-105
-48
-30
283
-74
105
-143
37
61
-217
37
-30
234
-74
51
64
232
-129
90
-80
-194
20
104
18
-47
117
-49
126
-224
32
-165
138
-56
-30
-27
43
117
62
125
-312
235
-123
-13
-161
226
-86
20
-78
3
121
-21
-128
-276
-49
295
-138
-388
281
76
-181
133
-9
-36
187
-21
-312
253
195
-52
74
219
77
-65
-41
-162
12
152
-312
-7
141
230
-83
-4
-32
214
-42
-79
-65
-156
-143
-53
17
-11
96
-220
219
124
106
-162
103
-305
-128
308
35
-161
-121
314
-274
384
-13
-335
-6
382
-273
-242
226
-167
108
81
-106
-65
126
182
16
113
-212
-52
102
-49
-354
-99
291
-29
264
-59
318
-248
-26
50
307
-227
-212
367
-258
116
-155
120
-410
623
-318
44
-24
222
37
-308
173
-281
109
-236
390
-672
190
266
-107
67
366
-94
-483
420
-269
-303
26
132
179
-44
-71
-17
220
204
-294
-106
-147
353
-147
115
66
-210
233
122
-59
-426
41
304
138
-145
-16
484
291
-327
-413
-179
327
13
-240
-14
339
166
84
-25
-543
360
-233
-115
-162
-109
297
347
-85
-246
502
-531
-46
13
-81
-331
56
90
-8
253
272
-43
-43
88
128
-247
-537
296
-201
-126
97
202
259
213
608
-355
-174
-393
408
-632
-126
-805
675
360
111
118
107
372
-185
-217
-496
-67
-423
-31
624
274
83
-25
97
350
-141
-24
-309
-49
-459
436
-230
-171
126
378
24
-5
221
100
-193
-607
195
-343
-90
287
-128
-82
537
123
-328
34
174
-496
271
9
-380
304
226
192
89
329
-595
330
476
-674
-620
80
126
130
20
-720
373
744
479
-513
-445
400
122
-372
-766
-310
629
673
-308
12
262
892
229
-590
-496
-43
-228
-88
50
-105
84
603
855
-148
-839
-101
502
-610
210
-275
-83
535
-128
-602
294
307
-474
-26
16
184
243
-278
-282
150
-287
73
-55
-163
17
603
140
-18
33
432
-311
-337
-58
-116
216
-445
-21
494
686
-116
-249
-250
346
60
-891
-124
173
-316
417
226
-322
319
197
-208
286
96
-145
20
-405
-185
-207
-492
319
212
-445
802
521
-659
-79
370
-342
91
446
20
-305
-276
-208
241
-101
-692
248
620
335
-300
-539
89
792
26
-738
270
214
-5
229
-108
-446
646
215
-1251
25
651
-57
310
-66
-365
-161
40
-559
-195
372
-122
-85
-186
249
139
102
100
119
-245
609
181
-1049
-85
497
8
99
77
-6
0
643
125
-671
-69
-25
340
-218
-33
15
453
894
13
-276
-74
144
-446
-83
207
-536
139
834
-186
-276
521
453
-190
-94
176
-739
-560
911
-529
-771
562
651
-487
173
286
-731
-253
339
-805
-860
263
228
-670
512
444
-734
1015
39
-788
-764
1110
-301
-932
763
243
-346
232
729
-133
154
1233
-774
-448
351
7
-474
-25
746
-492
306
758
-557
-379
799
-117
-469
500
613
-654
53
719
-146
4
467
285
-171
216
300
-728
426
-139
-882
-78
-775
-703
-644
209
-368
-1066
329
-110
-936
-903
-5
548
-494
386
43
558
1344
771
516
545
178
365
-11
-531
-446
22
458
-206
215
478
653
-9
-551
-214
-785
-366
-318
-572
152
149
526
566
356
939
336
208
352
52
-89
-309
125
-330
245
341
89
109
-448
-123
-252
-778
-315
-466
-609
-278
-450
-135
-207
418
305
-393
36
124
0
-110
-419
-5
314
275
-58
142
454
66
297
189
-78
220
-209
-211
143
86
92
-319
453
480
-97
170
349
61
125
376
-14
-146
19
77
-8
-178
-107
-182
-56
-24
-383
-489
-64
-27
-189
-381
-182
-38
19
-242
-354
-213
73
-109
-162
-106
208
294
80
-196
-96
211
-50
-407
-375
157
182
191
-223
-27
607
543
-317
91
553
269
138
194
294
712
823
602
246
585
803
443
239
106
224
412
228
11
255
618
371
-216
-145
-250
-272
-508
-954
-860
-985
-876
-1042
-1220
-1188
-1119
-1289
-1368
-1454
-1465
-1274
-1022
-1024
-1173
-884
-915
-743
-497
-312
-435
-339
166
496
876
946
1171
1541
2053
2073
1751
2092
2553
2970
3064
3007
3066
3668
3407
3200
3160
2944
2462
2007
1315
645
312
-69
-681
-1113
-1674
-2166
-3089
-3841
-4348
-4736
-5097
-5610
-5973
-6127
-5721
-5589
-5162
-4913
-4147
-3532
-3129
-2553
-1905
-1066
-90
942
1577
2023
2939
3678
4338
4931
5275
5463
5350
5203
4969
5177
5240
5188
5365
5449
5382
5747
5521
4251
2722
1269
-223
-1967
-2337
-1738
-958
-1570
-2883
-4278
-5279
-4976
-4972
-5548
-5878
-5890
-5461
-5383
-4984
-4365
-3278
-1316
22
507
168
-134
50
-53
60
101
-449
-812
-434
167
29
-208
-564
-1228
-973
-659
-855
-879
-2
655
1334
2270
3089
4277
5998
7633
8465
8787
9308
9247
7862
6101
4395
3028
1526
815
1137
1181
-3
-2269
-4111
-5629
-5858
-5976
-7235
-8424
-8481
-7968
-7768
-7386
-6278
-4947
-2915
-1219
-800
-1244
-1504
-1493
-915
115
374
260
1242
1965
1579
702
239
146
413
652
-361
-886
-41
1082
1592
2292
2702
3980
5329
6627
6964
7493
8533
8942
8636
6955
5284
3633
1670
137
515
1545
704
-1401
-3724
-5759
-6266
-5929
-6366
-7701
-8265
-7860
-7777
-7413
-6481
-5034
-2966
-397
670
574
320
338
1024
1986
2113
1205
883
576
124
527
646
-313
-2035
-2464
-2639
-2701
-2134
-2528
-2619
-1426
-71
620
909
2740
4551
6709
8226
8738
9357
10706
11253
9606
7829
5934
3678
1392
984
2269
2192
-77
-3184
-5337
-6123
-6551
-6792
-8434
-9354
-8815
-8301
-8440
-8047
-6319
-4272
-1686
248
477
-218
160
1096
1279
1435
1434
447
-70
1549
3123
2064
402
-1353
-2382
-1771
-1032
-2002
-2972
-1872
-639
-1
497
1210
2704
5305
7450
7552
7208
8431
9183
8533
7091
5618
3843
1608
1503
2942
3071
877
-2225
-4120
-4988
-4935
-5240
-7141
-8398
-7616
-6875
-7032
-7086
-6059
-4037
-1475
420
239
-391
-208
904
1928
1907
1192
470
-83
98
445
994
283
-938
-2246
-3563
-3199
-2601
-2373
-2381
-2104
-1347
-524
841
2072
3533
5661
7609
8701
9404
10375
10109
9236
8271
6443
3606
1288
1938
3606
2949
-242
-3678
-5695
-5914
-5498
-6326
-8429
-9310
-8586
-8069
-7997
-7333
-5956
-3453
-789
1024
937
380
662
1992
3157
2931
2174
1136
-184
270
1645
1128
-1063
-2336
-2476
-2702
-2610
-3259
-4453
-3427
-1188
-844
-1298
-177
2196
4418
6715
7562
8055
10132
11509
10157
7870
6589
4430
2085
2330
4262
4148
956
-2678
-4750
-5055
-4609
-5196
-7421
-8862
-8322
-7330
-7815
-7729
-5856
-3453
-1185
351
756
115
596
2304
3457
3084
1565
839
517
168
303
441
-635
-2737
-3668
-3810
-3591
-3054
-3236
-4178
-3602
-1821
-692
-197
1665
3979
5907
7478
8448
9920
11834
11533
9206
7263
5307
2217
1484
4273
5190
2330
-1974
-4929
-5998
-5020
-4551
-6846
-9196
-9087
-8032
-7916
-7969
-6672
-4217
-1431
544
964
357
619
2196
2957
2709
2327
1216
319
1635
3451
2482
-441
-3051
-4275
-3398
-1752
-2741
-4909
-4987
-3137
-1969
-1452
-715
951
3863
5995
6229
6080
7551
9900
10612
9082
6876
4899
2914
2166
4169
5557
3322
-1097
-4099
-5023
-4592
-4220
-5792
-7874
-7919
-6904
-7091
-7452
-6176
-3790
-1343
252
165
-615
-158
1845
3430
3816
2204
379
610
1188
820
525
676
-483
-3100
-4969
-5466
-3797
-1468
-1651
-3900
-4429
-2067
515
2195
3027
3426
4937
7178
8585
9449
9953
8962
7706
6378
3416
376
1614
4830
4200
90
-3962
-6380
-6023
-4548
-4832
-7132
-8233
-7743
-7255
-7031
-6180
-4105
-1583
597
1235
1107
749
1525
3335
4805
4178
1810
206
-150
117
691
1594
901
-1739
-4411
-5480
-4258
-2478
-2031
-3703
-4705
-3273
-712
1134
2334
3619
5330
7101
8241
8597
8022
7364
6970
5549
2566
854
2845
5026
3933
255
-3048
-4514
-4123
-3482
-4966
-7018
-7299
-6385
-5797
-5795
-5053
-3205
-757
802
1006
683
348
980
2273
3205
2712
718
-485
161
185
-1164
-1463
-960
-2903
-5303
-5359
-3902
-2700
-2364
-3733
-4888
-2358
1339
2305
2362
3474
5314
7203
8736
9573
10185
10325
8708
6409
3889
1158
952
4364
5292
1322
-3422
-5840
-6010
-4359
-3430
-5797
-8420
-8336
-7084
-6283
-5391
-3992
-2309
-506
639
961
827
1051
2385
3602
3248
1426
18
-306
577
1847
1135
-1502
-4439
-5310
-4054
-2211
-2250
-4255
-5338
-4145
-1951
-158
864
1750
3385
5339
6133
6233
7437
10126
10816
8946
6420
4413
2097
802
3406
5754
3273
-2126
-5915
-6222
-4790
-3171
-4658
-7652
-8616
-7033
-5681
-5336
-4104
-2325
-384
683
848
527
867
2406
3915
4203
2884
945
-148
404
1314
-130
-2372
-3756
-4170
-4838
-5018
-4159
-3629
-3163
-3419
-3979
-3046
69
2562
2920
3254
4209
5947
8350
10912
12180
10789
8968
7244
5100
1608
383
3728
5307
1585
-4249
-6931
-6614
-4541
-3102
-5571
-9055
-9776
-7920
-6406
-5200
-3633
-2453
-1013
505
1666
1833
2108
3532
4554
3517
1644
33
-923
-91
1732
1809
-1226
-4349
-5625
-4702
-2547
-2394
-4558
-6013
-4844
-2587
-835
383
1290
3187
5496
6536
6783
7838
10128
10636
8951
7053
5197
2940
1308
3434
5819
3882
-1402
-5174
-5665
-4202
-2834
-4193
-7632
-8851
-7262
-5357
-4856
-4031
-2814
-1504
56
902
920
689
1886
3404
3895
2710
828
-677
-652
746
-260
-2961
-3852
-3109
-3767
-5118
-5382
-5506
-4237
-2519
-2801
-3813
-1959
1292
3296
4437
4945
5406
7687
10938
12417
11340
8927
7257
6281
4201
1459
2726
5303
3097
-2404
-5469
-5724
-4745
-3392
-4551
-8166
-9560
-8069
-6587
-5895
-4674
-3279
-2012
-466
522
1221
1595
2358
3266
3780
3022
1285
103
281
-65
-1620
-3001
-3160
-2818
-3414
-4331
-5409
-5001
-3548
-2977
-3553
-3318
-1313
1203
3269
4288
4929
6782
9134
11446
12236
10892
8519
7294
6026
3097
2356
4659
4751
853
-3029
-4679
-5065
-4177
-3937
-6248
-9030
-9286
-7928
-6879
-5736
-4630
-3474
-2116
-581
653
1258
1854
2667
3420
3205
2497
2148
1371
631
611
-736
-3862
-4859
-2658
-2464
-4961
-6256
-5671
-4065
-2518
-2724
-4290
-2444
1874
3915
3645
3599
5333
8712
12575
13634
11159
9196
8649
7488
4160
2102
4208
5801
2361
-3401
-5570
-5258
-4357
-3647
-5542
-9405
-10787
-8777
-7211
-6576
-5284
-4333
-3485
-1682
787
2025
2341
2808
3118
3164
2463
1747
1418
1580
1916
1123
-1297
-3636
-3650
-2465
-2485
-3680
-5311
-6181
-5105
-3099
-1983
-1562
-163
1558
3277
4960
6311
7956
10037
10976
9315
7837
6846
4940
3567
5384
7055
4309
-531
-3330
-3296
-2241
-2100
-4335
-7930
-9334
-8105
-6416
-6052
-6004
-5129
-4099
-2793
-1495
-16
562
1139
2200
2585
1553
891
1274
1352
1403
926
70
-1751
-3143
-3512
-2633
-1527
-2554
-4576
-5599
-4146
-1594
-29
89
-310
1300
3647
5780
7069
8695
10299
9490
8029
6712
5420
3188
3607
6710
6218
1472
-2853
-3334
-2128
-713
-1445
-5696
-9321
-8893
-6124
-5020
-5476
-5765
-5287
-3533
-1571
-113
-24
-30
969
2272
2642
1871
1026
517
1260
1279
-1061
-2587
-1691
-1289
-2573
-3375
-3540
-3754
-2856
-2698
-3534
-2879
-761
536
1203
2243
3076
5050
8182
10025
9675
8327
7601
6668
4985
2972
3959
6192
4668
406
-2183
-2511
-2130
-1171
-2308
-6162
-8378
-7323
-5786
-5551
-5426
-5436
-4944
-3110
-1316
-294
-217
271
1207
2263
2328
1777
1256
774
1303
826
-973
-2080
-1142
-627
-2796
-4744
-4868
-2896
-1383
-2502
-4581
-4339
-737
1930
2063
995
1514
4897
8322
10208
9384
7765
7212
7280
5795
3190
3877
5898
4849
853
-2070
-2814
-2584
-1714
-2552
-5575
-8059
-8050
-6814
-6082
-5396
-5154
-4862
-3912
-1964
-92
567
614
908
1693
2100
2221
1938
1143
623
780
489
-248
-723
-1095
-2154
-2795
-2987
-3309
-3447
-3269
-2853
-2295
-1114
43
1107
2420
3941
5407
7158
8206
7526
6721
6296
5116
3387
4013
6068
5580
2484
-425
-1274
-1000
-454
-1462
-4338
-6622
-6716
-5629
-5313
-5552
-5667
-5265
-4103
-2602
-1316
-1133
-1032
-308
645
952
954
1040
946
1195
1229
753
16
-629
-1151
-1142
-844
-1474
-2529
-3007
-2787
-2023
-1175
-786
-697
271
1913
3152
4080
5203
6965
7629
6887
5737
4722
3330
2656
4761
6181
4094
363
-1339
-1042
-289
-198
-2462
-5668
-6890
-5762
-4495
-4709
-5428
-5794
-4933
-3245
-1588
-997
-1386
-1195
-84
1006
1250
936
813
1135
895
485
40
-643
-1021
-338
23
-1468
-2552
-2437
-1814
-1121
-898
-1650
-1681
237
1829
2542
3217
4135
5485
7064
7187
5903
4715
3251
2167
3601
5778
4645
1319
-846
-1056
53
702
-1086
-4299
-5981
-5454
-4303
-3904
-4682
-5465
-4978
-3504
-2284
-1510
-1442
-1477
-817
478
750
73
-202
102
699
1237
1157
-163
-876
-518
-198
-480
-923
-1653
-2079
-1616
-1030
-947
-518
87
787
1654
2568
3231
4364
5797
5901
5174
4657
3890
2415
2158
3903
5099
3530
492
-1166
-813
161
148
-1785
-4427
-5658
-4762
-3536
-3502
-4264
-4840
-4497
-3250
-1773
-1385
-1747
-1670
-773
240
652
463
242
698
1053
857
128
-949
-1096
74
923
-314
-1924
-2224
-1212
17
116
-958
-1395
-9
1718
2505
2456
2582
4038
6139
6452
5317
4301
3001
1598
2397
4739
4729
2058
-503
-1311
-500
575
-132
-2864
-5088
-5252
-4112
-3523
-3974
-4729
-5010
-4249
-2902
-1699
-1721
-1956
-1439
-453
270
156
163
98
331
935
1591
1241
58
-69
-19
-110
-112
-210
-853
-1274
-853
-671
-60
801
1028
956
1535
2604
3516
4909
5041
4037
3453
3279
2370
1926
3465
4262
2854
716
-314
-292
147
148
-1435
-3516
-4514
-4126
-3356
-3230
-3659
-4274
-4417
-3670
-2274
-1490
-1673
-1934
-1565
-709
95
473
261
210
627
868
634
42
-444
-652
-184
92
-311
-892
-950
-559
-197
-64
-33
238
775
1273
1733
2300
3302
4609
5021
4520
4004
3370
2195
1827
3162
3934
2726
650
-533
-438
459
686
-901
-3224
-4374
-3817
-2863
-2760
-3574
-4466
-4440
-3393
-1958
-1313
-1591
-1925
-1557
-665
61
269
-31
-198
70
691
886
516
3
-235
-490
-613
-393
-153
-270
-622
-823
-504
297
960
1118
1112
1396
2232
3505
4019
3594
3261
3132
2457
1948
2728
3460
2939
1688
640
147
386
672
-188
-1816
-2897
-3024
-2724
-2545
-2861
-3568
-3854
-3421
-2532
-1906
-1773
-2015
-1977
-1306
-503
10
78
112
133
314
530
414
78
-47
-16
-257
-647
-889
-671
-105
22
-549
-939
-462
527
1314
1336
978
1243
2683
4188
4447
3654
2945
2417
1957
2442
3761
3843
2211
697
342
631
1223
966
-824
-2874
-3327
-2729
-2303
-2562
-3503
-4378
-4181
-3012
-2052
-2006
-2529
-2722
-2030
-1088
-452
-279
-635
-916
-288
709
754
438
231
-78
-131
282
328
102
136
106
-51
396
868
976
1266
1644
1856
2350
3060
3057
2838
2676
2082
1481
1936
2690
2670
2014
1197
650
623
854
514
-481
-1461
-2091
-2059
-1922
-2049
-2554
-3014
-3128
-2666
-2081
-1993
-2254
-2404
-2057
-1345
-683
-535
-712
-735
-448
20
177
-42
-224
-547
-845
-570
125
228
-22
-385
-626
-150
823
1037
588
449
814
1487
2454
2945
3042
3056
3252
3175
2635
1912
1979
2749
2856
2105
1250
583
405
705
586
-527
-1723
-2398
-2589
-2438
-2519
-3043
-3588
-3648
-3145
-2369
-1951
-2166
-2419
-2152
-1378
-593
-267
-526
-963
-864
-32
849
870
262
-376
-357
358
1046
863
51
-325
0
699
1068
904
730
914
1519
2195
2664
2516
2323
2250
1997
1596
1775
2221
2225
1965
1603
1087
725
794
624
-56
-811
-1394
-1768
-1875
-1965
-2299
-2674
-2889
-2783
-2405
-2078
-2031
-2138
-2062
-1636
-897
-397
-381
-532
-499
-161
338
525
296
-39
-349
-346
184
684
416
-169
-455
-371
63
365
242
50
116
478
1004
1564
1857
2156
2358
2294
2244
2208
1900
1829
2368
2666
2383
1961
1456
1023
1026
970
258
-650
-1420
-2091
-2335
-2340
-2551
-2946
-3134
-3122
-2880
-2525
-2332
-2162
-1862
-1489
-1121
-841
-595
-421
-229
25
469
733
654
522
516
730
873
622
169
-33
-28
89
290
134
-105
103
597
845
1014
1099
1024
1144
1374
1485
1513
1654
1753
1899
2034
2146
2035
1789
1342
995
761
471
-109
-747
-1357
-1801
-1906
-2027
-2314
-2486
-2502
-2482
-2248
-1856
-1662
-1568
-1433
-1275
-883
-301
104
144
54
74
374
759
800
453
107
46
172
287
22
-430
-609
-539
-443
-312
-192
-166
11
325
374
412
668
967
1313
1767
2050
2086
2126
2215
2260
2347
2259
2000
1677
1364
877
398
-49
-447
-860
-1260
-1691
-2010
-2094
-2215
-2331
-2286
-2049
-1875
-1720
-1525
-1256
-970
-704
-545
-375
-142
147
380
544
522
372
363
422
281
-17
-262
-476
-541
-515
-523
-502
-357
-294
-296
-165
-9
145
480
793
978
1178
1490
1725
1882
2180
2330
2174
1920
1760
1667
1430
1071
587
206
-125
-495
-862
-1145
-1312
-1474
-1581
-1664
-1769
-1777
-1701
-1548
-1330
-1072
-875
-718
-522
-267
82
417
538
444
333
342
440
433
227
-44
-295
-486
-518
-466
-489
-641
-775
-842
-799
-699
-525
-274
-39
164
456
839
1150
1349
1529
1644
1716
1808
1753
1553
1324
1139
950
662
386
159
-66
-373
-598
-770
-876
-914
-968
-1045
-1076
-987
-864
-789
-706
-599
-420
-207
7
177
241
174
71
152
270
235
73
-188
-421
-505
-423
-432
-559
-726
-899
-934
-886
-785
-662
-458
-230
93
425
645
806
948
1097
1257
1407
1420
1347
1242
1117
986
798
581
303
79
-83
-215
-377
-516
-577
-595
-618
-669
-701
-688
-587
-423
-263
-173
-102
44
247
416
433
324
277
302
315
236
64
-183
-420
-501
-485
-541
-731
-945
-1071
-1078
-1001
-919
-856
-719
-463
-120
196
363
444
613
883
1143
1267
1241
1111
1025
1024
965
799
565
347
217
108
-101
-334
-465
-467
-479
-531
-628
-680
-590
-471
-366
-285
-194
-42
233
500
622
558
442
456
579
633
465
198
-6
-99
-119
-197
-385
-627
-806
-905
-981
-1050
-1077
-1015
-877
-636
-359
-133
27
168
364
630
858
949
891
817
792
824
803
629
373
159
51
-69
-233
-416
-505
-537
-588
-668
-711
-696
-613
-477
-346
-228
-103
108
399
653
739
681
651
730
853
848
687
428
230
205
260
169
-120
-440
-630
-708
-814
-979
-1051
-948
-782
-628
-518
-368
-155
67
233
412
575
690
713
668
600
573
547
463
324
173
38
-88
-209
-334
-459
-542
-612
-631
-601
-544
-516
-468
-359
-208
-20
174
389
576
689
685
675
730
815
857
752
526
302
219
213
140
-60
-324
-526
-653
-751
-845
-901
-873
-774
-656
-530
-423
-280
-111
104
312
471
544
520
487
492
526
507
405
255
140
41
-30
-123
-214
-331
-457
-549
-577
-513
-476
-459
-431
-327
-165
52
268
433
503
515
579
714
855
876
783
625
504
447
408
327
146
-87
-314
-480
-648
-756
-803
-790
-762
-726
-664
-554
-406
-268
-140
8
157
284
342
340
341
379
403
347
250
164
99
19
-91
-202
-262
-319
-410
-515
-565
-557
-486
-402
-339
-266
-151
30
247
424
505
526
591
725
850
893
818
692
581
520
479
403
263
66
-130
-312
-475
-579
-630
-656
-656
-600
-491
-378
-284
-202
-100
37
173
245
237
186
196
258
280
210
99
-6
-70
-135
-233
-347
-411
-433
-455
-519
-601
-622
-559
-457
-357
-259
-123
68
261
401
457
518
628
761
852
822
695
557
537
578
568
423
229
77
-17
-149
-310
-445
-486
-439
-395
-394
-411
-330
-180
-53
1
27
81
151
178
152
108
67
34
7
-63
-140
-177
-198
-256
-348
-418
-449
-469
-497
-527
-512
-454
-367
-257
-167
-57
124
306
407
435
475
562
659
701
664
569
477
457
472
436
327
209
101
-20
-161
-278
-344
-357
-342
-323
-313
-285
-209
-115
-35
22
82
121
124
103
89
84
78
42
-2
-43
-73
-95
-140
-196
-233
-256
-313
-401
-470
-491
-449
-392
-340
-274
-179
-61
73
162
206
247
317
386
429
421
367
315
297
321
335
276
164
62
5
-50
-113
-166
-179
-126
-57
-29
-33
3
98
194
231
237
257
296
297
250
178
114
71
33
-34
-126
-202
-239
-263
-284
-325
-380
-438
-473
-479
-472
-448
-398
-306
-207
-117
-15
102
201
271
319
347
358
347
306
230
161
130
126
105
49
-23
-82
-149
-224
-291
-326
-307
-242
-179
-121
-44
58
157
242
297
352
403
437
436
406
353
309
266
215
145
68
1
-45
-69
-107
-156
-212
-268
-338
-395
-424
-406
-361
-285
-206
-133
-60
12
77
124
159
188
192
168
106
36
-22
-47
-55
-80
-134
-196
-247
-302
-343
-378
-384
-363
-301
-235
-148
-50
67
185
286
370
441
503
540
542
515
498
493
459
378
290
216
165
109
43
-32
-77
-108
-167
-266
-351
-368
-338
-299
-270
-237
-179
-85
-12
22
36
82
143
151
90
-2
-71
-105
-117
-162
-243
-304
-321
-343
-395
-460
-485
-464
-414
-351
-287
-216
-100
55
179
262
345
452
541
591
591
564
548
549
529
464
400
358
317
245
159
74
2
-56
-112
-197
-282
-305
-281
-252
-227
-188
-131
-72
-23
7
28
46
71
65
20
-51
-111
-153
-184
-220
-274
-336
-396
-442
-490
-531
-550
-525
-475
-398
-315
-219
-107
26
163
278
359
435
513
575
597
585
580
585
588
551
485
427
384
339
261
165
80
29
-19
-100
-191
-238
-218
-183
-161
-162
-134
-81
-27
-25
-38
-40
-13
-8
-57
-122
-174
-191
-207
-245
-319
-393
-445
-483
-539
-579
-593
-572
-535
-485
-404
-299
-186
-64
64
178
280
371
443
506
557
583
590
597
588
570
542
521
488
437
363
279
192
117
47
-38
-120
-161
-166
-160
-138
-111
-86
-47
-10
-7
-12
3
28
14
-17
-53
-88
-113
-131
-166
-236
-314
-392
-481
-557
-595
-624
-635
-618
-564
-495
-404
-304
-203
-98
23
136
217
287
374
447
490
519
534
541
545
553
550
534
500
434
354
283
218
145
75
18
-23
-55
-63
-50
-27
0
30
46
38
29
29
27
10
-36
-90
-109
-121
-163
-237
-305
-364
-431
-527
-601
-641
-646
-642
-628
-604
-543
-445
-350
-266
-183
-71
45
162
244
314
365
418
466
495
512
530
551
567
575
538
479
419
379
326
246
172
118
82
46
19
11
47
87
87
42
-3
-20
-24
-35
-74
-126
-153
-154
-158
-209
-273
-316
-359
-418
-495
-570
-596
-586
-573
-556
-522
-455
-371
-286
-212
-149
-72
23
112
176
232
294
345
387
414
444
464
487
494
485
453
407
351
305
255
200
146
105
71
38
17
27
69
112
117
87
64
71
69
33
-10
-41
-48
-58
-86
-127
-164
-204
-262
-340
-408
-460
-494
-516
-523
-517
-484
-424
-362
-305
-244
-168
-90
-18
40
97
154
205
241
276
321
366
402
412
407
386
364
340
295
239
180
124
79
47
10
-20
-21
14
59
88
96
91
86
87
93
85
57
31
18
20
11
-24
-63
-104
-154
-228
-325
-403
-434
-449
-461
-468
-458
-425
-373
-317
-285
-237
-161
-71
-6
41
95
152
192
228
273
314
364
397
388
358
346
323
273
209
149
122
107
77
28
-11
-7
23
43
45
49
58
75
95
100
83
53
35
30
23
9
-11
-36
-82
-142
-192
-246
-301
-343
-370
-387
-395
-381
-360
-322
-282
-245
-196
-156
-112
-56
3
53
95
122
153
189
230
270
295
294
286
289
270
237
197
155
115
87
60
27
9
35
63
75
70
80
93
102
103
105
116
117
104
78
56
38
23
-17
-65
-93
-115
-161
-215
-264
-303
-334
-351
-347
-335
-317
-286
-258
-232
-193
-129
-79
-40
0
40
74
95
122
174
235
283
292
276
253
234
203
168
135
102
57
22
11
5
3
10
18
26
30
37
37
33
41
47
54
69
83
77
64
61
47
10
-38
-89
-136
-178
-217
-260
-289
-292
-279
-278
-276
-267
-244
-208
-168
-129
-80
-26
17
51
78
117
155
205
233
255
265
269
240
205
191
178
162
123
76
27
9
5
10
-6
-26
-13
19
24
32
38
43
55
69
70
61
49
38
29
7
-8
-35
-76
-131
-167
-180
-199
-239
-264
-257
-236
-230
-241
-236
-201
-149
-100
-73
-49
0
47
73
94
126
175
226
249
237
219
214
210
194
174
163
148
122
77
32
1
-2
-19
-57
-71
-47
-12
3
-1
-9
3
31
50
54
50
42
42
41
32
1
-35
-74
-94
-96
-117
-159
-202
-225
-237
-246
-263
-288
-272
-217
-167
-137
-105
-58
-10
14
45
92
154
226
249
245
212
199
192
206
205
156
111
83
68
41
25
8
7
16
20
9
11
50
69
58
76
108
116
113
109
69
36
24
4
-29
-64
-92
-131
-151
-164
-204
-247
-275
-281
-270
-255
-249
-248
-237
-205
-164
-141
-132
-105
-63
-3
77
147
210
247
232
208
204
223
236
217
184
161
141
126
90
66
67
83
93
71
40
28
14
-15
-30
-12
35
69
92
108
101
72
33
-31
-82
-108
-144
-169
-169
-166
-159
-175
-206
-221
-223
-203
-176
-191
-193
-153
-107
-78
-91
-122
-137
-86
-2
94
155
183
185
179
194
230
254
255
249
219
191
166
134
98
44
22
34
63
72
43
10
-32
-18
0
-9
-1
7
4
16
-25
-150
-245
-380
-432
-243
119
452
613
558
301
-59
-491
-842
-922
-759
-411
-4
316
467
431
213
-129
-415
-513
-439
-277
-54
156
321
477
587
595
483
306
126
-17
-72
-84
-65
-19
75
167
191
145
37
-64
-116
-149
-128
-64
21
81
110
94
64
33
24
12
-27
-48
-77
-104
-159
-183
-208
-209
-194
-171
-144
-164
-144
-119
-109
-138
-129
-90
-77
-113
-113
-54
35
91
111
158
170
197
250
250
216
177
130
114
104
119
136
173
137
81
60
58
67
40
25
-8
39
-58
-271
-417
-730
-948
-880
-429
125
736
1108
1182
1028
639
36
-440
-618
-633
-419
-83
224
390
433
255
-10
-315
-495
-703
-858
-881
-809
-630
-269
16
242
383
473
465
422
396
228
158
158
231
235
307
279
282
229
178
92
67
41
-13
-77
-127
-79
-39
73
190
188
156
171
104
8
-125
-177
-188
-171
-113
-114
-70
-92
-141
-117
-274
-313
-303
-318
-312
-367
-407
-448
-375
-276
-73
209
408
432
410
229
-35
-148
-183
-134
5
213
387
471
467
355
160
3
-114
-172
-134
-34
98
258
311
294
227
199
172
121
42
50
46
109
186
126
108
30
-39
-152
-159
-231
-266
-210
-139
-153
-267
-295
-368
-390
-424
-391
-341
-293
-196
-159
-104
-58
-153
-131
-81
26
146
188
216
171
199
109
138
235
250
290
257
296
239
198
160
197
244
247
214
107
69
33
-11
-12
67
108
128
132
75
-33
-145
-190
-190
-111
-19
-32
-19
-92
-98
-171
-416
-368
-271
-226
-272
-281
-229
-246
-122
-104
-57
88
25
-115
0
29
-42
54
68
11
181
113
123
72
221
133
120
176
204
242
272
-36
-79
142
245
145
99
221
128
305
222
178
99
144
-48
-61
-37
-68
86
125
-80
-235
-234
-220
-362
-317
-76
-252
-264
-242
-250
-225
-239
-388
-227
-6
-96
-129
-117
-126
-122
-55
0
75
118
238
50
-66
154
248
188
232
79
200
396
106
140
384
354
281
96
-12
135
11
3
110
120
11
149
148
37
-34
-169
-102
-21
-45
-70
5
54
-95
-130
-153
-112
-266
-240
-200
-288
-269
-158
-231
-210
-92
-195
27
-299
-296
35
-47
-275
-73
24
104
-7
-31
247
224
177
196
322
-94
-61
257
5
-89
344
225
191
466
416
300
192
112
96
-4
-10
72
98
230
236
175
-24
92
18
-228
-383
-381
-86
-71
-201
-271
-269
-73
-112
-367
-175
-176
-188
-172
-250
-361
-123
-21
-301
-29
193
-2
98
142
21
13
-19
-35
-50
-75
136
77
126
178
178
133
54
175
101
291
337
60
-110
456
236
140
358
297
148
147
104
-87
23
104
-179
-125
30
-130
-13
-108
-181
-49
19
-325
-169
-234
-196
-251
-173
-208
29
-73
-421
-112
-283
-354
-44
7
-237
196
-35
-226
-27
35
-61
103
-46
67
277
165
55
208
360
63
352
258
152
67
297
166
147
218
11
56
218
10
155
-69
-284
11
70
-171
-65
71
-164
93
-135
34
-83
-297
-75
-55
-376
-235
39
-233
-173
-83
-40
-29
79
24
-128
-100
-213
-87
35
-88
-36
178
14
-217
33
190
140
235
158
-33
157
232
52
-51
202
203
-3
46
371
196
58
-33
-20
162
-91
55
118
39
64
-134
-266
142
-70
-317
-52
78
-87
-231
-77
-83
-35
-39
-117
-198
-206
-159
-262
-120
-3
-61
10
64
55
-149
-11
-30
33
35
-55
200
-30
58
275
25
245
153
219
294
290
89
90
123
-95
7
90
78
-38
78
-5
-135
-88
108
-50
-128
-67
170
-152
-228
52
-4
-197
95
76
-120
-78
91
-238
-134
75
-394
-82
191
-226
-292
138
-103
-240
-287
-141
-129
-199
162
304
-85
-27
106
-37
167
131
31
174
292
276
-98
85
192
13
153
230
255
254
109
-96
57
-29
-38
110
32
-26
-86
51
-212
-44
158
-127
80
165
-38
-76
-176
-180
-37
-114
-1
-68
-59
-265
-206
-14
-315
-42
69
-262
-185
153
-159
-259
-66
-190
129
-33
6
121
65
229
175
9
53
413
-2
-139
275
356
6
63
199
84
313
131
35
82
116
101
62
-57
32
49
-102
-80
-73
45
-49
-61
-66
-67
-125
-25
-2
-81
-248
-69
-135
-343
-48
-8
-301
-87
46
-142
-146
91
-76
-175
-67
-70
-55
-173
116
-39
-28
-24
160
113
203
157
128
182
33
99
131
189
114
29
65
166
-111
59
152
63
71
113
-70
-82
111
-47
0
135
51
-103
16
117
-17
-88
-180
8
-44
-144
-59
-173
77
-191
-135
-64
-233
-138
-193
-224
-107
-10
-44
77
44
17
4
-9
76
-110
-45
159
13
109
206
125
178
46
54
214
52
-25
102
78
-106
65
65
-12
-29
164
19
-63
69
76
29
-176
-64
205
-29
-125
44
58
-14
-91
-248
-83
-8
33
21
-94
-143
-67
-16
-123
-80
-58
10
-33
-66
-42
35
34
-124
-129
78
50
-127
148
178
-2
190
118
73
132
43
31
29
-47
52
75
46
205
101
53
93
-63
-17
30
-16
-57
75
-30
84
-18
-157
1
-110
-88
-11
98
-114
-81
-105
-115
-84
-96
-145
-63
-44
-56
-84
-25
-76
30
23
-265
92
93
-1
-98
66
6
5
28
108
140
134
120
33
137
111
46
-54
58
-47
73
11
110
18
22
118
25
65
-32
33
-48
-70
-51
-15
-8
-101
93
12
-99
127
31
-111
-88
-157
-89
-106
-123
-52
-76
-111
60
-54
-106
-39
-93
-24
-52
-62
-51
52
-26
-2
47
103
99
165
90
114
20
2
90
23
85
60
57
127
36
-16
167
28
-1
-19
8
31
83
28
-81
56
76
-52
-13
69
-132
67
-147
-147
91
-37
-82
-57
-114
-66
-200
-62
27
-116
-55
-10
-64
-93
37
-89
-99
-83
54
27
-3
41
36
56
44
48
108
95
75
124
163
89
129
9
29
125
-10
66
33
59
-43
42
101
19
42
-11
-45
-2
12
42
-138
-126
-51
-1
-9
-56
-66
-43
-35
-129
-143
-87
-75
-115
-98
-131
-25
-47
-77
-60
-120
16
48
-81
59
30
-26
98
77
90
69
128
41
85
69
139
52
21
124
14
88
-47
54
55
42
5
50
-21
-6
37
-62
41
3
61
-8
108
11
-46
14
-49
-14
-39
-107
-46
-58
-47
-128
-115
-37
-166
-84
2
-33
-141
-79
-60
-42
-83
-50
38
24
4
130
-45
-28
145
70
55
154
37
-57
142
36
-51
114
7
35
59
24
54
54
-20
-33
56
-18
53
59
-20
103
41
28
-24
98
-25
1
104
35
-14
-20
-16
-79
-117
-103
-51
-37
-215
-38
-7
-164
-99
-64
-57
-74
83
-55
-40
132
-3
-158
15
37
42
35
50
34
106
99
41
78
77
-36
-55
97
58
10
1
0
62
0
-110
-6
19
82
13
-46
34
53
54
-59
-59
-63
113
1
10
73
60
-12
-63
-42
82
2
-129
-49
-135
-130
50
41
-54
14
-22
73
-40
-109
-81
20
-71
84
137
60
82
-65
29
10
136
35
41
14
-107
-37
27
-100
-102
21
-32
-54
36
-1
-13
-11
-52
109
47
-18
25
32
-85
-29
72
-1
22
103
63
-13
-10
-111
-103
-92
-74
-69
1
5
80
-7
-120
39
52
49
-12
41
-17
61
10
32
96
88
139
149
-105
46
98
-133
-74
-5
25
-7
1
-89
-37
-24
4
-48
-16
-44
91
-55
-133
-59
-56
-66
148
132
-38
43
6
-73
-143
-39
100
15
-114
133
25
-70
-37
-127
-32
39
3
-49
144
3
-24
50
-32
-48
137
69
52
70
13
31
25
-37
64
162
113
31
-83
0
70
57
-11
-92
-7
-56
10
15
-119
-17
107
26
-156
24
-39
-167
-106
76
42
4
51
-11
-29
-41
-121
-86
-55
85
34
-66
23
5
-30
-135
13
24
34
31
30
29
55
-21
8
111
29
-15
96
108
-117
-32
106
-47
-74
185
44
-67
88
6
-34
-50
-103
-54
-52
92
90
-10
14
77
-46
-62
-27
-17
-51
32
-23
26
20
65
-119
35
0
-218
-40
-5
-66
-57
-12
-124
30
-61
-1
-109
54
153
11
47
8
23
16
135
17
88
91
54
14
-49
118
76
-188
-26
91
-58
-160
16
-9
-131
24
19
45
81
59
-53
-180
167
143
-169
25
255
40
-1
129
-110
-156
131
-1
-145
127
55
-61
-56
-96
17
29
-83
-37
34
2
-28
-191
51
150
-143
-132
119
85
140
77
-7
88
38
-39
-116
-85
-45
-134
16
152
-99
25
153
-163
9
11
-188
89
70
-218
-83
184
-22
-66
142
133
111
45
99
-149
-33
37
-81
-24
74
145
-38
153
-42
-77
-30
-6
63
-159
-28
-72
-24
44
-11
-91
19
189
61
-111
9
142
83
-138
46
-3
-50
134
-105
-206
124
155
-277
20
58
-197
-48
87
-248
-14
196
-199
-164
246
-22
-152
177
-36
3
139
66
-193
147
143
-245
131
116
-40
-63
194
-197
-53
197
-80
-135
73
123
-110
60
-9
7
-17
27
-32
52
81
4
12
75
-2
92
139
-61
-59
-64
-15
-118
49
-75
-4
-17
-25
-103
-33
-42
-69
-61
-184
143
-30
19
41
128
4
14
5
-10
27
87
142
-147
144
40
-75
0
106
-156
51
109
-31
-43
50
-9
-157
17
125
-21
-39
175
98
-115
-40
82
-77
-34
92
-81
14
77
12
8
-102
-118
65
-13
-39
-160
85
-82
-171
-19
100
-20
-15
62
-3
18
-134
55
-74
143
76
31
-13
30
85
-103
8
-8
160
-23
123
-33
60
17
-79
-94
-35
37
18
-5
-12
134
-54
54
9
-54
-47
-50
19
-108
50
-20
-26
14
91
31
-69
-74
36
48
-153
-91
-19
86
-179
84
43
-18
-63
115
-4
-193
147
17
-57
-44
94
-53
107
98
-25
-26
138
30
-133
-20
41
23
-21
-3
47
-92
96
86
-79
35
138
-94
-53
104
-113
20
-20
102
-88
90
52
82
68
-58
-26
-209
49
-2
18
-120
60
-31
-175
-157
5
-71
-100
154
-42
139
25
72
-140
-79
40
15
-52
145
206
-52
4
68
40
-36
-86
4
-72
-89
56
-52
19
58
29
-177
170
-64
28
48
-41
122
1
140
-117
6
80
211
-52
-125
157
35
138
-167
-67
122
116
-112
-142
-21
-119
41
-157
-90
85
81
30
-69
17
-36
4
-73
36
-168
115
52
36
-30
51
-68
-26
79
-99
-31
30
19
7
-28
10
46
-7
-77
80
-78
-140
11
49
72
81
73
25
77
34
-97
-92
80
63
-6
-106
100
71
130
-21
-79
37
35
-85
-22
-135
-65
50
-92
55
65
12
-43
26
-38
-5
-91
10
-23
46
71
-170
11
146
-61
-77
-19
-56
-62
-19
-90
-63
190
89
7
-13
-5
-45
-1
-221
-47
106
45
102
48
57
53
75
21
33
97
89
-80
7
46
0
-99
-52
101
174
75
-82
5
34
49
-184
-225
118
76
-77
109
61
73
-10
-145
-142
65
60
-282
-77
143
85
-34
-88
-46
-72
-78
11
75
-102
22
-27
18
-80
80
4
-68
51
178
50
-6
-3
116
66
-54
20
-56
136
128
3
-197
93
172
-17
-217
-48
101
-3
-57
-88
-61
88
8
44
-83
92
135
79
-85
30
-56
-1
122
-278
38
127
-107
-40
81
-100
-50
-78
-7
-19
-117
64
-29
-45
116
-36
-215
-48
47
92
-35
152
-82
159
19
-70
63
50
-189
60
11
-111
-4
121
13
19
289
-74
-65
198
-101
-341
224
6
-256
122
243
-203
91
179
-1
97
-232
114
-60
10
-10
-205
-82
137
-12
-203
-148
89
214
-301
216
-33
27
-4
190
-247
-142
165
-54
48
-20
313
67
128
-23
136
-269
-37
19
-201
192
-107
107
10
92
14
-94
141
48
-321
51
-20
-27
18
-117
127
166
30
74
42
-238
155
59
-227
-57
248
-243
2
190
-105
-48
-54
51
-52
-123
-203
97
-104
36
13
-108
149
136
-260
-171
319
-56
101
-78
-2
46
-34
57
122
108
-93
216
-4
-60
124
-211
0
163
-73
-140
-62
86
53
-213
149
59
-111
85
-175
-81
198
-143
103
214
-211
293
30
-172
5
-88
-119
64
3
67
-35
-6
8
-224
-44
189
-97
-193
57
33
182
-87
-83
181
6
158
-68
-124
106
96
-159
68
11
-4
-65
85
-75
-90
218
47
-4
-3
-275
44
29
-105
-180
125
304
-149
188
-155
63
233
-193
-157
162
109
11
1
-205
171
-48
-36
-169
233
176
-140
127
-137
-67
1
84
-231
-138
219
247
-219
30
185
138
-113
-81
114
-161
135
-197
-103
15
124
-55
-134
15
272
-31
-286
293
-21
-162
-95
146
2
-156
-87
178
45
-47
33
76
-111
206
-18
-262
37
10
-137
19
174
-216
46
51
178
-404
40
59
-55
114
120
-37
-39
301
-103
-63
111
-116
291
-73
-7
15
62
-7
-29
-76
-77
42
-86
33
1
24
-119
-118
277
-106
-250
-22
0
146
-190
-2
6
186
18
-18
-135
-32
275
-210
-103
240
-86
-88
121
-160
-21
28
-221
21
145
53
20
-165
64
89
-29
-51
-135
264
263
-211
-138
344
-91
-3
70
-47
-26
129
161
-157
218
-114
-20
49
123
-156
-136
13
-97
86
-51
64
-49
172
-126
33
13
-264
74
-143
15
-6
-293
389
277
-418
272
117
-206
109
-34
-336
91
-5
-46
71
-104
8
-81
334
-227
103
208
-52
4
-130
90
6
-5
88
165
-151
178
163
-150
66
-7
-77
160
15
-258
47
8
-126
13
-24
-21
166
-79
96
124
-239
-89
101
-1
-124
100
-28
11
134
94
-47
-156
35
-99
210
-288
-15
234
-201
51
-9
-222
77
55
-212
112
-15
-66
99
-93
75
54
-100
-7
136
75
-52
219
-198
15
285
-301
-297
376
103
-336
172
159
-151
-100
161
-248
-20
307
-148
-190
364
-34
-61
12
-122
-37
281
-97
-206
332
21
-215
105
95
-385
313
-44
-210
1
293
-91
-406
181
252
-288
-55
136
-144
103
89
-312
1
398
-7
-196
168
58
-149
198
4
-213
176
17
-216
39
60
-236
193
183
-238
-55
274
-92
-353
154
321
-333
51
230
-94
94
89
-238
64
285
-114
-367
245
110
-32
-48
-61
14
216
0
-165
-9
203
-62
-104
115
-230
-167
252
-185
-135
281
161
-249
144
19
-183
109
-7
-417
64
331
-46
-248
121
314
13
-154
83
96
-180
54
-273
70
45
62
37
149
-127
30
217
-154
-59
54
-100
-24
297
-114
-281
293
339
-400
86
244
-79
-221
59
-80
-149
31
97
8
-15
143
-91
97
8
-243
-16
74
-65
-100
-28
101
86
-18
53
0
-96
61
-12
-114
-62
-26
41
2
-133
-4
173
44
-16
-106
115
13
25
-152
40
-92
54
155
-11
-154
118
44
-26
118
-108
-62
64
121
-141
-124
48
62
-89
165
-128
-135
89
133
-54
-98
45
175
4
19
-24
-64
112
-16
-130
10
121
52
-62
-101
-16
42
33
-3
-159
76
54
-53
12
15
-24
-42
66
-32
21
-146
47
205
-184
69
82
25
-134
58
-37
-4
3
-29
132
42
129
2
-7
-147
77
30
-98
-77
16
-40
88
-4
-61
24
180
-12
-22
19
-106
-29
85
-50
-50
67
50
-20
-171
-32
123
56
-10
13
71
73
34
30
-109
-186
97
-73
-44
-52
70
98
83
11
-195
-58
156
-125
-286
71
82
75
-71
27
37
73
-169
80
-98
30
40
6
-39
-16
67
-5
67
3
45
10
-6
71
-36
-101
21
44
-3
-28
20
53
41
-17
-33
-49
-9
82
-60
-71
-42
110
1
-54
-34
59
15
146
-195
21
45
1
-130
-37
9
14
37
-50
-55
-18
45
-129
7
-97
94
94
-35
-137
109
68
-5
-86
-35
84
43
198
55
-118
90
133
-119
-55
-13
117
65
-7
28
-47
-60
131
-125
-71
64
138
-60
-42
-9
52
-148
69
35
3
-60
13
9
136
-20
-106
54
85
-56
-56
-36
-121
71
-39
-35
-38
107
-34
-22
-38
130
19
3
-31
-99
126
-135
-62
84
44
-41
150
137
-13
-90
-6
63
-154
-43
-4
124
8
-52
2
78
-63
-46
-150
110
21
-81
14
6
35
-121
-1
122
-76
-55
-18
67
-19
-26
83
1
43
31
99
-79
74
-62
126
-83
-77
-140
-26
23
28
-84
-10
77
73
-16
-71
22
-89
37
20
134
-105
28
56
74
-79
-98
98
11
94
-130
91
1
94
-196
-7
53
-43
-80
6
79
-49
29
-29
63
-109
74
-46
54
-106
73
-3
-2
-63
64
32
-2
36
-29
83
-3
62
-90
27
-45
152
-176
20
36
21
-28
104
-36
13
41
96
-5
-50
112
-47
11
-67
36
7
-8
-55
-4
-71
115
-24
-38
23
43
-18
-60
-68
-18
31
-18
25
-23
19
95
20
-154
-50
85
-55
-132
28
39
112
20
-28
-75
70
-17
-93
-106
69
44
-55
76
9
4
-7
14
4
-6
-19
17
-82
-32
127
-34
-59
18
146
58
-80
-3
21
-54
22
106
-29
-93
32
108
-65
-143
72
11
-48
-28
85
-85
-104
-40
105
-83
-125
39
102
-41
-42
42
-35
67
30
5
-99
86
92
11
-68
-13
53
-1
29
-62
-51
36
24
-47
-31
40
51
-7
-24
-2
19
30
-12
42
-13
55
9
0
-5
58
12
62
28
35
27
-20
14
-40
-57
-11
42
-13
-58
28
48
-67
-37
-57
38
56
-41
-12
-2
-19
-13
-46
-65
17
12
-5
-20
82
55
-51
28
-4
-70
-57
-1
64
-35
-20
44
-15
56
-39
5
51
69
12
-20
-1
21
-28
-69
-39
60
110
18
25
50
37
51
-20
-51
-56
-33
-24
27
41
47
12
13
4
19
-29
-71
-16
-35
-10
-3
-35
62
52
-43
-43
-12
8
-115
-28
-52
-35
25
-50
3
33
0
-23
40
17
12
-35
53
100
26
48
-1
-10
-30
25
-7
-18
9
63
3
-32
-9
11
-16
-44
6
-17
0
-14
-24
36
-10
13
-41
18
-33
18
-3
-18
-28
-10
-31
12
37
-84
-45
-6
47
-20
-14
-15
6
16
1
-51
31
-1
10
-10
26
29
31
39
52
12
-22
31
-46
14
-49
2
-12
39
2
-19
27
-28
12
-8
23
4
-31
-33
-8
-27
-17
-37
-11
13
20
42
20
-3
-3
-15
-15
-3
-10
13
30
10
37
19
12
29
-13
12
15
9
12
4
-23
17
28
20
5
-33
-17
3
-7
10
-4
-18
25
44
15
26
25
14
14
-24
-11
-4
-9
-26
8
11
14
-6
-45
-4
-33
-12
-6
-26
-26
14
34
16
-3
-13
-37
7
-52
2
-21
-20
-2
4
-5
-18
-29
5
49
-1
26
-4
30
41
25
22
36
18
38
6
-2
-25
-29
14
4
33
15
32
33
14
-34
-40
-43
-37
-39
-38
-12
-8
-7
4
-32
-24
-33
11
-13
-29
-37
10
18
2
-24
-3
41
16
25
-54
-1
-29
-14
-34
-23
-10
-9
-52
-36
-8
3
46
47
68
38
28
30
19
-16
-14
4
24
