SAMPLES:	9937
BITSPERSAMPLE:	16
CHANNELS:	1
SAMPLERATE:	16000
NORMALIZED:	FALSE
36
33
16
21
16
-5
-26
-28
-6
-6
-16
-8
38
46
15
-2
20
18
-1
-4
12
19
6
0
-2
-2
-9
-4
-4
-9
-6
-2
-12
-5
-8
8
17
16
-6
-39
-44
-37
-21
-7
8
12
32
38
31
1
-40
-43
-26
-41
-66
-32
19
53
41
28
29
19
7
-18
-20
0
-10
-23
-10
9
1
-3
10
18
19
-5
-19
0
13
16
-14
-51
-52
7
30
1
-8
-1
22
10
-30
-42
-20
-12
-44
-70
-26
21
41
14
1
2
18
18
-11
-33
-22
29
39
-5
-45
13
72
51
-16
-27
-8
0
-45
-70
-28
12
55
64
72
67
49
-5
-36
-80
-88
-65
2
74
46
27
47
59
-14
-64
-51
20
67
40
7
6
33
11
-4
-28
4
26
1
-20
-9
26
8
-45
-27
52
82
9
-85
-82
-12
3
-23
-2
56
91
70
49
3
-26
-62
-86
-82
-54
-16
45
95
116
62
15
11
-48
-75
-102
-92
-52
7
65
85
62
72
86
42
-50
-94
-49
-8
-16
-56
-45
-29
-24
3
22
-4
-23
-1
15
19
29
50
27
6
-51
-93
-71
-81
-56
25
92
81
39
21
24
3
-57
-82
-60
-67
-56
-2
44
57
65
67
94
34
-11
-31
-17
0
-56
-74
3
57
58
67
31
82
57
2
-17
-96
-121
-83
2
87
60
20
39
56
18
-48
-101
-103
-90
-51
24
72
103
87
30
9
-54
-77
-85
-121
-42
14
46
7
23
51
47
-25
-93
-39
50
76
14
30
53
49
-45
-51
-35
-12
11
31
73
61
35
-17
-71
-110
-55
4
8
-13
18
104
77
26
3
-9
-39
-105
-93
17
40
-1
-12
72
144
103
57
-14
-49
-33
-85
-99
-39
35
85
9
16
77
92
25
-83
-105
-72
-41
-34
-14
-16
25
41
33
8
-6
19
21
-23
-8
59
43
11
-57
-30
-44
-72
-31
46
89
41
-9
-23
42
31
10
-65
-29
-1
37
12
-58
27
-33
-86
-51
49
115
90
20
6
17
-8
-43
-76
-137
-35
17
70
-19
-46
87
40
-25
-98
14
-23
-27
-27
-64
-36
1
106
125
12
-11
76
71
-72
-139
-35
106
22
-125
-65
72
123
33
4
-6
39
100
86
6
-121
-138
-35
-56
-67
-22
4
82
116
64
1
-36
-37
-35
-105
-130
-3
47
66
40
44
110
5
-5
-54
-71
-58
-27
-27
-26
-56
95
106
0
-38
-6
73
-58
-81
-109
-1
-41
20
46
73
78
-37
26
9
-23
37
33
-29
-25
20
100
76
-60
-107
-59
16
113
118
115
-9
-89
-4
38
-47
-197
-105
81
160
39
1
29
68
10
-142
-98
16
45
-34
21
97
102
12
-82
-49
-28
-124
-96
28
36
80
113
76
-39
-26
48
-16
-92
-128
-27
85
11
10
87
102
-25
-112
-13
114
59
-59
-92
-39
-29
-41
-13
-34
-87
6
201
150
64
13
3
-28
-77
-156
-125
-51
102
122
-6
22
94
83
-58
-126
-61
12
-46
-6
-18
-4
4
10
10
-26
59
63
7
-69
-37
39
-96
-175
-65
87
174
26
17
45
51
9
-127
-111
66
86
-7
-17
82
185
-33
-162
-157
-97
-57
67
141
10
-71
115
254
-15
-145
-121
-6
-27
-64
-25
-88
-43
132
69
-49
-222
28
155
73
39
-25
67
-85
-56
-31
4
-2
-15
15
58
39
61
117
-14
-81
-91
-31
125
51
30
29
139
129
-123
-152
-77
24
-32
34
4
36
113
102
13
-193
-29
27
5
-99
-76
18
41
33
-24
-11
-13
-58
11
54
-76
72
112
82
-133
-172
-9
-54
-12
-90
77
79
176
279
118
-46
-204
-26
-163
-140
-103
239
300
9
60
41
22
-269
-282
-62
-72
-1
121
304
326
232
-7
-211
-205
-195
-140
-197
-193
144
185
187
235
-28
68
-13
-100
-136
-227
-346
-123
69
230
189
82
371
214
-5
-315
-279
-180
-272
-225
-54
209
215
333
306
166
-30
-196
-210
-263
-232
-169
79
150
136
110
178
200
25
-205
-173
-137
-74
-101
-43
206
326
167
-178
-191
99
239
-4
-88
-146
88
261
-15
-143
-166
-78
75
-239
-183
4
326
477
89
-175
-142
190
79
-275
-455
-179
195
171
103
77
212
301
89
-180
-225
-32
-3
-71
-78
-38
-32
75
88
57
-145
-9
36
29
31
110
99
-136
-150
-108
-70
-124
120
51
204
100
253
90
-215
-237
-186
65
-162
-214
-80
247
435
234
-71
-153
-149
-62
-313
-500
-306
208
607
305
22
75
374
173
-313
-560
-282
-123
128
151
107
217
222
319
-109
-334
-202
-173
-37
-104
-25
172
108
135
169
24
-35
-276
-265
72
48
198
59
-3
166
23
51
-114
-196
-268
-205
11
58
176
158
234
229
166
-180
-263
-195
-234
-171
-19
255
183
268
320
236
-14
-168
-143
-354
-365
-207
87
43
13
263
391
128
-98
74
15
-116
-358
-137
11
-14
86
99
318
153
12
0
-117
-158
-252
-62
40
189
179
188
137
-232
-156
-92
-34
-197
-69
308
134
-62
-14
-42
-25
-55
-63
-6
61
295
161
7
-210
-119
-125
111
-135
-261
-55
154
251
-164
42
164
391
63
-195
-95
-178
61
-217
-301
-6
136
267
-18
-127
-57
187
213
80
-67
-99
89
-328
-48
-56
0
-147
-131
426
309
222
-230
-60
-224
-60
-509
-293
172
342
619
-131
143
9
97
-315
-544
-48
-41
197
15
307
230
303
350
10
-149
-620
-129
-250
-190
-170
238
531
31
244
185
239
-148
-393
-283
-143
-17
-54
-79
143
266
205
148
-212
-38
136
119
-126
-70
43
-34
-340
-227
52
203
143
-123
102
241
86
-67
-260
-79
-65
-281
0
52
-24
-148
12
339
-88
-169
-53
361
-12
-176
-44
52
101
-84
472
-65
-229
-254
-2
82
24
-204
99
393
272
112
-283
37
-94
96
-148
-536
-377
85
438
233
-82
7
267
336
-189
-379
-166
149
178
-166
-199
-209
85
141
65
111
54
127
307
-70
-214
57
131
185
-200
-210
-50
-59
-33
-237
225
363
180
-16
-97
127
137
274
-172
-254
-136
-114
-203
-235
273
394
160
-449
-23
4
-182
-390
-308
134
64
278
488
182
10
-333
-273
-149
-230
139
258
299
-6
-88
110
-153
-133
-156
-112
-68
242
349
71
154
-162
-58
-28
-97
-96
7
183
105
-26
85
46
301
173
-268
-135
-530
10
-216
-76
-31
-7
437
448
220
-278
-145
28
-53
-331
-268
-88
49
-143
42
58
178
-58
276
370
504
-4
-553
131
-17
-152
-427
-479
-85
151
204
578
423
537
-48
280
-79
-492
-646
-398
-222
-156
160
-2
493
557
181
-244
-196
-164
-391
-183
-133
122
356
523
126
-293
34
270
134
-451
-307
408
500
-24
-371
72
-41
82
-248
-199
-4
-439
-76
-274
503
326
253
186
178
-59
46
-309
-313
-355
-218
-157
-120
180
342
203
-17
305
87
59
-448
222
-26
-176
-310
-330
78
138
480
-63
117
331
-82
-232
-250
172
-169
-162
88
306
480
-23
-196
-67
-34
-87
74
-365
-616
-8
186
434
364
762
-12
-421
-356
-471
-393
-259
-14
285
510
302
602
166
-187
-227
-44
-384
-726
87
173
-280
-81
75
262
129
142
-247
-351
214
379
320
-288
-462
-115
-45
10
-116
229
110
264
325
164
70
-179
100
-317
24
-198
137
93
-14
36
95
118
-336
-195
276
171
-340
-162
262
269
197
27
233
120
-551
-765
-368
30
-39
68
370
435
175
379
-180
210
-614
359
311
-192
-614
-602
356
218
241
85
510
591
485
-287
-701
-438
-333
-138
-214
-27
224
354
523
-155
-290
-672
448
40
-280
-19
809
78
-525
406
487
12
-575
-268
-230
-91
-261
325
779
295
-305
-269
560
-105
-574
-230
-80
17
28
204
187
-56
200
298
293
-301
-486
6
86
-139
-18
18
-32
39
-214
221
162
-70
-205
90
11
-324
-198
-3
261
-25
-17
-147
102
137
-341
74
-80
617
-176
-265
-79
232
299
-343
-309
-192
238
282
-172
-254
263
196
135
107
-83
126
-123
-96
-142
-488
65
-114
366
-39
33
372
137
-189
-11
-46
-260
-231
-255
325
40
-15
-350
142
355
-213
-300
-336
-71
-14
-121
203
447
354
322
319
-286
-574
-28
367
-366
-544
-180
-80
474
106
415
75
394
459
-70
-190
-737
-267
393
566
-222
-613
434
585
1
-499
-26
772
620
149
-552
-372
-349
-129
-674
-253
-214
523
995
690
109
-266
-149
-262
-119
-299
-97
304
368
-286
-78
-36
-41
-99
-299
-475
102
590
-12
-249
-255
100
402
453
-152
-335
-265
93
288
-36
-130
-54
584
17
31
-104
95
4
-224
-38
137
55
-335
106
-188
-62
-630
308
34
118
237
206
35
98
406
-95
-337
-622
4
171
327
-637
406
346
239
-261
-212
-256
-12
-135
-366
-243
292
211
-82
-371
-184
286
170
-22
20
327
58
172
33
408
-154
75
-191
-47
-4
249
144
-245
-396
-100
-141
120
36
-637
183
183
658
-125
315
-181
129
-505
-258
-248
393
-118
23
-188
229
84
-21
173
-670
-245
-350
665
204
240
115
122
-32
-145
223
50
-665
-59
205
127
154
632
442
-114
-405
-758
-396
192
267
-51
472
156
-136
-250
215
-308
-26
-284
-114
-108
73
-401
-91
352
502
51
360
-98
505
-57
-794
-753
-703
168
270
1021
304
679
635
430
-563
-329
-363
-99
-648
-483
-272
587
723
282
291
488
256
-448
-235
-502
99
-468
-568
-321
646
436
369
42
123
343
77
-349
-478
-28
-172
-118
-45
-236
-27
192
102
-151
-141
239
21
-439
-254
-79
250
-245
20
310
353
705
566
93
-548
-685
54
-364
-545
-529
606
1109
507
132
-22
318
-313
-253
-622
-236
-51
-29
21
-5
452
-372
214
-214
187
-265
-26
378
164
139
-517
200
-361
384
-275
287
-630
-188
-145
-97
-215
-68
564
1038
464
-773
-141
213
12
-836
-577
47
264
724
75
175
262
-82
-190
-258
51
-119
606
112
316
-819
-108
-169
45
-304
-339
337
256
525
-171
45
-264
63
-279
278
-771
-140
-176
274
-224
359
369
249
304
267
-83
-401
-220
-540
192
-163
278
281
120
-313
493
710
415
-173
-1027
-503
-269
13
-230
23
721
584
531
-137
-215
-94
-71
-496
-555
9
-316
204
133
410
-295
683
485
172
115
-71
-28
61
-53
-182
-79
30
-221
-65
95
-36
-324
164
-80
-745
-217
373
242
-204
191
-66
517
-213
-432
-118
236
-155
61
416
573
170
-242
-713
192
275
-227
-231
185
-4
-136
290
-161
-4
42
-382
-271
95
-304
-150
593
823
32
631
125
175
-915
-844
-267
105
143
152
935
603
402
-362
-484
-483
-512
-278
-336
-476
208
910
938
-313
66
375
400
-182
-351
-843
-298
109
170
-544
-96
221
873
564
-200
-220
-92
40
-505
-252
-158
274
-258
-46
-430
41
98
464
388
463
37
-290
-538
58
241
-285
-983
-491
341
679
493
-227
355
616
539
-80
-150
-333
-421
-406
-418
330
196
-132
-308
547
703
139
-274
120
188
-24
-222
-448
131
-50
-369
-706
56
380
396
-346
-241
161
1148
310
-63
-589
-115
392
105
-896
-1286
-106
259
622
28
452
546
857
-373
-478
-642
-817
-164
106
873
-36
949
425
-142
-1240
-32
203
-94
113
429
839
-175
910
-374
-378
-1139
-495
-300
6
402
682
324
-445
-278
944
502
-687
-947
-51
76
418
14
242
455
431
-75
-935
-397
-613
688
-548
-365
-457
784
492
208
-41
-456
-260
-98
105
-486
386
558
819
217
283
-38
-105
-271
-143
-68
-461
155
983
419
-246
57
38
-524
-410
-351
-698
-58
-302
-471
92
166
113
513
233
102
204
-282
-454
233
-168
-381
304
1159
658
297
-663
-728
-328
516
-549
-413
-143
296
425
90
116
448
753
-265
-889
-999
189
257
442
-1023
54
842
1833
148
-202
-493
-355
-1126
-1009
-1554
-354
959
1108
1207
592
1137
-67
-78
-1198
-972
-1313
-325
102
506
620
1365
549
519
-24
297
-294
-646
-1010
-686
-101
-108
21
288
469
381
814
335
267
3
202
-477
-321
-1255
-613
-75
712
6
419
1245
883
439
223
-683
-1411
-923
-724
-186
207
579
743
928
1041
121
-709
-1137
-817
-835
-183
137
125
-299
602
794
233
-94
-83
475
-231
183
-853
292
284
574
-342
400
132
-261
-541
-100
-23
-441
292
412
-98
-464
114
-323
37
640
766
491
261
-828
-651
-574
-384
-133
593
59
-418
666
906
19
-435
110
-369
-515
-552
-380
-476
-256
72
657
1098
536
-27
-293
-115
-217
-1076
-564
140
828
480
388
-325
-599
9
-86
-787
-700
490
1457
846
105
-532
-30
-72
-926
-765
-60
587
816
336
-561
121
59
639
21
-604
-377
1117
912
-206
-572
-134
99
393
-298
-683
-107
-81
-240
105
766
448
36
-37
313
-302
-360
-930
525
-656
-365
-579
934
844
-40
141
528
-8
-738
-390
-441
126
-816
-171
291
1127
19
233
-14
710
246
-276
-838
9
305
98
-665
-256
251
684
257
-238
-323
281
523
-730
-983
-250
1280
439
-417
-596
436
379
285
-353
-424
-106
262
-207
481
241
85
328
8
-286
-754
-476
-97
206
-228
99
585
642
187
162
-601
-998
-988
98
681
562
216
896
1010
172
-604
-657
-774
-895
-464
120
693
688
681
174
329
-365
-431
-281
-7
-510
-511
-447
274
360
57
415
151
198
91
105
-303
-254
-674
-240
914
698
-11
-8
231
-55
-677
-1090
-563
517
304
167
578
507
166
660
324
-509
-794
-766
-409
-274
-239
-179
452
665
370
889
828
-158
-529
-83
-220
-457
-1063
-358
577
481
-204
-144
127
268
-350
-596
508
684
377
870
1048
-292
-843
-493
-443
-866
-316
126
547
368
379
439
344
17
-488
-322
-571
-424
128
256
-274
130
-86
-197
325
425
-265
78
620
257
-450
-365
-432
-731
-320
-125
274
566
570
194
306
-326
-39
123
-434
-498
-526
125
103
194
-127
169
51
421
-230
-443
-359
-286
-46
169
243
275
677
672
248
-190
68
51
-275
-376
-262
-233
-462
-130
569
461
74
-23
236
457
16
-165
-832
-936
-796
-312
-112
84
730
1048
1095
849
810
-301
-219
-439
-932
-1079
-402
-514
293
202
559
73
557
4
14
8
261
-73
-136
-146
-530
-101
131
428
447
539
228
391
-149
-96
-316
-582
-547
-132
2
146
579
-21
-245
343
661
-96
-456
-479
45
-273
-496
275
620
685
441
414
-147
218
-19
-71
-681
-366
-397
160
-44
-736
-350
310
658
457
345
177
394
-60
-557
-836
-279
-325
-70
155
308
178
753
325
-116
111
-302
-218
-220
-686
-584
187
421
39
140
341
246
2
-397
-749
-258
-265
-247
-45
257
455
676
485
-450
-426
-144
29
-230
-303
-200
361
527
179
28
24
-1
104
-205
-443
-300
-24
23
247
105
-55
193
348
15
-56
-30
17
170
50
-24
-55
265
324
618
14
-143
134
339
204
-256
-659
-230
-49
-200
-188
-288
-25
246
100
-388
-262
-60
-138
-222
-87
-106
-86
-124
-403
-248
-64
-42
-112
-103
91
651
846
513
130
18
56
-254
-1051
-819
-284
87
270
659
885
1048
850
343
-42
-128
-213
-267
180
216
150
505
567
226
-88
-229
-47
-16
279
115
310
430
547
339
136
-334
-700
-626
-673
-582
-605
-168
129
288
187
36
-468
-817
-870
-668
-690
-794
-643
-433
-188
-410
-609
-555
-105
9
-155
-341
-109
12
-182
-491
-418
-346
-335
-122
245
874
1051
1180
1538
1815
1580
1239
1122
1007
752
558
936
1184
1282
1298
1113
914
988
576
50
-179
-399
-501
-515
-545
-511
-369
-352
-532
-648
-806
-764
-963
-1247
-1482
-1320
-1357
-1699
-1612
-1756
-1696
-1868
-1796
-1703
-1359
-1442
-1515
-1211
-1047
-1074
-1059
-912
-656
-359
-114
212
748
1485
2101
2039
1984
2241
2685
2659
2358
2356
2759
3285
3457
3861
4016
4000
3705
3476
2607
1821
880
-179
-1079
-1872
-2376
-2702
-2637
-2443
-2005
-1671
-1195
-968
-917
-1163
-1524
-2122
-2584
-2962
-3516
-3811
-3674
-3283
-2930
-2529
-2392
-2007
-1519
-1280
-1311
-1172
-1011
-875
-923
-1139
-1118
-788
-321
321
1009
1723
2523
3541
4406
4910
5181
5271
5229
5278
5420
5543
5616
5331
4738
4199
3174
1502
-303
-1720
-2867
-3930
-4455
-4247
-3575
-2896
-1898
-775
435
808
541
87
-306
-1357
-2680
-3616
-4076
-4047
-3750
-3193
-2526
-1741
-894
-470
-412
-754
-1312
-1950
-2684
-3497
-4092
-4057
-3751
-3049
-2184
-829
413
1429
2454
3184
3663
3844
3841
3995
4070
3951
4048
4242
4371
4747
5119
5409
5790
5845
5357
4706
3894
2405
448
-1218
-2531
-3774
-4809
-5236
-5033
-4657
-4140
-3169
-1925
-885
-295
28
223
181
-387
-1272
-1942
-2739
-3315
-3533
-3418
-3445
-3109
-2202
-1323
-920
-714
-703
-763
-1148
-2032
-2729
-3060
-3233
-3256
-2750
-1850
-697
487
1870
3299
4318
4986
5546
5711
5483
5131
5010
5005
4936
4936
5214
5631
5586
5108
4562
4194
2867
628
-1366
-2757
-4267
-5823
-6614
-6564
-6113
-5411
-4115
-2495
-1093
-191
394
968
965
353
-403
-1026
-1797
-2576
-2807
-2668
-2581
-2560
-2308
-1785
-1311
-1375
-1633
-1695
-1937
-2639
-3164
-3173
-3043
-2938
-2429
-1470
-314
812
1872
3226
4475
5335
6123
6710
6792
6657
6537
6313
6104
5822
5736
5889
5659
4964
4221
3522
1986
-412
-2623
-4345
-6000
-7570
-8340
-8101
-7348
-6492
-4974
-2988
-1391
-300
505
1285
1500
1010
312
-251
-877
-1660
-1919
-1873
-1785
-1580
-1166
-816
-832
-942
-1107
-1539
-2492
-3337
-3769
-4202
-4620
-4541
-3640
-2420
-1159
320
2208
4024
5182
6027
6820
7155
6879
6557
6231
5918
5758
5656
5869
6327
6436
6102
5619
4724
3165
799
-1897
-4166
-6172
-8078
-9357
-9520
-9139
-8387
-6832
-4788
-2913
-1391
-68
1044
1819
1996
1687
1147
477
-247
-836
-1099
-1152
-1207
-870
-160
131
-68
-376
-579
-1157
-2197
-3284
-4062
-4468
-4705
-4589
-4019
-2997
-1886
-528
1232
2806
3923
4951
5967
6501
6658
6613
6627
6596
6347
6171
6305
6559
6550
6226
5510
4571
3275
1105
-1861
-4455
-6450
-8434
-9889
-10316
-9771
-8789
-7335
-5297
-3191
-1459
-252
807
1706
2027
1776
1406
1094
657
249
90
315
613
749
1095
1572
1616
1019
286
-420
-1462
-2860
-4238
-5177
-5860
-6239
-5938
-4969
-3597
-2057
-147
1951
3700
4967
5966
6688
6775
6342
5927
5708
5447
5287
5481
5947
6554
7056
6926
6122
5154
3633
787
-2725
-5656
-8048
-10295
-11938
-12246
-11421
-10091
-8205
-5643
-3003
-983
444
1647
2668
2802
2271
1776
1371
981
665
867
1313
1774
2275
2857
3341
3245
2535
1480
364
-996
-2762
-4577
-5782
-6589
-7337
-7428
-6556
-5007
-3249
-1283
1032
3251
4918
6026
6709
7016
6724
5946
5460
5364
5222
5170
5663
6537
7233
7377
6807
5908
4631
2040
-1677
-5179
-7947
-10488
-12713
-13652
-13109
-11885
-10093
-7367
-4298
-1692
339
2115
3597
4245
3938
3313
2766
2185
1685
1615
2010
2425
2968
3703
4019
3834
3336
2264
565
-1442
-3360
-5011
-6665
-8127
-8903
-8786
-8008
-6851
-5025
-2576
-101
2118
4140
5734
6685
7002
6881
6490
5833
5198
5048
5435
5854
6340
7156
8028
8371
7678
6277
4610
1997
-2026
-6076
-8936
-11296
-13569
-14533
-13580
-11880
-9935
-7149
-3690
-674
1427
3177
4679
5302
4831
4065
3482
2833
2155
2043
2535
2946
3213
3668
4050
3608
2570
1470
26
-1961
-4179
-6129
-7746
-9117
-10042
-10283
-9729
-8432
-6479
-3933
-1187
1370
3736
5868
7259
7681
7619
7288
6508
5530
5087
5128
5284
5624
6273
7204
7950
7912
6878
5446
3662
709
-3387
-7211
-9934
-12208
-14023
-14343
-13004
-11065
-8679
-5336
-1620
1323
3463
5337
6684
6981
6314
5337
4382
3371
2390
1917
1969
2020
1974
2248
2546
2143
1188
72
-1192
-2932
-5040
-7022
-8512
-9528
-10316
-10509
-9800
-8339
-6314
-3806
-1017
1689
4135
6251
7773
8401
8239
7660
6830
5761
4847
4278
3949
4064
4551
5213
5878
6398
6416
5482
3926
2052
-572
-4139
-7564
-9895
-11544
-12843
-12827
-11183
-8919
-6457
-3438
88
2941
4808
6304
7340
7457
6625
5405
4240
3083
1929
1199
1042
965
749
819
982
757
78
-782
-1726
-2823
-4198
-6034
-7550
-8408
-9087
-9602
-9379
-8167
-6293
-3904
-1091
1767
4392
6731
8429
9305
9258
8369
7044
5625
4163
2863
2148
1975
2150
2702
3628
4624
5295
5065
4204
3207
1538
-1601
-5193
-7540
-9233
-11074
-12019
-10937
-8977
-7056
-4351
-793
2239
4255
5994
7324
7814
7068
5757
4550
3129
1467
190
-231
-560
-977
-884
-283
104
79
153
-7
-886
-2099
-3279
-4865
-6984
-8660
-9263
-9389
-9364
-8319
-5798
-2717
219
3212
6273
8607
9600
9641
9153
7722
5352
3118
1652
525
-484
-561
368
1518
2753
4318
5773
6170
5596
4777
3426
433
-3440
-6226
-8061
-10100
-11445
-10669
-8849
-7019
-4444
-845
2509
4675
6291
7735
8325
7500
5874
4378
2795
704
-956
-1535
-1885
-2375
-2234
-1286
-441
-31
303
610
363
-764
-2211
-3734
-5632
-7639
-9029
-9675
-9804
-9007
-6867
-3978
-957
2212
5355
7935
9373
9642
8965
7358
4943
2340
316
-1201
-2263
-2324
-1223
430
2297
4464
6705
8209
8488
8054
7035
4571
450
-3445
-6070
-8672
-11296
-12020
-10640
-8960
-6859
-3274
866
3890
6056
8044
9312
9011
7258
5299
3303
746
-1838
-3291
-3850
-4347
-4299
-3092
-1436
-178
964
2100
2616
1859
394
-1037
-3213
-6466
-9136
-10229
-10943
-11411
-10115
-6997
-3599
-289
3378
6976
9389
10050
9514
8273
5987
2743
-28
-1652
-2994
-3747
-2642
-310
1947
4326
7268
9973
11189
10844
9765
8052
4430
-831
-5091
-7808
-10814
-13341
-12966
-10719
-8690
-5834
-1274
3064
5753
7577
9144
9625
8087
5439
3094
751
-2106
-4350
-4886
-4714
-4585
-3550
-1356
638
1864
2932
3601
3274
1828
-219
-2408
-5148
-8271
-10405
-11165
-11512
-11138
-8972
-5564
-2227
1080
4627
7620
9202
9403
8754
7254
4696
1808
-335
-1631
-2697
-2866
-1402
814
2952
5292
8034
10153
10748
10162
9153
7263
3390
-1388
-4761
-7153
-10032
-11906
-11080
-9096
-7543
-4900
-809
2554
4351
5733
7070
7173
5711
3774
2166
225
-2136
-3590
-3633
-3602
-3735
-2780
-960
374
1034
1854
2442
1963
555
-956
-2553
-5023
-7762
-9294
-9750
-10293
-10098
-7978
-4877
-2016
1025
4549
7470
8883
9111
8783
7537
5029
2155
169
-1253
-2623
-2903
-1490
321
2133
4615
7486
9727
10611
10598
10101
8522
4940
425
-2934
-5693
-9011
-11312
-11127
-10025
-9031
-6717
-2924
316
2286
4145
5972
6493
5396
3873
2462
418
-2044
-3541
-3909
-4267
-4482
-3465
-1692
-253
824
2143
3129
3072
2220
1072
-569
-3072
-5700
-7489
-8740
-9842
-9786
-8121
-5669
-3121
-105
3387
6197
7772
8436
8432
7225
4829
2308
351
-1416
-2864
-2934
-1597
79
2027
4778
7811
10312
11623
11827
11403
9983
6762
2199
-1896
-5302
-8951
-11955
-12768
-12124
-11285
-9341
-5762
-2158
290
2402
4584
5680
5192
4007
2841
1153
-1004
-2507
-2960
-3164
-3310
-2498
-869
670
1821
3082
4296
4516
3675
2483
1063
-1337
-4479
-6952
-8434
-9835
-10698
-9849
-7689
-5312
-2605
785
3980
6078
7300
7959
7620
5875
3573
1802
341
-1178
-1801
-882
747
2362
4633
7510
9869
11258
11655
11212
9844
7094
2794
-1747
-5428
-8975
-12446
-14183
-13954
-13120
-11655
-8554
-4595
-1421
1083
3635
5670
6252
5739
4997
3857
1926
51
-855
-1283
-1822
-1769
-606
870
1994
3041
4251
4898
4380
3102
1565
-477
-3515
-6892
-9192
-10654
-11876
-12128
-10640
-8002
-5097
-1702
2091
5285
7430
8735
9092
8213
6223
3962
2056
384
-984
-1361
-444
1059
2760
5079
7678
9779
10857
10812
9898
8061
4726
11
-4498
-8105
-11582
-14621
-15601
-14693
-13254
-10868
-6783
-2296
1047
3811
6527
8344
8435
7499
6355
4733
2496
562
-359
-922
-1497
-1170
188
1502
2323
3209
4081
4081
3024
1323
-666
-3158
-6317
-9308
-11248
-12337
-12760
-11913
-9685
-6658
-3176
617
4209
7020
8830
9622
9272
7793
5605
3341
1337
-343
-1458
-1477
-425
1136
3016
5166
7214
8819
9694
9438
8084
5902
2737
-1528
-5677
-8786
-11414
-13605
-14022
-12546
-10450
-7813
-4028
156
3335
5581
7601
8921
8730
7509
6146
4557
2414
487
-506
-1034
-1466
-1312
-360
611
1158
1640
2076
1874
794
-745
-2479
-4590
-7069
-9446
-10949
-11668
-11818
-10989
-8785
-5726
-2429
1046
4513
7377
9153
9847
9562
8269
6130
3761
1638
-137
-1450
-1812
-1100
192
1695
3450
5328
6906
7967
8079
7115
5587
3593
511
-3234
-6174
-8177
-10076
-11226
-10407
-8491
-6495
-3810
-161
3036
4990
6596
7969
8196
7146
5786
4412
2554
382
-1107
-1830
-2422
-2862
-2548
-1718
-1123
-792
-330
-45
-461
-1370
-2403
-3592
-5147
-6710
-7969
-8745
-8892
-8291
-7010
-5097
-2643
82
2805
5254
7121
8171
8423
7859
6561
4819
2909
982
-606
-1513
-1694
-1342
-446
856
2294
3882
5496
6815
7219
6793
6023
4818
2398
-859
-3411
-5121
-7080
-8623
-8271
-6906
-5728
-3881
-881
1710
3166
4425
5749
6065
5184
4086
3068
1500
-530
-1942
-2582
-3300
-4091
-3971
-3156
-2621
-2237
-1351
-378
-72
-189
-235
-570
-1595
-2952
-4028
-5032
-5992
-6409
-5887
-4831
-3481
-1483
995
3233
4905
6230
7051
6941
5785
4223
2570
736
-1101
-2261
-2590
-2484
-1856
-428
1391
3173
4970
6836
8318
8659
8179
7449
5963
3000
-331
-2678
-4685
-7174
-8677
-8237
-7294
-6499
-4693
-1908
113
1284
2666
4013
4162
3301
2521
1831
403
-1382
-2348
-2737
-3355
-3699
-2934
-1832
-1106
-223
1144
2164
2310
2132
2038
1489
129
-1568
-2868
-4025
-5371
-6362
-6241
-5480
-4687
-3385
-1314
789
2345
3693
4731
4918
4217
3280
2187
735
-803
-1704
-1825
-1521
-981
155
1910
3708
5434
7202
8798
9446
9215
8584
7385
4919
1508
-1630
-4140
-6771
-9261
-10247
-9942
-9386
-8241
-5754
-2982
-1060
696
2726
4035
4064
3641
3265
2354
801
-466
-1042
-1514
-2056
-1863
-898
21
723
1860
3118
3648
3576
3397
2811
1424
-380
-2091
-3909
-5870
-7403
-8133
-8253
-7870
-6733
-4794
-2536
-396
1655
3488
4715
5040
4764
4094
2979
1535
316
-395
-732
-593
247
1576
3086
4804
6566
8104
9245
9779
9368
8239
6544
3869
217
-3389
-6313
-9028
-11444
-12438
-11849
-10719
-9071
-6222
-2818
-221
1834
3981
5487
5619
5069
4487
3438
1790
463
-220
-791
-1295
-1097
-156
727
1466
2456
3446
3748
3377
2746
1743
-37
-2306
-4383
-6216
-7979
-9323
-9802
-9403
-8458
-6980
-4821
-2228
274
2558
4614
6074
6603
6407
5850
4790
3232
1721
724
160
5
419
1407
2678
4041
5474
6849
7813
8214
7902
6769
5049
2758
-192
-3619
-6662
-8967
-10833
-12075
-11788
-10344
-8582
-6259
-2963
244
2489
4388
6105
6838
6379
5575
4665
3229
1470
213
-465
-1047
-1428
-1027
-164
456
999
1836
2405
2108
1301
420
-747
-2476
-4424
-6049
-7325
-8469
-9075
-8662
-7558
-6177
-4172
-1444
1264
3463
5423
6985
7699
7473
6663
5446
3822
2021
563
-288
-704
-732
-128
1008
2164
3273
4413
5291
5605
5692
5320
4091
2346
503
-1803
-4532
-6813
-8228
-9308
-9925
-9166
-7366
-5419
-3256
-328
2438
4188
5422
6444
6560
5614
4475
3408
1941
270
-809
-1225
-1465
-1576
-1179
-461
63
456
959
1252
896
147
-577
-1405
-2494
-3706
-4758
-5478
-5932
-6066
-5659
-4740
-3575
-2130
-251
1774
3397
4595
5508
5948
5708
4956
3914
2620
1224
11
-745
-1105
-1245
-1112
-531
254
1019
1799
2539
2984
3319
3706
3525
2697
1750
668
-1061
-2941
-4146
-4984
-5933
-6181
-5209
-3920
-2779
-1143
1033
2634
3451
4193
4720
4321
3347
2491
1592
199
-1066
-1692
-2015
-2339
-2362
-1828
-1192
-743
-176
623
1110
1064
874
791
419
-350
-1226
-1924
-2589
-3259
-3637
-3565
-3273
-2919
-2092
-896
147
972
1911
2775
3103
2993
2795
2362
1451
422
-379
-989
-1532
-1838
-1706
-1221
-626
148
1202
2275
3109
4001
5022
5511
5231
4800
4224
2768
611
-1195
-2527
-4157
-5656
-5958
-5468
-5127
-4394
-2693
-977
-60
857
2010
2466
2076
1714
1463
686
-383
-955
-1052
-1235
-1399
-950
-97
560
1213
2247
3161
3424
3368
3386
3018
1876
508
-702
-2012
-3578
-4813
-5450
-5873
-6142
-5641
-4367
-3014
-1745
-163
1543
2682
3267
3625
3608
2906
1752
732
-151
-1090
-1824
-1891
-1488
-917
6
1356
2743
3894
5040
6107
6740
6612
5887
4849
3343
981
-1753
-3885
-5589
-7369
-8546
-8325
-7513
-6651
-5058
-2676
-648
750
2193
3538
3989
3712
3427
3047
2103
1059
615
459
137
81
778
1597
2094
2708
3546
3942
3688
3175
2489
1245
-442
-2054
-3514
-5035
-6409
-7182
-7396
-7308
-6757
-5517
-3902
-2217
-420
1456
2986
3949
4425
4504
4066
3019
1721
491
-639
-1651
-2198
-2136
-1747
-1071
107
1491
2738
3828
4852
5567
5830
5591
4804
3572
1981
-102
-2456
-4417
-5824
-6967
-7660
-7297
-6150
-4833
-3239
-1109
931
2310
3419
4456
4805
4397
3854
3355
2487
1433
823
602
400
375
834
1447
1869
2236
2725
2907
2527
1827
1037
-59
-1480
-2903
-4109
-5235
-6199
-6652
-6526
-6186
-5634
-4540
-3079
-1668
-297
1114
2275
2933
3221
3294
2951
2147
1082
115
-730
-1478
-1949
-1972
-1675
-1105
-114
1195
2368
3295
4189
4941
5255
5165
4742
3709
2321
825
-927
-2971
-4635
-5625
-6268
-6561
-5871
-4443
-2993
-1384
692
2636
3761
4477
5050
4981
4205
3327
2500
1381
234
-308
-387
-360
-131
560
1423
2080
2578
3000
3006
2391
1405
289
-1055
-2695
-4282
-5475
-6333
-6915
-6992
-6508
-5680
-4585
-3139
-1524
-51
1152
2206
2969
3217
2994
2506
1827
904
-85
-822
-1291
-1551
-1553
-1151
-469
296
1139
2012
2676
3040
3254
3332
3133
2758
2326
1696
944
207
-585
-1601
-2432
-2724
-2828
-2982
-2602
-1633
-763
-86
911
1918
2282
2310
2415
2296
1714
1158
883
561
163
92
398
734
1002
1418
1918
2138
2089
2057
1852
1223
331
-495
-1387
-2451
-3421
-4132
-4661
-5114
-5248
-4924
-4448
-3987
-3248
-2208
-1283
-516
326
1087
1480
1650
1809
1789
1415
845
365
-26
-469
-859
-964
-868
-729
-365
307
927
1402
1974
2618
3046
3264
3533
3677
3365
2806
2260
1430
120
-1067
-1724
-2377
-3167
-3279
-2661
-2164
-1671
-580
627
1173
1543
2144
2376
2031
1681
1534
1163
635
469
743
996
1194
1653
2255
2524
2522
2485
2163
1273
53
-1142
-2436
-3900
-5234
-6139
-6640
-6899
-6760
-6017
-4975
-3902
-2673
-1191
168
1202
2099
2845
3105
2898
2523
1977
1122
123
-659
-1188
-1590
-1777
-1546
-967
-304
461
1367
2160
2607
2917
3128
3081
2801
2585
2457
2074
1588
1279
992
349
-253
-381
-553
-1062
-1202
-787
-643
-765
-457
79
126
43
354
595
494
521
962
1287
1362
1599
2066
2330
2266
2197
2057
1518
700
-61
-866
-1902
-2958
-3738
-4278
-4696
-4882
-4719
-4265
-3713
-3110
-2298
-1448
-867
-475
42
472
524
478
575
565
342
189
163
38
-181
-256
-210
-199
-306
-302
-172
-105
-49
202
547
756
1042
1630
2279
2801
3394
4146
4768
4952
4844
4533
3728
2313
844
-332
-1680
-3148
-3895
-3930
-3980
-3858
-2940
-1743
-951
-147
946
1703
1928
2111
2366
2230
1691
1289
1090
710
186
-40
-63
-272
-549
-528
-458
-711
-1100
-1319
-1532
-1959
-2412
-2662
-2866
-3102
-3216
-3007
-2689
-2523
-2224
-1589
-913
-453
41
648
1033
1068
1068
1032
702
145
-272
-525
-793
-980
-859
-489
-73
454
1236
2046
2660
3180
3729
4090
4130
4071
4049
3873
3319
2642
2003
1129
-104
-1191
-1893
-2639
-3446
-3656
-3288
-2989
-2648
-1738
-672
-89
394
1160
1667
1647
1610
1790
1743
1404
1224
1235
1088
777
640
577
215
-311
-615
-855
-1392
-1994
-2303
-2490
-2760
-2910
-2787
-2609
-2488
-2260
-1844
-1431
-1207
-1055
-808
-576
-523
-458
-244
-109
-125
-5
262
366
300
355
495
502
409
430
505
522
560
809
1164
1427
1703
2139
2586
2821
3049
3361
3562
3548
3298
2885
2267
1349
128
-1026
-1917
-2801
-3596
-3757
-3422
-3124
-2582
-1487
-369
311
979
1736
2091
1980
1869
1768
1311
650
242
50
-275
-584
-556
-433
-521
-530
-320
-265
-497
-728
-859
-1105
-1469
-1764
-1955
-2163
-2309
-2240
-2065
-1969
-1921
-1650
-1313
-1092
-879
-531
-209
-44
195
473
610
560
542
550
499
344
265
297
312
387
626
1021
1372
1734
2228
2704
3001
3212
3382
3447
3395
3240
2809
2185
1417
451
-717
-1754
-2506
-3213
-3707
-3601
-3091
-2611
-1934
-891
56
598
1084
1549
1608
1320
1101
946
541
97
-14
63
62
147
422
632
652
663
691
472
-9
-545
-1025
-1570
-2138
-2578
-2855
-3032
-3044
-2793
-2342
-1950
-1544
-1058
-656
-403
-278
-179
-201
-244
-282
-254
-205
-165
-95
112
391
597
824
1090
1313
1458
1707
1946
2037
2101
2212
2278
2271
2243
2188
2116
2064
2060
1964
1666
1236
738
45
-858
-1546
-2024
-2598
-3026
-2833
-2401
-2130
-1588
-663
78
491
1045
1549
1641
1532
1550
1492
1152
772
634
538
290
62
3
-95
-349
-528
-597
-796
-1149
-1456
-1655
-1839
-2042
-2202
-2233
-2187
-2106
-1899
-1633
-1488
-1367
-1194
-1017
-891
-729
-554
-405
-168
114
400
645
843
970
1103
1183
1156
1064
993
896
815
832
916
996
1142
1355
1561
1749
1905
1997
2089
2200
2249
2124
1845
1460
907
83
-794
-1377
-1892
-2458
-2641
-2251
-1864
-1527
-778
127
596
863
1288
1477
1260
978
806
524
96
-184
-221
-247
-333
-286
-99
-69
-176
-190
-214
-460
-814
-1090
-1317
-1571
-1802
-1918
-1915
-1866
-1765
-1520
-1207
-1026
-921
-766
-644
-730
-827
-761
-659
-638
-503
-158
168
390
639
959
1142
1172
1182
1181
1048
886
842
887
935
1037
1269
1579
1878
2167
2468
2679
2842
2965
2808
2360
1792
997
-169
-1279
-1966
-2618
-3303
-3427
-2927
-2444
-1923
-957
86
595
923
1407
1568
1198
775
540
127
-391
-595
-486
-423
-306
115
612
855
940
1027
954
568
3
-563
-1173
-1832
-2397
-2739
-2927
-3027
-2889
-2496
-1999
-1583
-1202
-734
-392
-297
-269
-157
-141
-261
-260
-64
98
203
498
860
1140
1347
1598
1793
1802
1770
1777
1778
1669
1553
1518
1471
1384
1392
1471
1476
1485
1671
1686
1414
1068
616
-195
-1093
-1633
-2118
-2683
-2893
-2528
-2075
-1638
-905
-17
514
789
1168
1388
1179
848
697
515
193
49
134
201
235
381
551
505
317
102
-190
-628
-1151
-1607
-1990
-2339
-2548
-2539
-2375
-2137
-1788
-1303
-782
-472
-335
-181
-208
-502
-760
-771
-806
-850
-569
9
538
1031
1590
2067
2322
2335
2209
1932
1475
928
534
311
101
44
296
637
943
1357
1810
2095
2285
2552
2563
2194
1635
927
-78
-1226
-2066
-2659
-3208
-3485
-3090
-2393
-1753
-959
65
760
1027
1270
1363
1017
499
169
-92
-339
-367
-113
226
606
1001
1324
1443
1283
922
431
-202
-977
-1701
-2254
-2621
-2827
-2788
-2483
-2022
-1545
-1061
-548
-224
-217
-339
-521
-863
-1227
-1350
-1278
-1088
-662
44
850
1578
2175
2630
2861
2749
2368
1850
1208
480
-111
-398
-483
-388
-50
477
1068
1675
2242
2631
2857
2933
2651
2020
1189
99
-1298
-2573
-3376
-3934
-4358
-4166
-3238
-2178
-1135
140
1399
2081
2317
2467
2279
1604
872
388
-57
-442
-468
-155
215
568
997
1367
1417
1165
798
282
-445
-1250
-1914
-2409
-2749
-2889
-2735
-2347
-1900
-1437
-901
-456
-330
-367
-493
-805
-1190
-1330
-1233
-1057
-696
3
870
1630
2207
2597
2752
2527
1990
1335
621
-144
-752
-940
-833
-537
47
826
1500
2067
2519
2721
2610
2309
1850
1129
281
-643
-1592
-2545
-3160
-3245
-3015
-2615
-1777
-536
553
1364
2118
2569
2336
1749
1146
383
-477
-1086
-1280
-1187
-821
-99
834
1676
2259
2605
2636
2182
1328
333
-743
-1847
-2797
-3384
-3582
-3450
-3039
-2352
-1531
-791
-230
186
283
-14
-506
-1074
-1682
-2106
-2132
-1840
-1288
-456
573
1583
2390
2840
2906
2645
2033
1178
285
-489
-1100
-1338
-1130
-602
144
1023
1832
2460
2854
2912
2661
2223
1643
790
-98
-862
-1611
-2355
-2691
-2437
-1987
-1532
-758
342
1132
1492
1777
1828
1266
429
-182
-735
-1286
-1471
-1080
-432
329
1279
2287
3028
3254
3076
2580
1671
377
-929
-2019
-2928
-3604
-3788
-3476
-2868
-2187
-1424
-631
-87
53
-85
-355
-915
-1749
-2356
-2576
-2649
-2506
-1789
-659
391
1327
2260
2923
3032
2720
2155
1412
515
-313
-795
-918
-808
-404
379
1264
1925
2442
2840
2906
2620
2218
1791
1106
296
-374
-927
-1544
-1994
-1943
-1643
-1465
-1104
-354
247
417
529
635
378
-120
-462
-640
-734
-606
-131
587
1346
2056
2685
3097
3072
2616
1868
943
-158
-1243
-2135
-2697
-2956
-2965
-2726
-2218
-1689
-1329
-1049
-897
-1044
-1517
-1945
-2293
-2711
-3004
-2761
-2097
-1343
-497
597
1638
2284
2587
2626
2294
1613
853
233
-259
-614
-636
-234
393
1022
1706
2392
2813
2927
2842
2586
2142
1731
1286
734
201
-308
-919
-1545
-1819
-1873
-1989
-2009
-1610
-1071
-703
-349
118
394
374
384
483
434
342
455
753
1067
1429
1844
2193
2345
2254
1980
1523
836
5
-765
-1414
-1973
-2423
-2606
-2628
-2558
-2474
-2290
-2112
-2027
-2064
-2087
-2027
-2009
-1994
-1846
-1422
-934
-448
88
698
1108
1311
1399
1379
1117
750
440
244
154
234
495
901
1378
1836
2265
2600
2735
2630
2487
2246
1958
1622
1149
541
-57
-747
-1578
-2133
-2234
-2285
-2318
-1897
-1163
-620
-275
149
440
350
117
72
56
-15
114
620
1233
1765
2308
2792
3004
2831
2382
1697
821
-154
-1034
-1692
-2123
-2416
-2510
-2357
-2121
-2003
-1983
-2037
-2236
-2583
-2919
-3104
-3075
-2792
-2222
-1369
-376
585
1404
1959
2100
1804
1321
758
170
-337
-537
-350
151
831
1597
2353
2871
3083
3016
2732
2220
1623
1112
889
777
652
525
375
-71
-731
-1179
-1413
-1845
-2318
-2252
-1814
-1435
-1105
-609
-159
65
213
451
605
665
794
1178
1643
2005
2302
2569
2676
2449
1977
1363
652
-170
-920
-1478
-1863
-2177
-2330
-2281
-2161
-2133
-2212
-2286
-2462
-2723
-2957
-2948
-2713
-2262
-1596
-701
182
946
1522
1831
1756
1368
874
393
-20
-301
-275
40
566
1139
1744
2203
2413
2368
2239
1994
1640
1323
1247
1171
973
767
452
-231
-983
-1256
-1374
-1745
-1939
-1521
-997
-723
-460
-171
-155
-334
-395
-328
-308
-193
197
872
1586
2179
2627
2915
2894
2512
1910
1183
359
-512
-1177
-1513
-1685
-1882
-1931
-1822
-1739
-1884
-2097
-2316
-2579
-2829
-2866
-2524
-1953
-1260
-493
328
949
1310
1380
1181
683
174
-146
-251
-209
46
566
1233
1834
2172
2252
2048
1664
1183
803
474
376
456
590
686
702
370
-238
-598
-714
-972
-1286
-1086
-640
-365
-235
24
80
-182
-465
-511
-536
-573
-351
179
821
1355
1832
2159
2256
1997
1566
1067
574
37
-369
-537
-582
-746
-936
-1134
-1515
-2031
-2546
-2909
-3142
-3057
-2592
-1742
-797
88
797
1333
1485
1218
681
28
-565
-912
-888
-568
21
777
1577
2249
2616
2556
2152
1587
937
301
-151
-273
-168
-95
-49
-60
-311
-883
-1233
-1147
-1009
-981
-555
231
786
947
974
798
252
-400
-803
-911
-904
-619
56
959
1680
2115
2285
2158
1620
858
135
-434
-855
-1058
-914
-546
-244
-165
-305
-603
-1156
-1914
-2543
-2802
-2767
-2427
-1644
-598
298
937
1410
1533
1248
680
142
-253
-437
-416
-54
484
1002
1406
1744
1877
1647
1294
973
761
570
573
670
603
244
-259
-1015
-2079
-2899
-3047
-2844
-2572
-1804
-565
600
1322
1728
1730
1296
691
245
19
-43
102
584
1288
1823
1993
1813
1406
732
-17
-617
-936
-1036
-928
-593
-212
-38
-227
-666
-1288
-2002
-2513
-2644
-2490
-2045
-1189
-61
920
1468
1645
1537
1163
578
42
-243
-248
36
622
1283
1765
2014
2069
1869
1442
929
539
321
292
443
641
571
240
-352
-1292
-2325
-2825
-2764
-2609
-2327
-1598
-664
-76
133
46
-318
-823
-982
-661
-41
719
1677
2730
3515
3718
3293
2389
1183
-76
-1139
-1768
-1964
-1865
-1511
-984
-619
-609
-808
-1150
-1562
-1939
-2058
-1892
-1357
-576
202
805
1187
1304
1166
869
490
249
249
510
955
1508
1946
2143
2136
1918
1515
1128
836
655
631
802
955
797
354
-334
-1316
-2381
-2942
-2842
-2501
-2074
-1325
-420
108
117
-181
-728
-1401
-1770
-1576
-989
-228
706
1725
2500
2788
2546
1928
1117
263
-389
-694
-738
-626
-483
-373
-428
-731
-1214
-1771
-2259
-2547
-2361
-1762
-958
-159
665
1340
1679
1623
1313
916
607
515
631
915
1225
1536
1794
1891
1698
1356
1074
947
853
812
900
912
605
58
-609
-1502
-2354
-2565
-2157
-1657
-1113
-282
491
741
495
-1
-659
-1289
-1559
-1361
-864
-257
396
972
1282
1176
772
235
-303
-806
-1120
-1139
-1001
-855
-723
-536
-569
-812
-1096
-1269
-1363
-1194
-667
-34
477
864
1226
1375
1233
875
651
618
808
1149
1562
1859
1924
1892
1717
1338
812
424
281
328
493
617
567
249
-285
-1047
-1850
-2323
-2162
-1673
-1109
-455
267
733
756
488
4
-480
-702
-463
30
607
1095
1444
1503
1208
551
-238
-1024
-1692
-2082
-2130
-1970
-1778
-1448
-1198
-1167
-1418
-1747
-1996
-1912
-1483
-867
-165
562
1237
1736
1974
1847
1553
1347
1381
1600
1910
2161
2298
2286
2033
1577
1051
546
161
35
201
384
287
-46
-516
-1262
-2159
-2627
-2385
-1909
-1456
-737
134
665
750
635
324
-92
-220
146
689
1109
1429
1637
1563
1046
265
-580
-1365
-1924
-2098
-1942
-1686
-1380
-1014
-824
-1010
-1400
-1646
-1651
-1554
-1333
-853
-230
323
701
943
1002
977
1041
1302
1631
1972
2338
2654
2724
2463
2014
1489
934
459
243
190
41
-304
-632
-1113
-1876
-2497
-2431
-1947
-1503
-959
-181
478
727
738
622
375
188
343
779
1217
1505
1690
1651
1216
402
-483
-1302
-1939
-2322
-2364
-2117
-1767
-1494
-1412
-1513
-1718
-1803
-1684
-1393
-1013
-442
262
929
1333
1520
1600
1653
1698
1798
1913
2017
2090
2103
1945
1567
1107
689
368
122
0
-59
-271
-582
-931
-1500
-2223
-2502
-2100
-1540
-1114
-603
35
436
576
577
496
339
437
858
1375
1709
1855
1905
1680
1087
253
-526
-1200
-1739
-1926
-1775
-1613
-1689
-1799
-1806
-1841
-1951
-1950
-1731
-1348
-847
-226
383
772
1017
1324
1677
1900
2026
2205
2431
2607
2643
2550
2229
1722
1189
814
476
-31
-644
-1129
-1561
-2240
-2947
-3192
-2903
-2502
-2031
-1429
-787
-339
68
428
630
715
1005
1498
1877
2080
2184
2104
1697
1141
537
-131
-756
-1033
-1188
-1489
-1829
-2031
-2173
-2273
-2143
-1827
-1481
-1152
-693
-166
250
489
719
1104
1535
1913
2222
2387
2449
2405
2366
2220
1931
1573
1315
1163
913
400
-324
-1032
-1736
-2427
-2874
-2765
-2342
-1891
-1506
-1125
-875
-798
-770
-735
-611
-319
200
766
1169
1317
1237
1012
666
245
-178
-427
-397
-290
-318
-404
-397
-379
-441
-603
-782
-887
-809
-584
-280
16
362
753
1171
1477
1628
1687
1728
1733
1684
1659
1602
1526
1459
1385
1239
849
205
-436
-1054
-1770
-2359
-2334
-1861
-1477
-1276
-1022
-846
-872
-935
-924
-867
-645
-157
428
768
804
696
478
134
-272
-570
-765
-928
-999
-988
-955
-1001
-1058
-1128
-1163
-1125
-975
-671
-231
305
840
1362
1818
2143
2327
2476
2594
2636
2583
2520
2449
2248
1940
1585
1217
574
-163
-796
-1372
-1983
-2285
-2105
-1688
-1365
-1151
-1133
-1189
-1123
-1020
-961
-859
-465
-21
300
364
342
167
-136
-323
-362
-575
-913
-1035
-1055
-1214
-1384
-1452
-1454
-1340
-1108
-856
-628
-274
168
663
1126
1562
1896
2142
2413
2588
2558
2380
2245
2103
1894
1679
1404
983
440
-59
-685
-1438
-1947
-1913
-1547
-1209
-934
-779
-685
-591
-420
-361
-278
-65
280
557
715
718
588
500
508
472
235
-116
-478
-858
-1294
-1682
-1977
-2134
-2114
-1991
-1879
-1811
-1670
-1433
-1094
-608
-17
616
1273
1953
2533
2935
3118
3097
2982
2803
2631
2398
1987
1437
824
92
-724
-1330
-1539
-1539
-1542
-1542
-1547
-1537
-1441
-1326
-1280
-1231
-960
-623
-395
-308
-225
-103
76
347
528
615
614
599
447
195
-61
-262
-388
-403
-329
-335
-425
-446
-334
-210
-92
95
336
646
979
1216
1287
1297
1257
1240
1223
1132
857
481
65
-439
-894
-1021
-834
-536
-312
-221
-274
-361
-431
-552
-649
-511
-159
94
187
145
15
-163
-257
-303
-386
-429
-419
-490
-711
-974
-1216
-1425
-1473
-1335
-1121
-906
-595
-202
212
611
1030
1427
1790
2069
2230
2233
2141
1977
1790
1589
1402
1096
682
177
-435
-1071
-1452
-1460
-1218
-900
-642
-491
-497
-502
-532
-558
-517
-313
-23
198
288
155
-96
-306
-376
-371
-350
-339
-343
-377
-510
-710
-885
-921
-777
-570
-392
-266
-133
61
300
554
757
950
1169
1388
1468
1364
1177
997
905
837
648
318
-72
-520
-1019
-1410
-1479
-1279
-894
-540
-320
-239
-117
45
184
288
496
797
1080
1149
915
483
105
-120
-251
-367
-474
-601
-751
-952
-1242
-1535
-1662
-1535
-1252
-957
-708
-412
-70
306
671
1034
1412
1851
2251
2486
2498
2334
2083
1804
1493
1091
648
117
-543
-1269
-1827
-2093
-2157
-2101
-2017
-1914
-1802
-1619
-1407
-1210
-936
-474
81
597
952
1084
1052
1034
1058
1061
1045
1028
976
783
442
-7
-498
-840
-1014
-1085
-1108
-1060
-966
-847
-682
-485
-267
47
448
836
1080
1175
1215
1211
1235
1216
1193
1135
1032
843
503
137
-147
-245
-213
-185
-260
-437
-598
-721
-879
-1044
-1065
-918
-674
-489
-427
-460
-498
-463
-355
-219
-91
42
158
204
153
60
28
60
108
137
194
252
269
269
290
300
267
214
198
184
163
80
-59
-135
-138
-147
-186
-245
-303
-350
-431
-435
-385
-250
-68
114
291
431
594
773
890
901
871
831
794
692
501
264
-2
-249
-451
-616
-773
-903
-974
-949
-899
-826
-731
-608
-458
-308
-152
-17
111
243
369
424
409
373
374
395
395
376
363
378
347
270
149
25
-90
-172
-224
-269
-309
-352
-356
-332
-293
-233
-166
-95
1
106
203
267
274
275
262
230
188
165
149
122
99
91
89
78
75
93
140
193
227
254
260
239
210
172
107
19
-102
-265
-419
-566
-713
-859
-963
-1008
-989
-933
-840
-731
-604
-422
-206
17
224
411
614
810
975
1062
1101
1098
1080
1032
949
804
630
471
302
118
-114
-308
-470
-586
-693
-771
-792
-757
-654
-521
-376
-219
-45
130
277
405
497
548
587
583
538
473
371
212
52
-100
-235
-373
-493
-591
-716
-820
-877
-909
-973
-965
-877
-768
-624
-411
-198
-74
125
339
463
552
607
666
704
725
721
676
612
524
420
248
137
147
159
126
150
240
282
293
290
235
203
255
199
101
98
111
28
-73
-75
-94
-202
-260
-229
-237
-237
-287
-372
-337
-323
-429
-521
-482
-427
-399
-372
-352
-283
-243
-245
-294
-265
-198
-286
-373
-345
-233
-138
-44
11
62
202
315
318
382
495
536
606
700
760
689
573
499
459
430
329
202
150
170
151
83
-31
-138
-176
-212
-293
-360
-307
-198
-124
-90
-74
-96
-151
-153
-98
-123
-124
-6
135
99
-93
-198
-240
-277
-369
-436
-390
-272
-221
-230
-304
-379
-355
-257
-151
-95
56
183
305
373
370
299
266
362
473
499
428
356
301
257
156
55
29
75
79
86
88
80
63
16
-31
0
67
94
33
-33
-79
-146
-234
-323
-321
-263
-243
-302
-341
-325
-338
-386
-377
-341
-304
-257
-208
-149
-139
-142
-109
-14
94
221
383
516
587
616
625
563
479
446
445
426
400
328
212
92
-5
-113
-249
-285
-218
-145
-152
-246
-338
-383
-333
-272
-252
-178
2
151
143
73
42
33
53
104
88
15
-46
-118
-268
-424
-481
-425
-332
-284
-268
-247
-207
-210
-233
-205
-116
5
84
101
93
68
34
64
166
286
390
480
551
545
475
425
432
450
422
371
347
326
255
131
34
-29
-52
-63
-73
-123
-150
-146
-201
-319
-392
-355
-333
-343
-323
-245
-191
-215
-245
-191
-118
-127
-139
-67
25
33
-36
-82
-58
-25
-74
-100
-30
20
-39
-167
-214
-195
-191
-210
-172
-83
30
99
155
211
244
285
358
446
494
504
518
513
415
217
97
148
197
128
29
61
93
20
-126
-189
-131
-80
-12
3
-54
-111
-116
-199
-349
-320
-169
-67
-11
12
-40
-122
-94
-84
-118
-54
71
56
-124
-240
-266
-336
-459
-403
-219
-118
-121
-122
-95
-41
-14
64
273
460
452
274
213
244
206
60
-82
-109
-78
-122
-275
-339
-161
97
209
253
247
185
134
171
194
135
138
127
118
64
-49
-156
-96
112
118
13
-20
64
78
-12
-165
-203
-12
128
14
-137
-179
-151
-138
-226
-312
-247
-34
29
-75
-118
0
121
150
97
59
159
231
161
49
41
35
8
24
56
20
-65
-29
2
-49
-133
-116
-44
20
9
-47
-45
-8
-10
-53
-48
49
163
159
194
261
279
266
196
138
112
121
92
-66
-226
-353
-371
-340
-417
-416
-171
117
48
-183
-294
-235
-97
-36
-37
27
143
169
95
-26
-18
109
219
224
186
173
160
49
-115
-199
-159
-62
12
82
94
17
-81
-142
-103
-64
-64
-5
142
238
221
214
225
234
274
324
265
214
272
277
159
59
-14
-93
-51
2
-135
-303
-298
-220
-287
-391
-361
-248
-181
-206
-247
-253
-197
-195
-234
-202
-89
-8
6
-3
17
50
9
-17
51
114
85
25
50
105
42
-53
-63
-6
31
46
44
73
116
141
170
209
295
347
351
304
326
408
348
211
194
271
252
90
-34
-62
-89
-209
-290
-282
-245
-231
-276
-330
-378
-386
-399
-383
-326
-235
-187
-165
-162
-151
-62
51
61
11
67
152
156
91
85
117
153
194
141
49
30
86
46
-67
-59
43
118
145
132
90
118
233
314
294
213
214
300
301
131
-21
-12
-14
-109
-195
-226
-254
-257
-214
-217
-213
-226
-231
-206
-199
-188
-193
-150
-70
27
11
9
99
153
100
-19
5
119
156
19
-55
49
182
84
-172
-165
56
95
-132
-169
39
135
75
61
156
262
277
293
328
318
304
327
286
122
63
125
105
-96
-190
-119
-141
-266
-357
-319
-281
-279
-361
-402
-312
-237
-299
-376
-264
-145
-181
-259
-169
-36
17
10
35
101
186
294
314
250
236
321
386
309
133
92
186
204
63
-81
-48
81
137
66
3
90
158
120
5
-23
31
40
12
-42
-72
-122
-115
-96
-104
-126
-35
97
95
41
32
11
-46
-46
-8
-15
-136
-160
-87
-123
-289
-387
-276
-143
-171
-248
-201
-126
-153
-151
-117
-82
-72
17
148
98
-21
22
235
237
140
224
381
355
247
288
320
247
176
243
256
108
58
99
60
-68
-53
78
70
-37
-51
58
71
-38
-111
-37
21
-52
-146
-183
-162
-192
-295
-358
-294
-210
-198
-192
-145
-96
-74
-43
17
79
128
140
157
182
165
108
42
38
61
63
10
-23
-75
-99
-136
-217
-257
-221
-158
-209
-272
-257
-166
-163
-135
-9
133
216
259
366
452
438
436
518
555
522
438
371
306
164
-29
-148
-127
-164
-325
-425
-349
-357
-529
-586
-454
-312
-303
-308
-214
-85
-31
9
77
188
271
346
397
432
476
439
345
287
276
212
79
-11
-29
-107
-259
-366
-364
-370
-397
-406
-330
-282
-284
-231
-139
-56
-29
54
172
264
242
223
244
238
190
184
189
136
78
28
-3
-91
-199
-237
-221
-225
-274
-285
-255
-229
-199
-167
-139
-99
32
126
149
147
222
332
357
333
343
391
411
357
228
132
183
252
141
-44
-90
-7
-4
-168
-309
-246
-108
-109
-234
-287
-211
-99
-94
-130
-120
5
145
152
64
12
93
152
122
44
6
45
35
-79
-194
-184
-196
-289
-326
-299
-282
-323
-349
-269
-147
-66
-48
-3
150
282
273
230
341
450
451
411
453
518
427
314
281
244
110
-19
-53
-83
-188
-315
-362
-336
-344
-422
-427
-352
-279
-255
-231
-158
-90
-42
4
66
131
136
117
147
215
172
46
34
109
102
-27
-79
-30
-24
-85
-144
-116
-58
-57
-77
-26
61
69
27
65
175
224
185
155
180
217
198
174
157
153
142
112
70
18
-39
-98
-153
-216
-228
-208
-194
-206
-217
-165
-114
-94
-114
-135
-62
28
-17
-132
-125
-8
38
-47
-125
-69
37
13
-113
-157
-89
-26
-33
-51
-22
68
153
171
147
172
270
338
331
289
277
283
294
246
148
91
107
104
11
-82
-96
-91
-151
-208
-205
-180
-175
-171
-141
-103
-91
-60
-40
-25
8
36
29
-28
-33
5
1
-70
-125
-116
-132
-177
-214
-215
-194
-155
-86
-66
-88
-60
27
37
5
59
159
173
150
190
260
278
226
177
185
208
133
9
-16
8
-33
-113
-77
14
20
-45
-62
-28
-44
-87
-110
-22
86
62
-26
1
92
68
-43
-64
-3
8
-57
-103
-94
-101
-133
-147
-127
-111
-141
-137
-89
-83
-87
-42
20
38
65
131
167
169
177
230
262
250
219
220
243
233
189
128
106
102
60
-43
-120
-137
-136
-181
-263
-302
-280
-244
-252
-264
-236
-187
-160
-123
-77
-45
-11
43
83
111
133
134
125
137
173
162
101
52
37
13
-30
-81
-123
-153
-181
-206
-212
-191
-188
-179
-125
-28
22
18
37
106
192
234
275
338
412
460
449
403
351
326
274
193
120
51
-34
-112
-158
-222
-306
-366
-365
-355
-370
-397
-376
-326
-243
-170
-131
-85
8
81
104
119
122
147
183
180
114
59
39
32
-19
-110
-143
-101
-51
-86
-144
-117
-65
-47
-50
-41
10
85
121
115
134
181
238
253
228
230
255
210
129
109
102
43
-27
-14
30
-8
-95
-133
-83
-41
-92
-173
-144
-38
-31
-110
-135
-48
32
28
-15
-9
44
63
2
-79
-88
-33
-12
-82
-160
-154
-119
-155
-237
-269
-215
-140
-131
-171
-186
-111
-18
-2
-33
-11
88
167
166
123
140
206
260
266
263
265
260
265
252
202
141
131
138
107
41
-8
-9
-4
-33
-67
-58
-30
-35
-79
-115
-125
-125
-119
-109
-109
-110
-86
-55
-45
-81
-111
-74
-8
-4
-64
-95
-43
-7
-46
-83
-22
64
77
36
21
41
31
7
-3
27
58
63
61
78
99
86
42
32
53
75
69
44
30
38
46
20
-16
-33
-13
-23
-53
-73
-68
-44
-20
-28
-50
-62
-65
-54
-87
-157
-183
-125
-67
-84
-125
-112
-66
-62
-124
-160
-92
11
34
6
17
83
110
78
63
111
168
184
176
182
210
223
216
202
211
214
194
164
137
91
36
1
-2
-4
-30
-84
-129
-149
-149
-174
-224
-246
-223
-203
-225
-251
-234
-183
-146
-131
-116
-87
-54
-32
-30
-55
-51
0
47
46
20
41
98
122
97
72
80
108
121
133
130
125
134
145
138
114
96
96
112
116
85
52
44
67
81
64
33
28
42
19
-45
-98
-101
-86
-100
-130
-145
-123
-112
-122
-126
-114
-85
-77
-79
-76
-84
-103
-109
-88
-54
-18
-1
20
60
87
69
36
41
62
76
88
92
86
82
99
118
118
103
93
99
103
76
36
28
48
60
48
25
1
-17
-39
-65
-92
-104
-99
-103
-125
-155
-177
-190
-194
-200
-198
-182
-152
-127
-116
-105
-86
-54
-18
14
38
65
90
110
120
127
134
148
169
180
170
169
178
168
149
137
139
132
110
79
66
61
54
33
21
31
24
-16
-48
-52
-44
-57
-76
-74
-65
-74
-100
-135
-161
-165
-169
-169
-167
-162
-157
-153
-150
-149
-138
-118
-104
-89
-69
-54
-41
-9
23
55
74
93
121
138
143
134
139
145
161
165
161
160
160
144
116
109
121
118
100
81
66
50
