SAMPLES:	9108
BITSPERSAMPLE:	16
CHANNELS:	1
SAMPLERATE:	16000
NORMALIZED:	FALSE
107
79
3
49
1
-28
-43
-41
-12
22
-19
-54
1
-6
33
47
19
-12
28
62
60
2
-13
-8
-66
-73
-71
-36
12
-15
5
90
92
-15
-97
-57
-36
-82
-96
-115
6
144
76
-42
-74
25
53
60
-34
-94
-14
28
-31
18
3
36
120
-7
-19
30
22
3
45
-52
-66
14
-28
-114
-5
69
42
32
-58
-55
1
77
15
36
37
117
52
-51
-126
-141
-11
47
17
14
78
17
20
-12
28
43
30
-42
-47
-32
-54
-44
-23
45
25
16
16
28
34
17
-7
-32
-4
40
90
5
-65
-37
50
25
-45
-73
9
26
-13
14
87
76
-3
-83
-131
-70
43
19
-24
30
-4
0
3
17
25
19
39
50
2
-53
-36
-40
21
-8
52
45
88
42
9
-33
14
-74
-109
-13
-13
-23
-26
-40
13
120
106
66
-3
-62
-99
-72
-80
-45
16
-19
3
62
47
64
73
-28
-4
5
14
-27
-160
-144
-100
-8
119
52
-36
105
86
31
-17
-92
20
22
-102
-95
77
135
125
-76
-125
17
74
21
-25
-92
-36
63
-37
-123
-147
-26
104
161
6
24
85
171
38
-62
-60
-39
34
-37
-99
-6
136
45
-29
-30
-22
55
70
-103
-101
52
51
-37
-93
-70
109
128
-35
-138
-93
-23
44
2
-37
17
69
53
-12
-25
44
38
70
71
-59
-71
-41
12
134
76
-96
-79
22
30
-15
-76
-113
26
97
36
-82
-75
-119
-85
63
129
13
-41
-27
-23
97
100
-47
-18
71
2
32
-50
-70
19
-23
-33
62
145
51
-79
-12
67
67
35
-152
-79
-5
94
43
17
-58
33
44
-8
-104
-6
59
29
-38
-29
121
164
151
-36
-212
-138
68
67
139
45
-6
40
-9
-229
-55
70
-64
-95
-54
11
146
161
15
6
-6
-79
-127
-30
-52
-50
5
18
59
2
134
116
14
-106
0
-17
-67
-157
-251
-126
96
130
124
141
4
82
0
-46
-117
-31
-118
7
-50
-78
-2
154
36
108
18
-29
-24
-147
-127
-19
38
84
87
-56
19
8
61
-117
37
-58
115
-80
-92
9
151
-19
-56
-156
106
146
-40
-37
-30
144
93
-138
-65
50
-59
76
-56
-197
124
73
-10
140
-80
-13
26
-111
113
157
-136
-336
-167
155
184
108
-62
6
167
141
-102
-109
34
-32
1
-38
105
-27
-121
-165
-23
107
112
4
43
84
-95
-74
-32
42
-18
-96
-118
135
-50
69
141
181
168
87
-63
61
71
-43
-147
29
84
64
32
-132
-26
-14
-221
-109
49
-64
2
22
208
305
128
-71
-102
179
138
-175
-160
-56
74
51
-152
-74
102
9
-54
-102
99
44
-184
-240
39
70
-46
-122
-47
-58
91
-17
3
66
28
-70
-62
4
-47
158
151
21
8
89
-124
185
2
-260
-61
-23
-331
31
108
102
4
37
186
90
96
-32
-159
-158
-8
30
6
29
-97
0
372
163
22
-149
-252
-44
-18
-210
-177
-104
-115
120
181
-19
-161
-67
-9
45
113
152
10
-74
-164
45
297
298
-70
-253
-138
47
62
-126
-122
84
366
172
-28
-40
11
-16
48
-158
-123
188
166
-9
-159
-210
73
108
28
-78
118
143
100
-160
-234
63
-14
-199
-43
26
323
319
-111
-106
-31
19
-12
-108
-110
92
182
289
98
-44
147
-150
-366
-128
-207
-218
6
-20
66
422
178
-5
102
-175
-297
183
-44
-172
-24
-38
241
296
46
208
197
-54
-90
-118
-243
-172
-245
-208
106
-13
76
254
282
427
55
-523
-386
28
-133
-30
-128
-51
355
466
191
96
-25
97
-3
-237
-374
-334
-33
-19
-79
123
211
136
83
-71
-27
128
-53
-118
104
-170
-120
28
-64
173
204
-125
-188
-175
219
379
-43
-311
-135
220
186
-224
-516
-99
433
48
-321
-257
10
240
-90
-14
201
119
-138
-271
123
438
185
-172
-145
164
234
-275
-473
-115
276
192
-206
-319
170
370
97
-193
-248
60
144
-64
19
-39
-117
87
109
84
103
121
13
-279
-315
-222
227
208
81
41
168
418
100
-291
-227
-216
13
39
-193
-62
-3
-32
98
451
278
-78
-188
-318
-132
204
-88
-203
171
-85
99
274
-56
129
222
103
-16
-259
-94
-91
53
126
21
163
249
5
-42
-110
-335
-176
-74
-77
200
149
160
203
114
20
-6
-328
-78
-172
-209
102
128
-49
7
-1
323
414
-272
-552
-270
117
259
136
-167
78
-9
10
281
282
94
-96
-253
-136
19
-253
-201
192
92
365
305
-162
-11
263
-162
-272
-66
-253
39
234
-193
183
290
-13
-24
-15
-35
-433
-412
-19
11
-163
190
365
299
57
-179
-21
127
-310
-178
85
-2
-85
-99
43
254
527
121
-237
-429
-538
-222
-27
0
-85
183
400
204
24
8
-231
-105
30
-328
-233
-328
7
473
361
272
-14
290
402
116
-478
-798
-46
332
38
-303
-38
346
410
-194
-306
11
150
-129
-305
233
546
545
-128
-486
241
551
154
-490
-965
-39
108
66
-13
225
472
517
-28
-435
-9
-157
-153
-380
14
150
160
271
-295
-77
-42
-59
-105
-186
-127
127
175
-77
263
302
-154
-242
-574
-240
178
379
-46
-209
353
47
84
361
116
242
239
-207
-236
-123
-426
-440
18
25
377
454
-20
-65
268
147
251
19
-126
-295
-342
-272
220
173
-458
-219
-138
437
233
-123
-135
391
295
-199
-276
-420
0
-303
-265
121
486
710
127
-142
-111
-45
-34
-115
-68
241
190
-413
-296
-72
259
412
258
27
-251
154
-197
-279
-138
-50
125
328
-103
-789
3
188
624
500
-67
-205
-79
-292
-550
37
252
187
-62
-69
223
207
-121
-572
-103
263
-77
-350
-411
-76
447
562
139
100
183
177
-251
-612
-107
-169
64
63
-4
695
528
-33
-142
199
50
-300
-615
-396
55
130
-109
6
93
498
445
356
89
-248
-163
-278
-180
-54
-137
111
101
-63
214
-1
353
-47
-211
74
-128
-392
-131
159
-241
386
342
-222
-2
-157
286
590
-154
-215
-552
0
3
150
400
-77
242
-22
-256
5
-403
-478
-9
-142
158
348
357
94
-219
143
330
265
-303
-371
-235
-204
-301
-59
56
268
262
287
0
-283
-296
101
120
-138
-154
-30
369
245
-221
-398
-86
201
416
301
-70
-102
146
-127
-68
35
120
-147
-466
-121
-104
17
179
321
401
37
-261
-279
73
142
-66
64
-215
-47
123
-248
-142
466
273
-175
-561
-416
-161
-151
-116
43
460
362
-138
-12
317
66
-126
-493
-258
219
-24
-339
-300
7
658
955
569
256
-75
-199
-514
-371
-520
-76
-76
-252
233
149
254
619
261
418
-174
-722
-521
-275
242
425
187
221
284
353
160
-647
-489
-347
36
166
-215
-229
-70
547
419
129
124
-179
-144
-367
-519
-116
139
791
619
-70
48
-265
83
210
-440
-370
-553
-307
332
151
51
304
259
107
-20
-289
26
156
228
150
-83
-154
43
419
116
-98
-230
-200
-169
27
-107
-218
61
76
317
28
-22
386
173
-169
-337
-524
-275
-305
-100
-43
315
544
551
595
-275
-431
-289
61
103
-330
-497
181
476
308
-144
-349
22
-48
-204
18
177
93
73
-247
385
59
-238
183
-148
-178
-562
-326
204
246
105
-71
309
476
396
241
-314
8
-157
-524
-266
-395
287
449
-207
-341
-78
84
65
-69
69
434
130
-86
65
88
87
112
65
-266
-165
164
149
52
61
-78
17
243
-278
-200
-87
87
247
-151
297
-33
-711
-516
-564
635
712
-14
289
125
572
-40
-123
-400
-460
-341
-741
84
536
149
-93
175
176
896
225
-471
-228
-26
125
-444
-136
165
188
290
-224
-155
-527
-133
38
2
216
-373
212
98
100
369
246
18
75
-138
-611
-522
-271
-6
565
311
343
317
46
-312
-192
-116
-515
-491
-98
533
377
67
286
338
-62
-220
-586
-214
-325
-322
170
684
714
900
289
-388
-948
-440
246
-210
-587
-321
555
392
229
408
204
64
-258
-890
-155
-458
-24
187
102
471
563
634
98
-248
-181
-66
-320
-139
-357
173
-85
-71
212
133
644
148
-69
-265
-617
-157
-321
-245
-432
-111
369
395
491
267
470
99
291
-122
-148
-190
-422
-252
-138
17
90
661
467
197
-438
-584
46
98
164
-414
-440
116
300
413
-153
-291
-119
24
72
322
-257
-441
-250
55
633
274
-16
114
439
246
-117
-236
-474
-84
31
-187
194
324
238
-119
303
136
-74
-363
-282
-57
-245
-387
103
148
-87
-166
39
310
372
-97
-295
12
154
461
-252
-443
-456
169
161
-20
-480
-11
613
254
-198
-225
170
78
47
-20
-222
-249
-273
-103
290
141
206
83
275
313
279
144
-9
-211
-233
-272
-324
-214
-99
342
381
5
73
226
-415
-50
-122
62
195
-397
-27
139
181
334
54
211
75
-101
185
-361
-227
-161
72
399
-26
-531
27
-36
-308
-255
-368
454
-267
-9
152
211
555
-301
1
-158
72
-48
-245
-228
-23
409
203
-134
84
411
39
-220
-123
199
183
-518
-615
157
407
59
-366
-59
461
601
-231
-607
-112
385
451
-77
-444
-356
130
255
106
-301
2
319
305
-84
305
471
-22
-357
-428
-27
-176
-122
-253
-351
33
247
189
459
390
161
158
-238
16
-54
-374
-599
-570
-495
-82
287
580
710
196
380
289
481
-280
-632
-518
-387
68
-157
249
129
415
304
-79
-10
-71
-235
-173
-163
-393
-295
373
467
508
455
226
-120
-518
-364
-90
-117
-414
33
10
136
-44
160
562
105
187
-45
-91
-151
-301
61
-379
-241
-48
314
326
-86
118
345
207
-233
-161
-64
-266
9
229
224
-89
-257
-150
78
-299
-310
-99
176
304
90
170
246
88
36
-79
-250
-238
-116
129
-89
-31
-326
166
232
146
385
365
277
-70
-234
-294
-655
-752
-606
-189
131
104
322
290
511
447
211
-94
-282
-558
-189
58
-77
-118
233
794
295
130
-82
-28
-211
-324
-115
-71
131
-36
462
674
184
-59
-542
-431
-162
-123
-275
-211
-26
76
365
472
376
232
430
40
-188
-534
-410
-144
-174
-89
-16
354
429
343
337
-163
-495
-350
-444
-440
-363
90
424
419
370
284
45
-70
-193
-97
-146
-322
-227
157
207
-179
5
317
412
259
-95
139
184
225
-182
-700
-506
-697
-59
-87
-47
-21
425
727
296
187
166
95
-290
-446
-632
-248
80
139
134
376
600
398
62
-180
-512
-484
-219
-242
-304
-18
185
323
444
329
436
53
-50
-7
84
57
-210
95
131
102
16
42
89
231
123
-60
-233
-290
-209
-139
-109
-168
-381
-90
-32
59
22
-139
-82
-145
64
105
194
224
303
319
478
185
-51
-301
-398
-475
-462
-464
-476
-61
113
279
189
169
143
52
105
-242
-480
-261
-165
35
101
135
187
309
467
364
128
67
-169
-190
-178
-108
1
-21
-38
149
336
286
108
135
83
22
14
-290
-461
-340
-261
-33
80
144
283
370
320
173
37
-82
-123
-190
-94
-314
-312
0
239
253
240
254
180
132
-83
-310
-330
-298
-206
-127
-48
58
389
450
161
-107
-135
-8
-11
27
68
165
333
272
86
139
141
61
-94
-197
-191
-49
-111
-286
-169
-96
-217
-248
-372
-339
-125
-126
-311
-171
-2
178
114
56
137
103
76
-15
-60
-13
149
264
243
220
212
80
-19
-252
-297
-249
-48
-47
64
293
296
265
144
84
-21
-119
-320
-387
-164
-38
166
293
403
627
838
754
505
298
43
-158
-344
-563
-516
-183
44
92
256
320
293
309
122
-133
-187
-401
-530
-502
-363
-250
-133
-110
-141
-190
-417
-499
-679
-843
-909
-778
-587
-407
-123
-30
-51
-66
-42
-227
-493
-551
-526
-305
-198
35
380
607
727
939
982
860
702
535
533
576
491
546
861
1161
1362
1401
1481
1526
1625
1553
1350
1201
1085
917
588
409
192
-114
-326
-577
-801
-1080
-1393
-1713
-1796
-1720
-1723
-1498
-1303
-1369
-1399
-1477
-1690
-1946
-2129
-2307
-2411
-2333
-2180
-1998
-1684
-1422
-1206
-857
-765
-695
-667
-416
-263
-40
247
686
1126
1729
2192
2542
3101
3593
3996
4173
4448
4551
4756
4869
5126
5356
5371
5215
4752
4153
3159
2000
396
-1564
-3469
-5034
-6237
-7162
-7464
-6989
-5964
-4742
-3304
-1922
-666
98
437
256
-224
-804
-1573
-2200
-2873
-3142
-2940
-2578
-2197
-1664
-981
-434
-370
-724
-1131
-1391
-1896
-2512
-2784
-2827
-2540
-1731
-610
652
2225
3883
5329
6527
7526
8173
8584
8549
8226
7921
7582
7219
6716
5809
4505
3328
2422
626
-1838
-3930
-5733
-7544
-8738
-9205
-9102
-8295
-7127
-5505
-3320
-1333
-201
819
1596
1615
1356
1082
285
-602
-931
-1238
-1451
-1318
-1347
-1445
-1201
-1240
-1830
-2318
-2779
-3585
-4266
-4591
-4986
-5039
-4412
-3654
-2550
-809
960
2698
4561
6195
7391
8407
9006
9179
9108
8859
8231
7732
7282
6795
6723
6270
5130
3689
2675
1498
-817
-3462
-5916
-7909
-9681
-10879
-10992
-10487
-9531
-7872
-5307
-2670
-818
736
2210
3064
3153
3092
2819
2067
1254
476
-50
-519
-1080
-1772
-1900
-2093
-2672
-3375
-3885
-4523
-5260
-5640
-5834
-5828
-5462
-4580
-3272
-1700
-181
1568
3507
5441
7067
8285
9251
9894
10237
10352
10184
9535
8823
8493
8037
7463
6316
4527
2732
1384
-761
-3767
-6322
-8500
-10502
-11992
-12302
-11870
-10787
-9062
-6777
-3868
-1208
505
2023
3550
4198
4258
4323
3747
2802
2319
1907
1057
309
-457
-1493
-2279
-3107
-4181
-5254
-6315
-7363
-7791
-7570
-7528
-7326
-6105
-4323
-2609
-668
1554
3661
5680
7632
9158
10165
10755
11014
11136
11037
10367
9697
9233
8687
8076
7180
5645
3421
1444
-417
-3303
-6599
-9350
-11507
-13217
-14100
-13741
-12538
-10670
-8241
-5062
-1594
1119
2941
4555
5769
6049
5831
5331
4420
3186
2241
1530
826
-151
-1245
-1932
-2625
-3717
-4813
-5493
-6315
-7586
-8401
-8491
-8209
-7673
-6764
-5208
-2924
-586
1716
4300
6786
8577
10152
11523
11910
11684
11294
10580
9571
8590
7510
6645
6246
5976
5432
4295
2473
741
-700
-3483
-7071
-9777
-11774
-13841
-14862
-14190
-12882
-10877
-7982
-4349
-468
2627
4544
6264
7506
7349
6546
5911
4563
2728
1696
760
-376
-1202
-1833
-2612
-3170
-3884
-4878
-5408
-5902
-6987
-7722
-7665
-7832
-7664
-6431
-4877
-3344
-1041
1542
3953
6429
8515
9960
11230
11964
11636
11024
10380
9054
7611
6662
5698
4991
4759
4735
4142
2981
1343
-15
-1601
-4830
-8392
-10806
-12657
-14545
-15148
-14050
-12089
-9489
-5977
-1814
2183
4969
6891
8508
9072
8237
7034
5837
3965
2081
920
16
-976
-1824
-2360
-2570
-2923
-3891
-4951
-5605
-6503
-7835
-8651
-8608
-8295
-7678
-6255
-3916
-1372
1183
3779
6244
8326
9566
10132
10298
10080
9264
8204
7317
6422
5569
5131
5049
5030
5099
5473
5343
3812
1658
-146
-2065
-5502
-9400
-12133
-13976
-15437
-15719
-14137
-11482
-8386
-4673
-144
4146
6931
8424
9506
9595
8375
6720
5090
3108
1256
360
25
-254
-536
-647
-550
-888
-2012
-3440
-4644
-6125
-7951
-9271
-9803
-10035
-9578
-7921
-5553
-3016
-313
2639
5490
7861
9416
10304
10794
10528
9615
8717
7592
6159
4944
4416
4088
3973
4303
4622
4948
4601
2987
741
-1021
-3508
-7632
-11342
-13709
-15532
-16596
-15842
-13547
-10281
-6335
-1845
2944
7151
9570
10780
11567
10980
9001
7046
5125
2740
961
238
-306
-723
-878
-1071
-1212
-1682
-3079
-4708
-5973
-7656
-9525
-10476
-10647
-10616
-9623
-7536
-4949
-1941
1178
4042
6808
9121
10302
10863
11128
10440
9151
8055
6649
4974
3866
3228
2604
2502
2773
3046
3428
3742
2945
1147
-710
-2469
-5070
-8565
-11537
-13266
-14136
-14284
-12876
-9823
-6077
-2217
2065
6484
9654
11004
11438
11137
9575
7199
4895
2693
578
-889
-1526
-1764
-1861
-2004
-2047
-2141
-2711
-4040
-5673
-7051
-8539
-9906
-10647
-10548
-9903
-8415
-5898
-2826
421
3545
6473
8973
10792
11512
11290
10536
9248
7464
5702
4100
2513
1458
1144
1256
1536
2209
2971
3782
4348
3582
1582
-238
-1670
-4616
-8341
-10812
-12054
-13001
-12836
-10673
-7485
-3893
-150
3932
7850
10267
10701
10430
9597
7313
4485
2357
240
-1960
-2829
-2686
-2477
-2231
-1763
-1352
-1303
-1825
-3359
-4996
-6453
-8225
-9804
-10227
-10002
-9384
-7417
-4409
-1220
1974
5107
7714
9814
11009
10836
9858
8507
6485
4385
2757
1282
39
-199
199
794
1823
3105
4075
4932
5576
4939
3023
946
-680
-3190
-6807
-9675
-11053
-11787
-11868
-10240
-7148
-3773
-384
3199
6731
8977
9358
8915
8038
6137
3537
1490
-160
-1792
-2561
-2201
-1580
-1078
-510
-63
3
-517
-1790
-3643
-5624
-7443
-8932
-9693
-9863
-9343
-7677
-5061
-2071
831
3748
6267
8075
9059
9157
8479
7101
5346
3585
2096
796
-103
-419
-80
614
1687
2867
3987
5026
5764
6086
5244
3287
1067
-480
-2964
-6606
-9221
-10295
-11025
-11120
-9290
-6422
-3418
-331
3070
6251
8229
8493
8035
7388
5745
3418
1717
508
-864
-1503
-1149
-670
-289
121
254
-133
-958
-2205
-3883
-5821
-7814
-9133
-9441
-9408
-8973
-7367
-4833
-2198
421
3063
5334
6935
7668
7689
7160
5962
4278
2738
1491
269
-596
-757
-519
13
1010
2223
3419
4604
5597
6461
6662
5358
3229
1801
89
-3494
-6944
-8626
-9816
-10954
-10347
-7867
-5029
-2093
1185
4748
7677
8824
8656
8294
7100
4586
2293
840
-867
-2343
-2440
-1847
-1368
-807
-100
276
143
-761
-2113
-3464
-5421
-7871
-9212
-9370
-9811
-9591
-7630
-5031
-2467
402
3322
5726
7433
7855
7506
7013
5453
2980
1159
-136
-1786
-2631
-2255
-1549
-381
1628
3659
5479
7403
8733
9410
9234
7462
4633
2463
-63
-4243
-7972
-9694
-10750
-11385
-10028
-7094
-3946
-705
2791
6102
8500
8948
7903
6704
4883
2004
-480
-1919
-3239
-4012
-3317
-1921
-759
447
1609
2225
2129
1171
-679
-2750
-4923
-7552
-9795
-10783
-10941
-10630
-9064
-6368
-3349
-135
3050
5626
7508
8387
7980
6880
5401
3152
760
-877
-2093
-2804
-2347
-1037
523
2659
5007
6977
8622
9816
10085
9551
7832
4672
1713
-484
-3714
-7533
-9517
-9953
-10315
-9657
-7153
-4031
-1115
1593
4181
6357
7181
6240
4819
3535
1399
-969
-2140
-2710
-3253
-2681
-1054
435
1581
2641
3209
3010
2081
-3
-2552
-4843
-7097
-9564
-11256
-11581
-11085
-9686
-7323
-4437
-1336
1919
4776
6864
8209
8357
7395
6051
4341
2082
24
-1397
-2319
-2460
-1574
-239
1424
3468
5403
7028
8416
9174
9074
8526
7046
4471
1952
155
-2396
-5609
-7653
-8269
-8645
-8605
-7143
-4787
-2511
-442
1679
3698
4590
4095
3189
2368
912
-891
-1846
-2169
-2430
-2046
-743
673
1682
2456
2970
2887
2078
301
-1928
-3938
-5904
-8071
-9515
-9870
-9690
-8671
-6524
-4026
-1493
1339
3938
5826
7138
7437
6702
5752
4343
2266
478
-751
-1895
-2329
-1686
-718
568
2468
4383
6085
7821
9129
9666
9914
9195
6919
4383
2428
-416
-4497
-7683
-9390
-10684
-11421
-10528
-8354
-5828
-3324
-712
2104
4085
4372
3813
3312
2236
458
-757
-1230
-1729
-1725
-543
996
2107
2976
3774
4041
3696
2586
545
-1801
-3980
-6193
-8357
-9764
-10354
-10190
-8838
-6591
-4161
-1364
1754
4344
6201
7432
7557
6683
5382
3575
1407
-412
-1810
-2755
-2676
-1652
-167
1876
4341
6611
8591
10273
11181
11255
10603
8521
5126
1859
-948
-4769
-9077
-11809
-12917
-13576
-13236
-10985
-7743
-4637
-1577
1708
4577
5894
5667
4962
4195
2619
740
-179
-365
-567
-75
1555
3225
4196
4851
5319
4943
3611
1454
-1413
-4450
-7138
-9582
-11553
-12384
-12078
-10823
-8388
-5269
-2145
1066
4160
6409
7727
8193
7571
6041
4225
2222
174
-1354
-2200
-2329
-1585
-112
1679
3779
5845
7493
8670
9401
9310
8461
7135
4824
1602
-1484
-3802
-6493
-9581
-11384
-11505
-11123
-10230
-7914
-4724
-1794
743
3274
5459
6353
5879
5014
4206
2927
1375
629
583
514
779
1797
2899
3333
3287
2996
2159
551
-1455
-3714
-6118
-8253
-9623
-10381
-10695
-10150
-8604
-6377
-3812
-1202
1300
3729
5675
6699
7057
6866
5785
4285
2969
1625
217
-696
-902
-633
98
1190
2444
3761
4869
5561
5881
5939
5397
4438
3167
1279
-1012
-2604
-3742
-5557
-7190
-7326
-6755
-6378
-5219
-2920
-730
977
2628
4239
5219
5168
4380
3563
2724
1447
337
19
-155
-558
-334
485
884
712
584
236
-656
-1865
-3205
-4781
-6323
-7401
-7954
-8152
-7803
-6768
-5106
-3045
-957
1089
3115
4810
5665
5840
5689
4942
3542
2144
994
-95
-1053
-1408
-1176
-637
85
969
1958
2821
3421
3793
4051
4122
3974
3927
3761
2907
1772
1349
962
-545
-2161
-2750
-3155
-4063
-4219
-3293
-2434
-1883
-984
359
1368
1547
1322
1239
1050
267
-431
-515
-779
-1376
-1312
-643
-371
-457
-253
-30
-178
-502
-866
-1469
-2325
-3054
-3366
-3606
-4008
-4115
-3609
-2862
-2125
-1189
-32
1020
1767
2289
2760
2899
2428
1812
1486
977
93
-451
-518
-576
-442
164
936
1749
2793
3933
4989
5987
6783
7397
7680
6947
5344
4121
2875
158
-2909
-4683
-6095
-7969
-8730
-7870
-6851
-5962
-4311
-2146
-326
661
1049
1405
1508
747
-77
-106
-224
-783
-440
799
1599
1960
2717
3363
3338
2893
2228
1129
-482
-2160
-3440
-4533
-5886
-6769
-6604
-5953
-5291
-4072
-2277
-605
819
2153
3304
4001
3975
3500
3066
2485
1323
343
24
-283
-569
-152
757
1573
2586
3910
5118
6095
6975
7501
7593
7230
5845
3764
1990
55
-2955
-5900
-7615
-9008
-10300
-10289
-9033
-7621
-5975
-3712
-1367
623
1935
2579
2957
3069
2518
1890
1830
1675
1247
1548
2417
2825
2944
3397
3572
3049
2285
1340
-53
-1761
-3591
-5319
-6559
-7513
-8214
-8153
-7258
-6061
-4419
-2207
-16
1792
3433
4784
5451
5421
4831
3905
2786
1454
186
-528
-863
-984
-545
557
1815
3105
4533
5766
6606
7175
7370
7025
6073
4267
1951
68
-1831
-4656
-7233
-8420
-9239
-10015
-9421
-7646
-5929
-4129
-1797
566
2379
3352
3656
3817
3725
2940
2167
2011
1714
1187
1515
2380
2615
2538
2864
2907
2230
1232
58
-1451
-3080
-4786
-6390
-7425
-7908
-8171
-7884
-6743
-5257
-3468
-1272
841
2492
3981
5184
5603
5386
4761
3682
2440
1271
197
-562
-831
-753
-264
669
1706
2712
3862
4774
5248
5476
5524
5191
4593
3581
1908
173
-1093
-2603
-4691
-6236
-6864
-7387
-7735
-6962
-5380
-3876
-2406
-662
1183
2509
3064
3240
3336
3056
2336
1929
1901
1597
1252
1532
1986
1962
1780
1721
1349
517
-460
-1460
-2582
-3880
-5035
-5713
-6001
-6242
-6083
-5225
-4109
-2990
-1540
80
1400
2468
3415
4025
4155
3846
3265
2651
1951
997
273
-13
-265
-398
4
646
1088
1707
2639
3319
3692
4116
4509
4536
4396
3934
2857
1489
332
-1060
-3091
-4899
-6018
-6898
-7555
-7213
-6018
-4686
-3192
-1415
480
2068
2987
3316
3473
3372
2771
2211
2004
1604
1040
1077
1465
1437
1265
1318
1124
571
-9
-697
-1627
-2595
-3473
-4345
-5046
-5377
-5330
-5048
-4614
-3871
-2611
-1132
224
1451
2694
3730
4331
4464
4284
3721
2734
1577
604
-259
-1083
-1483
-1330
-992
-497
459
1602
2523
3225
3916
4454
4717
4624
4242
3346
1903
470
-619
-2143
-4156
-5457
-5831
-6276
-6445
-5334
-3699
-2480
-1200
537
2094
2850
2968
2859
2659
2109
1334
988
842
325
88
678
1220
1122
1142
1409
1242
734
240
-412
-1309
-2199
-3024
-3727
-4149
-4398
-4517
-4182
-3494
-2679
-1547
-208
885
1802
2747
3335
3296
2943
2346
1372
250
-735
-1482
-1948
-2091
-1884
-1187
-204
760
1720
2753
3558
3999
4278
4433
4411
4203
4036
3601
2610
1494
815
-28
-1728
-3347
-4171
-4973
-5948
-6041
-5316
-4714
-4050
-2813
-1294
-82
702
1277
1890
2258
2193
2244
2587
2485
2076
2250
2624
2374
1949
1892
1623
977
471
44
-629
-1365
-2123
-2897
-3427
-3767
-4254
-4644
-4586
-4344
-3898
-3024
-1994
-1058
1
1130
1931
2440
2781
2735
2392
2004
1555
1068
720
509
429
587
883
1212
1653
2139
2540
2917
3294
3501
3514
3502
3308
2467
1157
58
-884
-2502
-4401
-5450
-6027
-6829
-6969
-5872
-4592
-3547
-2022
-44
1634
2746
3496
4043
4278
3981
3486
3276
2878
1942
1364
1443
1202
585
505
671
402
87
5
-332
-1016
-1770
-2580
-3347
-3963
-4656
-5220
-5196
-4886
-4414
-3311
-1870
-629
698
2230
3333
3896
4311
4338
3802
3020
2171
1280
443
-402
-1099
-1311
-1288
-1268
-923
-196
473
1150
2002
2756
3203
3510
3732
3471
2512
1263
262
-932
-2707
-4232
-4904
-5402
-5825
-5193
-3728
-2475
-1258
439
2118
3183
3641
3701
3540
3050
2191
1452
1010
353
-259
-97
395
485
630
1229
1578
1485
1392
1146
475
-462
-1477
-2475
-3297
-4111
-4859
-5058
-4804
-4449
-3641
-2314
-1098
24
1337
2451
3008
3254
3184
2667
1877
914
-105
-921
-1609
-2183
-2224
-1763
-1307
-645
491
1647
2569
3431
4165
4487
4545
4414
4031
3146
1701
283
-660
-1864
-3592
-4653
-4832
-5134
-5236
-4217
-2799
-1842
-765
738
1986
2594
2739
2710
2590
2145
1506
1270
1213
752
533
1116
1636
1614
1784
2175
2039
1596
1247
663
-360
-1580
-2700
-3522
-4250
-5109
-5624
-5419
-4980
-4420
-3258
-1804
-626
553
1838
2717
3075
3052
2670
2052
1263
320
-421
-879
-1303
-1440
-976
-363
56
742
1614
2248
2695
3095
3262
3216
3098
2830
2512
1840
683
-237
-640
-1618
-3087
-3721
-3763
-4188
-4300
-3352
-2291
-1563
-527
820
1906
2469
2648
2732
2737
2312
1739
1599
1449
867
672
1129
1304
1062
1132
1324
1089
744
484
-12
-777
-1604
-2335
-2882
-3456
-4158
-4473
-4283
-4096
-3735
-2806
-1780
-941
38
1048
1690
2016
2095
1849
1439
942
283
-201
-468
-815
-908
-489
-68
201
835
1616
2113
2618
3157
3301
3248
3257
3040
2515
1643
473
-446
-1084
-2229
-3557
-4004
-4071
-4436
-4163
-2965
-1971
-1256
-77
1270
2131
2579
2824
2879
2764
2361
1963
1836
1542
989
893
1270
1283
1086
1255
1399
1152
900
694
130
-772
-1706
-2492
-3226
-4103
-4914
-5193
-5090
-4961
-4388
-3273
-2169
-1121
130
1268
2006
2470
2659
2561
2266
1731
1140
752
341
-169
-255
-6
38
140
685
1197
1462
1833
2205
2286
2279
2241
2071
1736
974
-59
-659
-1084
-2216
-3271
-3399
-3435
-3753
-3219
-1927
-1011
-224
1057
2354
3116
3424
3472
3354
2946
2179
1497
1114
482
-270
-318
41
13
-42
373
661
521
435
352
-174
-1021
-1784
-2403
-3113
-3915
-4449
-4518
-4388
-4094
-3344
-2276
-1264
-281
813
1757
2307
2506
2525
2365
1889
1203
646
218
-321
-706
-632
-434
-363
-30
605
1125
1484
1909
2267
2411
2496
2491
2434
2157
1373
484
93
-409
-1621
-2513
-2580
-2753
-3064
-2517
-1435
-760
-123
916
1844
2281
2330
2168
1867
1351
634
142
-75
-481
-819
-433
184
346
563
1145
1458
1351
1292
1079
373
-540
-1358
-2158
-3039
-3871
-4450
-4620
-4529
-4257
-3570
-2562
-1623
-720
322
1238
1736
1961
2040
1905
1540
1074
697
382
24
-155
55
336
506
876
1467
1939
2233
2555
2763
2781
2677
2489
2231
1595
583
-208
-594
-1409
-2539
-2937
-2850
-3088
-3036
-2087
-1128
-597
134
1114
1773
1960
1847
1629
1343
834
304
182
94
-251
-162
531
959
1006
1339
1749
1711
1481
1221
610
-300
-1207
-2082
-2953
-3815
-4552
-4906
-4861
-4687
-4242
-3290
-2206
-1257
-187
946
1730
2179
2490
2574
2365
2001
1592
1230
883
547
421
520
594
646
955
1318
1443
1556
1765
1808
1689
1667
1660
1290
578
46
-177
-713
-1720
-2345
-2416
-2692
-2984
-2483
-1619
-1138
-598
422
1352
1745
1898
2005
1956
1614
1165
944
793
357
90
409
695
627
768
1160
1202
1018
930
648
-106
-987
-1714
-2466
-3391
-4234
-4684
-4805
-4771
-4419
-3564
-2495
-1470
-397
812
1847
2452
2737
2921
2831
2360
1843
1450
928
345
88
68
16
43
313
675
998
1339
1689
1980
2134
2185
2220
2001
1247
423
-13
-645
-1845
-2733
-2903
-3160
-3438
-2927
-1917
-1153
-421
632
1675
2259
2394
2363
2226
1779
1124
735
499
24
-332
-80
317
413
611
1025
1178
1019
865
515
-261
-1187
-2016
-2845
-3697
-4371
-4717
-4703
-4439
-3869
-2890
-1693
-611
404
1502
2390
2784
2885
2858
2520
1889
1273
769
263
-188
-374
-305
-134
134
559
1077
1486
1819
2152
2436
2483
2361
2248
1822
947
156
-312
-1115
-2231
-2849
-2992
-3242
-3288
-2606
-1668
-970
-234
735
1603
2019
2025
1936
1777
1328
772
548
414
61
-51
317
608
635
813
1058
961
681
402
-99
-838
-1542
-2176
-2804
-3331
-3646
-3706
-3493
-3134
-2608
-1766
-843
-122
557
1270
1735
1861
1882
1802
1468
1013
637
346
110
-25
0
197
467
790
1214
1630
1884
2044
2215
2328
2256
2095
1847
1240
406
-180
-683
-1628
-2593
-2943
-3066
-3361
-3168
-2326
-1541
-945
-134
809
1488
1779
1807
1778
1637
1257
904
832
662
337
395
729
760
657
828
902
678
436
144
-387
-958
-1531
-2147
-2618
-2964
-3294
-3327
-3047
-2764
-2293
-1495
-772
-229
415
991
1239
1338
1347
1164
953
748
501
370
409
442
589
910
1161
1350
1675
1943
1998
2072
2152
2087
1964
1848
1396
647
41
-451
-1258
-2242
-2831
-3073
-3366
-3465
-2933
-2128
-1481
-813
76
940
1437
1607
1709
1743
1549
1249
1175
1155
909
805
1043
1166
1020
985
1018
785
418
38
-456
-1018
-1606
-2208
-2657
-2926
-3133
-3190
-2923
-2569
-2181
-1529
-794
-217
276
741
1038
1175
1191
1056
874
720
541
456
527
604
739
1027
1303
1485
1730
1938
1972
1990
2039
2000
1931
1833
1408
688
115
-347
-1198
-2274
-2956
-3310
-3685
-3797
-3293
-2516
-1852
-1098
-105
833
1388
1631
1801
1884
1739
1495
1449
1417
1214
1164
1402
1478
1299
1234
1181
812
263
-227
-758
-1432
-2141
-2717
-3062
-3245
-3333
-3167
-2725
-2257
-1756
-1049
-351
112
486
837
986
969
908
809
658
507
472
623
832
1008
1260
1621
1897
2035
2183
2226
2052
1846
1726
1536
1291
1024
498
-180
-645
-1088
-1897
-2721
-3162
-3449
-3691
-3522
-2894
-2188
-1508
-674
289
1143
1609
1778
1941
2015
1851
1678
1658
1542
1370
1454
1632
1529
1332
1197
906
364
-300
-952
-1548
-2181
-2853
-3225
-3245
-3227
-3094
-2554
-1841
-1252
-592
101
609
952
1144
1155
1092
916
638
525
518
380
377
691
976
1146
1452
1762
1848
1895
1897
1740
1528
1364
1116
929
747
233
-391
-699
-1083
-1937
-2652
-2897
-3191
-3512
-3285
-2622
-1962
-1301
-476
422
1169
1525
1639
1759
1725
1455
1334
1430
1352
1237
1467
1755
1723
1565
1455
1096
394
-372
-1036
-1726
-2509
-3152
-3360
-3239
-3078
-2717
-1987
-1158
-482
175
799
1167
1251
1197
1110
915
561
266
213
188
110
274
663
923
1094
1425
1715
1798
1778
1720
1595
1415
1234
1065
974
630
2
-423
-600
-1267
-2239
-2708
-2886
-3315
-3519
-3079
-2451
-1919
-1266
-424
410
970
1191
1361
1539
1459
1296
1434
1589
1475
1562
1956
2060
1827
1637
1402
791
-68
-850
-1503
-2248
-3019
-3401
-3319
-3130
-2860
-2204
-1315
-564
82
760
1303
1505
1419
1320
1237
936
550
444
465
346
356
635
848
906
1069
1282
1398
1376
1340
1370
1447
1347
1254
1301
1045
328
-180
-413
-1225
-2385
-2942
-3142
-3563
-3793
-3330
-2584
-1969
-1352
-538
372
924
1024
1148
1388
1339
1200
1422
1621
1564
1726
2166
2298
2036
1708
1286
602
-301
-1215
-2047
-2764
-3361
-3600
-3403
-3026
-2556
-1793
-851
-128
396
970
1408
1456
1326
1312
1305
1157
1018
1057
1161
1179
1178
1238
1202
1030
837
761
662
493
405
577
799
986
1236
1319
1000
564
271
-384
-1521
-2425
-2929
-3434
-3815
-3638
-3026
-2339
-1637
-895
-69
592
803
819
933
929
784
923
1259
1406
1620
2079
2387
2355
2056
1474
713
-92
-1055
-2124
-2874
-3284
-3506
-3364
-2860
-2229
-1486
-655
5
474
876
1072
1091
1099
1093
1111
1312
1577
1766
2007
2250
2291
2164
1919
1509
1051
598
173
-121
-188
-125
85
473
733
651
420
245
-204
-1085
-1966
-2501
-2888
-3221
-3190
-2635
-1955
-1368
-768
-133
313
380
232
125
27
-125
-46
373
809
1206
1764
2334
2551
2315
1846
1253
390
-735
-1766
-2413
-2841
-3141
-3037
-2502
-1877
-1321
-729
-187
97
185
257
361
400
433
701
1206
1697
2118
2582
2973
3074
2910
2630
2260
1734
1130
670
442
305
247
395
589
440
-10
-345
-760
-1645
-2676
-3243
-3438
-3556
-3371
-2603
-1521
-571
178
857
1308
1198
693
194
-266
-791
-1036
-786
-307
197
848
1577
2034
1950
1511
962
200
-885
-1879
-2362
-2571
-2649
-2363
-1660
-898
-319
103
383
414
137
-187
-319
-373
-383
-45
706
1459
2081
2669
3131
3260
3045
2635
2182
1705
1189
886
948
1123
1270
1570
1733
1316
606
-3
-906
-2266
-3489
-4122
-4348
-4347
-3917
-2880
-1569
-465
368
1091
1466
1176
612
193
-202
-625
-679
-244
368
911
1433
1786
1677
1081
295
-624
-1744
-2800
-3326
-3284
-2935
-2352
-1422
-294
602
1075
1282
1238
797
184
-187
-299
-307
-15
665
1488
2215
2744
3001
2941
2520
1836
1214
767
368
184
508
1099
1607
2132
2437
2116
1356
585
-470
-1882
-3090
-3723
-3867
-3609
-2982
-2003
-866
36
470
668
564
-97
-897
-1319
-1475
-1440
-949
-5
1015
1911
2495
2524
2043
1163
-111
-1533
-2744
-3629
-4027
-3761
-3043
-2113
-1029
-26
623
912
917
571
106
-141
-161
100
717
1529
2353
3098
3570
3605
3252
2550
1627
743
113
-269
-325
8
588
1219
1800
1953
1468
724
-33
-1111
-2420
-3232
-3342
-3071
-2445
-1396
-118
1020
1716
1908
1740
1158
148
-823
-1392
-1702
-1705
-1149
-299
458
1027
1225
956
358
-536
-1695
-2648
-3121
-3251
-2939
-2157
-1238
-352
378
673
526
161
-441
-1106
-1400
-1268
-750
225
1440
2569
3534
4147
4119
3614
2812
1782
836
189
-157
-114
412
1111
1760
2209
2077
1306
374
-660
-2009
-3349
-4034
-4004
-3475
-2545
-1334
-26
1070
1675
1845
1678
1115
341
-139
-211
-15
453
1192
1893
2220
2078
1516
571
-823
-2466
-3769
-4373
-4538
-4348
-3595
-2393
-1212
-344
149
273
47
-413
-774
-820
-644
-141
820
1968
2915
3541
3802
3632
3023
2133
1241
585
169
58
392
978
1463
1804
1953
1438
324
-722
-1579
-2591
-3432
-3513
-2893
-1996
-1056
-100
808
1278
1109
648
203
-432
-1046
-1100
-593
123
1008
1969
2580
2661
2332
1682
565
-853
-2065
-2640
-2730
-2669
-2366
-1661
-942
-691
-818
-1098
-1600
-2200
-2504
-2308
-1778
-926
306
1719
2920
3652
3895
3746
3224
2400
1639
1192
960
937
1312
1842
2147
2164
1670
500
-838
-1935
-3056
-4182
-4643
-4221
-3268
-2099
-921
165
1040
1404
1272
1019
670
145
-56
346
937
1545
2112
2371
2201
1792
955
-325
-1596
-2538
-2990
-2912
-2513
-1986
-1199
-417
-81
-101
-360
-880
-1432
-1618
-1443
-975
-179
866
1934
2824
3278
3253
2903
2302
1585
1010
704
563
708
1140
1614
1875
1788
1159
110
-919
-1850
-2891
-3772
-3969
-3514
-2762
-1895
-1012
-235
302
457
368
213
-25
-219
-23
540
1149
1673
2129
2408
2321
1778
913
-15
-939
-1718
-2164
-2235
-2144
-1934
-1608
-1268
-1094
-1132
-1231
-1222
-1124
-862
-337
346
1035
1773
2485
2961
3118
3017
2806
2571
2286
1954
1753
1592
1429
1314
1137
419
-551
-1247
-1726
-2454
-3142
-3376
-3119
-2708
-2314
-1835
-1282
-899
-723
-455
-98
85
248
697
1270
1640
1767
1786
1682
1220
453
-156
-548
-967
-1315
-1279
-1012
-811
-797
-909
-1072
-1351
-1686
-1850
-1728
-1475
-886
42
990
1730
2400
2842
2975
2819
2479
2201
2062
1953
1891
2092
2276
2300
2109
1475
407
-562
-1362
-2390
-3352
-3777
-3635
-3202
-2670
-2150
-1539
-954
-612
-401
-151
-101
-77
275
718
976
1243
1525
1486
1180
838
464
13
-553
-1053
-1190
-1138
-1253
-1429
-1381
-1290
-1239
-1124
-963
-823
-527
-46
431
794
1055
1377
1775
2078
2179
2276
2493
2585
2600
2537
2436
2100
1739
1144
310
-476
-955
-1465
-2126
-2476
-2452
-2204
-2036
-1844
-1608
-1227
-994
-940
-769
-599
-517
-407
-132
29
249
415
405
310
325
314
224
95
-126
-160
-131
-286
-643
-872
-1015
-1141
-1136
-1064
-822
-420
123
612
1082
1422
1687
1956
2172
2221
2277
2399
2415
2347
2255
2067
1658
857
-119
-820
-1192
-1779
-2334
-2404
-2069
-1698
-1369
-1083
-922
-835
-792
-708
-616
-643
-537
-161
226
446
647
690
386
17
-242
-456
-784
-1139
-1261
-1041
-860
-894
-901
-862
-952
-978
-855
-745
-593
-230
361
1003
1503
1858
2287
2680
2831
2874
2936
2820
2616
2491
2368
2023
1421
515
-271
-794
-1425
-2256
-2780
-2881
-2735
-2417
-2062
-1742
-1399
-987
-615
-266
-78
15
300
693
984
1114
1135
919
689
453
108
-344
-766
-1103
-1306
-1414
-1625
-1814
-1894
-1876
-1839
-1635
-1421
-1105
-665
-22
597
1146
1634
2096
2555
2934
3139
3151
3187
3117
2913
2669
2326
1456
471
-100
-473
-1161
-1861
-2120
-2051
-1807
-1671
-1497
-1363
-1232
-1136
-914
-772
-841
-757
-446
-47
214
392
348
343
333
324
192
15
-209
-300
-262
-349
-520
-715
-845
-942
-931
-930
-925
-804
-541
-163
177
402
632
926
1288
1519
1728
1815
1960
2070
2183
2103
1595
916
507
267
-274
-883
-1199
-1211
-1092
-980
-878
-770
-592
-493
-309
-287
-412
-564
-462
-397
-347
-297
-294
-300
-267
-194
-207
-213
-362
-430
-400
-415
-599
-756
-795
-740
-571
-439
-336
-120
208
510
738
906
1083
1360
1640
1806
1918
2023
2095
2078
1960
1336
504
-93
-455
-1026
-1632
-1852
-1821
-1586
-1447
-1227
-1060
-836
-710
-485
-317
-352
-286
-99
196
353
538
463
442
401
343
156
-110
-375
-519
-436
-537
-664
-814
-772
-703
-533
-476
-433
-336
-156
126
362
621
853
1202
1463
1760
1998
2139
2158
2102
1871
1208
490
-77
-458
-1010
-1401
-1468
-1256
-1035
-887
-758
-659
-564
-534
-506
-594
-656
-522
-241
34
208
299
218
95
-166
-491
-860
-1131
-1270
-1187
-930
-672
-408
-191
34
252
476
544
562
616
843
1073
1285
1415
1598
1700
1721
1720
1560
1277
932
667
-11
-681
-1148
-1315
-1679
-1933
-1939
-1636
-1270
-1020
-752
-492
-92
207
576
659
754
885
1046
1125
1101
1002
697
455
43
-369
-936
-1488
-1904
-2023
-2014
-2064
-1939
-1730
-1318
-898
-403
-114
309
772
1303
1802
2210
2525
2754
3012
3016
2979
2732
2389
1977
1348
377
-566
-1158
-1726
-2372
-2860
-3117
-2999
-2758
-2568
-2344
-1986
-1482
-940
-359
-47
304
736
1172
1575
1830
1861
1752
1692
1481
1066
506
-94
-516
-816
-1120
-1398
-1573
-1636
-1531
-1350
-1160
-1024
-728
-320
220
717
1182
1700
2046
2392
2574
2761
2609
2468
2125
1473
756
227
-60
-710
-1205
-1519
-1535
-1653
-1836
-2004
-2100
-1907
-1660
-1309
-1075
-728
-354
117
428
633
698
659
603
516
335
31
-157
-298
-311
-400
-513
-769
-923
-1027
-1004
-949
-871
-580
-120
456
954
1521
1956
2287
2476
2563
2411
2282
2065
1843
1292
642
193
-35
-373
-1054
-1493
-1779
-1775
-1889
-2165
-2338
-2154
-1679
-1283
-892
-649
-211
276
610
768
828
826
885
944
809
629
502
390
282
181
-128
-418
-757
-1028
-1267
-1312
-1361
-1244
-935
-563
-139
291
714
1008
1274
1502
1676
1767
1791
1761
1605
1233
981
784
533
32
-364
-565
-698
-870
-1146
-1366
-1400
-1219
-1036
-1054
-1039
-901
-665
-489
-377
-294
-230
-42
109
181
136
138
202
242
225
186
142
95
33
4
-31
-4
113
322
510
671
859
962
1063
1069
1119
1064
975
816
650
440
-24
-375
-652
-706
-975
-1097
-1193
-1108
-940
-860
-861
-888
-663
-499
-336
-310
-200
-66
65
188
327
370
353
312
220
96
2
-136
-364
-418
-438
-413
-485
-482
-473
-335
-115
120
435
723
1081
1405
1700
1809
1857
1856
1795
1699
1484
1112
584
-2
-476
-778
-1029
-1414
-1758
-1769
-1515
-1256
-1320
-1430
-1368
-1012
-747
-774
-914
-790
-371
2
211
343
532
779
966
907
654
370
165
12
-99
-271
-446
-506
-442
-361
-327
-316
-232
-35
224
508
762
931
1085
1246
1420
1505
1544
1477
1386
1280
1102
776
377
49
-274
-569
-833
-1000
-1122
-1158
-1201
-1237
-1270
-1218
-1208
-1180
-1169
-1092
-979
-821
-612
-397
-166
2
170
256
342
319
246
127
102
104
117
75
41
91
227
372
454
545
676
891
1054
1138
1110
1131
1161
1183
1107
962
771
549
350
66
-207
-456
-663
-853
-974
-1016
-1021
-1033
-1063
-1025
-906
-774
-718
-699
-646
-510
-373
-268
-197
-88
31
120
138
99
47
-20
-73
-106
-71
9
70
62
61
189
376
459
434
429
576
764
762
560
474
621
736
622
372
273
344
340
145
-91
-130
-14
29
-110
-240
-224
-151
-174
-291
-351
-287
-222
-232
-271
-285
-266
-228
-231
-239
-233
-258
-355
-464
-590
-713
-776
-819
-787
-708
-584
-476
-350
-208
-10
209
367
462
582
771
954
1024
1015
1024
1086
1110
1039
888
714
556
402
255
72
-108
-250
-322
-375
-449
-545
-620
-656
-639
-572
-463
-338
-215
-101
40
178
249
230
211
207
189
87
-96
-267
-388
-454
-542
-617
-651
-633
-584
-529
-457
-350
-209
-84
47
164
341
505
645
689
690
708
708
620
456
310
217
203
151
62
-57
-68
-55
-44
-118
-148
-146
-61
-14
5
28
98
152
199
240
233
229
184
130
32
-73
-246
-383
-498
-572
-655
-675
-717
-705
-669
-649
-560
-440
-330
-160
9
183
302
423
513
614
665
594
557
525
459
320
196
46
4
-14
-65
-153
-204
-222
-126
-100
-136
-98
108
190
217
232
331
389
393
354
252
220
176
148
11
-134
-250
-224
-255
-343
-427
-379
-360
-349
-340
-278
-235
-196
-177
-106
-69
-38
-93
-84
17
126
124
26
37
149
243
155
17
-9
99
159
104
-113
-117
-22
38
-105
-200
-83
91
108
-50
-18
154
220
85
-81
6
175
156
-13
-76
84
261
141
-50
-16
208
361
203
-6
159
425
443
95
-96
25
181
21
-292
-444
-327
-114
-209
-405
-469
-274
-65
-127
-273
-232
-21
94
26
-13
21
150
179
110
124
174
137
128
141
95
-15
1
1
-120
-207
-221
-173
-279
-352
-329
-283
-334
-329
-215
-143
-60
65
142
199
322
423
399
375
444
483
414
356
440
398
253
259
362
299
31
-62
19
80
-103
-330
-390
-242
-188
-294
-465
-451
-244
-136
-253
-335
-239
-104
-56
-107
-108
-65
10
39
6
-56
-55
-53
-79
-105
-125
-85
-54
-21
6
46
59
37
39
60
97
82
65
55
93
149
192
172
175
272
405
418
286
205
238
313
271
85
-44
25
102
6
-151
-180
-113
-110
-159
-205
-226
-247
-263
-236
-231
-251
-281
-265
-191
-114
-150
-253
-222
-72
5
-69
-133
-76
70
127
36
-53
15
164
172
79
39
108
207
244
213
216
258
306
340
334
291
244
223
226
222
176
100
2
-20
-16
-60
-180
-261
-223
-181
-266
-362
-334
-271
-268
-325
-285
-187
-142
-142
-117
-52
-26
-59
-70
17
47
1
-49
-24
53
18
-48
-51
30
60
14
-15
43
139
151
133
155
257
328
282
213
259
366
366
224
168
247
339
285
91
-6
65
126
25
-187
-285
-187
-109
-283
-511
-484
-278
-225
-428
-596
-385
-10
-62
-410
-448
4
272
-42
-426
-205
250
184
-252
-354
-7
235
72
-179
-77
234
363
180
62
202
381
374
262
190
277
394
386
288
241
352
439
373
274
255
272
216
112
1
-67
-91
-106
-170
-261
-344
-351
-342
-411
-492
-515
-464
-409
-380
-381
-386
-270
-156
-133
-219
-257
-114
45
34
-117
-111
112
292
190
13
102
293
304
160
59
74
174
161
65
18
104
231
254
206
251
414
473
388
345
365
361
303
182
90
118
133
33
-87
-142
-145
-220
-318
-409
-443
-426
-417
-396
-386
-400
-332
-245
-276
-296
-291
-239
-157
-148
-129
-57
57
105
172
174
202
239
195
116
91
80
68
42
26
88
130
158
207
245
279
232
291
316
292
185
127
195
197
117
6
6
25
37
-58
-147
-173
-139
-118
-179
-172
-107
-93
-83
-123
-111
-165
-268
-313
-351
-357
-374
-359
-331
-272
-179
-104
-73
-96
-36
13
34
36
119
182
188
320
457
544
508
487
527
554
445
273
185
151
128
-20
-212
-246
-178
-187
-339
-467
-340
-205
-263
-322
-236
-24
74
37
65
239
379
317
250
284
372
242
-13
-197
-179
-153
-331
-574
-641
-448
-312
-463
-690
-609
-308
-216
-313
-303
-80
212
332
363
467
642
769
797
733
661
666
689
590
331
171
236
224
-53
-375
-411
-299
-321
-554
-659
-519
-362
-321
-459
-457
-226
-38
8
31
166
377
441
364
284
302
343
234
82
-31
-16
-62
-257
-399
-429
-410
-462
-537
-579
-496
-401
-316
-255
-156
16
209
348
391
473
551
620
576
545
571
546
475
362
322
324
171
-30
-155
-220
-246
-364
-478
-489
-388
-322
-344
-365
-205
-15
-20
-66
0
155
168
82
106
186
262
191
77
60
95
25
-200
-305
-266
-201
-292
-343
-278
-156
-132
-212
-141
-14
24
-98
-107
138
312
204
71
240
536
533
215
90
307
463
292
-34
-50
176
211
-15
-206
-109
56
34
-156
-229
-103
42
-38
-209
-202
-37
25
-123
-247
-172
-15
-39
-173
-187
-68
-25
-108
-165
-103
-18
1
-36
-121
-105
5
-5
-140
-168
2
118
5
-119
-26
120
80
-15
8
176
210
195
197
192
205
222
253
192
171
181
233
234
154
114
128
165
114
37
18
-41
-116
-145
-142
-155
-247
-284
-184
-119
-244
-307
-260
-195
-174
-172
-143
-176
-133
-72
-34
-56
-89
-39
7
20
10
-6
-19
-43
15
74
61
46
65
120
97
115
134
121
80
107
256
261
197
176
287
359
303
230
138
114
160
117
-23
-180
-174
-13
-32
-198
-325
-208
-54
-126
-304
-347
-126
-6
-121
-237
-135
51
11
-136
-147
-23
-38
-161
-207
-133
-92
-202
-215
-24
35
-88
-148
42
202
104
1
110
366
374
211
211
389
421
241
116
190
240
115
-48
-69
-13
-20
-86
-144
-150
-87
-61
-98
-167
-159
-44
-18
-49
-76
14
134
124
18
17
115
102
6
-104
-103
-32
-140
-266
-235
-171
-195
-307
-340
-223
-130
-201
-272
-218
42
195
95
37
231
525
572
333
191
389
564
406
109
42
223
334
121
-147
-109
21
-15
-273
-437
-308
-179
-268
-389
-326
-129
-5
-98
-130
24
146
92
14
79
172
193
121
108
159
70
-23
-60
-69
-143
-241
-272
-182
-181
-241
-249
-181
-53
-26
-68
-43
96
206
163
53
140
313
327
152
163
312
330
194
103
211
226
72
-25
23
18
-84
-216
-225
-147
-173
-278
-336
-239
-121
-135
-195
-146
7
57
-6
9
89
90
52
116
168
112
48
76
164
51
-75
-46
45
5
-207
-199
-10
20
-192
-282
-89
91
-5
-195
-114
144
221
68
-22
166
316
215
71
117
279
212
92
21
101
119
-17
-129
-144
-84
-117
-209
-275
-204
-128
-116
-98
-96
-76
39
75
40
59
84
142
145
99
121
198
152
9
57
92
18
-123
-238
-169
-157
-218
-277
-303
-183
-125
-140
-127
-70
-9
-15
13
51
112
140
135
163
219
228
137
93
105
166
125
-49
-128
-13
78
-36
-186
-124
150
205
5
-84
61
235
140
-88
-54
155
244
95
-51
22
180
173
-46
-138
-24
58
-19
-216
-231
-80
-84
-220
-312
-240
-134
-158
-246
-228
-114
-29
-11
-58
5
114
79
15
26
104
120
76
5
61
183
153
-13
-74
39
139
80
-66
-73
103
260
146
25
51
192
255
122
6
42
138
155
49
-48
-30
31
41
-86
-162
-127
-95
-137
-185
-173
-190
-196
-179
-150
-117
-97
-114
-80
-19
2
-39
-79
-40
-28
24
38
36
14
18
94
117
33
-68
13
126
141
48
-22
121
278
258
152
121
209
259
181
70
60
85
68
30
0
19
-21
-124
-138
-105
-126
-209
-288
-228
-134
-143
-215
-178
-100
-56
-46
-66
-20
-49
-91
-50
-30
-54
-84
-47
25
88
4
-90
-46
25
58
-17
-112
-4
201
195
110
78
232
404
305
148
163
303
311
146
20
87
198
133
-42
-106
-56
-31
-125
-239
-224
-146
-117
-176
-209
-168
-99
-133
-184
-110
-46
-83
-182
-163
-33
-13
-127
-179
-52
86
16
-97
-90
4
37
-24
-86
-37
94
133
93
102
204
251
215
165
200
260
226
140
128
187
177
78
38
67
59
-39
-134
-106
-44
-69
-176
-193
-117
-42
-64
-177
-203
-79
10
-48
-209
-196
-8
68
-66
-196
-79
91
56
-130
-153
10
87
-53
-134
-50
63
105
43
39
103
176
207
161
130
135
179
206
153
65
70
125
143
75
-41
-13
59
11
-150
-196
-132
-81
-130
-175
-103
-67
-91
-101
-62
-67
-115
-136
-100
-15
-36
-114
-71
63
76
-5
-25
61
113
20
-45
-24
55
50
-21
12
119
132
34
50
145
167
68
-19
43
163
175
46
-46
38
151
92
-69
-88
25
38
-93
-150
-66
-24
-97
-173
-115
-59
-126
-208
-181
-112
-114
-157
-133
-60
-35
-13
46
65
35
42
133
170
100
33
89
194
156
55
18
116
178
103
2
-22
64
94
16
-74
-50
40
38
-41
-72
-25
7
-6
-32
-32
-20
-26
-5
28
36
-6
-15
-5
1
-64
-174
-208
-144
-90
-163
-238
-183
-46
-21
-112
-110
-1
67
30
-9
61
151
149
115
160
236
262
186
110
145
188
153
66
-12
58
130
51
-68
-88
-23
-43
-111
-145
-116
-102
-124
-134
-86
-50
-60
-45
6
59
47
-18
-65
1
35
-47
-151
-162
-14
35
-128
-252
-103
85
36
-146
-166
89
235
78
-73
60
288
272
76
36
222
334
204
37
68
239
253
49
-80
2
101
14
-176
-238
-98
-23
-158
-263
-189
-73
-93
-211
-207
-76
-45
-124
-159
-87
-7
-19
-96
-88
-8
11
-50
-114
-85
-19
9
-29
-29
43
110
123
108
123
170
197
172
163
185
210
211
177
171
203
211
164
92
86
92
51
-20
-59
-86
-98
-99
-118
-147
-188
-179
-149
-159
-208
-224
-180
-144
-148
-178
-166
-106
-76
-82
-95
-89
-55
-52
-79
-90
-68
-36
-12
8
41
105
114
105
128
176
208
172
160
199
241
229
165
153
202
235
183
102
91
128
124
66
-29
-62
-9
20
-55
-137
-150
-129
-90
-121
-211
-232
-172
-123
-155
-208
-188
-141
-114
-121
-131
-112
-120
-111
-65
-47
-71
-81
-28
30
39
11
25
91
106
78
99
165
178
167
170
212
249
216
161
157
209
204
150
76
69
132
115
20
-42
-2
12
-46
-101
-92
-53
-90
-150
-150
-123
-153
-226
-238
-165
-169
-239
-236
-145
-86
-115
-164
-122
-42
-42
-82
-106
-45
11
18
10
21
55
106
132
116
92
132
197
211
167
134
181
228
213
144
128
165
176
125
81
68
63
41
7
-5
-1
-16
-46
-49
-44
-73
-125
-160
-152
-127
-157
-200
-231
-216
-170
-150
-173
-204
-166
-86
-55
-89
-122
-88
0
37
-7
-37
5
82
112
72
62
115
166
175
149
139
168
186
