SAMPLES:	9921
BITSPERSAMPLE:	16
CHANNELS:	1
SAMPLERATE:	16000
NORMALIZED:	FALSE
1
1
0
-1
-2
0
0
1
2
1
1
0
0
0
-1
0
-1
0
0
0
0
-1
-2
-1
1
1
1
0
2
4
2
1
1
1
-2
-3
-2
0
1
2
-1
-1
-1
3
2
4
-2
-1
2
-2
-4
-2
2
0
0
-3
4
1
2
1
4
-4
-5
4
2
9
1
13
12
9
-9
-9
1
1
-2
-8
7
7
6
-1
3
-2
-12
-19
-8
0
-20
-1
6
1
-3
1
3
-9
-17
-3
-5
-11
-9
-15
-7
9
24
-13
14
22
22
-4
13
18
12
-7
-15
5
8
19
9
9
7
-3
2
-10
38
5
-34
-37
7
29
23
2
-2
0
-3
26
-30
23
15
3
-61
-21
7
-36
7
12
4
-13
-23
-21
-75
-57
-40
27
0
-17
-6
12
37
-42
-12
-35
20
46
47
33
-1
36
56
38
-32
-1
-51
18
8
5
-25
40
106
-8
14
-7
64
33
33
-77
-89
39
70
38
-65
-18
-35
72
27
5
-40
18
22
-3
-129
-105
-48
33
-23
-45
70
73
44
-66
18
-17
56
-60
-7
-20
53
46
43
56
-26
53
15
117
-104
11
28
67
-105
-1
-42
-141
-93
-124
-147
-211
-30
-197
9
-26
68
-56
141
126
72
82
124
194
114
25
2
183
44
-57
-127
93
93
284
-81
-1
63
185
-195
-144
-129
-138
-118
-138
-89
38
167
235
111
81
46
72
-155
-517
-188
-135
112
-254
92
205
448
41
-119
44
-158
-232
-222
-117
-215
20
-12
231
30
139
114
276
-23
-142
-35
-36
-62
-329
92
-12
294
-60
79
121
340
54
58
72
-60
85
-25
-24
-167
100
15
99
-173
25
74
80
-176
-145
21
83
-17
-58
34
126
91
-21
-35
-190
-183
-85
58
-256
-49
126
273
-33
140
-6
34
-110
-165
-50
-138
-106
-97
179
-59
101
60
324
98
-145
-23
217
80
-47
-14
17
99
124
-143
-134
83
115
-150
40
82
-8
11
42
-94
-218
-63
30
36
-182
-15
77
235
42
-66
-153
-31
106
49
-102
-164
73
150
-39
-192
-76
75
-103
-143
18
-8
10
25
91
-95
-22
97
119
56
-78
66
44
58
-147
-74
-3
30
-112
-44
111
-100
13
105
160
18
73
-84
-177
-153
-1
-143
34
33
301
137
189
149
184
-42
-156
-77
-264
-33
-108
47
-50
214
-44
58
127
37
-182
-95
-48
-161
-145
-221
-62
-38
173
-22
115
89
147
18
-90
-121
-37
-34
-6
16
44
7
170
117
-89
-96
121
258
92
-48
-29
129
71
-188
-117
33
140
74
59
109
108
25
-3
66
-69
-16
-29
59
-60
-35
-116
12
5
38
-121
-79
-103
-158
-110
8
-30
68
54
149
79
-41
-117
-34
21
-154
115
43
250
104
191
-40
45
-59
-145
-172
-82
89
53
80
48
137
31
-53
-242
-57
16
-128
-52
-36
87
-19
-7
-56
7
-47
53
106
66
6
-56
35
-16
-12
-55
-40
20
7
-121
-199
-133
-92
-125
-105
17
135
52
-40
112
19
-76
-77
-9
37
10
-35
119
124
-13
-30
85
116
54
32
87
173
35
-20
-145
12
-88
-58
-222
-61
-4
15
-57
28
143
68
-100
-87
29
-70
-53
-5
132
78
90
30
222
6
-55
8
172
71
62
140
176
209
55
-8
-16
22
-27
-8
-73
24
0
75
24
104
46
33
29
78
14
-148
-65
34
28
-149
-73
5
30
-124
-161
-199
-211
-232
-238
-284
-330
-298
-227
-212
-224
-276
-211
-126
-109
-209
-219
-112
-101
-122
-90
-67
-14
130
187
177
123
217
312
361
345
363
346
497
696
794
678
637
724
694
534
338
353
364
444
425
457
381
256
110
3
-134
-229
-276
-325
-345
-462
-560
-711
-872
-1075
-1142
-1135
-1027
-928
-808
-688
-551
-481
-544
-644
-681
-653
-605
-536
-495
-420
-358
-299
-291
-282
-263
-148
-5
106
299
549
781
957
1107
1254
1514
1683
1755
1896
2117
2248
2258
2334
2246
1756
919
263
-276
-997
-1955
-2355
-2034
-1377
-944
-553
-61
438
430
20
-541
-1023
-1323
-1288
-909
-419
32
385
784
976
749
85
-510
-955
-1232
-1504
-1575
-1412
-1016
-674
-360
-154
-141
-301
-519
-695
-921
-1141
-1223
-1077
-883
-684
-352
137
536
698
847
1127
1315
1247
1093
1148
1310
1362
1383
1705
2274
2820
3194
3698
4102
3824
2503
932
-355
-1771
-3597
-4978
-4994
-3891
-2533
-1362
-49
1210
1752
1285
453
-465
-1267
-1789
-1548
-619
490
1263
1865
2309
2171
1256
-43
-1231
-2173
-2824
-3107
-2772
-2141
-1479
-870
-141
319
313
-3
-278
-522
-933
-1419
-1586
-1308
-1065
-801
-232
685
1372
1740
1887
2060
1947
1458
852
591
552
599
824
1527
2562
3528
4233
4898
5333
4656
2762
626
-1243
-3372
-5834
-7424
-7077
-5183
-3117
-1289
716
2646
3413
2644
1200
-191
-1210
-1746
-1382
-87
1476
2614
3317
3579
2885
1091
-1196
-3133
-4475
-5249
-5327
-4468
-3074
-1795
-821
-19
380
162
-369
-755
-779
-557
-169
469
1226
1690
1808
1759
1577
1074
447
-14
-30
188
312
489
1047
1675
2078
2460
3078
3788
4312
4694
4811
4027
2084
-40
-1779
-3765
-6175
-7659
-7072
-4955
-2879
-1295
445
2313
3064
2352
1017
8
-549
-677
-100
1248
2604
3208
3288
3042
2055
-34
-2487
-4319
-5142
-5467
-5317
-4387
-2876
-1550
-612
90
551
569
236
29
267
545
605
836
1328
1541
1341
1067
934
777
336
-129
-140
100
59
49
487
1170
1826
2582
3470
4422
5302
5762
5212
3398
959
-1191
-3350
-6052
-8409
-8647
-6630
-3914
-1816
187
2451
4146
3985
2516
959
24
-516
-443
542
2070
3081
3210
3013
2442
857
-1840
-4367
-5791
-6098
-5970
-5265
-3847
-2020
-532
519
1192
1311
770
58
-101
207
436
478
791
1399
1816
1628
1098
522
-9
-510
-680
-596
-472
-230
433
1419
2285
2941
3709
4732
5613
6059
5692
4139
1611
-1021
-3535
-6158
-8533
-9381
-7887
-4842
-1770
785
3173
4937
5215
3909
1990
464
-388
-608
51
1464
2673
3019
2654
1744
53
-2432
-5008
-6579
-6883
-6366
-5205
-3295
-1114
509
1315
1611
1513
845
-166
-676
-389
159
560
933
1351
1561
1271
599
-44
-494
-882
-969
-607
-117
156
546
1275
2115
2650
3204
4236
5450
6174
6375
5923
4071
976
-2138
-4832
-7592
-9971
-10369
-7877
-3902
-398
2394
5157
7059
6815
4655
2051
165
-906
-1288
-634
932
2152
2308
1750
683
-1200
-3861
-6422
-7653
-7269
-6083
-4319
-1962
525
2401
3360
3279
2382
1007
-513
-1577
-1941
-1813
-1341
-498
342
1058
1459
1303
656
-18
-508
-637
-636
-729
-563
167
1174
2009
2727
3572
4836
6121
6868
7202
6859
4786
1087
-2462
-5493
-8685
-11576
-12097
-9228
-4398
-66
3546
7022
9401
9066
6444
3037
173
-1830
-2834
-2311
-426
1285
1829
1807
1230
-403
-3197
-6026
-7575
-7387
-6260
-4361
-1666
1101
2997
3973
4076
3172
1311
-819
-2222
-2642
-2649
-2412
-1562
-375
561
1040
1178
930
372
-326
-732
-815
-878
-985
-654
236
1285
2299
3415
4708
6017
6949
7272
7358
6645
3928
-388
-4067
-6709
-9462
-12105
-12172
-8571
-3085
1438
4970
8290
10473
9661
6551
2856
-218
-2547
-3737
-3121
-1104
512
892
925
664
-636
-3151
-5598
-6674
-6144
-4912
-2961
-347
1999
3349
4047
4030
2909
837
-1305
-2544
-2953
-3269
-3266
-2243
-770
301
1010
1596
1889
1457
338
-745
-1297
-1937
-2597
-2512
-1391
99
1692
3319
5098
6645
7588
7920
7785
7029
5079
1552
-2787
-6299
-8975
-11308
-12454
-10651
-6015
-329
4344
7831
10299
10925
8892
5212
1201
-1910
-3618
-3862
-2825
-1022
288
644
356
-580
-2167
-4014
-5528
-5935
-4903
-3042
-754
1463
3024
3666
3694
2950
1453
-517
-2380
-3421
-3493
-3069
-2321
-1372
-393
657
1652
1892
1267
210
-705
-1261
-1846
-2635
-2837
-2018
-694
737
2309
3965
5557
6774
7449
7802
7431
6379
5134
3099
-776
-4972
-7740
-9683
-11587
-12128
-9485
-3824
1905
5987
9378
12119
12034
8817
4206
-73
-3179
-5266
-5884
-4499
-2231
-1059
-578
-283
-591
-1849
-3331
-4219
-3789
-2691
-1472
244
2012
2714
2639
2546
1997
660
-1141
-2566
-3038
-3109
-3298
-2855
-1516
-238
736
1563
1850
1336
233
-1093
-2031
-2572
-3018
-2706
-1229
712
2488
4265
5882
7195
7762
7467
6799
6069
4956
3522
1193
-2520
-6133
-8329
-10102
-11776
-11577
-8187
-2311
3595
7980
11183
13067
12034
8110
3049
-1859
-5492
-7273
-6955
-4998
-2594
-1255
-486
208
23
-1223
-2504
-3006
-2523
-1389
-175
1192
2147
2174
1690
1431
748
-536
-1781
-2234
-2059
-1932
-2176
-2133
-1543
-879
-396
98
451
494
255
-207
-702
-1181
-1515
-1512
-812
392
1878
3367
4750
5866
6493
6477
5959
5140
3832
2683
1986
352
-3211
-6726
-8386
-9248
-10486
-10432
-6694
-93
5900
9732
12314
13460
11436
6392
445
-4494
-7652
-9118
-8318
-5438
-2127
-202
840
1415
1222
19
-1414
-2084
-1757
-962
59
1360
2044
1721
960
509
-111
-1051
-1971
-2120
-1717
-1361
-1283
-1085
-921
-986
-919
-456
-80
-226
-479
-313
90
13
-407
-489
126
1016
2027
3148
4218
4818
4935
4799
4321
3493
2362
1557
1243
248
-2460
-5279
-6751
-7825
-9047
-8643
-5210
298
5476
9205
11854
12741
10297
5213
-202
-4816
-7942
-9252
-8317
-5650
-2559
-567
703
1539
1452
577
-187
-510
-435
-54
332
800
780
-9
-726
-551
-440
-740
-974
-770
-554
-743
-1427
-1877
-1873
-1697
-1172
-131
678
1009
1207
1187
788
59
-657
-803
-164
707
1790
3036
3990
4363
4386
4009
3389
2725
2129
1907
1350
-624
-3376
-5109
-6413
-8180
-9168
-7060
-1946
3561
7434
10185
12107
11418
7244
1483
-3876
-7665
-9614
-9421
-7234
-4010
-1355
521
2019
2678
2211
1198
348
-131
-215
-218
-114
-134
-509
-858
-600
-404
-649
-904
-877
-934
-1306
-1828
-1927
-1589
-1166
-519
621
1581
1767
1548
1199
570
-420
-1464
-1896
-1444
-550
570
2081
3570
4515
4815
4616
4097
3514
2844
2728
2850
1584
-1454
-3977
-5420
-7271
-9319
-9044
-4981
1006
5970
9304
11682
11948
8684
3153
-2704
-7432
-10161
-10366
-8073
-4355
-1053
998
2669
3475
2876
1349
136
-591
-779
-883
-726
-431
-513
-929
-684
-53
114
-52
-24
-95
-764
-1815
-2542
-2580
-2280
-1572
-101
1732
2650
2424
1723
870
-383
-1942
-3091
-3141
-2129
-752
889
2600
3844
4431
4774
4758
4284
3603
3114
2939
3003
3137
2318
-142
-3327
-5533
-7255
-9124
-9765
-6961
-1331
4340
8225
10586
11256
9125
4232
-1473
-6194
-8933
-9561
-7895
-4571
-1131
1008
2163
2903
2920
2054
843
58
-229
-413
-769
-1064
-1442
-1769
-1649
-922
-244
156
251
248
-90
-860
-1777
-2179
-2039
-1430
-332
906
1559
1428
920
327
-389
-1384
-2171
-2169
-1253
131
1561
2833
3899
4806
5310
5277
4783
4133
3540
3111
3118
2460
-87
-3786
-6455
-8356
-10517
-11684
-9426
-3515
3245
8479
11910
13562
12033
7097
691
-5298
-9427
-11104
-9907
-6330
-2034
1038
2803
3976
4114
3094
1433
50
-821
-1127
-1430
-1528
-1633
-1739
-1487
-566
163
408
479
442
58
-733
-1623
-2056
-1881
-1332
-415
713
1438
1485
1137
588
19
-611
-1262
-1638
-1268
-382
729
1862
2986
3973
4693
4950
4605
3787
2684
1687
735
332
438
-100
-2248
-4639
-6026
-7287
-8796
-8789
-5184
942
6607
10214
12081
11837
8516
2779
-3548
-8478
-10936
-10665
-7785
-3478
323
2444
3592
3991
3528
2064
423
-664
-918
-960
-1006
-1110
-1481
-1787
-1407
-381
447
823
894
914
547
-432
-1665
-2409
-2442
-1805
-670
638
1548
1892
1809
1531
973
24
-952
-1295
-801
56
992
1819
2572
3214
3693
3660
3124
2323
1634
1206
1161
1432
731
-1558
-4198
-5772
-7346
-9131
-8928
-4827
1674
7324
10781
12425
11821
7793
1315
-5140
-9884
-11966
-11107
-7516
-2808
1053
3090
4101
4408
3601
2060
672
-16
-230
-228
-400
-775
-1574
-2223
-1969
-972
-287
83
625
1314
1429
497
-952
-1819
-1850
-1504
-877
-16
870
1658
2175
2087
1425
351
-725
-1400
-1568
-1471
-1028
-207
926
2049
2774
2911
2839
2596
2174
1711
1417
1278
1489
2072
1600
-490
-3214
-5059
-6671
-8049
-7533
-3719
1811
6131
8443
9200
8117
4324
-1039
-5802
-8625
-8980
-7213
-3719
95
3006
4203
4426
3836
2524
920
-180
-705
-1035
-1419
-1870
-2043
-2238
-2148
-1503
-271
748
1618
2216
2366
1507
13
-1333
-1971
-2115
-1815
-1012
-58
652
965
982
603
-53
-584
-705
-532
-308
102
696
1419
1857
1910
1742
1709
1726
1719
1874
2160
2427
2630
3170
2944
664
-2995
-5901
-7910
-9806
-10266
-7214
-960
5275
9205
10849
10517
7439
2048
-3390
-7198
-8532
-7560
-4645
-1025
1829
2858
2752
2380
1762
990
442
263
82
-234
-981
-1815
-2660
-2982
-2276
-308
1723
3114
3594
3141
1650
-349
-2326
-3684
-4029
-3238
-1568
282
1530
1869
1771
1380
755
-46
-680
-961
-696
-218
206
540
761
947
1155
1235
1073
919
841
796
934
1092
1334
1647
2487
3067
2017
-989
-3982
-5865
-7644
-8852
-7400
-2441
3334
7297
9021
9315
7670
3556
-1383
-5167
-6963
-6902
-5072
-2085
846
2465
2650
2460
2152
1636
941
478
-118
-815
-1615
-1975
-1931
-1511
-683
855
2277
2608
1869
685
-598
-1978
-2970
-3139
-2273
-894
666
1856
2174
1403
189
-719
-1089
-1138
-810
-50
846
1275
1074
476
-214
-867
-1279
-1247
-904
-520
47
928
2016
2822
3299
3615
4131
4552
3419
142
-3784
-6606
-8920
-10757
-10157
-5621
1132
6705
9781
10816
9922
6453
1399
-3262
-6206
-6935
-5662
-2968
-203
1447
1592
1344
1236
1134
918
996
1140
1035
418
-587
-1502
-1965
-1691
-683
671
1440
1564
1164
379
-818
-1817
-2138
-1590
-535
647
1567
1854
1366
397
-590
-1352
-1680
-1594
-1387
-1259
-1104
-978
-985
-1051
-848
-287
546
1246
1663
1869
1969
1923
1774
1715
1756
1941
1958
2135
1872
106
-2988
-5470
-6832
-7934
-7916
-5048
628
6123
9136
9845
9368
7122
2754
-2035
-5493
-6960
-6691
-5009
-2486
-51
1300
1815
2470
3080
3180
2774
2173
1092
-378
-2087
-3224
-3403
-2676
-1264
662
2267
2831
2474
1589
401
-862
-1748
-1911
-1369
-688
-243
-123
-336
-1020
-1836
-2238
-2031
-1435
-907
-521
-6
553
694
505
438
626
867
949
708
368
-6
-229
-242
51
450
1154
2121
3082
3929
3424
1179
-1753
-3724
-5619
-7207
-6787
-3093
2175
5990
7318
7042
5870
3109
-517
-3575
-5056
-4784
-3139
-783
1164
1952
1465
1099
1400
1914
2006
1916
1444
346
-1276
-2810
-3424
-2958
-1507
414
2339
3071
2546
1208
-239
-1684
-2550
-2649
-1967
-1010
-286
-51
-250
-797
-1430
-1527
-1052
-263
357
581
258
-243
-778
-1155
-1263
-1068
-652
-155
206
148
-28
-54
501
1423
2536
3433
4236
4590
4500
4011
2257
-953
-4321
-6281
-7654
-8281
-6897
-2611
2758
6443
7732
7597
6777
4429
1070
-2150
-3884
-3983
-2900
-1409
50
884
785
716
1087
1523
1355
902
110
-841
-1995
-2714
-2517
-1393
69
1529
2648
2701
1711
172
-1176
-2197
-2661
-2764
-2374
-1715
-949
-245
259
411
292
321
441
303
-452
-1618
-2647
-3062
-2882
-2274
-1265
60
1394
2381
2718
2225
1300
574
505
977
1687
2432
3182
3664
3578
3389
2362
-157
-3302
-5338
-6734
-7702
-6782
-3168
1982
5932
7630
7543
6631
4321
1010
-1954
-3463
-3239
-2022
-561
529
944
98
-852
-832
-26
579
833
660
98
-706
-1530
-1847
-1489
-607
583
1789
2042
1160
-205
-1403
-2201
-2372
-2058
-1481
-751
-117
147
-33
-460
-739
-708
-720
-1053
-1595
-2140
-2443
-2306
-1725
-850
255
1397
2307
2706
2496
1806
1038
520
401
715
1338
1842
2071
2005
1723
1599
1975
1678
-144
-2308
-3572
-4629
-5741
-5216
-2079
2501
5860
7025
6627
5494
3533
945
-1538
-3088
-2980
-1905
-861
-406
-400
-941
-1268
-677
558
1442
1321
572
-149
-543
-1045
-1358
-1117
-155
886
1428
976
-91
-1295
-2189
-2505
-2095
-1449
-800
-163
294
226
-432
-1263
-1833
-1826
-1609
-1358
-1240
-1084
-881
-404
271
992
1455
1566
1441
1223
915
499
38
-237
1
672
1213
1352
1625
2096
2432
2636
3181
2846
978
-1219
-2667
-4097
-5572
-5099
-2155
1742
4233
5013
4549
3428
1944
384
-870
-1555
-1027
-82
384
-98
-799
-1334
-1230
-524
379
1060
1005
290
-705
-1273
-1540
-1418
-978
-150
604
784
108
-903
-1601
-1714
-1328
-624
100
615
812
517
-260
-1123
-1688
-1836
-1792
-1652
-1508
-1386
-1408
-1301
-711
181
1005
1437
1589
1376
1055
653
310
98
74
118
138
389
784
1366
1921
2530
2904
3018
3032
3353
2714
289
-2268
-3473
-4335
-5379
-4608
-1553
2186
4146
4141
3144
2413
1793
1041
22
-954
-949
-286
-40
-743
-1419
-1656
-1086
-25
970
1272
606
-816
-2082
-2380
-2055
-1412
-555
552
1468
1813
1199
179
-608
-844
-787
-662
-776
-1176
-1590
-1672
-1512
-1257
-979
-700
-644
-808
-1078
-1387
-1515
-1173
-170
1016
1792
1751
1197
563
254
256
293
285
401
657
747
686
633
783
1139
1883
2793
3300
3433
3487
2560
285
-1725
-2702
-3791
-4818
-3807
-863
1853
2684
2324
1910
1686
1149
279
-469
-595
162
860
678
-92
-631
-809
-525
76
403
4
-949
-1740
-1890
-1591
-1336
-881
-2
988
1497
1236
338
-476
-734
-643
-594
-769
-1090
-1338
-1207
-963
-875
-1078
-1299
-1433
-1436
-1416
-1266
-975
-574
30
788
1331
1279
967
745
742
659
400
38
-238
-267
-125
68
255
854
1945
2933
3060
2664
2323
2036
2001
2085
1190
-580
-1593
-1913
-2956
-3890
-2782
-106
1827
1832
1104
762
768
527
137
-113
246
1017
1240
663
-141
-593
-642
-109
482
583
-78
-1088
-1814
-1897
-1601
-1243
-712
-46
490
528
-20
-801
-1065
-623
49
456
538
337
-98
-701
-1288
-1741
-2015
-2043
-1829
-1487
-1183
-941
-852
-785
-513
-23
337
487
688
1123
1561
1700
1603
1504
1415
1073
501
-153
-552
-548
-121
386
1016
1864
2769
3533
4042
3708
2089
330
-1017
-2558
-4373
-4490
-2366
189
996
296
-142
339
1036
1083
841
850
1346
1619
1247
437
-304
-454
245
1245
1325
322
-1100
-2132
-2743
-2981
-2900
-2307
-1354
-340
480
882
850
629
709
912
820
230
-529
-1106
-1380
-1472
-1690
-2042
-2365
-2503
-2487
-2180
-1521
-716
14
587
1121
1607
1880
1722
1301
943
756
557
201
-204
-445
-458
-351
-242
20
568
1310
2022
2490
2879
3041
3093
3143
3107
1873
-115
-1290
-1783
-3018
-4219
-3109
-467
1176
662
-138
165
1290
1751
1235
578
462
741
760
576
214
-129
-54
715
1100
219
-1250
-2231
-2499
-2463
-2249
-1883
-1264
-534
95
334
75
-404
-534
-186
138
87
-204
-464
-555
-525
-717
-1135
-1488
-1586
-1575
-1420
-1078
-561
-52
267
493
675
753
696
508
244
51
70
171
353
658
1021
1349
1570
1583
1376
1194
1137
1118
1127
1255
1475
1663
1863
2047
1317
51
-597
-671
-1502
-2299
-1476
71
588
-346
-1093
-940
-127
225
61
19
568
1322
1375
986
468
225
114
379
377
-171
-1061
-1721
-2010
-2112
-2255
-2307
-1873
-1091
-407
-14
252
435
563
539
279
-204
-610
-844
-927
-922
-738
-483
-203
20
77
5
-136
-413
-893
-1331
-1514
-1391
-904
-60
831
1473
1907
2172
2094
1658
1112
564
84
-229
-287
-202
158
725
1279
1504
1749
1921
1926
1842
2135
2224
1315
330
-89
-692
-2472
-3276
-1961
-114
-11
-1106
-1372
-401
859
968
390
-36
446
1039
1110
702
181
-138
-169
224
186
-536
-1511
-1905
-1765
-1490
-1346
-1363
-1286
-1113
-801
-485
-156
81
444
850
953
490
-162
-567
-548
-274
-141
-342
-686
-862
-871
-717
-533
-362
-285
-195
-103
-47
-55
44
290
425
333
271
386
543
586
551
563
641
724
700
655
669
843
913
976
1065
1341
1778
2429
2782
1902
616
-2
-303
-1619
-2632
-1771
-138
169
-833
-1298
-827
51
347
51
-586
-774
-203
559
869
512
278
618
1396
1514
720
-372
-1124
-1357
-1358
-1463
-1841
-1933
-1450
-683
-292
-374
-398
47
636
697
179
-391
-538
-360
-131
-44
-152
-326
-299
-191
-273
-513
-675
-785
-915
-966
-843
-542
-224
74
211
201
175
321
440
351
220
226
254
218
293
568
1044
1585
2031
2119
2127
2240
2351
2194
2155
1967
1008
-136
-737
-1365
-2548
-2648
-1218
-44
-515
-1313
-914
300
1131
925
233
-130
298
1008
1073
359
-587
-806
-291
284
172
-279
-419
-402
-440
-641
-684
-590
-302
-152
-434
-921
-1316
-1282
-1028
-640
-638
-830
-864
-572
-151
225
535
491
405
399
389
-29
-594
-902
-985
-1061
-1315
-1505
-1438
-995
-543
-436
-565
-470
179
1011
1469
1404
1249
1271
1476
1533
1323
1040
1108
1500
1715
1576
1310
1395
1603
1888
1697
771
-16
119
220
-982
-1663
-790
281
-280
-1395
-1605
-867
-115
-159
-742
-1168
-734
189
755
649
146
-140
192
1021
1394
882
187
-215
-364
-625
-950
-1245
-1235
-1076
-1137
-1343
-1520
-1408
-1009
-513
-464
-676
-568
-97
364
466
398
199
109
39
-93
-402
-678
-770
-828
-916
-944
-686
-294
62
116
-29
-124
63
386
707
835
791
737
790
801
765
785
909
1069
1338
1594
1717
1917
2056
2040
1758
1884
1845
1245
421
109
-423
-1469
-1704
-965
-664
-1474
-2135
-1918
-1188
-680
-730
-1099
-1119
-485
389
755
659
329
206
453
948
1072
686
150
-296
-578
-765
-854
-879
-834
-697
-591
-565
-769
-887
-682
-430
-550
-909
-996
-848
-508
-220
37
125
192
312
421
401
245
79
-157
-342
-474
-591
-655
-627
-518
-292
99
426
543
562
523
501
484
535
597
805
1058
1215
1145
1166
1346
1596
1792
1847
1801
1638
1853
1610
892
156
74
-422
-1342
-1383
-664
-675
-2020
-2811
-2345
-1286
-917
-1188
-1533
-1314
-524
285
599
401
95
243
911
1520
1469
979
590
427
390
347
211
-68
-367
-619
-815
-1019
-1219
-1298
-1081
-858
-793
-784
-569
-377
-358
-456
-590
-714
-723
-445
-132
56
18
-57
2
311
597
581
470
575
758
692
429
222
154
120
-27
-245
-366
-277
-41
209
352
497
698
1188
1476
1496
1400
1471
1597
1723
2114
1730
854
233
376
-299
-1343
-1246
-499
-648
-1773
-2053
-1645
-1034
-920
-1164
-1761
-1851
-1124
-235
104
-65
-186
223
1189
1907
1866
1391
1059
892
908
857
550
123
35
111
17
-318
-715
-1080
-1232
-1408
-1844
-2300
-2222
-1772
-1364
-1137
-956
-631
-108
457
705
647
535
597
673
615
417
325
491
789
862
680
481
362
263
99
-111
-507
-808
-869
-598
-274
-54
106
492
989
1323
1412
1462
1624
2052
2397
1808
1097
949
788
-506
-1107
-375
52
-999
-2019
-1761
-1088
-640
-840
-1472
-2118
-1649
-613
-98
-430
-804
-837
-245
787
1470
1427
1223
1306
1391
1369
1205
889
496
329
251
106
-191
-479
-682
-787
-1086
-1500
-1711
-1579
-1304
-1120
-1109
-1137
-877
-390
-38
-48
-200
-238
-3
397
723
720
595
692
1046
1175
1031
842
681
417
17
-403
-674
-593
-424
-365
-415
-338
-91
274
586
694
670
764
1018
1306
1504
1494
858
357
566
797
191
-276
180
345
-321
-1136
-1111
-890
-763
-1076
-1617
-1998
-1656
-885
-467
-518
-832
-918
-470
468
995
891
649
767
1171
1662
1856
1551
1067
822
767
641
367
-72
-496
-810
-1067
-1382
-1513
-1391
-1239
-1207
-1307
-1309
-1125
-807
-633
-578
-488
-290
59
396
573
535
573
790
952
882
717
770
823
689
489
448
456
304
21
-297
-404
-331
-210
-226
-230
-54
281
663
1083
1492
1210
542
422
622
-5
-780
-162
593
109
-901
-736
-3
268
-154
-1067
-1796
-1686
-716
-343
-818
-1451
-1333
-674
224
706
472
147
261
741
1072
1306
1260
1086
900
874
889
860
671
349
47
-289
-589
-712
-696
-896
-1226
-1488
-1466
-1200
-785
-585
-692
-817
-755
-505
-260
2
63
-35
-2
324
709
866
943
934
935
887
874
863
741
466
148
5
10
101
0
-167
-324
-178
92
358
441
607
668
256
190
487
357
-513
-291
520
446
-479
-687
-116
125
-33
-679
-1318
-1547
-807
-246
-410
-856
-899
-513
113
644
413
-64
-166
248
662
932
902
705
684
805
871
851
686
365
36
-175
-365
-394
-300
-408
-786
-1108
-1075
-902
-671
-625
-910
-1247
-1171
-919
-914
-945
-735
-510
-259
100
437
636
899
1148
1125
1114
1343
1656
1523
1039
517
374
454
487
256
-90
-266
-114
351
719
736
8
-404
-19
352
-396
-929
-101
459
-158
-977
-505
237
480
-120
-1146
-1771
-1187
116
333
-539
-1295
-846
242
1070
843
-52
-465
-89
567
799
535
83
38
449
675
562
351
276
204
62
-105
-252
-110
93
33
-337
-630
-673
-576
-497
-782
-1286
-1513
-1293
-1074
-1036
-1010
-901
-624
-144
324
530
621
825
1063
1122
1189
1376
1499
1366
1053
779
698
815
798
566
236
146
391
722
805
505
-152
-537
-52
334
-427
-1008
-166
412
-526
-1415
-961
-237
-245
-722
-1306
-1484
-747
317
362
-490
-921
-395
507
1057
787
13
-341
50
584
629
199
-363
-459
-108
222
189
37
-93
-130
-35
57
59
19
2
-122
-173
-126
-115
-284
-432
-637
-955
-1108
-977
-853
-956
-949
-799
-524
-194
145
284
335
456
610
792
1050
1320
1315
1113
969
1100
1298
1343
1132
889
812
981
1212
1414
1163
334
-87
303
343
-652
-886
-136
-129
-1321
-1795
-1037
-423
-573
-1246
-1833
-1823
-719
204
-65
-960
-1096
-348
557
1036
676
6
-175
315
770
669
125
-343
-368
-120
72
162
2
-232
-353
-241
-212
-181
-143
-270
-489
-477
-232
-158
-214
-457
-744
-869
-619
-478
-602
-694
-578
-467
-386
-229
-17
182
261
239
322
710
1061
1122
933
895
1072
1409
1602
1534
1362
1346
1553
1733
1795
1496
843
563
832
644
-297
-527
57
-207
-1209
-1518
-904
-752
-1067
-1614
-2093
-2050
-1229
-574
-1041
-1575
-1426
-606
150
650
405
-69
-16
451
834
867
680
268
213
450
576
382
142
-85
-299
-366
-349
-383
-509
-626
-715
-706
-642
-564
-636
-750
-881
-784
-534
-412
-472
-551
-425
-336
-135
15
126
8
44
340
704
864
769
740
900
1330
1594
1596
1474
1578
1722
1776
1753
1815
1486
913
785
883
398
-266
136
415
-270
-1200
-999
-516
-598
-1104
-1797
-2092
-1840
-1036
-1005
-1534
-1950
-1555
-835
-219
-6
-377
-503
-116
652
896
742
459
488
727
897
864
589
221
-7
85
66
-219
-552
-629
-668
-710
-810
-856
-775
-673
-776
-944
-848
-638
-519
-520
-462
-448
-370
-224
-12
82
102
192
390
687
863
955
985
1206
1488
1722
1783
1716
1703
1871
2111
1805
1224
1102
1255
825
172
347
631
84
-696
-703
-353
-460
-809
-1342
-1734
-1671
-1073
-890
-1433
-1891
-1739
-1091
-671
-596
-1003
-1113
-681
25
382
205
2
43
505
792
839
594
353
278
347
366
123
-81
-240
-344
-459
-510
-578
-666
-627
-663
-873
-951
-650
-405
-539
-758
-743
-454
-132
15
-145
-294
-85
349
623
566
528
702
1102
1411
1529
1486
1487
1655
1862
2063
1813
1331
1175
1393
1156
616
782
966
320
-490
-311
115
-105
-673
-1203
-1445
-1276
-680
-721
-1379
-1798
-1509
-995
-654
-597
-1008
-1155
-833
-286
-70
-134
-330
-374
-32
324
445
324
154
41
48
110
70
-57
-224
-405
-416
-313
-257
-421
-557
-669
-710
-613
-534
-569
-656
-539
-451
-363
-229
-40
-26
-60
82
352
616
755
889
927
1069
1347
1580
1601
1578
1769
1658
1375
1304
1336
968
605
900
887
261
-265
51
263
-7
-423
-808
-896
-685
-294
-558
-1003
-1219
-942
-567
-416
-555
-924
-845
-546
-192
-223
-342
-426
-368
-122
-34
-34
-204
-260
-287
-267
-284
-367
-365
-429
-535
-654
-561
-461
-534
-664
-705
-620
-557
-473
-414
-381
-381
-329
-162
13
122
133
189
334
554
775
902
933
1036
1295
1534
1604
1725
1768
1464
1198
1278
1238
720
619
867
615
-86
-255
112
152
-104
-626
-1005
-977
-440
-247
-653
-1055
-1042
-635
-212
-61
-411
-649
-456
-19
199
250
107
-73
-13
257
374
193
-29
-211
-295
-364
-379
-480
-665
-936
-1120
-1111
-1012
-942
-1031
-1168
-1175
-993
-807
-756
-769
-691
-513
-278
-154
-71
10
261
473
579
660
886
1126
1256
1425
1532
1668
1787
1941
1642
1399
1432
1417
993
807
1086
807
246
-70
164
81
-99
-419
-853
-1036
-825
-498
-735
-1006
-1259
-999
-542
-186
-368
-677
-541
-241
225
430
425
124
201
520
740
710
469
239
101
241
229
-9
-397
-646
-778
-808
-910
-1111
-1284
-1336
-1409
-1505
-1459
-1353
-1306
-1268
-1117
-1030
-865
-578
-292
-234
-88
270
626
865
1082
1284
1382
1570
1879
1948
1691
1599
1669
1602
1492
1625
1398
794
520
800
822
340
-146
-567
-683
-539
-381
-775
-1178
-1250
-1076
-775
-551
-536
-740
-615
-351
-63
80
80
-27
-5
250
400
427
362
310
276
363
386
242
125
52
-69
-189
-175
-243
-466
-677
-815
-885
-909
-945
-1077
-1171
-1132
-1077
-1030
-923
-734
-594
-479
-300
-23
304
454
492
585
871
909
817
948
1029
813
743
1248
1299
838
577
816
912
838
780
307
-124
-12
402
187
-308
-623
-653
-389
-79
-106
-516
-675
-526
-205
22
-24
-286
-391
-133
114
235
200
88
-4
104
270
251
134
31
-23
-47
-59
-145
-263
-304
-340
-408
-488
-542
-543
-460
-461
-596
-612
-374
-193
-179
-132
-13
123
333
545
513
444
469
471
449
493
347
49
177
508
296
-295
-444
-195
-74
-140
-395
-783
-889
-436
-112
-296
-578
-611
-366
30
356
318
145
132
333
665
853
713
435
386
515
601
636
516
275
75
113
142
33
-94
-223
-372
-478
-459
-516
-594
-596
-562
-583
-555
-436
-317
-228
-142
-26
52
141
304
554
722
724
747
896
1101
1193
1007
763
716
752
549
364
501
449
26
-393
-362
-332
-440
-715
-1157
-1522
-1494
-1138
-1128
-1313
-1569
-1558
-1257
-764
-592
-731
-727
-562
-210
147
430
373
319
439
674
891
1021
1059
925
823
802
871
854
757
611
418
231
86
26
-73
-265
-499
-664
-716
-647
-555
-594
-725
-683
-392
-86
81
139
285
535
867
1153
1320
1187
1083
1314
1528
1224
845
1084
1285
889
295
192
178
32
-190
-595
-1156
-1429
-1160
-980
-1213
-1694
-1879
-1627
-1194
-1035
-1213
-1398
-1360
-969
-471
-242
-377
-426
-152
206
408
412
292
258
428
571
428
243
284
460
523
392
160
43
175
309
228
-14
-158
-117
76
226
220
111
141
387
650
766
755
794
891
983
877
807
852
776
393
364
778
803
293
-22
125
148
113
4
-294
-688
-682
-448
-427
-605
-859
-993
-937
-740
-708
-791
-907
-1000
-906
-625
-471
-568
-587
-468
-363
-288
-205
-142
-132
-101
-124
-145
-74
67
123
42
-47
-57
82
204
177
85
47
25
45
141
178
137
213
382
513
600
710
878
1084
1172
982
953
1172
1233
890
826
1079
966
498
244
302
150
2
-150
-441
-871
-917
-697
-654
-862
-1086
-1096
-983
-777
-653
-592
-683
-770
-665
-383
-223
-216
-199
-167
-178
-69
105
126
8
-71
-97
-116
-10
72
-1
-189
-255
-260
-230
-177
-155
-223
-269
-225
-120
16
220
356
367
377
585
846
941
984
1129
1107
861
925
1131
948
525
691
946
686
168
48
82
-13
-97
-332
-717
-967
-779
-598
-663
-986
-1197
-1082
-751
-570
-564
-602
-680
-620
-341
-106
-157
-184
-87
-9
-39
-20
6
-29
-64
-72
-41
-14
-47
-149
-135
-27
-34
-154
-268
-279
-173
22
40
-71
-31
205
448
563
626
652
722
915
1145
1230
972
849
1020
1127
818
627
841
862
573
243
181
7
-40
-66
-283
-673
-849
-733
-682
-704
-890
-1015
-1006
-868
-769
-679
-650
-780
-768
-550
-403
-425
-389
-279
-306
-347
-344
-290
-217
-93
-45
-123
-188
-168
-71
3
24
-26
-16
62
159
234
333
392
448
522
594
624
720
841
869
856
929
898
692
614
715
659
448
492
633
501
229
167
151
64
-55
-176
-394
-502
-505
-474
-467
-457
-503
-509
-398
-381
-398
-368
-341
-462
-473
-331
-246
-241
-249
-310
-403
-377
-291
-378
-540
-624
-623
-648
-688
-687
-660
-594
-535
-448
-372
-309
-249
-103
113
291
446
592
768
962
1183
1305
1376
1496
1485
1332
1241
1270
1091
875
832
797
500
203
54
-96
-200
-264
-485
-865
-1022
-969
-879
-816
-831
-939
-906
-689
-500
-367
-240
-185
-184
-97
15
132
313
413
307
191
214
206
118
9
-101
-298
-404
-462
-536
-654
-690
-653
-647
-667
-706
-638
-497
-352
-227
-27
188
359
532
706
921
1182
1268
1143
1053
1111
1029
931
1008
1021
706
324
203
164
146
17
-216
-530
-688
-705
-702
-715
-788
-796
-735
-626
-572
-448
-305
-208
-121
-56
-32
33
196
245
188
181
213
112
10
9
-29
-153
-263
-342
-433
-437
-406
-407
-449
-446
-370
-211
-40
8
41
161
403
565
704
855
893
795
779
905
829
604
538
634
531
225
-29
-200
-303
-369
-444
-583
-687
-748
-754
-697
-707
-767
-656
-398
-316
-302
-199
-79
-13
99
177
182
211
264
278
348
444
384
210
138
171
165
103
-17
-149
-176
-133
-137
-184
-205
-201
-173
-61
28
94
180
297
409
526
702
742
692
608
578
473
334
251
181
133
-1
-191
-448
-564
-575
-572
-638
-774
-918
-949
-790
-633
-620
-684
-640
-491
-300
-182
-148
-99
-8
102
188
283
291
316
415
505
427
343
405
419
307
178
161
150
135
68
0
-1
90
177
225
243
284
413
588
675
741
809
806
708
677
633
446
276
287
341
188
-70
-254
-346
-457
-636
-800
-914
-1032
-1138
-1174
-1163
-1211
-1212
-1124
-991
-915
-838
-760
-706
-596
-387
-176
-85
-2
152
347
482
522
543
585
673
720
701
614
535
532
574
598
583
590
607
592
539
534
595
649
699
740
760
658
564
498
382
173
86
149
162
46
-74
-172
-346
-489
-579
-621
-687
-734
-804
-859
-945
-1070
-1032
-842
-743
-875
-891
-744
-620
-573
-504
-444
-402
-246
-67
7
-34
-36
45
187
232
181
148
213
288
337
368
355
375
506
671
699
667
726
808
889
955
1018
969
889
842
733
547
377
395
469
459
290
47
-125
-200
-260
-442
-643
-743
-762
-776
-857
-974
-1100
-1097
-960
-806
-729
-740
-702
-607
-465
-406
-345
-251
-149
-62
8
74
115
173
178
153
126
137
130
156
235
298
346
392
456
508
589
664
675
680
758
872
882
782
669
576
464
369
331
300
256
216
126
-42
-243
-392
-494
-566
-614
-673
-763
-868
-923
-931
-878
-829
-779
-698
-586
-457
-406
-400
-382
-253
-112
-11
58
97
95
79
97
59
-5
-8
56
123
139
162
186
318
470
545
570
669
801
869
930
979
968
907
899
866
704
482
363
354
341
252
113
-63
-284
-496
-621
-684
-782
-889
-953
-985
-1036
-1086
-1095
-1014
-869
-756
-659
-534
-425
-401
-373
-255
-112
15
125
199
213
194
133
41
41
90
130
136
158
174
219
323
396
430
494
642
796
836
829
845
918
916
883
828
738
589
466
436
437
405
323
219
53
-147
-345
-488
-592
-685
-806
-858
-880
-903
-972
-979
-951
-909
-850
-784
-694
-639
-582
-558
-486
-389
-266
-156
-71
-30
-54
-88
-90
-43
10
80
186
278
342
427
533
594
644
776
941
1016
1049
1111
1121
1010
900
851
772
595
436
399
388
329
224
94
-118
-336
-484
-593
-736
-867
-923
-911
-867
-847
-885
-906
-840
-743
-649
-545
-469
-443
-377
-271
-211
-208
-159
-39
56
47
-59
-124
-134
-119
-123
-90
-14
71
185
292
370
407
485
615
746
850
953
1054
1071
1014
919
839
732
586
485
479
512
472
333
136
-70
-236
-392
-553
-686
-772
-795
-806
-813
-865
-880
-847
-751
-654
-575
-487
-394
-328
-320
-278
-208
-133
-67
-10
-6
-64
-125
-182
-263
-318
-302
-221
-135
-51
14
62
121
231
378
515
651
752
868
993
1049
997
945
952
896
797
740
746
723
659
558
387
176
-33
-202
-365
-542
-726
-848
-894
-934
-991
-1025
-1019
-975
-875
-767
-707
-670
-582
-461
-361
-272
-175
-93
-14
54
76
45
1
-40
-47
17
74
108
153
204
218
248
310
368
427
526
623
678
705
689
643
615
577
477
390
428
546
616
593
502
414
318
167
-20
-150
-227
-290
-342
-438
-546
-649
-685
-704
-686
-669
-654
-628
-596
-604
-652
-620
-545
-484
-441
-367
-296
-278
-285
-298
-291
-251
-169
-71
40
149
209
294
390
460
519
597
684
761
842
863
773
670
616
550
425
334
338
403
459
435
321
191
81
-36
-172
-285
-356
-387
-377
-379
-437
-531
-564
-520
-444
-417
-417
-347
-267
-253
-285
-269
-250
-218
-150
-78
-64
-106
-147
-178
-175
-149
-115
-64
19
122
210
280
294
294
349
465
544
554
592
625
567
451
366
289
176
147
211
274
219
108
34
-37
-135
-274
-356
-417
-454
-480
-454
-456
-545
-595
-549
-464
-450
-425
-344
-241
-174
-171
-156
-136
-106
-78
33
140
143
81
69
93
50
13
42
129
200
258
320
350
334
334
400
444
453
519
642
662
553
462
447
384
276
252
327
391
359
283
181
67
-120
-287
-361
-424
-542
-640
-641
-710
-856
-962
-942
-894
-863
-779
-679
-601
-575
-520
-441
-369
-310
-198
-4
142
203
231
313
369
368
400
492
545
534
573
619
581
482
452
456
421
408
481
523
432
301
232
166
42
-42
23
157
255
295
314
273
153
31
-31
-63
-129
-173
-150
-163
-301
-462
-536
-555
-582
-571
-516
-487
-532
-575
-576
-582
-601
-596
-475
-320
-240
-246
-196
-153
-141
-90
49
183
247
303
394
508
524
492
499
592
630
599
618
666
594
457
367
334
269
157
103
155
227
194
110
83
82
7
-107
-189
-242
-306
-333
-316
-343
-437
-533
-524
-428
-401
-467
-499
-442
-400
-389
-365
-318
-283
-234
-159
-77
-49
-86
-99
-42
41
111
179
233
253
280
385
500
525
515
575
652
685
676
645
579
478
408
381
329
197
88
73
101
56
-61
-143
-166
-184
-297
-457
-577
-621
-640
-642
-650
-701
-723
-653
-537
-511
-536
-535
-448
-338
-274
-219
-161
-78
-17
72
156
207
211
203
239
271
258
216
250
307
332
391
499
555
549
558
627
668
649
636
664
645
561
487
427
310
165
83
64
60
30
-1
-44
-113
-234
-396
-536
-645
-760
-826
-820
-807
-833
-806
-749
-737
-744
-710
-634
-588
-534
-453
-351
-254
-150
-53
19
107
180
213
226
248
266
306
358
404
437
489
545
594
628
654
722
781
788
785
797
746
622
522
487
436
338
295
309
284
203
129
61
-34
-171
-288
-359
-465
-671
-837
-836
-828
-931
-986
-913
-825
-818
-807
-754
-702
-685
-666
-580
-428
-287
-204
-68
59
77
49
110
197
234
261
356
462
521
545
600
662
692
686
728
824
811
741
726
723
624
509
456
407
325
277
326
323
184
35
11
33
-65
-244
-378
-417
-493
-634
-723
-744
-784
-839
-803
-728
-723
-773
-751
-656
-603
-602
-561
-431
-320
-287
-239
-143
-86
-81
-25
56
126
179
230
290
381
456
507
604
706
734
711
748
770
759
719
673
650
644
603
480
387
347
306
248
211
163
108
72
21
-123
-284
-393
-462
-529
-594
-640
-651
-651
-683
-718
-733
-717
-704
-652
-607
-568
-542
-502
-414
-350
-303
-293
-240
-132
-19
1
-16
63
139
169
227
350
434
509
620
694
695
723
776
792
750
681
642
641
614
508
408
367
346
300
224
179
144
84
10
-57
-152
-286
-390
-446
-469
-541
-631
-663
-645
-631
-615
-584
-571
-601
-563
-486
-441
-442
-457
-430
-341
-245
-259
-257
-158
-68
-13
72
118
128
185
300
427
466
474
536
640
707
703
678
683
712
682
630
581
498
366
276
250
186
92
45
71
55
-32
-177
-266
-300
-387
-489
-508
-542
-625
-621
-538
-513
-579
-583
-452
-357
-395
-385
-296
-264
-298
-303
-245
-191
-184
-149
-36
40
34
53
145
184
162
224
316
349
325
332
408
523
554
499
549
626
587
535
552
542
466
378
353
365
293
237
247
216
113
19
-77
-214
-365
-523
-614
-606
-616
-683
-681
-630
-651
-678
-657
-583
-539
-543
-462
-384
-383
-335
-257
-192
-138
-50
64
151
170
149
230
290
283
333
473
544
530
529
553
535
443
452
527
566
521
504
534
463
289
206
200
151
121
154
198
162
61
-35
-142
-290
-440
-536
-538
-551
-610
-624
-572
-575
-656
-670
-595
-527
-522
-482
-401
-317
-299
-315
-276
-204
-170
-132
-9
116
127
138
239
271
241
245
349
442
426
437
531
568
483
490
512
463
453
490
520
488
378
309
341
277
178
172
231
250
178
89
31
-78
-261
-364
-381
-424
-455
-434
-415
-457
-534
-576
-591
-603
-572
-488
-404
-338
-332
-293
-227
-213
-240
-217
-132
-52
-19
6
97
129
105
126
180
217
245
305
351
340
342
399
415
380
307
338
398
369
343
300
219
221
321
236
102
163
225
202
115
-25
-68
-24
-84
-209
-222
-228
-334
-389
-368
-428
-515
-486
-405
-390
-423
-387
-326
-309
-327
-355
-276
-131
-164
-93
-29
-22
45
4
46
128
160
167
250
313
320
298
271
338
447
374
250
391
445
236
210
334
284
190
155
161
156
51
4
29
-27
-115
-57
32
-6
-165
-259
-248
-289
-360
-391
-284
-257
-233
-217
-175
-160
-187
-204
-181
-97
-180
-163
-59
-35
-79
-104
-26
31
-87
-97
92
132
34
75
200
214
107
94
195
291
205
198
339
383
277
190
336
339
197
176
207
115
21
20
7
-72
-69
-38
-53
-80
-222
-315
-307
-288
-384
-391
-290
-222
-211
-247
-244
-189
-179
-215
-173
-71
5
-77
-87
17
-3
-70
56
58
83
174
131
132
119
162
131
150
187
257
257
230
301
246
201
244
245
189
154
232
230
187
135
74
87
45
-94
-180
-143
-133
-246
-234
-201
-246
-292
-265
-321
-363
-293
-312
-222
-146
-160
-175
-101
-65
-66
-71
-33
-35
-40
-89
-67
3
8
4
-35
85
206
20
-49
137
187
35
88
258
271
174
195
299
204
188
299
335
343
335
238
241
313
149
67
186
134
32
-36
-56
-131
-211
-289
-270
-219
-297
-340
-350
-384
-391
-421
-407
-271
-156
-184
-158
-121
-119
-126
-135
-96
0
-85
-56
144
162
97
28
55
131
129
3
111
243
123
65
156
230
104
104
159
184
211
181
223
257
273
260
174
200
216
148
42
48
53
69
32
8
-7
-121
-94
-125
-206
-279
-310
-228
-222
-351
-303
-167
-220
-240
-213
-189
-179
-147
-174
-152
-116
-86
1
-32
-60
-6
67
-13
-20
25
87
87
86
156
94
136
142
125
169
244
212
227
377
341
267
293
234
124
97
152
126
47
74
150
81
-52
-99
-113
-140
-126
-205
-155
-43
-108
-176
-83
-209
-312
-168
-123
-185
-149
-104
-73
-75
-180
-253
-170
-53
-151
-98
19
85
-50
-89
1
-129
-143
-8
-36
-145
86
270
167
158
157
39
131
210
62
68
190
255
296
246
134
104
159
108
28
-63
-28
21
-22
31
-80
-77
-14
-4
-74
-51
-35
-116
-37
-90
-174
-178
-34
21
-160
-154
18
58
-92
-139
-63
-22
-75
-198
-74
149
-38
-60
151
81
-101
8
139
65
51
39
185
212
68
46
162
125
61
64
65
213
116
12
11
-28
-26
18
-84
-183
-42
-22
-31
-110
-112
-62
-73
-174
-208
-89
-95
-162
-98
5
-108
-173
-52
-56
-180
-95
4
49
44
68
9
1
54
-73
-43
150
39
-82
228
288
33
53
146
192
122
150
265
276
121
200
314
70
-44
29
141
171
-29
-70
161
81
-134
-112
-54
-226
-159
-23
-61
-72
-192
-218
-96
-180
-414
-220
-38
-164
-169
-64
10
-112
-125
-74
-108
-92
-169
-154
-26
-4
-76
-48
52
123
5
-27
105
69
-40
138
242
206
237
253
290
335
109
60
276
200
80
177
305
165
2
86
141
-89
-80
28
12
-47
-143
-121
-64
-169
-258
-44
-54
-285
-154
-68
-222
-253
-163
-168
-26
-30
-158
-37
-32
-157
-185
-131
-169
-89
-41
-26
7
-55
-111
-59
41
56
-19
-35
239
364
104
-15
104
247
200
104
194
367
344
231
265
261
34
-5
156
127
-111
-78
167
117
-45
-204
-82
40
-208
-256
-53
-35
-147
-124
-137
-158
-165
-192
5
4
-191
-74
97
-55
-188
-70
-77
-149
-117
-174
-120
-37
-119
-124
69
24
-142
117
157
12
134
171
177
239
97
162
341
107
130
254
262
256
161
194
275
135
-8
31
88
-171
-17
38
-78
-45
-209
-221
-97
-256
-381
-182
-133
-131
-120
-165
-83
-118
-311
-182
-4
-130
-168
10
14
22
-131
-114
-9
-113
-226
-27
-15
-31
59
48
183
233
53
71
181
96
-9
110
298
295
206
114
306
181
79
249
207
72
200
334
197
52
6
54
-57
-95
-87
-58
1
-9
-75
-102
-179
-274
-202
-139
-279
-250
-162
-146
-130
-230
-349
-238
-80
-222
-308
-191
-72
-104
-99
-134
-74
0
35
79
144
13
-13
341
360
94
69
365
335
164
149
165
206
265
237
188
297
166
105
214
0
-96
32
-17
45
47
-78
127
77
-186
-158
0
-196
-187
-93
-145
-91
-122
-192
-238
-175
-148
-166
-143
-188
-90
-129
-159
-253
-212
-139
-133
-130
-32
63
61
52
49
79
89
140
73
98
155
188
206
165
146
207
259
204
199
159
188
183
20
36
103
-2
-86
71
113
101
51
53
41
-56
-127
-130
-139
-147
-148
-35
8
-174
-194
-118
-171
-233
-306
-179
-64
-185
-175
-107
-182
-172
-86
-150
-59
63
-88
-9
223
132
-37
99
283
137
41
131
187
129
193
235
153
205
219
126
130
145
47
72
69
42
30
34
-9
28
109
-24
-82
76
133
-108
-126
45
-11
-156
-185
-148
-168
-241
-329
-219
-130
-311
-228
-72
-186
-237
-238
-190
-143
-228
-184
-14
92
20
57
-1
14
127
41
38
256
282
206
297
356
179
143
179
228
166
155
262
264
301
169
67
171
12
-179
20
217
13
-23
110
218
101
-205
-62
-15
-216
-131
-69
-214
-130
-141
-256
-246
-311
-415
-227
-192
-281
-229
-86
-189
-205
-298
-196
-163
-189
19
91
-27
32
303
156
-77
50
392
229
69
193
296
330
213
114
225
301
240
151
165
178
114
82
144
18
-64
2
96
95
-35
-79
55
195
-35
-199
-100
32
-131
-271
-167
-36
-212
-321
-115
-224
-321
-261
-206
-187
-192
-235
-172
-79
-280
-325
-28
100
-22
-70
111
303
213
42
56
256
277
174
178
202
357
213
211
239
189
230
142
108
92
154
-100
-15
198
-159
-103
89
35
-47
-58
-70
-80
-63
-288
-239
-45
-134
-228
-243
-43
-73
-334
-291
-158
-133
-225
-226
-150
29
-27
-274
-72
102
-33
13
102
58
127
174
46
163
226
153
254
315
195
225
236
203
292
225
125
176
190
67
-26
-34
-4
82
15
-149
61
195
-75
-132
24
-100
-267
-64
-93
-193
-151
-186
-118
-116
-185
-220
-185
-178
-212
-261
-195
-143
-148
-151
-170
-74
-13
-145
-173
10
42
46
188
77
157
293
211
110
142
199
171
323
301
129
231
333
279
83
61
192
106
79
117
138
56
76
9
-89
-118
-84
-97
-106
-35
-79
-185
-58
-138
-338
-279
-159
-232
-326
-138
-103
-151
-165
-260
-241
-110
-66
-250
-168
-48
-79
-27
13
-97
30
122
55
140
131
90
192
271
181
124
214
240
204
223
188
294
381
231
100
228
169
-2
36
64
56
176
114
58
56
-12
-82
-109
-212
-194
10
-74
-203
-72
-45
-251
-283
-170
-251
-298
-269
-120
-239
-293
-301
-166
-201
-281
-78
-89
-77
-78
-49
-23
-9
-61
2
169
82
182
256
171
318
354
269
239
191
197
221
173
128
236
248
239
338
314
244
131
69
-31
-160
-54
-53
-128
10
51
-119
-123
-105
-119
-160
-364
-202
-25
-194
-400
-148
-99
-313
-270
-204
-133
-211
-197
-73
68
-111
-96
17
-62
-154
-50
74
124
16
100
374
145
-3
100
218
125
150
171
320
216
87
229
209
-37
4
149
177
143
5
20
144
-33
-152
-13
-81
-121
-7
9
-33
-59
-92
-130
-138
-136
-142
-276
-230
-59
-77
-259
-254
-109
-75
-125
-205
-98
61
-46
-94
-20
-69
-81
14
66
109
94
80
267
340
123
-37
142
269
210
110
78
324
258
39
106
221
76
-19
165
315
26
-172
36
81
-45
-181
-128
173
53
-126
-57
-63
-221
-334
-181
-204
-323
-227
-10
20
-147
-274
-116
-40
-147
-173
-183
-162
-11
45
-14
76
131
-10
117
215
-11
-122
94
101
52
157
162
159
285
136
32
124
208
120
129
304
210
179
186
42
-225
84
141
-174
-18
194
54
8
-73
-93
-137
-137
-209
-170
-209
-255
-228
-230
-261
-261
-174
-148
-240
-171
-72
-86
-121
-146
-99
-52
43
41
35
-30
103
156
79
171
245
116
191
197
78
174
167
49
250
380
100
83
291
158
35
115
69
92
174
137
133
-4
-74
-20
-81
-172
-176
-39
-8
-32
-168
-209
-231
-270
-460
-397
-89
-165
-188
30
-105
-237
-155
-251
-273
-166
-203
-220
181
203
-133
-22
248
95
-24
91
159
211
225
191
454
360
-11
233
415
91
43
307
264
295
237
139
184
76
-24
-5
18
-49
-84
22
0
-162
-171
-123
-60
-154
-260
-158
-161
-265
-367
-196
-126
-259
-194
-42
-28
-131
-230
-213
-61
-182
-251
87
23
-136
93
140
-24
-33
40
59
234
188
37
250
435
203
81
256
213
252
147
75
266
370
92
-2
296
327
-157
-108
208
-72
-267
1
102
-3
-35
-26
-109
-94
-369
-463
-187
-125
-362
-262
-12
20
-185
-265
-152
-211
-375
-365
-224
-37
-2
-154
28
212
-46
-174
-6
6
-65
-33
158
171
153
210
309
267
212
79
94
420
272
3
267
428
258
249
107
28
147
161
-56
31
172
150
123
124
-57
-227
-177
-214
-266
-381
-249
-26
-53
-134
-57
-203
-237
-188
-246
-408
-191
-66
-112
12
-45
-138
13
-17
-227
-18
1
-42
89
72
-23
170
9
-101
99
216
56
23
215
237
183
135
204
213
173
147
286
375
151
125
133
239
138
-103
-108
117
70
25
-35
-54
-35
-50
-199
-440
-272
-239
-285
-125
69
-195
-229
54
8
-458
-561
-74
91
-118
-158
101
258
133
-89
-181
20
3
-107
114
328
77
90
253
197
23
-77
-15
156
121
68
194
201
158
65
-54
48
166
73
-1
199
262
30
-59
-16
-44
-182
-214
-132
14
46
-111
-226
-48
-135
-409
-256
-123
-157
-164
-92
-127
-50
-99
-186
-103
60
-71
-129
104
154
-158
-178
141
200
5
5
228
268
239
142
17
112
89
-38
141
193
86
192
299
284
253
-22
-28
177
25
-138
20
161
109
72
-73
14
-21
-249
-296
-27
-10
-241
-247
-98
52
-122
-281
-215
-19
-79
-276
-242
5
-85
-244
-49
73
-118
-87
153
27
29
-57
-128
139
244
-136
-44
317
234
52
-77
28
179
86
-79
259
365
121
78
295
184
-30
-68
22
116
185
27
-15
276
236
-143
-134
85
-66
-219
-294
-77
56
-126
-318
6
24
-357
-272
-2
-68
-203
-233
-142
181
27
-248
-161
115
-17
-178
-131
57
140
26
19
225
265
-129
-55
230
124
-137
-46
247
389
165
-177
78
394
16
-414
-51
252
-21
-111
223
226
-44
-10
150
42
-89
-150
5
80
84
-171
-156
194
246
-229
-258
133
38
-258
-192
-51
-46
-62
-134
-102
55
-83
-300
-84
105
-58
-206
15
185
23
-185
-81
142
171
-70
-40
247
215
-41
28
93
11
-112
-3
154
49
-45
90
104
29
81
-47
-37
145
148
-34
27
127
-4
-154
-90
54
-24
-123
-16
76
1
-32
-149
-141
-4
-93
-169
-58
-106
-127
66
71
-156
-60
133
52
-43
32
1
-38
92
101
22
11
89
176
198
121
47
1
17
128
103
-93
-87
102
167
76
-28
-60
46
91
-61
-79
85
13
-108
63
134
-63
-47
77
-10
-81
-10
-144
-224
-38
-32
-218
-68
43
-131
-142
-56
-75
-116
-126
-97
51
8
-56
-34
-7
6
-16
-113
-37
79
82
26
137
224
179
47
-49
64
106
-40
17
316
216
63
168
248
-30
-144
9
28
-41
-40
54
168
126
-117
-155
-40
-76
-238
-216
-76
-29
-35
-58
-53
-78
-104
-155
-176
-175
-146
-79
-48
-49
-6
-32
-3
-11
-93
-95
-47
27
45
37
44
226
209
76
58
112
107
43
20
81
162
199
180
150
174
178
155
58
35
10
8
12
10
-14
-24
5
-18
-23
-42
-62
-34
-62
-151
-146
-113
-141
-148
-148
-128
-46
-84
-167
-96
-33
-76
-70
9
-11
-17
-16
-15
8
8
-13
44
99
95
103
83
87
12
-30
26
44
13
83
104
112
108
63
32
79
89
50
46
60
62
8
11
-14
-45
-5
26
-10
-5
3
-46
-41
-24
-76
-89
-71
-29
-36
-57
-91
-65
-11
-11
-85
-139
-68
-13
-33
-76
-45
0
-3
-8
-54
-59
-1
-15
-85
-29
33
14
31
82
105
66
32
54
71
15
16
39
53
105
127
91
122
132
53
20
34
24
22
15
47
61
17
-11
-24
-36
-72
-115
-81
-10
-39
-55
-43
-50
-58
-89
-129
-118
-110
-100
-55
-46
-73
-60
-35
-29
-33
-65
-38
18
6
-6
46
31
-11
44
72
15
-1
53
70
53
49
61
59
58
69
53
57
49
42
55
66
46
22
25
25
23
6
17
30
55
44
8
-21
-31
-35
-56
-67
-42
-17
-24
-30
-41
-48
-67
-79
-71
-37
-22
-34
-9
26
-22
-62
-14
-11
-54
-34
7
57
67
32
23
77
76
22
17
38
55
36
25
29
44
29
13
15
8
-14
-4
18
-5
-1
39
46
9
-33
-36
-5
-29
-62
-52
-35
-44
-39
-41
-45
-54
-43
-17
-15
-41
-64
-35
-7
-21
-42
-25
11
37
2
-21
19
45
22
-6
2
48
64
45
28
29
33
43
55
66
46
6
27
40
7
-17
-19
-28
-5
1
-21
-2
26
19
-5
-8
-9
-33
-61
-47
-28
-32
-45
-15
19
19
-6
-7
-3
-16
-35
-48
-34
-17
10
36
56
48
43
41
35
23
13
9
26
41
45
43
37
45
39
18
6
13
15
11
-9
-14
-16
-37
-51
-50
-51
-53
-53
-51
