SAMPLES:	9609
BITSPERSAMPLE:	16
CHANNELS:	1
SAMPLERATE:	16000
NORMALIZED:	FALSE
14
2
4
10
11
-2
5
5
2
6
7
16
14
18
12
18
17
16
10
9
11
10
13
0
1
11
3
-14
-9
8
0
-20
-27
-12
-1
3
-3
-18
-12
3
7
-11
-17
-1
-8
-18
-17
-8
-17
-16
-9
-4
0
-1
-3
-19
-12
1
-7
-19
-6
6
2
8
9
5
5
10
12
14
22
19
7
3
11
14
17
11
6
14
19
17
3
-11
0
0
-8
-6
-3
-3
-17
-15
-2
18
8
-6
-7
-4
6
2
-10
-11
6
6
7
25
30
18
12
0
0
7
12
0
-5
-3
1
-1
-4
-5
-11
-4
-11
-27
-24
3
2
-13
-23
-14
-10
-3
-3
-20
-25
-16
0
-10
-10
-9
-11
-21
-17
-19
-29
-29
-22
-23
-6
13
13
14
19
30
17
7
14
24
20
26
16
17
25
34
11
3
9
18
20
19
12
7
12
7
-12
-43
-31
-20
-32
-35
-38
-52
-30
6
0
-41
-37
9
10
-14
-4
-5
-4
28
33
17
44
70
51
22
44
79
77
57
5
21
101
156
88
18
35
64
170
18
-229
-207
303
234
-502
-686
215
680
-19
-711
-620
66
605
454
-623
-1008
-64
929
519
-346
-605
-146
548
750
155
-643
-442
277
546
55
-343
-429
-125
221
210
-202
-447
-228
23
5
-181
-213
-170
-64
36
46
-54
26
129
86
-13
92
212
183
92
76
95
170
262
176
25
65
202
205
147
113
84
80
156
162
93
70
126
107
72
23
-18
-54
-60
-92
-132
-129
-122
-124
-171
-183
-169
-126
-125
-102
-110
-122
-66
-12
34
-5
2
-14
25
45
64
-5
-50
1
61
27
-40
-63
-74
-35
-31
-49
-124
-74
-55
-49
-23
0
-21
-17
38
27
32
0
-1
-7
24
-5
-21
8
41
81
26
0
-5
41
-7
-50
-107
-105
-79
-96
-143
-178
-155
-158
-131
-188
-216
-236
-154
-143
-160
-196
-123
-4
72
60
9
83
163
269
242
298
306
483
524
615
563
644
652
743
715
647
660
715
684
454
372
298
310
127
-48
-359
-416
-397
-461
-800
-1036
-1026
-961
-958
-1102
-1205
-1210
-953
-823
-885
-1006
-860
-676
-507
-410
-350
-352
-171
182
362
382
431
612
660
762
879
920
869
929
1038
1094
1198
1252
1242
1150
1170
1264
1150
564
109
525
789
-271
-1368
-630
496
-73
-1500
-1984
-1449
-436
182
-876
-2577
-2109
144
892
-344
-1200
-829
262
1510
1516
-136
-971
490
1471
559
-477
-229
-119
-285
-510
-908
-1250
-909
-871
-1793
-2105
-1138
-344
-920
-1410
-1021
62
846
1085
607
593
1624
2634
2473
1953
2194
2817
2885
2091
1382
1829
2432
1049
-1232
-924
1281
1220
-1474
-3386
-2847
-951
384
-1005
-4071
-4496
-1198
1074
-205
-2253
-2427
-923
1305
2372
714
-1292
-416
1945
2511
1408
248
-321
211
1414
1246
-579
-1690
-1151
-654
-986
-1508
-1929
-2059
-1521
-949
-1093
-1134
-427
145
66
255
1019
1663
1909
1896
1928
2218
2694
2959
2798
2171
1336
1441
2337
1983
-80
-1007
-53
560
-328
-1620
-2423
-2004
-657
-570
-2291
-3245
-1892
-511
-588
-1270
-1447
-1124
-15
986
556
-432
-195
731
879
520
81
-387
-475
-88
-130
-773
-1184
-1119
-1220
-1383
-1227
-1165
-1415
-1381
-1020
-763
-466
-25
235
347
792
1469
1954
2175
2330
2506
2796
3251
3664
3288
2128
1541
2748
3242
866
-1657
-445
1903
977
-2256
-4037
-3137
-886
105
-2397
-5597
-4879
-894
737
-1183
-3239
-2802
-411
2179
2469
172
-1171
643
3117
3299
1797
409
307
1478
2477
1654
-404
-1579
-1088
-307
-707
-2375
-3547
-3065
-1797
-1719
-2788
-3414
-2460
-1035
-789
-1562
-1649
-365
1005
1241
622
690
1952
3327
3442
2665
2376
3243
4141
4035
3124
2573
2746
2701
1829
1268
1402
399
-1656
-1790
123
321
-2174
-4301
-3924
-1915
-383
-1481
-4407
-5168
-2038
895
163
-2193
-2722
-894
1694
2929
1502
-517
-83
2291
3402
2460
986
279
758
1817
1914
262
-1524
-1629
-628
-721
-2266
-3354
-2812
-1764
-1845
-2948
-3428
-2185
-543
-587
-2006
-2202
-293
1643
1637
327
79
1808
3800
3942
2531
1820
2933
4477
4395
3176
2429
2494
1911
1320
1948
2199
-749
-3786
-1679
2745
1753
-4655
-7929
-3951
2250
2644
-3789
-9570
-6294
2569
5496
-985
-7243
-5059
2511
6903
3789
-2593
-4260
1189
6711
5684
273
-2595
-495
3341
4297
1112
-2671
-3049
-727
518
-687
-2725
-3681
-3064
-1883
-1580
-2225
-2551
-2186
-1735
-1495
-914
-106
392
417
395
852
2007
3161
3184
2438
2103
3007
4218
4520
3697
2468
1558
1767
3035
2917
4
-2659
-1350
1572
1302
-2177
-4660
-3842
-968
497
-1770
-5300
-5229
-1570
759
-502
-2777
-3080
-1021
1788
2555
625
-975
256
2499
3145
2115
832
408
1254
2200
1748
161
-970
-1041
-619
-563
-1607
-3039
-3153
-1875
-1289
-2284
-3387
-2905
-1362
-560
-1307
-2257
-1671
358
1637
922
-168
554
2738
4010
3324
2070
2337
3916
5034
4499
2836
1507
1994
3702
3411
133
-2055
-122
2354
1081
-2591
-4348
-2850
-159
110
-3166
-6168
-4653
-670
433
-1979
-4132
-3324
-298
2230
1648
-948
-1699
744
3117
2921
1131
52
539
1868
2307
1065
-503
-913
-566
-783
-1320
-1659
-2031
-2702
-2786
-2266
-1772
-1783
-2021
-2201
-1717
-584
260
243
111
709
1668
2452
2844
3144
3190
3361
3825
4268
3830
3020
2857
2896
1801
448
682
1448
603
-1453
-2551
-2117
-948
-801
-2576
-4664
-4203
-1748
-675
-2095
-3599
-3161
-1141
856
1045
-517
-1361
210
2288
2584
1298
290
513
1599
2304
1637
268
-340
58
1
-673
-1171
-1460
-2250
-2755
-2218
-1411
-1577
-2512
-2934
-2100
-499
45
-952
-1703
-497
1418
2040
1267
712
1512
3198
4086
3385
2386
2719
4061
4478
3099
1384
1435
2695
2302
-119
-1370
-36
1045
-278
-2625
-3452
-2126
-409
-941
-3575
-4880
-2858
-185
-224
-2261
-3323
-1950
576
1856
575
-1243
-918
1198
2396
1639
123
-539
200
1243
1201
110
-780
-1010
-963
-827
-710
-1204
-2094
-2381
-1762
-1052
-927
-1294
-1555
-1081
-34
605
514
404
831
1527
2096
2376
2551
2771
2931
3082
3206
3051
2684
2778
2606
1252
32
891
2153
1059
-1526
-2608
-1460
11
-154
-2363
-4412
-3650
-976
-145
-2017
-3675
-2954
-784
807
531
-1070
-1664
-146
1680
1728
550
-285
-40
894
1507
828
-564
-1094
-585
-337
-854
-1398
-1817
-2098
-1996
-1643
-1650
-1850
-1824
-1622
-1275
-658
-32
132
226
666
1329
1954
2517
2731
2570
2810
3424
3920
3944
3461
2555
2369
3139
2888
972
-197
729
1313
68
-1776
-2426
-1878
-912
-1250
-3098
-4254
-2923
-1074
-1136
-2389
-2899
-1943
-264
941
388
-737
-592
902
1946
1804
957
325
506
1210
1411
496
-650
-1128
-996
-1128
-1583
-1997
-2225
-2499
-2719
-2722
-2412
-2015
-1883
-2150
-2139
-1290
-83
611
562
601
1276
2513
3335
3457
3096
3331
3901
4437
4543
4106
3137
2749
3264
2931
1327
274
830
913
-276
-1834
-2267
-1875
-1246
-1791
-3407
-4270
-3044
-1507
-1624
-2571
-2807
-1860
-385
713
273
-747
-626
820
1863
1684
818
228
435
1203
1440
444
-942
-1367
-868
-714
-1541
-2491
-2701
-2279
-2011
-2381
-2923
-2622
-1643
-1254
-1564
-1481
-506
597
1142
1146
1257
2051
3212
3767
3479
3296
3616
4267
4599
4093
2888
2611
3293
2753
855
184
1100
920
-769
-2177
-2264
-1712
-1300
-2200
-3915
-4286
-2636
-1409
-2101
-3086
-2911
-1757
-334
544
-45
-878
-300
1285
2057
1752
1107
717
1003
1695
1890
969
-167
-731
-478
-244
-753
-1952
-2533
-2011
-1541
-2137
-2988
-2823
-1940
-1402
-1689
-1980
-1443
-133
658
480
286
1122
2457
3147
2940
2677
3123
4063
4604
4369
3511
2751
2783
3538
3158
1041
-528
313
1572
614
-1847
-3309
-2680
-1263
-1148
-3160
-5033
-4391
-2114
-1257
-2383
-3557
-3107
-1239
503
576
-583
-864
466
1963
2217
1476
752
879
1642
1971
1240
254
-71
-105
-368
-762
-1125
-1616
-2084
-2260
-2151
-1969
-1970
-2139
-2181
-1677
-948
-500
-312
43
656
1260
1895
2319
2573
2853
3331
3575
3811
3988
3713
3023
3019
3045
1828
515
1002
1744
509
-1510
-2232
-1558
-915
-1359
-3199
-4590
-3706
-1652
-1475
-3078
-3931
-2867
-1001
268
-55
-1251
-1199
577
2083
1958
1041
636
1126
1958
2201
1437
394
-101
18
71
-272
-945
-1602
-2071
-2134
-1947
-1792
-2075
-2547
-2658
-2124
-1307
-903
-932
-905
-310
663
1525
1893
1993
2173
2729
3429
3826
3822
3858
3690
3166
3018
3445
2874
1102
298
1261
1670
161
-1770
-2296
-1468
-800
-1639
-3609
-4407
-3052
-1500
-1817
-3057
-3368
-2210
-546
287
-354
-1165
-568
1003
1907
1552
858
720
1273
1765
1608
871
75
-331
-219
-159
-865
-1710
-1909
-1763
-1975
-2303
-2358
-2160
-1979
-2016
-2058
-1658
-830
-285
-271
-104
693
1734
2305
2344
2286
2752
3526
3950
3872
3587
3170
2946
3406
3300
1738
401
1077
1846
820
-1098
-2000
-1679
-928
-1013
-2478
-3869
-3417
-1917
-1561
-2346
-2896
-2559
-1526
-247
65
-654
-887
131
1218
1574
1342
877
720
1311
1853
1497
538
-221
-418
-102
-70
-1199
-2454
-2342
-1451
-1494
-2399
-2999
-2632
-1732
-1342
-1860
-2288
-1513
-206
311
38
111
1018
2069
2640
2508
2467
2981
3844
4026
3908
3749
3429
2840
2977
3320
2250
507
255
1330
1141
-532
-2174
-2272
-1384
-776
-1905
-3782
-4131
-2532
-1304
-1897
-3020
-3149
-1935
-335
331
-428
-1090
-323
1188
1873
1376
615
488
1167
1793
1547
508
-277
-268
-33
-333
-1169
-1863
-2002
-1762
-1883
-2356
-2565
-2186
-1795
-1875
-2059
-1667
-809
-149
7
22
495
1529
2555
2766
2427
2513
3447
4284
4469
4061
3327
2894
3458
3854
2437
518
518
1641
1162
-733
-2077
-2012
-1310
-1133
-2432
-4140
-4054
-2435
-1800
-2758
-3481
-2955
-1686
-489
-164
-796
-951
261
1581
1753
1246
977
1235
1780
2083
1551
483
-22
301
260
-731
-1657
-1725
-1452
-1729
-2565
-3103
-2582
-1738
-1879
-2840
-2944
-1654
-380
-334
-902
-680
661
2191
2595
2032
1863
2941
4138
4428
3863
3524
3955
4337
3732
2959
2876
2224
856
457
1229
769
-1113
-2506
-2311
-1560
-1398
-2500
-4172
-4431
-2848
-1662
-2385
-3399
-3181
-1883
-413
373
-139
-711
33
1479
2122
1784
1234
1065
1442
1933
1795
1007
152
-437
-654
-537
-811
-1936
-2858
-2546
-1837
-1984
-2761
-3175
-2572
-1596
-1336
-1846
-1827
-673
629
948
607
912
2118
3302
3446
3043
3095
3889
4411
4330
4050
3669
3078
2925
3125
2249
542
-110
626
476
-1079
-2553
-2714
-2147
-1784
-2496
-3966
-4414
-3116
-1806
-2158
-3129
-3083
-1781
-267
484
10
-571
143
1697
2392
1795
1062
1027
1653
2092
1784
779
-158
-415
-94
-188
-1335
-2453
-2455
-1772
-1856
-2626
-3062
-2550
-1789
-1605
-1987
-1971
-1064
-50
249
55
413
1417
2412
2697
2488
2526
3245
3994
3997
3547
3303
3636
3896
3317
2123
1802
1911
964
-449
-362
361
-473
-2304
-3097
-2382
-1492
-1591
-3134
-4464
-3724
-1657
-1047
-2190
-3020
-2332
-696
730
819
-304
-697
584
2023
2041
1163
572
746
1293
1483
876
39
-430
-650
-870
-1012
-1401
-2066
-2345
-2047
-1868
-2086
-2219
-1966
-1481
-1185
-1130
-986
-377
375
789
767
972
1771
2689
2972
2752
2659
3034
3638
3776
3421
2964
2685
2451
2609
2365
1018
-358
83
1129
424
-1623
-2679
-1942
-869
-937
-2605
-4053
-3516
-1509
-807
-1989
-3098
-2538
-896
397
328
-766
-1074
110
1500
1597
811
161
326
1047
1451
912
-118
-685
-508
-105
-498
-1570
-2117
-1520
-997
-1506
-2320
-2251
-1356
-746
-1047
-1651
-1369
-205
603
297
-157
305
1528
2329
2227
1747
1941
2851
3471
3099
2575
2572
2998
3297
2891
1837
1409
1904
1568
190
-258
548
382
-1057
-2101
-1854
-1267
-1175
-2077
-3341
-3403
-2012
-1143
-1932
-2898
-2622
-1416
-317
0
-693
-1284
-579
799
1286
664
-54
-22
727
1305
990
113
-439
-321
10
26
-550
-1263
-1401
-902
-697
-1140
-1622
-1465
-939
-738
-957
-1058
-580
59
297
180
334
986
1719
1931
1701
1737
2299
2847
2872
2582
2499
2889
3174
2661
2029
2053
1830
831
372
948
814
-613
-1787
-1605
-906
-856
-1874
-3260
-3537
-2361
-1463
-2167
-3212
-3094
-1972
-856
-406
-892
-1358
-728
553
1113
783
368
392
873
1454
1536
872
219
263
646
421
-265
-719
-721
-721
-972
-1414
-1604
-1309
-1088
-1418
-1838
-1537
-836
-486
-672
-738
-315
524
1201
1283
1046
1302
2175
2829
2837
2483
2465
2867
3451
3597
2926
2033
2118
2685
1994
392
-9
866
699
-944
-2278
-2072
-1324
-1306
-2528
-3962
-3998
-2595
-1759
-2529
-3508
-3279
-1954
-680
-316
-915
-1236
-418
904
1521
1245
715
706
1377
2052
1923
1172
558
473
716
760
104
-886
-1165
-725
-713
-1464
-2012
-1841
-1418
-1380
-1703
-1825
-1293
-552
-384
-700
-536
388
1333
1604
1400
1533
2356
3239
3319
2857
2702
3309
3975
3716
2538
2052
2548
2284
828
173
717
375
-1186
-2295
-2133
-1758
-1901
-2933
-4149
-4212
-2888
-2137
-2937
-3770
-3299
-2002
-857
-363
-818
-1150
-266
1267
1829
1486
1100
1244
1921
2651
2538
1478
677
915
1341
723
-399
-885
-694
-820
-1447
-2005
-1935
-1543
-1672
-2410
-2677
-1866
-954
-969
-1519
-1402
-271
976
1301
834
755
1635
2813
3253
2933
2607
2893
3605
4102
4018
3354
2470
2094
2711
2726
918
-948
-424
714
-223
-2422
-3343
-2656
-1808
-2011
-3496
-4655
-4003
-2314
-1989
-3009
-3601
-2756
-1180
142
240
-578
-579
796
2112
2172
1556
1109
1412
2238
2676
2023
1038
539
524
639
368
-704
-1734
-1598
-1034
-1402
-2332
-2567
-2024
-1606
-1830
-2292
-2110
-1138
-415
-592
-848
-182
1060
1833
1743
1448
1822
2907
3738
3526
2836
2790
3478
4148
3937
2726
1619
1972
2445
1207
-580
-551
108
-752
-2414
-3024
-2521
-2087
-2399
-3555
-4332
-3653
-2231
-2061
-2985
-3296
-2330
-993
10
220
-257
-236
906
2136
2285
1694
1191
1395
2188
2715
2188
1108
481
662
998
501
-756
-1511
-1219
-928
-1475
-2249
-2331
-1821
-1561
-1955
-2345
-1961
-1061
-662
-988
-1153
-421
691
1279
1134
900
1277
2252
3002
2834
2204
2086
2770
3440
3334
2690
2246
2046
1941
2059
1627
11
-1106
-219
650
-630
-2626
-3015
-1989
-1191
-1665
-3214
-4171
-3249
-1613
-1493
-2700
-3211
-2227
-654
369
209
-558
-379
1007
2122
1985
1317
1032
1486
2278
2484
1729
878
699
885
872
383
-481
-1209
-1264
-967
-1137
-1882
-2427
-2270
-1826
-1709
-2012
-2246
-1880
-1143
-727
-776
-603
151
981
1335
1329
1570
2258
2952
3043
2750
2741
3205
3637
3708
3257
2421
2008
2475
2328
648
-651
-31
521
-772
-2512
-2939
-2319
-1877
-2380
-3786
-4524
-3563
-2149
-2287
-3325
-3494
-2418
-991
12
11
-572
-258
1200
2361
2306
1766
1491
1896
2751
3137
2309
1201
968
1338
1193
330
-580
-1019
-1037
-1236
-1863
-2389
-2299
-2111
-2370
-2782
-2651
-2066
-1618
-1621
-1688
-1280
-332
480
668
644
1053
1875
2527
2753
2737
2773
3027
3476
3622
3355
3037
3112
3107
2534
1773
1583
1132
-228
-1121
-446
-81
-1652
-3510
-3526
-2206
-1686
-2677
-4189
-4456
-3125
-1622
-1732
-2832
-3028
-1655
42
877
635
114
490
1812
2866
2763
2084
1685
2027
2675
2743
1884
949
556
468
331
-117
-1082
-1979
-2071
-1821
-2178
-2879
-3112
-2768
-2401
-2386
-2492
-2248
-1532
-899
-711
-626
-18
943
1591
1745
1843
2236
2841
3330
3330
3006
2901
3142
3290
3026
2641
2411
2083
1378
918
799
-37
-1419
-1551
-660
-1062
-2797
-3685
-2893
-1865
-1850
-2968
-3913
-3294
-1524
-689
-1504
-2252
-1518
128
1293
1407
732
495
1454
2762
2930
2128
1425
1437
2035
2480
1966
737
10
61
231
-55
-916
-2081
-2541
-1895
-1400
-2146
-3207
-3178
-2229
-1564
-1741
-2242
-2124
-1187
-299
-215
-443
-58
812
1427
1508
1468
1694
2161
2459
2309
1999
2049
2363
2393
2034
1664
1629
1967
1931
995
129
364
429
-576
-1102
-297
-192
-1537
-2312
-1528
-594
-734
-1664
-2518
-2236
-892
-67
-923
-1966
-1532
-143
762
835
260
-270
316
1620
2051
1287
626
721
1300
1743
1567
781
157
164
259
-17
-459
-1017
-1779
-1958
-1295
-989
-1789
-2555
-2291
-1451
-1040
-1442
-2069
-1877
-854
-165
-421
-790
-349
551
984
814
715
1034
1566
1854
1640
1381
1633
2146
2233
1842
1591
1951
2408
1907
864
786
1221
549
-428
-6
601
-346
-1627
-1517
-632
-384
-1050
-2164
-2681
-1879
-688
-850
-2029
-2310
-1309
-200
335
263
-247
-222
828
1883
1910
1375
1053
1275
1970
2416
1879
889
556
795
818
361
-429
-1297
-1580
-1264
-1262
-1920
-2432
-2467
-2381
-2312
-2199
-2199
-2292
-2172
-1787
-1360
-1025
-738
-571
-340
174
820
1148
1211
1337
1627
2003
2341
2376
2211
2255
2482
2547
2465
2558
2396
1605
918
1269
1323
14
-910
-37
452
-889
-2139
-1728
-839
-790
-1499
-2530
-2776
-1648
-380
-795
-1992
-1958
-549
713
1048
571
-18
396
1834
2669
1995
1092
1089
1730
2196
1915
914
130
147
343
-60
-908
-1571
-1804
-1946
-2240
-2354
-2218
-2350
-2848
-3030
-2521
-1745
-1456
-1867
-2151
-1454
-234
359
30
-400
-23
1092
1881
1711
1178
1141
1761
2413
2449
1980
1639
1750
2104
2335
2213
1741
1160
900
1214
1196
173
-538
304
890
-243
-1443
-1022
-15
64
-841
-1948
-2042
-888
120
-538
-1831
-1883
-558
607
742
22
-699
-269
1161
1962
1239
274
205
942
1591
1431
432
-345
-109
384
128
-676
-1197
-1406
-1503
-1500
-1492
-1744
-2044
-2156
-2082
-1809
-1492
-1520
-1808
-1752
-1298
-880
-740
-721
-718
-562
-123
401
620
523
567
890
1316
1678
1833
1687
1644
2025
2500
2630
2511
2532
2548
2266
2104
2442
2065
706
299
1608
1905
65
-1472
-977
144
116
-1158
-2751
-3052
-1728
-549
-1423
-3041
-3118
-1581
-243
-37
-690
-1294
-667
941
1836
1196
399
451
1181
1903
1947
1047
157
234
693
618
-13
-746
-1465
-1710
-1315
-1048
-1708
-2652
-2851
-2380
-1939
-1976
-2448
-2813
-2398
-1547
-1128
-1222
-1191
-785
-172
440
925
1175
1365
1720
2187
2560
2854
3114
3136
2964
3040
3404
3587
3434
2909
2112
1828
2250
1823
207
-448
454
446
-1152
-2160
-1624
-1059
-1359
-2230
-3069
-3048
-1948
-1140
-1849
-2738
-2189
-703
255
380
-74
-385
378
1789
2238
1403
663
809
1523
2027
1684
519
-297
-26
480
157
-822
-1777
-2180
-1797
-1504
-2188
-3005
-2808
-2286
-2361
-2583
-2403
-2040
-1794
-1678
-1576
-1133
-363
135
95
41
593
1468
1933
1861
1739
1897
2382
2953
3007
2470
2123
2410
2852
2858
2324
1795
1844
2027
1652
1191
948
271
-507
91
1043
115
-1756
-1871
-459
142
-689
-1990
-2565
-1812
-386
-217
-1596
-2464
-1517
-65
409
-34
-792
-988
-55
1148
997
-120
-608
-104
575
806
286
-622
-867
-276
58
-466
-1193
-1448
-1355
-1291
-1292
-1294
-1352
-1546
-1647
-1472
-992
-664
-917
-1401
-1233
-373
192
-3
-450
-418
234
1020
1212
845
653
1106
1763
2044
1892
1686
1771
2134
2510
2574
2365
2320
2499
2344
1963
2000
1834
845
355
1261
1536
-22
-1345
-784
213
-56
-1329
-2499
-2617
-1631
-852
-1681
-3100
-3102
-1692
-689
-796
-1387
-1750
-1233
70
809
193
-541
-269
622
1276
1304
710
161
408
1042
1107
510
-128
-468
-458
-251
-416
-1153
-1625
-1394
-1257
-1644
-1901
-1778
-1702
-1787
-1859
-1806
-1491
-1027
-921
-1115
-893
-73
683
895
866
1094
1683
2352
2688
2590
2462
2777
3215
3345
3201
2978
2829
2889
2745
2040
1615
1507
782
-166
207
733
-530
-2231
-2099
-949
-923
-2012
-3166
-3436
-2565
-1413
-1681
-2982
-3196
-1808
-477
-223
-515
-828
-544
625
1699
1444
635
653
1361
1950
2051
1510
681
516
952
943
221
-488
-901
-1115
-1101
-1235
-1833
-2234
-2027
-1937
-2313
-2497
-2186
-1845
-1781
-1886
-1811
-1273
-538
-233
-363
-230
515
1351
1714
1662
1683
2056
2636
2974
2772
2453
2518
2786
2815
2635
2486
2388
2035
1516
1435
1454
566
-496
-75
695
-263
-1868
-1897
-907
-689
-1409
-2360
-2798
-2118
-965
-1054
-2312
-2681
-1486
-251
-1
-308
-636
-414
641
1562
1237
421
391
987
1448
1449
951
230
65
468
565
32
-595
-987
-1178
-1100
-1067
-1519
-2142
-2099
-1670
-1710
-2100
-2171
-1831
-1493
-1371
-1469
-1375
-827
-210
-120
-263
43
763
1388
1605
1511
1489
1959
2646
2805
2291
1954
2300
2785
2734
2295
1988
2110
2139
1653
1227
1121
498
-334
146
923
-111
-1881
-1714
-327
-121
-1239
-2340
-2577
-1740
-553
-749
-2230
-2738
-1361
33
100
-483
-873
-617
493
1464
1016
-41
-108
691
1242
1139
551
-78
-104
387
462
-144
-755
-1018
-1080
-1005
-1064
-1501
-1908
-1820
-1595
-1688
-1842
-1774
-1622
-1504
-1341
-1185
-968
-609
-266
-160
-41
369
915
1290
1409
1524
1768
2185
2542
2536
2241
2245
2567
2645
2447
2287
2279
2160
1830
1453
1395
1128
296
-113
528
656
-708
-1776
-1208
-269
-558
-1660
-2501
-2329
-1306
-627
-1409
-2597
-2346
-913
-64
-383
-975
-1119
-489
566
987
293
-350
-35
712
1044
758
140
-245
3
358
161
-412
-818
-965
-957
-860
-1009
-1426
-1668
-1510
-1365
-1438
-1591
-1578
-1387
-1155
-1027
-940
-656
-253
-1
58
299
813
1317
1551
1598
1736
2134
2603
2694
2419
2279
2533
2788
2753
2550
2257
1886
1790
1949
1504
439
175
897
726
-692
-1475
-881
-351
-797
-1760
-2497
-2394
-1537
-1139
-2010
-2923
-2530
-1378
-762
-903
-1299
-1398
-717
352
719
158
-228
163
842
1215
1052
519
217
499
830
645
133
-281
-491
-490
-464
-753
-1184
-1310
-1269
-1442
-1620
-1531
-1446
-1563
-1644
-1518
-1232
-917
-698
-664
-590
-151
499
902
1001
1156
1498
1932
2355
2565
2464
2382
2626
2961
3005
2781
2596
2448
2160
1993
1878
1198
279
370
927
201
-1315
-1653
-854
-689
-1508
-2445
-2830
-2428
-1604
-1603
-2649
-3080
-2082
-913
-720
-1002
-1130
-798
95
952
866
242
279
947
1458
1462
1076
554
443
806
879
301
-361
-628
-692
-771
-963
-1360
-1702
-1696
-1617
-1796
-1923
-1782
-1628
-1653
-1620
-1365
-942
-531
-340
-268
24
691
1278
1484
1498
1728
2223
2679
2799
2574
2489
2768
3042
2906
2494
2055
1860
1985
1733
702
40
589
802
-477
-1691
-1348
-577
-853
-1810
-2518
-2477
-1711
-1117
-1693
-2663
-2383
-1119
-407
-562
-845
-838
-274
714
1171
614
125
573
1269
1413
1104
651
322
429
692
488
-154
-599
-724
-781
-843
-1008
-1490
-1890
-1719
-1370
-1460
-1764
-1814
-1603
-1303
-1085
-1104
-1141
-800
-275
-36
1
264
740
1157
1359
1447
1654
2063
2352
2271
2111
2273
2540
2571
2363
1950
1596
1738
1822
1044
317
775
1136
51
-1073
-721
-44
-424
-1282
-1805
-1849
-1349
-750
-1188
-2145
-2027
-937
-401
-633
-837
-851
-549
164
655
291
-124
124
609
803
737
431
54
118
442
397
-82
-429
-477
-453
-575
-840
-1042
-1015
-1003
-1293
-1519
-1295
-1018
-1212
-1561
-1517
-1103
-759
-767
-981
-929
-391
248
478
355
412
903
1494
1732
1674
1667
1908
2290
2531
2356
1974
1990
2206
1871
1357
1639
1926
1025
-55
158
869
554
-479
-1256
-1368
-878
-430
-1004
-2125
-2233
-1249
-636
-951
-1406
-1536
-1186
-428
81
-252
-725
-438
237
626
628
372
84
248
761
903
468
48
41
198
219
27
-339
-722
-838
-691
-675
-992
-1405
-1608
-1482
-1242
-1274
-1643
-1855
-1583
-1132
-952
-1004
-963
-635
-89
379
601
743
1024
1439
1882
2155
2245
2315
2387
2448
2643
2625
2055
1764
2383
2577
1370
324
763
1427
838
-368
-1099
-1088
-565
-329
-1244
-2403
-2189
-1066
-799
-1485
-1939
-1794
-1230
-519
-338
-891
-1076
-329
443
494
220
111
257
636
949
766
261
159
414
434
218
64
-162
-518
-629
-508
-581
-962
-1355
-1521
-1388
-1158
-1236
-1662
-1823
-1382
-886
-852
-1009
-850
-359
181
455
456
598
1164
1803
1989
1781
1707
2181
2587
2234
1748
2126
2511
1785
938
1160
1599
1087
236
-223
-343
-229
-126
-714
-1652
-1680
-932
-715
-1231
-1585
-1550
-1255
-718
-441
-877
-1242
-740
-16
145
-40
-158
-115
206
610
607
263
130
257
398
461
315
-67
-261
-19
128
-208
-654
-714
-542
-518
-757
-1112
-1217
-979
-788
-987
-1216
-1054
-643
-370
-343
-367
-181
271
617
659
771
1189
1413
1283
1434
1780
1589
1321
1854
2207
1319
553
1116
1708
1133
252
-101
-118
155
404
-237
-1324
-1270
-324
-97
-741
-1225
-1272
-990
-402
-179
-739
-1205
-760
-86
19
-241
-446
-452
-180
164
145
-160
-328
-265
-112
26
47
-166
-406
-376
-136
-15
-181
-457
-617
-484
-221
-145
-398
-650
-520
-140
53
-60
-181
-131
123
465
605
419
398
804
1067
912
858
879
628
705
1394
1340
172
-238
767
1359
612
-308
-556
-239
384
555
-447
-1378
-804
315
314
-459
-867
-722
-193
335
196
-557
-757
-133
348
211
-102
-302
-311
-25
192
-42
-472
-568
-395
-326
-408
-489
-559
-624
-602
-508
-401
-356
-436
-577
-559
-291
-33
-40
-222
-202
151
613
791
585
396
638
1135
1293
1052
873
904
943
1091
1135
604
114
623
1167
386
-672
-441
306
105
-685
-1135
-1156
-776
-270
-558
-1478
-1506
-498
1
-421
-759
-682
-373
172
499
93
-331
57
647
701
485
322
182
303
587
488
27
-198
-84
12
-23
-200
-527
-718
-504
-302
-529
-870
-898
-693
-472
-395
-528
-592
-289
191
391
395
498
722
1021
1363
1486
1365
1398
1591
1659
1593
1385
943
881
1393
1327
111
-670
-49
476
-245
-1308
-1720
-1571
-1073
-850
-1621
-2594
-2226
-1039
-709
-1276
-1650
-1450
-824
-56
95
-467
-685
1
708
792
562
375
365
703
1083
930
430
220
418
602
546
255
-97
-193
21
124
-154
-477
-540
-440
-370
-347
-440
-523
-336
13
177
158
294
574
804
989
1245
1351
1232
1348
1644
1471
1061
1387
1845
1187
157
263
976
756
-214
-984
-1213
-917
-462
-884
-2123
-2506
-1570
-828
-1203
-1849
-2067
-1752
-981
-409
-781
-1468
-1229
-316
186
37
-285
-436
-150
468
725
310
-55
183
611
714
551
357
304
451
587
484
293
277
329
270
204
270
359
395
396
419
498
710
848
807
840
1034
1041
947
1074
1001
684
891
1452
1022
-9
24
862
814
-89
-685
-800
-587
-194
-425
-1536
-1972
-1117
-464
-900
-1479
-1550
-1330
-872
-555
-895
-1423
-1210
-642
-496
-674
-773
-809
-791
-614
-447
-407
-467
-547
-558
-277
159
260
-11
-138
194
683
892
665
400
593
1137
1462
1301
1022
1037
1373
1684
1633
1298
1203
1455
1532
1340
1122
811
529
821
1186
550
-500
-459
326
281
-587
-1226
-1326
-1024
-567
-755
-1665
-1949
-1106
-432
-689
-1103
-1129
-898
-429
-43
-308
-814
-677
-153
9
-211
-471
-625
-561
-374
-385
-599
-745
-769
-742
-636
-503
-526
-657
-598
-345
-76
85
108
82
285
744
1114
1177
1112
1258
1625
1904
1920
1886
1864
1796
1858
1955
1586
1108
1367
1698
943
-55
120
709
311
-638
-1147
-1233
-1039
-742
-1151
-2162
-2309
-1377
-875
-1302
-1715
-1662
-1257
-639
-337
-737
-1083
-613
28
71
-167
-291
-341
-165
181
130
-306
-451
-180
11
-107
-311
-444
-384
-152
-2
-128
-263
-95
218
420
466
508
618
858
1120
1233
1212
1319
1473
1477
1524
1520
1219
1106
1609
1733
846
159
595
1089
613
-218
-710
-775
-437
-198
-856
-1819
-1723
-919
-687
-1117
-1463
-1544
-1249
-688
-550
-1035
-1292
-857
-434
-373
-513
-689
-739
-404
-83
-292
-624
-545
-238
-122
-184
-279
-260
-34
213
217
106
237
530
719
798
842
910
1125
1394
1405
1283
1360
1499
1474
1376
1137
812
936
1436
1132
60
-264
464
755
42
-772
-1095
-885
-351
-270
-1206
-1928
-1370
-438
-415
-954
-1266
-1113
-535
-30
-198
-793
-901
-430
-74
-205
-494
-657
-580
-398
-307
-411
-586
-659
-611
-460
-375
-344
-349
-309
-209
39
319
436
472
586
835
1073
1248
1251
1251
1413
1605
1532
1417
1445
1314
1118
1280
1432
858
187
296
655
299
-399
-781
-871
-786
-633
-948
-1647
-1717
-1080
-742
-1031
-1248
-1163
-880
-465
-217
-471
-743
-457
-48
-43
-215
-211
-208
-240
-175
-89
-169
-304
-363
-377
-278
-114
-117
-297
-291
14
286
323
290
427
706
958
1020
949
1076
1393
1452
1172
1089
1218
1159
1096
1192
961
369
235
556
478
-140
-607
-763
-829
-774
-848
-1360
-1762
-1437
-936
-926
-1168
-1198
-1005
-634
-286
-327
-605
-514
-91
67
-62
-96
-16
21
59
89
24
-43
-65
-101
-116
-25
15
-96
-109
124
350
380
358
458
690
913
928
791
855
1155
1256
1042
881
813
789
984
1114
581
-144
-45
517
389
-397
-936
-968
-732
-530
-829
-1529
-1708
-1093
-671
-901
-1201
-1150
-876
-483
-240
-425
-615
-395
-39
70
61
-16
-99
-12
205
248
65
-88
-97
26
158
165
10
-13
224
515
593
532
552
804
1120
1187
1085
1125
1306
1417
1395
1182
897
928
1269
1192
459
-117
87
415
122
-632
-1206
-1291
-987
-858
-1384
-2082
-2078
-1478
-1178
-1401
-1728
-1699
-1254
-748
-683
-916
-924
-582
-188
16
-17
-164
-95
237
491
407
203
175
349
574
646
508
395
583
911
1062
987
909
1022
1284
1415
1280
1141
1199
1336
1266
1027
792
823
1061
984
372
-86
210
559
174
-624
-968
-773
-511
-641
-1213
-1708
-1550
-1023
-959
-1389
-1675
-1483
-1136
-971
-1062
-1252
-1287
-1031
-708
-663
-821
-848
-652
-459
-401
-420
-414
-350
-208
-17
105
191
377
651
888
1079
1313
1554
1711
1786
1891
2058
2165
2068
1857
1709
1612
1614
1648
1366
687
283
524
698
138
-698
-1039
-911
-781
-984
-1517
-1977
-1851
-1367
-1240
-1544
-1705
-1519
-1235
-1003
-912
-996
-999
-729
-442
-356
-313
-189
-138
-201
-195
-56
25
-77
-272
-345
-153
157
265
122
81
409
900
1128
1007
890
1089
1463
1669
1508
1151
994
1322
1747
1542
772
368
767
1203
869
2
-556
-431
-35
-107
-806
-1427
-1317
-802
-685
-1100
-1497
-1467
-1116
-856
-968
-1297
-1318
-977
-672
-578
-557
-575
-579
-383
-115
-28
-192
-352
-296
-15
221
216
108
212
551
862
1011
1018
1020
1166
1404
1462
1352
1252
1155
1125
1328
1443
1035
507
505
783
692
180
-337
-557
-445
-305
-578
-1105
-1274
-1027
-857
-986
-1148
-1215
-1165
-1038
-935
-1012
-1095
-1005
-915
-855
-681
-445
-514
-703
-622
-258
7
-89
-340
-355
21
458
573
404
358
674
1131
1373
1274
1121
1194
1428
1591
1505
1175
932
1136
1413
1124
482
280
539
599
209
-333
-652
-565
-319
-450
-953
-1202
-952
-659
-670
-871
-992
-896
-687
-600
-623
-640
-657
-614
-443
-296
-366
-503
-506
-400
-319
-331
-441
-521
-415
-228
-130
-90
8
146
336
557
695
724
784
899
1016
1059
951
883
1057
1239
1029
677
627
797
798
510
77
-215
-114
105
-87
-584
-786
-602
-413
-458
-708
-966
-921
-626
-532
-718
-849
-792
-592
-316
-219
-392
-471
-214
45
58
-25
-27
26
170
319
327
267
358
526
598
627
656
676
664
626
576
565
446
259
286
465
323
-111
-240
5
113
-97
-379
-584
-554
-258
-151
-505
-820
-629
-281
-250
-434
-604
-684
-607
-377
-310
-510
-650
-543
-362
-242
-183
-222
-268
-190
8
167
229
278
333
448
651
877
980
984
1001
1014
1074
1147
1096
899
707
536
431
514
545
176
-297
-337
-97
-91
-360
-693
-933
-875
-581
-520
-844
-1061
-899
-612
-456
-461
-593
-651
-462
-201
-176
-285
-305
-249
-202
-169
-146
-136
-108
-100
-137
-115
26
164
149
87
178
407
619
707
717
698
807
1055
1140
993
883
878
784
788
878
704
305
99
147
92
-116
-312
-527
-760
-785
-702
-836
-1066
-1085
-993
-974
-928
-817
-769
-719
-556
-423
-386
-298
-137
-71
-79
-28
80
141
162
188
167
204
343
427
410
455
557
588
655
742
685
614
712
799
689
562
542
472
335
300
332
177
-87
-177
-173
-232
-306
-386
-583
-712
-616
-529
-669
-808
-758
-692
-650
-511
-368
-427
-447
-253
-59
-35
-58
-12
25
77
144
124
28
51
154
131
21
46
145
144
104
108
107
153
290
340
283
262
374
521
579
509
441
477
557
598
487
321
266
289
234
94
-35
-134
-188
-222
-316
-486
-579
-539
-506
-583
-680
-667
-542
-431
-451
-487
-399
-227
-111
-120
-148
-60
123
228
197
128
168
317
359
265
198
224
254
256
217
135
81
62
71
51
-15
-83
-100
-64
-29
-70
-145
-125
-53
-21
-28
-45
-54
-4
92
111
55
43
97
136
158
163
130
99
138
202
200
133
80
103
200
250
185
101
122
222
276
225
120
78
136
197
104
-100
-209
-177
-181
-312
-483
-600
-618
-578
-620
-765
-837
-755
-646
-630
-662
-634
-479
-280
-179
-159
-79
121
309
391
414
476
609
742
778
728
693
748
819
800
692
575
529
528
467
317
163
73
51
15
-73
-170
-210
-200
-197
-215
-256
-273
-263
-240
-248
-280
-288
-270
-253
-263
-282
-275
-255
-243
-261
-279
-289
-276
-273
-289
-308
-310
-283
-264
-264
-260
-212
-169
-143
-123
-83
-34
35
106
167
207
260
363
466
521
541
578
643
708
738
712
657
618
605
582
496
379
279
212
146
62
-36
-156
-271
-361
-417
-486
-573
-655
-706
-711
-706
-716
-733
-730
-708
-653
-597
-561
-516
-442
-350
-247
-148
-59
27
122
231
315
382
447
508
559
607
644
669
684
688
691
688
675
631
574
524
482
426
342
246
169
123
74
-16
-114
-172
-206
-248
-315
-391
-445
-457
-457
-471
-504
-520
-507
-483
-466
-468
-482
-489
-473
-451
-456
-473
-479
-462
-438
-418
-397
-365
-324
-281
-236
-175
-82
19
95
151
234
357
493
597
647
688
768
878
961
964
916
887
911
937
901
778
652
592
570
506
356
175
49
-9
-69
-190
-353
-481
-531
-550
-603
-692
-767
-786
-754
-727
-742
-767
-753
-690
-625
-587
-578
-559
-503
-431
-379
-351
-323
-277
-213
-151
-108
-70
-23
33
92
152
206
259
319
380
444
510
576
629
673
714
754
794
813
809
786
766
748
716
649
559
468
386
305
198
69
-52
-152
-236
-325
-430
-536
-607
-652
-689
-739
-790
-812
-787
-748
-724
-711
-679
-602
-502
-415
-366
-313
-230
-119
-10
60
103
157
240
329
395
416
418
437
483
521
529
495
454
440
448
443
401
332
279
265
269
243
170
94
52
55
56
9
-74
-137
-144
-130
-147
-214
-289
-317
-305
-295
-334
-400
-446
-443
-422
-425
-461
-503
-506
-464
-413
-390
-391
-378
-327
-242
-170
-129
-91
-23
81
189
263
308
363
448
546
614
633
631
647
682
699
662
593
537
519
506
449
346
247
191
163
110
8
-105
-180
-205
-224
-276
-356
-417
-427
-404
-392
-419
-448
-447
-402
-350
-322
-321
-318
-283
-224
-179
-163
-169
-158
-118
-68
-36
-35
-35
-11
37
77
94
94
101
130
168
188
185
177
184
209
230
228
208
194
195
201
187
156
125
115
109
95
72
50
34
22
0
-28
-51
-65
-79
-107
-139
-156
-153
-148
-167
-199
-210
-180
-139
-130
-156
-169
-127
-62
-31
-45
-56
-19
50
101
100
84
106
162
206
207
184
180
202
224
209
178
162
166
167
141
104
79
69
49
10
-29
-55
-68
-87
-126
-166
-191
-202
-224
-254
-282
-300
-303
-305
-310
-312
-302
-285
-271
-249
-214
-171
-133
-107
-76
-20
54
111
137
154
196
268
328
340
321
322
360
403
407
363
312
305
328
324
269
186
124
111
103
55
-28
-96
-119
-118
-137
-191
-240
-252
-240
-229
-243
-263
-259
-229
-208
-205
-207
-190
-153
-128
-120
-121
-105
-69
-43
-48
-62
-50
-12
20
15
-5
3
42
77
74
48
50
92
133
140
127
127
163
207
228
221
220
244
281
297
278
246
229
230
214
164
102
61
42
15
-43
-104
-142
-166
-195
-241
-290
-316
-331
-345
-362
-372
-366
-354
-336
-320
-292
-252
-207
-166
-131
-85
-25
41
88
118
155
212
272
305
305
301
320
348
347
315
269
240
227
208
161
96
40
9
-9
-42
-99
-157
-186
-187
-185
-202
-231
-237
-207
-168
-154
-156
-151
-114
-64
-33
-29
-27
0
43
76
71
57
60
85
106
92
57
42
63
89
81
48
32
58
92
90
60
49
73
102
102
78
69
86
103
89
58
37
36
31
-2
-50
-82
-94
-110
-151
-202
-232
-234
-237
-261
-297
-312
-288
-260
-258
-272
-263
-216
-160
-129
-128
-106
-40
36
84
98
119
173
247
297
313
322
344
385
422
435
425
407
396
396
398
375
314
245
199
181
153
84
-7
-66
-77
-86
-128
-192
-237
-242
-236
-250
-278
-293
-288
-278
-272
-270
-263
-246
-238
-238
-233
-218
-205
-204
-211
-210
-195
-178
-168
-161
-147
-127
-108
-85
-54
-27
-8
11
44
95
143
171
192
223
268
306
326
333
342
356
370
371
353
330
311
288
255
212
168
131
89
34
-24
-65
-95
-133
-185
-232
-251
-251
-259
-282
-299
-296
-275
-252
-239
-229
-210
-175
-132
-100
-73
-50
-24
9
40
63
79
88
95
101
105
109
102
83
64
60
66
63
45
28
27
43
56
53
42
47
66
80
78
72
74
82
84
73
57
48
45
30
-1
-26
-36
-37
-49
-79
-110
-116
-102
-102
-126
-154
-154
-120
-90
-88
-105
-99
-61
-16
6
-2
-10
10
57
90
83
56
46
73
105
102
63
25
28
55
65
36
3
0
29
64
67
43
35
59
97
117
101
75
72
90
100
86
49
22
19
24
10
-27
-71
-102
-111
-121
-151
-191
-217
-219
-209
-202
-205
-210
-195
-169
-139
-116
-97
-76
-42
0
40
73
96
120
152
182
197
201
199
200
203
196
174
146
129
118
100
69
29
-1
-8
-12
-35
-76
-103
-100
-84
-84
-116
-147
-141
-107
-87
-101
-127
-123
-81
-36
-32
-52
-54
-24
15
30
17
6
25
58
76
72
58
55
64
72
64
50
40
35
33
29
22
12
6
8
15
19
19
21
32
49
61
56
52
66
84
90
79
61
61
75
74
43
4
-13
-11
-17
-52
-103
-135
-140
-142
-166
-207
-232
-231
-210
-202
-211
-215
-197
-162
-129
-106
-87
-58
-11
37
71
98
120
146
176
197
204
207
213
220
221
212
198
188
183
174
158
134
119
112
103
79
49
27
24
21
0
-36
-66
-72
-66
-74
-111
-146
-149
-135
-128
-150
-180
-188
-162
-138
-144
-164
-169
-146
-116
-100
-107
-111
-94
-58
-33
-29
-28
-16
4
27
40
43
41
54
76
94
106
107
100
105
126
140
137
126
120
130
147
151
130
110
110
120
117
94
65
44
42
33
6
-32
-59
-72
-84
-107
-135
-154
-164
-167
-171
-180
-184
-177
-170
-165
-157
-142
-121
-96
-71
-49
-26
9
42
61
74
92
114
134
137
130
126
133
142
135
114
93
87
84
67
43
19
6
4
-7
-27
-46
-47
-43
-45
-55
-61
-57
-47
-41
-44
-49
-43
-31
-27
-31
-35
-31
-27
-22
-25
-34
-33
-19
-11
-13
-9
3
20
33
41
48
62
78
91
95
99
108
120
127
125
120
113
112
113
104
86
70
63
57
39
14
-13
-34
-49
-65
-88
-116
-135
-141
-146
-163
-186
-204
-207
-201
-203
-217
-223
-215
-192
-174
-169
-164
-148
-119
-81
-61
-53
-33
4
41
68
87
102
131
176
207
217
224
246
269
278
278
266
260
268
271
247
217
198
186
166
134
95
56
37
23
-12
-61
-92
-109
-129
-158
-192
-220
-227
-220
-227
-249
-260
-248
-232
-224
-223
-224
-206
-171
-143
-137
-129
-104
-69
-44
-30
-21
-11
12
39
49
52
63
81
98
112
120
129
136
145
154
160
162
164
163
157
161
168
158
138
131
132
125
111
83
60
56
51
26
-9
-33
-43
-47
-66
-96
-121
-129
-127
-135
-156
-167
-157
-141
-130
-130
-127
-108
-82
-66
-62
-51
-27
-3
4
6
15
34
57
63
55
56
69
79
77
69
64
70
80
77
68
61
59
59
54
43
32
30
28
25
17
13
8
-1
-11
-13
-16
-26
-40
-50
-52
-44
-41
-59
-75
-66
-52
-57
-68
-77
-77
-72
-65
-68
-80
-79
-66
-57
-54
-55
-53
-43
-30
-29
-31
-29
-22
-12
-3
2
9
17
21
28
38
44
49
49
55
72
83
85
89
95
111
129
133
130
131
144
156
152
138
134
138
136
125
105
90
82
69
45
18
-1
-19
-42
-67
-97
-120
-138
-152
-171
-189
-197
-202
-213
-224
-224
-214
-209
-211
-209
-188
-157
-135
-127
-121
-95
-52
-25
-24
-22
2
41
70
77
76
92
129
151
149
137
142
160
167
158
142
143
151
156
150
136
129
130
128
122
112
98
87
78
68
51
35
20
4
-21
-45
-67
-82
-102
-127
-152
-167
-174
-181
-192
-202
-200
-193
-185
-181
-170
-155
-131
-104
-80
-57
-31
1
34
63
87
117
149
175
192
206
215
225
231
228
217
212
201
176
151
123
100
72
37
5
-23
-45
-69
-100
-132
-149
-158
-171
-191
-205
-209
-202
-190
-187
-184
-176
-159
-140
-124
-110
-94
-71
-47
-23
-10
3
26
48
59
67
82
97
108
111
109
111
122
132
134
131
134
142
147
142
134
125
118
112
106
94
73
55
46
39
19
-9
-35
-57
-71
-81
-108
-140
-153
-152
-151
-165
-185
-195
-184
-177
-178
-184
-182
-164
-141
-127
-122
-106
-81
-52
-26
-7
4
25
57
86
97
102
116
139
163
177
177
175
192
221
225
204
186
191
198
184
144
115
114
113
90
54
23
9
3
-18
-56
-88
-107
-114
-124
-148
-169
-175
-174
-178
-182
-179
-170
-160
-148
-133
-119
-100
-83
-72
-57
-36
-18
-2
14
27
43
55
68
84
86
80
80
92
100
89
71
68
79
86
78
58
47
52
56
40
18
9
11
16
16
1
-14
-12
1
7
-5
-19
-21
-5
7
0
-12
-17
-11
2
0
-14
-21
-22
-27
-33
-42
-52
-57
-55
-53
-57
-62
-62
-57
-54
-50
-47
-41
-34
-23
-11
-2
9
22
29
32
45
59
63
59
62
66
64
58
52
45
34
24
17
11
4
-8
-14
-20
-30
-34
-33
-38
-52
-55
-52
-43
-36
-36
-36
-26
-8
3
8
14
16
15
18
21
25
20
17
23
28
18
6
-1
0
-5
-14
-16
-15
-11
-10
-11
-12
-16
-20
-15
-12
-10
-11
-6
11
24
31
43
54
71
78
73
57
47
51
53
50
33
30
39
40
35
23
6
-1
-3
-15
-32
-51
-61
-61
-53
-53
-62
-66
-59
-38
-25
-29
-59
-68
-58
-70
-92
-91
-71
-43
-15
-4
5
22
32
48
59
47
43
49
65
72
69
65
61
77
74
59
54
48
55
42
-1
-17
-7
3
2
2
6
7
-2
5
18
16
4
-25
-24
10
6
-29
-64
-57
-49
-49
-69
-72
-47
-23
-12
-14
-43
-67
-45
-57
-109
-148
-134
-65
-31
-44
-49
-43
-11
11
12
-4
-8
21
19
8
-10
-6
33
35
33
70
89
108
136
124
123
115
93
59
28
56
91
103
98
112
122
85
47
32
4
-17
-12
-34
-75
-84
-83
-92
-100
-111
-140
-143
-130
-110
-127
-129
-91
-125
-168
-119
-44
-40
-31
-28
-40
2
60
42
6
68
129
113
65
47
53
55
39
24
28
69
102
95
94
100
103
91
130
165
101
96
194
181
98
-4
-67
-34
57
53
-42
-44
-19
27
84
33
2
29
-75
-97
-57
-171
-266
-24
-734
-1358
-605
-1240
-1507
857
1999
694
296
862
683
280
-125
-843
-718
-62
-96
-383
245
1180
1079
479
199
223
-241
-627
-809
-781
-529
77
363
313
534
650
528
255
-60
-66
-539
-884
167
170
-331
394
822
-368
-499
163
-1352
-2116
-20
689
-693
20
1238
479
399
1049
167
-440
-67
-242
-502
-192
272
851
523
-23
802
527
-848
-656
-361
-760
-756
-676
-209
264
65
553
894
-300
-356
432
197
-820
60
738
-443
441
744
58
651
548
-508
506
394
-881
275
21
-830
484
55
-650
149
357
-271
-399
30
-372
-419
145
-240
-389
616
-39
-290
511
-277
29
433
-424
189
60
-555
200
420
-645
-338
28
-624
41
303
-597
192
279
-456
446
625
290
833
358
-61
703
137
86
506
260
83
-75
95
22
-441
-275
186
-574
-912
133
-382
-874
-2
58
-295
-62
21
-52
-112
-329
99
461
-305
-52
395
38
90
571
236
-123
129
280
146
-354
198
396
-264
-188
120
-303
-185
-34
118
408
-94
40
374
105
-174
-40
381
-42
-235
305
114
-45
163
-322
-153
215
-310
-315
267
283
152
64
-77
-66
-376
-131
-21
-444
-255
215
-394
-529
477
181
-349
-50
147
-272
-830
-323
259
-441
-383
723
112
-576
608
800
-323
38
843
-97
-446
538
403
-474
140
766
113
-574
366
927
-411
-407
830
-62
-707
754
312
-775
-267
341
-159
-526
253
336
-412
-255
-132
104
-281
-376
357
-154
-410
249
172
-360
352
463
-439
-328
183
113
-424
-251
115
66
194
70
251
445
4
-192
156
-131
11
421
-259
-249
211
321
11
-217
365
74
-734
-264
503
-291
-89
344
-112
101
-24
140
303
-315
-68
247
-242
-81
597
-98
-370
333
-109
-381
130
-53
32
17
-378
300
247
-437
355
345
-761
45
607
-369
-677
455
451
-505
0
478
-286
-478
337
495
-434
-320
531
-60
-500
454
280
-322
285
543
-238
-721
100
287
-332
45
703
-258
-455
293
-8
-613
-207
691
237
-722
43
189
-1004
-423
905
311
-828
38
355
-216
-46
373
266
73
-25
-28
-254
-285
611
721
-324
-307
80
-103
-75
172
280
-129
-166
202
-56
-394
-7
325
78
-81
92
127
-554
-445
706
267
-563
-55
103
-205
135
122
289
467
161
-120
-289
-171
285
452
-335
-20
504
-200
-288
397
301
-197
297
346
-597
-694
110
-170
-473
184
574
137
-557
-219
427
-325
-408
777
371
-544
-432
-37
187
140
-33
254
-54
-373
72
-125
-425
76
486
-84
-443
38
-123
-203
388
351
-247
-214
445
102
-606
120
1022
364
-298
291
227
-162
318
71
-123
-164
-331
151
-114
-372
380
142
-581
146
-62
-758
103
258
-563
-384
-144
-251
52
420
714
381
-30
207
65
-362
197
310
-23
-92
-279
-171
170
-156
143
355
-525
-275
165
-578
-442
227
101
-11
149
320
71
-386
59
723
118
-337
130
200
-103
-19
287
313
-93
-146
169
-232
-374
83
-76
-423
-70
-26
-356
294
367
-281
-107
227
-76
-89
127
52
71
108
41
136
90
-76
157
223
37
-34
163
60
-124
-138
-41
-244
-37
63
-323
-61
186
-128
-101
375
205
-114
24
260
176
-185
-213
26
-86
12
419
122
54
463
-90
-551
-106
-57
-145
-315
-122
284
-27
-246
230
12
-358
127
46
-582
66
617
-307
-399
386
234
-408
285
687
-182
-251
238
51
-329
-180
145
-125
-402
176
722
-113
-404
444
-148
-975
-33
722
-188
-308
632
374
-81
472
375
-428
-392
29
-142
-396
-118
313
203
-125
187
331
-187
-478
-184
19
-281
-103
237
-264
-311
323
183
-214
282
507
-216
-327
404
436
-112
-48
13
-437
-328
-10
31
292
407
188
-15
-157
54
290
-302
-537
301
219
-719
-96
870
175
-373
167
290
-165
-275
76
217
-70
-83
290
122
-300
164
356
-397
-454
86
34
-165
41
48
-207
-287
-41
-36
-316
-222
406
382
-273
-133
388
53
-475
106
531
-16
-100
455
176
-241
-132
-126
-337
-118
256
152
-116
118
545
191
-287
-87
101
-172
-167
24
124
198
379
24
-280
113
189
-220
-289
43
133
-83
-131
96
-154
-449
95
306
-343
-287
299
75
-345
-189
252
180
-219
18
345
42
1
335
-8
-187
79
-10
-225
-117
125
61
-16
7
88
55
-193
-259
81
60
-284
-46
145
-119
-138
242
228
-47
-31
7
-67
-77
-76
36
74
-30
206
252
-233
-225
225
55
-203
-6
167
188
56
-150
-92
-8
-322
-126
372
131
-155
-32
-42
-66
36
-63
-36
298
180
-217
4
371
9
-219
203
164
-14
-17
-45
186
168
-155
0
165
-242
-282
66
24
14
115
39
-63
-41
6
12
-111
-187
91
17
-242
-90
169
148
-38
-129
15
208
-57
-196
73
75
-129
-149
10
142
-31
158
482
-59
-241
249
66
-429
-115
275
113
-5
167
26
-237
-96
141
59
-203
-153
51
-120
-339
8
116
-192
-151
125
-17
-160
-17
115
140
-55
-106
-50
-287
-222
362
339
8
108
190
-61
-143
72
183
33
-142
3
27
-109
-54
90
6
-120
44
-10
-181
13
137
53
62
50
-70
-14
106
112
24
69
163
99
118
60
-272
-278
86
202
-36
-198
13
207
-87
-296
72
47
-263
-73
99
-180
-194
124
112
-61
-125
11
90
-8
160
292
57
-38
104
-93
-299
-186
-70
10
43
89
133
187
149
87
12
-88
14
64
-148
-202
139
305
59
-53
75
117
-13
-7
52
27
-44
0
26
-172
-165
126
143
-105
-59
54
-2
-90
-41
20
-6
44
24
-125
-116
33
-34
-79
-5
11
-110
-189
1
132
-7
-103
25
35
-83
-95
-45
-1
-29
67
194
79
16
124
58
-17
123
156
-71
-130
62
44
-118
-176
-35
96
43
-68
-19
100
135
183
94
-112
-46
39
-231
-313
27
156
75
145
179
39
-87
-129
-147
-161
-111
-4
-22
-64
39
136
42
50
189
56
-213
-173
-26
-32
1
127
147
82
29
20
41
-41
-43
31
-22
-155
-167
-49
56
98
118
100
16
-50
-75
-81
-79
-72
-111
-101
-66
-33
85
163
149
90
-17
-83
-45
-77
-147
-84
11
23
51
99
91
76
97
59
-29
-118
-162
-46
81
89
98
158
138
19
-104
-133
-49
-9
-48
-14
97
88
-36
-31
58
88
43
-12
-62
-80
-78
-87
-52
-30
31
109
140
93
46
-68
-203
-139
24
-1
-150
-95
48
64
16
17
48
96
109
40
-10
-16
-64
-92
16
168
221
194
80
-93
-164
-111
-88
-91
-28
14
-1
-3
36
44
16
-47
-107
-102
-31
79
140
91
26
64
78
-21
-84
-35
11
29
48
19
-24
9
83
83
16
-34
0
41
-43
-184
-192
-98
-42
-8
44
71
88
110
56
-48
-71
-25
-32
-84
-74
-2
79
134
157
114
16
-46
-38
-13
-17
-7
2
-5
6
-4
-79
-91
46
113
7
-58
7
37
-5
-38
-102
-154
-109
-30
-18
16
98
126
51
-69
-132
-99
-27
-17
-23
-13
0
24
76
83
-1
-81
-99
-84
-56
10
49
45
66
115
68
-34
-46
-16
-62
-74
7
54
42
37
40
57
89
54
-26
-85
-96
-27
131
170
35
-60
-3
53
38
10
3
61
117
100
9
-47
-86
-86
-64
-27
13
72
90
14
-82
-119
-90
-78
-61
3
82
42
-65
-86
-15
17
-18
-37
-32
-13
22
51
13
-20
20
72
54
-13
-81
-120
-77
17
70
56
44
56
79
66
3
-38
-19
0
-10
17
33
-2
-35
-4
17
4
2
5
2
20
67
59
-15
-99
-96
-29
-5
-47
-30
81
147
95
35
61
72
-7
-80
-55
-5
-19
-59
-50
24
79
40
-57
-113
-97
-52
-16
-20
-47
-48
-11
0
-42
-89
-64
21
80
63
29
55
89
26
-102
-132
-28
54
33
14
57
75
8
-86
-117
-73
-26
-21
-13
30
48
21
12
39
42
11
9
54
111
132
108
80
85
85
27
-49
-66
-38
-26
-35
-12
59
131
132
57
-27
-71
-104
-125
-93
-49
-36
-11
47
61
12
-25
5
38
-3
-100
-149
-116
-72
-59
-34
8
18
1
7
33
45
37
22
2
-28
-49
-38
5
48
76
88
65
7
-26
2
38
26
-17
-45
-41
-13
7
7
1
-3
-8
-3
0
-25
-60
-78
-96
-104
-56
38
110
120
81
38
28
26
-20
-78
-73
-4
66
82
17
-86
-108
-8
86
63
-21
-51
-15
7
-36
-112
-120
-38
44
51
25
26
48
48
18
-15
-16
1
-15
-38
12
101
99
-1
-73
-46
23
63
53
20
19
53
59
7
-67
-113
-100
-33
31
61
90
116
82
2
-41
-42
-44
-43
-22
-2
7
12
3
-9
0
21
42
47
10
-63
-78
-18
25
18
12
6
-16
-22
-10
-19
-47
-53
-21
22
33
9
6
55
83
40
-10
-7
10
-8
-43
-66
-54
-2
49
62
61
56
27
-21
-52
-52
-48
-67
-84
-44
56
137
127
60
11
1
-15
-42
-45
-10
23
17
-12
-17
4
15
2
-3
23
41
14
-31
-34
-6
-12
-60
-86
-27
71
103
34
-38
-24
31
17
-67
-101
-39
34
20
-45
-57
4
47
13
-36
-36
-21
-45
-73
-50
12
55
56
35
14
-9
-39
-59
-53
-32
-2
29
52
50
41
52
66
53
14
-16
-18
-2
14
24
29
32
24
1
-18
-27
-22
-9
12
24
23
12
-9
-32
-26
-3
-6
-33
-36
3
33
27
13
11
15
8
-6
-14
-19
-33
-50
-52
-45
-43
-22
26
52
24
-19
-32
-21
-9
-1
-5
-17
-17
1
20
