-3
2
3
6
9
11
10
10
10
12
14
14
16
19
26
31
40
46
51
58
64
69
73
76
79
83
87
89
92
95
97
100
99
98
96
94
90
82
78
69
61
51
41
30
19
7
-4
-17
-27
-39
-52
-63
-75
-85
-96
-105
-115
-123
-131
-136
-141
-144
-146
-146
-145
-142
-138
-134
-126
-120
-113
-105
-96
-87
-77
-69
-60
-50
-43
-32
-23
-13
-4
7
20
34
48
63
78
95
108
123
138
153
165
175
186
195
202
207
213
218
220
221
222
222
219
216
211
204
193
179
162
146
123
101
74
45
16
-13
-43
-74
-105
-135
-162
-191
-218
-242
-263
-283
-300
-317
-332
-346
-355
-362
-368
-372
-375
-372
-370
-364
-354
-338
-323
-304
-282
-255
-225
-194
-162
-130
-96
-59
-22
14
52
88
131
171
213
255
299
343
385
425
463
499
529
555
578
595
610
620
626
625
622
614
599
573
542
503
458
405
344
283
216
150
81
12
-61
-133
-208
-280
-353
-423
-493
-561
-621
-679
-730
-777
-812
-841
-858
-865
-860
-847
-819
-783
-737
-690
-639
-583
-527
-474
-426
-377
-331
-283
-237
-188
-137
-80
-21
45
112
180
250
322
392
462
530
591
650
704
752
793
828
863
891
913
932
945
952
953
944
923
889
843
785
714
632
540
439
329
221
116
13
-86
-180
-262
-337
-398
-449
-491
-531
-558
-576
-589
-598
-603
-607
-611
-614
-614
-615
-614
-609
-606
-600
-594
-582
-571
-560
-551
-535
-518
-502
-484
-466
-443
-422
-394
-369
-342
-320
-295
-271
-247
-222
-194
-159
-118
-73
-25
28
82
139
200
264
326
387
447
507
568
631
689
745
796
844
883
914
941
956
964
961
961
946
922
886
845
798
742
681
613
539
459
383
300
221
138
58
-22
-97
-163
-227
-285
-344
-400
-456
-509
-556
-597
-638
-676
-705
-729
-750
-769
-785
-800
-812
-820
-824
-828
-828
-824
-818
-814
-802
-787
-763
-744
-723
-694
-661
-627
-588
-546
-503
-460
-411
-354
-292
-222
-148
-66
12
95
179
260
337
410
488
559
633
698
763
819
872
920
970
1021
1067
1112
1152
1184
1203
1217
1216
1206
1177
1136
1076
1007
926
839
748
646
540
427
322
215
118
21
-71
-163
-245
-323
-398
-464
-525
-578
-630
-680
-731
-771
-810
-844
-869
-888
-898
-906
-901
-890
-870
-847
-817
-789
-756
-718
-681
-649
-625
-605
-596
-587
-587
-588
-591
-593
-580
-562
-532
-493
-438
-378
-311
-237
-154
-72
5
86
164
238
306
373
438
502
563
623
686
749
807
865
928
986
1048
1108
1163
1208
1240
1264
1280
1280
1269
1240
1192
1122
1045
953
850
732
609
490
367
250
141
41
-63
-165
-255
-337
-410
-476
-532
-584
-629
-673
-709
-744
-773
-801
-821
-841
-860
-875
-884
-875
-866
-851
-838
-814
-793
-770
-753
-735
-731
-729
-734
-739
-746
-749
-745
-732
-715
-689
-647
-601
-542
-478
-399
-326
-252
-177
-93
-14
67
145
224
293
364
440
513
587
663
744
818
893
969
1054
1130
1196
1258
1304
1338
1353
1358
1351
1324
1284
1232
1167
1082
993
897
783
651
531
417
305
178
59
-41
-136
-226
-310
-376
-441
-494
-550
-595
-640
-679
-707
-739
-768
-801
-818
-823
-820
-816
-802
-783
-761
-737
-704
-669
-637
-616
-598
-585
-574
-566
-571
-584
-599
-605
-617
-621
-617
-597
-575
-546
-502
-439
-366
-291
-209
-132
-50
27
109
184
248
305
362
421
468
523
586
658
720
783
855
926
996
1045
1095
1117
1126
1110
1099
1072
1036
990
930
870
800
732
637
535
421
324
221
130
45
-25
-87
-146
-200
-241
-267
-295
-320
-348
-366
-381
-391
-409
-424
-446
-455
-458
-447
-444
-445
-447
-434
-428
-425
-421
-420
-426
-450
-472
-495
-513
-555
-602
-655
-686
-725
-756
-785
-796
-800
-797
-763
-709
-649
-598
-521
-441
-363
-297
-222
-149
-84
-23
46
126
196
264
336
426
517
608
699
798
882
970
1055
1124
1166
1178
1195
1195
1191
1159
1123
1056
975
885
795
683
553
432
325
230
130
56
-11
-54
-96
-120
-143
-161
-169
-173
-182
-201
-212
-226
-250
-280
-297
-301
-317
-345
-358
-353
-350
-358
-361
-354
-353
-352
-358
-376
-424
-486
-543
-608
-687
-769
-844
-917
-974
-996
-1007
-1001
-971
-892
-800
-708
-614
-517
-434
-375
-317
-265
-205
-159
-107
-59
4
76
147
236
354
497
629
759
898
1039
1154
1227
1268
1284
1293
1288
1273
1237
1177
1082
982
880
763
618
475
359
256
159
80
52
26
5
-14
11
36
44
29
14
1
-20
-53
-91
-133
-179
-212
-230
-224
-222
-224
-214
-204
-188
-179
-176
-186
-213
-262
-351
-456
-561
-666
-805
-944
-1056
-1122
-1182
-1216
-1206
-1162
-1106
-1009
-864
-726
-623
-544
-456
-396
-364
-348
-309
-270
-230
-188
-114
-26
92
231
404
578
748
924
1084
1250
1350
1406
1377
1357
1323
1277
1190
1097
1002
856
701
547
431
281
128
2
-74
-150
-193
-201
-177
-153
-132
-71
-7
22
24
36
47
44
5
-21
-54
-101
-137
-122
-92
-71
-55
-11
46
87
134
155
132
60
-13
-128
-291
-491
-667
-840
-1019
-1160
-1263
-1340
-1386
-1351
-1262
-1143
-1003
-802
-590
-419
-290
-186
-130
-151
-185
-196
-194
-223
-237
-192
-91
47
205
418
646
890
1099
1308
1494
1605
1610
1547
1478
1378
1238
1078
937
781
596
416
272
123
-43
-188
-250
-258
-262
-262
-228
-164
-125
-118
-88
-35
-34
-89
-138
-136
-168
-228
-286
-290
-272
-248
-189
-91
26
125
193
243
312
325
290
194
97
-75
-329
-622
-891
-1140
-1402
-1578
-1700
-1736
-1736
-1593
-1361
-1084
-817
-499
-169
115
272
373
419
369
270
142
43
-43
-87
-74
33
207
468
749
1073
1408
1736
1996
2213
2255
2122
1862
1635
1383
1025
635
339
75
-229
-485
-642
-745
-884
-947
-904
-773
-673
-554
-465
-376
-343
-341
-350
-374
-450
-574
-667
-695
-672
-658
-620
-548
-392
-195
32
229
448
633
752
803
815
764
591
379
164
-113
-516
-893
-1195
-1385
-1594
-1699
-1700
-1598
-1427
-1145
-788
-441
-105
238
554
778
918
986
988
852
690
502
355
168
69
69
215
415
734
1133
1571
1952
2306
2680
2832
2658
2229
1880
1496
970
278
-294
-796
-1219
-1584
-1746
-1789
-1825
-1730
-1447
-1037
-720
-470
-267
-125
-162
-283
-457
-634
-879
-1097
-1266
-1305
-1229
-1096
-920
-688
-335
67
450
743
1033
1244
1331
1253
1120
892
517
48
-372
-769
-1288
-1753
-2004
-2054
-2092
-2046
-1843
-1531
-1228
-893
-475
-128
120
320
586
776
889
939
999
1018
992
989
1043
1122
1199
1314
1523
1786
2046
2340
2647
2908
3134
3290
3164
2656
1918
1395
842
99
-706
-1319
-1819
-2291
-2584
-2565
-2467
-2371
-2053
-1493
-866
-445
-95
155
182
0
-227
-488
-843
-1301
-1583
-1695
-1618
-1416
-1079
-679
-262
280
847
1269
1412
1392
1259
993
497
-64
-638
-1220
-1736
-2049
-2240
-2398
-2611
-2588
-2324
-1919
-1500
-1140
-799
-463
-74
264
495
622
748
848
1014
1158
1352
1456
1516
1595
1744
1888
2007
2155
2393
2669
2821
3038
3247
3437
3436
3479
3293
2711
1747
915
250
-572
-1500
-2272
-2755
-3202
-3419
-3229
-2717
-2344
-1858
-1091
-158
526
893
1102
992
584
108
-318
-799
-1382
-1812
-1842
-1642
-1304
-866
-336
125
512
901
1202
1118
655
20
-632
-1369
-2153
-2852
-3370
-3632
-3595
-3300
-3046
-2761
-2318
-1648
-986
-434
70
457
710
946
1213
1301
1179
1092
1283
1454
1484
1519
1725
1909
1921
2012
2239
2462
2570
2707
3065
3413
3655
3808
4070
4114
3404
2164
952
170
-870
-2226
-3355
-3725
-3831
-3865
-3610
-2605
-1497
-631
338
1545
2583
2859
2667
2267
1629
579
-495
-1346
-1894
-2400
-2533
-2188
-1407
-591
88
571
945
1169
1053
399
-665
-1771
-2828
-3818
-4692
-5102
-5058
-4599
-3814
-2560
-1164
6
881
1534
1982
1985
1578
895
113
-705
-1252
-1515
-1520
-1378
-949
-185
659
1472
2112
2562
2716
2644
2383
1974
1394
946
796
883
1309
1936
2972
3951
5136
5760
5499
4264
2919
1726
152
-1866
-3666
-4647
-5280
-5364
-4833
-3258
-1796
-286
1365
3364
4658
5023
4658
3826
2291
452
-1012
-2254
-3319
-4168
-3921
-2937
-1593
-483
589
1287
1653
1527
1045
-117
-1860
-3655
-4998
-5797
-6259
-6153
-5435
-3962
-2271
-615
704
1695
2326
2410
1982
1253
395
-508
-1355
-1893
-1886
-1611
-1175
-505
532
1527
2124
2460
2801
2807
2317
1691
1354
1336
1207
1394
2058
3227
4397
5424
6421
6465
4994
2684
778
-734
-2799
-5205
-6557
-6665
-6066
-5100
-3419
-945
1239
3039
4697
6238
6799
6048
4466
2726
741
-1201
-2711
-3604
-3959
-3771
-2779
-1255
208
1138
1444
1084
399
-588
-1901
-3751
-5496
-6484
-6425
-5744
-4583
-2924
-800
1445
3378
4751
5124
4330
2525
547
-1334
-3102
-4842
-6028
-6249
-5315
-3678
-1925
-259
1329
2865
3931
4394
4087
3393
2289
1242
254
-140
-19
525
1519
3063
4995
6677
7861
8445
8424
6278
2696
-1377
-4125
-6536
-8978
-10709
-10363
-8521
-6023
-3320
79
3745
6230
7870
8754
9274
8308
6132
3361
898
-1544
-3263
-4252
-4201
-3793
-3032
-1717
-210
747
701
-319
-1818
-3104
-4186
-5140
-6177
-6399
-5301
-3195
-913
1343
3527
5453
6378
6272
4994
2786
-128
-3113
-5580
-7227
-8082
-8051
-7024
-5002
-2385
92
2093
3503
4475
4815
4462
3578
2690
1773
1027
509
749
1658
2826
3849
5086
6327
7194
7126
6348
5243
2337
-1825
-6093
-8299
-9466
-10350
-10683
-8849
-5781
-2300
868
4233
7360
8931
9487
9459
9258
7724
5050
1903
-436
-2658
-4215
-5248
-5311
-5132
-4779
-4045
-2866
-2035
-1945
-2474
-2988
-2953
-2597
-2101
-1818
-1130
217
2015
3414
4364
4760
4758
3852
2365
263
-2309
-5038
-7246
-8433
-8624
-8070
-6838
-4910
-2712
-307
1812
3538
4615
5083
5179
5102
4704
4064
3235
2608
2235
1976
1942
1966
2122
2211
2310
2526
2702
2689
2369
2284
1998
146
-2848
-5437
-6243
-6380
-6607
-6432
-4680
-2205
791
3640
6518
8539
9214
9017
8421
7226
4648
1098
-2513
-5267
-7448
-8409
-8368
-7429
-6416
-4738
-2246
378
1733
1919
1563
1229
905
543
171
-356
-631
-186
961
1792
1804
1183
406
-472
-2330
-5189
-8138
-9967
-10248
-9291
-7385
-4670
-1395
2053
5347
7789
9094
8820
7664
6230
4800
2902
792
-860
-1413
-1500
-985
-67
1398
2772
3728
4585
5243
5565
4706
3686
2021
-666
-4428
-7028
-7726
-7269
-6959
-5806
-2983
342
3324
5538
7655
8892
8790
7465
6043
4360
2099
-1000
-3868
-5960
-7129
-7370
-6803
-5792
-4674
-3270
-1386
523
1534
1614
1122
767
691
799
632
132
-327
-114
425
561
-39
-939
-1731
-2746
-4263
-6070
-7611
-8451
-8372
-7301
-5158
-2365
536
3220
5642
7502
8226
7624
6198
4652
3226
1726
197
-814
-1125
-834
-282
704
1843
2918
3782
4464
5121
5411
5081
4399
3875
1798
-1835
-5901
-7846
-7879
-7447
-6823
-4774
-1482
1950
5074
7535
9290
9304
8209
6550
4997
2733
-298
-3620
-6030
-7541
-7924
-7469
-6341
-5000
-3687
-2005
162
1833
2248
1757
1137
1076
1287
1406
909
122
-452
-350
-361
-1018
-2351
-3447
-4212
-5046
-6232
-7443
-8059
-7758
-6452
-4387
-1697
1204
4120
6539
8303
8866
8070
6226
3877
1635
-287
-1856
-2652
-2606
-1854
-685
743
2245
3419
4179
4522
4943
5127
5012
4484
4041
3800
1978
-1761
-5871
-7890
-7896
-7169
-6294
-4096
-982
2360
5642
8270
9648
9174
7712
6121
4652
2414
-502
-3669
-6181
-7821
-8227
-7662
-6594
-5582
-4268
-2047
984
3237
3937
3741
3452
3302
2998
2164
650
-1273
-2920
-3494
-3569
-4000
-4962
-5371
-5091
-4901
-5357
-6074
-6314
-5738
-4370
-2284
485
3186
5503
7189
8294
8253
6812
4181
1387
-779
-2257
-3423
-4039
-3634
-2256
-529
1005
2598
4072
5268
5802
6558
6872
6750
5637
4647
4046
1330
-3612
-8624
-10494
-9755
-8107
-6350
-2887
1216
5338
8848
11274
11624
9738
7056
4706
2586
-115
-3136
-5901
-7710
-8519
-8036
-6737
-5426
-4425
-2917
-449
2646
4560
4991
4638
4241
3777
3077
1684
-531
-3226
-5196
-5671
-5663
-6101
-6657
-6117
-4824
-3826
-3680
-3730
-3442
-2708
-1413
457
2526
4147
5428
6262
6544
5536
3308
541
-1753
-3196
-3816
-3813
-3264
-1965
-261
1570
2993
3984
4417
4474
4670
5244
5586
5427
4790
4345
4372
1773
-3358
-8768
-11009
-10182
-8179
-5817
-2003
2480
6619
10218
12347
11982
9071
5632
2964
939
-1587
-4152
-6330
-7594
-8123
-7362
-5878
-4495
-3656
-2160
623
4096
6264
6721
6242
5384
4204
2613
453
-2522
-5743
-7851
-7724
-6738
-6306
-6072
-4673
-2623
-1462
-1587
-1901
-1739
-1382
-706
684
2418
3586
4214
4522
4316
2952
634
-1648
-3140
-3729
-3486
-2500
-1068
488
1882
2827
3316
3117
2793
2647
2908
3550
4275
4640
4944
4819
5113
3492
-1489
-7630
-11357
-10929
-8697
-6027
-2451
2473
6788
10389
12531
12308
8991
4877
2028
634
-1358
-3704
-5540
-6517
-7261
-7397
-6477
-5190
-4374
-3159
-155
4101
7382
8146
7535
6437
4693
2061
-1005
-4164
-7127
-9107
-8739
-6581
-4781
-3988
-2826
-764
801
266
-1241
-2086
-1696
-719
771
2351
3163
3059
2798
2401
1155
-1160
-3123
-3487
-2641
-1381
-61
1221
2093
2442
2319
1907
1215
491
433
1167
2583
4066
5003
5471
5636
5492
5477
2478
-3530
-9809
-12489
-10922
-7842
-4489
-387
4310
8062
11016
12276
10746
6523
2527
636
64
-1476
-3572
-5345
-6483
-7507
-7710
-6865
-5442
-3943
-1325
3006
7744
10310
9942
7802
4985
1604
-1967
-5246
-7685
-9274
-9133
-6818
-3664
-1909
-1608
-1169
-174
518
-331
-1565
-1809
-794
763
2374
3141
2737
1505
430
-373
-1527
-2866
-3057
-1853
-280
957
1814
2312
2049
1281
510
211
-153
66
888
2349
3902
4977
5651
5646
5139
4171
4074
2163
-2807
-8853
-11905
-10330
-6990
-3771
-216
3837
7007
9276
10567
9720
6320
2661
961
761
-309
-2485
-4754
-6718
-8460
-9081
-7982
-5877
-3500
-339
4179
8715
11061
10127
7028
3122
-745
-4001
-6309
-7614
-8077
-7320
-5046
-2296
-1074
-1516
-2019
-1272
-180
178
169
787
2092
3264
3593
2684
586
-2061
-3888
-4374
-3930
-2902
-1141
1073
2866
3620
3527
2670
1213
-184
-660
-253
510
1318
2205
2968
3475
3805
3915
3588
3034
2733
3544
3500
-319
-6205
-10496
-10181
-7464
-4578
-1609
2151
5601
8240
10054
9983
7282
3513
1292
749
-281
-2517
-4979
-6943
-8487
-9034
-7688
-5094
-2361
582
4414
8319
10288
9073
5658
1627
-1994
-4626
-6039
-6572
-6579
-5912
-4120
-2025
-1330
-2321
-2994
-2103
56
1605
2092
2526
3129
3446
2640
745
-2029
-4560
-5435
-4177
-1957
-87
1453
3111
4284
4185
3038
1565
148
-809
-928
-115
805
1280
1383
1637
2066
2504
2901
2992
3328
3676
4818
5062
1267
-5110
-10358
-10623
-8007
-5112
-2359
1634
5737
8695
10311
9795
6792
2709
131
-422
-1110
-3127
-5367
-6807
-7417
-7302
-5979
-3824
-1330
1399
4785
7942
9183
7497
3955
163
-2721
-4570
-5523
-5915
-5699
-4844
-3346
-2098
-2147
-3295
-3671
-2163
661
3110
4156
4276
4008
3462
2116
-212
-3705
-6683
-7164
-4945
-1743
782
2786
4610
5510
4794
3153
1275
-525
-1684
-1553
-433
503
481
143
288
979
1536
2234
3180
4380
5645
6197
6827
4655
-1655
-9144
-12937
-11297
-7788
-4351
-269
4981
8723
10293
10152
7895
3605
-359
-1559
-817
-1112
-2616
-3974
-4708
-5529
-5867
-5008
-3302
-1365
1273
4672
7228
7065
4446
1178
-1524
-3553
-4668
-4820
-4371
-3833
-3202
-2303
-1913
-2754
-3821
-3073
-206
3281
5436
5700
4730
2983
695
-2230
-5319
-7461
-7338
-4618
-605
2687
4341
4984
4964
4020
2244
471
-595
-1043
-1015
-421
143
3
-751
-871
-104
1436
2696
4380
5725
6684
6570
5795
4644
-252
-7366
-13058
-12763
-8599
-4083
-157
4127
7756
8873
8449
6868
3755
138
-1224
244
1599
582
-1621
-3668
-5587
-7485
-7831
-6148
-3468
-312
3317
6674
7770
5948
2488
-710
-2926
-3925
-3496
-2578
-2012
-2091
-2193
-2492
-3611
-5219
-5235
-2517
1731
5428
7028
6195
3797
645
-2236
-4986
-7197
-7595
-5165
-820
3266
5487
5842
5147
3618
1664
-36
-1089
-1512
-1273
-593
162
86
-886
-1488
-1373
-24
1553
3595
5587
6616
6888
6192
5559
3503
-2128
-8998
-12641
-10459
-6018
-1866
1511
4969
6980
6948
6345
4764
1830
-515
243
2639
3053
764
-2118
-4625
-7303
-9261
-8614
-5886
-2552
1100
4966
7696
7502
4861
1586
-1010
-2655
-2930
-2090
-1578
-2034
-2960
-3500
-4154
-5408
-6063
-4175
65
4476
7139
7117
4884
1512
-1642
-3744
-5039
-5606
-4553
-1638
1696
3742
3923
3212
2213
1016
-105
-601
-565
-330
-144
8
-66
-695
-1591
-1881
-861
751
2996
4828
6394
6862
6614
5633
4280
2444
-2493
-8043
-11460
-9323
-4962
-1134
1315
3691
5087
4916
4422
3647
2184
1166
2325
4406
4527
1627
-2076
-5489
-8532
-10174
-9062
-5753
-2019
1669
4903
6930
6343
3770
886
-1232
-2224
-1979
-1157
-998
-2004
-3561
-4679
-5445
-6005
-5355
-2401
2056
5982
7842
6962
4043
299
-2674
-4050
-4468
-4181
-2786
-366
1742
2504
1751
640
-262
-737
-605
11
691
1012
1015
825
316
-598
-1514
-1541
-436
1560
3441
4932
5829
6094
5870
4784
3579
1756
-2667
-7945
-10674
-8482
-4396
-1164
1065
3410
4651
4330
4112
3771
2930
2505
3914
5522
4647
981
-3070
-6667
-9856
-11086
-9118
-5205
-1233
2301
5311
6735
5461
2571
104
-1347
-1918
-1430
-283
58
-1206
-3214
-4439
-4919
-5040
-4040
-1045
3005
5980
6795
5530
2509
-976
-3569
-4220
-3829
-2852
-1532
-43
719
457
-243
-808
-672
131
1279
2121
2515
2278
1488
159
-1206
-2022
-2309
-1722
-382
1528
3262
4365
4870
4971
4699
4026
2845
2046
-307
-4384
-8308
-8490
-5227
-1854
442
2322
4221
4288
3747
3324
3272
2979
3373
4299
4062
1565
-2002
-5548
-8869
-10874
-9590
-5541
-1291
1655
3757
5126
4676
2443
157
-1009
-1005
-100
1328
1844
445
-2194
-4219
-5048
-5066
-4101
-1551
1878
4643
5463
4625
2582
-592
-3607
-4931
-3934
-1985
-163
529
181
-627
-1025
-804
-291
759
2282
3496
3387
2181
306
-1704
-3420
-3887
-3194
-1413
490
2158
3392
4063
4329
4171
4056
3637
3091
2627
2887
929
-3507
-7647
-7361
-4136
-1375
149
1746
3041
2629
2252
2490
2853
2826
3633
4462
3464
565
-2535
-5301
-8229
-9636
-7343
-2785
763
2126
2348
2076
1280
382
37
184
802
2104
3367
2613
-500
-4103
-5991
-5804
-4286
-1999
816
3473
4822
4319
2302
-494
-2890
-4043
-3506
-2056
-458
427
466
-67
-492
-291
378
1321
2049
2238
1551
573
-501
-1884
-3442
-3877
-2639
-341
1319
2360
3025
3833
4237
4198
4043
3681
3517
3115
3438
1956
-1977
-6488
-7592
-5167
-2919
-1364
48
1766
1801
1482
1896
2610
3133
4071
5062
4117
1404
-1070
-3121
-5790
-8046
-7309
-3976
-1061
95
423
552
292
246
944
1757
2115
2415
2811
2037
-561
-3481
-4714
-3914
-2252
-547
1077
2476
3026
2259
334
-1380
-2480
-2834
-2526
-1462
-232
160
-35
-557
-804
-859
-292
796
1842
2212
1694
503
-797
-1805
-2300
-2087
-1014
182
1139
1573
1938
2180
2399
2552
2856
3314
3650
3959
3611
3363
1167
-2796
-6684
-6872
-4176
-1943
-678
411
1703
1358
741
930
1563
2268
3820
5379
4582
1629
-1037
-2850
-5006
-7053
-6575
-3851
-1351
-157
297
311
-88
-46
831
1541
1513
1527
1994
1615
-50
-1633
-1892
-1122
-265
310
649
741
490
-213
-1438
-2300
-2487
-2094
-1737
-1194
-677
-416
-414
-585
-386
78
908
1639
2260
2291
1442
69
-979
-1355
-1419
-1326
-768
-157
359
550
872
1244
1884
2637
3356
3880
4103
4198
3843
3104
336
-3268
-5702
-4645
-2603
-1437
-802
-78
168
-716
-774
3
1242
2720
4672
5235
3338
609
-1245
-2945
-4905
-5467
-3660
-1197
125
478
163
-738
-1628
-1277
-207
601
1184
2114
2674
1937
417
-655
-940
-776
-498
-238
-96
-142
-300
-910
-1625
-2025
-1941
-1898
-1885
-1650
-1411
-1174
-786
89
951
1508
1940
2484
2817
2198
780
-617
-1355
-1574
-1606
-1360
-986
-509
-47
343
700
1216
2147
3053
3791
4021
4247
4061
3947
2503
-757
-4246
-5141
-3208
-1846
-1285
-1107
-714
-1273
-1573
-846
88
1131
2918
4656
4032
1692
-7
-725
-1992
-3142
-2643
-853
243
333
-374
-1725
-3021
-2941
-1460
-158
657
1556
2484
2305
1084
-337
-1160
-1167
-400
403
664
658
745
480
-586
-1583
-2151
-2600
-3151
-3074
-2409
-1794
-1136
73
1524
2277
2429
2344
2225
1794
1105
304
-317
-744
-1000
-1049
-911
-800
-733
-350
370
1114
1844
2779
3586
3983
3822
3746
3155
1115
-1828
-3580
-2920
-1752
-1101
-798
-507
-1024
-1792
-1638
-887
-16
1162
2669
3023
2094
987
332
-468
-1318
-1483
-895
-78
327
-36
-1313
-2311
-2352
-1589
-871
-225
503
1084
1087
423
-479
-1256
-1323
-640
292
777
984
1155
1133
449
-623
-1323
-1751
-2321
-2787
-2549
-1829
-1188
-600
-22
441
783
1199
1387
1194
1106
1263
1192
705
174
-216
-369
-282
-197
-281
-268
268
923
1444
1858
2405
2844
3018
3097
2557
845
-1465
-2473
-1667
-623
-348
-241
-113
-578
-1429
-1653
-1158
-325
790
1800
2025
1535
1012
396
-430
-1027
-1140
-944
-452
159
137
-693
-1407
-1425
-1076
-746
-381
29
233
239
-26
-524
-1091
-1190
-709
-10
520
802
890
652
69
-702
-1255
-1489
-1368
-1022
-651
-432
-332
-332
-464
-492
-136
401
691
694
710
842
845
612
195
-208
-454
-483
-454
-490
-475
-238
171
614
970
1326
1741
2089
2044
1493
706
217
295
657
811
590
269
74
-91
-354
-487
-251
244
657
843
863
729
406
35
-299
-598
-841
-743
-316
27
-106
-444
-671
-726
-721
-667
-582
-500
-391
-268
-251
-462
-704
-858
-768
-472
-75
128
28
-278
-561
-735
-855
-840
-651
-348
-183
-340
-736
-1139
-1339
-1274
-890
-382
85
462
784
980
891
575
264
175
196
212
118
69
151
275
380
466
763
1242
1733
1934
1896
1773
1679
1513
1184
828
529
364
258
179
53
-30
5
123
200
124
15
-10
52
58
60
99
75
-127
-433
-593
-692
-835
-998
-956
-886
-791
-707
-644
-712
-820
-817
-726
-697
-718
-696
-686
-699
-743
-752
-792
-771
-677
-438
-220
-76
-58
-205
-541
-911
-1056
-1067
-1022
-881
-472
57
430
615
782
979
1057
1048
1083
1189
1132
898
652
586
550
414
252
291
685
1309
1891
2100
1917
1468
1100
849
707
634
690
738
646
413
86
-292
-676
-879
-833
-515
-104
267
376
293
150
8
-258
-644
-937
-967
-794
-744
-910
-1129
-1173
-1071
-994
-985
-935
-840
-704
-583
-571
-772
-1030
-1141
-1019
-790
-597
-478
-461
-424
-316
-119
29
159
185
80
-179
-445
-665
-812
-786
-494
50
626
1061
1325
1468
1450
1347
1298
1325
1246
976
665
553
611
731
744
671
617
719
907
1076
1187
1301
1379
1270
1025
767
494
56
-418
-645
-582
-452
-398
-382
-378
-352
-252
-127
-102
-129
-66
73
27
-362
-929
-1334
-1498
-1479
-1457
-1397
-1233
-962
-783
-828
-1067
-1363
-1452
-1220
-714
-344
-255
-277
-224
-309
-649
-984
-967
-562
-24
482
785
826
640
375
79
-209
-310
-67
450
914
1238
1410
1434
1230
933
729
794
1158
1643
1902
1707
1279
876
548
197
-30
8
334
684
880
887
787
668
592
553
446
310
141
-80
-422
-796
-1045
-1094
-923
-634
-352
-159
0
30
-162
-477
-734
-860
-988
-1149
-1332
-1438
-1479
-1534
-1683
-1814
-1756
-1508
-1230
-1009
-848
-753
-733
-634
-414
-233
-234
-255
-141
-80
-187
-329
-247
53
525
993
1346
1497
1539
1510
1322
1020
762
723
808
959
1118
1303
1344
1223
1039
933
909
1021
1225
1352
1278
988
607
135
-303
-588
-569
-293
153
607
894
947
813
577
184
-256
-600
-686
-635
-592
-652
-765
-851
-907
-982
-1051
-964
-710
-467
-477
-694
-1004
-1295
-1553
-1741
-1854
-1819
-1608
-1329
-1181
-1161
-1108
-1013
-936
-831
-535
-163
119
310
501
529
386
244
258
325
431
663
1008
1350
1556
1603
1462
1334
1336
1451
1440
1281
1014
823
760
793
792
699
601
569
631
727
767
701
624
608
581
376
41
-234
-300
-238
-201
-204
-78
168
340
305
167
-3
-240
-498
-696
-818
-927
-1007
-1086
-1198
-1342
-1444
-1512
-1552
-1503
-1321
-1072
-887
-850
-926
-1023
-1113
-1224
-1354
-1339
-1091
-724
-464
-314
-134
62
189
224
351
571
863
1078
1218
1156
972
822
786
796
809
951
1136
1351
1462
1519
1382
1195
1022
923
779
622
479
334
229
205
238
169
27
-70
17
208
429
595
706
696
524
163
-268
-632
-794
-786
-676
-533
-395
-346
-461
-687
-865
-917
-904
-880
-826
-750
-714
-782
-959
-1206
-1416
-1466
-1344
-1116
-851
-568
-318
-161
-166
-273
-363
-325
-217
-99
44
313
622
790
746
679
718
791
788
721
711
744
787
773
755
750
768
737
673
633
647
687
706
739
744
700
567
431
331
292
264
187
55
-69
-103
-104
-185
-372
-477
-355
-75
110
124
47
-76
-328
-731
-1109
-1296
-1289
-1171
-973
-773
-648
-660
-751
-860
-904
-799
-523
-176
127
316
347
210
-59
-334
-455
-345
-57
259
457
505
492
467
379
202
56
67
189
322
436
557
672
740
716
589
418
268
116
-38
-90
31
204
315
368
393
342
213
129
116
140
201
311
381
337
170
-66
-309
-438
-407
-340
-362
-440
-468
-514
-667
-925
-1101
-1044
-732
-292
69
191
103
-92
-369
-667
-861
-813
-587
-246
138
443
519
425
342
331
396
551
777
934
1015
1034
988
784
455
116
-73
-49
125
298
358
306
169
-15
-238
-448
-579
-519
-259
50
198
159
70
26
-37
-197
-404
-500
-406
-228
-96
-61
-98
-191
-242
-242
-258
-305
-269
-148
-91
-198
-355
-457
-524
-589
-640
-579
-399
-146
-2
-48
-192
-221
-125
-60
-65
-10
214
531
847
1035
1066
925
728
519
375
325
427
612
789
893
880
747
543
392
318
270
195
170
179
200
131
4
-166
-319
-439
-519
-599
-657
-636
-575
-556
-626
-672
-637
-555
-529
-521
-473
-406
-432
-533
-588
-546
-463
-447
-519
-627
-645
-569
-458
-377
-268
-101
98
236
271
227
209
282
391
438
427
464
576
673
677
684
752
857
862
795
721
710
663
533
343
274
390
601
746
780
720
521
244
-51
-247
-367
-348
-197
28
148
120
-64
-293
-514
-649
-725
-744
-694
-556
-401
-352
-460
-697
-922
-1057
-1081
-1076
-1052
-1007
-928
-886
-873
-831
-722
-567
-417
-274
-176
-104
-53
27
155
317
481
640
771
847
885
901
929
975
1078
1222
1351
1402
1348
1216
1032
835
648
484
348
306
373
460
409
225
71
30
-13
-144
-300
-352
-353
-379
-429
-430
-393
-344
-297
-278
-298
-394
-525
-694
-861
-1006
-1003
-841
-589
-436
-453
-571
-717
-840
-935
-935
-880
-746
-572
-346
-192
-142
-187
-203
-176
-115
-33
104
285
464
595
668
744
868
1019
1101
1093
1059
1075
1108
1109
1043
973
917
910
875
786
599
433
343
365
368
336
247
165
59
-130
-376
-613
-741
-817
-843
-871
-808
-718
-712
-877
-1051
-1070
-991
-961
-1008
-1000
-930
-800
-686
-601
-575
-507
-386
-262
-222
-254
-273
-212
-104
-8
110
293
501
617
677
745
809
794
752
719
721
726
796
912
1005
1005
958
875
733
534
386
354
407
468
471
404
314
269
255
213
120
47
10
-26
-143
-302
-463
-607
-708
-759
-790
-863
-942
-973
-920
-855
-819
-846
-914
-986
-1042
-1055
-1054
-1003
-889
-698
-526
-414
-347
-262
-182
-126
-64
99
342
570
727
852
958
1007
1011
992
975
954
992
1063
1102
1034
946
878
813
738
705
721
726
689
626
518
335
111
-45
-91
-67
-49
-80
-166
-272
-379
-522
-739
-984
-1104
-1076
-981
-922
-884
-856
-820
-789
-745
-710
-695
-683
-644
-605
-611
-640
-634
-569
-501
-403
-242
-31
98
128
160
299
462
567
582
568
542
548
594
657
725
794
834
779
673
583
550
526
531
579
658
689
649
555
446
344
257
206
201
242
269
227
75
-147
-356
-487
-555
-617
-687
-721
-712
-696
-710
-738
-770
-798
-796
-728
-625
-543
-539
-562
-560
-506
-428
-364
-295
-219
-95
32
169
287
442
585
698
734
730
677
610
581
568
522
456
448
453
398
309
317
380
362
231
123
85
83
50
-22
-122
-169
-117
-35
-58
-161
-216
-228
-308
-457
-561
-591
-586
-578
-553
-554
-566
-565
-520
-467
-411
-368
-328
-249
-107
58
179
236
225
171
138
188
257
297
339
480
658
780
800
759
707
664
681
725
750
686
593
468
339
204
108
58
46
51
45
-8
-93
-164
-213
-266
-363
-477
-579
-643
-692
-746
-830
-881
-854
-754
-686
-695
-721
-699
-681
-712
-739
-696
-593
-512
-432
-355
-261
-161
-13
135
258
352
461
570
626
656
685
747
784
836
860
897
913
945
968
976
942
893
877
902
930
913
862
742
541
270
20
-178
-349
-490
-523
-458
-392
-417
-505
-625
-743
-868
-931
-944
-914
-904
-943
-1042
-1147
-1188
-1158
-1090
-1001
-863
-691
-532
-438
-416
-420
-392
-300
-143
58
268
446
559
630
678
758
852
957
1041
1128
1192
1193
1106
970
847
761
734
733
734
680
650
619
577
465
343
216
96
-17
-109
-192
-288
-398
-517
-630
-745
-830
-902
-944
-986
-984
-942
-847
-762
-690
-642
-592
-586
-633
-704
-729
-704
-623
-468
-248
-50
100
222
328
397
419
443
482
531
556
566
555
568
625
725
790
783
722
685
685
688
636
530
422
361
332
300
246
197
158
118
49
-26
-90
-145
-200
-257
-317
-411
-533
-678
-817
-954
-1033
-1036
-986
-944
-898
-789
-633
-505
-419
-343
-256
-180
-122
-52
24
115
207
288
300
278
281
340
411
479
590
758
937
1046
1060
986
865
704
539
400
321
279
259
237
211
169
102
4
-106
-208
-303
-377
-425
-464
-527
-604
-642
-625
-588
-562
-578
-644
-704
-700
-655
-627
-624
-605
-561
-480
-378
-272
-185
-81
39
161
260
347
429
495
559
610
630
595
530
470
433
407
414
452
508
569
651
727
743
684
607
556
514
441
349
243
150
64
-32
-165
-308
-410
-460
-490
-537
-555
-514
-420
-342
-339
-416
-543
-684
-805
-885
-897
-854
-771
-658
-521
-398
-309
-259
-234
-234
-220
-161
-52
71
170
244
301
367
440
498
513
517
536
570
591
585
543
494
453
429
405
379
378
412
457
452
405
352
328
321
303
241
153
54
-41
-150
-285
-416
-508
-540
-523
-497
-469
-433
-414
-418
-447
-476
-492
-487
-474
-457
-436
-400
-360
-341
-340
-322
-257
-179
-107
-36
79
219
355
428
448
411
353
294
266
261
269
284
304
329
341
352
347
320
265
217
183
185
199
214
199
163
114
61
-1
-67
-105
-109
-94
-86
-93
-126
-190
-274
-341
-364
-348
-292
-190
-85
-34
-51
-77
-65
-16
33
53
47
31
7
-45
-124
-201
-218
-164
-60
46
135
196
215
191
132
70
33
33
68
117
151
149
98
-3
-115
-193
-215
-197
-165
-119
-49
36
95
103
58
-13
-93
-139
-136
-101
-70
-34
9
49
73
76
68
59
57
64
81
106
129
131
105
45
-11
-36
-30
-11
-1
10
25
46
54
39
-2
-56
-88
-86
-68
-42
-3
49
95
104
86
71
70
83
100
106
71
17
-39
-94
-166
-216
-212
-179
-153
-146
-150
-165
-198
-231
-245
-226
-166
-80
9
63
81
64
23
-23
-34
-3
59
142
237
320
375
393
383
343
288
221
168
135
129
136
138
103
26
-55
-121
-163
-193
-196
-181
-155
-145
-146
-155
-168
-187
-203
-196
-165
-107
-56
-23
-20
-31