SAMPLES:	7754
BITSPERSAMPLE:	16
CHANNELS:	1
SAMPLERATE:	16000
NORMALIZED:	FALSE
1
1
1
1
0
1
1
1
1
1
-1
-2
-1
-1
-1
0
0
1
0
1
2
1
0
0
-1
-1
-1
-1
3
1
-4
1
1
1
0
0
3
4
2
2
4
-1
0
0
0
0
0
1
-1
4
-3
0
-2
-1
2
-3
-3
-2
5
1
-3
-1
0
0
0
-3
-4
4
0
0
-2
0
-1
-3
6
-6
-3
3
-7
0
0
5
-3
-4
-1
-7
1
-4
21
10
-51
3
27
-27
-16
-6
21
18
8
-5
-10
5
10
-7
2
2
-19
18
0
6
-2
-7
13
7
4
-12
1
-6
3
6
-4
2
3
18
1
4
-7
-3
11
-19
-4
9
21
-1
-18
15
1
-10
-4
11
-13
-7
7
-20
18
-4
-16
-14
4
34
-7
-14
23
-2
0
-11
0
18
-30
21
26
12
1
-41
-13
26
17
-19
-1
6
6
37
7
-79
-11
47
10
-33
-21
59
-8
-6
-21
2
41
-26
26
-11
-29
4
42
-3
-65
19
54
-14
-28
27
-14
-50
-27
97
-38
-55
16
32
8
-23
55
-31
6
19
10
-29
-22
73
-13
-73
56
8
14
14
-66
-46
-3
119
-70
-63
40
23
106
-114
-73
20
5
151
-141
-142
175
81
-121
-15
28
-53
103
66
-140
-85
80
82
-12
-98
-12
153
-13
36
-15
-60
6
10
32
-154
12
46
99
46
-241
99
72
-86
23
-100
93
-40
36
89
-201
94
113
-121
143
-7
-111
-25
21
96
-139
-75
79
140
-56
-37
16
-2
2
-63
167
13
-95
-52
-27
-69
63
-5
-48
117
59
53
-95
-96
28
22
-6
97
-78
-19
-41
-42
202
-63
-30
52
31
19
-12
87
-76
51
37
38
82
-71
37
24
-136
-44
109
-33
-25
4
-81
107
-74
26
59
-70
114
-33
-23
2
-23
-142
13
96
-52
-5
24
39
-240
-70
39
-185
117
-14
130
-89
-8
27
-3
69
-7
210
-81
-56
118
-249
31
146
38
142
-46
45
-76
-15
-48
3
148
-50
12
151
-270
32
53
-10
57
-1
-60
12
17
-328
143
26
-210
388
-79
-194
-85
-84
264
-323
50
286
-91
-32
101
-109
-198
126
132
74
8
-182
96
-196
-81
98
-111
124
167
-98
19
-90
-57
248
-202
213
4
-7
-39
-46
169
-265
329
68
-170
185
-151
18
49
-98
18
123
-88
-113
45
25
-117
-2
21
-38
67
-286
189
-42
-24
-25
-77
275
-222
101
269
-212
-29
277
-92
-184
76
-74
171
-195
-187
640
-288
-327
609
-332
-151
436
-364
254
-137
-256
647
-373
-303
506
-48
-197
218
159
-264
201
238
-222
285
-496
491
21
-613
489
-149
33
-149
-136
236
-300
69
-116
-199
-160
-137
260
-479
169
337
-7
49
-209
447
254
-349
457
274
-527
248
-129
-69
300
-136
355
-70
-430
-103
86
-631
183
484
-192
-282
-1
212
-135
-174
513
322
-476
297
83
-321
-175
205
654
-151
-232
367
-143
-333
-4
359
-4
-321
598
-441
-308
186
-41
300
-242
143
326
-423
-324
175
-142
-79
364
-190
90
-102
-328
380
-730
-186
126
-401
-27
8
25
-226
2
399
-62
321
236
165
157
-869
526
19
-307
626
-385
191
0
-314
564
-362
-249
647
96
-387
-2
175
-284
-84
217
172
254
-157
208
-56
-286
87
66
-92
16
357
-264
135
-216
-17
49
-282
183
241
-342
-207
191
-150
-106
-11
356
-204
156
168
68
-117
-148
745
-228
257
126
-222
165
-486
232
64
-753
747
-234
-547
470
-520
314
-147
-137
627
-349
-196
33
220
-219
-245
773
-53
-142
58
14
122
-549
214
844
-586
-283
516
-346
-155
-104
269
82
-264
260
-63
-268
-95
5
71
-13
-308
203
203
-614
316
247
-210
230
395
-112
-149
248
-46
442
-242
-102
334
-380
146
-143
15
-140
-162
290
-376
-379
241
38
-86
179
-6
92
-174
-89
455
-42
125
201
179
29
-269
456
-59
-309
254
-59
-110
-159
-114
90
-343
44
-197
-181
-35
-703
222
-232
-570
322
-190
-321
-122
293
253
-4
440
412
155
109
216
343
-275
-14
501
-122
-182
102
-33
-394
-339
174
-96
-405
93
194
-109
-540
157
161
-300
502
227
44
100
-61
283
-1
-184
402
439
-101
-128
215
-335
-196
461
100
-246
103
215
-87
-157
-102
189
-101
-100
384
141
-160
1
490
237
-108
492
217
-178
-94
12
-61
-332
-218
4
-293
-338
79
-379
-587
-243
-75
-535
-341
-67
-360
-188
-78
117
-164
-316
135
2
-163
12
350
-21
35
204
-343
-23
-20
13
224
11
310
361
-14
257
251
263
712
769
673
435
349
390
208
322
431
535
409
-115
145
-174
-356
37
174
21
-107
-110
-399
-442
-517
-94
61
-189
-72
-48
-554
-771
-336
-355
-394
-116
-90
-642
-793
-640
-673
-764
-504
-356
-560
-535
-761
-712
-474
-297
-11
83
120
100
284
287
274
538
641
699
694
562
605
805
1042
1138
930
1133
997
698
953
782
573
701
773
731
346
366
437
252
184
128
104
-241
-268
-196
-403
-596
-331
-232
-704
-743
-800
-1006
-1037
-967
-993
-1077
-1239
-1255
-1306
-1389
-1466
-1434
-1231
-1184
-917
-804
-806
-641
-628
-383
-164
-32
347
662
830
683
797
709
606
839
910
1109
1364
1249
1213
1282
1194
1442
1414
1656
1500
1414
1492
1181
1125
1012
1149
1128
1024
832
608
425
231
207
194
-54
-256
-462
-756
-886
-1173
-1268
-1213
-1339
-1458
-1768
-1999
-2297
-2245
-2254
-2262
-2052
-2200
-2182
-2103
-1902
-1663
-1477
-996
-712
-397
-220
-74
317
619
900
1125
1172
997
657
753
974
1077
1405
1735
1786
1793
1703
1623
1852
1561
1867
2030
1764
1639
1349
1470
1349
1411
1631
1541
1235
1062
834
511
211
197
11
-274
-395
-679
-1014
-1373
-1505
-1646
-1997
-2259
-2480
-2859
-3237
-3234
-2993
-2941
-2805
-2662
-2377
-2171
-1920
-1448
-1129
-872
-345
9
55
304
685
1110
1141
1348
1499
893
708
915
809
1184
1485
1541
1795
1708
1386
1407
1594
1485
1729
2092
1765
1436
1452
1521
1429
1694
2085
1830
1668
1575
1122
574
370
427
438
83
-180
-449
-1068
-1415
-1727
-1987
-2104
-2315
-2630
-3038
-3343
-3323
-3181
-3158
-2745
-2400
-2338
-2142
-1781
-1530
-1284
-699
-110
255
309
563
769
588
756
1127
1294
1131
886
943
894
518
1072
1408
1234
1574
1539
1444
1078
1151
1401
1628
1395
1584
1658
1224
1261
1075
1449
1513
1283
1407
1205
572
392
310
14
141
-16
-224
-436
-888
-1268
-1645
-1609
-1634
-1761
-1874
-2007
-2222
-2588
-2396
-2041
-1978
-1723
-1366
-1163
-1031
-996
-812
-376
-162
50
332
337
297
289
249
610
677
515
784
468
366
275
328
603
381
647
852
903
999
809
1002
1115
1083
1087
876
1060
954
638
797
738
612
630
614
538
445
276
109
86
-122
-212
-89
-194
-320
-372
-381
-356
-784
-741
-695
-851
-867
-821
-856
-1126
-1242
-885
-672
-802
-569
-318
-295
-418
-351
-231
-227
-51
-51
21
39
-123
-99
-111
0
71
209
34
76
128
-190
-245
66
283
18
188
569
329
-32
204
330
238
92
463
405
134
398
294
307
250
365
231
240
431
471
452
510
510
573
482
355
653
645
510
586
607
296
46
53
53
-169
-230
-71
-198
-386
-432
-425
-484
-554
-489
-422
-430
-615
-614
-419
-515
-602
-416
-447
-632
-728
-474
-475
-638
-572
-490
-522
-672
-736
-762
-751
-372
-434
-308
-77
-270
58
186
75
161
379
741
370
320
843
586
387
503
1085
900
559
1260
1388
666
712
1163
1105
884
1089
1393
1099
767
676
786
560
270
437
632
215
-150
-209
-495
-779
-786
-675
-823
-925
-878
-1056
-1324
-1253
-1084
-1107
-1089
-1024
-892
-1075
-1191
-945
-1102
-1163
-851
-631
-785
-749
-409
-724
-691
-481
-516
-255
106
58
78
450
553
493
514
733
895
727
985
1172
935
1103
1009
1209
1377
1138
1409
1559
1464
1620
1429
1302
1485
1264
1102
1237
1076
542
556
571
93
-81
39
-423
-813
-870
-1090
-1439
-1584
-1643
-1924
-1708
-1389
-1500
-1655
-1408
-1462
-1740
-1187
-910
-1423
-1283
-575
-855
-1108
-573
-443
-738
-529
219
-291
-804
-133
-58
-330
138
508
487
589
866
925
1035
826
1025
1370
1167
1207
1240
1391
1291
1400
1741
1909
1642
1560
1964
1665
1311
1369
1438
858
577
848
403
-86
95
197
-336
-659
-700
-984
-1475
-1664
-1488
-1615
-1935
-2017
-1734
-1933
-2151
-1653
-1368
-1459
-1409
-1043
-873
-1277
-1031
-329
-782
-786
31
-472
-848
-224
-72
-481
-352
322
-9
-517
156
571
200
356
1063
1334
1003
1058
1403
1452
1311
1444
1687
1686
1407
1590
1655
1498
1573
1742
1586
1483
1531
1232
738
592
624
277
120
202
70
-311
-410
-484
-691
-999
-1202
-1077
-1324
-1805
-1742
-1577
-1892
-2043
-1681
-1577
-1792
-1686
-1329
-1211
-1172
-942
-568
-669
-845
-579
-425
-573
-899
-326
-2
-453
-403
177
-74
-466
83
263
227
394
719
967
1142
1181
1359
1658
1558
1646
1727
1834
1800
1716
1445
1494
1732
1556
1560
1616
1483
1095
953
765
532
471
419
321
92
-63
-306
-515
-684
-780
-938
-1134
-1240
-1384
-1649
-1836
-1814
-1794
-1767
-1749
-1827
-1751
-1537
-1495
-1377
-1044
-767
-892
-615
-336
-814
-753
-452
-775
-991
-420
-313
-790
-487
109
-79
-254
192
379
233
401
1044
1287
1227
1521
1689
1814
1948
1824
1826
2038
1978
1692
1739
1764
1563
1331
1425
1392
1139
912
874
831
506
311
448
251
-182
-275
-322
-561
-783
-810
-923
-1171
-1387
-1462
-1554
-1710
-1780
-1696
-1773
-1937
-1911
-1719
-1691
-1628
-962
-878
-917
-706
-647
-784
-1169
-769
-737
-1137
-772
-483
-651
-765
-46
308
-120
462
843
407
458
1095
1173
967
1588
2147
1922
1673
1948
2101
1734
1595
2038
2136
1649
1432
1434
1015
751
950
1012
988
819
681
626
366
-89
-207
-76
-264
-499
-570
-712
-1130
-1298
-1189
-1326
-1575
-1481
-1468
-1797
-1965
-1831
-1935
-1993
-1608
-1237
-1123
-960
-668
-504
-766
-732
-547
-847
-862
-756
-796
-706
-433
-333
-188
93
209
203
319
486
657
677
758
1082
1456
1349
1531
1983
1871
1733
1923
2054
1822
1689
1697
1502
942
780
1056
1239
930
767
975
795
196
15
181
-148
-520
-350
-329
-896
-1273
-1033
-1033
-1379
-1253
-1162
-1393
-1583
-1537
-1515
-1652
-1726
-1513
-1138
-1030
-927
-504
-412
-640
-521
-372
-561
-947
-656
-630
-922
-576
-484
-600
-649
-253
-70
-55
434
507
279
280
812
934
1059
1608
1718
1779
1732
1923
1913
1979
2074
2194
1809
1306
1135
870
795
850
1132
1051
783
645
399
-21
-159
-99
-243
-399
-419
-659
-1028
-1200
-1071
-1008
-1074
-992
-968
-1173
-1382
-1384
-1455
-1523
-1301
-1010
-1027
-932
-873
-932
-718
-638
-892
-818
-667
-1017
-1254
-1131
-892
-1140
-919
-573
-511
-371
-179
206
149
446
711
843
910
1422
1585
1484
1960
2342
2113
2083
2666
2635
1857
1428
1683
1374
739
915
1416
959
501
812
779
195
89
239
46
-192
-224
-341
-694
-894
-738
-590
-818
-941
-879
-1088
-1359
-1285
-1257
-1532
-1591
-1462
-1515
-1596
-1471
-1235
-1253
-1307
-1059
-1084
-1437
-1528
-1286
-1304
-1860
-1096
-708
-1450
-1018
-321
-259
-125
342
629
803
770
1012
1376
1601
1708
1881
2552
2798
2147
2489
3584
2828
1452
2043
2201
987
852
1820
1518
786
1170
1061
412
444
654
252
78
186
-227
-790
-891
-805
-872
-779
-761
-919
-1228
-1562
-1702
-1720
-1788
-1866
-1742
-1785
-2039
-2144
-1846
-1730
-1893
-1384
-1116
-1552
-1703
-1396
-1711
-1930
-1263
-1186
-1143
-841
-446
-220
-29
269
583
794
1191
1539
1445
1700
2158
2416
2490
2970
2871
3113
3500
3100
2626
2204
1878
1569
1472
1359
1509
1386
910
781
899
440
66
322
158
-348
-510
-713
-1305
-1421
-1078
-1030
-1152
-1350
-1458
-1720
-2064
-2111
-2007
-1972
-2015
-2051
-2252
-2341
-2180
-1894
-1930
-1629
-1286
-1448
-1742
-1513
-1400
-1918
-1518
-748
-1028
-945
22
-171
-118
802
904
1173
2085
1516
1714
2527
2351
2359
3185
3381
3003
3825
3795
3098
2956
2549
1646
1731
1768
1333
1458
1263
628
569
572
-3
-194
-9
-302
-551
-765
-1268
-1788
-1614
-1348
-1530
-1484
-1519
-1799
-2280
-2228
-2107
-2189
-2146
-1932
-1962
-2389
-2413
-2175
-2021
-1920
-1597
-1309
-1375
-1539
-1598
-1362
-1234
-1152
-700
-414
-319
-200
213
693
662
1444
2091
1923
1787
2497
2605
2362
3151
3578
3341
3422
3789
3404
3298
2599
2092
2168
1625
1276
1470
1299
474
380
459
-73
-504
-383
-572
-1010
-1075
-1244
-1621
-1909
-1884
-1684
-1664
-1837
-1870
-2046
-2306
-2281
-1990
-1965
-2056
-1946
-1908
-1907
-1946
-1833
-1718
-1707
-1499
-1223
-1157
-1224
-1137
-1052
-957
-685
-512
-148
147
-26
525
1240
1020
1012
2024
2189
1719
2622
3068
2841
2925
3696
3533
3644
3699
3501
2929
1943
1945
1711
1268
1314
1933
933
-13
299
50
-891
-910
-566
-1220
-1503
-1409
-1896
-2352
-2031
-1747
-1964
-1886
-1741
-2111
-2473
-2269
-1886
-1932
-1874
-1658
-1593
-1758
-1610
-1309
-1373
-1439
-1164
-933
-1156
-1268
-1028
-952
-1054
-730
-281
-499
-579
359
501
200
924
1649
983
1254
2478
2334
2273
2781
3550
3311
3317
3949
4035
3700
2651
2404
2200
1560
1018
1622
1957
855
197
198
-58
-929
-1055
-723
-1152
-1685
-1726
-1870
-2416
-2345
-1656
-1582
-1878
-1885
-1723
-2096
-2278
-1756
-1384
-1461
-1508
-1244
-1464
-1597
-1248
-955
-1026
-1118
-911
-1066
-1392
-1385
-1107
-927
-876
-624
-574
-561
-399
95
559
895
1188
1592
1707
1572
2202
2550
2814
3211
3848
3830
3786
4009
3613
2897
2282
2190
1830
1118
1307
1576
812
-28
36
212
-590
-933
-736
-1228
-1879
-1909
-1668
-2144
-2166
-1563
-1434
-1812
-1916
-1616
-1860
-2018
-1550
-1227
-1583
-1803
-1630
-1794
-1769
-1333
-997
-1115
-1279
-1166
-1469
-1758
-1692
-1275
-1198
-1371
-1141
-963
-812
-463
268
900
1166
1284
1693
1835
1901
2356
2992
3449
3486
4078
4157
4078
4407
3656
3056
2444
2135
1314
1202
1738
1163
453
230
241
-263
-669
-486
-941
-1521
-1701
-1694
-1981
-2311
-1686
-1492
-1700
-1890
-1638
-1946
-2260
-1854
-1529
-1698
-2032
-1872
-1938
-2039
-1651
-1231
-1158
-1405
-1269
-1387
-1706
-1656
-1525
-1446
-1511
-1185
-1092
-1102
-617
36
601
836
1245
1602
1470
1785
2297
2943
3057
3481
4301
4404
4435
4695
4437
3324
2538
2700
2087
1573
1773
1732
628
-64
558
303
-659
-814
-657
-1460
-2234
-1924
-1911
-2480
-2192
-1507
-1790
-2395
-2168
-1941
-2276
-2216
-1716
-1848
-2448
-2395
-2087
-2018
-1816
-1387
-1222
-1469
-1488
-1319
-1335
-1450
-1399
-1123
-1188
-1101
-803
-550
-236
391
1130
1369
1511
1832
2060
2533
2969
3348
3638
3955
4467
4633
5142
4877
3956
3253
2778
2528
1684
1739
1815
751
-186
-292
37
-709
-1087
-983
-1613
-2455
-2612
-2350
-2679
-2818
-2177
-1977
-2583
-2873
-2381
-2369
-2434
-1969
-1693
-2283
-2732
-2388
-2321
-2065
-1704
-1288
-1519
-1621
-1239
-1227
-1229
-1075
-893
-968
-967
-444
-366
-85
570
1311
1683
1851
2500
2638
2903
3316
3939
4186
4081
4607
5001
5345
5210
4289
3407
2615
2476
1863
1778
1697
680
-446
-875
-433
-911
-1238
-1395
-1886
-2687
-2958
-2600
-2905
-3043
-2579
-2358
-2712
-3025
-2657
-2582
-2435
-1942
-1822
-2345
-2883
-2551
-2354
-2171
-1827
-1596
-1811
-1838
-1219
-1000
-1076
-868
-743
-874
-776
-185
5
200
940
1654
2012
2140
2776
3096
3410
3880
4336
4523
4357
4841
5170
5707
5133
4020
3295
2665
2603
1898
2212
1611
193
-609
-605
-240
-1335
-1474
-1695
-2485
-3079
-2912
-2584
-3283
-3223
-2649
-2833
-3201
-3152
-2652
-2812
-2613
-2225
-2390
-2904
-2901
-2428
-2445
-2223
-1976
-2071
-2286
-1771
-1059
-1049
-1052
-802
-798
-872
-517
203
202
453
1144
1777
2015
2363
3278
3280
3634
4174
4736
4494
4481
5192
5581
5554
4627
3697
3087
2624
2602
2299
2409
1082
-181
-576
-76
-141
-1057
-1537
-2242
-2893
-2822
-2459
-2567
-3160
-2904
-2871
-3172
-3229
-2871
-2608
-2847
-2568
-2459
-2760
-3097
-2681
-2283
-2574
-2461
-2126
-2173
-2217
-1591
-1039
-1564
-1536
-910
-583
-620
-225
294
140
695
1612
2200
2207
2627
3380
3475
3791
4373
4972
4685
4788
5293
5771
4958
3826
3309
3069
2630
2217
2433
1992
309
-340
93
418
-840
-1312
-1496
-2243
-2961
-2412
-2115
-3008
-3316
-2559
-2709
-3355
-3140
-2454
-2813
-3113
-2528
-2539
-3136
-3097
-2362
-2464
-2989
-2589
-2140
-2316
-2023
-1276
-1373
-2140
-1570
-753
-644
-766
-55
230
333
1154
2175
2327
2157
3121
3595
3723
3817
4663
4872
4632
5108
5688
5538
4100
3419
3235
2831
2284
2202
2195
879
-154
19
487
-268
-1091
-1254
-1793
-2449
-2287
-1856
-2409
-2963
-2472
-2393
-2931
-3088
-2352
-2354
-2809
-2618
-2545
-2847
-2906
-2111
-2361
-3095
-2991
-2377
-2369
-2457
-1599
-1686
-2329
-1965
-820
-668
-1242
-728
-153
131
841
1844
2093
1815
2639
3495
3507
3654
4348
4940
4532
5074
5483
5702
4441
3797
3514
2958
2487
2187
2361
1548
209
60
238
347
-744
-1048
-1468
-2042
-2246
-1947
-1916
-2574
-2619
-2237
-2548
-2844
-2627
-2125
-2411
-2654
-2516
-2575
-2837
-2548
-2359
-2654
-2989
-2677
-2287
-2565
-2318
-2167
-2291
-2364
-1734
-1097
-1242
-1269
-833
-395
322
1109
1812
1808
2182
3003
3521
3701
3958
4785
4797
4992
5198
5972
5402
4160
3758
3305
3073
2249
2715
2384
803
70
261
867
-375
-968
-1157
-1841
-2089
-2089
-1471
-2428
-2727
-2225
-2246
-2519
-2684
-2003
-2236
-2596
-2367
-2478
-2675
-2664
-2113
-2224
-2994
-2823
-2699
-2431
-2359
-2039
-2302
-2931
-2440
-1751
-1282
-1407
-1341
-1003
-663
567
1238
1622
1497
2228
3026
3573
3932
4344
4601
4549
5237
5823
6027
4387
3843
3487
3517
2955
2730
2710
1145
331
608
1123
222
-1192
-1139
-1656
-1873
-2018
-1692
-2333
-2962
-2271
-2029
-2469
-2744
-2208
-2034
-2442
-2149
-2010
-2457
-2513
-2003
-1859
-2461
-2511
-2171
-2291
-2054
-1878
-2072
-2664
-2277
-1618
-1628
-1654
-1449
-1118
-866
64
905
1117
1189
1895
2504
3174
3532
4343
4305
4493
4862
5692
5818
4689
4074
3622
3658
3000
2945
2848
1512
670
539
1247
221
-810
-1226
-1637
-2030
-2107
-1675
-2346
-2958
-2530
-2240
-2427
-2733
-2199
-2153
-2316
-2110
-1928
-2094
-2253
-1775
-2001
-2036
-2186
-2018
-2035
-1795
-1493
-2134
-2268
-2016
-1692
-1783
-1767
-1287
-1434
-943
-232
629
710
1152
1864
2213
2626
3033
4088
4130
4387
4627
5475
5428
4259
4043
3728
3733
2804
2783
2875
1319
795
758
1488
209
-963
-1059
-1643
-1838
-1948
-1733
-2564
-3157
-2330
-2209
-2535
-2813
-2361
-2231
-2497
-2049
-1992
-2144
-2117
-2051
-1792
-1882
-1681
-1890
-1817
-1367
-1450
-1687
-1738
-1412
-1590
-1760
-1366
-1108
-1017
-850
-135
439
762
1282
1823
2099
2449
3099
3888
3994
4017
4556
5184
4818
3921
3617
3717
3130
2831
2784
2463
910
711
1400
1228
-180
-996
-940
-1530
-1778
-1410
-1807
-2812
-2956
-1997
-2157
-2685
-2548
-2287
-2420
-2448
-1962
-2101
-2500
-2110
-1896
-2036
-2095
-1910
-1687
-1808
-1214
-1301
-1635
-1630
-1209
-989
-1441
-1123
-826
-493
-154
386
731
738
1490
2200
2595
2455
3171
3627
4151
4142
4781
4819
3546
3512
3343
3619
2532
2429
2639
1303
799
923
1552
333
-795
-737
-1253
-1537
-1677
-1478
-2269
-2838
-2091
-2078
-2387
-2578
-2190
-2241
-2478
-2108
-2098
-2414
-2222
-1895
-2247
-2174
-1916
-1669
-1969
-1557
-1125
-1626
-1568
-1075
-733
-1223
-1332
-713
-362
45
373
651
800
1276
2240
2604
2485
2789
3281
4015
3852
4500
4565
3603
3305
3246
3661
2433
2285
2608
1562
757
682
1556
530
-709
-674
-926
-1285
-1725
-1425
-2165
-2698
-2172
-1951
-2440
-2764
-2228
-2172
-2561
-2204
-2076
-2403
-2516
-2000
-1983
-2344
-2071
-1775
-1761
-1789
-1283
-1324
-1533
-1291
-881
-757
-947
-727
-404
22
557
965
1112
1223
1941
2516
3018
2887
3335
3594
4020
4392
4605
3945
3036
3066
3291
2865
2193
2144
1764
645
738
1145
729
-708
-984
-813
-1210
-1607
-1594
-1972
-2609
-2253
-1718
-2218
-2775
-2483
-2080
-2370
-2387
-2062
-2214
-2505
-2212
-1841
-2357
-2284
-2006
-1656
-1837
-1619
-1240
-1561
-1282
-988
-655
-907
-742
-145
56
561
887
1297
1440
2009
2894
2976
3144
3270
3969
4221
4417
4885
3769
3038
2952
3504
2893
1780
2077
1376
496
413
1321
558
-1395
-1405
-847
-1057
-1880
-1849
-2048
-2800
-2300
-1537
-1974
-2740
-2539
-1815
-2118
-2239
-1826
-2118
-2294
-2237
-1688
-2055
-2208
-1888
-1904
-1733
-1685
-1292
-1630
-1470
-1077
-961
-908
-845
-212
-21
399
1015
1343
1587
1894
2594
3177
3290
3743
3990
4199
4404
4836
4251
3300
3006
3229
2943
2143
2135
1373
303
420
1091
572
-1169
-1538
-1207
-1415
-1723
-1746
-2265
-2905
-2400
-1641
-2068
-2646
-2306
-1924
-2097
-2121
-1746
-1990
-2263
-1988
-1729
-2204
-2053
-1892
-1801
-1952
-1579
-1456
-1792
-1494
-1128
-1003
-1173
-803
-341
-136
533
938
1322
1416
2097
2730
2916
3250
3652
4184
4067
4371
4847
4273
3252
3159
3331
2966
2193
2377
1609
228
383
1143
691
-1155
-1451
-1180
-1488
-1818
-1764
-2087
-3046
-2518
-1742
-2058
-2715
-2461
-1883
-2131
-2146
-1775
-1926
-2218
-1988
-1589
-1849
-2101
-1819
-1749
-1677
-1515
-1422
-1665
-1629
-1128
-941
-993
-905
-438
-128
354
973
1209
1498
1738
2637
2867
3258
3483
3823
4110
4244
4844
3776
3350
3077
3382
2899
2242
2446
1428
688
595
1182
411
-1048
-1196
-1170
-1409
-1783
-1803
-2280
-2867
-2459
-1847
-2275
-2648
-2449
-1980
-2093
-2052
-1822
-2112
-1991
-1860
-1516
-2020
-1908
-1572
-1812
-1553
-1462
-1178
-1773
-1522
-940
-999
-1033
-923
-262
-167
360
1013
1209
1430
1824
2709
2849
3106
3480
3815
3969
4343
4630
3615
3075
3159
3321
2616
2251
2431
1298
356
858
1353
108
-1329
-1126
-919
-1451
-1730
-1766
-2419
-2870
-2109
-1782
-2523
-2831
-2297
-1908
-2218
-1999
-1846
-2141
-1983
-1682
-1589
-1982
-1878
-1677
-1661
-1448
-1335
-1387
-1574
-1247
-1019
-880
-824
-701
-452
-79
615
1111
1222
1405
1979
2466
3118
3185
3553
3648
3875
4630
4222
3562
3033
3294
3047
2364
2549
2269
1040
300
1091
1203
-292
-1277
-1035
-1045
-1592
-1699
-1825
-2672
-2709
-1938
-2034
-2747
-2806
-2067
-2167
-2292
-1991
-1996
-2169
-1914
-1502
-1832
-1958
-1908
-1475
-1575
-1323
-1236
-1478
-1418
-1198
-688
-749
-797
-690
-287
312
773
1119
1319
1552
2080
2603
3128
3284
3397
3711
3951
4479
3991
3326
3144
3064
2906
2200
2404
1936
831
505
855
888
-625
-1143
-1032
-1261
-1640
-1795
-1842
-2667
-2499
-1890
-2159
-2641
-2580
-2008
-2236
-2288
-1940
-2007
-2106
-1855
-1600
-1782
-1959
-1759
-1497
-1459
-1288
-1301
-1353
-1323
-987
-747
-735
-694
-556
18
352
803
1066
1498
1805
2196
2690
3044
3379
3692
3971
4074
4323
3514
3530
3300
3269
2437
2112
2540
1562
665
640
975
15
-1174
-921
-1122
-1810
-2172
-1824
-2309
-2870
-2212
-2044
-2693
-2811
-2113
-1928
-2530
-2064
-1749
-2053
-2011
-1358
-1433
-1885
-1617
-1216
-1394
-1491
-875
-1034
-1453
-1329
-757
-672
-928
-532
-287
-10
390
1108
1274
1315
1863
2472
2659
2890
3486
3804
3783
4244
4226
3447
3182
3518
3353
2122
2230
2297
1340
572
987
969
-685
-1299
-802
-1076
-2075
-2282
-2032
-2648
-2765
-2056
-2277
-3010
-2874
-1973
-2104
-2490
-2080
-1959
-2089
-1947
-1356
-1652
-1840
-1510
-1273
-1393
-1312
-905
-1146
-1350
-1077
-706
-764
-735
-344
-102
175
718
1258
1468
1706
2332
2691
2844
3316
3837
3924
4038
4414
3774
3298
3453
3657
2641
2107
2468
1796
693
792
1236
-90
-1409
-1033
-874
-1848
-2396
-2126
-2589
-3081
-2363
-2139
-2971
-3158
-2273
-2003
-2569
-2266
-1916
-2098
-2135
-1459
-1611
-1855
-1577
-1157
-1289
-1377
-830
-963
-1214
-1055
-652
-706
-820
-435
-170
78
488
1078
1265
1532
2123
2710
2664
3044
3494
4104
3965
4316
3953
3344
3665
3571
3328
2190
2658
2204
1047
1078
1313
696
-1237
-1047
-739
-1474
-2308
-2395
-2512
-3237
-2699
-2212
-3021
-3547
-2761
-2086
-2591
-2818
-2102
-2188
-2230
-1766
-1436
-1817
-1858
-1063
-1024
-1321
-1064
-704
-912
-1119
-587
-462
-700
-634
-49
190
299
828
1254
1446
1787
2609
2750
2888
3231
3834
4123
4283
4084
3322
3496
3756
3490
2555
2568
2464
1365
1130
1584
1082
-752
-1198
-653
-1156
-2035
-2306
-2637
-3290
-2985
-2253
-2890
-3744
-3174
-2361
-2562
-2824
-2419
-2401
-2479
-1914
-1583
-1907
-1896
-1276
-1076
-1276
-922
-663
-894
-980
-521
-323
-662
-506
-51
230
390
816
1199
1240
1844
2468
2750
2774
3061
3848
3930
4280
3932
3534
3491
3519
3554
2776
2926
2403
1632
1380
1732
1314
-370
-857
-748
-1067
-1733
-2179
-2641
-3292
-2977
-2493
-3123
-3696
-3342
-2710
-2905
-2938
-2575
-2671
-2683
-2058
-1837
-2020
-1843
-1336
-1108
-1242
-698
-622
-768
-764
-378
-218
-480
-219
-1
272
432
932
1285
1314
1770
2346
2665
2849
3095
3607
3657
3956
3782
3343
3407
3355
3218
2658
2901
2604
1582
1486
1842
1354
-79
-486
-386
-992
-1613
-1796
-2395
-3170
-2913
-2396
-3108
-3771
-3327
-2903
-3122
-3205
-2741
-2956
-3045
-2300
-2027
-1992
-2011
-1405
-1234
-1180
-563
-612
-728
-762
-176
-55
-263
-52
164
480
573
1108
1412
1419
1785
2275
2748
2811
3048
3501
3511
3826
3437
3318
3327
3312
2971
2474
2994
2549
1626
1418
1844
1365
-87
-207
-240
-937
-1609
-1666
-2087
-3130
-2926
-2547
-3154
-3757
-3368
-2960
-3442
-3453
-2863
-3003
-3074
-2665
-2313
-2139
-2069
-1380
-1379
-1189
-751
-480
-424
-584
-89
15
138
253
481
735
771
1388
1597
1730
2037
2396
2852
2824
3215
3541
3529
3521
2966
3265
3311
3051
2479
2442
2844
2007
1491
1748
1757
667
-180
248
-120
-1052
-1459
-1601
-2253
-2778
-2309
-2604
-3558
-3535
-2951
-3051
-3681
-3388
-3042
-3407
-3159
-2751
-2589
-2575
-2110
-1478
-1594
-1222
-764
-563
-586
-388
115
89
352
610
937
1036
1316
1809
1835
2140
2393
2798
2846
3037
3432
3563
3560
3072
2823
3075
3083
2505
2174
2426
2141
1357
1513
1869
1076
32
94
264
-469
-1027
-1227
-1767
-2365
-2168
-2105
-3003
-3427
-2979
-2821
-3349
-3564
-3263
-3288
-3284
-3105
-3142
-2846
-2567
-2022
-1914
-1647
-1223
-1015
-662
-501
-205
-94
246
625
818
1108
1375
1897
2059
2254
2577
2898
3113
3173
3519
3624
3622
3339
2899
3026
2989
2663
1965
2137
2230
1534
1119
1440
1376
303
-24
176
-137
-813
-1025
-1237
-1935
-1982
-1754
-2334
-3145
-3008
-2552
-2845
-3343
-3310
-3339
-3219
-3095
-3192
-3057
-2934
-2593
-2309
-1951
-1595
-1547
-1161
-850
-595
-382
71
442
594
943
1310
1866
2201
2447
2616
2828
3337
3569
3659
3753
3693
3635
3100
3042
3126
2629
2043
1945
2195
1455
943
1296
1298
303
-331
77
-52
-721
-1063
-1244
-1718
-1888
-1424
-1842
-2901
-2945
-2402
-2399
-3080
-3113
-3122
-3278
-3020
-2978
-2826
-3118
-2826
-2400
-2213
-1951
-1822
-1386
-1279
-1002
-652
-210
110
327
859
1197
1686
2131
2550
2813
2926
3342
3689
3924
3904
3979
3815
3339
3245
3300
2925
2120
2149
2262
1501
794
1161
1328
242
-448
-242
-210
-739
-999
-1248
-1935
-2003
-1414
-1680
-2646
-2919
-2403
-2437
-2808
-2880
-2921
-3134
-3162
-2762
-2650
-2893
-2918
-2380
-2182
-2284
-1943
-1365
-1263
-1470
-1008
-281
-65
121
508
887
1399
2090
2643
2600
2709
3422
3924
4211
4003
4181
3825
3540
3676
3561
2973
2071
2487
2358
1424
929
1212
1148
-119
-349
-222
-540
-1041
-1143
-1348
-2165
-1988
-1401
-1931
-2711
-2687
-2127
-2389
-2715
-2606
-2888
-2892
-2808
-2347
-2522
-2951
-2532
-2118
-1937
-2273
-1977
-1575
-1562
-1323
-1008
-577
-592
-63
471
730
1228
1747
2447
2417
2909
3458
3815
4091
4217
4282
3595
3606
4023
3712
2685
2475
2933
2248
1318
1437
1640
582
-191
49
-55
-904
-1064
-1103
-1649
-2095
-1607
-1620
-2576
-2636
-2201
-2312
-2844
-2718
-2606
-2994
-2879
-2484
-2548
-2983
-2626
-2091
-2300
-2396
-1994
-1629
-1923
-1820
-1190
-878
-870
-627
-13
288
769
1346
1655
1960
2490
3208
3432
3560
3912
4328
4022
3552
3735
3798
3396
2908
3089
2699
1682
1675
2037
1416
47
35
358
-230
-900
-954
-1268
-1868
-1624
-1398
-2155
-2670
-2169
-1946
-2591
-2857
-2537
-2576
-2701
-2745
-2686
-2743
-2446
-2100
-2253
-2272
-2063
-1704
-1734
-1633
-1415
-1261
-1053
-707
-180
45
332
869
1343
1811
2199
2597
2916
3286
3904
3936
3454
3370
3886
3863
3136
2962
3123
2724
2117
2170
2048
1111
511
661
421
-304
-675
-776
-1353
-1561
-1265
-1475
-2198
-2408
-1984
-2099
-2406
-2491
-2541
-2771
-2543
-2382
-2734
-2685
-2359
-2196
-2409
-2088
-1765
-1963
-1961
-1626
-1356
-1420
-1045
-603
-436
-200
328
938
1173
1613
2081
2375
2735
3148
3815
3598
3044
3225
3734
3765
2823
2886
3046
2604
2149
2292
2247
1114
790
973
626
-196
-383
-386
-1182
-1345
-1109
-1435
-2092
-2124
-1829
-2188
-2553
-2358
-2492
-2643
-2511
-2409
-2730
-2718
-2109
-2167
-2383
-2229
-1750
-1822
-1955
-1522
-1335
-1309
-1177
-655
-380
-125
372
653
923
1404
2102
2358
2449
2978
3365
3000
2824
3220
3482
2915
2680
2989
2654
2229
2388
2474
1585
966
1348
1240
419
-166
-36
-414
-791
-717
-1023
-1706
-1876
-1479
-1679
-2309
-2434
-2269
-2343
-2322
-2390
-2545
-2633
-2252
-1993
-2195
-2224
-2009
-1752
-1773
-1650
-1556
-1460
-1199
-927
-623
-473
-45
421
788
1209
1449
1945
2284
2736
2963
2600
2680
2929
3103
2692
2651
2859
2306
1901
2267
2576
1682
946
1216
1354
852
424
201
-399
-609
-127
-432
-1382
-1674
-1285
-1338
-1896
-1927
-2152
-2314
-2152
-2057
-2286
-2591
-2204
-2015
-2054
-2130
-2013
-1897
-1799
-1539
-1540
-1503
-1325
-895
-547
-504
-143
260
769
1110
1369
1812
2124
2558
2491
2316
2495
2816
2742
2329
2357
2367
2095
1895
1989
1748
1169
1051
1195
948
569
367
168
-114
-139
-121
-631
-980
-1013
-961
-1225
-1457
-1608
-1923
-1833
-1838
-1823
-2091
-2132
-1954
-1935
-1815
-1936
-1896
-1962
-1790
-1565
-1484
-1404
-1327
-950
-676
-324
-2
398
656
946
1522
1878
2132
1982
1887
2326
2626
2451
1910
2126
2355
2002
1725
1852
1672
1002
973
1186
848
282
320
329
-56
-52
47
-341
-759
-615
-570
-934
-1190
-1137
-1363
-1531
-1509
-1467
-1605
-1699
-1514
-1622
-1698
-1686
-1538
-1643
-1824
-1710
-1493
-1381
-1365
-1154
-961
-598
-150
251
392
589
1151
1747
1939
1692
1665
2016
2415
2226
2011
2003
1975
1914
1833
1879
1377
1008
930
953
684
261
153
-97
-113
-87
-194
-572
-775
-576
-627
-788
-977
-1110
-1190
-1200
-975
-1135
-1364
-1371
-1075
-967
-1229
-1324
-1335
-1260
-1290
-1313
-1333
-1350
-1137
-1013
-903
-693
-256
106
232
543
975
1434
1491
1335
1514
1896
1974
1731
1821
2054
1823
1517
1677
1755
1232
846
934
769
318
154
99
-272
-495
-236
-377
-864
-990
-693
-681
-1044
-1063
-1049
-1138
-1070
-793
-863
-1182
-955
-567
-594
-899
-883
-802
-887
-876
-796
-846
-924
-793
-678
-608
-336
64
70
54
486
1128
1220
735
867
1377
1533
1275
1399
1613
1249
1178
1600
1681
915
642
1058
901
464
227
174
-260
-257
-39
-502
-1062
-974
-601
-931
-1205
-1195
-1115
-1239
-997
-740
-1085
-1063
-596
-273
-643
-659
-305
-294
-430
-404
-256
-426
-272
-13
-98
-193
106
561
439
409
733
1022
935
661
915
1054
897
751
969
1071
664
665
942
893
414
378
538
319
141
140
-50
-478
-341
-126
-547
-1021
-909
-765
-931
-1087
-1005
-1257
-1313
-865
-678
-938
-1060
-562
-387
-425
-359
-179
-259
-289
14
160
142
73
235
349
627
870
916
812
1024
1476
1450
1003
937
1283
1067
726
885
1050
516
225
649
621
75
-174
34
-184
-485
-370
-446
-795
-844
-584
-801
-1169
-1072
-908
-1076
-1296
-1156
-1230
-1208
-940
-906
-1030
-948
-406
-340
-508
-418
-177
-15
-36
108
82
114
377
614
652
642
956
1232
1377
1481
1661
1696
1369
1398
1628
1565
1006
975
1360
1065
609
573
786
269
-157
-4
-186
-650
-836
-704
-1087
-1331
-1129
-1209
-1630
-1774
-1422
-1450
-1651
-1779
-1717
-1473
-1297
-1122
-1244
-1096
-711
-406
-322
-372
-150
-10
128
231
336
429
501
692
769
1035
1184
1391
1469
1582
1945
1880
1615
1437
1835
1742
1278
1319
1490
1272
809
1079
1080
509
208
350
253
-296
-476
-631
-973
-1109
-1044
-1311
-1920
-1972
-1654
-1790
-2117
-2320
-2137
-1959
-1860
-1733
-1692
-1488
-1273
-923
-748
-601
-361
-245
-101
36
414
575
596
726
954
1287
1496
1651
1698
1840
2054
1860
1664
1804
1855
1425
1135
1479
1558
1057
814
1100
1016
647
581
579
284
13
13
-309
-679
-671
-737
-1189
-1557
-1420
-1408
-1680
-2053
-2037
-2007
-2014
-1941
-2005
-2015
-1949
-1489
-1327
-1353
-1222
-895
-604
-507
-229
-56
155
486
940
1085
1109
1442
1918
2137
2133
1849
1616
2007
2185
1750
1174
1370
1592
1182
1018
1008
780
494
708
723
210
62
194
54
-356
-308
-369
-761
-819
-710
-874
-1271
-1194
-1126
-1479
-1642
-1512
-1522
-1785
-1736
-1539
-1628
-1600
-1374
-1264
-1361
-1176
-791
-615
-544
-251
146
288
650
1085
1403
1434
1666
1711
1661
1886
1862
1581
1263
1621
1575
1133
922
985
885
579
630
456
205
78
141
25
-209
-254
-302
-344
-439
-472
-457
-502
-557
-693
-713
-681
-739
-889
-1059
-1011
-924
-958
-1142
-1252
-1083
-1010
-1050
-1116
-1041
-784
-515
-406
-416
-121
428
854
942
819
777
1137
1597
1354
906
917
1261
1230
942
875
704
523
548
596
301
30
-1
-59
-282
-361
-180
-387
-665
-497
-264
-244
-322
-227
-263
-241
-46
24
-207
-392
-171
-99
-223
-356
-355
-445
-511
-417
-450
-551
-572
-397
-343
-283
-40
233
394
303
162
491
742
582
305
392
624
436
426
416
301
89
210
280
-6
-197
-269
-217
-472
-460
-448
-597
-716
-605
-293
-354
-404
-390
-147
124
228
164
56
270
532
633
386
255
358
505
491
278
156
162
318
341
249
136
266
490
622
276
-111
256
490
167
-277
-52
103
-142
-197
-202
-347
-508
-333
-350
-673
-781
-713
-785
-980
-838
-771
-1018
-1080
-764
-518
-629
-687
-584
-372
-75
130
64
15
304
731
824
715
674
818
1008
1140
1063
859
895
1059
1255
1071
995
1010
1205
1269
780
441
572
686
180
-62
16
-92
-482
-439
-356
-747
-1012
-983
-851
-1148
-1279
-1392
-1528
-1467
-1211
-1235
-1702
-1587
-1158
-803
-969
-1082
-971
-710
-247
-73
-127
-302
103
579
791
704
656
811
995
1331
1407
1339
1142
1353
1685
1797
1770
1600
1756
1546
1376
1415
1287
780
409
651
463
-54
-303
-246
-526
-850
-838
-1031
-1307
-1384
-1420
-1744
-1770
-1554
-1684
-1927
-1827
-1469
-1465
-1446
-1272
-1153
-1124
-859
-536
-549
-547
-282
88
179
288
434
531
655
944
1190
1093
1082
1373
1696
1793
1788
1898
2001
2061
1868
1787
1756
1474
1254
1099
1084
589
290
202
-19
-293
-618
-701
-1020
-1238
-1432
-1468
-1627
-1831
-1792
-1854
-1757
-1767
-1570
-1535
-1519
-1351
-1169
-960
-1043
-905
-745
-491
-340
-238
-174
-117
206
375
492
500
653
810
1090
1305
1307
1471
1679
1973
1860
1701
1815
1911
1790
1528
1402
1287
1011
905
682
293
-16
-76
-247
-762
-960
-1082
-1278
-1499
-1485
-1571
-1825
-1719
-1476
-1363
-1558
-1443
-1240
-1064
-894
-832
-800
-778
-366
-129
-150
-216
-82
213
364
410
316
370
611
862
939
812
927
1240
1449
1229
1118
1336
1408
1308
1151
1106
916
831
840
602
261
49
115
-100
-447
-659
-780
-914
-1035
-1067
-1275
-1365
-1253
-1078
-1171
-1285
-1136
-949
-858
-858
-712
-596
-502
-313
-187
-111
-36
147
259
277
367
463
613
662
702
761
907
1015
1042
989
883
1065
1077
1029
752
719
710
563
444
214
114
-84
-136
-275
-376
-534
-636
-671
-895
-808
-741
-799
-998
-884
-640
-642
-681
-728
-583
-483
-322
-287
-375
-299
-101
66
-46
-1
174
227
271
330
492
473
585
683
702
764
885
915
737
801
872
907
673
525
447
317
278
79
-196
-410
-398
-438
-649
-795
-811
-829
-902
-886
-860
-851
-822
-752
-608
-502
-390
-334
-238
-102
62
176
167
197
261
392
420
380
368
412
491
505
547
511
480
544
636
589
476
512
459
392
385
362
203
105
61
-65
-106
-184
-293
-481
-570
-541
-597
-672
-767
-775
-788
-735
-675
-677
-659
-625
-489
-394
-238
-177
-92
5
124
275
367
413
366
468
514
595
578
571
609
616
691
674
682
566
629
578
572
465
373
283
146
120
-28
-141
-268
-371
-474
-552
-557
-651
-701
-775
-814
-776
-710
-671
-758
-692
-596
-424
-363
-302
-253
-173
7
111
211
163
285
312
370
438
477
478
362
435
475
565
555
549
458
529
696
692
605
409
511
526
530
395
169
92
53
103
-104
-312
-484
-481
-495
-641
-790
-942
-899
-906
-858
-922
-940
-824
-652
-526
-542
-403
-265
-62
47
88
133
259
465
509
441
380
508
637
590
476
302
392
489
526
405
242
291
426
494
360
245
240
273
346
314
188
37
83
144
68
-83
-149
-169
-268
-314
-421
-518
-585
-604
-643
-766
-729
-668
-619
-609
-572
-489
-411
-250
-160
-156
-93
69
190
192
238
329
411
389
370
435
435
470
378
350
323
391
410
227
142
147
253
230
108
11
9
139
173
100
-71
-59
72
125
75
-89
-82
-40
53
-18
-125
-145
-178
-112
-207
-210
-302
-254
-262
-272
-270
-300
-213
-260
-176
-158
-117
-180
-102
-24
-47
-51
-78
25
-16
42
87
74
45
40
147
142
78
22
16
50
95
83
-29
-20
80
169
115
81
121
183
264
272
267
224
280
358
379
314
251
253
227
205
172
108
11
-41
-44
-81
-99
-203
-261
-299
-292
-357
-423
-406
-467
-532
-529
-446
-414
-437
-423
-421
-314
-199
-128
-181
-218
-129
8
104
76
30
45
181
329
363
318
277
381
504
582
537
496
495
542
595
582
504
411
375
392
393
300
173
127
82
42
-60
-109
-163
-322
-398
-429
-445
-529
-630
-758
-769
-719
-674
-741
-812
-764
-624
-508
-486
-475
-421
-310
-162
-55
-19
-5
83
271
391
414
414
479
591
672
710
677
681
700
788
777
693
640
635
658
581
464
385
359
310
253
97
-37
-84
-72
-180
-357
-459
-485
-528
-579
-733
-824
-809
-797
-844
-909
-857
-788
-724
-704
-656
-570
-409
-304
-278
-235
-111
93
192
244
228
350
498
612
614
543
585
693
828
776
710
662
728
784
739
608
504
478
442
413
304
183
64
41
6
-81
-193
-292
-362
-398
-447
-520
-596
-670
-714
-728
-724
-737
-752
-749
-701
-648
-553
-480
-425
-388
-306
-175
-47
26
46
99
190
333
398
400
388
442
549
595
608
567
554
572
625
595
514
438
454
406
365
283
234
180
136
69
-5
-15
-31
-112
-221
-236
-220
-238
-336
-408
-426
-400
-409
-460
-500
-506
-494
-466
-453
-452
-452
-427
-372
-318
-262
-232
-195
-158
-98
22
77
99
101
192
293
356
397
392
384
438
528
532
468
426
434
421
433
402
280
204
212
253
183
79
0
1
23
-4
-56
-151
-154
-109
-74
-143
-250
-242
-147
-114
-222
-328
-338
-254
-197
-300
-434
-460
-311
-232
-290
-426
-418
-276
-159
-138
-223
-263
-181
31
156
82
-3
77
294
393
370
287
298
387
478
465
353
312
341
373
339
320
278
247
223
215
193
134
103
49
20
-6
7
-13
-80
-116
-116
-80
-128
-184
-266
-269
-252
-261
-369
-431
-412
-394
-421
-466
-492
-488
-438
-367
-368
-397
-317
-194
-114
-110
-49
23
99
173
281
341
349
369
435
504
547
518
491
493
528
539
501
431
359
345
325
276
178
136
105
70
18
-21
-40
-83
-115
-170
-194
-216
-236
-284
-333
-392
-406
-402
-448
-512
-522
-509
-494
-494
-492
-483
-432
-365
-299
-263
-238
-162
-56
51
104
111
174
277
382
433
419
433
506
604
605
533
486
531
536
471
367
345
322
289
220
178
113
115
89
36
-27
-64
-83
-135
-162
-206
-278
-337
-330
-343
-416
-483
-502
-462
-487
-506
-547
-497
-468
-407
-393
-379
-338
-213
-114
-101
-88
-22
74
153
215
244
241
265
380
481
464
401
424
461
472
501
474
399
345
362
387
390
322
179
169
217
220
93
31
-13
-43
-85
-128
-190
-271
-319
-340
-357
-402
-434
-449
-455
-452
-442
-422
-400
-415
-368
-315
-253
-260
-222
-187
-158
-68
-42
-48
-23
71
70
100
156
189
209
256
287
266
317
356
372
349
333
342
408
434
338
258
284
343
303
212
109
67
88
98
24
-108
-193
-156
-117
-151
-239
-305
-311
-250
-202
-244
-324
-310
-224
-215
-195
-197
-198
-230
-157
-99
-85
-148
-156
-122
-54
-39
-58
-75
-54
-2
66
81
19
54
124
152
152
181
162
164
211
271
253
227
214
212
237
240
209
128
137
145
134
71
42
34
11
-14
-59
-51
-77
-70
-94
-105
-154
-99
-63
-114
-201
-173
-91
-66
-114
-190
-179
-120
-60
-115
-188
-219
-152
-64
-72
-117
-170
-80
1
49
5
-22
-16
70
149
156
39
59
177
235
159
114
153
184
230
217
116
64
161
191
81
28
9
9
53
86
-49
-108
-35
63
31
-22
-85
-81
22
69
4
-90
-84
-63
-38
-52
-134
-212
-202
-197
-181
-206
-218
-275
-242
-206
-135
-144
-178
-194
-117
-24
-9
7
3
7
70
213
244
171
158
219
238
239
250
186
142
162
181
133
107
108
105
58
51
78
113
98
37
23
62
105
108
67
18
14
21
-11
-22
-39
-105
-191
-196
-162
-154
-224
-284
-311
-256
-200
-179
-235
-257
-203
-100
-94
-108
-69
-51
-38
10
68
79
95
101
125
122
148
191
178
118
113
171
163
154
196
174
109
140
217
196
162
129
100
96
146
146
49
-3
-10
9
-20
-50
-104
-148
-166
-174
-172
-194
-217
-251
-243
-244
-193
-179
-183
-199
-203
-173
-114
-94
-140
-179
-152
-69
-34
-74
-79
-33
12
44
61
74
92
131
172
178
181
220
268
299
291
253
247
312
332
274
195
185
199
198
162
77
2
-14
16
-16
-96
-134
-146
-151
-145
-152
-221
-258
-225
-194
-222
-246
-265
-272
-235
-175
-195
-261
-254
-159
-95
-114
-151
-140
-70
30
85
52
16
73
197
265
214
168
212
292
320
298
271
242
265
305
272
201
175
194
172
117
62
37
27
-8
-43
-103
-136
-119
-90
-175
-245
-238
-182
-190
-200
-245
-254
-220
-155
-152
-201
-231
-191
-126
-116
-132
-126
-109
-73
-10
16
-38
-2
96
120
66
56
118
191
187
146
109
158
220
268
232
152
132
189
274
240
142
62
85
168
191
102
-17
-53
2
56
7
-72
-147
-140
-99
-65
-109
-176
-216
-211
-152
-126
-169
-223
-219
-193
-147
-111
-138
-196
-145
-90
-82
-79
-51
-57
-49
9
47
49
47
71
91
127
148
152
152
158
165
169
168
171
157
126
104
108
123
78
33
0
13
22
25
-23
-80
-78
-23
7
-63
-112
-83
-18
-13
-59
-83
-71
-41
-17
-27
-68
-80
-60
-43
-48
-45
-54
-83
-72
-25
-5
-6
-21
-33
-43
38
95
68
-12
0
75
127
107
47
6
24
91
92
19
-50
-37
4
5
-61
-112
-99
-69
-79
-97
-91
-71
-42
-34
-39
-28
25
68
56
16
49
108
141
125
88
50
78
155
142
61
2
23
67
99
61
-32
-60
4
73
40
-35
-72
-21
37
33
-10
-37
-33
-14
34
11
-56
-75
-30
-27
-60
-115
-137
-122
-108
-119
-171
-191
-166
-78
-71
-139
-162
-77
-11
15
8
-26
-8
94
