SAMPLES:	8001
BITSPERSAMPLE:	16
CHANNELS:	1
SAMPLERATE:	16000
NORMALIZED:	FALSE
1
2
3
3
2
2
2
3
5
4
4
6
5
4
4
4
6
7
4
2
0
1
0
4
3
-2
-7
-4
1
0
-7
-11
-3
0
-6
-10
-8
-3
-3
-6
-10
-9
-7
-6
-1
-2
-6
-7
-9
-11
-15
-14
-7
3
-3
-16
-16
-7
2
-2
-12
-17
-8
6
5
0
-6
-4
10
25
29
12
-10
-6
30
55
36
5
-3
7
34
58
57
25
-12
-9
48
82
44
-21
-41
6
59
45
-15
-46
-19
12
19
5
-18
-32
-40
-26
0
4
-22
-48
-45
-31
-25
-13
-1
13
-6
-41
-33
8
22
-3
-24
-20
-2
-7
-20
-10
-3
-10
-17
-12
-13
-22
-21
-15
-1
23
27
11
0
7
32
40
7
-23
-36
-9
42
38
0
-38
-31
34
68
22
-40
-57
-15
19
11
0
6
25
29
8
-3
9
25
39
30
0
-1
31
52
33
3
16
25
-5
-39
-24
38
59
4
-82
-100
-7
87
75
-49
-144
-100
13
61
14
-61
-74
-27
20
20
-24
-40
3
32
7
-20
-20
-13
-20
-8
39
67
28
-34
-39
-3
33
61
51
-4
-54
-49
-6
31
29
9
8
-1
-30
-60
-57
-29
20
63
32
-64
-134
-112
-33
52
73
14
-73
-114
-77
7
57
29
-21
-37
10
42
31
31
58
76
84
89
75
55
39
62
118
139
67
-23
-21
43
96
72
-8
-50
-50
-53
-52
-41
-45
-75
-95
-95
-86
-75
-68
-66
-68
-87
-94
-86
-81
-60
-45
-54
-70
-60
-32
-14
-4
-12
-31
-31
-7
24
38
35
4
-33
-43
-10
54
78
20
-74
-102
-37
55
68
-18
-76
-45
24
48
34
32
56
94
101
58
37
82
123
128
132
113
56
24
71
171
197
96
-18
-4
111
161
57
-73
-85
9
87
67
-21
-104
-108
-45
-9
-24
-65
-103
-98
-67
-61
-90
-104
-69
-19
2
-14
-48
-86
-82
-22
30
0
-104
-184
-151
-61
-24
-88
-190
-229
-221
-196
-153
-89
-56
-94
-164
-199
-168
-63
71
135
76
-49
-122
-100
-4
105
172
168
96
8
-7
99
242
333
325
235
148
145
228
350
425
402
286
163
132
185
248
285
275
182
2
-147
-125
41
160
59
-213
-420
-359
-77
147
106
-101
-258
-253
-148
-95
-68
9
86
77
-79
-272
-308
-149
84
252
208
-68
-358
-455
-336
-105
65
23
-252
-594
-717
-541
-308
-242
-300
-371
-414
-441
-491
-490
-310
10
241
210
-44
-255
-130
270
595
594
345
158
254
504
595
472
382
490
695
714
470
215
232
513
773
776
509
217
191
436
668
671
505
372
370
401
340
233
197
250
274
164
-37
-209
-313
-367
-379
-386
-438
-583
-800
-993
-1079
-1093
-1095
-1111
-1138
-1192
-1294
-1384
-1379
-1283
-1163
-1064
-1011
-1002
-951
-802
-612
-453
-314
-130
91
282
377
362
306
383
646
949
1104
992
743
659
902
1288
1468
1273
896
718
941
1386
1624
1403
936
732
1059
1604
1831
1547
1075
896
1146
1490
1519
1161
709
494
580
718
534
-45
-655
-866
-725
-689
-1095
-1806
-2345
-2447
-2287
-2260
-2530
-2916
-3159
-3157
-2969
-2773
-2732
-2734
-2547
-2161
-1831
-1674
-1511
-1153
-638
-142
195
335
368
489
789
1123
1366
1502
1530
1471
1439
1517
1610
1648
1691
1722
1645
1513
1511
1673
1933
2180
2255
2078
1933
2203
2777
3173
3091
2666
2304
2349
2772
3073
2741
1835
1046
810
839
620
-91
-1107
-1929
-2315
-2573
-3039
-3705
-4361
-4780
-4892
-4955
-5172
-5384
-5333
-4920
-4412
-4071
-3853
-3495
-2900
-2201
-1535
-970
-476
45
595
960
1079
1209
1568
2019
2168
1902
1550
1529
1803
1980
1754
1244
917
1112
1542
1640
1391
1294
1653
2289
2705
2648
2518
2929
3897
4753
4844
4256
3664
3689
4305
4848
4578
3433
2101
1365
1365
1330
440
-1212
-2684
-3267
-3397
-3994
-5198
-6346
-6815
-6612
-6365
-6668
-7316
-7460
-6616
-5259
-4346
-4194
-4214
-3641
-2332
-870
18
273
492
1080
1801
2210
2213
2133
2272
2554
2636
2276
1662
1299
1382
1522
1253
758
508
609
824
991
1126
1369
1837
2357
2716
2985
3467
4182
4791
5000
4898
4856
5074
5312
5211
4684
3905
3123
2436
1724
877
-127
-1274
-2398
-3327
-4151
-5019
-5926
-6621
-6970
-7204
-7571
-7946
-7910
-7344
-6601
-5968
-5393
-4651
-3696
-2713
-1823
-1050
-339
441
1324
2057
2322
2199
2144
2408
2810
3058
2868
2240
1630
1436
1496
1412
1068
663
411
437
690
907
909
1086
1693
2355
2755
3025
3505
4188
4829
5146
5091
4947
5101
5511
5672
5190
4103
2852
2042
1818
1406
109
-1691
-3029
-3554
-3926
-4738
-5952
-6985
-7401
-7345
-7282
-7614
-8046
-7903
-6909
-5641
-4820
-4407
-3972
-3059
-1684
-447
170
483
1064
1822
2341
2582
2567
2406
2437
2654
2741
2525
2035
1454
1075
1086
1193
946
468
227
398
734
1060
1301
1570
1933
2496
3246
3838
4081
4164
4442
4904
5249
5258
4948
4698
4563
4156
3134
1942
1190
762
78
-1137
-2498
-3623
-4421
-4888
-5261
-5792
-6491
-7111
-7309
-7252
-7133
-6817
-6225
-5550
-4955
-4285
-3479
-2547
-1625
-883
-200
506
1181
1630
1748
1789
2046
2484
2651
2342
1782
1594
1904
2032
1586
969
758
895
1040
998
845
818
1178
1745
2066
2211
2448
2914
3449
3928
4119
3983
3973
4242
4440
4316
3895
3245
2608
2138
1868
1339
216
-1086
-1825
-2133
-2606
-3222
-4002
-4776
-5125
-5103
-5306
-5648
-5539
-5360
-5334
-4937
-4250
-3900
-3591
-2837
-1927
-1211
-804
-500
-220
101
410
851
1358
1441
1200
1024
878
770
933
1294
1390
1122
740
589
698
895
1127
1215
1176
1477
2076
2337
2220
2087
2285
2867
3438
3386
2986
2925
2983
2945
2775
2522
2219
1665
1095
935
872
186
-717
-1000
-1094
-1406
-1670
-2005
-2503
-2853
-2850
-2618
-2588
-2866
-3071
-2731
-2386
-2473
-2491
-2147
-1684
-1382
-1273
-1346
-1195
-850
-856
-940
-524
-222
-666
-753
-211
-255
-758
-706
38
447
-83
-463
255
1007
625
294
1206
1526
1016
1072
1333
1611
1683
1320
1414
1693
1655
1488
1287
1044
945
1190
1369
807
302
783
997
597
385
519
609
681
557
490
754
704
448
571
894
809
525
550
488
115
-58
-184
-191
-228
-626
-902
-980
-1048
-1551
-2002
-1852
-1644
-1813
-2044
-2261
-2404
-2423
-2102
-2056
-2098
-1657
-1324
-1312
-1586
-1424
-695
-491
-504
-260
95
292
130
5
219
773
607
220
733
975
391
61
556
977
847
536
690
1112
1286
946
909
1455
1782
1757
1704
1885
2074
2274
2269
2041
2364
2609
2232
1900
1996
1810
1270
1186
1137
744
299
-42
-278
-532
-1089
-1532
-1472
-1500
-1968
-2298
-2405
-2463
-2648
-2525
-2342
-2572
-2557
-2234
-2229
-2131
-1851
-1861
-1792
-1086
-968
-1261
-747
-716
-761
-570
-460
-344
-74
-34
-300
49
80
78
429
448
257
692
889
737
1014
1230
1246
1426
1737
2028
2012
1920
2031
2366
2554
2400
2138
2457
2381
1784
1871
2080
1424
1048
1223
906
542
336
-207
-668
-462
-413
-1100
-1632
-1505
-1393
-1427
-1900
-2059
-1783
-1548
-1863
-2010
-1663
-1570
-1698
-1837
-1339
-1027
-1689
-1491
-802
-915
-1288
-1325
-720
-248
-788
-1090
-707
-434
-269
-176
-127
-143
189
436
685
821
437
896
1591
1426
1257
1276
2080
2138
1399
1924
2007
1724
2255
1628
1046
1766
1455
968
998
503
322
478
275
-211
-427
-271
-392
-1071
-746
-310
-1030
-1237
-767
-514
-789
-854
-799
-466
-409
-809
-582
-247
-471
-951
-462
44
-736
-1054
-523
-573
-784
-1203
-891
-475
-853
-1110
-958
-591
-624
-543
-481
-166
198
-236
-210
662
1003
495
468
1429
1684
967
1064
1705
1398
1312
1234
1103
1312
984
567
655
403
216
185
-135
-127
-724
-896
-219
-776
-914
-539
-1012
-638
-397
-947
-743
173
-59
-531
177
263
125
309
220
274
739
683
142
185
255
156
219
-14
-475
-92
-17
-651
-678
-466
-707
-986
-442
-186
-929
-749
-211
-208
-308
-298
128
508
359
180
624
1085
245
502
1258
999
598
319
759
675
385
-215
-152
540
-130
-740
-988
-321
-225
-1151
-1156
-810
-678
-625
-982
-773
-451
-376
-416
13
133
-146
364
508
700
845
412
585
1301
1072
475
404
885
887
373
334
357
50
-68
59
1
-513
-453
-203
-323
-446
-589
-486
-122
-335
-342
36
45
-32
-115
486
634
66
188
504
578
443
214
-132
79
450
-104
-371
-468
-625
-214
-426
-1331
-938
-513
-503
-1042
-1457
-558
-230
-679
-931
-605
412
244
-365
55
554
809
686
469
757
1363
860
463
1028
888
771
492
503
757
175
-89
221
123
-214
-465
-216
-99
-515
-487
-186
-348
-291
-191
-17
166
-11
142
170
626
523
205
341
788
597
-9
423
335
132
-28
-249
-316
-307
-529
-795
-638
-841
-976
-975
-957
-939
-876
-844
-802
-429
-349
-198
-364
100
517
252
532
591
622
1064
897
732
732
1082
964
261
503
627
564
-267
-469
136
-136
-675
-679
-289
-341
-1075
-947
-412
-239
-464
-526
-244
8
212
-59
151
802
585
457
710
690
912
740
359
443
341
254
269
-81
-551
-378
-518
-879
-652
-1215
-882
-615
-1154
-1158
-596
-556
-823
-249
-192
175
159
498
580
798
1374
893
1160
1187
1504
1312
1085
1018
798
803
351
677
150
-279
-696
-376
114
-1366
-1286
-877
-1007
-931
-1656
-1013
-511
-744
-575
-560
106
267
-55
47
640
892
718
674
635
1026
894
354
256
391
367
-351
-436
-591
-672
-1048
-1509
-1123
-1238
-1518
-1488
-1186
-946
-939
-1328
-484
-128
-667
421
414
637
1300
951
1255
1908
2188
1482
2216
1931
1589
2311
946
1300
1389
966
645
1
564
-241
-481
-792
-755
-478
-1282
-1085
-1342
-277
-684
-1354
-274
-509
-114
16
-420
58
777
634
-77
546
612
398
409
198
-57
-396
-472
-1116
-1195
-920
-1636
-2095
-1929
-1393
-1622
-2284
-2249
-1890
-1016
-1446
-1749
-1393
-505
297
-243
321
1151
1170
944
1340
1962
2668
2166
1611
2771
2487
1980
2287
1700
1454
1629
1656
1361
441
203
647
581
-38
-101
-208
181
22
-954
291
645
-320
-528
-205
142
575
426
-302
-113
310
138
-441
-118
-369
-1162
-1603
-1150
-1230
-1884
-2167
-2726
-2547
-2195
-2654
-3104
-2820
-2383
-2307
-2424
-1939
-1590
-1387
-1171
-996
-278
712
506
159
1188
1481
1903
1788
1989
2838
2633
2711
2642
2720
2598
2507
2572
2159
2350
1818
1576
1964
1550
1234
1029
1340
1114
965
655
275
538
354
432
170
-66
110
-209
-207
-283
-301
-498
-934
-1491
-1868
-1505
-1948
-2463
-2580
-2560
-2806
-3000
-3141
-3280
-3100
-3019
-2980
-2928
-2796
-2592
-2454
-2232
-1511
-1287
-825
-582
-964
-113
374
747
1525
1709
1369
1518
2660
2741
2653
3157
3462
3213
2711
3124
4040
3711
2020
2565
3786
3205
2305
2022
2611
2622
1495
913
1079
1353
918
249
105
116
-510
-627
-26
-844
-1410
-1814
-2086
-2083
-2266
-2332
-2771
-2719
-3074
-3327
-3060
-3018
-3198
-3341
-2860
-3257
-3799
-3494
-2940
-2510
-2594
-2634
-2220
-1616
-1113
-1206
-1583
-1213
-431
429
892
800
692
1218
2060
2776
3524
3487
3194
3340
4188
4886
4366
3966
3882
4354
4439
4024
3820
3874
3856
2783
2238
2206
2011
1677
758
351
214
-115
-526
-765
-949
-1843
-2579
-2474
-2212
-2564
-3120
-3210
-3190
-3552
-3651
-3379
-3175
-3315
-3172
-3174
-3977
-4255
-3502
-2670
-2694
-3414
-3409
-2516
-1662
-1786
-2140
-2195
-2160
-1153
38
230
-151
416
1307
1506
2273
3248
3758
3888
4057
4748
5287
5088
4782
4927
5178
5719
6026
5404
4394
3438
2948
3223
3545
2473
928
113
-156
49
-54
-846
-2063
-3015
-3388
-3059
-2597
-3279
-4142
-4195
-3917
-3705
-3417
-3232
-3532
-3202
-2437
-2380
-3015
-3801
-3569
-2392
-1290
-1703
-2857
-2970
-2207
-1313
-1117
-1310
-2032
-2028
-1224
-410
73
44
659
1344
2010
2483
3012
3565
3852
4792
5271
5062
5188
5180
5415
6103
6556
5659
3864
3495
4228
4351
2954
1081
598
424
418
400
-578
-2537
-4459
-4167
-3052
-2806
-3572
-4618
-5185
-5370
-4484
-3576
-3400
-3388
-3114
-2751
-2867
-3098
-3224
-2706
-1585
-704
-887
-1889
-2230
-1563
-413
-77
-549
-1156
-1637
-1181
-188
881
906
913
1107
1411
2273
2967
4017
3947
3909
4386
4935
5524
5477
6075
5672
5000
4098
3835
4584
4168
3045
788
334
1180
1101
261
-1565
-3017
-4417
-4086
-3122
-3418
-4491
-5595
-5700
-5528
-4748
-3863
-3576
-3804
-3539
-3003
-2689
-2905
-3335
-2781
-1303
549
44
-2249
-3028
-995
2025
1911
202
-1807
-2330
-331
1707
2677
1432
810
949
1908
3340
4024
4447
3821
4253
5062
5614
5488
5276
5926
5437
4330
3535
4318
4667
2894
942
417
1247
1039
149
-1350
-3222
-4579
-4663
-3229
-3397
-5048
-6590
-6708
-6019
-5289
-4262
-4235
-4646
-4736
-3761
-3090
-3141
-3071
-2836
-1897
-641
24
-1448
-2595
-949
1947
2632
451
-1164
-1472
194
2646
3707
2348
526
1265
2786
4155
4840
4874
4533
4179
4703
5344
6029
6601
6585
5169
3199
2855
4797
5995
3637
102
-1184
822
1791
668
-1421
-4038
-5527
-5207
-2787
-2930
-5700
-7737
-7552
-6048
-5407
-4603
-4827
-5532
-5247
-4078
-3168
-3566
-3216
-2505
-2046
-1451
-908
-830
-1572
-869
1106
1968
814
-622
-339
933
2490
3346
2800
1642
1596
3263
4649
5105
5078
4776
4508
4730
5884
6389
6832
6776
4954
2750
2512
5637
6689
3390
-952
-1673
1524
2446
1032
-1966
-4734
-6118
-4763
-1568
-2505
-6335
-8804
-7724
-5692
-4911
-4362
-5356
-6300
-5865
-4125
-3264
-4133
-3697
-2384
-1599
-2093
-2544
-2033
-1008
659
1194
-420
-1826
-867
1918
2942
2012
920
703
2372
4260
5304
3998
2988
4184
5780
6766
5990
5460
5501
6701
8082
6259
3638
2121
4864
7292
4900
277
-2404
571
2752
2159
-915
-4892
-6674
-5543
-1403
-1157
-5525
-9423
-9191
-5926
-4211
-3767
-5308
-7368
-7269
-4768
-2685
-3242
-4185
-3693
-2881
-2402
-2141
-1791
-986
-185
258
-869
-1644
-300
1736
2485
1422
663
811
2342
4584
5058
4048
2544
3703
6000
7303
6703
5246
5367
6470
8379
7173
4229
2760
5149
7782
4812
24
-1361
2073
4029
1908
-1482
-4958
-5822
-4030
-539
-1384
-6766
-10150
-8556
-5048
-3930
-4581
-6596
-8505
-7602
-4280
-2594
-3947
-5601
-4855
-3573
-2447
-1628
-1716
-1980
-1620
-152
-95
-768
-185
1146
1888
1358
1495
1755
2390
3988
4844
4217
2926
3815
5975
6901
6547
5332
5050
6123
8014
7669
4431
2854
4785
7515
5228
567
-752
2335
4619
2336
-1307
-4437
-4771
-2718
-33
-1266
-6779
-9704
-7704
-3837
-3314
-5231
-7329
-8355
-6872
-4169
-2995
-4814
-6400
-5464
-3830
-2830
-2465
-2454
-2713
-2258
-715
-336
-827
-503
909
1403
768
964
1880
3035
3992
4247
3432
2872
4208
6170
6644
5792
4832
4904
6162
7871
7722
4753
2417
3724
7416
7122
1948
-1752
541
5128
4440
124
-3776
-4747
-2909
-45
580
-4334
-9199
-8344
-3734
-1857
-4300
-6800
-7931
-6814
-4213
-2535
-3927
-6533
-6149
-3726
-2731
-3348
-3519
-2695
-1768
-1688
-1908
-1864
-294
1416
1008
-607
-1036
1188
3629
4282
2856
1161
1859
4466
6674
6194
4167
3595
4474
6620
7543
7285
5411
2877
3234
5578
8445
5738
134
-1752
2134
6549
3781
-1168
-4465
-3739
-1388
439
-275
-5514
-8661
-6609
-2529
-2257
-5291
-6880
-6746
-5493
-3666
-3112
-4413
-6007
-4897
-3031
-2989
-3531
-3290
-2052
-1779
-1965
-1840
-1288
-21
638
427
-525
-503
1519
3148
3081
1729
1540
2771
4253
5289
4767
4008
3939
5039
5805
6060
6462
5673
3614
2649
5067
7627
5483
435
-859
2594
5411
3093
-991
-3456
-3444
-1545
152
-632
-5266
-8034
-6119
-2922
-2864
-5203
-6315
-6466
-5513
-3887
-2866
-3955
-5202
-4263
-2601
-2710
-3273
-2509
-1074
-901
-2173
-2110
-652
1672
1758
-314
-1825
-501
2922
4086
2472
57
186
3014
5508
5375
2934
1741
3694
5868
6204
4881
4671
4794
3805
3574
4387
6632
5235
1373
-728
1832
5766
3857
-397
-3539
-3162
-1667
-206
-49
-4077
-7865
-7267
-3441
-2257
-4631
-6329
-6664
-6187
-4718
-3135
-3080
-4906
-4929
-3389
-2528
-2320
-2008
-1229
-1600
-1474
-695
-254
184
925
1497
385
-198
1238
2783
2910
2007
1821
2046
2980
4296
4300
3372
2908
3871
4867
5197
5513
5249
3534
2174
3571
6925
6852
2089
-1590
553
5785
5774
895
-3353
-3836
-1531
845
1233
-3201
-8256
-7892
-3260
-1257
-4168
-6997
-7438
-6469
-4645
-2963
-3215
-5348
-5891
-4028
-2691
-2271
-1906
-1648
-2208
-2385
-765
477
512
297
328
261
222
1771
2773
2348
1410
1573
2497
3065
3969
3877
2969
2454
3765
5025
5005
4406
4722
4765
3602
3147
4220
6519
5273
1294
-1163
1866
6466
4869
-625
-4169
-2456
408
1386
-351
-4848
-7905
-6105
-1815
-1493
-5553
-8017
-7010
-4926
-3572
-3231
-4215
-6093
-5645
-3454
-1994
-2172
-2573
-2487
-2751
-1989
-591
405
162
-287
-541
-668
681
2554
3082
1350
62
1220
3498
4801
4169
2346
1556
3323
5926
6184
4117
3073
4165
5693
5272
3965
3549
5011
5228
2121
-85
2075
6061
4348
-874
-3496
-1855
805
1125
-767
-4997
-7604
-5453
-1482
-1605
-5894
-8310
-6718
-4179
-2949
-3464
-4861
-6163
-5343
-2734
-1648
-2195
-3115
-2967
-2822
-1870
0
599
-578
-2242
-1660
361
2167
2161
396
-919
140
3067
4534
3161
1467
1469
3306
5033
5378
4445
2783
3127
5114
7360
6236
2842
1771
4380
7447
4877
716
244
4094
5490
1574
-1714
-1860
-162
258
-665
-3003
-5883
-5491
-2519
-2099
-5335
-7624
-5648
-3569
-3642
-4491
-5048
-5048
-4346
-2341
-2044
-3388
-3852
-2576
-1516
-1449
-1276
-1495
-1888
-1294
244
396
-638
-496
884
1414
1025
1130
1653
2231
3020
3511
2789
2399
3720
5233
4791
3521
3848
5416
5920
4261
3007
3782
6109
5502
1808
60
2757
6067
3659
-880
-2696
-1039
558
246
-1487
-4741
-6324
-4349
-1763
-2856
-6044
-6459
-4622
-3842
-3836
-3575
-3576
-4312
-3818
-2437
-2180
-2258
-1765
-1742
-2786
-2354
-175
512
-1320
-2191
-1046
534
1033
717
-177
-814
855
2845
2949
1156
973
2383
3509
3773
3418
3084
2958
4066
4878
5197
4272
3310
3015
4111
6048
4295
815
131
4134
5800
1481
-2342
-1950
332
289
-869
-2464
-4998
-5698
-3256
-1349
-3568
-6597
-5784
-3710
-3117
-3280
-3162
-3547
-4288
-3028
-1437
-1289
-1791
-1914
-2291
-2452
-755
1167
44
-2412
-2124
470
1772
690
-364
-738
354
2117
2762
1427
285
1851
3688
3351
2084
2281
3595
4162
3836
3682
4039
4353
3782
3124
3754
4897
3700
908
740
3701
4503
754
-2268
-1765
-13
-162
-1393
-3155
-5289
-5141
-2716
-1738
-4373
-6585
-5216
-3000
-2656
-3282
-3581
-3745
-3378
-1919
-1044
-1616
-2142
-1746
-1379
-1242
-349
392
-342
-1577
-1183
601
1559
1025
-70
-440
510
2094
2892
1867
666
1130
2855
3566
2991
2409
2473
3298
3795
4394
4304
3590
2549
2418
4128
5123
3244
-131
-3
3550
4577
718
-2835
-2356
-272
-286
-1552
-3278
-5125
-5085
-3021
-1922
-4120
-5868
-4704
-2995
-2935
-3199
-2667
-2682
-3011
-2249
-1096
-812
-1081
-926
-1254
-1412
-192
1167
461
-1775
-1362
988
2230
811
-748
-405
1016
2588
2353
617
-378
1328
3762
3535
1417
788
2408
4392
4303
3212
2547
2645
3042
3058
3838
3789
1949
-136
723
3772
3586
-266
-2810
-1799
-94
-473
-1737
-3242
-4785
-4451
-2477
-1747
-3844
-5216
-3945
-2489
-2348
-2429
-2048
-2418
-2626
-1451
-272
-200
-747
-838
-958
-841
466
1354
470
-1405
-1334
659
2075
1571
-273
-1071
-110
1780
2389
1035
-263
308
2026
2676
1838
1321
1893
2700
2823
2371
2777
3037
2479
1548
1987
3556
2682
336
-446
1875
3194
671
-2001
-2210
-715
-368
-1101
-2256
-3882
-4099
-2457
-1234
-2447
-4324
-3770
-2143
-1459
-1563
-1639
-1748
-2065
-1130
-29
145
-387
-521
-449
-675
188
1150
781
-1027
-1448
376
1792
1356
-439
-1116
-155
1621
2335
724
-782
28
2301
2860
1467
702
1302
2566
2968
2655
2159
1933
1769
1485
2052
3015
2180
-374
-1061
1587
3415
732
-2569
-2765
-816
-65
-795
-1990
-3747
-4060
-2244
-623
-1834
-3794
-3319
-1679
-1136
-1310
-1077
-1105
-1628
-1011
191
405
-316
-582
-310
-353
245
828
442
-850
-1013
481
1337
820
-596
-985
24
1374
1583
219
-568
453
1960
2211
1198
659
1047
1892
2559
2309
1974
1604
1384
1284
2070
3261
1819
-772
-931
2092
3312
228
-2569
-2124
-130
364
-575
-1986
-3440
-3161
-1242
-322
-1793
-3413
-2694
-1284
-810
-921
-815
-1023
-1567
-966
148
490
-51
-765
-1111
-809
592
1287
-202
-1784
-1078
1000
1119
-393
-1084
-460
536
804
459
-360
-210
1293
1916
930
-111
715
2087
2257
1442
916
1482
2095
1990
1266
1500
2520
1748
-331
-409
2299
3221
152
-2363
-1407
674
878
-346
-1753
-3034
-2519
-347
459
-1665
-3599
-2393
-377
-47
-811
-1267
-1463
-1368
-290
519
-63
-1048
-992
-355
-264
-257
-64
-245
-867
-1046
-516
25
267
-47
-862
-1258
-296
1065
1004
-251
-691
156
1179
1492
1051
524
372
1280
2229
2170
1602
888
971
1731
2957
2289
-282
-609
2030
3667
894
-1877
-1059
1047
1177
-293
-1345
-2029
-1674
-193
226
-1436
-2757
-1614
-100
-364
-1043
-1032
-849
-1035
-649
31
-191
-989
-1210
-633
-173
-273
-725
-1116
-1062
-535
-426
-789
-1100
-768
-434
-522
-506
-310
-20
89
377
404
319
676
1266
1331
980
1292
2095
2208
1449
1090
1762
2873
2443
689
-99
1602
3411
2057
-669
-1169
739
1653
447
-1067
-1781
-1454
-341
209
-1042
-2623
-2085
-419
-143
-1064
-1438
-1050
-953
-756
-313
-337
-856
-1085
-839
-685
-386
-118
-680
-1655
-1421
-1
340
-996
-2002
-1380
-108
317
-304
-1191
-1075
329
1351
688
-590
-263
1381
2113
1519
792
1202
2025
2093
1621
1635
2607
2380
732
291
2336
3762
1706
-943
-784
1150
1845
620
-918
-1941
-1489
118
618
-1102
-2915
-2104
-272
104
-845
-1559
-1541
-1204
-440
-17
-644
-1403
-1389
-745
-385
-541
-974
-1452
-1274
-698
-562
-1083
-1355
-898
-643
-691
-690
-532
-492
-279
307
514
178
116
788
1393
1336
1112
1364
1897
2080
1708
1431
2033
2858
2134
548
831
3004
3411
809
-1137
-30
1841
1636
-75
-1453
-1609
-591
548
6
-1899
-2545
-1131
121
-374
-1316
-1578
-1290
-878
-492
-468
-973
-1314
-1287
-1004
-691
-553
-1087
-1892
-1703
-628
-197
-1122
-1859
-1305
-345
-134
-545
-896
-739
75
908
711
-63
-25
1090
1867
1458
987
1348
2341
2437
1724
1364
2239
3121
2070
522
934
3057
3029
497
-908
336
1772
1245
-296
-1433
-1580
-482
518
-315
-2287
-2552
-748
227
-639
-1709
-1704
-1251
-877
-411
-662
-1393
-1664
-1227
-679
-712
-1071
-1661
-1788
-1082
-368
-754
-1682
-1488
-447
-44
-504
-809
-578
-54
481
725
341
83
653
1587
1753
1168
1401
1956
2541
2040
1341
1851
2962
2998
1073
36
1836
3766
2335
-544
-992
1064
1920
783
-862
-1771
-1408
-100
453
-1134
-2756
-2137
-416
-185
-1287
-1786
-1500
-1281
-958
-721
-898
-1501
-1555
-1294
-1071
-805
-723
-1306
-2075
-1373
15
54
-1397
-1987
-768
474
345
-570
-1015
-393
855
1506
681
-246
339
1934
2434
1592
1022
1701
2567
2290
1684
1910
2771
2312
940
761
2453
3225
1246
-763
-339
1365
1488
87
-1354
-1855
-1022
140
-68
-1956
-2967
-1662
-117
-449
-1780
-2150
-1591
-948
-549
-821
-1541
-1806
-1192
-698
-765
-1003
-1291
-1565
-1206
-259
-87
-1094
-1758
-831
385
437
-479
-1012
-476
697
1470
812
-150
81
1647
2521
1820
1018
1267
2426
2552
1929
1543
2238
2609
1546
818
1608
2926
1938
-89
-586
609
1337
548
-803
-1774
-1531
-286
29
-1362
-2756
-2145
-612
-442
-1377
-2012
-1676
-1153
-657
-664
-1341
-1682
-1076
-514
-901
-1169
-792
-676
-1259
-1261
-377
-26
-753
-1356
-767
129
449
-125
-751
-524
704
1489
769
-94
436
1842
2411
1797
1083
1414
2150
2375
2061
2020
2095
1562
1130
1680
2690
2086
126
-680
412
1466
804
-683
-1744
-1634
-514
150
-820
-2479
-2567
-1108
-245
-872
-1879
-1995
-1381
-671
-441
-1021
-1669
-1425
-610
-359
-820
-1254
-1308
-980
-412
-272
-857
-1434
-964
43
263
-372
-911
-538
297
878
636
34
116
1156
1956
1733
1131
1251
2043
2299
1891
1628
2273
2573
1753
938
1644
2918
2325
275
-617
591
1621
837
-883
-1817
-1331
-194
29
-1312
-2745
-2367
-818
-258
-1245
-2266
-2045
-1157
-487
-629
-1356
-1725
-1183
-377
-486
-1021
-1195
-944
-682
-628
-570
-709
-776
-676
-445
-180
-68
-168
-404
-212
544
959
664
283
688
1415
1814
1809
1524
1547
1657
1981
2280
2504
2168
1087
898
2112
3206
1896
-370
-582
1028
1724
342
-1276
-1737
-1093
-177
-338
-1752
-2815
-2006
-476
-496
-1684
-2295
-1705
-904
-557
-771
-1438
-1648
-1085
-369
-425
-908
-1126
-1192
-899
-335
-137
-801
-1348
-765
87
193
-290
-532
-292
264
875
811
312
332
1308
1992
1589
1262
1636
2134
1977
1848
2257
2420
1899
1198
1576
2579
2482
955
-286
221
1260
1025
-433
-1643
-1515
-644
-249
-1121
-2520
-2592
-1288
-389
-1247
-2352
-2213
-1215
-540
-783
-1350
-1733
-1176
-388
-370
-931
-1201
-778
-642
-781
-704
-411
-479
-834
-629
-81
175
-18
-273
-112
361
779
749
465
712
1384
1946
1727
1371
1623
2056
2189
2086
2221
1944
1334
1578
2598
2701
1143
-109
380
1341
1164
-205
-1376
-1562
-821
-162
-829
-2325
-2864
-1698
-615
-1081
-2187
-2489
-1718
-844
-634
-1271
-1917
-1534
-515
-161
-843
-1346
-1057
-511
-320
-462
-697
-812
-534
-81
110
-61
-241
-68
346
736
741
474
520
974
1500
1525
1437
1609
1793
1674
1618
2214
2623
1994
1018
1195
2541
3009
1577
-165
-134
1231
1618
288
-1459
-1874
-874
15
-589
-2232
-2966
-1925
-645
-862
-2165
-2649
-1864
-828
-654
-1369
-1931
-1636
-619
-285
-730
-1261
-1133
-567
-340
-349
-616
-755
-642
-172
251
136
-133
-144
301
804
986
856
616
832
1369
1875
1876
1543
1398
1560
2090
2522
2372
1547
989
1622
2643
2384
834
-176
440
1335
1010
-383
-1452
-1347
-553
-322
-1304
-2504
-2512
-1419
-824
-1551
-2476
-2373
-1491
-870
-1054
-1654
-1944
-1335
-483
-383
-1049
-1456
-1010
-311
-38
-415
-889
-830
-164
412
296
-180
-261
224
810
1068
839
570
717
1389
1910
1781
1484
1454
1771
1910
2122
2337
1998
1323
1212
2167
2622
1663
325
184
1097
1370
479
-880
-1444
-922
-313
-677
-2044
-2797
-2185
-1185
-1163
-2136
-2677
-2275
-1388
-1075
-1471
-1948
-1866
-1189
-655
-610
-1038
-1315
-1056
-315
157
-301
-1042
-871
270
960
407
-448
-290
821
1642
1293
539
572
1453
2243
2069
1603
1420
1814
2126
2204
2207
1813
1465
1517
2148
2227
1436
617
559
1072
997
204
-638
-910
-676
-590
-1009
-1849
-2269
-1898
-1402
-1577
-2369
-2621
-2082
-1508
-1524
-1986
-2138
-1757
-1085
-794
-1198
-1487
-1176
-459
-250
-539
-762
-576
-40
188
206
141
280
527
735
993
1089
1152
1213
1372
1720
1898
1995
1834
1695
1820
2220
2535
1965
1276
1265
2098
2504
1547
359
176
1132
1470
429
-960
-1390
-585
-59
-663
-2017
-2654
-1959
-1064
-1136
-2342
-3049
-2587
-1552
-1224
-1898
-2549
-2367
-1495
-960
-1044
-1369
-1461
-1222
-590
27
-11
-664
-827
48
912
851
213
126
762
1577
1809
1310
978
1401
2284
2556
1973
1414
1651
2383
2638
2173
1396
1183
1879
2543
1953
584
89
836
1416
797
-521
-1183
-808
-206
-373
-1413
-2230
-1996
-1233
-1171
-1977
-2645
-2473
-1874
-1612
-2004
-2525
-2453
-1776
-1275
-1494
-1888
-1826
-1258
-690
-471
-627
-948
-656
221
833
505
0
346
1171
1690
1628
1319
1254
1745
2399
2496
1953
1588
1855
2442
2740
2364
1580
1161
1783
2704
2349
870
-27
659
1501
1169
-121
-1126
-1028
-262
-63
-1050
-2168
-2160
-1369
-1020
-1647
-2398
-2568
-2125
-1681
-1798
-2348
-2728
-2384
-1777
-1588
-1880
-2118
-1842
-1269
-808
-775
-987
-829
-179
491
559
321
543
1278
1919
1864
1589
1717
2317
2897
2754
2233
1879
2333
2955
2823
2049
1371
1691
2267
2272
1349
360
364
839
951
124
-815
-1047
-711
-436
-933
-1634
-1947
-1562
-1160
-1421
-1940
-2235
-1979
-1686
-1709
-1999
-2312
-2187
-1862
-1671
-1816
-1995
-1869
-1639
-1355
-1210
-1074
-889
-694
-336
37
432
693
867
1140
1498
1947
2184
2288
2451
2482
2523
2550
2775
2756
2408
2036
1921
2316
2329
1764
915
693
1033
1039
478
-440
-826
-663
-372
-574
-1367
-1908
-1782
-1178
-1084
-1663
-2149
-2129
-1676
-1459
-1565
-2024
-2299
-1945
-1391
-1277
-1937
-2253
-1781
-1054
-979
-1553
-1694
-1152
-237
83
-257
-402
225
1329
1656
1353
1165
1773
2732
2854
2340
1934
2531
3217
3048
2248
1750
2249
2709
2407
1358
728
991
1337
997
-29
-693
-590
-254
-389
-1170
-1763
-1740
-1277
-1143
-1597
-2076
-2097
-1679
-1405
-1625
-1973
-2031
-1671
-1407
-1433
-1706
-1775
-1505
-1300
-1266
-1376
-1241
-1035
-791
-643
-386
-10
277
439
625
1047
1515
1882
1888
1800
1903
2336
2773
2668
2218
1889
2259
2810
2712
1852
1075
1199
1658
1568
674
-189
-316
63
162
-515
-1367
-1591
-1155
-824
-1224
-1917
-2169
-1732
-1301
-1437
-1877
-2123
-1746
-1293
-1285
-1634
-1745
-1450
-1182
-1102
-1250
-1265
-1052
-654
-409
-392
-301
-14
433
689
823
1062
1385
1548
1469
1628
1920
2168
2042
1826
1805
2011
2264
2103
1674
1168
1222
1497
1359
625
2
32
260
74
-528
-1065
-1014
-768
-724
-1239
-1746
-1678
-1306
-1106
-1560
-1934
-1881
-1392
-1065
-1278
-1622
-1735
-1229
-787
-842
-1215
-1296
-766
-272
-151
-362
-267
216
638
801
770
921
1155
1374
1464
1429
1564
1661
1765
1627
1499
1621
1800
1677
1146
888
1025
1156
809
252
-67
-58
38
-77
-539
-965
-994
-653
-645
-1079
-1469
-1404
-973
-859
-1114
-1548
-1445
-906
-627
-988
-1482
-1264
-721
-445
-714
-1026
-906
-398
103
71
-241
-148
380
881
866
760
809
1032
1266
1267
1317
1297
1357
1216
1140
1341
1539
1358
684
457
745
991
603
-145
-473
-291
93
-113
-825
-1296
-1037
-515
-560
-1154
-1560
-1233
-674
-613
-1070
-1319
-1003
-491
-403
-714
-900
-668
-250
-112
-297
-439
-249
131
348
262
170
328
738
928
808
768
895
1115
1009
951
989
1147
1014
718
695
942
1081
648
175
122
433
491
9
-570
-719
-426
-296
-657
-1193
-1295
-1067
-799
-939
-1279
-1446
-1174
-779
-795
-1034
-1098
-695
-383
-358
-502
-491
-164
142
260
89
147
503
845
871
750
838
1095
1266
1252
1166
1163
1201
1131
1068
981
1022
802
542
450
644
723
223
-238
-292
56
47
-409
-883
-1029
-688
-517
-746
-1369
-1499
-1129
-785
-977
-1451
-1508
-1226
-932
-902
-1000
-1084
-1011
-644
-368
-343
-448
-374
-72
248
479
562
581
712
988
1353
1467
1355
1266
1448
1713
1709
1457
1150
1255
1488
1446
927
511
714
1019
765
-16
-443
-291
13
-192
-834
-1358
-1237
-756
-668
-1231
-1736
-1581
-1024
-759
-1162
-1614
-1522
-908
-559
-891
-1373
-1194
-511
-241
-643
-972
-690
-34
282
57
-223
49
726
1081
923
727
968
1343
1527
1581
1513
1359
1255
1487
1767
1584
1057
811
1037
1322
1081
401
-84
5
334
147
-515
-1070
-1034
-689
-677
-1167
-1626
-1538
-1108
-952
-1235
-1517
-1351
-948
-775
-916
-1064
-897
-565
-378
-520
-609
-424
-90
21
-93
-77
208
519
605
527
580
834
1131
1231
1045
927
1043
1289
1310
1115
861
705
811
916
940
453
79
16
258
255
-135
-507
-745
-612
-468
-475
-838
-1142
-1012
-664
-466
-774
-1042
-962
-516
-291
-499
-767
-704
-265
5
-126
-426
-367
23
338
261
20
82
402
693
633
436
383
599
836
799
624
487
589
689
707
500
276
183
249
257
-21
-369
-407
-209
-280
-616
-860
-694
-526
-520
-735
-801
-675
-400
-250
-318
-385
-285
21
224
220
113
144
348
493
509
367
348
417
560
585
443
383
383
577
549
405
260
251
369
315
181
-26
16
55
12
-132
-317
-374
-447
-377
-564
-734
-936
-824
-751
-791
-965
-1043
-902
-713
-621
-684
-673
-500
-228
-85
-60
23
229
446
567
675
783
899
935
1036
1126
1199
1171
1088
1096
1121
1215
1105
961
765
740
704
613
393
111
-74
-201
-228
-374
-617
-941
-1089
-1070
-1066
-1203
-1442
-1577
-1518
-1355
-1295
-1412
-1479
-1369
-1098
-899
-835
-841
-724
-392
-84
-1
-41
99
415
662
729
695
790
962
1166
1290
1269
1209
1256
1452
1548
1482
1369
1297
1305
1298
1281
1099
880
698
657
584
383
120
-179
-391
-504
-547
-803
-1181
-1406
-1395
-1374
-1546
-1745
-1863
-1760
-1635
-1547
-1605
-1567
-1361
-1074
-923
-885
-728
-472
-156
-10
33
113
382
696
819
744
754
980
1252
1284
1203
1181
1301
1430
1418
1337
1262
1315
1309
1194
1024
956
964
897
634
346
236
249
133
-182
-489
-642
-633
-709
-940
-1238
-1358
-1329
-1303
-1386
-1550
-1590
-1490
-1337
-1284
-1330
-1254
-1091
-885
-791
-642
-499
-309
-153
6
206
366
555
616
727
864
1080
1154
1114
1123
1196
1318
1289
1256
1145
1136
1108
1110
1010
852
737
625
567
398
286
109
-20
-172
-244
-332
-473
-590
-702
-730
-798
-800
-884
-940
-979
-945
-890
-892
-912
-950
-888
-812
-718
-703
-700
-670
-534
-406
-340
-286
-208
-87
23
164
257
320
430
543
659
692
766
816
905
960
944
870
835
893
923
810
595
491
535
549
417
213
63
33
61
26
-161
-316
-315
-245
-259
-364
-429
-396
-368
-386
-421
-432
-427
-405
-432
-500
-513
-436
-403
-453
-503
-449
-353
-298
-315
-344
-313
-234
-136
-118
-118
-111
-23
87
177
211
190
253
331
431
442
428
400
416
470
471
430
351
335
345
333
277
210
191
191
195
151
84
60
98
129
51
-35
-58
18
20
-56
-164
-203
-159
-128
-140
-264
-335
-314
-188
-184
-311
-410
-341
-215
-221
-292
-375
-344
-287
-200
-219
-300
-293
-177
-71
-102
-136
-96
4
61
92
113
140
199
266
321
365
410
417
408
438
486
517
484
413
354
356
419
411
276
134
112
202
201
89
-70
-133
-108
-34
-50
-207
-339
-327
-202
-149
-228
-381
-465
-393
-242
-210
-399
-590
-548
-313
-230
-391
-578
-557
-350
-225
-275
-427
-409
-228
-55
-35
-83
-38
71
214
292
333
329
368
462
534
541
528
537
520
512
518
543
511
438
374
382
409
390
306
198
170
190
194
96
-6
-53
-61
-76
-127
-212
-308
-328
-315
-351
-447
-466
-469
-485
-540
-530
-488
-480
-532
-563
-487
-404
-360
-390
-400
-344
-220
-91
-77
-122
-122
15
183
248
181
96
181
388
512
426
291
316
488
621
568
436
393
469
581
606
488
338
327
435
476
366
177
73
123
189
111
-110
-264
-275
-181
-206
-360
-544
-569
-460
-386
-444
-598
-648
-549
-396
-369
-454
-543
-487
-295
-182
-228
-332
-282
-109
20
-31
-106
-25
117
186
139
131
213
328
377
318
309
377
485
506
446
383
405
523
557
477
342
332
423
476
356
165
113
182
224
82
-121
-196
-126
-105
-229
-394
-454
-398
-356
-427
-559
-587
-528
-455
-481
-536
-550
-445
-335
-310
-347
-358
-240
-116
-79
-147
-143
-23
123
189
124
78
164
340
408
356
268
280
412
521
495
355
327
443
549
492
366
350
436
473
385
269
267
318
304
164
10
-23
52
25
-190
-376
-384
-296
-301
-467
-656
-677
-525
-429
-535
-719
-722
-515
-340
-382
-524
-522
-321
-127
-109
-220
-236
-43
138
154
68
81
193
320
352
285
249
312
439
459
367
305
356
468
478
389
321
345
437
458
366
254
261
328
314
206
97
32
20
8
-73
-216
-304
-317
-324
-367
-453
-493
-506
-501
-498
-488
-499
-500
-478
-416
-361
-344
-322
-284
-198
-119
-62
-41
0
66
150
214
237
240
255
321
387
389
351
337
381
423
426
386
337
350
372
376
327
275
223
211
238
212
128
22
-18
-11
1
-88
-226
-302
-292
-258
-305
-403
-476
-456
-419
-421
-451
-486
-461
-413
-376
-386
-350
-255
-191
-194
-183
-82
44
102
93
105
187
294
357
342
311
332
414
474
448
384
373
403
428
409
328
272
259
298
258
163
74
65
82
38
-66
-152
-154
-146
-204
-277
-330
-339
-338
-363
-400
-426
-404
-382
-384
-401
-403
-377
-335
-290
-267
-259
-232
-156
-63
-1
8
29
105
224
290
293
293
345
425
463
456
423
448
482
484
437
392
368
368
344
268
190
153
134
80
4
-72
-100
-100
-167
-277
-325
-272
-281
-379
-498
-500
-399
-351
-439
-562
-547
-407
-299
-337
-458
-444
-302
-175
-159
-181
-173
-109
10
101
129
150
210
280
316
366
451
517
506
451
473
553
614
573
482
398
409
469
438
332
223
203
166
126
84
22
-74
-170
-193
-197
-217
-301
-369
-417
-419
-400
-417
-474
-510
-494
-486
-470
-459
-441
-446
-412
-367
-317
-278
-234
-179
-160
-122
-58
48
121
146
136
168
279
406
450
400
351
414
553
610
540
446
418
476
536
483
356
293
308
298
227
163
110
59
9
-49
-103
-132
-155
-203
-268
-320
-331
-318
-318
-355
-406
-461
-463
-391
-333
-381
-484
-488
-379
-250
-247
-344
-384
-279
-122
-81
-142
-184
-93
53
128
102
83
168
283
353
329
302
363
486
520
429
358
408
505
532
432
313
280
360
421
359
171
32
66
170
171
15
-157
-222
-119
-32
-93
-284
-406
-365
-261
-235
-342
-490
-510
-418
-343
-382
-460
-483
-428
-377
-364
-374
-341
-290
-257
-229
-182
-109
-29
40
53
74
170
272
347
356
345
368
471
552
534
469
458
510
562
526
439
408
412
404
351
287
219
184
158
109
42
9
-19
-74
-121
-178
-212
-232
-297
-375
-410
-401
-436
-470
-521
-534
-499
-482
-537
-581
-513
-439
-423
-456
-444
-342
-221
-159
-163
-140
-56
79
188
206
188
239
370
472
493
475
470
532
605
629
579
527
503
518
506
457
385
321
285
246
198
136
79
53
8
-71
-135
-152
-174
-213
-294
-364
-382
-367
-398
-461
-509
-513
-493
-485
-500
-528
-506
-454
-410
-413
-416
-360
-253
-186
-171
-158
-79
42
131
150
172
235
352
434
432
425
474
557
584
566
518
512
531
546
496
410
347
316
319
281
178
76
37
41
11
-70
-172
-226
-219
-228
-273
-357
-405
-417
-401
-401
-443
-496
-523
-481
-430
-437
-475
-465
-378
-291
-290
-295
-235
-121
-70
-47
-5
60
140
218
266
293
316
363
434
470
466
442
456
465
462
442
404
351
320
312
275
222
154
120
83
49
-15
-74
-106
-121
-146
-205
-237
-246
-233
-258
-301
-321
-298
-258
-289
-344
-354
-296
-243
-233
-270
-285
-222
-138
-91
-84
-86
-68
6
79
109
107
132
168
216
237
253
286
285
249
231
264
280
244
197
157
144
164
162
106
39
28
44
26
-29
-72
-77
-64
-72
-115
-146
-132
-113
-107
-139
-179
-175
-119
-103
-145
-184
-172
-122
-81
-100
-150
-145
-67
8
-1
-60
-64
22
102
104
40
16
78
163
193
124
66
86
161
199
141
38
15
89
143
93
-10
-50
4
65
50
-30
-76
-57
7
30
-25
-95
-77
-1
28
-7
-67
-67
-31
0
-13
-43
-74
-77
-47
-40
-59
-78
-74
-83
-89
-68
-53
-57
-63
-64
-46
-20
6
21
27
25
16
37
82
114
86
25
12
84
136
113
45
10
32
98
138
80
11
-5
47
81
69
20
-30
-23
25
53
5
-49
-54
0
24
-5
-55
-67
-39
7
3
-73
-137
-94
-4
5
-88
-164
-131
-43
-11
-60
-125
-123
-56
7
-2
-44
-44
15
43
41
40
53
64
81
96
80
71
81
113
118
98
73
78
110
109
87
49
34
22
23
37
27
-8
-45
-34
3
20
-15
-47
-60
-43
-23
-27
-77
-106
-90
-72
-82
-115
-126
-120
-110
-121
-138
-147
-139
-119
-112
-113
-113
-78
-47
-28
-13
3
29
54
95
110
111
117
156
203
214
196
173
192
232
244
204
156
144
166
185
158
96
56
62
84
67
16
-33
-39
-29
-43
-96
-138
-148
-147
-169
-210
-240
-228
-213
-237
-275
-285
-261
-248
-240
-253
-262
-246
-208
-163
-136
-118
-94
-65
-27
27
80
111
118
133
178
232
272
284
283
290
318
348
352
332
311
317
327
302
251
214
218
226
184
99
49
42
26
-29
-98
-143
-165
-183
-222
-269
-302
-315
-327
-347
-366
-376
-374
-364
-356
-345
-322
-298
-273
-245
-212
-167
-104
-60
-41
-20
31
101
156
178
173
189
239
300
331
327
309
326
371
399
393
361
324
320
330
306
263
218
172
134
119
89
13
-63
-94
-95
-118
-192
-266
-293
-295
-300
-330
-362
-389
-380
-354
-334
-342
-339
-315
-269
-236
-226
-201
-147
-67
-29
-26
-19
41
136
183
157
123
161
250
307
295
233
220
287
371
364
272
215
250
321
312
221
135
129
164
162
90
-14
-53
-32
-19
-83
-173
-217
-205
-192
-221
-275
-311
-303
-273
-259
-282
-313
-304
-253
-210
-210
-221
-196
-136
-90
-65
-43
-18
3
32
76
114
130
128
139
164
209
231
223
197
206
239
258
243
201
181
187
203
185
139
98
96
107
92
31
-19
-23
-16
-34
-74
-115
-129
-125
-127
-141
-161
-172
-175
-162
-156
-157
-152
-144
-135
-123
-99
-81
-66
-51
-40
-19
9
30
37
48
57
66
78
88
92
87
76
80
93
96
75
41
25
30
43
22
-20
-47
-38
-22
-28
-53
-66
-69
-73
-65
-67
-82
-87
-69
-49
-45
-49
-45
-21
16
34
30
29
51
87
118
122
117
131
159
179
172
156
146
162
170
153
113
85
93
107
81
29
-14
-19
-13
-23
-69
-133
-152
-138
-140
-190
-243
-251
-223
-211
-240
-277
-266
-219
-188
-203
-226
-216
-166
-110
-92
-97
-91
-52
9
58
76
87
116
165
209
238
249
263
285
316
336
334
318
308
321
327
300
245
207
194
186
147
81
21
-10
-29
-63
-114
-176
-212
-225
-245
-286
-328
-345
-340
-332
-347
-359
-350
-322
-294
-278
-269
-246
-205
-163
-125
-98
-71
-30
26
76
102
123
167
220
258
280
288
305
340
373
377
364
354
352
359
346
320
277
233
203
179
146
88
27
-21
-51
-88
-142
-198
-237
-264
-295
-331
-360
-371
-376
-381
-387
-389
-381
-368
-348
-322
-293
-267
-237
-194
-153
-111
-73
-32
15
68
112
149
183
222
267
300
321
338
366
394
411
406
390
384
387
383
355
310
271
244
226
186
135
78
33
-8
-47
-88
-144
-193
-246
-277
-310
-338
-364
-382
-394
-408
-408
-405
-394
-383
-362
-345
-320
-281
-239
-203
-165
-125
-77
-27
15
57
105
154
188
224
256
300
331
349
361
382
404
405
397
383
367
349
338
315
277
231
200
174
140
95
33
-18
-61
-93
-126
-169
-225
-276
-296
-304
-318
-348
-376
-390
-377
-355
-351
-356
-339
-294
-245
-225
-216
-188
-130
-70
-37
-26
-7
44
105
140
149
165
198
236
261
274
285
299
311
316
315
306
293
276
259
249
231
195
152
119
100
85
53
2
-47
-73
-86
-117
-164
-206
-232
-243
-254
-274
-295
-304
-296
-288
-287
-288
-274
-244
-218
-200
-184
-159
-122
-79
-46
-29
-10
24
63
87
102
125
158
180
191
205
225
251
264
258
248
245
252
252
235
205
182
171
161
137
98
65
47
35
16
-23
-68
-96
-99
-112
-146
-188
-206
-200
-197
-208
-229
-235
-226
-211
-204
-203
-198
-182
-154
-128
-109
-89
-61
-39
-22
2
35
64
82
92
103
127
155
174
174
171
175
198
215
209
189
175
177
177
162
131
109
96
89
73
45
12
-13
-23
-34
-54
-89
-118
-126
-121
-127
-155
-178
-180
-166
-157
-165
-178
-185
-173
-149
-126
-125
-132
-122
-89
-48
-35
-38
-30
8
41
52
52
70
107
130
136
133
142
167
190
191
175
166
179
186
173
149
133
126
119
100
78
54
35
18
-3
-29
-52
-67
-84
-110
-128
-136
-144
-159
-176
-184
-186
-186
-187
-184
-182
-178
-171
-156
-136
-118
-102
-90
-73
-51
-25
-3
17
32
53
78
103
119
125
131
143
160
172
172
172
178
188
190
184
171
159
145
127
115
98
74
52
36
21
1
-25
-49
-62
-75
-99
-128
-149
-155
-163
-175
-187
-197
-197
-192
-185
-182
-178
-167
-154
-138
-115
-91
-74
-54
-32
2
38
54
62
79
117
147
152
145
158
184
207
211
202
200
206
214
208
190
166
156
148
128
101
74
51
34
19
-8
-40
-64
-83
-103
-131
-149
-166
-181
-199
-213
-218
-222
-221
-229
-234
-229
-208
-190
-182
-178
-159
-120
-88
-69
-55
-33
8
48
72
81
98
131
165
178
183
196
215
234
235
226
213
215
216
206
183
156
137
127
108
76
46
21
0
-16
-31
-57
-84
-108
-123
-135
-145
-166
-186
-191
-189
-188
-191
-187
-184
-179
-167
-145
-125
-115
-107
-81
-47
-20
-3
7
29
59
84
97
106
115
129
143
153
159
160
