SAMPLES:	10071
BITSPERSAMPLE:	16
CHANNELS:	1
SAMPLERATE:	16000
NORMALIZED:	FALSE
2
4
12
11
5
0
2
7
6
0
-4
0
4
2
-4
-7
-6
-4
-1
-10
-7
1
6
-1
-9
-3
2
0
-4
-4
-1
8
9
4
0
4
4
2
11
13
12
7
0
-1
-4
-4
-13
-14
2
15
15
6
-3
0
2
-10
-18
-24
-15
-5
-1
0
7
17
17
1
-11
-18
-18
-12
-14
-18
-6
4
6
3
16
9
-5
-4
-15
-22
-23
-4
5
14
18
21
9
6
1
-1
0
-1
-10
-18
-14
4
12
8
3
-1
5
10
7
-7
-20
-27
-23
-10
16
31
30
26
5
-4
-3
-3
8
3
-2
-10
-16
0
11
6
11
12
-1
-7
-29
-40
-34
-26
-5
4
8
10
-4
-10
-13
-14
-3
0
12
-10
-18
-1
9
29
22
21
-18
-27
-15
11
23
53
31
13
14
8
-2
-8
-7
21
52
45
41
15
-18
-26
-7
10
26
26
-15
-47
-64
-22
20
44
22
-22
-38
-25
33
9
-20
-23
-32
-43
-30
-1
6
6
12
15
16
-5
-18
-37
-9
18
23
7
2
15
29
22
-16
-30
-29
18
46
33
3
7
0
-7
-9
-13
22
42
36
-23
-40
-40
6
33
27
9
-40
-74
-44
-17
-6
31
52
1
-56
-43
-31
10
43
30
-28
-20
31
49
37
-5
-39
-49
14
23
39
21
-21
-45
-22
13
38
33
-66
-96
-29
19
92
95
-4
-65
-16
-23
14
59
16
-39
-2
-6
66
118
44
-73
-57
-83
-8
51
13
-7
-49
-64
11
-1
19
9
-85
-11
66
105
38
3
-91
-51
19
29
5
58
-12
17
16
-5
43
8
-102
-46
36
-32
63
21
-76
-10
24
-28
22
-47
-71
44
23
57
3
-46
-24
57
7
-12
-85
-16
79
54
54
-43
-39
15
33
0
-30
-116
6
91
15
46
-42
-67
-8
51
51
-41
-67
30
17
40
8
-95
-20
107
14
71
-17
-70
51
27
-81
39
-16
-17
91
-32
-39
7
14
3
38
-63
84
-61
20
-10
33
21
28
-92
12
12
-44
88
-90
18
41
141
-38
-1
-84
-53
43
4
-109
68
-9
47
11
-73
-32
-3
-16
-14
-33
28
50
-46
17
-44
-71
90
20
-12
46
-50
33
0
-99
37
143
-4
58
-51
-62
-47
33
13
8
-54
-7
84
-55
-53
-6
28
-23
175
-139
-43
-56
45
49
29
-138
88
78
-76
23
-34
-25
-12
85
-30
-89
-40
124
-22
-68
68
48
-123
16
-19
28
35
30
61
13
-173
104
86
-116
11
131
-74
36
40
-54
-102
32
66
48
-127
97
60
-151
-46
32
0
-61
180
-26
-20
-61
205
-109
-128
69
-42
26
69
173
-164
74
-78
94
-183
47
107
-72
-45
111
3
-147
256
-96
2
-116
198
-249
181
-55
66
-132
68
-6
-43
5
19
71
-46
9
70
-37
-170
173
-109
34
-57
146
-192
137
-8
89
-39
-6
-100
48
-122
96
-18
151
-238
211
-50
-101
92
58
-240
-12
255
-291
191
122
-163
-17
65
-244
185
36
-100
3
17
-86
166
47
-118
12
68
-33
-154
346
-205
-24
81
-73
-197
233
-27
-41
49
29
-14
-102
27
68
-283
211
19
-155
122
-129
19
82
187
-100
168
-340
62
-59
105
-95
65
134
-129
171
-18
-73
-25
236
-393
182
-42
5
-76
210
-62
-153
343
-285
159
90
-101
-80
183
-337
245
-13
-76
166
91
-116
-181
118
-106
-7
-24
-109
-99
210
-70
-5
111
-44
11
56
-188
36
99
-23
-43
33
208
-217
349
-252
-6
51
30
-6
170
-227
0
-18
91
-260
375
-358
278
93
-174
49
-79
105
-76
240
-323
319
-72
-48
81
-32
-253
461
-349
160
-66
62
-119
105
-44
15
131
-301
356
-401
-9
136
-107
-96
306
-201
-180
346
-102
-179
351
-305
103
63
-220
62
-128
152
-63
102
-146
285
-261
285
-146
-25
215
-236
192
-176
5
0
200
-206
55
90
-131
260
-225
159
-128
56
9
-279
288
-229
171
-212
314
-238
115
101
-365
349
-347
477
-530
456
-536
481
-359
162
-108
68
47
-164
504
-631
626
-504
373
-357
192
-169
78
90
40
116
-233
390
-532
538
-555
197
-19
66
51
71
45
-53
59
-237
184
-343
390
-155
155
-172
239
-185
-21
136
-292
219
53
40
-349
536
-502
346
-160
-59
21
66
-16
-16
84
-162
132
18
-181
158
-71
147
-214
154
-310
225
-120
279
-213
28
27
-199
182
-57
-28
42
278
-292
125
-177
22
45
-84
196
-198
90
91
-90
-140
297
-204
122
-39
-77
40
50
-93
21
54
-26
132
7
-157
215
-99
43
-138
250
-238
207
83
-290
408
-312
174
-126
218
-37
-165
-24
-131
0
34
140
-222
168
-317
240
-377
260
-227
396
-456
516
-479
100
86
-42
302
-295
167
-177
376
-533
604
-554
293
-2
171
-287
386
-149
49
196
-274
15
-256
170
-139
58
75
-40
264
-257
639
-867
799
-672
358
-82
-207
122
-160
257
-194
417
-556
561
-508
506
-426
-96
129
-223
34
103
-331
390
217
-360
540
-512
495
-450
564
-803
342
-212
179
-319
360
141
-301
412
-223
141
-345
701
-743
279
-142
-199
215
-49
229
-160
123
-132
426
-422
414
-295
53
-198
45
-194
-10
115
174
-5
-21
184
-383
-4
-31
-77
57
40
-12
337
-310
269
-148
-24
11
18
-289
405
-359
522
-407
230
211
-59
-204
308
-407
209
-42
-66
-126
88
129
-76
93
-120
-34
334
-117
-253
380
-617
531
-200
-94
-72
467
-339
501
-458
71
-120
-1
43
30
-215
256
106
-248
159
-250
111
105
-92
-6
-113
24
106
-11
95
69
-171
255
-240
214
-248
77
-33
-89
142
-214
312
-125
21
49
-312
92
345
-547
204
-76
16
-90
310
-254
331
-262
464
-513
221
-127
-38
-135
-21
462
-223
507
-437
237
-380
357
-336
183
-207
162
-191
-49
40
311
-209
308
-117
-33
-57
-46
-197
100
-178
346
-135
-127
551
-506
510
-327
42
-197
345
-657
539
-521
527
-136
133
75
-200
304
-416
311
-413
198
-77
-31
-179
567
-528
560
-322
77
-71
-18
167
-177
-11
285
-261
130
92
-330
382
-198
195
-279
168
58
-127
122
-384
24
431
-284
356
-227
-168
458
-314
-85
259
-184
207
16
-205
75
80
234
-345
-12
-9
-15
-200
459
-737
892
-467
357
-409
331
-460
425
-403
36
-190
45
-136
508
-265
-17
138
-100
79
-61
-130
123
-183
245
-84
164
295
-383
262
-220
224
-333
223
-233
413
-190
-35
85
95
-193
168
-265
85
-185
292
-296
81
-161
217
-266
600
-487
355
-238
290
-526
660
-726
322
-223
-244
223
69
187
132
183
-407
263
-117
44
-260
-231
-3
147
267
-155
367
-340
369
-28
81
-87
-84
66
-388
233
-191
252
123
90
-188
129
-362
77
299
-510
562
-293
47
278
-158
-205
130
-217
247
-274
303
-199
16
-17
80
-140
248
-24
3
-161
271
-286
-37
-50
19
185
-78
21
210
287
-417
724
-1055
541
-118
-117
-184
408
-616
707
-225
49
147
-366
243
-157
69
-220
273
-704
830
-328
299
-350
397
-452
422
-372
47
-9
113
170
-196
59
-104
238
-602
380
-530
420
-93
-17
131
-177
658
-441
-286
448
-300
89
591
-941
469
-9
-161
307
-540
494
-54
-166
-186
609
-365
426
-285
13
-500
350
-211
-82
140
172
136
-557
916
-683
175
-42
8
-432
482
-463
334
-132
305
43
-416
20
467
-313
193
279
-582
235
216
-522
45
-99
209
180
-56
455
-374
99
188
-386
-172
14
-505
311
224
97
494
-96
22
35
-16
-509
417
-399
-99
88
215
-249
161
592
-663
447
-63
-374
238
37
-312
-126
-30
13
32
192
134
2
354
-287
306
-536
248
-139
-85
-16
-24
-19
267
74
179
155
-156
33
-205
-144
24
-152
228
-341
430
-708
625
-200
430
-217
18
-191
91
227
-638
214
-320
337
-217
863
-1093
614
18
-56
46
-266
-477
736
-401
158
341
-624
257
345
-471
250
-38
251
-341
439
-492
262
-157
579
-768
395
207
-83
52
-95
-485
377
216
-563
803
-866
476
-212
26
15
150
-78
-129
56
127
-436
459
-11
-221
622
-640
129
-127
253
-160
-5
174
-6
-219
194
-320
554
-263
10
-436
164
-11
279
-258
-46
-90
15
202
447
-181
18
-25
-175
274
-408
342
-664
586
-130
159
-399
158
131
385
-216
167
106
-414
318
-662
201
152
163
-318
392
-203
312
-412
156
343
-162
110
-535
180
-266
700
-607
201
-120
-133
-37
98
-286
445
-37
-475
787
-663
640
-203
-319
51
-47
-342
416
-108
429
212
-385
59
-13
184
-341
1
-501
682
-435
556
264
-270
331
-30
-625
326
-306
18
-61
-67
25
-86
170
181
382
-520
-21
-375
449
-224
124
-46
-293
226
470
-448
486
-94
-174
-102
-94
-367
75
307
-148
417
-114
-46
163
204
-84
159
-715
337
-292
-428
347
-316
8
566
-86
203
215
-154
30
-540
135
-46
145
263
145
42
181
-156
-157
-32
-48
116
-108
74
-411
87
-77
-23
599
-94
-160
127
-216
67
364
-504
-126
316
-48
-177
393
-365
365
77
107
-342
-40
-132
-53
197
-181
169
130
-253
183
-565
536
188
-511
214
-637
303
732
-766
609
-759
486
60
-79
-59
165
185
231
-125
-354
-88
89
-135
5
631
-910
1217
-1236
779
-407
485
-667
439
-435
-53
83
720
-626
798
-548
-209
250
-66
221
-621
514
114
229
-330
-70
-183
757
-516
202
-576
569
-36
-408
1
134
154
560
-784
-37
51
31
164
-386
16
-15
393
-77
92
-14
-54
19
-185
-35
29
384
-63
-203
-59
252
-447
366
-564
166
329
-786
355
-355
-25
672
-563
203
303
-726
983
-727
622
-567
569
52
-84
73
491
-231
596
-450
195
-421
-155
36
-687
83
-184
20
-4
492
-320
181
-188
-83
-182
332
-572
474
-533
448
69
301
-146
354
166
-145
-74
-208
-52
-239
562
-422
213
-11
133
-339
143
178
-23
387
-293
374
15
-695
196
-630
201
267
-53
98
57
-300
582
-324
941
-567
127
-305
-73
404
-136
-36
-382
-65
53
2
495
-534
23
603
-496
354
191
-635
40
-131
-164
-5
260
700
-481
737
-455
-168
199
-27
-306
231
-153
432
-126
151
-55
-267
118
-183
-263
90
-54
-525
541
-541
650
-53
16
-58
-70
3
237
-472
-69
120
527
-2
-226
233
173
914
-877
179
-346
8
-251
-296
-764
651
-192
50
578
-493
467
235
-423
418
71
-562
932
-1293
800
-237
225
534
-112
629
-566
116
-289
-172
-388
55
74
-87
5
216
-453
501
237
-528
299
-1251
615
-420
79
727
-743
807
175
-467
659
-899
426
-299
-268
410
-228
576
-9
-292
226
-398
717
314
-862
770
-581
-394
693
-362
-312
362
-725
894
-465
-161
195
-328
493
-89
-1000
575
-522
1167
24
-676
1503
-1216
500
164
-1085
621
-196
6
77
-262
237
369
605
-210
-46
-251
54
669
-227
-442
229
70
57
-31
-1151
668
-75
280
-316
-116
696
-184
-444
254
-132
587
30
-104
-455
-241
597
-882
88
-156
13
678
-563
-31
389
-585
1079
-1024
-135
94
-553
256
205
225
680
35
146
-88
389
-546
54
366
-879
913
49
44
489
158
-159
-398
36
-108
-261
396
-1124
177
23
-168
409
-703
117
-130
-551
619
-690
-81
177
-149
770
-374
306
797
256
587
-58
-402
342
-517
30
-193
-299
630
-174
-25
-25
-439
62
-168
-185
-282
-149
-571
718
-144
198
769
-287
963
-205
55
578
-768
892
-480
-715
1573
-1194
433
344
-1216
569
-194
-564
270
-1072
391
96
-421
555
104
-154
53
-391
-842
240
62
-9
-211
-741
609
-226
-140
633
-595
800
131
-211
87
-55
318
669
-742
939
-515
-184
827
-663
307
245
-213
433
-603
-374
929
-693
713
172
-561
409
-105
-219
50
6
-62
194
131
149
-53
-270
234
274
389
217
56
-265
159
195
14
-263
-290
168
-363
-56
-343
-71
136
-344
2
-674
-292
287
-247
348
-38
235
86
283
229
-159
190
305
402
-153
247
-92
-126
160
-280
-135
-54
-385
222
-446
467
302
-557
226
-703
218
-170
-57
303
-641
320
-207
-393
43
-771
183
-556
-638
116
-1079
-45
-380
-179
156
-555
514
-212
35
550
-292
463
446
387
534
227
765
863
635
903
461
1009
1220
954
979
747
1463
1329
800
665
50
328
74
86
-109
-671
-498
-967
-1205
-1014
-1427
-1427
-1551
-1576
-1373
-1944
-1891
-1986
-1866
-1539
-1552
-1507
-1705
-1621
-1060
-1064
-870
-698
-323
179
510
680
771
1003
1518
1629
1989
2168
2237
2404
2836
3275
3499
3699
3770
4127
3685
3551
2842
2105
1979
1587
1240
438
-104
-563
-1182
-1376
-2004
-2621
-2885
-3396
-3827
-4561
-4796
-4933
-5097
-4749
-4765
-4786
-4717
-4446
-4062
-3658
-3012
-2210
-1704
-998
-405
294
1236
1992
2778
3116
3374
3590
3869
4321
4793
4952
4971
5106
5199
5484
5822
6087
5934
4820
2885
1812
1941
2051
1426
-69
-1636
-2262
-2125
-2145
-2914
-3344
-3390
-3799
-3944
-4685
-5534
-5696
-4634
-3687
-3182
-3253
-3382
-3395
-2730
-1690
-1722
-1512
-1389
-1480
-1783
-1080
-403
42
387
364
441
462
1159
1440
1811
1573
1776
1815
1987
2467
2794
3633
4321
5670
6331
6941
6949
5830
4019
3610
4366
4438
3160
1667
-90
-931
-528
-1082
-2168
-2717
-2754
-3713
-4817
-5785
-6840
-6777
-5482
-4392
-4472
-4624
-4404
-4191
-3174
-2002
-2116
-1995
-1483
-1791
-1728
-1283
-212
-256
-136
346
230
459
830
839
1247
1782
2037
1712
1493
2284
3137
4433
5359
5960
6464
7242
7492
6716
4945
3954
3982
4755
4009
2128
-245
-1458
-1257
-1072
-1656
-2835
-3633
-4203
-4743
-5577
-6312
-6847
-5792
-4470
-3741
-3786
-4082
-3767
-2827
-1731
-1140
-1327
-1443
-1095
-1201
-1011
-442
-41
176
86
134
-165
-98
272
427
915
1193
1085
586
778
1803
2953
4261
4578
5056
5713
6813
7480
6216
4595
3858
4768
5392
4233
1501
-819
-1557
-569
-495
-1574
-3049
-3808
-3948
-4608
-5380
-6816
-6707
-5350
-4020
-3743
-4022
-3893
-2949
-1545
-306
-593
-1223
-1020
-617
-770
-829
-297
-277
-61
-43
-467
-976
-437
161
231
478
449
194
141
1074
1994
2906
4112
4925
6143
6868
8094
7449
5455
4019
4169
5602
5130
2840
-338
-2002
-1256
-285
-976
-2379
-3722
-3939
-4510
-5258
-6517
-7013
-5855
-4065
-3094
-3529
-3767
-3214
-1629
40
398
-621
-1348
-1576
-627
352
1497
603
-1165
-1495
-713
493
202
-665
-1260
-725
77
-34
-1084
-882
959
2917
3960
3494
4018
5247
7490
8902
7319
4575
2792
4431
6195
5378
2275
-1015
-1939
-758
-5
-1210
-3497
-4182
-3916
-4019
-4968
-6642
-6773
-5273
-3031
-2489
-3271
-3645
-2704
-707
1033
817
-382
-955
-315
774
748
377
-1087
-1566
-721
-50
-477
-1744
-1951
-1451
-774
-404
-1199
-1397
-352
1209
2204
2463
3433
4460
6312
7909
9019
7771
5087
3421
4459
6331
5703
2455
-1292
-2571
-1582
-253
-1325
-3030
-4284
-4195
-4610
-5620
-7010
-7083
-5220
-3101
-2566
-3479
-3614
-2405
209
2030
1869
318
-453
313
1519
1123
229
-401
49
162
-854
-2354
-2666
-1176
-90
-1155
-2689
-3053
-1808
-158
918
895
928
3068
5033
6754
7000
8369
7817
5676
4171
4312
5821
5137
2784
-743
-2180
-1134
-89
-1205
-2927
-4124
-4339
-4828
-5456
-6526
-6542
-4725
-3029
-2453
-3141
-2783
-1661
633
2350
2113
672
260
756
1022
1249
1106
387
-394
-634
-1569
-2648
-2275
-929
-976
-2236
-3784
-3814
-2190
-201
678
177
690
2810
5072
5971
6045
7463
8887
7731
4706
2741
4163
5956
5342
1568
-2273
-3210
-1814
-688
-1841
-3802
-4909
-5086
-5013
-5507
-6304
-5752
-3887
-2092
-1956
-2504
-2234
-582
1955
3275
2307
838
618
1461
1053
233
419
106
-541
-1642
-2418
-2774
-1807
-1111
-2242
-3096
-2837
-2216
-1509
-484
465
1062
2610
4147
5031
6334
8074
9577
7724
4412
2638
4538
6750
5293
858
-3081
-3121
-991
-164
-2094
-4563
-5329
-4604
-4389
-5314
-6775
-6122
-3839
-2004
-2041
-2822
-2361
-333
2561
3683
2211
406
492
1937
2353
1796
-136
-2017
-1756
-352
-210
-2330
-3449
-3323
-2178
-1812
-2485
-3161
-2310
-406
1077
1007
1030
2765
5499
7355
7883
8809
7758
5222
3072
4338
6549
5722
1844
-2769
-3942
-1896
157
-1041
-3808
-5125
-4866
-4491
-4991
-6065
-5882
-3833
-1784
-1825
-2751
-2138
155
2876
4122
2607
434
-16
1294
2216
2022
1227
-1045
-2475
-2635
-1750
-1864
-2492
-2900
-3826
-3924
-3564
-2666
-2162
-853
264
811
1097
2742
4632
6657
8011
9159
8909
5973
3428
3181
6428
7127
4095
-1524
-4551
-3234
-383
261
-2402
-4934
-5535
-4808
-4419
-4947
-5322
-4177
-2356
-1464
-2256
-2160
-612
2213
4191
3639
967
-1431
-1194
955
3390
3308
112
-3806
-4542
-2449
-276
-439
-2068
-4096
-4925
-4580
-3738
-2501
-1201
610
797
811
1103
3649
6294
8110
8715
8390
6644
3443
2442
4663
7765
6558
1562
-3778
-4625
-1721
1051
-29
-3342
-5645
-5713
-4721
-4586
-4948
-4567
-2870
-1683
-1961
-2619
-1674
1045
3871
4216
1895
-805
-891
1041
2866
2678
825
-1424
-2715
-2269
-1639
-2091
-3040
-2916
-2832
-4049
-5462
-5072
-2445
1100
2280
477
-1054
1048
5448
8259
8311
6948
7015
6472
4616
3013
4811
7176
5824
793
-4266
-5012
-2056
1015
122
-3309
-6110
-6248
-5119
-4124
-3973
-3656
-2835
-2219
-2302
-2192
-767
1663
4064
3951
1674
-612
-161
645
1568
2330
2347
-456
-4197
-5187
-3020
501
1055
-2329
-6944
-7474
-4241
-974
-524
-1207
-998
569
1927
2729
4171
6525
8993
9824
7670
3184
1022
4160
8998
8624
2543
-3838
-5371
-1913
1956
1660
-2425
-5650
-5826
-4688
-4230
-4358
-4061
-2692
-1564
-1897
-2959
-2331
605
3921
4866
2265
-1063
-1643
1066
3414
3110
634
-1798
-2740
-2429
-2002
-2890
-3112
-2673
-2885
-5377
-7325
-6012
-2079
1589
1503
-1001
-2535
392
4755
7367
7072
6382
7427
8302
6735
3545
3612
7213
8977
4896
-2255
-5646
-2816
2151
3127
-1051
-6119
-7563
-5351
-2970
-2686
-3744
-4069
-3371
-2747
-2554
-1695
183
2670
3653
2134
-634
-1080
757
1708
1590
930
-393
-2808
-4456
-3877
-1734
-70
-1300
-5068
-7589
-6462
-2694
-429
-907
-1950
-1344
211
1915
3877
5924
7807
8883
9030
6171
3165
3053
7099
9859
7152
747
-4158
-3038
1481
4070
1341
-3317
-5961
-5377
-3859
-3154
-3801
-4008
-3519
-3158
-3474
-3175
-1306
1083
2889
2026
-562
-2064
-423
2385
2701
1443
-876
-2481
-2745
-2459
-1768
-1710
-1156
-2674
-4985
-6333
-4716
-1388
228
-600
-2173
-1933
344
3533
5395
5599
5563
7358
8431
6705
3572
3457
7019
9074
5863
-915
-4466
-1862
3012
3963
-192
-4786
-6120
-4322
-2439
-2783
-4405
-4913
-3754
-3020
-2933
-2499
-1088
852
2039
1122
-1177
-1664
654
3093
2562
-79
-2040
-1988
-488
-412
-2148
-3636
-2479
-1329
-2819
-5377
-5397
-2327
569
764
-1327
-2345
63
4072
5885
5422
4955
6720
7724
6041
3151
3513
7094
8110
4169
-1953
-3822
-687
3248
3082
-1018
-4846
-5523
-3676
-2280
-2969
-4171
-4406
-3677
-3126
-2721
-1950
-783
735
1352
404
-1180
-707
1546
2906
1823
-423
-1700
-1556
-612
-965
-2037
-2484
-1844
-2464
-4473
-5188
-3242
-630
-108
-1423
-2414
-1014
1939
4239
4206
4139
5115
7549
7727
5359
3117
4334
7746
7521
3074
-2465
-2812
966
4192
2457
-2285
-5484
-5083
-2721
-1820
-3444
-5237
-4939
-3534
-2798
-2838
-2495
-1546
334
1271
230
-1446
-845
1698
3062
2243
-731
-2769
-1790
1480
2030
-1749
-4680
-3998
-1132
-1034
-3126
-4983
-3490
-147
1124
-598
-2043
164
3824
5326
4546
4292
6155
7485
5940
3491
3457
6429
7207
3998
-999
-2061
780
3262
2150
-1648
-4474
-4748
-3080
-2417
-3499
-4671
-4475
-3869
-3641
-3547
-2859
-1740
-148
599
-285
-1259
-766
729
1295
1379
953
3
-813
-709
227
-55
-806
-1877
-2470
-2882
-3089
-2712
-2225
-875
-324
-387
-869
-117
2260
4142
5220
4842
5226
5152
4475
4015
4917
6711
5947
2782
-569
-587
1819
3372
1744
-1764
-4174
-3946
-2721
-2393
-3448
-4313
-4381
-4218
-4113
-3895
-2805
-1478
-168
-237
-1381
-1763
-492
1663
2176
1216
-764
-1678
-437
1077
1238
-935
-2342
-2500
-1609
-1325
-1777
-2073
-2017
-1149
-444
-182
-307
699
2644
4020
4573
5153
5721
5075
3828
3874
5509
6181
4226
891
-589
1015
3222
2854
-96
-2715
-3352
-2360
-1957
-2897
-4372
-4741
-4317
-3993
-3932
-3494
-2560
-1487
-665
-1042
-1797
-1844
-332
801
1133
295
-430
-685
-210
890
1013
268
-1160
-1772
-1897
-1274
-714
-1064
-1722
-1618
-559
366
1287
1932
2870
3537
4371
4987
4628
3560
3132
4435
5335
4414
1901
206
817
2716
2931
666
-1861
-2701
-2133
-1524
-2098
-3657
-4348
-3815
-3108
-3187
-3165
-2715
-1966
-1285
-1159
-1637
-1931
-795
454
483
-590
-940
-157
767
578
-1071
-1807
-873
603
-402
-2687
-3324
-1362
752
590
-894
-1568
-136
2463
3663
2861
2328
3953
6298
5876
3586
1843
3545
6052
5949
2330
-1137
-561
2218
3646
1395
-1887
-3703
-2865
-1261
-1363
-3262
-4823
-4762
-3811
-3057
-2880
-3066
-2807
-1653
-918
-1202
-1786
-1066
176
558
257
-161
-175
139
586
255
-605
-856
-762
-983
-1524
-1676
-1554
-995
-472
-410
-374
138
1508
2455
3124
3350
4444
5139
4284
2809
2760
4993
6081
4555
1131
-392
1052
2996
2674
-38
-2442
-2816
-1709
-1168
-2305
-3850
-4401
-3901
-3383
-3297
-3261
-3166
-2441
-1604
-1399
-1870
-1815
-755
282
778
602
59
-311
220
1201
1139
-525
-2088
-1985
-622
113
-917
-2623
-2621
-354
1497
971
-661
-626
1488
3627
4299
3623
3792
4462
4488
3702
3777
5304
5533
3576
728
19
1089
2447
1927
-500
-2840
-3254
-2379
-2125
-2884
-3928
-4786
-5035
-4515
-3793
-3134
-2598
-1930
-1945
-2057
-1940
-1533
-779
414
1480
1085
-272
-967
229
2210
2754
1080
-1387
-2087
-561
1269
1028
-807
-1676
-749
799
1703
1648
1741
2397
3670
4123
2970
1512
1623
3799
5001
3748
872
-646
776
3094
3464
964
-1694
-2496
-1356
-349
-1025
-2823
-4099
-3828
-2954
-2396
-2625
-3071
-2973
-2322
-1933
-2109
-2315
-2171
-1831
-1196
-465
-129
-268
-407
19
747
1325
1125
326
-382
-204
510
873
502
134
527
1403
2258
2340
2353
2686
3661
3988
2697
1139
1036
2980
3821
2727
142
-1073
66
2113
2524
254
-2062
-2623
-1344
-377
-863
-2441
-3671
-3252
-1986
-1319
-1765
-2441
-2386
-1818
-1211
-1349
-1671
-1780
-1446
-1081
-828
-586
-605
-491
-290
23
78
92
85
-28
55
139
202
263
528
1232
1782
2156
2070
2355
2895
3688
3882
2699
1282
1141
2629
3150
1932
-197
-987
1
1543
1565
-195
-1967
-2096
-1076
-454
-1067
-2244
-2925
-2644
-1694
-1006
-1044
-1655
-1836
-1653
-1193
-964
-876
-1061
-1069
-989
-766
-702
-538
-505
-437
-258
-338
-564
-889
-575
-136
380
125
-255
-228
695
1651
2190
2015
1620
1893
2916
3877
3293
2105
1258
2091
2954
2747
973
-493
-254
1018
1723
698
-956
-2057
-1593
-645
-409
-1423
-2573
-2900
-2240
-1268
-819
-1268
-2014
-2147
-1710
-1092
-830
-706
-908
-987
-969
-742
-479
-193
71
-368
-815
-990
-469
-162
-153
-472
-626
-106
476
882
745
951
1368
1906
2057
2036
2378
2816
2951
2363
1760
2002
2522
2357
1115
219
312
1099
1475
674
-618
-1398
-963
-411
-504
-1415
-2315
-2569
-2034
-1240
-1087
-1672
-2236
-2163
-1644
-1118
-990
-1266
-1658
-1642
-1087
-548
-506
-771
-601
-154
105
-115
-514
-595
-31
435
239
-294
-66
761
1702
2063
1851
1655
1975
2785
2876
2347
1614
1654
2015
2141
1531
495
94
655
1343
1162
210
-729
-1068
-720
-375
-719
-1486
-2086
-1973
-1482
-926
-890
-1239
-1622
-1693
-1446
-1137
-919
-1017
-1231
-1431
-1338
-989
-497
-267
-321
-592
-768
-772
-532
-312
-260
-307
-223
-59
285
672
1043
1435
1702
1858
1744
2047
2454
2645
2244
1882
1924
2072
2096
1568
904
600
953
1254
896
49
-679
-882
-603
-465
-820
-1563
-1981
-1892
-1367
-1044
-1230
-1758
-2135
-1932
-1449
-1111
-1302
-1559
-1597
-1312
-937
-820
-732
-563
-302
-410
-709
-821
-509
23
215
46
-162
95
657
1143
1312
1459
1536
1680
1701
2000
2281
2364
2032
1598
1539
1720
1947
1487
910
519
836
1014
837
126
-468
-616
-392
-321
-756
-1375
-1674
-1391
-1045
-997
-1390
-1698
-1787
-1450
-1157
-1138
-1502
-1682
-1453
-980
-809
-871
-897
-687
-383
-287
-493
-748
-548
-178
86
14
-100
-43
280
729
975
1093
1050
1116
1201
1573
1965
2088
1771
1316
1313
1630
2010
1663
990
539
845
1248
1221
595
-72
-316
-114
81
-185
-812
-1232
-1203
-1032
-1023
-1300
-1614
-1845
-1647
-1405
-1367
-1625
-1604
-1339
-950
-816
-845
-839
-567
-117
-59
-393
-637
-402
7
219
46
-195
-154
271
625
623
409
385
509
753
950
1136
1218
1343
1410
1308
1269
1375
1609
1549
1402
1164
1012
1004
1170
1188
766
255
-31
-12
17
-192
-686
-1140
-1277
-1056
-1029
-1344
-1610
-1598
-1511
-1496
-1444
-1406
-1267
-1058
-850
-825
-725
-451
-222
-210
-350
-415
-375
-179
-75
-141
-314
-246
41
268
295
165
108
280
644
788
821
816
1001
1177
1247
1263
1148
1233
1396
1499
1334
1101
966
1007
1049
938
711
363
130
2
-34
-200
-491
-753
-995
-1086
-1047
-1058
-1163
-1224
-1248
-1317
-1225
-948
-696
-690
-820
-851
-734
-553
-425
-389
-393
-343
-305
-314
-327
-186
-159
-152
-230
-303
-209
-34
282
334
442
573
714
843
887
1053
1165
1221
1242
1222
1138
1126
1120
1116
1103
1065
838
577
422
440
383
144
-252
-558
-669
-683
-642
-757
-908
-1120
-1087
-1016
-860
-755
-662
-653
-701
-720
-705
-621
-457
-307
-272
-333
-327
-264
-206
-192
-219
-237
-330
-295
-310
-208
-13
136
188
180
256
404
574
609
538
578
752
884
781
630
678
915
1102
1004
734
473
522
712
707
418
43
-195
-236
-124
-18
-136
-448
-635
-649
-553
-452
-359
-431
-554
-596
-585
-592
-530
-334
-224
-218
-385
-478
-440
-238
-66
-161
-399
-541
-435
-284
-96
-68
-118
-127
-70
36
90
201
272
294
303
346
331
348
499
630
649
612
571
505
465
515
587
461
299
124
84
151
270
260
-6
-217
-263
-163
-127
-96
-152
-252
-309
-300
-326
-352
-258
-164
-160
-247
-295
-294
-190
-99
-95
-227
-327
-321
-247
-203
-201
-214
-206
-113
-58
-80
-126
-73
-6
68
119
79
15
36
183
293
296
277
293
318
362
397
380
324
314
333
278
202
174
156
111
70
-10
-92
-123
-49
-12
-54
-177
-269
-294
-234
-114
-77
-154
-249
-222
-148
-65
-73
-160
-257
-229
-157
-137
-185
-237
-238
-169
-51
-39
-141
-198
-144
-48
23
45
-13
-82
-38
120
256
310
318
312
306
318
399
439
400
340
298
217
159
172
169
106
15
-77
-143
-128
-33
-26
-122
-205
-245
-243
-165
-44
-31
-81
-109
-49
6
42
18
-31
-73
-82
-71
-105
-156
-183
-155
-136
-136
-205
-304
-334
-256
-174
-148
-172
-220
-242
-147
12
129
198
262
289
314
379
464
498
485
489
429
321
255
256
228
145
21
-141
-262
-253
-163
-143
-195
-275
-348
-340
-193
-52
-2
-13
-19
-13
53
155
201
166
116
75
32
10
47
58
-11
-88
-182
-274
-324
-293
-271
-320
-388
-435
-442
-378
-254
-158
-111
-35
96
203
306
388
436
461
492
535
517
438
399
390
327
221
82
-81
-181
-184
-161
-233
-335
-390
-406
-343
-221
-133
-119
-89
-31
-5
19
98
165
215
263
259
174
106
142
207
205
113
-41
-199
-255
-193
-156
-231
-343
-444
-464
-390
-256
-191
-176
-125
-24
50
130
236
336
413
448
408
312
289
341
374
292
106
-100
-201
-148
-47
-99
-270
-409
-424
-335
-220
-169
-178
-166
-87
-3
69
132
189
259
318
318
255
211
265
358
370
255
103
4
-5
29
29
-108
-300
-427
-430
-368
-306
-305
-348
-323
-192
-35
49
96
141
218
295
329
280
209
183
230
257
160
-23
-151
-164
-117
-128
-239
-401
-491
-439
-323
-258
-265
-266
-193
-72
36
95
143
226
308
363
391
373
375
415
453
423
345
267
215
192
145
26
-135
-248
-268
-260
-273
-306
-367
-378
-297
-155
-47
-29
-35
-3
79
153
170
141
95
81
93
68
-28
-131
-155
-132
-150
-209
-304
-372
-351
-274
-234
-262
-269
-194
-67
42
105
127
178
280
378
420
417
390
390
441
493
488
416
339
267
192
100
-2
-108
-197
-246
-278
-327
-370
-398
-385
-304
-206
-160
-156
-131
-58
20
73
87
94
132
185
191
100
-36
-97
-79
-61
-107
-222
-321
-324
-236
-182
-228
-305
-294
-188
-71
-21
-19
0
101
246
343
362
364
400
472
535
529
471
420
387
325
212
80
-23
-90
-121
-176
-281
-388
-440
-429
-371
-313
-284
-264
-214
-121
-36
21
53
74
114
188
235
199
120
64
56
51
21
-62
-169
-236
-221
-218
-260
-318
-338
-303
-218
-138
-121
-105
-20
98
199
270
309
343
384
436
473
467
437
403
344
264
175
77
-10
-87
-153
-216
-289
-350
-382
-406
-393
-349
-305
-283
-236
-150
-50
27
82
119
160
213
263
263
205
172
180
176
126
53
-40
-111
-121
-124
-193
-285
-313
-271
-222
-202
-188
-172
-109
9
100
144
180
238
302
376
408
374
334
331
286
192
90
-2
-87
-152
-189
-252
-334
-374
-380
-406
-413
-373
-327
-275
-181
-80
-27
25
123
221
295
348
379
375
369
377
371
323
253
163
97
56
8
-82
-185
-236
-246
-260
-287
-312
-315
-272
-185
-105
-75
-41
21
109
186
224
213
209
233
239
169
80
0
-61
-98
-125
-199
-306
-351
-360
-370
-368
-337
-309
-252
-163
-62
14
94
178
255
334
424
488
498
478
465
466
463
439
357
240
131
75
26
-55
-159
-254
-300
-306
-299
-317
-327
-290
-213
-159
-127
-105
-64
-10
57
97
92
78
75
57
8
-62
-139
-185
-199
-222
-293
-367
-388
-374
-359
-344
-318
-269
-182
-72
36
115
166
237
335
444
525
560
545
540
551
548
511
447
347
260
193
117
28
-71
-160
-221
-240
-245
-263
-294
-284
-232
-180
-141
-118
-94
-65
-22
18
32
19
18
16
-14
-80
-148
-197
-225
-245
-302
-366
-411
-423
-418
-403
-387
-345
-267
-157
-54
25
100
192
294
378
448
500
555
600
621
598
568
547
513
434
324
223
149
88
4
-100
-183
-210
-222
-243
-260
-263
-245
-193
-144
-124
-113
-79
-41
-23
-20
-14
-12
-27
-77
-152
-213
-232
-247
-300
-369
-415
-444
-460
-459
-444
-415
-348
-246
-149
-64
34
139
232
315
400
482
562
619
635
618
606
607
590
529
452
368
295
222
136
30
-68
-129
-161
-199
-236
-262
-265
-246
-217
-186
-161
-138
-107
-77
-66
-62
-69
-69
-84
-133
-209
-245
-247
-269
-337
-409
-461
-475
-471
-473
-476
-438
-351
-261
-189
-109
1
130
237
304
369
450
552
619
645
650
650
643
623
564
486
417
364
309
228
136
49
-21
-76
-124
-162
-187
-198
-208
-205
-190
-169
-149
-126
-117
-108
-113
-109
-109
-129
-171
-232
-285
-311
-328
-378
-439
-479
-489
-488
-462
-437
-403
-340
-244
-152
-71
30
137
220
290
353
413
490
574
620
607
582
581
571
521
441
363
309
271
211
121
48
16
-18
-62
-118
-164
-183
-169
-160
-151
-130
-102
-87
-88
-76
-76
-88
-116
-155
-219
-273
-304
-322
-341
-374
-412
-453
-457
-436
-417
-397
-351
-292
-213
-133
-57
28
118
199
254
300
344
408
478
513
504
491
486
465
433
399
356
304
255
204
143
93
50
7
-23
-38
-56
-72
-91
-92
-77
-61
-65
-70
-76
-87
-82
-83
-106
-142
-196
-253
-304
-338
-353
-358
-378
-421
-451
-430
-385
-338
-300
-262
-197
-122
-43
22
87
145
191
213
264
343
414
449
453
420
394
385
377
353
323
286
236
185
132
103
83
74
43
14
-14
-29
-31
-25
-5
-1
-10
-28
-43
-63
-68
-88
-126
-169
-212
-247
-274
-295
-319
-349
-378
-405
-412
-388
-351
-305
-248
-194
-165
-117
-50
17
76
122
159
195
234
299
360
397
389
354
320
300
310
303
257
199
144
95
68
51
48
15
-13
-21
-18
-3
15
19
18
45
47
24
-4
-32
-64
-71
-75
-99
-142
-193
-228
-261
-273
-270
-300
-351
-379
-365
-315
-250
-202
-184
-169
-119
-37
38
94
125
123
134
186
265
310
317
298
280
274
283
275
233
171
104
59
36
37
37
13
-6
0
0
8
18
32
30
39
47
40
18
4
1
-10
-18
-29
-49
-80
-104
-131
-163
-187
-216
-264
-295
-289
-274
-256
-228
-189
-157
-124
-92
-50
1
35
53
69
108
169
224
240
236
222
220
214
212
208
165
104
47
28
33
40
17
-10
-11
14
31
24
5
-3
12
37
46
45
39
29
28
14
22
7
-20
-57
-65
-67
-69
-108
-156
-196
-225
-234
-236
-206
-195
-181
-167
-146
-100
-59
-49
-56
-36
-5
43
109
149
137
107
105
129
160
178
177
124
87
100
127
163
158
111
49
28
38
40
22
1
4
47
90
85
51
25
31
39
34
25
-23
-64
-74
-73
-78
-79
-82
-112
-162
-181
-161
-133
-130
-136
-179
-189
-153
-109
-70
-51
-53
-68
-70
-35
31
45
32
5
1
29
80
124
129
108
78
99
136
170
184
146
99
88
110
98
75
49
24
43
90
99
65
24
3
10
12
-12
-64
-95
-89
-57
-30
-27
-46
-109
-154
-168
-155
-127
-106
-117
-119
-105
-66
-55
-77
-88
-91
-103
-105
-58
-1
36
45
51
68
102
136
143
129
93
78
96
103
77
72
43
35
90
112
111
95
74
44
37
40
28
19
23
40
78
98
76
29
-32
-36
-26
-36
-59
-105
-155
-178
-177
-165
-135
-127
-139
-151
-114
-99
-72
-88
-119
-110
-69
-24
-8
3
33
49
74
93
101
128
145
146
107
73
56
67
103
106
96
86
96
129
104
84
73
82
98
70
41
28
59
76
34
-6
-63
-69
-71
-61
-64
-58
-92
-160
-208
-232
-181
-137
-129
-148
-163
-179
-130
-91
-89
-101
-136
-126
-87
-42
-5
3
25
60
103
143
175
190
172
140
131
144
131
124
126
114
123
119
106
48
53
61
52
66
9
8
-16
-20
-41
-56
-49
-24
-18
-22
-1
27
55
51
-5
-83
-113
-117
-75
-79
-129
-197
-200
-189
-183
-195
-245
-254
-248
-196
-122
-74
-35
-10
31
79
141
201
225
252
237
236
251
240
212
186
169
143
106
102
104
95
70
27
-6
-61
-55
-58
-40
4
35
64
42
49
28
-6
-15
1
49
123
93
40
-54
-121
-73
-50
-53
-96
-120
-118
-123
-182
-322
-375
-1021
-1260
-1313
-980
-45
429
861
1081
1058
1002
631
277
52
-263
-247
-479
-395
-208
111
424
641
863
881
725
336
-298
-901
-1216
-1258
-829
-274
424
938
1186
1092
680
12
-479
-843
-776
-519
-151
235
453
600
430
199
-188
-380
-496
-439
-314
-125
-94
-6
-46
-138
-157
-247
-181
-113
-16
124
175
144
153
22
77
-33
-13
23
-58
118
-167
-330
-473
-381
-96
61
254
315
682
769
865
757
662
499
208
-91
-370
-356
-249
82
-11
298
479
575
610
0
-195
-1154
-1627
-1978
-2138
-1413
-845
-205
459
760
1073
1063
1007
998
634
483
-575
-1053
-1538
-1329
-791
-119
784
1468
2134
1934
1627
646
132
-672
-776
-892
-581
-14
178
341
9
-190
-466
-573
-767
-777
-937
-707
-624
-185
379
810
1346
1204
1039
542
81
-214
-391
-271
33
422
738
695
368
-180
-778
-1096
-1172
-988
-687
-248
-31
142
8
-172
-325
-292
-76
61
340
358
392
237
105
-48
-53
97
166
366
360
438
278
8
-4
-202
-77
-13
27
221
98
248
14
75
28
-24
94
-45
196
68
203
269
87
120
-75
-68
-166
-316
-294
-234
-98
-79
-145
-270
-376
-333
-602
-405
-275
-253
-64
-88
175
83
58
-261
-298
-301
-101
220
434
744
508
474
246
112
-16
-66
223
196
290
200
28
93
-45
59
-204
-14
-62
15
129
27
171
43
250
34
104
17
67
-30
26
-182
-62
-25
33
20
-90
-34
-335
-172
-398
-344
-401
-396
-306
-109
38
-100
-47
-197
42
-65
-253
-215
-200
299
220
272
47
-28
215
116
243
161
371
400
347
144
-7
-229
-68
-49
317
358
489
342
-133
12
-97
-27
111
-66
39
204
-8
-46
-527
-180
28
159
139
-219
-380
-495
-438
-480
-123
-28
378
291
4
-87
-122
-157
-191
-136
-222
170
25
-62
-281
-268
108
227
437
319
299
127
-7
-235
-533
-309
-79
214
458
561
605
467
240
-23
-236
-191
-138
-156
20
-130
265
61
159
43
83
405
-60
40
-425
-288
90
4
149
-207
-234
-54
68
-190
-405
-486
-312
-48
-52
2
171
49
37
-21
-453
75
-160
57
-135
-356
102
-182
404
152
-33
320
93
555
513
-155
-146
-330
-32
528
56
122
9
-59
385
61
123
112
197
59
103
-336
-607
-444
-31
69
299
474
252
715
11
-201
-577
-762
-61
-204
193
226
184
250
-499
-564
-479
-354
265
320
127
328
-530
-663
-584
-391
363
458
730
719
22
-143
-562
-791
-20
-90
616
880
395
422
28
-236
-151
-417
71
216
694
533
182
24
-357
-516
-355
60
148
596
169
142
-189
-822
-411
-205
131
589
124
144
-29
-293
101
-862
-341
-213
1
609
-89
83
-213
-217
-143
-305
-301
-11
-93
430
398
198
63
-490
-417
35
173
335
163
349
439
492
-219
-396
-124
-98
483
361
-105
392
-70
66
-122
-738
70
-253
316
159
-136
192
-254
206
-54
-290
-5
-156
101
133
-80
-43
190
-66
232
-99
-182
-138
-223
-355
-313
-243
149
295
-96
35
-231
34
-419
-210
-24
392
625
274
-115
-285
-263
332
416
152
150
80
594
482
-98
-431
-162
-23
246
-86
-347
202
189
186
34
-105
205
-270
169
-312
-225
605
-427
251
-501
-607
310
11
150
182
-541
-185
-56
-98
-61
-378
-64
-254
317
-17
-437
-421
-67
258
583
71
-115
365
229
676
-180
-364
222
-131
89
-240
-108
715
770
73
-4
-906
-71
261
63
523
147
294
-291
-555
-400
-191
262
423
155
-219
252
400
42
-105
-1105
-209
122
177
-48
-236
130
409
65
-461
-473
-200
537
-124
-359
-448
-296
-209
-375
-503
-141
778
664
259
323
34
180
49
-403
-133
-68
333
741
423
315
-112
-226
-118
18
74
61
210
403
1
-214
-630
-183
-76
226
277
2
111
-9
-140
-152
-105
-75
147
29
163
-37
108
-94
142
-40
-105
-252
-475
32
-412
-186
-283
-212
108
-189
172
12
-374
46
-466
14
538
254
656
78
-149
564
-25
291
192
-624
782
15
354
279
-257
-122
-16
-121
49
-111
25
238
-117
-325
-677
-385
119
252
317
-117
133
393
-46
153
-141
-311
530
-282
-170
-15
-88
321
232
-679
-415
-320
-189
93
233
-104
-47
-329
-227
100
-223
80
145
138
118
-82
21
164
362
89
282
132
149
443
-379
134
423
181
392
-196
-299
-215
-240
-87
-442
-174
203
79
219
-6
27
-67
-389
24
-35
309
391
-288
-133
-370
176
387
-94
-243
-290
-125
371
34
-152
-256
-447
70
-300
10
179
15
275
-9
-108
384
-127
-191
352
-341
580
305
54
469
-202
54
-248
-311
370
85
254
-183
-260
-56
-45
-189
193
-329
294
-3
-77
335
-216
362
92
78
51
-280
-367
347
88
11
-188
-257
-299
-70
-353
24
-347
293
121
-145
-51
-143
-271
42
-138
149
419
296
338
116
-383
476
148
128
229
-261
519
-149
-23
-113
-662
177
-204
145
668
260
214
-10
-627
-305
-314
-163
470
-120
443
-41
-387
254
-669
238
31
-126
631
-101
-161
104
-361
-216
-398
-349
175
255
12
8
-342
-241
-460
-50
-14
85
395
253
-64
315
2
-293
381
16
559
-49
318
50
310
228
-148
-176
297
-199
182
23
-81
188
165
-388
-19
-242
96
-13
-248
-324
-117
-269
159
-274
221
122
-59
129
-253
236
117
-208
-366
-425
413
-13
79
-207
-535
337
513
-41
319
-244
-210
375
-727
121
-37
53
7
153
-64
484
-43
495
-151
259
66
21
44
83
-211
-63
-283
328
183
-88
35
-397
303
128
-6
356
-237
-109
18
-239
-147
85
-332
347
-67
-217
223
-495
412
-538
-480
264
-212
233
258
-286
570
-620
-309
-202
71
477
171
-104
287
172
7
3
-266
442
-77
-186
127
-32
63
680
-438
139
134
-427
218
-9
-224
474
-247
-54
225
-55
-241
155
-203
169
21
-228
-50
218
210
38
7
-144
-112
53
-262
307
-149
-82
-132
-362
90
53
-106
180
-298
-168
219
-491
302
-326
231
-89
266
219
74
296
198
-58
146
-143
181
-13
84
16
-114
132
392
-415
353
-16
-496
437
-807
-242
108
-335
270
249
-16
44
-103
-52
-77
-67
173
-12
135
77
-122
161
39
245
-127
-189
-210
-239
-102
-30
27
-32
-199
108
-245
172
-238
59
47
182
191
-68
10
45
-4
404
241
33
242
-127
150
-53
-43
-16
38
-27
177
-239
47
-166
-82
-94
-104
-331
222
-298
189
325
117
219
99
-132
-10
-55
-45
195
-383
-42
-186
-294
242
75
-197
282
-179
78
320
-650
-211
-126
-250
264
265
-278
396
75
-181
19
98
-46
181
151
-12
273
98
-91
242
257
82
149
157
-284
126
-346
-359
77
36
42
230
-172
227
-104
-39
-238
-92
49
-146
21
-5
127
336
-179
107
-348
-121
-5
-158
-44
-68
-243
-8
29
-123
159
-55
162
125
-181
-25
-131
-162
213
-55
402
221
60
176
-145
120
192
-180
183
-377
23
123
-294
121
-115
26
479
130
16
175
-403
-26
-153
-171
54
211
-189
344
-165
-95
-101
153
-136
258
-236
42
-283
-75
-22
93
49
66
-46
-4
-16
-445
-533
99
2
303
313
-168
458
-141
-53
-166
-346
88
121
160
68
184
-60
557
-119
208
141
-164
568
-340
-68
-239
-125
190
-235
106
-90
-50
593
-310
-162
438
-606
551
-305
-346
486
-271
-138
96
-222
443
-335
28
-115
-137
210
-424
93
125
85
43
-370
-28
-156
31
76
6
309
-90
445
-96
-219
64
-216
-80
302
22
157
18
-9
133
123
76
-4
-222
-99
-49
-92
-103
-10
308
126
171
-64
207
-300
13
-212
-11
195
179
-31
227
-252
122
-272
-383
94
33
-296
329
-243
12
21
-481
255
-163
107
120
-91
41
-19
-435
29
179
134
289
60
192
375
-207
269
-210
-193
69
-165
221
65
9
267
-258
-119
40
-19
-208
244
-77
-400
343
-535
197
-143
82
317
218
86
166
-295
47
-392
-152
-22
255
53
121
-37
61
134
-123
212
-628
31
-265
-37
67
38
-35
73
-8
309
67
147
174
-40
119
-156
2
99
-78
-89
15
-132
456
-153
250
-250
77
-133
-321
-39
131
-276
503
-245
-19
157
-360
-107
218
-402
394
191
-105
220
-315
123
138
148
-67
161
-197
243
-390
-125
-298
-13
227
28
69
208
-164
131
38
-673
302
-375
237
300
-29
181
93
-89
260
-302
143
0
-224
3
-186
94
56
-56
-92
191
-117
158
126
-239
131
300
-493
249
-233
-226
420
-35
120
267
-202
156
-78
-37
-166
-146
24
-68
-206
7
-50
317
-11
177
-209
103
-111
-84
-165
-10
-181
298
-61
197
241
-259
53
-21
85
102
29
-7
65
-194
-49
-44
98
-103
141
-168
379
-212
46
-214
-45
164
185
-459
222
-465
430
-14
-130
294
-47
273
-216
171
-128
303
-65
-68
-328
507
-431
459
-130
-264
163
-65
74
-132
-64
-49
-332
141
-67
-121
265
-265
93
115
-219
352
-51
17
-61
-105
-52
379
9
125
-195
-14
154
-42
-44
-124
7
-29
148
-294
159
-168
120
90
24
-11
-6
-192
76
52
37
134
55
-131
190
-27
50
-163
217
-41
393
-183
-109
87
-278
1
-1
-200
-327
499
-462
88
223
-293
240
131
-290
-38
190
-268
330
-226
-30
21
90
1
-105
17
57
-116
180
69
-278
72
143
-105
223
-137
-146
52
-33
-31
241
-228
158
-89
108
163
427
-33
-14
148
-138
-108
195
2
-68
129
-152
-12
-261
145
-233
312
-357
157
-485
147
-92
-76
-43
-28
-148
453
14
-325
550
-466
399
-78
-193
101
153
-154
226
-237
189
-75
-174
234
-269
334
-2
-250
241
-573
-101
158
-119
183
207
-451
594
-570
378
-12
66
274
-41
-31
188
25
-203
12
-191
123
18
62
38
-133
-57
250
-359
-170
267
-186
-51
351
-628
368
236
-30
-130
-59
162
91
-131
-122
-263
319
339
-568
573
-206
-78
443
-604
65
179
-86
39
-86
-254
271
-159
300
-206
228
-27
-88
-220
-77
-16
103
166
86
-241
491
-84
150
-92
-91
-77
253
39
-453
282
-385
520
-304
-142
-30
303
-234
307
-594
287
58
210
-72
-84
114
-10
57
-202
125
-378
590
-443
634
-625
443
-186
-117
69
-167
-223
148
106
-159
231
-547
346
-131
158
-135
180
11
53
-12
-58
-209
242
92
121
-75
134
68
20
-250
29
-309
179
-31
-277
424
-285
192
74
-349
188
332
-324
88
217
-305
275
-108
-84
109
23
-28
71
-158
167
156
-300
114
-99
-100
111
-55
-167
154
-175
96
-257
136
118
117
29
-395
83
26
-75
82
111
-174
623
-300
133
-113
-34
191
-101
-441
159
51
-79
167
-72
-62
346
-1
-240
453
-320
203
47
-153
55
248
-569
677
-273
-10
11
-146
-52
287
-251
11
-95
-124
188
-360
86
-94
80
-51
181
-204
200
-209
5
111
0
-51
254
-208
296
-118
80
-195
98
30
103
-172
101
-190
140
-171
120
48
-210
401
-178
1
53
-242
123
100
164
96
-94
-84
114
-261
-10
-66
51
14
12
136
-339
140
-124
11
-144
181
-67
181
1
-70
-109
62
-13
-23
86
-181
106
-75
-46
49
344
-288
372
-172
-184
271
-228
-91
39
35
16
190
-309
-30
166
-97
228
-71
224
-256
179
-145
-25
14
122
-90
343
31
-89
369
-168
-28
-144
3
-427
368
-468
45
146
139
-285
261
-283
63
292
-505
183
-105
93
52
5
-267
126
-66
91
-160
86
556
-157
52
53
-308
367
3
-151
-259
135
-83
194
-294
178
2
279
8
-169
107
-223
406
-264
84
-205
310
40
95
-317
257
42
-142
104
-143
-58
-56
129
-241
87
-99
190
143
-140
36
-155
-64
166
-239
-217
16
56
183
-196
-81
350
-28
214
-113
-283
95
73
-1
-61
-67
14
212
-60
60
-244
48
197
-79
-218
2
-63
130
388
-338
42
209
-226
108
-192
-16
69
268
-189
112
34
51
-49
18
-99
-140
268
-223
187
-7
-96
-32
28
-209
124
-80
-80
-64
162
-33
-1
48
-13
-195
318
-355
92
195
-283
277
25
-244
293
-221
-112
204
-98
-13
-96
129
93
35
-15
-112
-9
39
20
48
-2
255
-55
-51
-166
74
68
177
-177
47
73
161
-121
-19
-235
42
31
48
-123
294
-327
89
47
-165
319
229
-197
54
-176
-59
8
-34
68
-77
116
-253
109
-39
8
25
43
-269
113
-57
18
-108
-150
147
48
70
95
-50
263
-12
149
-141
-1
171
-52
-2
-9
205
-64
13
-111
92
-343
188
-421
117
259
-154
-52
-81
137
-38
187
-314
113
-34
155
-223
58
-58
-19
120
-52
321
-24
-107
-118
-35
-14
-144
85
-164
-55
-101
129
-110
308
-25
17
45
273
-33
-246
-279
65
165
230
120
-116
52
-11
74
-37
-41
-122
356
-47
-21
56
-246
24
-92
-101
81
21
62
-156
-168
-24
122
-50
-13
129
99
221
-123
-158
-58
87
-13
12
-90
-76
242
-203
-226
73
41
-20
208
-209
-22
22
-143
4
71
-180
233
139
87
234
-117
-106
-13
127
40
-143
29
90
-128
184
-126
-103
198
170
20
-153
-70
83
-90
-71
-119
-386
191
125
164
-26
8
57
79
21
-107
-120
-70
40
-75
81
-122
87
68
4
37
250
-180
-166
162
-153
25
-71
-149
-23
119
122
65
-261
109
-9
-64
345
-96
17
170
-88
-19
72
-103
182
-45
147
-136
23
43
133
-64
160
-46
-273
11
-281
59
-78
173
-38
58
-42
18
-82
-40
229
-10
-110
-118
-56
30
-17
-123
-40
236
26
207
17
-166
38
-65
-317
89
91
131
-158
98
-105
130
251
69
-189
-92
-25
51
106
-147
260
-161
289
89
-133
-72
-115
-68
260
-248
9
206
-307
88
-29
-103
45
218
-41
91
-161
-78
-198
-95
-46
64
79
-60
157
-206
-31
-5
127
117
132
-118
-205
-108
21
-12
-101
200
116
144
156
-175
11
-145
-4
51
-49
-40
205
52
-74
-8
2
23
144
187
-428
59
63
19
-140
-95
19
217
-13
35
-46
-158
255
209
-240
-88
-159
135
129
-13
-58
-213
22
300
73
-172
-130
135
105
-102
-204
-232
161
145
95
-137
-120
291
96
-240
-153
52
113
197
-143
104
-144
173
30
-110
-1
146
137
-37
-147
-94
41
-229
325
-144
131
-43
154
-172
-8
72
-14
-39
104
22
-53
-61
-32
-115
40
104
105
-75
-1
-46
31
-88
-114
-80
-7
233
73
-124
-8
19
-100
-45
-63
52
13
18
-82
62
80
140
52
-143
-68
109
1
26
-195
-89
-42
45
137
-11
14
68
-22
-77
-75
-93
27
-33
-46
32
-36
54
98
15
93
95
43
-275
-30
-71
204
90
70
1
128
10
216
-125
-205
-103
-21
-77
-30
-32
-10
35
-22
31
66
113
-38
-11
-170
25
-55
-56
16
138
13
129
-119
105
43
-6
-136
-45
-21
152
60
11
100
-168
-52
-160
-124
9
103
-101
89
-66
32
182
-4
255
83
-132
-55
-50
-133
43
73
128
98
105
-12
2
75
-99
-141
-97
30
85
93
15
-200
-87
63
146
255
11
-177
-260
-98
-35
78
60
121
-51
-32
-83
-115
45
101
9
-35
-26
8
-42
-294
-152
-31
172
316
184
65
-74
-182
-101
16
-61
151
33
36
35
-108
-13
91
99
49
93
-80
51
-113
-100
-124
81
23
22
53
-46
49
-74
-140
-137
62
25
76
-28
-27
-56
73
28
66
199
13
47
-91
-187
-101
-83
110
133
7
22
-33
-99
-100
26
-53
31
101
32
-214
-226
85
36
166
39
213
130
28
-11
-107
-182
-52
93
-44
89
102
99
-61
-88
21
63
31
-7
-116
-312
-184
28
123
154
119
26
-31
-214
-97
11
26
202
202
7
-83
47
-10
8
-62
143
48
42
41
-91
-132
16
-99
0
-92
-7
62
-17
-10
2
-74
-50
99
28
55
1
68
-28
7
-52
70
-76
-31
-22
0
17
124
8
19
50
37
72
9
-80
-33
-99
-105
53
-3
31
116
44
-39
9
0
54
36
27
-58
-82
-42
-29
58
150
84
61
-40
-160
-130
25
40
123
3
-51
-21
-85
-133
-62
-117
-18
79
36
25
-103
-106
-62
48
59
205
68
33
-51
-70
-25
81
68
109
98
35
-16
-73
45
-63
32
10
-30
-26
-8
-14
15
-101
-94
-29
71
86
56
-36
-7
43
31
-70
-90
43
48
103
-9
8
-23
-59
-73
-144
-43
111
82
-35
-62
-58
-66
-53
66
111
23
-43
-143
-141
-47
26
132
119
133
2
-114
-118
-56
7
23
74
34
98
-19
-138
-130
-62
75
171
85
-35
-47
-63
-19
8
18
52
112
77
86
16
16
-86
-150
-81
57
20
77
22
-37
-3
-60
-11
-82
-15
62
79
4
-74
-119
-28
58
79
38
-34
11
7
14
-36
-1
100
65
-12
20
-90
-44
17
-28
16
34
66
41
-26
-9
-66
12
59
-56
-83
17
78
85
100
49
35
52
65
-55
-71
-25
-84
-46
-23
24
18
67
14
-33
-130
27
81
35
-24
-68
-25
-34
18
-103
-74
4
95
81
0
-90
-108
-53
-39
21
-11
6
43
32
18
1
3
-45
-3
44
81
36
34
-36
-43
9
63
104
78
40
-12
-35
-21
24
6
4
-22
30
-16
-16
-20
-24
-6
-14
38
-39
-50
-100
-43
-54
-21
14
-7
23
7
67
-2
-9
-46
-42
-54
-22
17
-29
1
42
72
35
30
-4
-16
-50
-42
-53
-33
24
21
82
101
58
-48
-83
-35
39
120
70
20
-28
10
23
30
22
36
65
14
-6
-8
12
-34
-19
-41
-58
-72
-15
25
9
-6
-5
-7
-31
-13
-32
-38
-43
-18
1
39
77
69
53
14
-19
-46
-44
-32
-23
2
-17
-23
-18
-24
-34
-29
18
36
42
13
-30
-34
-4
26
21
30
29
36
28
-3
-20
-3
22
0
-6
-11
-24
-42
-23
-8
-19
-4
8
7
-26
-25
-26
-46
-46
-13
37
25
13
-6
-20
-10
22
38
24
49
68
3
-56
-40
12
40
38
22
-41
-50
-31
-8
4
11
40
24
18
-26
-47
-39
3
54
27
-26
-48
-26
-30
-40
0
55
62
64
46
7
-14
-4
9
-3
35
42
32
12
-1
-14
-16
53
68
52
13
7
-17
-72
-63
-24
61
67
31
-34
-57
-18
-32
-44
-36
47
64
25
-6
-13
-7
2
19
-4
-5
4
0
-45
-39
-9
2
-2
-10
2
-16
-33
-64
-61
-19
19
33
12
7
3
-5
-18
-27
4
22
12
-3
5
32
26
28
22
11
-3
-31
-40
-14
34
50
30
42
37
15
-14
-32
-42
-62
-20
-10
9
6
-2
-4
-1
50
30
20
-23
-45
-52
-54
-37
-59
-23
-17
-6
-2
0
-9
-52
-45
-55
-29
13
33
25
8
26
2
8
23
31
14
-6
16
20
39
25
13
28
40
32
-8
-9
-24
-39
-42
-36
-12
-11
15
14
14
18
20
35
34
45
25
-1
-21
-23
8
12
32
44
45
6
-30
-21
-23
-23
-22
3
4
4
-6
-38
-38
-28
-7
-5
29
51
32
25
34
42
11
11
27
45
48
26
-2
-23
-8
-8
-2
14
24
2
-29
-30
-29
-18
-13
2
4
14
11
-8
-19
-24
-16
-9
20
18
12
5
-5
-30
-54
-22
-10
-5
-15
-15
-20
-30
2
-3
-14
-42
-45
-50
-62
-31
-21
2
14
50
53
20
-7
-29
-11
8
38
29
27
29
21
14
0
16
3
11
13
32
35
11
5
-4
13
-23
-36
-32
-16
6
8
28
1
-18
-45
-54
-44
-39
-21
-28
-9
4
21
17
-1
-15
-33
-33
-30
-7
-9
-2
5
8
4
-4
3
-11
11
18
12
0
4
12
-22
4
27
37
30
51
66
11
-2
2
