-43
-45
-48
-52
-53
-56
-60
-62
-63
-62
-62
-59
-57
-54
-51
-49
-46
-43
-39
-36
-32
-27
-21
-17
-14
-10
-6
-3
0
4
7
8
8
9
11
12
12
14
16
21
26
26
31
34
39
42
44
47
52
54
56
57
59
61
60
62
61
63
62
59
55
53
50
44
41
35
31
25
18
9
-1
-7
-15
-24
-34
-43
-53
-60
-68
-74
-80
-85
-85
-87
-88
-90
-90
-89
-88
-86
-84
-78
-71
-63
-54
-46
-37
-28
-17
-6
8
20
31
43
58
67
77
83
89
95
98
104
105
109
110
112
113
114
110
104
96
88
76
62
48
33
20
7
0
-10
-16
-27
-34
-44
-49
-58
-67
-77
-88
-97
-107
-113
-122
-127
-133
-138
-141
-143
-146
-145
-144
-144
-140
-137
-130
-121
-114
-101
-87
-74
-62
-46
-31
-11
6
26
43
62
81
102
124
145
168
189
210
228
243
260
273
283
290
300
303
298
290
282
269
254
233
210
183
160
132
103
68
38
8
-21
-53
-84
-112
-141
-168
-195
-222
-250
-270
-296
-318
-343
-355
-373
-383
-397
-403
-408
-410
-411
-416
-411
-409
-398
-393
-376
-363
-339
-318
-291
-261
-221
-174
-125
-68
-9
53
110
175
237
299
358
416
472
523
570
612
651
684
709
731
743
751
746
737
716
691
650
602
550
494
431
364
295
218
144
65
-9
-87
-161
-231
-298
-363
-427
-484
-542
-593
-640
-680
-716
-744
-768
-786
-796
-797
-794
-786
-771
-753
-726
-697
-662
-623
-578
-527
-471
-409
-341
-267
-194
-111
-31
50
123
197
270
344
418
488
557
622
690
750
812
857
899
924
948
957
957
942
917
881
837
783
719
649
574
501
420
339
249
171
91
19
-56
-123
-190
-248
-301
-353
-400
-447
-489
-525
-554
-582
-601
-619
-631
-637
-638
-634
-622
-609
-597
-585
-572
-562
-554
-546
-541
-537
-536
-534
-530
-521
-511
-488
-459
-419
-370
-318
-261
-207
-142
-73
8
83
162
237
322
404
485
554
621
684
743
809
866
921
956
986
998
1011
997
982
937
891
829
769
705
628
553
464
387
302
234
153
82
7
-63
-133
-198
-259
-317
-368
-417
-453
-484
-502
-521
-535
-547
-551
-556
-569
-575
-585
-588
-603
-616
-630
-639
-646
-657
-663
-680
-683
-693
-693
-703
-702
-699
-689
-667
-638
-592
-538
-464
-384
-292
-198
-99
1
102
199
303
403
503
597
691
780
865
945
1008
1067
1104
1144
1161
1172
1158
1134
1091
1038
981
903
825
730
641
546
460
368
284
200
118
45
-22
-78
-134
-180
-222
-260
-297
-325
-350
-370
-392
-408
-423
-440
-458
-474
-496
-518
-546
-569
-592
-612
-629
-646
-661
-679
-685
-692
-695
-712
-724
-739
-753
-771
-787
-799
-799
-781
-753
-711
-662
-586
-502
-394
-290
-172
-59
58
177
287
391
480
570
653
738
823
908
986
1061
1125
1187
1244
1285
1304
1305
1291
1268
1232
1181
1114
1035
946
848
751
643
541
440
344
244
154
73
1
-71
-144
-211
-280
-343
-406
-449
-499
-536
-574
-608
-641
-663
-683
-703
-729
-751
-776
-795
-814
-834
-852
-863
-867
-863
-853
-846
-839
-836
-832
-836
-834
-841
-847
-850
-826
-796
-748
-697
-628
-547
-446
-331
-207
-74
49
180
293
419
521
623
698
783
857
942
1022
1104
1179
1254
1330
1396
1455
1489
1514
1510
1494
1440
1382
1299
1215
1103
991
864
747
623
506
381
262
150
45
-50
-143
-233
-328
-402
-484
-542
-612
-662
-724
-776
-829
-866
-900
-925
-950
-971
-986
-997
-999
-1007
-1006
-1016
-1010
-1017
-1003
-1002
-985
-983
-965
-954
-931
-922
-906
-889
-858
-808
-757
-694
-627
-539
-440
-316
-193
-54
80
228
370
510
631
748
848
949
1036
1121
1204
1280
1360
1432
1511
1582
1648
1681
1701
1694
1677
1637
1573
1498
1396
1288
1159
1029
882
738
592
451
313
175
45
-75
-188
-298
-404
-505
-593
-678
-747
-819
-880
-943
-995
-1048
-1085
-1115
-1133
-1148
-1157
-1160
-1156
-1142
-1130
-1115
-1108
-1087
-1065
-1035
-1015
-986
-962
-930
-903
-884
-870
-860
-828
-795
-743
-688
-619
-545
-452
-344
-223
-89
46
191
336
480
606
722
822
918
1011
1097
1183
1267
1357
1437
1515
1588
1661
1721
1754
1759
1739
1704
1657
1586
1499
1391
1268
1130
980
830
683
528
371
216
68
-68
-196
-309
-426
-534
-635
-719
-804
-879
-948
-1009
-1053
-1095
-1127
-1153
-1159
-1162
-1160
-1160
-1154
-1138
-1118
-1097
-1085
-1067
-1038
-1006
-975
-942
-905
-870
-833
-807
-778
-759
-736
-716
-680
-640
-589
-523
-451
-360
-262
-135
-7
134
267
406
533
658
765
865
958
1048
1136
1221
1300
1368
1440
1495
1552
1593
1628
1633
1626
1595
1554
1494
1422
1337
1241
1128
992
853
711
583
435
282
120
-27
-156
-267
-374
-482
-581
-668
-750
-821
-895
-956
-1015
-1061
-1099
-1120
-1128
-1124
-1120
-1121
-1105
-1090
-1060
-1053
-1032
-1017
-983
-950
-906
-865
-814
-756
-703
-649
-609
-573
-556
-537
-531
-504
-480
-434
-383
-321
-249
-162
-58
48
151
252
360
461
564
650
732
806
880
954
1025
1091
1157
1229
1287
1341
1378
1412
1435
1443
1431
1394
1352
1306
1254
1176
1082
971
860
753
647
527
397
257
127
-2
-118
-236
-346
-456
-567
-668
-762
-838
-924
-998
-1075
-1123
-1158
-1175
-1190
-1201
-1201
-1195
-1181
-1164
-1143
-1124
-1100
-1076
-1046
-1000
-941
-873
-810
-750
-693
-638
-588
-539
-486
-438
-382
-320
-248
-176
-95
-18
63
146
229
317
406
495
579
660
738
818
892
970
1040
1106
1173
1234
1292
1335
1379
1408
1430
1429
1416
1390
1359
1324
1269
1196
1099
995
876
763
635
501
355
210
69
-69
-192
-310
-419
-530
-629
-730
-821
-906
-984
-1068
-1145
-1203
-1244
-1264
-1281
-1276
-1267
-1233
-1196
-1154
-1115
-1070
-1026
-985
-939
-897
-843
-790
-734
-681
-620
-562
-505
-452
-399
-346
-290
-224
-157
-92
-21
52
127
199
266
326
392
461
528
596
659
735
812
883
945
1006
1068
1130
1187
1241
1290
1325
1348
1360
1351
1336
1310
1283
1233
1156
1059
950
840
721
599
476
354
229
105
-18
-140
-258
-376
-490
-596
-697
-789
-882
-967
-1050
-1123
-1183
-1227
-1252
-1270
-1271
-1276
-1258
-1233
-1197
-1161
-1119
-1077
-1029
-977
-925
-869
-822
-758
-702
-633
-579
-516
-460
-400
-348
-286
-215
-145
-63
11
89
156
224
280
338
399
465
534
600
668
740
816
893
968
1033
1102
1167
1233
1297
1353
1402
1430
1447
1449
1442
1427
1405
1359
1292
1205
1106
994
870
735
594
458
324
196
65
-58
-189
-317
-449
-574
-693
-805
-913
-1019
-1116
-1203
-1264
-1313
-1340
-1359
-1368
-1374
-1364
-1346
-1316
-1290
-1259
-1228
-1190
-1148
-1094
-1043
-989
-928
-864
-796
-733
-665
-602
-530
-465
-386
-311
-230
-154
-77
-4
59
126
197
275
354
442
524
608
690
779
870
954
1041
1119
1200
1278
1356
1423
1476
1526
1566
1609
1630
1637
1623
1598
1561
1504
1429
1332
1217
1086
950
809
672
523
375
220
73
-83
-231
-388
-529
-684
-824
-964
-1082
-1184
-1277
-1353
-1414
-1449
-1484
-1504
-1529
-1534
-1539
-1529
-1528
-1522
-1512
-1490
-1454
-1412
-1355
-1291
-1220
-1143
-1057
-965
-863
-756
-659
-567
-472
-373
-279
-191
-106
-17
79
182
290
395
511
622
726
827
927
1026
1116
1206
1283
1361
1429
1500
1560
1610
1655
1701
1738
1762
1770
1755
1735
1687
1624
1528
1425
1298
1164
1016
873
724
577
434
287
145
-1
-144
-290
-429
-573
-702
-825
-938
-1039
-1138
-1226
-1299
-1366
-1426
-1481
-1528
-1571
-1603
-1620
-1632
-1637
-1636
-1619
-1593
-1551
-1501
-1437
-1378
-1313
-1235
-1149
-1044
-944
-839
-751
-660
-575
-481
-380
-266
-150
-28
110
247
389
532
671
789
897
993
1092
1178
1259
1332
1408
1484
1559
1625
1690
1751
1797
1831
1845
1834
1806
1767
1709
1634
1540
1428
1305
1180
1051
920
775
627
478
330
191
52
-91
-234
-372
-500
-614
-721
-815
-907
-996
-1087
-1169
-1249
-1327
-1404
-1487
-1565
-1633
-1675
-1708
-1728
-1736
-1739
-1728
-1697
-1643
-1581
-1514
-1442
-1358
-1271
-1166
-1066
-972
-885
-794
-692
-582
-462
-338
-193
-42
125
279
442
592
730
844
943
1040
1131
1223
1300
1383
1460
1545
1622
1696
1749
1800
1837
1865
1863
1840
1797
1741
1678
1605
1514
1398
1282
1168
1051
912
765
611
457
303
165
34
-90
-216
-320
-418
-506
-598
-686
-779
-869
-970
-1066
-1167
-1268
-1368
-1469
-1556
-1634
-1687
-1735
-1761
-1784
-1781
-1769
-1732
-1684
-1619
-1546
-1463
-1371
-1279
-1184
-1092
-998
-906
-818
-713
-599
-469
-334
-191
-31
132
300
447
580
689
794
881
961
1042
1120
1200
1276
1355
1436
1514
1582
1644
1698
1742
1782
1800
1785
1747
1698
1649
1594
1520
1423
1314
1200
1089
974
851
715
572
428
290
179
72
-33
-141
-240
-340
-432
-518
-599
-705
-829
-959
-1091
-1212
-1333
-1452
-1571
-1667
-1748
-1796
-1834
-1852
-1865
-1854
-1830
-1783
-1721
-1638
-1548
-1465
-1385
-1304
-1209
-1125
-1038
-951
-847
-731
-594
-447
-285
-113
60
229
388
537
679
799
906
994
1077
1176
1279
1369
1463
1549
1624
1687
1745
1791
1822
1841
1840
1810
1766
1733
1700
1659
1599
1512
1404
1292
1179
1058
921
782
625
471
327
212
109
3
-103
-209
-313
-401
-479
-570
-686
-818
-954
-1106
-1244
-1384
-1521
-1660
-1766
-1841
-1890
-1921
-1924
-1916
-1902
-1865
-1799
-1720
-1648
-1578
-1516
-1457
-1392
-1320
-1247
-1164
-1067
-952
-834
-688
-525
-342
-172
-1
165
336
499
645
769
874
993
1120
1250
1351
1464
1574
1675
1749
1811
1861
1893
1921
1928
1908
1877
1847
1800
1761
1710
1647
1558
1456
1344
1211
1064
918
760
594
425
266
135
20
-96
-208
-304
-392
-482
-556
-628
-716
-833
-960
-1097
-1240
-1381
-1513
-1631
-1746
-1838
-1902
-1932
-1955
-1961
-1954
-1922
-1877
-1809
-1743
-1676
-1617
-1533
-1458
-1379
-1293
-1188
-1074
-965
-825
-677
-505
-341
-160
11
200
388
580
747
878
1011
1144
1295
1426
1549
1665
1774
1872
1955
2024
2070
2106
2120
2118
2087
2041
1987
1938
1879
1802
1697
1562
1405
1236
1062
893
728
555
381
219
88
-15
-116
-212
-307
-401
-479
-558
-638
-740
-857
-991
-1144
-1297
-1440
-1571
-1699
-1809
-1889
-1951
-1981
-1995
-1993
-1982
-1970
-1944
-1926
-1876
-1825
-1765
-1701
-1618
-1528
-1434
-1311
-1169
-1011
-852
-657
-482
-312
-150
34
215
385
558
728
876
1013
1167
1300
1447
1584
1722
1821
1912
1993
2075
2135
2165
2180
2187
2175
2120
2047
1963
1878
1776
1658
1510
1352
1184
1021
868
718
568
434
298
199
94
25
-81
-171
-266
-352
-451
-535
-627
-757
-905
-1070
-1226
-1420
-1583
-1725
-1830
-1940
-1995
-2025
-2020
-2023
-2003
-1996
-1974
-1960
-1935
-1916
-1894
-1854
-1805
-1730
-1639
-1505
-1358
-1175
-991
-783
-584
-380
-199
-21
149
321
514
717
914
1124
1310
1476
1614
1760
1880
1992
2090
2163
2214
2262
2318
2333
2351
2337
2299
2202
2129
2042
1928
1771
1607
1404
1193
992
799
611
409
252
100
-19
-124
-193
-277
-336
-389
-432
-484
-530
-594
-700
-856
-1021
-1178
-1347
-1498
-1651
-1762
-1860
-1912
-1955
-1960
-1958
-1945
-1958
-1976
-1999
-2022
-2050
-2070
-2083
-2064
-2027
-1942
-1819
-1643
-1435
-1205
-946
-710
-465
-245
-8
195
383
528
688
859
1041
1217
1397
1591
1757
1950
2141
2341
2488
2605
2673
2703
2713
2700
2654
2527
2405
2261
2118
1940
1785
1573
1336
1099
937
740
545
366
224
91
-11
-53
-111
-178
-238
-263
-344
-405
-482
-592
-798
-979
-1164
-1342
-1536
-1678
-1838
-1977
-2044
-2081
-2133
-2204
-2226
-2266
-2283
-2302
-2292
-2311
-2287
-2249
-2190
-2127
-2013
-1875
-1702
-1479
-1235
-1004
-799
-592
-381
-179
31
277
523
740
950
1166
1370
1600
1848
2104
2281
2467
2651
2816
2920
2990
3014
2967
2863
2739
2633
2493
2340
2125
1886
1599
1305
1050
815
587
382
215
61
-44
-85
-115
-182
-217
-231
-286
-378
-438
-495
-602
-725
-834
-978
-1120
-1237
-1339
-1469
-1543
-1577
-1642
-1739
-1812
-1864
-1966
-2064
-2189
-2306
-2406
-2450
-2478
-2504
-2462
-2327
-2153
-1940
-1676
-1400
-1136
-877
-622
-409
-230
-28
167
337
496
685
899
1126
1387
1686
1988
2256
2519
2737
2956
3092
3221
3273
3266
3122
2942
2765
2585
2322
2018
1684
1288
926
599
341
67
-111
-278
-357
-353
-231
-191
-175
-166
-157
-192
-231
-241
-354
-508
-684
-821
-955
-1018
-1105
-1185
-1288
-1345
-1413
-1502
-1600
-1744
-1906
-2111
-2312
-2527
-2710
-2824
-2834
-2797
-2698
-2513
-2245
-1957
-1654
-1339
-1029
-766
-541
-357
-192
-14
176
357
547
742
949
1210
1525
1863
2165
2483
2766
3023
3247
3451
3604
3678
3586
3329
3058
2857
2597
2203
1806
1416
968
548
226
-42
-261
-385
-434
-442
-359
-217
-178
-220
-257
-307
-409
-503
-552
-674
-844
-944
-939
-930
-900
-845
-821
-863
-897
-949
-1095
-1298
-1543
-1869
-2236
-2550
-2810
-3011
-3091
-3050
-2962
-2800
-2499
-2109
-1712
-1297
-930
-610
-332
-88
95
241
386
475
509
549
696
930
1228
1580
2001
2425
2864
3221
3512
3727
3959
4037
3831
3380
2954
2592
2167
1671
1129
586
72
-278
-519
-681
-754
-696
-617
-451
-148
182
291
265
186
51
-191
-421
-641
-897
-1102
-1200
-1192
-1111
-891
-728
-629
-613
-568
-644
-854
-1171
-1561
-2049
-2580
-3058
-3436
-3636
-3708
-3623
-3453
-3099
-2583
-1976
-1400
-842
-376
14
329
613
841
958
1050
1079
1138
1178
1314
1450
1683
1964
2315
2671
3022
3364
3631
3902
4047
3921
3398
2793
2208
1657
964
259
-453
-1077
-1517
-1719
-1717
-1542
-1156
-736
-260
354
1078
1500
1572
1404
1146
751
305
-176
-676
-1057
-1232
-1239
-1135
-840
-496
-283
-238
-211
-322
-662
-1234
-1898
-2669
-3452
-4065
-4424
-4569
-4491
-4163
-3670
-2949
-2048
-1169
-494
105
633
947
1035
1082
1091
1027
1045
1153
1333
1513
1804
2163
2578
3007
3359
3567
3687
3812
3823
3808
3632
3145
2194
1286
593
-16
-737
-1437
-2052
-2529
-2643
-2486
-2134
-1637
-857
-121
647
1539
2423
2792
2693
2383
1895
1230
518
-192
-916
-1356
-1493
-1438
-1252
-828
-463
-219
-110
-205
-764
-1553
-2361
-3220
-4095
-4798
-5246
-5398
-5074
-4448
-3656
-2704
-1503
-389
515
1205
1666
1712
1496
1141
728
364
139
93
214
609
1158
1785
2419
3157
3700
4123
4330
4415
4140
3805
3531
3038
2015
733
-211
-915
-1435
-2068
-2580
-3030
-2974
-2698
-2220
-1612
-628
323
1115
1982
2979
3651
3632
3257
2585
1902
1067
282
-635
-1200
-1467
-1436
-1360
-1008
-542
-245
-191
-348
-821
-1716
-2705
-3730
-4540
-5251
-5595
-5678
-5125
-4120
-2859
-1722
-517
668
1579
2066
2169
1955
1318
545
-268
-797
-1162
-1161
-930
-279
659
1723
2638
3450
4154
4635
4860
4777
4517
4010
3629
3177
2452
1177
47
-800
-1389
-2070
-2667
-3171
-3411
-3304
-2927
-2278
-1378
-169
885
1966
3081
4146
4441
4182
3527
2774
1755
711
-346
-1222
-1713
-1847
-1715
-1435
-925
-597
-509
-724
-1162
-2039
-2952
-3783
-4533
-5182
-5412
-5155
-4415
-3237
-1876
-646
521
1671
2320
2394
2087
1504
528
-555
-1499
-2164
-2473
-2344
-1801
-834
491
1830
2915
3836
4606
5030
5056
4784
4388
3903
3476
3254
2901
2070
839
-164
-906
-1641
-2584
-3509
-4286
-4594
-4376
-3800
-2923
-1537
188
1831
3507
5118
6251
6306
5626
4471
3076
1440
-217
-1775
-2926
-3487
-3508
-3172
-2540
-1677
-925
-437
-259
-289
-955
-2223
-3681
-4699
-5236
-5314
-5000
-4205
-2784
-898
916
2152
3022
3426
3184
2198
910
-729
-2488
-3990
-4831
-4936
-4271
-2888
-1116
1015
3236
5173
6369
7025
7127
6773
5922
4836
3626
2834
2480
1831
480
-833
-1432
-1956
-2754
-3815
-4650
-5264
-5200
-4726
-3768
-2288
-117
2017
4061
6205
8081
8687
7948
6537
4580
2253
-376
-2735
-4711
-5640
-5792
-5207
-4224
-2624
-1126
18
713
1114
838
-311
-1862
-3220
-3949
-4314
-4280
-3957
-2773
-1072
698
1727
2358
2513
2151
969
-564
-2198
-3798
-5164
-5929
-5682
-4604
-2860
-881
1527
3991
6232
7471
7778
7313
6577
5521
4212
2919
1963
1680
1941
2133
1392
56
-1107
-2029
-3282
-4800
-6158
-6978
-6861
-5632
-3631
-1059
2120
5415
8211
10400
11761
11564
9510
6253
2477
-1371
-4948
-7745
-9448
-9659
-8470
-6245
-3538
-715
1740
3405
4137
3930
2899
1036
-1287
-3497
-4826
-5294
-5071
-4388
-3120
-1425
385
1612
1868
1319
325
-1047
-2767
-4294
-5364
-5826
-5644
-4505
-2678
-440
1776
3792
5488
6714
7198
6644
5444
4145
3053
2143
1459
1260
1552
2526
3619
3718
2124
-226
-2234
-4053
-5855
-7482
-8189
-7710
-5590
-2377
1364
5070
8709
11303
12702
12884
11740
8553
3866
-984
-5327
-8731
-10999
-11526
-10548
-7823
-4236
-347
2833
5292
6445
6343
5049
3036
512
-1989
-4003
-5344
-5774
-5212
-3887
-2710
-1656
-863
-95
-70
-712
-2057
-3288
-4084
-4304
-4242
-3665
-2525
-1090
423
1759
2811
3222
3225
2855
2550
2144
1729
1139
1062
1526
2378
3144
3926
4489
4858
5188
4771
2705
-714
-3714
-5647
-6536
-6986
-6714
-5629
-3088
421
3998
6777
9003
10322
10392
9417
7730
5063
1243
-2676
-5857
-7676
-8461
-8121
-6977
-4753
-1824
1218
3414
4627
4903
4369
3054
1284
-589
-2448
-4066
-5092
-5084
-4364
-3259
-2440
-1808
-1363
-800
-637
-1105
-2046
-2762
-3079
-3064
-2859
-2481
-1816
-975
-3
735
1265
1506
1671
1625
1618
1705
1771
1718
1712
2092
2593
3129
3438
3740
3852
4017
4312
3786
1642
-1574
-4041
-5263
-5558
-5885
-5766
-4687
-1955
1470
4604
6810
8678
9710
9554
8461
6716
3997
131
-3537
-6287
-7642
-8235
-7694
-6346
-3724
-610
2431
4302
5225
5179
4353
2689
580
-1558
-3598
-5060
-5812
-5504
-4650
-3401
-2582
-1777
-1203
-505
-412
-873
-1710
-2128
-2139
-2015
-1973
-1893
-1407
-777
-94
218
505
610
874
997
1243
1420
1745
1947
2190
2525
2881
3095
3305
3615
3758
3769
3863
3700
2086
-772
-3576
-5016
-5522
-5680
-5751
-4803
-2425
1000
4177
6586
8492
9774
9875
8877
7132
4409
672
-3341
-6389
-8106
-8603
-8232
-6677
-3976
-480
2675
4765
5526
5281
4101
2128
-226
-2446
-4070
-5114
-5476
-5223
-4215
-2957
-1987
-1671
-1498
-1347
-1269
-1623
-2142
-2384
-2003
-1367
-877
-372
255
830
893
587
114
-303
-727
-946
-923
-413
549
1761
2775
3594
4221
4537
4457
4186
3802
3148
2775
2829
2399
479
-2201
-3986
-4460
-4411
-4569
-4297
-3029
-538
2348
4810
6610
8141
8921
8718
7715
6072
3305
-476
-4166
-6659
-7832
-8190
-7603
-5978
-3135
173
3050
4532
4858
4265
3069
1185
-916
-2860
-4272
-4921
-4712
-4150
-3650
-3188
-2609
-2042
-1870
-2022
-2329
-2320
-2035
-1460
-927
-325
307
887
1179
1152
743
-102
-1098
-1799
-2062
-2106
-1896
-1162
449
2316
3961
4772
5238
5476
5423
4834
3882
2906
2230
2485
2525
1244
-1495
-3712
-4449
-4360
-4618
-4730
-3841
-1491
1696
4714
6955
8787
9859
9546
8208
6177
3241
-1008
-5164
-7981
-8976
-9076
-8210
-6222
-3031
515
3496
5108
5306
4445
2838
866
-1182
-2961
-4359
-4951
-4690
-3616
-2699
-2258
-2320
-2327
-2454
-2710
-3105
-3238
-2744
-1632
-292
775
1579
2235
2641
2254
1257
-219
-1775
-3206
-3987
-4149
-3608
-2414
-440
2162
4802
6792
7526
7278
6435
5463
4176
2798
1573
1264
2085
2404
895
-1891
-3851
-4342
-4351
-4963
-5255
-4053
-1194
2469
5644
7908
9525
10169
9532
7977
5461
1665
-2994
-6913
-9053
-9611
-9369
-8048
-5535
-2092
1341
3821
4718
4318
3202
1699
-44
-1839
-3253
-3995
-3850
-3074
-1983
-1086
-926
-1685
-2717
-3430
-3677
-3770
-3727
-3069
-1419
630
2157
2773
2835
2702
1960
405
-1551
-3406
-4787
-5306
-4721
-3256
-1162
1315
4210
7008
8864
9058
7865
6159
4351
2544
807
-291
-541
653
2103
2058
-196
-2723
-3883
-3901
-4253
-4937
-4458
-2029
1857
5556
8064
9562
10497
10123
8431
5670
2002
-2749
-7272
-10209
-11135
-10941
-9824
-7444
-3878
73
3258
5008
5226
4547
3260
1568
-315
-1877
-2937
-3290
-2962
-2052
-1178
-806
-1079
-1761
-2717
-3539
-4022
-4278
-4307
-3644
-2132
-221
1285
2207
2729
2804
2290
1197
-240
-1594
-2428
-2724
-2305
-1275
257
1966
3723
5220
6242
6266
5289
3886
2499
1561
963
858
1203
2467
3703
3348
756
-2495
-4234
-4544
-4632
-4951
-4109
-1479
2505
6142
8395
9312
9578
8659
6376
3019
-806
-5081
-8975
-11325
-11622
-10475
-8427
-5340
-1664
2070
4931
6491
6325
5032
3152
1380
-377
-1936
-3192
-3659
-3422
-2730
-2199
-2133
-2568
-3136
-3499
-3640
-3612
-3571
-3070
-1845
-7
1575
2536
2926
3277
3157
2246
713
-718
-1936
-2643
-2818
-2225
-1063
356
1842
3294
4508
4976
4785
3914
3072
2145
1488
1263
1832
2772
3844
5056
5046
2892
-1032
-4233
-5578
-5771
-6233
-6022
-3908
6
4313
7395
8724
9071
8423
6251
3082
-527
-4267
-7972
-10291
-10524
-9003
-7077
-4557
-1422
1940
4520
5830
5472
4043
2286
768
-697
-2203
-3447
-3956
-3563
-2808
-2130
-1914
-1892
-2169
-2395
-2626
-2526
-2232
-1657
-859
406
1727
2576
2765
2585
2181
1406
98
-1287
-2224
-2728
-2796
-2366
-1432
-213
1134
2434
3617
4541
4902
4723
4078
3388
2846
2484
2440
2767
3154
3365
3783
3175
659
-3404
-6521
-7217
-6302
-5602
-4641
-2138
1826
5846
8200
8546
7867
6704
4557
1876
-1154
-4167
-7139
-8891
-8905
-7519
-6172
-4655
-2445
300
2595
3777
3780
3115
2374
1722
975
-146
-1291
-2170
-2497
-2559
-2493
-2640
-2698
-2764
-2392
-1752
-928
-303
77
261
627
885
668
133
-356
-545
-673
-980
-1233
-913
-377
165
652
1264
1894
2495
2724
2778
2741
2766
2668
2556
2358
2345
2342
2692
3074
3319
3033
2896
2479
617
-2746
-5868
-6639
-5697
-4453
-3681
-1779
1269
4765
6925
7525
6848
5931
4069
1674
-1070
-3780
-6614
-8639
-9016
-7950
-6609
-5299
-3076
-197
2630
4419
5240
5137
4707
3810
2604
741
-1144
-2805
-3712
-4129
-4017
-3716
-3073
-2307
-1699
-1170
-742
-421
-523
-853
-1064
-719
-371
-275
-135
488
1344
1856
1676
1412
1312
1041
523
47
-187
-126
134
555
1221
2082
2822
3321
3485
3371
3016
2586
2449
2360
2225
2105
2541
2037
-273
-3755
-5687
-5633
-4796
-4604
-4017
-1936
1367
4467
6161
6423
5883
4963
3165
988
-1626
-4341
-6999
-8131
-7694
-6251
-5002
-3201
-567
2578
4985
6186
6001
5058
3845
2453
549
-1753
-3666
-4735
-4899
-4612
-3931
-3130
-2022
-1116
-499
-179
91
-51
-501
-870
-738
-260
136
439
967
1634
2008
1914
1310
632
71
-338
-742
-943
-909
-458
328
1200
1945
2659
3382
3876
3746
3079
2159
1555
1323
1350
1307
1697
2588
2468
79
-3660
-6193
-6604
-6057
-5856
-5095
-2666
1295
5273
7770
8204
7619
6381
4369
1656
-1466
-4752
-7459
-8567
-7865
-6219
-4560
-2353
704
3867
5950
6584
5741
4111
2187
247
-1884
-3880
-5239
-5459
-4698
-3352
-1937
-773
67
550
585
171
-398
-891
-1236
-1347
-1140
-620
66
768
1388
1820
1908
1563
816
-3
-523
-768
-935
-1011
-695
11
871
1504
1963
2293
2482
2377
1986
1401
914
782
1078
1631
2001
2217
2588
2732
961
-2702
-6239
-7388
-6520
-5195
-3986
-1601
2175
6128
8694
9210
8062
6123
3588
720
-1995
-4491
-6602
-7608
-6766
-4783
-2865
-1449
332
2385
3921
4282
3697
2414
1023
-189
-1063
-1941
-2699
-2941
-2476
-1672
-1084
-891
-924
-936
-1061
-1412
-1671
-1475
-907
-210
425
992
1290
1224
891
447
-155
-746
-1111
-1039
-563
114
676
1081
1187
1086
783
337
-227
-669
-735
-228
594
1252
1715
2149
2584
2898
2817
2428
2062
2202
1926
-283
-3937
-6580
-6484
-4683
-3027
-1747
563
3846
6856
8127
7308
5332
3376
1302
-671
-2329
-3776
-5053
-5489
-4749
-3395
-2429
-1682
-224
1738
3411
4212
3899
2666
1263
132
-762
-1899
-2984
-3452
-2983
-2116
-1350
-1098
-1113
-1056
-751
-408
-451
-571
-465
199
849
990
326
-321
-503
-345
-486
-794
-753
-187
387
787
971
765
256
-352
-588
-774
-1091
-1347
-938
-72
973
1650
1977
2219
2519
2916
3185
3060
2865
3065
3430
2035
-1566
-5498
-6903
-5951
-4363
-3292
-1617
1400
4921
7162
7442
6081
4281
2493
657
-951
-2450
-3946
-5039
-4758
-3551
-2216
-1466
-439
1038
2450
3008
2648
1323
-76
-941
-1152
-1390
-1818
-2045
-1678
-958
-533
-555
-973
-1295
-1492
-1234
-838
-449
-108
502
1266
1552
883
-482
-1495
-1849
-1840
-1864
-1510
-529
968
2113
2635
2277
1192
-271
-1443
-2208
-2714
-2880
-2288
-694
1301
3038
4044
4538
4665
4557
4067
3156
2134
1163
1012
522
-1581
-5012
-7006
-6220
-3670
-1670
-266
1761
4446
6509
6902
5583
3551
1904
414
-444
-1017
-1642
-2844
-3445
-3267
-2698
-3037
-3445
-2924
-1400
115
1310
1862
1936
1794
1750
1480
542
-761
-1808
-2175
-2210
-2152
-2221
-1983
-1440
-569
232
1003
1406
1527
872
-350
-1734
-2752
-3177
-2868
-2092
-939
795
2553
3680
3743
2877
1514
-21
-1818
-3131
-3731
-3622
-2815
-1261
493
2258
3556
4465
4736
4430
3555
2675
1844
1393
985
725
952
954
-720
-3567
-5500
-4951
-2882
-1215
-166
1305
3372
5242
5912
4879
3085
1681
796
162
-605
-1914
-3553
-4635
-4711
-4383
-4306
-4001
-2525
-210
2064
3574
4003
3369
2333
1397
400
-1109
-2635
-3295
-2903
-2051
-1303
-804
-401
-71
96
100
-28
-269
-576
-657
-903
-1239
-1596
-1338
-435
685
1215
1616
2088
2318
1798
622
-644
-1498
-2106
-2471
-2264
-1716
-1008
-81
1019
2091
2944
3318
3400
3145
2863
2499
2369
2005
1713
1036
1135
1289
129
-2915
-5363
-5381
-3220
-1243
-183
941
2595
4149
4656
3749
1845
514
-236
-155
-204
-808
-2271
-3322
-3618
-3326
-3354
-3255
-2295
-472
1385
2766
3093
2342
1107
124
-589
-1493
-2347
-2585
-1957
-1041
-296
-67
-115
-333
-448
-363
-62
149
175
184
428
175
-684
-1577
-1503
-670
203
508
820
1373
1749
1413
486
-587
-1353
-1795
-1810
-1396
-915
-276
715
2056
3122
3699
3696
3483
3038
2420
1744
1058
492
209
293
858
997
-566
-3095
-4497
-3716
-2099
-1135
-789
162
1677
3072
3554
2906
1826
1321
1249
1060
284
-1209
-2893
-3916
-4093
-3870
-3619
-2971
-1549
178
1558
2192
1856
706
-390
-789
-708
-680
-599
-98
683
1166
1058
460
-315
-984
-1284
-1198
-899
-624
-397
-105
-100
-598
-1369
-1649
-1127
-174
530
1124
1752
2163
1984
1335
443
-432
-1248
-1680
-1404
-822
-217
364
1093
1754
2274
2451
2394
2084
1840
1727
1657
1402
1019
730
943
1248
173
-2188
-4316
-4288
-2787
-1293
-686
5
1061
2447
3173
2778
1575
801
636
691
429
-445
-1759
-2955
-3383
-3441
-3510
-3533
-2676
-1216
345
1431
1831
1426
856
710
955
941
663
482
539
504
174
-377
-1021
-1471
-1619
-1252
-696
-216
-184
-239
-407
-773
-1445
-1764
-1122
326
1708
2496
2894
2884
2376
1179
-381
-1925
-2857
-3083
-2421
-1466
-515
208
968
1594
1997
2103
2049
2108
2165
2339
2244
2183
1820
1562
1224
1465
1115
-663
-3461
-5089
-4539
-2998
-1931
-1449
-382
1144
2794
3286
2894
1927
1618
1248
1053
295
-866
-2589
-3683
-3975
-3679
-3499
-2982
-1632
131
1596
2295
2125
1300
716
579
715
597
588
745
1032
891
424
-375
-1159
-1683
-1772
-1538
-1262
-1063
-997
-696
-281
-76
-168
46
765
1596
1855
1601
1160
670
-23
-801
-1492
-1889
-1805
-1280
-687
-221
79
362
654
944
1285
1665
2177
2576
3002
3120
2961
2229
1368
521
364
211
-1114
-3610
-5363
-4987
-3198
-1602
-874
-22
1118
2490
3073
2694
1565
1164
1166
1383
1043
205
-1191
-2380
-3112
-3376
-3555
-3362
-2343
-838
661
1725
2179
1803
1354
1196
1418
1362
1213
982
810
338
-295
-1029
-1654
-2076
-2071
-1576
-786
-79
187
125
-64
-487
-1125
-1471
-1046
-53
825
1317
1574
1678
1425
799
-133
-1040
-1625
-1841
-1759
-1519
-1156
-650
31
836
1695
2513
3018
3182
3010
2722
2240
1575
686
134
-24
480
171
-1502
-3855
-4713
-3826
-2270
-1372
-784
196
1545
2791
3274
2906
2288
2164
2048
1818
912
-568
-2478
-3684
-4128
-3968
-3792
-2990
-1505
287
1694
2467
2334
1717
1267
1303
1407
1249
976
776
566
95
-559
-1333
-1899
-2184
-1992
-1478
-1020
-900
-1009
-1012
-830
-716
-740
-367
636
1781
2358
2265
1748
1040
50
-966
-1802
-2304
-2441
-2160
-1620
-928
-255
359
983
1733
2494
3095
3181
2881
2429
2084
1583
858
138
-127
221
624
-247
-2293
-3933
-3827
-2488
-1316
-776
-222
908
2142
3009
2831
2185
1728
1669
1373
752
-446
-1908
-3155
-3687
-3683
-3296
-2582
-1296
241
1559
2408
2506
1826
940
501
485
555
573
658
720
562
110
-591
-1401
-2033
-2219
-1973
-1427
-1017
-780
-720
-644
-699
-650
-352
414
1169
1603
1601
1343
843
161
-683
-1449
-1853
-1828
-1574
-1317
-961
-449
232
824
1419
2041
2755
3080
2981
2579
2188
1754
1181
612
370
466
902
520
-1237
-3424
-4178
-3382
-2192
-1441
-808
314
1692
2744
2830
2252
1782
1844
1652
1229
465
-582
-1977
-2877
-3183
-3006
-2637
-1791
-638
396
1135
1396
970
256
75
526
1110
1489
1674
1603
1157
302
-810
-1899
-2611
-2761
-2443
-1816
-1246
-949
-947
-902
-720
-624
-533
-119
712
1513
1926
1810
1314
588
-164
-808
-1247
-1548
-1616
-1512
-1083
-483
115
529
1051
1841
2711
3265
3174
2615
1961
1435
1045
504
107
58
665
1174
318
-1851
-3729
-3868
-2856
-1735
-1008
-56
1095
2247
2718
2538
1912
1698
1585
1552
1265
596
-711
-2090
-2969
-3317
-3204
-2779
-1893
-962
24
841
1185
822
455
572
1071
1422
1486
1276
833
76
-818
-1664
-2284
-2501
-2333
-1786
-1091
-542
-359
-490
-662
-935
-1081
-736
235
1237
1862
2050
1943
1506
749
-152
-881
-1290
-1341
-1210
-1080
-835
-459
-11
520
1166
1942
2674
2860
2527
1892
1499
1086
872
455
544
784
1386
900
-696
-2818
-3583
-3038
-1894
-1043
-396
435
1323
2007
1883
1561
1288
1604
1635
1611
979
73
-1366
-2499
-3272
-3357
-3090
-2408
-1529
-517
438
962
883
479
406
604
930
1058
1155
961
580
-117
-725
-1251
-1476
-1511
-1288
-1026
-994
-1171
-1401
-1312
-1207
-953
-484
550
1617
2395
2466
2054
1255
349
-507
-1095
-1344
-1385
-1156
-902
-476
-162
246
610
1137
1647
2169
2329
2076
1562
1317
1294
1296
1098
1053
1258
1676
1543
-135
-2524
-4079
-3690
-2583
-1456
-806
157
1001
1858
1894
1533
962
1135
1302
1362
959
224
-1010
-2244
-2979
-3154
-2842
-2192
-1252
-485
100
355
256
-302
-555
-232
611
1336
1906
2000
1685
869
-61
-1008
-1609
-1882
-1758
-1539
-1268
-1117
-1029
-890
-903
-911
-645
222
1190
1782
1664
1315
940
578
164
-143
-270
-156
12
-56
-315
-639
-739
-541
-54
666
1503
2074
2260
2159
2027
1873
1716
1298
1098
1096
1528
1486
234
-1906
-3329
-3326
-2423
-1506
-918
-369
202
791
815
514
223
730
1314
1830
1776
1262
62
-1221
-2311
-2899
-2927
-2412
-1662
-1048
-522
-133
-49
-393
-482
-92
766
1531
2124
2150
1692
707
-217
-983
-1405
-1626
-1494
-1131
-948
-1002
-1192
-1093
-963
-803
-643
0
836
1543
1646
1467
1156
912
630
351
94
-171
-329
-578
-834
-1061
-915
-445
290
1048
1683
2051
2098
1789
1449
1238
1324
1224
1213
1158
1549
1373
108
-1862
-3031
-2959
-2265
-1566
-1187
-637
-227
348
382
451
430
1237
1724
2152
1762
1021
-250
-1331
-2247
-2713
-2562
-1867
-1031
-725
-595
-589
-524
-700
-515
-52
805
1392
1834
1739
1273
457
-176
-520
-613
-574
-453
-295
-388
-729
-1252
-1758
-1881
-1501
-803
15
807
1281
1486
1476
1323
914
597
481
482
224
-195
-628
-966
-1045
-881
-390
380
1241
1695
1698
1425
1279
1214
1261
1230
1377
1394
1794
1733
663
-1296
-2615
-2803
-2341
-1855
-1478
-965
-492
40
280
410
483
1079
1465
1747
1559
1099
44
-957
-1812
-2252
-2284
-1738
-946
-557
-606
-784
-873
-937
-740
-341
308
994
1661
1893
1688
1077
560
214
76
-113
-346
-644
-830
-1051
-1313
-1658
-1838
-1657
-1100
-399
240
674
873
1060
1103
1025
882
893
823
600
141
-278
-628
-735
-686
-518
-130
481
1056
1230
1294
1332
1521
1628
1609
1552
1469
1644
1388
313
-1274
-2071
-1965
-1493
-1297
-1253
-1048
-651
-231
-123
-73
218
994
1374
1388
988
588
-91
-694
-1318
-1624
-1590
-1133
-597
-402
-591
-913
-1139
-1063
-635
-104
408
840
1252
1287
970
427
199
186
365
383
255
-123
-494
-829
-1101
-1402
-1703
-1717
-1351
-698
-290
-126
-22
301
670
920
1078
1253
1353
1190
787
182
-396
-816
-943
-846
-525
53
660
1190
1407
1550
1529
1557
1462
1425
1472
1734
1714
687
-790
-1839
-1788
-1484
-1116
-1167
-980
-771
-300
-269
-318
-201
494
1106
1323
1109
653
196
-312
-753
-1211
-1267
-965
-431
-285
-441
-863
-1163
-1257
-892
-357
194
531
791
840
643
243
-29
75
453
757
706
280
-300
-804
-1150
-1341
-1542
-1667
-1519
-1059
-585
-307
-150
100
536
989
1297
1345
1185
931
654
332
-28
-315
-319
-33
292
441
501
582
928
1228
1384
1297
1210
1221
1371
1589
1222
82
-1216
-1555
-1182
-802
-792
-799
-754
-528
-325
-290
-290
126
870
1220
1013
453
-70
-584
-827
-984
-955
-667
-67
320
192
-370
-985
-1387
-1383
-1015
-565
-120
262
534
447
175
-112
-173
0
360
603
547
278
-55
-451
-905
-1243
-1531
-1667
-1551
-1108
-608
-154
173
445
651
820
905
883
837
788
747
672
580
342
159
71
115
85
150
367
796
1230
1441
1489
1385
1368
1446
1516
809
-305
-1152
-1010
-667
-491
-616
-608
-545
-349
-217
-247
-103
424
904
797
330
-204
-584
-777
-716
-641
-406
41
597
580
57
-717
-1359
-1772
-1678
-1282
-814
-402
13
250
146
-134
-299
-183
95
362
387
261
104
5
-175
-404
-696
-952
-1129
-1083
-989
-850
-595
-187
157
402
582
683
691
675
675
646
711
786
779
621
501
383
295
294
501
910
1335
1586
1540
1384
1235
1234
806
-205
-1196
-1233
-593
-39
49
-74
-140
-64
9
-210
-434
-220
425
734
606
121
-360
-696
-672
-698
-799
-676
-118
284
192
-266
-859
-1366
-1513
-1277
-1011
-727
-389
-8
97
31
-145
-197
-116
124
197
85
-121
-211
-199
-116
-162
-474
-807
-948
-889
-844
-729
-562
-225
251
744
796
585
429
530
533
515
533
763
1121
1434
1274
766
378
407
700
979
1152
1195
1262
1340
1258
529
-549
-1282
-995
-256
354
452
348
180
162
12
-376
-659
-367
207
436
267
-157
-629
-939
-893
-874
-912
-745
-248
76
57
-193
-517
-784
-816
-701
-693
-776
-750
-557
-395
-364
-369
-240
-4
142
52
-139
-275
-257
-157
-33
43
42
-49
-213
-419
-616
-697
-584
-329
-40
280
559
652
540
380
264
237
338
590
888
1123
1201
1055
765
559
599
797
958
1003
986
1041
1084
781
4
-697
-745
-277
140
335
408
365
264
132
-58
-315
-364
-158
45
40
-153
-486
-787
-836
-755
-716
-616
-320
-84
-75
-187
-297
-460
-590
-559
-495
-585
-733
-783
-766
-743
-683
-560
-380
-193
-94
-173
-336
-389
-281
-103
33
139
202
243
209
66
-140
-327
-401
-322
-111
104
264
363
442
440
375
324
373
511
672
815
866
861
856
906
921
850
766
728
751
703
519
258
132
177
333
428
356
132
1
105
287
322
247
168
73
-82
-302
-577
-833
-922
-839
-702
-568
-433
-351
-374
-481
-563
-553
-471
-359
-268
-242
-301
-411
-546
-705
-785
-737
-621
-563
-536
-487
-437
-425
-454
-448
-346
-137
121
301
367
368
305
141
-79
-257
-312
-245
-108
23
109
184
266
320
344
357
347
373
461
625
781
923
1006
1034
1017
976
890
684
455
371
541
790
947
864
587
258
80
72
140
232
345
419
397
278
32
-302
-637
-816
-819
-650
-457
-395
-497
-584
-618
-628
-670
-696
-665
-608
-547
-577
-666
-763
-724
-622
-530
-528
-603
-706
-789
-822
-813
-726
-566
-364
-189
-29
111
228
265
206
90
38
49
93
140
157
111
38
30
115
265
430
602
713
759
763
794
805
795
807
971
1180
1232
1089
884
767
719
739
735
660
550
526
545
503
369
190
25
-57
-27
-13
-123
-259
-324
-336
-349
-358
-381
-458
-536
-580
-604
-679
-778
-836
-806
-783
-858
-1003
-1102
-1052
-917
-762
-660
-584
-542
-535
-608
-764
-911
-933
-802
-620
-408
-176
67
219
267
202
86
11
61
185
281
332
346
376
382
403
378
355
342
423
592
790
937
991
1038
1080
1123
1058
950
848
873
984
1079
1011
771
502
345
330
367
423
445
397
252
96
-85
-285
-478
-541
-486
-379
-271
-189
-201
-313
-417
-455
-461
-491
-539
-598
-686
-859
-1064
-1233
-1260
-1178
-1031
-892
-776
-696
-661
-683
-736
-766
-766
-756
-754
-711
-605
-431
-278
-156
-82
3
103
218
297
335
342
322
328
417
577
708
782
804
819
831
879
929
977
1017
1061
1062
992
926
949
1061
1162
1187
1053
782
516
395
365
340
321
329
315
261
166
-2
-228
-398
-458
-416
-314
-236
-269
-422
-568
-681
-730
-713
-600
-446
-308
-274
-404
-681
-1005
-1234
-1324
-1268
-1168
-1037
-924
-857
-878
-954
-1030
-1054
-988
-861
-681
-500
-352
-320
-356
-380
-313
-173
24
240
397
499
566
644
682
698
717
807
950
1136
1285
1360
1340
1291
1246
1146
1018
901
911
990
1076
1013
812
573
491
549
656
695
619
444
224
55
-98
-227
-321
-304
-192
-27
17
-101
-339
-529
-632
-656
-629
-566
-530
-578
-701
-865
-993
-1027
-904
-697
-503
-461
-571
-825
-1117
-1377
-1490
-1437
-1269
-1062
-864
-720
-680
-722
-765
-776
-729
-599
-396
-184
0
153
253
336
427
558
654
734
794
854
912
1011
1167
1339
1514
1633
1617
1456
1311
1270
1294
1283
1205
1034
814
629
520
470
449
446
423
395
395
347
168
-101
-346
-494
-493
-348
-144
-43
-58
-119
-183
-284
-417
-529
-591
-622
-627
-632
-694
-823
-969
-1092
-1167
-1182
-1128
-1027
-944
-902
-928
-974
-1056
-1112
-1133
-1078
-979
-871
-787
-740
-672
-566
-424
-297
-173
-57
83
196
295
402
575
766
940
1100
1246
1359
1424
1457
1338
1113
978
1119
1421
1666
1690
1470
1170
962
859
767
709
681
646
579
480
277
-32
-253
-299
-240
-148
-6
86
13
-202
-442
-629
-705
-619
-428
-238
-154
-200
-377
-618
-840
-960
-984
-950
-860
-776
-786
-962
-1225
-1453
-1581
-1595
-1462
-1229
-974
-771
-655
-636
-680
-683
-575
-400
-273
-213
-178
-140
-103
-35
85
225
430
694
922
1024
1061
1117
1145
1100
1063
1146
1352
1595
1732
1645
1357
1061
927
950
1020
1050
983
841
697
565
358
117
-13
23
125
200
188
42
-171
-345
-426
-429
-346
-191
-58
-56
-220
-492
-787
-980
-1010
-917
-804
-719
-652
-640
-754
-960
-1125
-1189
-1185
-1127
-1040
-986
-1014
-1085
-1175
-1215
-1152
-968
-738
-503
-263
-56
63
108
153
250
421
636
835
950
1034
1099
1061
890
745
801
1026
1226
1280
1152
951
830
864
951
1047
1124
1167
1092
927
669
361
109
13
35
78
127
120
2
-201
-365
-452
-444
-348
-169
0
80
-12
-233
-491
-673
-749
-721
-657
-626
-657
-764
-973
-1232
-1423
-1480
-1403
-1209
-971
-802
-738
-735
-721
-663
-543
-399
-260
-135
-51
-20
-42
-98
-135
-69
116
311
471
610
769
852
834
732
722
869
1114
1285
1250
1029
752
610
599
666
719
752
717
669
573
430
249
127
106
182
329
475
519
442
306
160
40
-47
-92
-141
-179
-265
-398
-569
-675
-721
-689
-621
-530
-482
-482
-582
-802
-1030
-1159
-1143
-1066
-965
-885
-810
-790
-811
-882
-904
-851
-713
-527
-299
-96
56
192
359
545
707
859
985
1046
974
783
572
482
555
705
794
736
546
354
270
320
418
543
653
721
697
597
417
249
162
175
231
291
295
186
-2
-188
-294
-326
-250
-122
25
93
90
17
-51
-105
-127
-111
-116
-178
-336
-575
-890
-1149
-1235
-1136
-983
-849
-785
-781
-797
-773
-707
-646
-555
-416
-261
-146
-66
6
80
182
304
420
507
604
693
682
556
427
426
598
901
1156
1230
1069
804
554
407
349
355
387
390
318
178
-17
-263
-456
-526
-460
-324
-167
-58
-31
-60
-85
-80
18
222
447
553
459
193
-160
-463
-637
-625
-496
-300
-150
-135
-314
-585
-790
-849
-801
-696
-570
-464
-404
-424
-510
-637
-692
-635
-476
-336
-218
-135
-40
66
197
342
510
709
866
908
813
749
809
989
1108
1075
873
643
506
459
422
342
269
221
231
213
126
-46
-159
-199
-160
-125
-107
-152
-208
-252
-325
-431
-503
-478
-417
-364
-395
-472
-557
-570
-529
-411
-265
-100
2
43
-25
-114
-181
-186
-211
-287
-402
-505
-521
-446
-316
-229
-179
-159
-120
-85
-36
13
110
263
484
709
874
899
810
620
422
301
360
538
724
775
652
437
272
256
327
432
518
547
500
410
268
78
-107
-212
-218
-176
-150
-204
-357
-536
-680
-765
-758
-645
-508
-439
-450
-523
-628
-696
-678
-578
-473
-431
-482
-595
-699
-731
-694
-631
-562
-460
-305
-158
-48
31
118
222
370
533
677
786
894
982
1030
1030
976
884
747
623
528
533
591
660
626
501
336
260
274
341
414
451
401
267
101
-88
-290
-438
-459
-394
-264
-170
-168
-279
-404
-525
-592
-586
-465
-329
-261
-287
-384
-488
-570
-605
-622
-639
-673
-698
-752
-838
-907
-873
-783
-687
-618
-538
-432
-280
-133
-14
104
233
367
484
591
635
685
791
928
1042
1123
1159
1098
961
836
807
910
1054
1108
1028
897
781
678
602
514
387
256
145
2
-221
-435
-597
-678
-669
-595
-555
-563
-575
-611
-656
-694
-691
-668
-598
-526
-531
-630
-755
-844
-861
-805
-724
-668
-648
-638
-652
-683
-690
-606
-443
-255
-86
26
52
54
79
142
218
323
453
615
787
947
1027
1039
1004
965
935
966
1054
1185
1300
1292
1147
946
792
682
638
610
556
443
341
195
-19
-272
-466
-578
-602
-553
-511
-539
-603
-650
-713
-772
-812
-814
-816
-799
-832
-913
-1031
-1103
-1124
-1098
-1038
-982
-897
-775
-641
-583
-571
-560
-491
-362
-161
22
140
207
231
223
231
327
496
692
871
1023
1135
1217
1276
1276
1214
1149
1155
1252
1366
1400
1284
1067
841
693
625
620
635
593
459
261
67
-141
-313
-410
-400
-363
-330
-375
-513
-720
-894
-986
-1028
-1035
-1005
-947
-950
-1034
-1241
-1467
-1605
-1531
-1316
-1052
-848
-738
-754
-801
-777
-654
-471
-273
-101
6
66
93
114
171
318
554
816
1053
1219
1276
1227
1102
994
950
1028
1188
1372
1427
1301
1059
850
715
683
726
775
737
629
492
311
103
-49
-100
-80
-21
0
-70
-236
-436
-632
-801
-911
-932
-890
-833
-820
-902
-1092
-1311
-1465
-1473
-1327
-1104
-923
-853
-874
-925
-936
-872
-715
-497
-239
-19
114
132
115
114
197
361
580
803
994
1107
1104
1037
982
1023
1140
1298
1340
1238
1056
882
750
668
671
695
722
702
610
413
186
-5
-127
-155
-124
-71
-81
-149
-319
-491
-650
-718
-736
-697
-697
-737
-823
-933
-1072
-1168
-1141
-1024
-858
-752
-729
-811
-851
-806
-658
-485
-268
-117
-23
26
80
140
255
441
626
760
841
855
784
697
658
692
797
944
1017
972
839
685
544
465
428
411
387
348
240
90
-65
-130
-126
-33
57
105
53
-64
-235
-404
-504
-523
-495
-485
-505
-598
-699
-831
-928
-1004
-979
-899
-779
-714
-722
-778
-779
-693
-535
-337
-124
49
142
180
179
225
347
553
748
922
1019
1049
1007
942
862
842
897
994
1042
988
841
658
503
398
372
384
383
305
177
-45
-291
-512
-611
-638
-577
-515
-497
-564
-651
-736
-803
-814
-787
-758
-759
-773
-828
-873
-910
-889
-839
-740
-630
-508
-416
-354
-328
-269
-168
-21
153
345
500
611
710
783
875
974
1084
1116
1091
1009
955
952
1032
1118
1149
1076
922
729
582
500
451
400
352
283
175
38
-111
-267
-395
-456
-491
-537
-616
-714
-848
-980
-1075
-1107
-1078
-1005
-953
-956
-1051
-1169
-1266
-1258
-1176
-1030
-883
-769
-703
-645
-574
-473
-313
-134
49
208
389
573
749
888
1002
1099
1209
1304
1350
1333
1309
1321
1381
1414
1365
1243
1122
1036
986
944
883
793
689
544
350
131
-76
-245
-377
-464
-560
-663
-780
-910
-1062
-1187
-1244
-1245
-1212
-1181
-1219
-1318
-1406
-1435
-1409
-1308
-1132
-948
-789
-678
-616
-615
-577
-475
-317
-129
68
257
433
611
755
878
950
1014
1032
1068
1111
1206
1297
1356
1322
1230
1134
1067
1053
1039
1020
942
847
683
524
353
229
110
15
-94
-187
-280
-391
-548
-744
-932
-1077
-1129
-1143
-1142
-1159
-1167
-1203
-1237
-1274
-1278
-1247
-1134
-991
-846
-736
-615
-503
-387
-285
-177
-52
100
285
467
634
742
835
879
915
942
1020
1128
1238
1279
1241
1143
1057
1014
996
969
922
850
741
620
481
339
204
92
-17
-133
-257
-372
-481
-581
-678
-777
-856
-918
-963
-1018
-1092
-1160
-1211
-1220
-1204
-1152
-1084
-990
-908
-824
-749
-659
-537
-384
-213
-38
137
292
418
522
616
724
807
879
947
1039
1134
1227
1273
1258
1200
1132
1108
1088
1073
999
917
787
637
436
235
31
-127
-237
-304
-379
-475
-618
-782
-925
-1017
-1055
-1066
-1053
-1069
-1093
-1157
-1212
-1253
-1209
-1132
-1013
-910
-820
-753
-676
-598
-502
-355
-141
102
317
458
536
606
700
794
867
951
1069
1212
1327
1373
1310
1188
1079
1033
1036
1057
1057
1015
902
744
560
387
247
167
128
73
-50
-251
-500
-724
-866
-916
-924
-915
-920
-960
-1055
-1179
-1290
-1337
-1295
-1191
-1058
-945
-850
-800
-770
-742
-658
-510
-328
-152
-18
83
166
278
388
488
565
670
789
909
978
1005
973
953
964
1007
1047
1087
1076
996
863
724
601
523
504
481
409
266
103
-72
-186
-266
-312
-380
-434
-506
-580
-670
-757
-840
-873
-861
-816
-775
-743
-745
-769
-782
-747
-636
-490
-342
-247
-197
-172
-121
-38
70
159
214
265
335
419
489
532
560
581
601
616
636
627
591
514
438
383
386
395
353
224
39
-123
-234
-290
-325
-341
-359
-376
-407
-443
-484
-499
-474
-415
-342
-257
-175
-123
-116
-137
-133
-70
56
181
242
242
240
269
310
335
341
352
359
351
282
186
119
159
285
393
376
237
105
48
93
140
144
81
-11
-113
-209
-291
-334
-336
-326
-340
-389
-453
-502
-554
-604
-654
-651
-588
-509
-470
-499
-541
-539
-443
-309
-174
-59
47
126
197
266
374
498
631
704
735
740
764
812
852
856
807
752
686
615
526
439
347
282
226
165
69
-32
-146
-237
-316
-376
-429
-445
-452
-480
-534
-590
-623
-613
-552
-487
-434
-409
-395
-404
-419
-424
-390
-315
-218
-144
-115
-95
-67
-8
67
145
204
256
300
339
357
372
401
448
523
582
612
589
555
498
452
399
352
306
272
226
165
101
46
-9
-75
-156
-265
-365
-454
-524
-588
-640
-673
-677
-674
-680
-714
-737
-726
-664
-579
-501
-444
-399
-332
-241
-123
21
181
323
433
513
557
587
626
695
779
869
926
927
875
799
721
665
637
612
569