SAMPLES:	7143
BITSPERSAMPLE:	16
CHANNELS:	1
SAMPLERATE:	16000
NORMALIZED:	FALSE
9
14
11
6
7
5
8
9
4
4
3
6
3
-6
-7
-4
-4
-4
-3
0
7
12
5
-5
-5
0
-3
-6
-7
-15
-5
6
0
-4
-3
-10
-9
-13
-24
-28
-16
-13
-20
-12
-15
-17
-11
-15
-19
-2
-3
-7
-1
-5
-12
-13
-9
-5
1
2
10
13
12
5
2
-2
-15
-24
-29
-29
-14
-1
10
10
-7
-7
11
7
6
15
12
9
20
10
1
16
25
21
38
44
33
25
19
7
8
-21
-51
-46
-30
-25
-32
-24
-6
0
-2
8
4
-5
-32
-40
-9
-10
-8
6
10
32
34
20
19
43
42
22
10
15
31
36
29
23
50
66
46
30
24
23
30
13
-24
-7
19
23
-8
-21
-24
-37
-36
-48
-54
-37
3
20
7
10
25
39
38
66
68
72
83
47
37
3
-54
-19
-77
-104
-54
-19
-5
-1
17
2
25
66
90
36
62
14
89
55
75
-21
159
-237
-872
-582
-691
-462
-256
369
672
669
614
383
196
5
-155
-334
-345
-302
-292
-106
12
180
214
34
-56
-87
-65
-76
-113
-57
73
243
264
201
157
69
33
30
-93
-93
-20
-43
-29
16
-117
-57
31
72
0
23
148
90
143
196
164
243
239
-163
-457
-1112
-1075
-1143
-976
-246
255
917
1171
1221
1321
1111
629
238
-259
-432
-804
-778
-771
-170
-628
-783
-98
-387
-29
175
477
618
266
415
563
129
303
328
106
-138
451
57
-330
-26
69
-248
-924
-1121
-805
-1072
-346
-24
-23
472
732
1282
676
556
766
455
147
-92
126
202
-212
166
389
234
-60
105
-92
-1190
-469
-518
-892
-532
-152
532
176
92
941
716
248
1255
458
-748
-300
-1195
-1556
-1689
-963
6
57
402
737
808
274
1301
376
-159
563
-223
-101
-93
-182
247
376
556
398
223
-410
-623
-149
-872
6
-161
-474
392
-338
107
-117
-161
114
-44
-163
-492
-564
-604
-549
-594
-145
-53
100
524
1454
797
468
715
828
247
-149
322
62
-187
294
-40
-79
-37
523
209
-432
290
-632
-851
-613
-124
-165
-251
409
-5
37
-8
74
72
-6
535
219
88
19
57
-112
-178
-63
-47
-234
-479
-401
-173
-690
-248
174
-705
66
168
-154
66
51
431
32
273
348
228
-168
-128
275
-334
-198
384
181
-10
37
177
-31
-372
83
-66
48
-207
112
-43
-548
91
51
62
283
237
206
70
27
99
71
172
103
306
73
-32
-240
-288
193
40
411
345
-143
-42
144
-310
-144
106
-185
222
-302
150
-188
-317
261
59
223
157
-51
-228
-217
85
-168
63
51
113
166
-294
70
-283
9
414
-5
-254
-36
-117
-193
175
275
438
-42
423
-56
-693
-274
-233
-351
-347
102
-420
-60
-256
54
472
447
797
572
6
203
-68
-236
-275
20
58
-34
-170
-600
172
-301
-260
522
-14
-73
-139
-431
-684
-563
97
45
155
217
424
390
-200
923
180
177
413
-361
96
-780
-76
-11
-73
380
691
427
-616
412
-368
-647
21
-265
-143
-103
-327
93
-216
113
839
319
447
647
50
-413
-79
-444
-242
95
-379
129
-220
-84
26
-320
268
-209
-13
-445
-753
-494
-164
57
300
628
504
321
188
61
-27
172
-151
171
-10
-243
-191
-358
-132
199
387
172
-36
-119
-418
-155
-99
97
362
143
246
174
-1
95
497
122
343
278
-229
-160
-107
-224
-116
-88
62
110
-178
18
-134
-56
-9
193
384
113
-127
-103
-157
-229
164
448
-70
-92
235
-32
-160
29
196
38
140
266
-111
-174
-33
130
243
-153
133
-121
-555
-331
-293
-202
-79
2
128
280
206
-39
-44
-71
-136
-360
-237
-227
-493
-198
79
-212
101
162
-73
-91
-53
9
-194
-191
52
234
-10
39
136
-213
-147
63
-94
-157
-67
-72
-63
-28
-134
-237
-115
12
258
348
265
414
207
339
691
618
439
400
320
174
202
339
498
430
157
386
204
33
164
267
162
-41
-217
-184
-249
-323
-40
-145
-158
-7
-170
-317
-439
-437
-246
-64
-257
-213
-363
-622
-646
-654
-565
-562
-568
-609
-808
-1181
-1241
-1231
-975
-880
-824
-749
-707
-432
-95
182
430
738
949
1003
668
734
806
756
1092
1349
1275
1222
1299
1301
1412
1705
1733
1583
1333
1242
1268
734
927
1004
968
611
313
-12
-217
-175
-141
-117
-564
-690
-896
-1116
-1310
-1183
-1290
-1377
-1364
-1597
-1880
-2222
-2251
-2211
-2034
-1932
-1784
-1858
-1923
-1718
-1297
-1119
-977
-598
-390
-297
-158
292
396
867
1307
1366
964
759
886
877
1152
1527
1738
1687
1804
2035
1987
2220
2569
3007
2910
2797
2544
2308
2119
2219
2234
1958
1753
1341
842
124
-374
-914
-1378
-1422
-1900
-2313
-2734
-2984
-3385
-3242
-3143
-3558
-3714
-3615
-3487
-3521
-2823
-2372
-2214
-1896
-1319
-1353
-1341
-677
-153
42
418
765
636
458
804
1068
1260
1288
1188
752
415
489
631
1183
1592
2192
2386
2496
2541
2661
3075
3515
3885
3784
3711
3349
2988
3053
3205
3203
2736
2008
1083
-263
-1069
-1539
-1688
-2134
-2100
-2601
-3276
-3821
-4022
-4324
-4565
-4497
-4625
-4652
-4768
-4425
-4041
-3290
-2421
-1617
-1096
-774
-431
7
285
509
907
1060
863
721
684
818
874
1109
1318
986
409
371
488
710
1386
2198
2572
2691
3013
3044
3226
3297
3683
3727
4023
3909
3624
3492
3504
3474
3236
3143
1734
775
-481
-1241
-1845
-2077
-2544
-2696
-3048
-3561
-3628
-4110
-4339
-4852
-4944
-5119
-5223
-5074
-4645
-4059
-3482
-2602
-2063
-1702
-1087
-363
132
416
647
709
771
843
951
839
995
1322
1662
1520
1267
930
553
603
1019
1593
1842
2502
2646
2989
3189
3809
4216
4450
4616
4414
4086
3759
3716
3249
3247
2842
2128
1133
68
-939
-1711
-2118
-2429
-2730
-2993
-3319
-3632
-4064
-4036
-4009
-3998
-3982
-4136
-4294
-4715
-4506
-4139
-3645
-3068
-2165
-1653
-1379
-785
-269
84
425
703
639
638
628
607
556
502
734
888
1057
1235
1392
1326
1184
1293
1531
1772
2282
2939
3309
3665
4188
4623
4652
4860
4695
4595
4245
4006
3788
2924
2226
1043
50
-802
-1351
-1792
-2264
-2460
-2870
-3204
-3823
-3981
-4287
-4075
-3774
-3561
-3552
-3784
-3750
-3526
-3419
-3426
-3001
-2626
-2255
-1805
-1231
-892
-759
-272
105
82
106
306
289
253
539
626
367
274
603
727
1163
1600
1517
1353
1477
1661
1677
2388
3076
3686
4068
4656
4776
4319
4113
3774
3432
3349
3330
2674
1543
651
-297
-1114
-1430
-1369
-1579
-1941
-2408
-2832
-2903
-3019
-3130
-2860
-2560
-2474
-2545
-2482
-2696
-2652
-2198
-1739
-1662
-1697
-1597
-1647
-1682
-1269
-501
-42
269
762
797
368
208
426
499
375
618
592
287
-52
355
957
1010
1288
2049
1862
1023
1280
1144
991
1240
1671
1709
1637
1384
1125
1031
838
640
210
188
-78
-575
-537
-519
-759
-921
-807
-817
-887
-657
-594
-590
-562
-531
-685
-723
-630
-451
-322
-357
-204
-79
-217
-134
29
-88
-83
215
191
110
485
734
753
787
888
762
711
735
457
248
211
149
-110
-209
-488
-705
-653
-623
-618
-641
-709
-834
-745
-752
-854
-752
-591
-555
-513
-391
-367
-423
-309
-154
-458
-633
-535
-558
-545
-410
-309
-233
-151
-76
77
17
143
533
657
854
1171
1204
1194
1335
1352
1389
1564
1658
1659
1570
1413
1336
1254
1174
1082
979
885
704
605
539
229
171
170
-199
-402
-441
-861
-1165
-1101
-1379
-1446
-1425
-1519
-1502
-1447
-1607
-1415
-1206
-1527
-1420
-1257
-1719
-1818
-1219
-1452
-1315
-707
-891
-1108
-573
-304
-870
-475
144
-473
-256
449
165
135
701
786
725
1393
1446
1389
1634
1882
1786
1580
2045
2248
1769
2057
2367
1635
1842
2044
1186
1261
1434
610
523
586
155
4
120
-318
-514
-390
-1053
-859
-638
-1321
-948
-638
-1352
-1407
-813
-1312
-1374
-891
-1246
-1525
-1212
-1387
-1536
-1270
-1519
-1028
-1137
-1219
-931
-1083
-1356
-1240
-1296
-1267
-751
-604
-276
16
351
436
482
909
895
817
1143
1574
1508
1464
1656
1736
1818
1883
1859
1688
1659
1478
1337
1352
1029
819
986
796
685
693
463
278
373
-92
-394
-175
-543
-712
-143
-438
-847
-42
-636
-1106
-374
-836
-1224
-570
-846
-1386
-1163
-1511
-1831
-1759
-2204
-2385
-1784
-2214
-2122
-1350
-1339
-147
499
79
823
1261
-727
-701
709
-273
-164
1401
1503
1117
998
1897
2067
1182
1817
1947
835
649
847
-271
-875
163
262
-573
596
956
-76
906
1627
1276
2065
2516
1920
1737
1846
1433
624
111
-176
-882
-1120
-1287
-1721
-1654
-1778
-2293
-2121
-2077
-2494
-2124
-1710
-1515
-1276
-943
-800
-775
-577
-272
31
-261
-243
-56
-78
-271
-480
-250
-401
-233
434
717
189
448
855
497
166
339
659
356
1240
1449
949
1484
1230
1069
1181
1206
976
1017
1114
915
767
638
864
560
548
1078
875
596
371
26
-273
-553
-297
-123
-421
-482
-509
-1072
-1369
-1299
-1305
-1164
-1296
-1198
-1149
-1605
-1375
-1273
-1454
-1081
-917
-1060
-595
-544
-487
-170
119
136
85
225
-146
24
25
108
63
531
418
94
368
329
500
544
795
941
488
494
622
293
716
820
1028
1200
1043
725
864
832
463
844
796
511
726
771
649
626
356
347
313
-50
-143
-178
-237
-499
-391
-583
-1059
-649
-717
-1066
-753
-771
-1086
-1063
-943
-1118
-1200
-1059
-837
-820
-839
-741
-669
-562
-421
-209
-93
155
181
99
134
-21
-99
-93
292
-278
-15
361
-149
221
221
96
330
547
188
100
303
375
371
685
992
907
912
1013
1029
1171
747
848
1369
753
858
1449
878
654
956
475
-69
-4
-189
-332
-176
-282
-477
-418
-336
-559
-527
-558
-700
-703
-674
-816
-953
-880
-886
-961
-876
-700
-736
-759
-493
-394
-401
-180
-133
-191
-207
-415
-505
-420
-491
-786
-647
-551
-979
-842
-673
-915
-382
-224
-280
327
719
138
415
953
437
655
1473
1255
1288
2167
1577
1081
1772
1557
934
1626
1596
866
1147
924
79
202
252
-132
97
484
220
17
129
-80
-46
61
107
-15
-138
-70
-124
-392
-596
-624
-696
-699
-787
-1021
-1195
-1467
-1613
-1455
-1485
-1621
-1333
-1363
-1347
-1136
-1137
-1279
-1115
-957
-983
-796
-654
-715
-735
-322
-96
-123
618
324
148
1080
365
181
914
673
478
1577
1747
1030
1591
1737
1146
1609
2255
1896
1957
2009
1164
962
868
745
1100
1489
1413
1464
1258
898
716
475
298
245
179
-243
-425
-685
-1142
-1178
-1246
-1565
-1632
-1801
-2203
-2410
-2381
-2613
-2493
-2128
-1877
-1870
-1851
-1349
-991
-977
-952
-456
-890
-1061
-678
-660
-959
-634
-107
-315
179
139
44
530
328
164
1153
1056
530
1448
1905
1976
2012
2786
2752
2324
3383
3551
2692
2541
2387
1259
1285
1841
1627
1464
1329
1036
708
375
-25
-218
-368
-680
-816
-1032
-1597
-1886
-1975
-2016
-1775
-1638
-1983
-2507
-2753
-2768
-2777
-2538
-2069
-2004
-2102
-1776
-1589
-1508
-1157
-798
-751
-651
-821
-1335
-1155
-1176
-1075
-739
-550
-498
-461
34
724
821
1102
2033
1669
1742
2375
2724
2779
3423
4616
4531
4414
4540
4416
3945
3400
2488
1791
1322
1104
1420
1037
147
-162
-115
-523
-848
-1115
-1692
-1975
-1861
-2208
-2496
-2409
-2420
-2300
-2104
-2028
-2132
-2340
-2542
-2601
-2609
-2637
-2687
-2634
-2406
-2259
-2196
-2064
-1817
-1594
-1279
-1068
-1195
-1348
-1256
-1223
-1051
-406
-163
-28
646
1094
1372
1974
2543
2906
2918
3468
3641
3792
4576
4836
5197
5523
5345
4992
4475
3403
2469
1843
1140
1062
1198
714
-335
-697
-659
-1009
-1219
-1513
-1994
-2451
-2547
-2612
-2743
-2695
-2475
-2223
-2222
-2146
-2262
-2290
-2341
-2257
-2245
-2583
-2905
-3058
-2928
-2456
-1882
-1803
-1894
-1908
-1814
-1578
-1368
-1431
-1385
-1043
-779
-529
-166
180
708
1405
2112
2484
2637
3032
3421
3864
4189
4869
4974
5083
5793
5939
5700
5052
4033
2783
1935
1253
904
1134
721
-482
-1384
-1512
-1731
-2058
-1998
-2279
-2860
-3076
-3012
-3264
-3301
-2787
-2338
-2176
-2107
-2021
-2213
-2144
-1635
-1279
-1449
-1930
-2429
-2601
-2216
-1610
-1098
-928
-1105
-1381
-1325
-1166
-1258
-1272
-1040
-812
-634
-402
-281
82
909
1930
2638
2807
3061
3158
3588
4330
5135
5337
5413
5764
5939
5903
5017
3872
2550
1494
813
878
752
-249
-1590
-2131
-2173
-2420
-2420
-2574
-3340
-3829
-3578
-3417
-3649
-3536
-2990
-2627
-2309
-1941
-1719
-1826
-1557
-1097
-777
-1031
-1596
-1867
-1844
-1501
-968
-351
-414
-720
-702
-420
-409
-540
-576
-728
-776
-472
-214
-104
537
1450
2254
2572
2850
2926
3297
4007
4881
5266
5131
5287
5504
6064
5677
4338
2885
1867
987
531
818
27
-1784
-2732
-2362
-2563
-3206
-3086
-3614
-4475
-4334
-3536
-3714
-3637
-2964
-2787
-2670
-2355
-1947
-1835
-1252
-803
-571
-466
-1145
-1784
-1460
-766
-517
-77
11
-811
-1184
-503
99
-285
-529
-583
-849
-652
-18
224
268
1140
2105
2637
2823
3148
3422
3981
4770
5216
5126
5093
5380
5653
5701
4194
2485
1276
729
240
509
288
-1562
-3242
-3145
-2468
-2856
-2966
-3142
-4148
-4655
-3799
-3197
-3399
-2903
-2345
-2395
-2438
-1941
-1562
-1366
-768
-614
-511
-1125
-1759
-1555
-614
-143
-116
34
-541
-986
-396
483
81
-683
-696
-725
-465
226
641
522
940
1865
2425
2876
3054
3502
3853
4415
4800
4700
4837
5003
5622
5502
4119
2395
1084
423
-95
476
-67
-1890
-3416
-3289
-2575
-2678
-2515
-3328
-4314
-4600
-3624
-3160
-3033
-2525
-2531
-2349
-2042
-1508
-1230
-744
-307
-459
-414
-1081
-1573
-1239
-458
-367
-455
-395
-986
-827
18
565
-228
-977
-1157
-1023
-250
371
469
196
722
1766
2519
2986
3154
3363
3527
4149
4533
4533
4619
4892
5411
5561
4157
2399
1242
937
340
519
241
-1598
-3324
-3131
-1952
-2320
-2670
-3254
-4136
-4532
-3345
-2428
-2909
-3058
-2809
-2569
-2339
-1676
-1247
-1227
-881
-707
-744
-683
-1141
-1288
-730
-252
-713
-631
-203
-484
-544
64
46
-1087
-1334
-778
-554
-245
148
-9
-43
1180
2324
2771
2875
3179
3321
3870
4729
4905
4622
4809
5550
5800
4929
3419
1976
1273
771
799
753
-465
-2396
-2921
-1808
-1691
-2290
-2884
-3670
-4376
-3399
-2184
-2576
-3181
-2932
-2584
-2443
-1770
-1285
-1476
-1428
-944
-612
-894
-1493
-1523
-1105
-872
-849
-663
-846
-1101
-579
49
-369
-1395
-1552
-1191
-744
-245
-196
-748
-738
571
1758
2269
2450
2795
3060
3611
4384
4649
4420
4592
5104
5686
5667
4357
2796
1874
1639
1133
1216
798
-1080
-2503
-1771
-773
-1621
-2397
-2994
-3768
-3557
-2170
-1853
-2900
-3124
-2620
-2311
-1956
-1546
-1589
-1696
-1287
-1054
-959
-1177
-1705
-1537
-930
-895
-1202
-1016
-971
-1136
-623
-255
-1125
-2031
-1699
-962
-671
-467
-700
-973
-264
1204
2092
2125
2232
2683
3395
4100
4843
4718
4388
4765
5756
6224
4875
3351
2313
1909
1533
1653
1503
-317
-2059
-1889
-646
-844
-2077
-2863
-3654
-3668
-2549
-1815
-2570
-3456
-2870
-2303
-1989
-1840
-1571
-1664
-1619
-1026
-831
-1033
-1647
-1653
-1149
-1143
-1302
-1181
-885
-1104
-1111
-727
-1181
-1857
-1948
-1257
-1135
-1069
-904
-929
-411
634
1775
1899
2177
2518
3235
3824
4487
4792
4559
4900
5345
6238
5625
4172
2802
2172
2235
1774
1984
503
-1186
-1953
-894
-252
-1589
-2362
-3380
-3296
-2905
-1839
-2065
-3096
-2982
-2487
-1901
-1952
-1662
-1701
-1683
-1394
-1041
-1044
-1089
-1485
-1695
-1687
-1639
-1446
-1158
-582
-1243
-1636
-1587
-1279
-1359
-1562
-1414
-1816
-1302
-570
43
228
707
1512
1964
2778
3233
3424
3802
4444
4701
4603
4987
5594
5634
4521
3449
2382
2087
1900
2319
1502
-552
-1783
-1181
64
-665
-1753
-2911
-3400
-2833
-1701
-1363
-2661
-3204
-2786
-2061
-1723
-1631
-1550
-1920
-1661
-1267
-1008
-1229
-1526
-1742
-1751
-1737
-1572
-1112
-683
-900
-1446
-1385
-1297
-1169
-1200
-1206
-1602
-1532
-710
-279
53
363
1062
1478
2147
2732
2796
3255
3650
4106
3794
4296
4548
5253
4610
3472
2474
2008
2207
1958
2270
392
-1236
-1361
320
425
-1179
-1954
-2819
-2584
-1645
-699
-1724
-3087
-2740
-2009
-1473
-1589
-1555
-1852
-1830
-1349
-1043
-1199
-1791
-1947
-1598
-1423
-1608
-1255
-963
-986
-1125
-672
-885
-1450
-1439
-1069
-1003
-1183
-844
-777
-439
340
1174
1231
1335
1809
2497
2875
3207
3487
3166
3518
3991
5146
4518
3113
2323
2130
2448
1793
2319
910
-711
-1156
453
1149
-625
-1536
-2080
-1871
-1494
-641
-1043
-2540
-2649
-1761
-1266
-1652
-1813
-1501
-1690
-1602
-1335
-1171
-1702
-2101
-1501
-1375
-1779
-1681
-877
-829
-1346
-947
-649
-1174
-1491
-1039
-912
-1281
-1047
-729
-720
-295
608
1051
953
1285
1810
2327
2648
3122
3020
2831
3341
4095
4615
3132
2360
1937
2282
2151
2100
1819
-126
-703
214
1492
352
-1181
-1506
-1446
-887
-450
-582
-1830
-2383
-1608
-934
-1182
-1707
-1663
-1434
-1503
-1401
-1312
-1659
-1991
-1754
-1203
-1901
-1871
-1209
-705
-1122
-1117
-727
-1174
-1168
-885
-772
-1296
-1230
-775
-685
-186
229
678
706
1166
1533
1800
2280
2538
2890
2568
3035
3216
4100
3288
2418
1843
1775
1938
1850
2294
483
-664
-166
1422
1009
-548
-1063
-1428
-965
-129
-13
-1263
-2140
-1462
-900
-926
-1273
-1560
-1493
-1396
-1253
-1345
-1609
-1942
-2136
-1628
-1647
-2021
-1527
-904
-904
-1437
-962
-840
-1188
-1057
-898
-952
-1204
-645
-549
-443
164
829
1117
1107
1487
1691
2261
2609
2856
2476
2762
3060
3787
3307
2190
1797
1717
2001
1596
1902
724
-543
12
1309
1024
-800
-969
-823
-700
-296
-157
-1061
-2007
-1382
-685
-1099
-1719
-1785
-1521
-1528
-1566
-1467
-1824
-2214
-2256
-1652
-1767
-2223
-1632
-1086
-1141
-1362
-692
-642
-1145
-986
-704
-747
-841
-438
-422
-441
309
1061
1248
1216
1376
2004
2248
2774
2759
2560
2640
3020
4003
2929
2152
1549
1945
1968
1867
2035
377
-414
298
1587
882
-788
-972
-871
-412
-49
-248
-1275
-2081
-1271
-712
-1097
-1830
-2012
-1667
-1790
-1679
-1567
-1988
-2410
-2576
-1696
-1971
-2102
-1549
-1220
-1327
-1504
-334
-521
-974
-1005
-767
-646
-578
-32
-433
-491
294
1167
1366
1247
1398
1957
2326
2858
2719
2601
2621
3202
4100
2753
1923
1501
2427
2255
2094
1838
61
-220
943
1981
250
-1213
-930
-546
-180
-120
-694
-1822
-1944
-889
-800
-1621
-2228
-1975
-1571
-1753
-1858
-1826
-2160
-2542
-2498
-1805
-2052
-2096
-1429
-1340
-1616
-1440
-253
-474
-1148
-1123
-792
-445
-246
16
-603
-597
554
1539
1542
1094
1303
1882
2642
3072
2897
2539
2678
3670
3869
2684
1901
1872
2415
2337
2450
1487
-18
263
1606
1626
-343
-1190
-826
-508
-249
-419
-1189
-2055
-1559
-691
-1157
-2146
-2370
-1740
-1640
-1929
-1974
-2034
-2357
-2670
-2200
-1968
-2287
-1851
-1246
-1530
-1985
-910
-85
-834
-1447
-1139
-772
-437
146
-73
-851
-355
1118
1750
1522
1154
1572
2292
3103
3137
2896
2759
3343
4042
3378
2397
1925
2531
2394
2397
1919
627
20
1070
1841
221
-1241
-1152
-490
-484
-652
-1210
-2002
-1961
-1025
-872
-1905
-2540
-2126
-1476
-1700
-1967
-2027
-2289
-2587
-2313
-1786
-2240
-2148
-1471
-1331
-1781
-1266
-302
-743
-1307
-1081
-605
-480
-212
-37
-415
-189
817
1504
1441
1251
1956
2468
2886
3002
3013
3240
3426
4305
3259
2218
2026
2680
2698
2023
1972
694
253
1031
1781
405
-1309
-1079
-506
-430
-855
-1389
-1960
-1966
-1270
-953
-1777
-2437
-2221
-1591
-1829
-2248
-1920
-2219
-2595
-2524
-1908
-2304
-2318
-1257
-1298
-1824
-1522
-409
-573
-1049
-808
-788
-648
-183
294
-1
-107
588
1333
1504
1557
2001
2398
2759
2771
3245
3209
3628
3974
3047
2189
1830
2836
2515
2149
1555
463
359
1262
1956
171
-1430
-1188
-414
-108
-684
-1430
-2223
-2008
-966
-932
-1800
-2625
-2160
-1643
-1896
-2067
-2099
-2453
-2740
-2251
-1917
-2419
-2162
-1468
-1488
-1689
-1114
-522
-976
-1064
-612
-385
-459
-365
-1
125
459
1090
1374
1220
1388
2311
2873
2954
2864
2968
3282
4063
4085
2661
1877
2072
2604
2467
2323
1132
-276
323
1936
1556
-635
-1583
-1068
-478
-310
-676
-1738
-2473
-1812
-689
-975
-2189
-2401
-1688
-1587
-1973
-1898
-1870
-2686
-2547
-1925
-1904
-2363
-1717
-1342
-1963
-1629
-552
-395
-1328
-1291
-678
-307
-104
-68
-408
-388
740
1934
1827
1051
1406
2451
3318
3202
3179
2893
3317
4071
3573
2542
1649
2194
2214
2379
1735
163
-232
863
1654
106
-1340
-1320
-774
-364
-653
-1364
-2109
-1969
-1044
-950
-1744
-2452
-1910
-1282
-1556
-1878
-1853
-2377
-2468
-1915
-1713
-2320
-1927
-1218
-1704
-1832
-1032
-455
-1096
-1236
-856
-491
-175
6
-21
-310
223
1355
2084
1638
1575
2201
3074
3258
3346
3328
3453
3915
3398
2765
2106
2292
2176
2089
1704
326
50
821
1282
-164
-1439
-1299
-929
-723
-964
-1608
-2357
-2164
-1189
-1057
-1901
-2439
-1977
-1490
-1685
-1791
-1570
-2251
-2584
-1925
-1568
-2016
-1870
-1152
-1685
-1811
-905
-461
-1110
-1394
-823
-561
-231
-28
-118
-185
478
1552
1877
1535
1857
2799
3485
3324
3529
3593
3929
4126
3593
2942
2171
2633
2542
2453
1448
-55
99
1088
1279
-735
-1965
-1644
-997
-780
-1386
-2258
-2902
-2260
-1110
-1326
-2428
-2871
-1961
-1337
-1808
-1990
-1942
-2357
-2229
-1599
-1525
-2251
-1734
-1120
-1502
-1492
-840
-644
-1412
-1265
-779
-524
-333
-234
-134
18
754
1743
1886
1848
2106
3216
3792
3727
4004
3977
4453
3902
3580
3200
2816
2939
2594
2412
832
66
795
1317
275
-1667
-1989
-1630
-1274
-1302
-2150
-3075
-3242
-2031
-1253
-2170
-3053
-2842
-1912
-1708
-1888
-1742
-2610
-2668
-1919
-1092
-1589
-1921
-1243
-1429
-1289
-811
-336
-992
-1467
-964
-635
-318
-190
-161
-184
185
1369
2028
1888
2020
2773
3766
3832
4174
4451
4632
4161
3857
3721
3339
3061
3113
2897
1333
322
995
1687
389
-1387
-1873
-1597
-1456
-1607
-2229
-3380
-3682
-2673
-1866
-2553
-3403
-3057
-2361
-2256
-2265
-2004
-2472
-2885
-2310
-1532
-1624
-1614
-1084
-1267
-1424
-683
31
-549
-1205
-969
-465
-142
-127
-362
-420
302
1442
1922
1573
1835
2776
3804
3951
4088
4280
4557
4203
3900
3712
3550
3356
3260
2918
1469
787
1590
2130
505
-1477
-1756
-1136
-838
-1483
-2711
-3795
-3540
-2326
-2001
-3181
-4051
-3406
-2365
-2292
-2562
-2604
-3042
-3059
-2138
-1428
-2006
-1947
-1150
-1112
-1291
-501
201
-518
-1096
-794
-196
136
204
-77
-317
246
1495
2130
1851
1783
2581
3539
3999
4232
4329
4170
3673
3846
3545
3315
3307
3564
2639
959
1274
2264
2123
279
-999
-1282
-932
-392
-1006
-2667
-3841
-3177
-1894
-2109
-3452
-4244
-3648
-2814
-2583
-2571
-3282
-3915
-3285
-1927
-1704
-2388
-2003
-1542
-1317
-839
-128
-248
-844
-599
-114
213
274
174
28
198
980
1835
1925
1756
2041
2924
3665
3914
4303
4133
3556
3491
3858
3697
3016
3152
3002
1785
1261
2121
2534
1064
-339
-605
-361
-139
-521
-1512
-2811
-2977
-1970
-1679
-2802
-3948
-3599
-3101
-3108
-3119
-3341
-4127
-4161
-2835
-2272
-2788
-2578
-1957
-1789
-1486
-515
-351
-987
-843
-140
296
223
232
384
605
1079
1766
1993
1924
2315
3216
3434
3437
3938
4495
3682
3161
3362
3344
3013
3122
3119
1545
737
1863
2662
1321
-439
-629
-122
147
-37
-913
-2177
-2524
-1394
-774
-2126
-3487
-3309
-2607
-2766
-2994
-3336
-4351
-4514
-3262
-2596
-3189
-3424
-2789
-2332
-1771
-1009
-1042
-1602
-1520
-372
347
203
-117
160
926
1572
2286
2240
2112
2647
3580
4232
3847
4172
4223
3568
3530
3499
3473
2702
2953
2821
1325
1010
1910
2346
541
-720
-457
-82
119
-330
-1035
-2066
-1902
-640
-706
-1994
-2966
-2378
-2014
-2329
-2647
-3392
-4192
-3901
-2854
-2988
-3700
-3566
-3019
-2721
-2088
-1572
-1912
-2322
-1675
-607
-332
-462
-431
175
874
1750
2336
2211
2530
3072
4130
4230
4378
4791
4181
3699
3642
4128
3506
2913
2983
2188
1244
1516
2381
1480
-373
-807
-261
80
-261
-931
-1678
-2148
-1224
-387
-1031
-2422
-2468
-1611
-1665
-2037
-2444
-3224
-3701
-2941
-2276
-3013
-3747
-3466
-2881
-2532
-2312
-2313
-2766
-2744
-1829
-1125
-1273
-1594
-916
-48
748
1421
1694
2118
2599
3851
4303
4367
4818
4708
4381
3961
4240
4259
3781
3581
2548
1707
1891
2816
2244
102
-740
-303
417
-21
-961
-1929
-2401
-1400
-478
-1052
-2589
-2727
-1624
-1252
-1709
-2310
-2952
-3090
-2373
-1723
-2364
-3164
-3012
-2377
-1929
-2084
-2418
-2830
-2590
-1844
-1516
-1930
-2291
-1641
-710
-109
329
653
1196
1997
3082
3730
3774
4431
4394
4239
4183
4299
4298
4064
4198
3024
1972
2432
3197
2329
383
-144
259
583
220
-739
-1714
-2210
-1318
-556
-1456
-2792
-2799
-1642
-1548
-2134
-2607
-3104
-2803
-2005
-1571
-2429
-2941
-2227
-1677
-1550
-1840
-2084
-2326
-2002
-1263
-1355
-1891
-2021
-1274
-589
-366
-36
198
821
1499
2574
3040
3372
3559
3275
3721
3991
4363
3854
3831
3534
2739
2948
3418
2962
1230
601
937
1050
691
-9
-857
-1475
-1100
-354
-981
-2282
-2567
-1862
-1583
-2259
-2514
-3022
-3070
-2530
-1970
-2174
-2907
-2500
-1897
-1434
-1508
-1847
-1994
-1934
-1218
-1048
-1447
-1742
-1305
-621
-449
-98
-5
335
868
1757
2233
2427
2766
2388
2644
3001
3391
3252
3341
3289
2403
2428
3253
3379
1891
770
991
1454
1340
749
-62
-864
-811
158
130
-1347
-2114
-1544
-1108
-1655
-2120
-2653
-3116
-2630
-2021
-2123
-2872
-2719
-2029
-1669
-1570
-1807
-1978
-2064
-1488
-897
-1234
-1663
-1450
-587
-162
112
272
366
858
1621
2325
2461
2429
1932
2086
2558
2913
2843
2651
2284
1610
2094
2944
2793
1327
469
761
1276
1358
652
-287
-807
-275
594
209
-968
-1452
-888
-628
-1053
-1456
-2121
-2325
-1952
-1408
-1820
-2510
-2346
-1799
-1460
-1617
-1905
-2021
-1760
-1245
-1191
-1509
-1651
-1181
-543
-347
-80
-2
600
1210
1955
2012
2224
2230
2042
2379
2261
2398
2187
2611
1942
1243
1812
2300
1797
453
409
713
794
579
12
-625
-940
-107
364
-591
-1479
-1004
-238
-760
-1264
-1430
-1596
-1493
-1018
-1086
-1883
-1877
-1143
-969
-1321
-1553
-1443
-1454
-1341
-1123
-1293
-1481
-1254
-723
-623
-444
-27
498
553
1047
1655
2197
2143
1578
1925
2114
2391
2240
2361
1939
1185
1745
2338
1880
465
231
730
736
494
-117
-719
-1103
-550
-4
-823
-1681
-1480
-701
-926
-1378
-1522
-1587
-1491
-1071
-816
-1370
-1536
-873
-375
-674
-1026
-927
-783
-716
-666
-928
-1167
-798
-347
-395
-547
-123
398
608
959
1284
1778
1780
1398
1609
1788
1978
1952
2155
1708
986
1671
2400
1833
380
69
653
886
667
-206
-916
-1078
-367
52
-840
-1946
-1839
-1051
-1118
-1593
-2009
-2001
-1846
-1204
-1034
-1514
-1557
-894
-344
-521
-604
-525
-398
-308
-184
-221
-418
-241
-34
36
188
488
898
740
1008
1389
2070
1786
1111
1308
1379
1897
2031
2093
1014
478
1647
2334
1576
-75
-325
254
802
718
-337
-1337
-1377
-200
212
-1097
-2137
-1877
-1310
-1275
-1734
-2060
-2561
-2088
-1286
-1215
-1708
-1734
-836
-684
-669
-577
-353
-337
-366
-63
43
235
408
343
480
774
1386
1485
1304
1457
1881
2507
1757
1417
1376
1569
1898
2083
1801
498
799
1915
2005
636
-388
-39
314
454
21
-856
-1516
-1138
-120
-536
-1904
-2217
-1720
-1456
-2032
-2133
-2160
-2497
-2026
-1587
-1518
-1873
-1338
-822
-1001
-793
-422
-198
-572
-405
-43
66
314
347
576
641
1233
1722
1615
1593
1933
2739
2112
1561
1693
1887
1944
1992
2063
1129
861
1854
2168
1098
-26
168
597
472
116
-615
-1079
-1063
-280
-452
-1709
-2144
-1841
-1443
-2133
-2280
-2443
-2748
-2321
-1829
-1789
-2341
-1841
-1230
-1141
-1003
-763
-548
-687
-408
-15
85
190
311
549
828
1362
1833
1643
1566
2054
2809
2614
1634
1541
1699
2245
2204
1934
1185
784
1813
2361
1724
208
-1
757
1099
667
-411
-973
-938
-109
23
-1224
-2352
-2138
-1289
-1675
-2310
-2826
-3009
-2647
-2103
-2032
-2546
-2435
-1849
-1390
-1167
-1075
-1018
-1015
-707
-255
138
142
190
518
1012
1669
1926
1990
1803
2206
2863
2493
1890
1485
1774
1937
1992
1855
926
710
1567
2259
1278
102
272
911
1218
637
-106
-600
-281
427
208
-1120
-1853
-1312
-1000
-1464
-2110
-2612
-2765
-2337
-1965
-2345
-2869
-2538
-1903
-1615
-1609
-1615
-1539
-1245
-789
-442
-471
-497
100
651
1165
1382
1625
1825
2254
2887
2667
2071
1816
2071
2087
1821
1864
1400
804
912
1730
1559
440
31
440
866
797
494
-148
-498
109
717
-25
-1074
-1102
-630
-608
-1006
-1602
-2191
-2072
-1589
-1637
-2416
-2736
-2226
-1687
-1663
-1902
-2013
-1903
-1463
-916
-925
-1190
-872
-145
587
836
1141
1226
1798
2554
2887
2411
1687
2141
2395
2385
1809
1704
1224
931
1620
1718
835
-147
223
661
556
254
-229
-566
-303
398
132
-844
-1052
-511
-101
-517
-917
-1258
-1269
-1007
-856
-1379
-1973
-1776
-1267
-1239
-1561
-1820
-1911
-1632
-1273
-1284
-1672
-1557
-1005
-182
22
204
366
1051
1859
2340
2245
1284
1763
2213
2520
1881
1756
1372
951
1623
1893
1234
74
190
617
580
356
-179
-630
-689
-52
97
-780
-1205
-866
-169
-436
-664
-726
-789
-614
-428
-506
-1050
-964
-569
-572
-834
-1002
-951
-985
-993
-1080
-1298
-1185
-1030
-608
-624
-423
-55
565
919
1200
1366
778
1122
1499
1777
1180
1247
1200
864
1288
1628
1120
30
208
814
756
292
-218
-574
-604
-151
141
-791
-1548
-1190
-167
-271
-846
-919
-852
-507
-102
-44
-720
-795
-91
232
-53
-356
-311
-251
-206
-194
-369
-596
-532
-221
-90
-163
-74
419
654
1015
933
394
514
833
1122
592
629
455
225
547
973
758
-259
-351
119
518
212
-329
-640
-775
-379
-91
-575
-1372
-1287
-503
-411
-614
-804
-796
-614
-140
50
-350
-506
-70
421
448
189
74
158
339
503
396
61
-103
382
612
555
406
482
796
1164
1366
578
359
633
772
593
413
278
-374
-111
457
375
-534
-908
-486
-346
-313
-573
-981
-1493
-1146
-435
-892
-1717
-1598
-920
-823
-825
-626
-824
-810
-201
264
-103
-330
227
660
674
610
674
649
746
1045
974
648
606
1026
1101
984
1005
1069
1088
1367
1604
836
624
652
876
543
493
147
-525
-244
171
192
-839
-1115
-858
-539
-576
-963
-1459
-1934
-1433
-844
-1364
-2086
-2103
-1510
-1268
-999
-1068
-1487
-1244
-450
53
-329
-464
-166
396
804
860
684
456
885
1479
1509
1058
998
1380
1694
1870
1710
1419
1459
2093
2152
1209
956
947
1068
883
759
134
-561
-187
228
31
-975
-1225
-1000
-723
-608
-1091
-1784
-2041
-1357
-963
-1800
-2085
-2040
-1760
-1567
-1275
-1421
-1842
-1267
-758
-552
-871
-696
-282
-18
292
293
336
308
778
1173
988
1023
1278
1757
1713
1825
1923
1967
2254
2385
2351
1464
1540
1793
1616
1118
816
694
41
218
258
3
-786
-1072
-734
-708
-913
-1395
-1564
-1810
-1570
-1289
-1660
-2129
-2177
-1697
-1558
-1551
-1606
-1664
-1384
-1080
-766
-764
-766
-617
-287
32
7
68
98
321
474
725
858
963
1189
1376
1649
1777
2064
2019
2297
2238
1892
1994
1968
1846
1406
1465
1195
752
595
697
328
-262
-476
-504
-579
-961
-1108
-1438
-1640
-1668
-1489
-1754
-2206
-2156
-1879
-1713
-1876
-1815
-1715
-1452
-1169
-973
-906
-860
-515
-244
-115
-76
-1
185
212
372
547
675
781
973
1209
1270
1666
1707
1816
1821
2037
1732
1756
1741
1540
1504
1480
1402
749
762
816
726
278
-218
-297
-476
-445
-671
-1051
-1511
-1628
-1114
-1389
-1794
-2126
-1809
-1658
-1647
-1604
-1796
-1544
-1333
-994
-1002
-936
-698
-467
-170
-175
-17
91
152
314
445
636
688
1006
1005
1164
1391
1606
1703
1650
1667
1356
1510
1479
1295
1171
1123
1042
696
781
687
510
284
-48
-137
-329
-237
-481
-731
-1155
-1229
-801
-1044
-1289
-1544
-1427
-1411
-1176
-1116
-1440
-1403
-1224
-952
-953
-937
-833
-675
-434
-369
-151
-179
-97
202
339
414
510
768
916
1204
1241
1319
1554
1715
1620
1379
1283
1301
1291
1125
926
776
547
472
577
363
12
-309
-265
-286
-363
-557
-816
-995
-1098
-731
-841
-1142
-1299
-1065
-897
-917
-778
-909
-943
-889
-668
-584
-682
-688
-648
-503
-406
-183
-198
-353
-150
263
496
487
451
681
1018
1346
1387
1333
1272
1509
1702
1446
1197
951
1112
1082
984
444
114
257
355
183
-462
-653
-657
-484
-468
-881
-1254
-1334
-872
-713
-965
-1258
-1240
-845
-610
-473
-701
-803
-668
-324
-150
-370
-466
-505
-297
-109
-122
-323
-360
-142
83
254
283
346
535
782
946
1060
1172
1293
1291
1340
1275
1216
1141
1162
1047
811
619
437
409
241
43
-375
-478
-584
-612
-651
-1075
-1126
-1201
-1006
-1018
-1018
-1146
-1220
-817
-619
-471
-611
-541
-351
-74
73
-117
-148
-194
93
178
-27
-249
-206
58
185
153
44
125
406
682
638
624
615
959
1050
1127
901
824
1003
1038
982
707
693
483
417
329
149
-152
-368
-394
-554
-630
-817
-985
-1066
-1027
-941
-1004
-1031
-1042
-851
-670
-540
-438
-413
-270
-77
134
65
60
105
180
220
170
67
17
166
221
135
114
207
307
410
414
442
404
578
634
657
593
561
603
664
653
511
426
309
254
185
60
-133
-288
-371
-509
-532
-556
-707
-786
-768
-659
-738
-713
-694
-527
-449
-387
-246
-116
5
66
168
172
238
356
350
219
181
256
321
246
127
85
175
339
377
190
97
228
433
400
265
139
156
283
451
230
-30
-91
93
107
-61
-310
-466
-432
-421
-385
-713
-755
-669
-483
-594
-648
-548
-503
-342
-279
-205
-162
59
230
264
307
415
642
660
582
585
635
738
650
527
372
445
542
444
395
220
290
353
400
152
7
54
93
106
-133
-218
-291
-277
-323
-377
-535
-690
-685
-663
-763
-797
-914
-950
-901
-773
-678
-709
-703
-610
-393
-308
-212
-89
-11
117
295
487
588
636
703
817
966
974
973
932
932
922
899
864
743
730
724
680
625
542
491
350
296
229
116
-75
-163
-232
-356
-503
-652
-683
-815
-930
-1001
-1068
-1198
-1214
-1098
-1154
-1268
-1182
-950
-850
-840
-802
-695
-485
-305
-151
-141
-34
184
431
542
590
682
761
898
1014
1095
1032
1006
1037
1126
1077
1050
960
981
950
917
921
815
726
537
564
455
335
78
-40
-151
-275
-438
-654
-791
-928
-1042
-1190
-1264
-1387
-1435
-1364
-1332
-1421
-1393
-1220
-1031
-996
-963
-843
-629
-452
-304
-164
-91
77
319
540
581
600
706
863
1000
1052
1042
1025
1043
1153
1182
1141
1052
1029
1038
1057
1069
928
794
687
704
613
505
281
104
-44
-120
-236
-499
-717
-928
-977
-1059
-1168
-1376
-1507
-1414
-1349
-1378
-1433
-1357
-1219
-1095
-961
-918
-785
-646
-417
-253
-134
-2
169
382
502
637
676
745
866
1007
1063
1057
1014
1082
1105
1148
1094
1047
970
943
964
884
824
665
609
525
498
364
212
89
-67
-179
-348
-467
-675
-830
-934
-1019
-1111
-1217
-1247
-1289
-1292
-1280
-1270
-1209
-1124
-1022
-973
-869
-740
-566
-391
-277
-145
6
215
376
506
579
668
777
915
1018
1024
1009
1017
1107
1132
1124
1029
945
937
912
854
717
635
515
499
459
319
148
40
-15
-139
-261
-426
-557
-697
-794
-827
-915
-1022
-1111
-1113
-1182
-1179
-1118
-1098
-1105
-1099
-993
-858
-709
-645
-595
-446
-210
15
108
177
327
546
727
803
832
888
1042
1132
1122
1066
1057
1122
1096
1019
866
841
789
704
563
476
393
322
232
82
-54
-113
-151
-285
-404
-524
-577
-633
-683
-795
-879
-939
-958
-961
-1027
-1054
-1021
-957
-969
-933
-863
-763
-673
-592
-472
-342
-163
-18
99
231
411
587
698
766
851
985
1076
1079
1037
1058
1075
1103
1010
881
804
801
756
640
472
363
346
271
123
-54
-135
-200
-231
-342
-484
-555
-576
-590
-673
-775
-869
-859
-870
-892
-939
-956
-937
-875
-817
-808
-760
-680
-552
-455
-378
-282
-147
12
128
235
335
501
662
754
806
838
917
955
996
947
909
879
898
882
786
687
618
632
537
423
257
166
97
27
-67
-209
-294
-370
-373
-419
-479
-601
-667
-671
-698
-749
-813
-806
-822
-809
-811
-750
-705
-680
-633
-539
-427
-361
-285
-216
-121
-4
149
234
291
368
483
589
648
650
666
699
747
738
700
702
716
686
625
603
579
545
434
337
249
208
117
33
-96
-167
-222
-253
-301
-354
-421
-498
-497
-525
-563
-631
-633
-653
-638
-645
-612
-570
-568
-537
-455
-343
-308
-268
-228
-120
3
106
130
166
257
380
463
458
429
467
557
586
551
483
488
544
589
513
411
377
405
423
340
185
74
119
147
66
-109
-242
-212
-120
-129
-318
-445
-427
-326
-317
-422
-533
-539
-440
-398
-407
-457
-431
-361
-293
-268
-236
-176
-126
-77
-34
38
95
154
167
184
222
274
306
286
283
315
340
313
298
300
313
330
317
245
213
257
273
210
92
49
82
106
35
-77
-160
-145
-67
-102
-248
-317
-249
-209
-254
-341
-381
-343
-282
-290
-321
-296
-223
-124
-102
-142
-131
-16
91
90
32
38
160
261
231
135
106
177
255
227
130
80
139
221
203
120
67
124
174
148
68
34
48
72
56
6
-11
-3
-11
-42
-51
-60
-71
-122
-167
-154
-133
-155
-226
-272
-243
-173
-157
-196
-226
-177
-71
18
16
-46
-30
92
194
187
132
134
202
253
245
193
137
127
164
162
93
29
33
54
19
-26
-44
-38
-45
-66
-95
-114
-103
-88
-101
-125
-118
-93
-66
-71
-79
-81
-74
-58
-37
-56
-94
-83
-66
-64
-73
-77
-86
-45
-2
23
44
66
95
147
191
201
190
189
225
271
257
194
159
157
171
164
108
33
5
13
2
-52
-121
-173
-167
-158
-179
-224
-257
-247
-223
-207
-217
-223
-210
-198
-171
-119
-100
-112
-114
-63
-14
6
-20
-23
-4
26
25
20
31
79
108
120
135
172
222
261
286
264
263
292
351
335
269
208
218
250
252
179
70
24
60
85
-3
-127
-211
-187
-158
-173
-275
-364
-354
-287
-256
-308
-365
-363
-298
-244
-214
-247
-263
-218
-126
-74
-85
-107
-91
-7
55
53
6
27
103
185
197
168
174
244
312
326
307
297
335
367
353
304
285
286
281
234
175
142
142
121
73
4
-46
-70
-92
-150
-216
-255
-279
-290
-300
-323
-351
-344
-340
-326
-317
-303
-293
-291
-263
-221
-169
-150
-138
-123
-59
14
51
25
36
101
179
210
202
193
202
265
311
306
266
272
306
329
298
255
230
236
233
200
141
120
147
127
74
24
6
-7
-31
-91
-161
-197
-205
-230
-266
-291
-306
-311
-321
-318
-311
-309
-305
-298
-268
-221
-183
-184
-187
-143
-67
-11
2
0
34
118
184
190
160
183
234
276
272
242
231
263
288
262
214
198
218
223
182
121
116
146
152
109
52
33
49
50
-1
-53
-97
-117
-131
-150
-185
-228
-262
-269
-259
-252
-269
-300
-306
-284
-238
-205
-223
-240
-193
-111
-44
-37
-47
-10
84
158
159
130
135
200
256
256
220
195
213
257
256
206
161
162
185
175
133
87
82
99
100
63
36
28
17
15
-3
-36
-73
-84
-83
-108
-152
-185
-182
-166
-181
-234
-265
-239
-201
-208
-241
-266
-235
-169
-122
-124
-133
-92
-13
76
101
81
91
146
218
245
207
167
190
241
254
206
142
134
178
184
126
57
34
62
73
42
-11
-26
-8
5
1
-30
-31
-30
-28
-37
-44
-59
-68
-77
-89
-100
-112
-127
-146
-149
-158
-160
-178
-198
-206
-182
-162
-158
-153
-121
-48
9
31
34
64
123
170
171
144
131
167
220
206
149
111
129
161
146
67
8
29
64
53
-6
-51
-42
6
24
-6
-43
-34
10
44
36
5
-17
-6
22
23
-1
-31
-49
-53
-43
-49
-86
-134
-157
-153
-132
-147
-179
-182
-134
-71
-38
-37
-34
1
57
97
83
57
66
106
131
119
86
79
105
117
89
45
25
38
38
13
-27
-35
-20
-3
-13
-21
-10
9
15
22
28
29
39
42
42
48
62
55
35
17
15
12
0
-44
-90
-91
-87
-96
-130
-145
-121
-81
-65
-78
-83
-45
-7
14
1
-32
-9
36
47
16
-13
8
56
57
10
-34
-23
20
31
-18
-70
-43
25
57
18
-30
-12
66
104
75
37
46
97
150
151
101
79
104
138
136
87
32
19
33
32
-11
-81
-124
-93
-48
-61
-121
-148
-116
-57
-43
-86
-127
-113
-63
-31
-51
-105
-117
-71
-26
-38
-84
-101
-71
-36
-31
-56
-76
-53
-9
16
17
14
32
66
98
114
121
128
151
169
183
182
173
167
