34
34
29
32
31
31
20
16
21
19
19
20
22
26
28
19
5
-1
2
-1
-9
-22
-37
-39
-41
-47
-57
-61
-62
-62
-62
-63
-66
-73
-77
-79
-77
-77
-74
-69
-65
-53
-36
-27
-22
-19
-20
-12
-11
-10
-21
-29
-33
-32
-26
-26
-31
-29
-20
-14
-5
-4
-8
-17
-13
-6
-1
1
2
2
13
30
40
42
42
45
52
66
78
77
78
80
72
62
58
40
27
29
34
27
25
28
30
32
27
23
16
16
19
9
-9
-7
-9
-13
-20
-31
-38
-39
-27
-18
-26
-42
-48
-44
-36
-17
-10
-19
-28
-20
-19
-19
-24
-31
-31
-29
-25
-36
-52
-67
-69
-58
-50
-35
-31
-31
-27
-25
-25
-19
-18
-14
-2
14
27
34
41
53
65
66
65
61
71
71
65
47
6
-26
-42
-71
-99
-141
-166
-177
-179
-179
-186
-199
-216
-213
-192
-142
-107
-87
-80
-63
-4
64
105
129
164
209
295
365
386
377
372
397
454
506
505
469
427
406
390
361
293
230
171
124
83
31
-36
-96
-120
-91
-74
-79
-105
-151
-176
-195
-209
-240
-283
-288
-306
-305
-375
-528
-619
-618
-576
-542
-549
-642
-696
-661
-586
-548
-512
-516
-501
-443
-393
-355
-297
-214
-30
185
365
462
507
558
668
816
885
902
891
890
902
938
885
773
700
694
689
675
582
423
295
276
281
266
238
190
139
137
165
161
105
53
21
-12
-48
-152
-328
-481
-559
-588
-629
-707
-799
-862
-866
-844
-845
-871
-879
-909
-858
-960
-1050
-1038
-921
-778
-619
-615
-683
-664
-581
-482
-385
-334
-381
-364
-313
-217
-116
1
146
383
664
937
1094
1160
1188
1179
1205
1293
1424
1447
1418
1386
1276
1158
1095
979
860
829
745
587
373
200
76
38
68
93
84
64
36
-46
-121
-158
-202
-230
-236
-304
-414
-544
-639
-710
-715
-673
-636
-648
-659
-653
-700
-700
-655
-590
-543
-477
-445
-428
-454
-430
-495
-650
-618
-488
-346
-263
-320
-554
-679
-635
-562
-558
-531
-600
-691
-677
-592
-451
-259
18
298
560
814
900
988
1033
1199
1382
1389
1339
1252
1185
1204
1250
1180
1128
1092
1087
992
850
670
480
318
280
293
283
243
173
104
67
111
123
88
84
73
13
-41
-134
-281
-398
-446
-446
-488
-571
-655
-776
-816
-777
-744
-769
-780
-785
-781
-756
-802
-873
-1138
-1213
-1122
-966
-870
-881
-1053
-1199
-1148
-1036
-983
-979
-1023
-1080
-1047
-1001
-924
-795
-608
-234
92
391
549
635
744
865
1201
1356
1550
1635
1551
1511
1457
1447
1496
1504
1566
1606
1566
1522
1430
1268
1227
1281
1326
1344
1224
1034
833
701
589
523
475
411
339
224
46
-191
-378
-473
-519
-499
-571
-672
-847
-970
-1048
-1077
-1052
-1003
-970
-1011
-1063
-1140
-1191
-1252
-1253
-1421
-1468
-1425
-1301
-1245
-1259
-1374
-1417
-1330
-1213
-1187
-1166
-1215
-1239
-1199
-1155
-1071
-1007
-784
-609
-200
-10
284
423
447
802
971
1214
1399
1494
1493
1699
1696
1658
1616
1417
1648
1787
1918
2030
1935
1738
1721
1657
1609
1634
1590
1489
1413
1286
1106
875
635
510
418
389
262
56
-294
-475
-555
-588
-585
-632
-671
-768
-769
-892
-974
-1075
-1058
-1015
-993
-971
-1076
-1173
-1335
-1375
-1604
-1680
-1661
-1525
-1391
-1333
-1449
-1655
-1670
-1554
-1429
-1373
-1385
-1435
-1409
-1330
-1288
-1240
-1127
-877
-497
-232
44
44
237
294
743
917
1124
1314
1152
1447
1383
1546
1618
1715
1785
1834
1794
1948
1901
1949
2059
2067
2227
2292
2292
2136
2041
1894
1804
1595
1463
1197
1028
796
545
295
57
-47
-215
-280
-426
-435
-569
-618
-654
-717
-714
-798
-866
-1008
-1032
-1181
-1236
-1497
-1812
-2030
-2074
-1991
-1963
-1954
-2075
-2107
-2075
-2014
-1945
-1886
-1931
-1942
-1921
-1955
-1924
-1908
-1766
-1571
-1245
-941
-777
-434
-277
-36
194
443
421
1031
781
1317
1211
1371
1537
1578
1965
2020
2296
2223
2165
2092
2194
2214
2476
2456
2579
2566
2568
2553
2415
2253
2098
1924
1753
1570
1258
963
620
395
196
113
-45
-191
-340
-540
-613
-749
-795
-947
-960
-1026
-1046
-1135
-1335
-1495
-1806
-2002
-2147
-2119
-2116
-2051
-2135
-2245
-2295
-2245
-2138
-2114
-2038
-2166
-2119
-2156
-2162
-2219
-2086
-1884
-1596
-1244
-1045
-927
-830
-598
-432
1
128
437
586
637
947
989
1105
1340
1422
1854
1907
2131
2206
2208
2383
2321
2431
2446
2636
2730
2848
2869
2811
2773
2685
2601
2441
2325
2095
1858
1599
1300
1035
806
627
443
297
140
-49
-242
-443
-577
-718
-803
-870
-989
-1108
-1301
-1400
-1572
-1743
-1919
-2223
-2583
-2665
-2553
-2399
-2306
-2302
-2474
-2584
-2429
-2377
-2390
-2436
-2388
-2483
-2317
-2384
-2347
-2268
-1996
-1513
-1187
-884
-737
-612
-305
-101
274
401
606
729
892
970
1159
1196
1357
1596
1908
2116
2265
2289
2380
2462
2603
2667
2730
2747
2806
2904
2842
2836
2705
2568
2497
2490
2393
2234
1924
1632
1388
1186
1008
824
590
378
199
37
-186
-386
-661
-846
-933
-1050
-1181
-1315
-1523
-1755
-1892
-2178
-2430
-2544
-2516
-2448
-2380
-2403
-2560
-2577
-2514
-2459
-2381
-2416
-2419
-2492
-2521
-2656
-2570
-2519
-2225
-1787
-1528
-1164
-951
-785
-782
-282
-358
208
251
410
595
584
753
796
1059
1241
1657
1835
1939
2196
1989
2272
2274
2441
2575
2765
2760
2782
2599
2548
2617
2578
2749
2660
2739
2508
2408
2183
2024
1938
1896
1736
1604
1285
1006
660
364
162
-39
-160
-365
-558
-859
-1050
-1285
-1385
-1469
-1558
-1703
-1863
-2085
-2529
-2735
-2762
-2596
-2372
-2355
-2490
-2724
-2849
-2901
-2921
-2926
-2876
-2703
-2847
-2696
-2862
-2714
-2508
-1917
-1571
-1026
-846
-594
-629
-617
-298
-155
213
440
485
485
671
615
866
1050
1475
1734
2035
2066
2182
2160
2199
2506
2529
2837
2922
2987
2932
2751
2750
2494
2673
2712
2729
2734
2638
2405
2252
2087
2013
1955
1800
1656
1321
1036
675
311
0
-181
-352
-469
-778
-1088
-1391
-1637
-1776
-1851
-1819
-1913
-1928
-2124
-2297
-2514
-2684
-2740
-2654
-2434
-2313
-2328
-2615
-2736
-2954
-2784
-2709
-2748
-2507
-2648
-2424
-2403
-2267
-2085
-1605
-1436
-718
-457
-550
-114
-461
17
140
405
475
604
822
747
986
994
1099
1538
1668
1857
2057
2050
2189
2199
2290
2435
2589
2578
2752
2679
2494
2614
2368
2531
2521
2627
2498
2516
2309
2151
2099
1912
1864
1718
1563
1250
1038
655
387
99
-201
-372
-590
-800
-1017
-1241
-1470
-1578
-1670
-1708
-1718
-1812
-2009
-2103
-2271
-2199
-2143
-2134
-2038
-2178
-2222
-2285
-2374
-2353
-2411
-2421
-2397
-2358
-2371
-2359
-2240
-2091
-1730
-1422
-1125
-965
-815
-707
-589
-331
-211
17
144
172
399
360
439
509
518
992
1114
1275
1528
1389
1673
1664
1879
1952
2048
2234
2313
2366
2350
2411
2285
2289
2377
2337
2340
2420
2248
2161
1946
1837
1785
1699
1596
1430
1204
969
767
407
204
-19
-203
-415
-530
-808
-1021
-1190
-1420
-1422
-1591
-1593
-1647
-1778
-1840
-2012
-2143
-2063
-1930
-1756
-1804
-1834
-1987
-2050
-1984
-2065
-2030
-2132
-2096
-2040
-2110
-2035
-2101
-1886
-1794
-1313
-1301
-952
-991
-797
-492
-595
-140
-4
61
423
329
462
691
584
977
881
1167
1278
1538
1499
1615
1826
1762
2042
2207
2264
2394
2312
2207
2309
2215
2208
2076
2113
2088
2086
1956
1821
1704
1541
1641
1402
1362
1182
1027
757
650
336
204
76
-151
-245
-457
-547
-791
-930
-1068
-1069
-1151
-1143
-1326
-1252
-1343
-1257
-1308
-1483
-1406
-1582
-1501
-1675
-1542
-1648
-1582
-1541
-1592
-1641
-1684
-1762
-1926
-1775
-1850
-1830
-1662
-1789
-1573
-1556
-1315
-1021
-836
-612
-503
-318
-229
-4
-67
14
304
290
583
555
619
690
916
1112
1217
1295
1422
1495
1585
1576
1514
1592
1436
1681
1644
1635
1588
1589
1533
1596
1591
1491
1600
1523
1394
1271
1201
1080
1030
783
789
557
504
264
3
33
-229
-90
-323
-388
-511
-576
-727
-712
-879
-727
-829
-724
-819
-917
-907
-1131
-1057
-1227
-1158
-1111
-1140
-1089
-1331
-1343
-1472
-1418
-1412
-1518
-1392
-1531
-1516
-1549
-1454
-1346
-1214
-927
-759
-503
-344
-392
-385
-82
-133
297
210
363
451
434
525
549
672
747
950
949
1077
987
962
1065
945
1087
1220
1186
1335
1416
1130
1192
1018
1138
1227
1235
1318
1209
1118
1066
959
928
1017
871
994
741
784
487
401
320
108
231
64
28
-43
-266
-274
-497
-455
-549
-573
-496
-644
-652
-737
-746
-762
-748
-804
-844
-856
-941
-986
-1124
-1093
-1120
-1113
-1195
-1201
-1370
-1324
-1335
-1432
-1200
-1317
-1040
-1015
-1016
-845
-696
-659
-386
-524
-206
-307
-82
-19
-116
56
220
310
435
303
456
518
524
645
571
664
682
797
730
899
709
893
850
946
838
882
753
1042
880
998
1039
938
1151
1002
1099
1009
1097
1013
1005
856
789
651
577
519
369
381
118
222
85
13
31
-158
-180
-208
-345
-277
-347
-406
-454
-525
-532
-534
-530
-691
-673
-945
-897
-941
-975
-1044
-1154
-1175
-1262
-1215
-1428
-1240
-1346
-1022
-1074
-906
-1030
-806
-798
-526
-589
-509
-229
-454
-78
-405
-91
-214
45
-117
43
82
202
121
291
119
367
494
179
542
342
472
540
416
416
648
467
729
662
746
983
862
1020
918
1028
1076
1060
1090
1074
1131
912
946
771
726
663
630
573
562
481
450
381
268
314
170
339
262
320
234
228
142
118
21
3
-103
-171
-152
-337
-384
-561
-703
-723
-814
-763
-886
-950
-997
-1191
-1102
-1191
-1049
-1098
-994
-952
-977
-714
-883
-640
-776
-702
-689
-671
-696
-721
-639
-629
-523
-520
-534
-483
-413
-423
-365
-293
-241
-188
-220
-258
4
4
199
186
179
386
503
596
672
908
751
1099
1014
1049
1156
1030
1242
1137
1091
1094
1039
993
974
886
875
760
781
706
690
591
616
576
516
595
434
599
414
583
324
306
292
212
177
98
-2
-78
-174
-324
-464
-679
-630
-867
-851
-829
-1039
-877
-1201
-1028
-1045
-940
-856
-1076
-661
-904
-731
-734
-942
-842
-754
-728
-860
-701
-827
-810
-746
-737
-586
-578
-616
-491
-454
-473
-352
-487
-408
-214
-173
-93
80
78
286
386
528
584
669
784
923
1015
1076
1121
1226
1231
1295
1271
1268
1295
1183
1179
1030
1057
928
966
909
825
888
716
812
769
565
698
713
562
629
452
497
456
271
164
113
116
-88
-128
-336
-415
-489
-612
-836
-758
-927
-857
-943
-1105
-1165
-1255
-1178
-1190
-1152
-1311
-1109
-1161
-1164
-1109
-1011
-1298
-985
-1044
-1136
-879
-1127
-908
-1027
-859
-883
-818
-675
-730
-594
-522
-396
-389
-269
-228
-135
63
187
372
391
541
640
583
1012
845
1158
1138
1328
1336
1289
1373
1376
1462
1453
1330
1257
1267
1163
1202
1118
1008
996
987
816
935
825
801
761
627
682
465
621
388
501
387
141
352
9
85
-236
-287
-368
-455
-309
-805
-698
-848
-998
-895
-1204
-1105
-1113
-1069
-1122
-1212
-1121
-1320
-981
-1065
-1159
-1092
-1085
-819
-1015
-945
-989
-840
-862
-817
-785
-926
-451
-786
-429
-496
-599
23
-330
-38
-156
-33
223
95
551
204
729
540
639
767
717
962
963
1168
935
969
984
1161
1160
1138
1081
1103
1011
1027
868
787
694
716
683
843
710
651
687
505
604
683
381
534
358
227
426
199
-57
380
-234
59
-183
-332
-311
-568
-612
-707
-575
-897
-725
-1231
-802
-1078
-829
-1004
-1117
-923
-951
-670
-783
-1040
-1221
-877
-987
-471
-1006
-779
-924
-488
-701
-737
-673
-736
-344
-360
-300
-376
-150
-331
151
-263
165
30
121
447
215
614
583
487
804
402
980
740
888
1209
666
966
860
768
1005
878
1085
859
807
691
698
587
666
643
565
788
446
662
398
567
516
325
350
304
215
192
33
20
-58
-221
-130
-390
-70
-570
-424
-973
-726
-603
-1070
-413
-1124
-696
-674
-1098
-515
-989
-239
-651
-765
-480
-397
-765
-598
-267
-722
214
-846
-345
-220
-661
-91
-434
129
-414
-17
-386
-106
202
-540
478
-76
173
435
-228
447
375
510
372
51
665
208
953
357
492
813
192
1189
247
898
512
738
531
567
556
249
498
210
355
237
349
186
-46
420
66
186
83
-218
400
-270
-10
-4
-195
-299
-154
-353
-336
-67
-759
-405
-553
-446
-422
-684
-209
-1131
-487
-993
-170
-262
-1067
-89
-1132
78
29
-491
-126
-717
253
-414
76
-520
-400
-87
-277
694
-81
-86
-91
-143
923
-208
594
355
59
768
-427
1047
-325
1152
-50
162
1020
79
1139
283
502
713
681
529
442
565
414
431
859
-100
887
157
-64
718
-478
345
-217
-40
-283
-240
181
-467
107
-696
-122
97
-557
48
-684
-467
-297
-800
-741
-405
-679
-359
-705
-726
-648
-633
-333
-761
-240
-598
-388
-471
-208
-75
-142
4
-619
271
-560
120
-86
-56
-328
1063
-452
786
-6
256
736
501
211
264
921
-218
1546
15
492
590
303
672
716
884
478
395
527
838
513
345
651
807
548
1003
225
233
920
60
706
-326
149
100
-860
73
-698
-213
-306
-908
-344
-929
-700
-935
-705
-1014
-484
-817
-1240
-551
-1145
-372
-1019
-911
-830
-807
-713
-1142
-724
-743
-673
-680
-920
-331
-643
-704
-374
-626
217
-334
-346
289
-13
390
-532
914
-92
527
936
0
1628
-301
909
1394
338
1770
472
1077
1763
952
1467
1346
1208
1536
1245
1594
780
1216
923
1000
1458
757
1443
521
605
1067
495
725
262
165
-88
121
20
-167
-719
-475
-795
-477
-920
-1082
-961
-1618
-642
-1284
-1441
-1151
-1347
-1588
-664
-1700
-1222
-1426
-1576
-1034
-1049
-1711
-1099
-1686
-1206
-719
-1402
-1475
-854
-1272
-1099
-572
-1091
-722
-25
-1962
58
-405
-988
938
-1201
-39
594
77
1262
1827
1156
1890
1779
1327
2925
1806
1799
3111
1608
2100
2708
1240
3249
2140
1770
2784
1248
2018
1766
1267
1565
1596
1045
1336
1159
606
809
770
-204
611
-656
-666
-509
-1172
-712
-1017
-1566
-1178
-1436
-1541
-1506
-1818
-1474
-1786
-1887
-2207
-1560
-2236
-2177
-2103
-2276
-1967
-2505
-2105
-2644
-2169
-2142
-2287
-1712
-2237
-1270
-1886
-1869
-1445
-1251
-1625
97
-398
-1008
136
-632
1087
-36
775
988
206
1656
1335
1354
948
1426
2709
2016
1960
2716
2739
2620
3298
2975
2813
2404
2703
2550
2722
2457
3233
2900
1759
2128
2005
2124
1896
1441
969
822
761
454
113
-466
-616
-554
-1131
-626
-1114
-1582
-1394
-1813
-1264
-1326
-1689
-1438
-1825
-1863
-1662
-1737
-2208
-2224
-2657
-2574
-2197
-2675
-2024
-2475
-2745
-2507
-2489
-2566
-2126
-2138
-2280
-2347
-1942
-2178
-1476
-890
-1285
-137
-368
-402
422
289
1138
862
898
1695
1071
1865
2648
2380
2397
2802
3447
3117
3660
2982
2831
2803
2880
3281
3467
2716
2748
2424
1820
2774
1957
2099
1331
885
799
833
241
-238
-507
-955
-561
-877
-1043
-1388
-1367
-1327
-1017
-963
-1231
-1167
-1776
-1490
-1284
-1596
-1577
-2626
-2741
-2293
-1652
-1720
-2418
-3005
-3327
-2274
-2354
-2265
-2711
-3310
-2493
-2458
-2196
-2066
-1821
-1325
-549
-100
-325
-216
-178
681
1537
1289
1470
1128
1001
2134
2708
2969
2478
2098
3552
3187
3189
3036
2120
3008
3107
3482
3045
2005
1973
1919
2421
2482
2203
1064
165
395
164
609
2
-993
-1174
-1339
-987
-935
-1266
-1305
-1261
-1083
-989
-1133
-1417
-1490
-1019
-1070
-1035
-1605
-2165
-2019
-1714
-1281
-1722
-2568
-2743
-2673
-2203
-1710
-1972
-2232
-2419
-2318
-1674
-1630
-1464
-860
-855
-337
-150
-206
172
1023
1400
2024
1855
1526
1589
2295
2407
3445
2764
2661
3121
2701
2918
2535
2334
2999
2577
2404
2361
1557
1298
1579
2374
1760
1218
234
-368
-184
-44
135
-813
-1873
-1887
-1905
-1618
-1415
-1622
-1983
-2149
-1617
-1480
-1506
-1448
-1170
-891
-1409
-1936
-2708
-2113
-1077
-740
-1254
-2592
-2773
-2240
-1246
-778
-1631
-2210
-2362
-1832
-1233
-1238
-1190
-964
-273
86
-9
393
599
1716
2109
1713
1880
990
2362
2575
3077
3281
2493
3056
3632
3532
2887
2521
2739
3361
3115
2430
1665
1161
1513
2151
1969
845
102
-675
-655
-382
-449
-803
-1936
-2331
-2142
-1736
-1516
-1707
-1864
-2146
-1761
-1411
-1314
-1331
-1167
-973
-1026
-1302
-1644
-2188
-2415
-1435
-781
-1159
-2710
-3052
-2644
-1437
-674
-1386
-2504
-3128
-2064
-1261
-844
-1025
-1002
-882
-517
594
382
1046
826
2176
1835
1585
1933
1918
3034
3176
3890
2929
4224
2840
2948
2715
3390
4538
2891
2718
1194
1975
2137
2724
2556
762
78
-415
305
6
132
-676
-1818
-1915
-2012
-1498
-1530
-1506
-1519
-1908
-1802
-1599
-1253
-1148
-654
-829
-1273
-1574
-1782
-1738
-1946
-1263
-1050
-1306
-2772
-2883
-2331
-1209
-638
-1501
-2759
-3263
-1789
-846
-496
-1529
-1760
-1408
-688
509
310
808
943
961
1411
1398
2200
2052
2226
2627
3053
3514
3267
2834
1925
2094
3996
3723
2522
1534
835
1889
2171
2563
1647
-265
-461
130
439
-435
-685
-1664
-2233
-1912
-1673
-1444
-1984
-1856
-1626
-1598
-1722
-1169
-880
-752
-357
-473
-882
-1210
-540
-868
-1005
-889
-494
-876
-1973
-1500
-1313
-682
-739
-1294
-2069
-2236
-824
-435
-524
-1109
-927
-260
71
808
701
1078
1312
1559
1834
1499
2509
2905
2730
2926
2677
3815
2821
1897
1592
2778
3668
2113
1424
238
736
1423
2171
1305
-885
-1753
-1119
-253
-798
-1519
-2519
-3588
-2972
-2170
-2032
-2459
-2942
-2521
-2500
-2051
-1477
-1322
-1418
-1074
-556
-839
-1178
-764
-655
-813
-500
-245
-526
-1441
-706
-290
-109
-355
-705
-996
-1034
173
490
266
-275
232
726
1118
1590
1561
2077
2030
2575
2452
2732
3280
3639
3950
3437
3898
4164
3140
1802
2201
3686
3766
1869
490
684
740
1727
1921
-114
-1977
-2596
-1007
-969
-1859
-2816
-3911
-4349
-3899
-2643
-3092
-3869
-3918
-3825
-3473
-3134
-2461
-2316
-2539
-2222
-1879
-1880
-1768
-1232
-1663
-1747
-1108
-516
-1235
-1502
-912
-411
-259
-471
-565
-863
-327
668
671
353
274
1151
1831
2041
2285
2109
2651
2925
3873
3286
3846
3945
4499
4671
4582
5485
3649
3025
2822
4568
4736
2889
1685
1153
1731
2203
2849
942
-1393
-1788
-770
-171
-1525
-2687
-3475
-4147
-3545
-2838
-2953
-4194
-4272
-3725
-3711
-3545
-3290
-2873
-3173
-3120
-2770
-2749
-2810
-2033
-2173
-2616
-2371
-1420
-1441
-2177
-1752
-1301
-1037
-1298
-967
-1040
-907
-93
393
201
32
1086
1879
1752
1782
2103
2840
3258
3540
3571
3334
3751
4642
4999
4980
5274
4021
2669
3052
5137
5349
3130
1341
1314
2064
2801
3231
1215
-1289
-1592
74
572
-962
-2343
-2984
-3298
-2789
-1996
-2320
-3653
-3660
-3071
-2899
-2970
-2570
-2277
-2747
-2851
-2498
-2387
-2573
-1974
-2349
-2856
-2559
-1544
-1588
-2346
-2150
-1786
-1332
-1590
-1393
-1543
-1226
-533
-175
-360
-613
603
1597
1832
1055
1721
2173
2901
3305
3064
3400
3012
4638
4525
4808
4610
3233
2796
2741
5659
4562
2135
756
1404
2938
2591
2438
103
-1773
-1431
379
347
-1982
-2849
-3315
-3158
-2549
-2136
-2297
-3834
-3523
-3000
-2698
-2558
-2121
-1689
-2509
-2448
-2088
-1666
-1563
-1295
-1983
-2851
-2156
-637
-675
-2037
-2291
-1469
-686
-530
-757
-1394
-1401
-307
749
159
-305
293
1689
1839
1825
2084
2261
2951
3275
3855
3269
3697
4492
4924
5052
4854
3181
2311
3578
5751
4710
1718
502
1451
2936
2747
1973
-792
-2376
-1626
112
-382
-2815
-4056
-4064
-3538
-3128
-2802
-3423
-4506
-4296
-3508
-3114
-2996
-2681
-2490
-2901
-2751
-2229
-1740
-1732
-1810
-2611
-2826
-1607
-226
-1019
-2654
-2441
-1045
31
-197
-1019
-1661
-997
614
1377
549
-196
701
2351
2673
2488
2387
3167
3643
3874
3898
3941
4648
5259
5323
4908
4741
3696
3412
4349
5640
3885
1654
1173
2600
3187
2518
1454
-642
-1723
-1036
380
-874
-3087
-4071
-3753
-3566
-3256
-3188
-3989
-4997
-4662
-3700
-3498
-3426
-3328
-3249
-3705
-3247
-2551
-2211
-2553
-2843
-2596
-3072
-2496
-1471
-949
-2233
-3112
-2055
-946
-301
-846
-1315
-1821
-685
893
1174
330
111
1328
2276
2949
2729
3028
3199
4083
4252
4714
4840
5332
5547
5844
5418
3907
3678
5013
6649
4559
2064
1522
3348
4090
3440
1744
-387
-1213
72
1338
-348
-2856
-3688
-3044
-2841
-2647
-3024
-3774
-4803
-4268
-3484
-3346
-3487
-3454
-3486
-3977
-3494
-2696
-2372
-2991
-3398
-3800
-3176
-1860
-1158
-2537
-3967
-3168
-1284
-470
-1321
-2386
-2769
-1457
253
626
-639
-1177
97
1850
2270
1732
1644
2515
3519
3928
3835
3532
4332
5367
5807
5467
4529
3810
3912
5472
6020
4128
2246
2358
3706
3815
3252
1996
369
-268
597
1266
-255
-2019
-2496
-2399
-2490
-2554
-2405
-3227
-3982
-3789
-3202
-2956
-3046
-2847
-3313
-3634
-3210
-2242
-2104
-2773
-3100
-3163
-3202
-2291
-1149
-1438
-3318
-3630
-2011
-636
-726
-1787
-2570
-2536
-735
621
137
-1175
-1010
827
1848
1776
1356
1527
2533
3177
3789
3203
3422
4429
5304
5434
4299
3775
3467
4765
5728
4602
2474
1883
3538
4107
3329
2028
710
97
472
1319
222
-1742
-2554
-2315
-2079
-2441
-2364
-2949
-3837
-3963
-3208
-2570
-2767
-2873
-3296
-3528
-3074
-1983
-1535
-2408
-3250
-2950
-2105
-1875
-1659
-1537
-1939
-2805
-2354
-1192
-721
-1201
-1800
-1936
-1512
-395
169
-243
-799
-265
938
1593
1477
1549
1752
2568
2999
3554
3583
3590
4208
4651
5571
4423
3554
3050
4941
5907
3970
2109
2028
3900
3796
2976
1497
54
-147
807
1259
-773
-2648
-2624
-2146
-2100
-2602
-2629
-3445
-4019
-3561
-2977
-2743
-3193
-2954
-3342
-3393
-2860
-1913
-1904
-3317
-3523
-2387
-1116
-1718
-2838
-2679
-1855
-927
-1146
-1909
-2466
-1588
-98
-203
-1272
-1726
-492
656
984
649
372
714
1595
2517
2543
2326
2434
3171
3638
3907
4294
4691
4730
3616
3123
3743
5809
5411
3017
1578
2923
4612
4186
2823
935
-46
453
1839
1297
-1225
-2832
-2387
-1768
-1763
-2298
-2888
-3944
-4018
-3241
-2633
-2920
-3429
-3436
-3690
-3286
-2423
-1926
-2704
-3383
-3007
-2128
-1902
-1973
-1991
-2074
-2268
-2114
-1461
-1063
-1228
-1558
-1633
-1336
-585
20
-120
-667
-462
582
1461
1400
1035
1064
2053
2962
3061
2812
2800
3750
4122
4783
4513
3699
2960
3647
5492
5063
3032
2032
3419
4294
3624
2673
1584
721
935
1716
904
-1274
-1861
-1361
-1350
-2101
-2503
-2696
-3239
-3183
-2922
-2906
-3289
-3013
-2824
-3179
-3376
-2746
-2139
-2365
-2613
-3123
-3074
-2124
-843
-1430
-3280
-3421
-1565
-215
-832
-2200
-2762
-1836
-154
418
-714
-1958
-1175
718
1410
895
101
306
1230
2584
3039
2268
1609
2363
3823
4366
4067
3859
3554
3014
3258
4651
5214
3518
1927
2321
3724
3931
3201
2000
720
406
1364
1587
11
-1481
-1678
-1597
-1887
-1889
-1870
-2608
-3462
-3288
-2749
-2357
-2385
-2573
-3266
-3496
-2581
-1531
-1626
-2641
-3030
-2665
-1655
-1259
-1749
-2443
-2398
-1640
-1396
-1429
-1459
-1255
-1335
-1306
-945
-660
-386
-397
-366
-332
198
886
1288
1000
897
1548
2388
2722
2346
2729
3011
3687
3716
4153
3745
2961
3012
4202
4888
3264
2156
2609
3468
3105
2563
1924
768
203
1050
966
-455
-1777
-1563
-1602
-1948
-1989
-2204
-2864
-3444
-2812
-2429
-2431
-2617
-2643
-2918
-2805
-1987
-1428
-2007
-2615
-2780
-2229
-1493
-770
-1463
-2985
-2916
-1169
123
-801
-2143
-2520
-1379
54
486
-672
-1887
-1212
644
1503
876
243
314
903
1869
2674
2476
1617
1735
2667
3464
3551
3563
3624
2968
2583
3032
4454
4418
2676
1460
2166
3459
3443
2476
1114
133
347
1258
1102
-730
-2100
-2041
-1523
-1573
-2002
-2499
-3283
-3493
-2767
-2106
-2350
-2965
-2969
-2713
-2319
-1926
-1660
-1999
-2560
-2373
-1704
-1132
-1532
-2090
-2106
-1488
-991
-1131
-1422
-1416
-1027
-729
-642
-657
-703
-427
-90
196
261
418
936
1175
1151
1301
1932
2350
2186
2116
2385
2910
3389
3491
3399
3147
2882
2830
3487
4212
3301
1751
1759
3149
3338
2054
1184
828
588
493
683
-184
-1534
-1813
-1385
-1633
-2318
-2312
-2256
-2683
-2880
-2566
-2330
-2317
-2230
-2296
-2587
-2419
-1655
-1329
-1897
-2432
-2032
-1424
-1263
-1619
-1972
-1881
-1353
-795
-1145
-1614
-1454
-704
-403
-624
-744
-608
-167
182
299
304
546
1047
1199
1252
1464
1965
2216
2056
2120
2411
3007
3043
3142
3203
2956
2495
2572
3616
3765
2397
1324
1900
2943
2640
1742
740
168
385
968
603
-1029
-1803
-1580
-1276
-1558
-1887
-2121
-2656
-2621
-2270
-2047
-2148
-2225
-2242
-2520
-2288
-1688
-1381
-1780
-2256
-2061
-1659
-1187
-1221
-1850
-2224
-1659
-591
-851
-1661
-1802
-886
-217
-341
-718
-903
-411
301
610
230
104
669
1462
1340
1033
1182
1977
2345
2076
1771
1981
2713
3327
3248
2688
2213
2379
2829
3427
3224
1889
1119
1766
2799
2271
1229
589
403
444
547
348
-763
-1509
-1539
-1332
-1477
-1656
-1882
-2400
-2710
-2268
-1694
-1660
-2171
-2437
-2366
-1972
-1397
-1274
-1753
-2392
-2075
-1295
-902
-1283
-1651
-1812
-1753
-1109
-440
-561
-1468
-1548
-660
138
195
-264
-582
-365
487
1166
830
326
466
1207
1565
1665
1583
1620
1611
1968
2386
2422
2670
2659
2815
2461
2193
2241
2957
3235
2016
856
1305
2534
2405
1299
516
79
193
709
581
-719
-1919
-1544
-1096
-1263
-1935
-2153
-2305
-2436
-2116
-1899
-1935
-2254
-2143
-2041
-1976
-1711
-1354
-1462
-1867
-1832
-1213
-1062
-1454
-1579
-1069
-831
-1187
-1147
-737
-303
-412
-458
-661
-416
213
588
170
-255
102
848
1238
1092
768
680
1372
1570
1923
1543
1670
1664
2078
2415
2335
2641
2484
2040
1441
2147
3171
2466
1095
540
1545
2106
1752
987
-76
-352
41
699
-139
-1572
-1928
-1663
-1367
-1645
-1774
-2249
-2584
-2292
-1868
-1641
-1951
-1916
-1911
-1859
-1574
-1149
-952
-1396
-1581
-1320
-816
-526
-691
-1227
-1382
-623
227
-157
-936
-883
-28
416
286
-86
-370
-26
688
955
389
122
612
1243
1254
988
867
1281
1578
1770
1562
1450
1749
2425
2621
2102
1474
1316
2056
2760
2369
916
326
1312
2094
1583
576
-13
-263
-97
286
-192
-1369
-1990
-1672
-1435
-1714
-1865
-2031
-2307
-2416
-1976
-1584
-1572
-1696
-1789
-1737
-1434
-913
-693
-1055
-1381
-1071
-435
-477
-721
-467
-145
-416
-688
-207
235
229
-101
-324
-279
249
824
574
-83
-245
466
1137
1215
792
368
517
1014
1807
1785
1049
721
1394
2133
2205
1965
2096
1467
1040
1550
2858
2619
901
141
823
1958
1670
1002
-91
-724
-426
341
67
-1413
-2190
-1973
-1628
-1719
-1933
-2134
-2540
-2525
-2062
-1775
-1679
-1836
-1725
-1867
-1511
-1066
-722
-909
-1249
-1057
-617
-57
-100
-252
-733
-766
-108
679
511
-538
-846
-33
946
994
239
-434
-279
701
1400
1027
158
22
685
1329
1426
1245
1069
892
1080
1710
2179
2183
1642
1724
1845
1844
1696
2059
2537
1536
624
572
1675
1776
1202
311
-574
-755
-105
547
-548
-2201
-2617
-1865
-1293
-1504
-2047
-2657
-2949
-2268
-1516
-1253
-1875
-2101
-1948
-1413
-869
-672
-727
-1192
-1038
-576
70
8
-239
-573
-625
-129
428
404
-331
-522
-45
469
489
226
-48
-69
338
703
612
383
438
761
773
732
989
1287
1334
1079
1190
1451
1893
2206
2259
1925
1173
1086
1947
3079
2347
574
-27
1126
2079
1794
895
-381
-1146
-504
586
129
-1594
-2590
-2313
-1764
-1357
-1504
-2186
-2993
-2726
-1826
-1289
-1393
-1829
-1930
-1738
-1059
-518
-424
-834
-1067
-687
-108
222
-133
-521
-417
31
178
-225
-401
-138
229
203
-141
-292
-93
415
523
160
-205
25
714
1107
802
219
228
1058
1824
1606
950
715
1635
2388
2761
2130
1332
841
1518
3066
2936
1278
-220
524
1657
1993
1408
-9
-1240
-1275
103
405
-923
-2386
-2747
-2128
-1514
-1200
-1813
-2663
-2760
-2055
-1172
-1090
-1305
-1628
-1505
-1048
-499
-146
-334
-570
-585
-121
179
264
145
-120
-350
-298
137
270
-21
-316
-346
-118
57
207
55
-198
-219
93
432
485
425
260
328
664
991
1244
1042
1044
1072
1659
2234
2518
2428
1199
745
1403
3381
2897
925
-305
413
1636
1796
1551
-343
-1694
-1513
165
334
-1146
-2467
-2863
-2301
-1526
-1104
-1733
-2710
-2748
-1943
-1089
-900
-1199
-1385
-1307
-728
-332
5
-184
-299
-170
221
315
68
282
248
13
-270
126
203
-118
-235
-108
-83
-281
-195
-214
-227
-188
-51
-3
61
197
295
292
382
728
1086
1159
866
986
1674
2364
2517
2255
1599
887
1491
2945
3132
1184
-149
303
1264
1542
1271
153
-1468
-1720
-612
-18
-947
-2058
-2727
-2680
-2080
-1299
-1441
-2111
-2482
-2123
-1452
-915
-714
-925
-970
-783
-357
-68
179
248
280
236
-45
-98
323
942
627
-373
-896
-391
519
738
116
-914
-1179
-444
543
578
-266
-1000
-599
455
1213
773
17
-134
685
1708
1628
1168
752
1616
2345
2980
2581
1602
723
1267
2970
3123
1566
-335
-261
645
1559
1351
15
-1733
-2144
-1069
-205
-726
-2098
-3009
-2956
-2094
-1443
-1462
-2076
-2329
-2145
-1470
-934
-656
-773
-797
-513
-211
-10
1
292
501
607
292
5
-37
298
537
268
-367
-782
-530
-57
79
-305
-739
-889
-564
-133
28
-227
-405
-94
379
492
162
316
959
1498
1351
1065
1172
1803
2586
3061
2977
1962
837
981
2668
3617
2229
65
-692
178
1271
1608
665
-1129
-2229
-1816
-633
-386
-1216
-2445
-2982
-2606
-1776
-1299
-1484
-1938
-2107
-1774
-1210
-720
-619
-607
-443
-80
-43
-172
-71
461
902
747
114
-476
-429
153
676
388
-592
-1303
-1028
-161
238
-203
-964
-1275
-855
-198
183
-34
-192
-31
217
266
323
962
1339
1436
1046
1024
1440
2224
2923
2970
2423
1222
766
1465
2858
2922
1341
-190
-499
385
1185
1190
79
-1332
-1867
-1442
-839
-881
-1391
-2090
-2404
-2199
-1757
-1422
-1419
-1488
-1507
-1272
-934
-717
-583
-322
101
299
131
-125
-88
330
779
774
247
-230
-302
-70
108
-57
-441
-715
-647
-547
-624
-691
-557
-383
-401
-523
-563
-353
142
544
398
97
22
501
1048
1378
1262
901
863
1333
1861
2108
2046
1455
616
357
1372
2229
1710
263
-479
-57
706
1117
708
-148
-907
-908
-602
-440
-675
-1118
-1514
-1544
-1068
-704
-820
-1162
-1054
-625
-169
-62
-130
-255
-48
450
779
595
168
38
140
396
437
241
-172
-341
-267
-287
-444
-435
-316
-371
-561
-621
-538
-489
-411
-458
-644
-803
-676
-657
-865
-997
-892
-874
-1082
-1125
-976
-752
-672
-616
-605
-438
-11
353
506
608
824
950
916
1053
1376
1530
1479
1462
1578
1670
1668
1553
1367
1231
1209
1127
823
532
428
445
365
209
137
207
243
176
69
43
149
314
421
388
331
336
420
442
414
359
265
159
-8
-207
-326
-348
-453
-722
-916
-996
-1071
-1154
-1231
-1424
-1663
-1769
-1813
-1917
-1972
-1989
-2110
-2230
-2146
-1942
-1871
-1746
-1522
-1376
-1316
-1068
-666
-423
-266
-47
226
452
732
1047
1196
1231
1296
1488
1600
1601
1576
1563
1671
1788
1791
1654
1522
1539
1644
1648
1437
1244
1168
1184
1198
1144
945
696
627
720
819
814
742
589
480
485
557
559
508
338
105
-13
30
33
-203
-493
-705
-810
-899
-989
-1193
-1459
-1612
-1681
-1770
-1883
-1944
-2006
-2092
-2089
-2085
-2111
-2059
-1859
-1743
-1807
-1753
-1493
-1213
-1054
-910
-760
-598
-388
-101
76
104
169
363
508
531
556
683
844
935
942
877
865
981
1172
1260
1160
1052
1132
1336
1523
1621
1624
1561
1543
1651
1738
1748
1679
1562
1483
1462
1436
1345
1240
1130
1020
957
876
735
561
450
355
201
8
-218
-394
-492
-555
-767
-1096
-1312
-1335
-1345
-1452
-1603
-1741
-1811
-1745
-1628
-1609
-1707
-1699
-1530
-1378
-1346
-1337
-1245
-1139
-1045
-1028
-1014
-1011
-902
-783
-768
-881
-962
-880
-700
-528
-529
-597
-630
-523
-279
-70
12
12
56
216
483
783
913
938
983
1188
1465
1640
1689
1648
1702
1854
2033
2087
2038
1984
1976
2017
1998
1873
1665
1526
1464
1376
1155
873
638
474
354
192
-43
-278
-412
-494
-607
-737
-870
-1010
-1091
-1031
-966
-1038
-1147
-1121
-1032
-1008
-1014
-986
-929
-871
-843
-889
-1006
-1017
-879
-799
-960
-1193
-1266
-1202
-1090
-1079
-1220
-1411
-1400
-1171
-988
-975
-1032
-984
-835
-600
-343
-149
-70
-16
158
397
603
705
804
912
1112
1305
1452
1380
917
654
1114
2115
2580
1960
1150
1181
1983
2561
2240
1399
914
1075
1280
1054
499
150
250
456
485
204
-132
-330
-307
-265
-358
-417
-379
-307
-338
-359
-331
-340
-363
-350
-353
-419
-491
-571
-670
-821
-922
-962
-1040
-1114
-1132
-1114
-1177
-1335
-1407
-1351
-1204
-1084
-1091
-1171
-1174
-1006
-815
-624
-513
-397
-263
-130
-34
41
114
213
296
337
489
604
642
593
645
737
776
751
763
791
781
808
786
687
544
551
635
616
486
362
292
280
321
329
274
310
456
535
475
415
445
470
466
491
530
528
501
466
409
310
199
121
62
-15
-97
-237
-416
-557
-604
-621
-706
-784
-780
-800
-875
-902
-917
-868
-852
-766
-878
-1431
-1624
-927
263
586
-199
-954
-535
695
1339
834
-17
-185
211
399
94
-261
-229
93
-390
-1320
-1130
613
1654
609
-1585
-2439
-905
1115
1795
664
-509
-615
224
997
1438
1524
1199
831
606
664
579
524
596
865
938
922
1083
1112
749
404
545
921
1085
685
154
-173
-126
-43
-405
-720
-588
-304
-453
-1022
-1490
-1517
-1221
-990
-907
-980
-942
-856
-736
-741
-743
-690
-539
-117
-27
-83
-327
-406
25
166
101
133
77
-83
-7
-322
-616
-1313
-978
438
923
-102
-1350
-928
279
1123
346
-271
-152
324
42
-213
252
657
321
277
515
720
990
1085
1089
628
979
1741
2102
1620
1190
1587
2269
1813
530
71
780
1414
750
-362
-736
-414
-207
-483
-1000
-1035
-883
-1180
-1525
-1585
-1322
-1220
-1551
-1691
-1365
-729
-473
-829
-1118
-837
-241
40
3
-209
-298
-122
155
106
-140
-234
-147
-90
-254
-514
-655
-716
-598
-656
-1008
-1191
-921
-570
-521
-880
-1017
-399
390
622
-19
-335
127
1051
1466
1311
870
1082
2048
1954
928
877
2295
3006
2388
969
1257
2485
3091
2282
1228
1693
2407
1569
-417
-1065
43
1339
562
-1405
-2131
-865
372
-478
-2302
-2693
-1338
-427
-1084
-2329
-2365
-1313
-690
-1044
-1354
-749
255
434
-341
-843
-241
708
768
-84
-738
-409
123
-116
-1085
-1663
-1280
-702
-911
-1742
-2261
-2237
-2048
-2194
-2359
-2042
-1248
-677
-798
-1094
-974
-139
890
1392
1194
944
1374
2096
2299
1974
1832
2188
2802
2985
2845
2889
2969
2884
2493
2416
2895
3379
3392
2632
1096
-337
-648
28
572
195
-812
-1674
-1885
-1582
-1478
-1816
-2039
-1825
-1476
-1225
-1081
-1105
-1315
-1456
-1179
-342
810
1457
1109
292
-118
63
382
469
292
95
-45
-323
-1008
-1913
-2503
-2642
-2611
-2655
-2910
-3274
-3569
-3763
-3880
-3701
-3008
-2034
-1339
-1007
-787
-385
176
654
994
1434
2161
2880
3191
2996
2645
2541
2815
3168
3421
3545
3529
3276
2883
2632
2648
3009
3495
3301
1835
-209
-1129
-540
163
-198
-1283
-2050
-1938
-1285
-995
-1405
-1784
-1541
-1059
-648
-289
10
38
-156
-291
129
1290
2431
2510
1583
754
641
952
1007
546
-95
-409
-516
-944
-1790
-2672
-3327
-3783
-4094
-4275
-4281
-4160
-4054
-4146
-4227
-3841
-2877
-1797
-1100
-722
-288
469
1227
1548
1507
1614
2137
2773
3147
3082
2805
2682
2743
2729
2525
2319
2290
2416
2562
2638
2655
2766
2480
1126
-851
-1752
-1132
-315
-548
-1509
-2196
-2048
-1473
-1260
-1476
-1383
-769
-264
-89
122
565
891
770
525
919
2117
3229
3232
2373
1665
1516
1489
1101
427
5
-39
-174
-824
-1712
-2408
-2901
-3491
-4193
-4513
-4200
-3626
-3526
-3841
-4011
-3535
-2721
-2006
-1505
-909
-107
670
1163
1347
1504
1693
1804
1816
2011
2341
2541
2286
1959
1726
1679
1532
1410
1320
1530
1951
2331
2585
2503
1694
-193
-1803
-1993
-1145
-807
-1260
-1871
-1917
-1356
-973
-1055
-1177
-750
-352
-174
125
893
1504
1418
912
847
1790
3014
3420
2764
2105
1874
1816
1499
1020
592
229
-261
-933
-1397
-1498
-1641
-2372
-3341
-3901
-3870
-3782
-3949
-4131
-3737
-2845
-2058
-1673
-1350
-750
-93
339
631
1062
1501
1694
1569
1492
1651
1798
1701
1458
1449
1645
1781
1528
1120
883
956
1200
1409
1857
2242
1863
316
-1310
-1790
-1399
-1306
-1860
-2285
-2102
-1381
-916
-832
-802
-503
-330
-335
-11
722
1293
1185
974
1180
2012
2774
2861
2422
2095
1975
1722
1343
998
757
385
-143
-702
-1038
-1256
-1763
-2558
-3185
-3378
-3414
-3464
-3447
-3252
-3016
-2784
-2414
-1805
-1056
-446
-75
297
901
1464
1636
1466
1316
1323
1423
1563
1604
1555
1424
1273
1099
945
845
746
802
1064
1472
1902
2424
2492
1537
-280
-1472
-1508
-1238
-1536
-2015
-2057
-1592
-1036
-748
-519
-228
-115
-495
-626
9
919
1182
927
894
1516
2369
2724
2478
2115
1875
1523
1104
861
708
321
-302
-854
-1154
-1352
-1799
-2476
-3038
-3274
-3425
-3698
-3856
-3661
-3280
-3023
-2789
-2255
-1451
-687
-132
366
969
1565
1857
1848
1812
1788
1640
1456
1442
1534
1567
1450
1294
1170
1119
999
909
889
1123
1565
2146
2666
2364
1116
-434
-1029
-1070
-1326
-1964
-2161
-1809
-1302
-826
-343
149
336
86
-256
-44
608
978
860
852
1363
2092
2568
2673
2504
2151
1599
1040
674
411
-29
-595
-957
-1147
-1329
-1743
-2263
-2812
-3256
-3633
-3970
-4171
-4143
-3807
-3308
-2726
-2156
-1608
-1090
-577
-30
543
1079
1476
1697
1755
1741
1691
1445
1202
1077
1110
1095
1005
887
791
793
754
738
793
1098
1521
2178
2688
2467
1311
98
-383
-625
-1200
-1923
-2119
-1856
-1311
-628
161
748
812
431
250
541
899
831
682
919
1545
2262
2811
3132
3060
2549
1792
1208
805
197
-666
-1255
-1311
-1222
-1350
-1691
-2108
-2609
-3182
-3790
-4152
-4290
-4286
-4075
-3393
-2438
-1664
-1179
-754
-201
361
742
904
1038
1210
1314
1325
1279
1155
925
786
775
741
642
513
447
395
486
653
956
1297
1656
2259
2875
2722
1572
361
-68
-441
-1157
-1985
-2177
-1996
-1488
-741
116
757
805
499
406
758
998
857
692
860
1277
1895
2554
3066
3093
2687
2076
1578
1044
202
-769
-1428
-1678
-1767
-1786
-1785
-1954
-2439
-3039
-3478
-3730
-4013
-4348
-4290
-3618
-2715
-1959
-1310
-564
202
860
1251
1427
1481
1417
1280
1193
1196
1115
984
888
891
774
686
574
539
369
353
549
951
1346
1675
2310
2794
2588
1482
584
157
-335
-1315
-2160
-2445
-2290
-1842
-1003
2
636
726
624
841
1102
996
482
233
398
839
1457
2242
2818
2917
2631
2235
1777
1035
-98
-1230
-1875
-2147
-2224
-2180
-2003
-2039
-2321
-2619
-2759
-2955
-3467
-3988
-3958
-3380
-2664
-1987
-1123
-186
680
1357
1878
2150
2080
1725
1339
1119
951
686
598
717
840
832
852
879
745
613
411
535
734
1197
1557
2335
3020
3014
2149
1255
814
35
-1108
-2211
-2696
-2896
-2570
-1780
-620
146
543
629
977
1120
848
212
-185
-242
-41
584
1501
2301
2563
2483
2299
2063
1373
246
-974
-1805
-2368
-2660
-2685
-2483
-2374
-2414
-2367
-2207
-2229
-2659
-3242
-3537
-3408
-2969
-2344
-1538
-557
503
1502
2245
2642
2602
2242
1771
1336
885
424
136
175
457
760
981
1140
1223
1252
1146
1150
1149
1303
1515
2091
2865
3095
2554
1672
1329
792
-325
-1665
-2506
-2975
-3071
-2580
-1627
-803
-223
187
720
1140
1034
428
-175
-363
-345
74
826
1601
1970
2158
2275
2284
1834
846
-376
-1350
-2087
-2707
-3002
-2978
-2906
-2845
-2517
-2087
-1890
-2154
-2657
-3098
-3201
-3084
-2738
-2119
-1258
-311
784
1894
2655
2823
2586
2215
1795
1241
567
16
-126
62
392
826
1251
1552
1686
1814
1870
1826
1740
1787
2081
2708
3046
2745
1990
1599
1204
250
-999
-2016
-2734
-3241
-3113
-2409
-1558
-877
-237
457
1170
1375
1072
534
217
9
131
648
1244
1617
1868
2142
2293
2074
1326
250
-799
-1764
-2659
-3214
-3489
-3661
-3704
-3341
-2801
-2379
-2251
-2393
-2683
-2888
-2952
-2789
-2382
-1845
-1198
-269
932
1943
2505
2651
2544
2216
1732
1056
358
-110
-197
-51
304
758
1211
1540
1847
2042
2157
2168
2195
2250
2564
2958
2761
2014
1380
1264
634
-481
-1527
-2129
-2760
-3002
-2598
-1762
-1107
-518
133
1005
1619
1612
1220
936
772
630
839
1266
1537
1633
1893
2169
2203
1665
762
-270
-1178
-2146
-2931
-3419
-3745
-3994
-3856
-3330
-2847
-2614
-2546
-2530
-2608
-2681
-2640
-2349
-2000
-1608
-910
254
1363
2123
2566
2852
2809
2376
1618
832
169
-306
-554
-391
-38
399
910
1482
1946
2239
2383
2378
2333
2465
2581
2141
1390
736
625
160
-551
-1365
-1774
-2188
-2312
-1979
-1324
-848
-413
131
872
1418
1559
1421
1291
1240
1113
1269
1494
1623
1557
1652
1762
1724
1288
582
-250
-999
-1765
-2393
-2863
-3251
-3545
-3559
-3242
-2884
-2628
-2504
-2437
-2364
-2208
-2060
-1835
-1600
-1234
-698
161
1016
1666
2063
2273
2270
2027
1528
847
216
-209
-460
-541
-420
-114
275
797
1306
1726
1986
2181
2284
2497
2672
2353
1463
672
436
-3
-838
-1629
-2027
-2328
-2389
-1943
-1191
-618
-188
322
1107
1637
1663
1406
1276
1122
948
1018
1298
1453
1513
1705
1949
1955
1516
801
-6
-770
-1606
-2328
-2807
-3164
-3433
-3386
-3024
-2646
-2421
-2244
-2104
-2011
-1988
-1938
-1782
-1585
-1329
-841
-42
747
1366
1889
2249
2309
2137
1788
1256
611
53
-295
-524
-560
-483
-98
429
984
1449
1845
2234
2403
2628
2886
2729
1880
963
547
178
-677
-1463
-1966
-2247
-2441
-2056
-1282
-616
-218
235
921
1502
1591
1389
1158
942
682
675
973
1156
1211
1389
1718
1834
1523
883
128
-666
-1480
-2248
-2756
-3178
-3494
-3491
-3102
-2684
-2445
-2217
-1994
-1860
-1824
-1796
-1715
-1579
-1362
-893
-161
605
1218
1755
2197
2402
2352
2066
1575
910
312
-120
-398
-634
-681
-378
193
810
1299
1840
2248
2609
2820
3175
3023
2188
1165
624
246
-636
-1479
-2002
-2302
-2519
-2172
-1372
-664
-260
226
859
1456
1540
1349
1075
807
436
367
600
812
832
1073
1433
1624
1432
947
294
-505
-1342
-2138
-2729
-3208
-3565
-3581
-3205
-2810
-2523
-2193
-1827
-1647
-1587
-1583
-1541
-1452
-1250
-849
-203
489
1106
1668
2176
2444
2446
2233
1759
1110
508
59
-383
-709
-754
-444
112
712
1347
1888
2417
2779
3108
3447
3092
2130
1063
641
107
-816
-1607
-2019
-2297
-2405
-1910
-1116
-580
-200
345
1029
1469
1457
1268
1028
724
368
354
564
626
621
904
1244
1369
1168
820
236
-506
-1297
-2005
-2600
-3196
-3602
-3565
-3218
-2907
-2614
-2170
-1746
-1517
-1421
-1320
-1204
-1106
-987
-659
-128
386
892
1446
1930
2110
2128
2048
1759
1245
699
173
-282
-630
-722
-469
-33
485
1046
1767
2467
2946
3466
3802
3326
2163
1209
810
-47
-1207
-2046
-2389
-2666
-2599
-1863
-1010
-401
169
921
1634
1889
1723
1432
1033
486
14
74
262
284
378
817
1244
1346
1179
817
181
-603
-1451
-2186
-2899
-3560
-3905
-3741
-3365
-3031
-2591
-2019
-1603
-1380
-1176
-1044
-1042
-1050
-864
-506
-149
186
661
1269
1731
1923
2041
2043
1771
1298
861
371
-144
-500
-524
-324
-31
423
1056
1717
2326
2926
3636
3793
3069
1984
1317
875
-259
-1515
-2343
-2675
-2939
-2656
-1847
-1066
-440
435
1455
2192
2334
2159
1809
1278
623
220
227
160
6
211
801
1209
1267
1157
878
253
-469
-1238
-2003
-2906
-3657
-3924
-3761
-3489
-3204
-2674
-2054
-1676
-1350
-1003
-792
-787
-721
-483
-202
104
447
934
1426
1686
1839
1993
1922
1525
1119
761
210
-317
-556
-499
-269
113
650
1296
2029
2679
3389
3653
2989
1886
1293
789
-504
-1771
-2483
-2953
-3352
-2982
-2121
-1330
-608
380
1488
2350
2588
2441
2166
1623
820
282
161
-100
-318
-34
539
888
1074
1146
1012
558
-109
-881
-1643
-2530
-3377
-3717
-3633
-3524
-3314
-2720
-2037
-1555
-1142
-689
-398
-306
-286
-171
-46
71
279
669
1048
1234
1442
1728
1794
1614
1396
1164
731
247
7
-72
-32
54
433
940
1563
2155
2872
3079
2511
1706
1303
777
-510
-1752
-2541
-3083
-3542
-3301
-2587
-1881
-1164
-24
1272
2258
2635
2727
2591
2102
1378
864
573
83
-283
-119
323
587
737
905
928
624
136
-480
-1229
-2194
-3074
-3517
-3679
-3817
-3782
-3244
-2573
-1989
-1452
-861
-445
-124
191
458
582
651
868
1187
1449
1544
1661
1817
1821
1683
1528
1313
961
594
423
339
326
401
737
1190
1726
2237
2265
1789
1232
979
360
-793
-1826
-2544
-3122
-3425
-3112
-2534
-1977
-1185
-18
1230
2200
2685
2897
2839
2460
1864
1371
856
198
-181
-90
109
188
271
409
415
255
-102
-636
-1299
-2133
-2924
-3443
-3751
-3981
-3948
-3525
-2900
-2197
-1420
-699
-92
388
743
1003
1098
1043
976
1061
1153
1168
1238
1330
1418
1524
1586
1512
1361
1248
1165
1068
999
874
964
1133
1465
1546
1238
735
476
346
-398
-1262
-1920
-2442
-2954
-2893
-2436
-2066
-1609
-705
368
1287
1947
2403
2651
2612
2347
2059
1797
1245
654
460
447
288
106
24
-124
-337
-495
-790
-1265
-1865
-2429
-2842
-3152
-3522
-3803
-3710
-3378
-2943
-2283
-1556
-915
-305
413
1031
1371
1483
1539
1646
1668
1529
1406
1386
1388
1377
1439
1515
1503
1522
1573
1592
1560
1569
1606
1695
1556
922
208
-113
-356
-1105
-1858
-2270
-2613
-2905
-2731
-2242
-1868
-1348
-441
588
1339
1837
2205
2377
2223
1956
1784
1590
1141
769
767
841
724
626
613
441
109
-225
-636
-1252
-1957
-2549
-2919
-3225
-3518
-3579
-3334
-2991
-2663
-2154
-1539
-1020
-523
34
480
717
878
1091
1266
1283
1215
1239
1339
1363
1397
1551
1670
1687
1753
1925
2002
1948
1919
1943
2041
1732
1039
298
-138
-697
-1622
-2351
-2853
-3252
-3455
-3104
-2542
-2017
-1266
-184
866
1648
2193
2577
2585
2217
1803
1482
1095
558
306
401
520
583
742
914
859
647
385
-101
-819
-1641
-2280
-2781
-3321
-3662
-3650
-3348
-2980
-2390
-1609
-965
-446
54
488
659
632
578
515
450
357
386
579
825
1032
1345
1654
1855
2057
2294
2460
2391
2404
2353
2394
2034
1203
446
4
-440
-1419
-2078
-2566
-3113
-3433
-3165
-2725
-2421
-1771
-755
286
1160
1803
2266
2519
2422
2173
1960
1618
966
493
409
256
89
98
172
142
107
106
-78
-448
-975
-1458
-1770
-2222
-2668
-2848
-2753
-2634
-2275
-1620
-1073
-551
89
639
911
975
931
744
447
96
-195
-276
-258
-155
225
750
1241
1691
2217
2618
2807
2927
3013
2884
2157
1224
508
3
-937
-1876
-2465
-2876
-3223
-3126
-2614
-2209
-1728
-967
-26
713
1190
1545
1817
1832
1607
1442
1356
1003
646
609
651
490
330
284
127
-140
-386
-678
-1111
-1630
-1974
-2097
-2178
-2305
-2226
-1843
-1413
-1031
-535
-26
365
674
981
1113
1009
828
688
540
319
127
99
147
136
196
394
604
744
1018
1380
1676
1904
2193
2101
1558
976
664
91
-886
-1622
-2102
-2515
-2784
-2543
-2185
-1813
-1196
-284
599
1209
1571
1863
1960
1709
1268
973
634
136
-80
40
71
-12
53
185
116
-40
-293
-695
-1231
-1813
-2239
-2437
-2614
-2732
-2481
-1875
-1285
-611
243
982
1516
1986
2307
2269
2014
1689
1308
930
517
187
30
26
23
237
563
810
1000
1285
1450
1445
1352
809
80
-459
-727
-1284
-1830
-2083
-2248
-2278
-2044
-1594
-1206
-730
-126
535
1113
1482
1660
1756
1658
1350
1062
796
385
-15
-121
-153
-271
-361
-403
-479
-624
-802
-1059
-1351
-1641
-1933
-2094
-2138
-2093
-1950
-1613
-1160
-676
-96
459
929
1317
1666
1881
1907
1813
1717
1628
1566
1449
1366
1340
1347
1386
1410
1424
1367
1369
1351
1284
844
184
-461
-846
-1380
-2155
-2721
-3137
-3365
-3369
-2844
-2271
-1656
-796
278
1266
1950
2383
2553
2436
2074
1602
1130
513
-116
-482
-578
-680
-792
-753
-710
-784
-930
-1087
-1398
-1863
-2242
-2420
-2508
-2513
-2234
-1682
-1014
-302
502
1220
1749
2094
2302
2270
1971
1613
1352
1148
937
796
896
1093
1348
1614
1911
2143
2269
2322
2260
1976
1215
362
-308
-852
-1670
-2393
-2847
-3223
-3456
-3236
-2692
-2210
-1567
-689
281
1050
1599
1920
2026
1854
1492
1110
653
87
-343
-483
-616
-770
-830
-803
-888
-1040
-1220
-1506
-1859
-2191
-2429
-2550
-2560
-2385
-1941
-1299
-603
173
960
1613
2083
2436
2538
2362
2084
1809
1561
1269
1027
913
980
1092
1247
1499
1748
1929
2075
2215
1867
1142
454
-46
-715
-1548
-2123
-2555
-2813
-2820
-2378
-1820
-1258
-558
274
1065
1548
1783
1799
1572
1093
600
163
-318
-796
-981
-960
-960
-1025
-1001
-979
-1091
-1284
-1488
-1765
-2098
-2306
-2331
-2272
-2138
-1788
-1248
-643
-58
515
1050
1433
1674
1822
1858
1746
1605
1556
1523
1428
1394
1438
1507
1590
1760
1961
2079
2228
2147
1742
1150
644
122
-631
-1329
-1965
-2416
-2688
-2646
-2382
-2010
-1386
-610
291
1073
1681
2075
2202
2073
1704
1232
663
52
-491
-916
-1213
-1467
-1683
-1814
-1910
-1995
-2103
-2201
-2254
-2227
-2090
-1923
-1676
-1363
-963
-523
-77
329
650
908
1092
1229
1305
1290
1294
1298
1347
1419
1443
1440
1446
1568
1599
1628
1712
1656
1281
845
612
332
-155
-622
-986
-1336
-1591
-1570
-1340
-1114
-769
-216
516
1104
1532
1842
1964
1788
1442
1046
515
-112
-635
-979
-1286
-1515
-1622
-1590
-1629
-1705
-1826
-1903
-1972
-2013
-1974
-1881
-1694
-1390
-896
-399
62
522
966
1303
1498
1620
1611
1500
1323
1152
989
860
767
757
803
822
891
1032
1032
611
112
-260
-614
-1076
-1449
-1617
-1734
-1628
-1259
-705
-169
387
1093
1739
2208
2415
2531
2405
1964
1414
857
263
-398
-853
-1161
-1385
-1557
-1565
-1509
-1488
-1509
-1482
-1431
-1502
-1564
-1509
-1378
-1293
-1092
-747
-353
12
394
762
1048
1284
1462
1624
1653
1644
1606
1579
1472
1355
1303
1242
1191
1133
928
430
-41
-373
-752
-1375
-1894
-2283
-2590
-2733
-2582
-2251
-1847
-1151
-297
621
1362
2007
2498
2750
2674
2304
1851
1198
462
-236
-783
-1307
-1715
-1890
-1895
-1855
-1751
-1530
-1303
-1127
-947
-707
-498
-346
-178
81
309
490
682
940
1144
1322
1551
1729
1765
1697
1704
1661
1544
1389
1294
1239
1074
645
111
-305
-666
-1150
-1526
-1815
-2083
-2169
-1937
-1575
-1251
-759
-163
502
1021
1386
1582
1638
1449
1055
604
-26
-736
-1310
-1670
-2050
-2332
-2362
-2223
-2016
-1732
-1379
-1103
-844
-550
-178
117
296
441
658
859
972
1098
1234
1326
1405
1533
1630
1607
1571
1585
1637
1645
1618
1627
1623
1375
933
512
151
-314
-834
-1210
-1550
-1796
-1874
-1649
-1393
-1029
-540
51
557
903
1159
1221
1085
728
331
-128
-612
-1072
-1365
-1545
-1643
-1638
-1534
-1416
-1348
-1234
-1126
-1090
-1129
-1129
-1070
-1003
-887
-704
-449
-159
184
542
904
1231
1512
1774
1947
2048
2121
2219
2258
2213
2230
2080
1701
1183
786
359
-168
-579
-946
-1224
-1431
-1310
-1101
-880
-579
-152
324
617
835
910
854
605
274
-103
-534
-971
-1331
-1568
-1756
-1876
-1874
-1769
-1588
-1379
-1099
-837
-586
-344
-103
86
176
245
277
319
305
323
363
418
506
656
794
828
919
1039
1130
1132
1157
998
667
355
139
-56
-327
-452
-537
-448
-258
57
394
676
1003
1298
1574
1588
1493
1272
925
417
-147
-682
-1233
-1662
-1971
-2159
-2293
-2324
-2206
-1985
-1729
-1487
-1205
-915
-644
-374
-95
129
274
441
619
757
844
929
997
1051
1108
1155
1142
1124
1113
1127
1087
1086
1001
721
365
79
-120
-449
-691
-863
-940
-939
-772
-490
-247
39
329
667
900
990
984
917
730
435
157
-121
-449
-725
-900
-1074
-1250
-1338
-1325
-1313
-1293
-1214
-1128
-1040
-928
-731
-545
-417
-304
-142
38
163
275
426
577
712
869
1045
1203
1317
1465
1624
1750
1674
1419
1124
838
519
194
-75
-374
-613
-667
-562
-423
-252
-21
208
413
538
566
477
278
-15
-322
-611
-898
-1125
-1233
-1279
-1277
-1188
-1032
-885
-755
-611
-516
-486
-493
-469
-459
-475
-499
-456
-397
-340
-235
-67
109
261
462
655
831
973
1129
1261
1342
1403
1293
1068
813
621
424
221
81
-63
-124
-83
83
263
430
589
719
797
761
635
401
83
-285
-602
-868
-1076
-1199
-1201
-1103
-956
-793
-633
-503
-416
-392
-418
-511
-612
-689
-724
-720
-671
-567
-417
-226
-28
157
300
384
442
469
478
445
448
473
515
578
553
494
454
487
472
443
398
335
334
389
446
485
528
581
644
675
578
407
204
-26
-267
-480
-683
-844
-899
-855
-760
-672
-586
-507
-432
-379
-361
-390
-432
-436
-392
-332
-265
-173
-78
52
171
242
267
267
244
212
178
134
125
199
277
349
383
370
338
331
327
246
182
109
88
103
169
191
209
280
343
394
348
257
93
-66
-246
-427
-592
-682
-673
-603
-504
-405
-281
-185
-127
-127
-174
-255
-315
-332
-309
-254
-155
1
160
295
369
369
296
184
25
-162
-335
-436
-442
-318
-109
130
403
620
777
869
905
799
620
439
251
112
34
51
100
231
357
464
500
442
290
37
-267
-619
-887
-1090
-1188
-1192
-1068
-863
-619
-357
-154
-19
15
1
-53
-124
-204
-224
-164
-52
139
359
519
589
629
620
520
333
159
-2
-82
-115
-52
21
95
188
273
304
239
164
5
-155
-293
-342
-357
-320
-204
-49
149
308
438
476
446
341
222
90
-50
-177
-257
-268
-254
-200
-133
-65
-35
-17
-17
-62
-143
-210
-254
-294
-294
-315
-349
-364
-312
-260
-222
-169
-121
-17
111
281
433
579
686
784
840
798
680
505
309
107
-35
-161
-244
-264
-188
-87
-5
40
37
2
-94
-242
-435
-641
-835
-970
-1000
-934
-816
-628
-385
-125
112
321
478
568
616
635
607
541
477
439
399
331
236
154
83
33
-29
-109
-190
-239
-224
-181
-134
-121
-82
-37
13
31
46
47
61
84
128
200
314
447
570
665
714
714
655
524
324
107
-120
-354
-584
-777
-913
-984
-994
-968
-929
-876
-804
-718
-635
-543
-430
-305
-176
-46
90
254
424
550
599
597
565
536
484
389
265
159
84
59
74
96
95
91
95
88
77
35
-13
-58
-67
-29
56
162
279
404
521
602
659
662
615
522
403
262
108
-28
-150
-236
-310
-372
-423
-473
-521
-572
-627
-704
-744
-742
-708
-633
-528
-403
-256
-74
81
178
203
207
202
183
130
45
-31
-86
-86
-72
-34
-11
25
58
91
104
95
70
37
24
33
82
129
188
244
301
347
398
427
424
396
372
362
368
380
385
392
387
375
335
264
152
26
-106
-236
-368
-467
-540
-579
-574
-527
-456
-395
-325
-266
-205
-182
-181
-196
-201
-189
-165
-137
-129
-104
-73
-18
21
37
24
-8
-40
-71
-106
-166
-217
-229
-188
-120
-41
44
121
210
301
355
349
304
262
218
175
128
95
78
106
162
209
249
285
323
337
322
287
230
174
124
76
13
-57
-123
-175
-215
-244
-256
-274
-288
-282
-245
-191
-118
-44
11
56
80
76
46
2
-68
-150
-220
-279
-311
-326
-300
-257
-199
-134
-70
-18
8
43
73
89
116
174
242
313
381
431
457
448
415
350
244
125
14
-91
-192
-274
-309
-315
-296
-273
-221
-172
-116
-79
-57
-62
-72
-69
-63
-54
-52
-15
24
57
65
73
64
57
52
38
11
-17
-29
-30
-24
-28
-22
-10
9
36
74
102
118
134
162
175
186
200
228
244
246
235
203
162
138
133
117
81
45
13
-32
-69
-105
-144
-205
-270
-321
-353
-362
-344
-313
-282
-249
-206
-163
-141
-135
-150
-172
-215
-258
-311
-353
-389
-402
-393
-371
-313
-226
-110
3
122
241
353
450
526
589
613
627
635
651
644
632
626
598
542
467
387
284
172
48
-70
-178
-256
-286
-281
-259
-231
-181
-136
-99
-81
-78
-101
-145
-197
-244
-273
-288
-281
-254
-208
-158
-117
-105
-136
-208
-302
-393
-481
-555
-595
-579
-526
-450
-338
-213
-88
16
122
192
233
254
282
311
357
425
517
608
687
760
811
826
786
705
577
429
274
139
20
-78
-159
-215
-244
-263
-275
-285
-295
-320
-351
-360
-356
-340
-312
-253
-174
-84
3
82
133
153
145
132
84
21
-44
-100
-160
-220
-276
-325
-371
-419
-454
-479
-489
-481
-443
-388
-308
-199
-57
101
258
399
524
639
729
780
784
750
694
643
588
519
413
291
166
65
-39
-146
-258
-360
-435
-482
-503
-515
-514
-510
-481
-432
-373
-310
-240
-162
-80
2
75
143
190
236
278
305
306
283
256
224
180
123
62
6
-49
-100
-141
-175
-200
-214
-210
-201
-188
-164
-117
-72
-34
1
49
95
140
189
237
277
318
361
391
407
405
396
361
305
235
168
83
2
-90
-182
-281
-367
-439
-499
-541
-564
-564
-558
-531
-496
-443
-383
-314
-249
-178
-101
-11
73
154
225
298
361
418
448
457
447
426
395
344
277
196
118
51
-3
-47
-90
-130
-157
-164
-159
-150
-135
-117
-85
-49
1
54
92
128
164
206
241
267
287
292
282
259
235
190
131
64
-6
-86
-165
-242
-307
-362
-405
-432
-451
-456
-445
-410
-378
-350
-314
-269
-209
-152
-86
-28
41
98
154
197
230
249
257
261
247
236
219
199
171
140
105
76
49
27
14
5
-2
-7
-5
-3
-1
-5
-1
12
37
56
77
93
104
116
123
123
115
108
97
87
68
60
49
33
13
-9
-28
-55
-77
-101
-126
-151
-164
-172
-178
-189
-193
-190
-185
-184
-182
-178
-175
-164
-153
-132
-108
-78
-55
-34
-12
19
47
73
92
109
131
159
183
201
205
207
215
219
218
203
188
163
145
123
100
73
39
6
-25
-55
-85
-116
-144
-163
-172
-173
-168
-162
-149
-125
-95
-68
-46
-15
12
42
63
85
102
116
128
130
122
105
92
70
39
1
-33
-65
-90
-109
-125
-144
-154
-149
-142
-135
-126
-108
-84
-56
-24
11
46
77
109
137
156
173
189
197
191
179
162
145
124
99
66
25
-15
-52
-83
-115
-148
-180
-205
-225
-235
-242
-244
-243
-234
-215
-188
-161
-134
-103
-64
-24
21
62
97
132
168
201
226
246
259
275
289
297
296
284
265
244
217
185
146
102
52
0
-46
-90
-130
-173
-206
-230
-245
-252
-256
-260
-258
-245
-222
-191
-157
-113
-67
-23
19
59
86