SAMPLES:	11028
BITSPERSAMPLE:	16
CHANNELS:	1
SAMPLERATE:	16000
NORMALIZED:	FALSE
3
-3
1
16
28
-9
-11
-13
25
-14
5
-3
-15
1
-18
5
5
12
8
5
-18
-5
-15
-18
9
20
-2
14
14
-9
6
6
-27
-6
1
-21
11
31
18
4
6
-27
-9
-19
-10
-9
9
22
19
4
-14
-7
4
6
-20
2
5
-1
5
8
11
-9
12
-6
-32
-30
4
34
10
28
6
-22
-8
12
-9
-34
-1
23
10
-1
1
0
1
13
7
15
-47
-4
7
12
-8
-19
1
2
53
-16
-1
-31
-4
-3
-7
-6
28
15
20
28
-25
-28
-20
-13
13
5
-19
21
4
30
-8
7
-45
34
-7
-10
-16
-6
2
40
18
-26
-1
-5
19
-57
18
-16
33
-25
1
-18
15
5
6
10
-14
1
-17
25
-28
16
-27
20
6
30
-3
-4
-4
-20
34
5
-24
-17
-10
8
42
16
-9
-9
44
-21
12
-82
1
16
18
-7
-30
28
-26
78
-44
14
13
9
-49
6
4
-19
13
-9
18
6
18
-27
-4
-10
3
-13
-6
19
19
12
-13
-17
7
-18
-13
29
31
0
-26
-7
-8
14
-17
17
32
-2
-31
24
-21
11
-26
41
35
19
-34
40
8
-31
2
-71
7
-8
3
-28
81
-43
39
-37
26
-17
-50
-18
-6
23
-13
55
-32
60
-6
52
-65
-23
26
26
-26
28
-33
-16
40
-46
-46
-2
20
22
8
8
14
0
-35
1
-34
6
-38
38
9
24
57
2
-25
21
-36
-15
-28
3
0
32
-4
51
2
-34
19
-52
-4
-14
51
-36
45
-53
17
12
-15
-41
-11
27
40
29
-46
108
-50
41
14
-132
-14
35
-15
-57
43
-6
69
47
-65
-4
-16
25
-1
-76
27
-29
70
9
43
-7
-9
28
-33
-11
-8
30
-44
44
-34
-39
2
15
31
3
3
25
-69
70
-61
-31
-32
28
-11
123
1
-70
97
-91
43
1
-19
-83
156
-87
37
36
-111
-4
80
-50
-62
88
-54
96
-15
-41
-65
86
-13
75
-126
35
18
14
-14
-31
-23
99
36
-20
-15
-107
86
-8
61
-114
97
-84
112
-25
-115
48
-25
47
-16
74
-27
51
-52
4
-95
-49
28
43
-71
35
43
-11
23
17
-75
48
64
-27
-42
-68
1
40
72
-106
118
-92
19
81
-45
-27
36
24
-25
-69
67
-124
81
-6
37
-39
48
-34
30
-13
-97
76
-87
34
33
94
-145
196
-156
37
-45
53
-71
61
3
-66
163
-3
-30
45
-54
-125
116
-116
8
60
123
-142
107
-55
17
60
-89
-114
72
23
39
8
-63
-64
113
-53
-57
176
-140
210
-23
-90
-77
93
-23
8
-28
-41
93
63
-49
-15
-149
115
-16
-75
44
-75
57
40
26
-105
85
-93
38
51
-61
91
-21
80
-19
-13
-107
15
24
-91
128
-77
103
49
-38
-52
-11
-3
-84
117
-100
46
27
-23
97
-36
76
-72
77
-206
143
-73
-27
63
-13
35
-18
80
-117
8
-87
116
-38
-27
-10
-67
88
-75
60
-25
122
-27
31
-36
-36
51
-100
41
-121
32
22
77
25
-1
66
16
25
-142
-62
5
-39
-43
1
25
-7
149
-23
5
63
-36
13
-49
25
-51
131
-97
75
-95
-28
55
26
-16
-72
86
-79
138
-104
7
-120
52
-24
102
60
-64
96
-78
39
-121
103
-173
84
20
-12
87
70
-29
-104
76
-134
73
-56
15
-38
119
-89
43
-44
46
5
91
-70
-2
20
-40
48
-75
89
-82
80
-114
224
-127
170
-87
-17
-92
-67
-19
30
1
-90
138
-35
101
-26
-77
6
0
-16
-66
-15
144
18
-40
2
102
-72
86
-188
17
102
103
-33
0
-106
28
13
-88
24
-38
81
-98
59
-92
84
-109
0
-138
145
92
27
57
13
-29
-134
86
-35
37
-50
122
-157
161
-9
-28
-55
93
-76
-75
12
-42
69
-20
17
-59
132
-44
-30
-65
45
3
65
-84
76
6
-21
58
-89
-103
33
63
-64
111
-4
106
43
-85
57
-35
-24
78
-108
11
52
-103
-26
38
67
-103
86
-39
56
-5
-54
-53
85
31
7
-39
-15
53
62
-107
109
-22
-118
93
-120
12
-2
38
-90
156
-137
80
-108
11
120
-100
46
3
41
-104
173
-147
135
-90
51
-33
44
-110
-14
54
18
35
-5
91
-66
-18
-49
-47
-31
98
-78
21
88
76
-27
-88
-48
70
-65
-34
-93
40
197
-20
-44
-50
46
19
-61
-166
120
140
30
99
-41
-4
-57
-63
-122
-31
69
35
113
10
16
-100
-67
14
-37
-103
-82
-4
93
163
68
-153
65
-127
121
-78
47
-13
192
-132
38
-65
42
8
-155
9
66
165
-77
143
-117
86
-236
83
-193
45
83
30
-137
185
136
-19
82
-24
-59
-180
23
55
-89
1
184
4
-6
-72
-29
-126
140
-46
3
-54
40
-31
-56
182
-155
28
-11
128
-130
71
-95
26
146
-19
191
-303
211
-57
105
-248
67
-66
-140
-17
20
90
11
261
-107
218
-171
124
-265
-117
-35
121
-55
48
317
-169
156
-72
37
-199
20
-89
30
-13
111
138
-346
204
-166
75
-37
48
-181
151
-113
-56
87
79
35
76
-52
-51
89
6
25
-46
112
-120
37
-75
-146
156
-29
61
13
81
-98
171
-253
184
-24
-59
16
-60
432
-249
95
-186
-47
-84
288
-133
-6
0
-144
197
-199
-74
-63
368
-63
85
30
-68
-152
49
-182
-124
186
212
-137
-56
292
-295
70
-172
150
-200
244
-54
79
-129
50
-3
-16
58
-152
159
-195
290
-46
-134
76
-16
-97
-239
419
-108
75
-239
176
-144
278
-284
147
-120
264
47
-127
-97
118
146
-109
-86
-307
338
-96
170
-152
-106
33
99
-199
-55
104
144
-22
-213
-146
274
106
-133
-15
-21
155
-38
-52
12
72
38
75
-103
-8
95
135
-203
-11
44
-136
-151
184
-7
-42
155
41
12
-39
89
-409
-74
158
-227
-75
207
225
178
-88
-2
-281
98
296
-276
35
-58
-13
180
314
-359
177
-175
245
-170
31
-35
199
202
-295
12
-464
263
-138
343
-509
571
-507
553
-281
70
-38
18
376
-396
297
-390
310
-145
491
-648
44
-22
254
340
-470
57
-147
121
-335
407
-213
-18
225
-529
-11
251
117
-227
370
-393
171
-110
92
-195
237
9
-89
138
55
94
-283
193
-204
101
-2
-115
46
191
-73
-66
-93
-85
310
38
-275
241
-291
-90
48
301
-87
-21
-88
21
214
-269
371
-96
-135
124
128
-465
209
-202
-166
197
-238
211
-136
235
67
351
-315
-18
-221
137
152
-39
304
-254
235
-389
62
-85
310
-187
-22
-178
16
-279
-3
320
4
372
113
-342
-39
-220
269
114
-191
-59
186
51
464
-255
-145
100
-167
103
-421
-42
33
127
162
-9
-136
64
283
-191
-41
227
-70
-118
-108
-277
152
212
-205
109
18
230
346
-443
267
-411
-15
-128
83
-108
93
153
-207
444
-240
265
-522
393
-141
-72
-163
-79
596
-265
370
-367
149
-150
203
-333
-89
175
68
-107
-328
567
-308
427
-362
-212
231
-16
153
-31
-68
110
-76
-163
-57
54
158
5
-17
-58
81
314
-61
56
-362
129
243
-346
-181
68
-85
120
16
-497
228
123
-85
293
-378
210
-90
-316
410
-342
361
-188
161
117
-17
86
-127
-106
-38
311
-220
407
8
34
-227
176
-160
-307
399
-647
581
-152
232
-171
373
-574
343
-570
-105
555
-115
223
-104
319
-166
-180
-127
-111
253
45
51
-308
-20
262
-106
140
-238
44
2
108
-60
231
-330
121
-144
-27
-33
38
289
-326
82
-311
134
190
268
-317
161
-40
-31
153
-215
-49
405
-121
182
-93
-100
451
-167
-145
-65
10
-258
-206
-425
285
269
427
-242
-194
241
262
-150
-364
150
-136
227
-212
281
-273
432
-116
-91
160
87
-10
122
-103
-458
-31
-281
685
-393
92
-29
299
159
210
151
-705
254
-330
47
37
29
-331
236
198
463
-95
-312
-164
-278
-209
324
-384
47
24
-74
707
-227
356
80
-85
-167
166
-885
572
-567
93
387
124
493
-388
-166
30
583
-547
178
5
-167
247
-664
-171
-189
300
325
165
-99
-106
109
-288
47
-437
225
-235
143
267
188
352
-41
-310
37
-266
734
60
-788
81
-56
397
663
-251
-467
410
-260
161
-371
-263
62
19
-290
-345
217
240
600
-145
-53
-225
65
-62
264
-249
391
-389
69
83
-185
298
-373
472
33
297
-67
-518
18
-226
322
-608
-165
461
55
405
140
47
-583
373
-88
-21
-317
-82
84
200
-367
-101
-51
264
13
337
-310
629
458
-67
-295
-144
45
75
-423
-57
195
-228
517
-412
38
7
233
-563
-19
322
-185
102
-248
204
-51
183
-130
127
-9
785
-657
-16
-278
-110
53
4
603
-209
125
-660
380
-152
280
-502
81
-90
157
247
-564
461
95
229
283
-524
118
-11
-54
134
40
-110
147
80
-59
75
-125
-147
-130
-312
-423
82
-47
350
229
289
-508
759
-67
56
-323
-343
508
-78
312
-642
-55
-40
261
-392
214
-631
123
603
-619
368
-354
248
-358
68
320
61
441
-774
-30
-217
411
362
253
395
273
42
-85
-380
429
-819
72
-779
-240
594
399
221
-379
547
249
-583
-463
-301
-202
889
244
-701
-398
425
611
812
-440
342
99
-270
82
-953
-378
-63
-684
513
-161
951
46
192
-119
-123
-185
-196
-118
-358
573
-310
152
782
-72
221
15
-657
405
-803
817
-619
14
86
216
401
519
-175
106
-65
-213
-655
-507
54
-122
89
69
280
913
52
225
-753
127
-131
-309
-224
-456
383
254
-30
129
372
-255
553
-425
284
-599
639
-389
-346
79
-675
-279
263
673
537
-73
-223
265
7
391
-487
-232
238
-454
-21
-313
-402
993
-265
284
179
145
289
-136
-445
-167
214
-306
263
5
-37
4
-91
-706
647
-235
-23
338
-528
135
414
45
-517
-18
-109
118
524
-421
462
274
-250
448
-441
7
286
-527
-102
12
162
48
129
-58
-587
680
-931
781
-227
-533
631
-466
224
380
-553
332
270
-260
499
-390
-770
7
308
271
382
-494
-51
258
198
-71
-24
-266
314
-19
29
235
40
169
-451
-173
-103
233
152
363
-822
383
-21
23
-181
351
-612
550
121
-682
533
-757
208
523
-885
824
-350
262
498
-507
-219
16
417
236
-293
-182
-159
786
165
-192
-192
-512
928
-1024
444
-202
257
194
-265
-300
128
108
275
-428
-726
893
-331
243
-59
-358
748
84
-329
114
-1098
724
-481
318
281
-16
11
128
347
160
-78
7
-243
192
-979
-57
-302
-424
1009
-673
679
-178
369
-31
480
-252
183
-240
-538
-220
161
-266
918
-81
190
558
-362
330
-520
148
-318
-382
-492
181
-37
495
256
-156
-61
795
-615
327
-602
512
-293
263
-62
-568
541
-421
290
-368
299
269
53
-325
-397
-12
46
229
16
-195
176
57
-255
380
-249
182
88
122
-49
-324
299
-407
1189
-526
496
-747
-319
-17
-176
118
95
430
-290
-110
-146
-381
534
621
-140
953
-497
232
-1115
28
-610
-166
71
176
445
116
822
-248
-2
574
-543
-632
-157
-479
444
-93
778
-92
-211
650
-879
411
-668
544
-184
-244
-57
92
356
124
222
-850
487
680
-696
-236
96
-674
975
-718
247
165
26
773
-1004
100
-603
384
238
271
-118
-526
226
-176
87
-18
113
357
-226
238
-626
367
222
264
-113
-372
171
-674
1003
-710
-86
616
-717
561
-57
46
77
-175
183
-190
-308
282
-152
142
667
-548
339
-304
-133
-345
127
130
314
-281
-339
188
73
115
238
-366
245
-17
-2
130
-108
216
-55
-189
280
59
507
-63
-496
95
-52
163
-417
410
-154
-164
76
-893
415
-266
461
-214
-196
-151
191
-89
428
-840
366
-380
13
851
47
52
298
2
-338
712
-750
149
-137
437
-99
-449
-123
-143
313
246
-401
192
230
-108
94
-454
469
470
-23
-250
-253
431
-502
-133
214
9
483
26
-259
75
-280
693
-542
-28
533
-1076
684
-755
32
109
60
-196
84
-182
182
307
-139
-757
501
-511
297
506
-913
949
-237
530
318
227
-27
84
-448
-242
148
-97
-294
159
-1025
359
-200
110
210
0
305
278
123
-17
287
76
111
-581
-31
81
-649
769
-345
226
253
-543
283
-98
59
-37
-465
213
-96
-362
250
-198
499
-309
-187
447
304
513
-642
-48
111
-579
133
-101
30
369
-187
357
81
-285
23
45
22
136
45
-961
387
272
-276
83
582
31
79
322
-492
119
448
-548
-160
-735
545
128
177
-632
263
81
262
-21
-911
366
35
-274
433
-56
32
-279
-796
268
279
717
-148
280
-644
-127
562
-244
-425
717
-467
95
265
-231
14
663
-120
28
3
-260
-144
-596
379
-398
-282
391
687
-169
240
12
426
199
-43
-228
206
533
44
-116
146
395
-747
385
-141
-123
603
-359
-627
-965
-755
-116
-1212
-270
88
-360
1225
223
1077
201
509
547
-326
336
-908
32
227
67
197
-466
637
504
516
-596
-654
253
346
-814
-1027
-191
655
770
-424
-194
480
1084
27
-1288
-511
50
303
168
-517
-618
-583
1141
618
-248
216
-687
964
216
-858
-32
-541
942
407
-446
-337
430
699
-268
-201
-527
-430
402
-370
-187
-373
210
387
233
550
-123
-241
437
-234
102
73
63
-785
-404
629
420
235
-265
-802
329
720
485
-426
-73
-485
28
-308
-427
-203
136
878
-357
9
330
437
70
-414
-490
-215
213
73
-452
-14
780
156
315
-12
-365
-17
166
391
-669
-162
-221
13
624
-531
-111
195
-147
206
-673
140
17
621
-427
-250
936
-951
867
283
-441
171
169
475
-472
168
-598
-140
671
-249
-462
62
561
444
-188
-92
-310
227
298
-95
7
419
86
-243
-603
-238
289
-331
551
-689
-201
-76
710
308
-1018
-523
50
959
-242
-755
-485
-685
1300
-297
-260
37
21
379
348
235
157
-321
197
475
-318
595
-306
360
835
-845
507
234
83
446
-1392
-264
-244
511
389
-837
-2
329
938
275
-185
-498
129
748
-86
-691
-163
197
-171
-746
-335
597
144
-499
-193
571
307
189
-1102
-437
607
-195
103
-268
-351
217
-739
285
-511
77
342
-94
296
-662
-317
513
227
201
-126
159
429
393
162
206
100
165
124
-579
-287
191
-339
-112
-42
105
710
-12
472
330
154
38
154
-231
-73
-95
329
231
109
-91
-14
265
229
222
-751
-834
-111
-536
-336
-307
-652
344
-226
479
185
76
722
147
368
-414
-632
189
195
19
-91
-394
212
-181
157
-45
26
356
-145
101
-873
43
51
219
87
-352
197
518
508
104
-228
368
58
237
-201
-320
112
-278
395
-59
374
143
-136
179
-640
-186
-399
-34
196
-475
-13
-213
-76
255
-106
76
-441
52
178
-12
75
-81
358
303
344
-59
-23
-208
-381
-573
-348
-38
-48
-266
-102
-126
613
100
78
289
168
476
389
258
168
-149
292
350
-148
202
-276
21
101
51
-155
-425
113
23
-497
-362
-156
137
108
-42
-368
50
325
38
-450
-284
-65
197
-78
-261
-211
-219
191
-220
91
76
128
528
306
-91
-183
47
567
452
126
-274
-132
454
152
-201
-482
-416
-137
-82
-476
-273
128
479
-32
-167
296
332
465
149
-57
-78
152
10
-338
-207
27
343
44
-107
5
328
362
176
-142
-416
61
279
236
-95
127
85
332
149
-113
-123
-39
223
-24
-210
-357
-226
-286
-198
-257
-607
-472
-242
-269
-81
-100
-41
-98
-62
-69
-185
6
67
150
-64
-117
-106
16
174
-75
-353
-281
-158
-280
-437
-652
-276
-127
12
-140
-245
-114
76
155
-76
-99
143
411
464
337
368
618
891
941
882
1107
1247
1419
1163
1421
1489
1527
1397
1273
1132
812
741
500
474
477
138
-287
-394
-412
-364
-763
-1103
-1295
-1600
-1931
-2205
-2527
-2577
-2696
-2607
-2724
-2718
-2753
-2738
-2585
-2463
-2394
-2339
-2201
-2016
-1658
-1075
-768
-405
-166
154
502
1070
1797
2412
2709
2658
2901
3436
4263
4351
4209
4280
4812
5286
5592
5665
5790
6229
6511
5679
3495
1571
1048
985
189
-1637
-3264
-3792
-3801
-3879
-4742
-5464
-5207
-4713
-4979
-5895
-6795
-7111
-6196
-4845
-4078
-4087
-3856
-3209
-2474
-1846
-1589
-1024
-184
574
695
126
-199
-2
525
927
797
766
1015
1474
1827
1856
2029
2667
3729
4534
5089
5396
6207
7315
8360
8538
8966
9356
8280
5109
2374
2122
2470
1428
-1453
-3992
-5309
-4710
-4671
-5675
-6549
-5997
-5266
-5409
-6666
-7579
-7240
-5141
-2929
-1751
-1457
-1262
-873
-537
5
392
590
558
540
38
-759
-1780
-2377
-2456
-2018
-2363
-3522
-4398
-4369
-3462
-2383
-1463
-548
744
2392
3195
3638
4842
7174
9174
9753
9838
10142
11097
11883
11746
11681
10233
6899
2968
606
-392
-2190
-5009
-7648
-8925
-8540
-8277
-9053
-9649
-9038
-7138
-6096
-5911
-6312
-5239
-2963
-313
1588
2495
3193
3838
4372
3818
2298
1291
1616
1440
134
-2034
-3911
-5079
-5368
-5925
-6795
-7370
-6879
-6496
-6383
-5817
-4175
-1583
1017
3029
4339
5667
7016
8840
10604
11591
11955
12008
12070
12332
12438
11975
11069
9240
4554
-522
-2810
-3171
-5008
-8802
-11657
-12353
-10986
-9596
-9275
-9264
-7246
-4402
-2937
-3056
-2957
-1423
1327
4153
5576
5919
6049
6300
5923
4239
2067
58
-1710
-3148
-5105
-7543
-9465
-9673
-9098
-8960
-9141
-8680
-7272
-5358
-3905
-3066
-1809
407
2983
5178
7002
9010
11043
12449
13120
13220
13027
12379
11724
10894
9761
8529
7713
6378
2139
-3471
-6805
-6696
-6500
-8848
-12427
-13878
-12287
-9127
-7283
-6628
-5060
-1815
1007
1740
1072
1373
3468
6353
8007
7420
5975
4832
4199
2650
-29
-2788
-4733
-6550
-7940
-9139
-10545
-11709
-11761
-10495
-8784
-7057
-5768
-4779
-3221
-892
1472
3153
4853
6910
8847
10197
10745
11121
10998
10887
11041
10801
9694
8017
7150
7127
6418
5678
3939
-354
-5841
-8051
-6731
-6047
-8461
-11744
-12436
-10085
-6384
-4237
-3541
-1942
1268
3259
2763
1191
1189
3030
5686
6850
5822
4001
2862
2087
437
-2274
-4638
-6077
-7291
-8828
-10249
-10849
-10613
-9651
-8319
-6986
-5496
-3602
-1645
-121
904
2250
4084
5912
7099
7846
8499
9187
10055
10022
8877
7807
7835
8342
7368
5693
4911
5446
6128
6005
2432
-3792
-7855
-6666
-4045
-5509
-9917
-12564
-11155
-6975
-3671
-2814
-2289
477
3452
3624
1295
-124
1297
4351
6652
6124
4018
2189
1660
599
-1789
-4600
-6373
-6971
-7673
-9538
-11693
-11608
-9118
-6556
-5831
-6027
-4687
-1299
1849
2803
2603
3651
6076
7858
7714
7051
7391
8911
9662
8389
6144
5315
6096
6390
5499
4031
3976
4544
4759
4354
1504
-3426
-7127
-6327
-4293
-5406
-9463
-12108
-10580
-6261
-2323
-1134
-702
1160
3379
3800
2070
844
1879
4512
6297
5517
2692
309
-289
-712
-2725
-5802
-7856
-8186
-8092
-8732
-10257
-10389
-7647
-3971
-2241
-2305
-1802
679
4123
5780
5461
4768
5155
6051
6376
5675
4836
5162
5987
5546
3882
2526
2665
3413
4261
3989
3101
3047
4451
6644
6493
1944
-4292
-5982
-2565
-1048
-5571
-11940
-12972
-8510
-3377
-1647
-2577
-2052
792
3508
2682
72
-576
2170
5167
5565
3500
1031
47
298
-359
-3025
-5719
-6307
-5923
-6241
-7386
-8397
-8073
-5744
-2722
-1510
-1551
-711
1675
4041
4973
4445
3455
3225
3957
4284
3506
2587
2973
3983
4290
3803
3071
3157
4211
5916
6265
5223
4907
6426
8816
8079
2216
-4977
-6671
-3207
-2544
-8225
-14684
-14768
-9629
-4415
-2830
-3477
-2374
1298
4135
3135
727
994
4118
6800
6551
4198
1904
1269
1062
-530
-3472
-5535
-5900
-6190
-7141
-8431
-8767
-7650
-5043
-2760
-1999
-1651
32
2538
4021
3950
2960
2454
2725
3091
2800
2054
2007
2846
3729
3711
3700
4063
4743
5524
6181
6365
6017
6173
7187
8494
8055
2948
-4777
-8738
-6289
-4191
-8158
-14949
-16986
-12441
-5977
-2248
-1746
-662
2983
6554
6710
4413
3541
5548
8124
8462
6073
2871
833
7
-1389
-4123
-7058
-8682
-9320
-9784
-10343
-10410
-9314
-6729
-3483
-1269
-248
1041
3334
5307
5484
3865
2361
2220
2851
2908
2147
1902
2842
4173
4354
3733
3253
3898
5115
5469
4575
3952
4804
6418
7507
7666
5345
-870
-7063
-8154
-5403
-5783
-11256
-16170
-14869
-8640
-2495
419
1260
3441
7179
9261
7718
4915
4555
6204
7230
5822
2568
-899
-2716
-3178
-4689
-7786
-10540
-11249
-10800
-10217
-9603
-8890
-7378
-3872
467
3111
3668
3995
5456
7255
7417
5350
2385
1291
2408
3401
2352
322
-328
709
2157
2424
2042
2199
3731
5089
5335
5091
5922
7707
9125
8239
2500
-5147
-8394
-5300
-3453
-8171
-14945
-15794
-9962
-3010
430
710
1803
5652
8938
8180
4580
2937
4306
6056
5175
1824
-1850
-3477
-3398
-4377
-7324
-10229
-10732
-9665
-8545
-8000
-7228
-5207
-1838
1605
3600
4444
5394
6694
7052
5718
3079
940
488
1037
782
-666
-1810
-1412
219
1655
2331
2341
3092
4390
5630
5881
5839
6664
8082
9048
9279
7372
997
-6519
-8898
-5965
-5414
-11236
-17354
-16857
-9975
-2933
387
1112
3077
7119
9710
7960
4132
3019
4888
6092
4275
800
-2187
-3189
-3163
-4436
-7518
-9643
-9303
-8069
-7288
-6562
-5045
-2712
154
2993
4482
4707
4855
5309
5501
4616
2498
-46
-1343
-777
170
-249
-1574
-1943
-740
906
2175
2608
3025
4437
6614
7781
7464
7073
7772
8813
9256
6558
-1098
-9155
-10920
-7322
-7221
-13263
-18689
-16536
-8822
-1838
1301
1859
3926
7923
10386
8523
5006
4004
5377
6232
4701
1591
-1241
-2372
-2746
-4454
-7409
-8938
-8019
-6539
-5903
-5897
-4833
-1953
1756
3882
3543
3011
4120
5512
4652
1517
-1314
-1673
-530
-465
-2055
-3310
-2248
-32
1312
1150
1330
3038
5252
6189
5597
4982
5604
6843
7895
7802
7182
4688
-1702
-8404
-10026
-7186
-7586
-13002
-17414
-15017
-7656
-900
2483
3625
6167
9726
11078
8507
5060
4113
5157
5801
4197
1454
-1033
-2213
-3065
-5075
-7487
-8494
-7792
-6915
-6548
-6061
-4534
-1978
832
2863
3414
3324
3368
3335
2480
1173
88
-434
-900
-1427
-1623
-1147
-349
323
765
1419
2544
3239
3412
3808
5409
6862
6698
5621
5420
6767
7696
4650
-3337
-10035
-9762
-6011
-7164
-13783
-17131
-12437
-3682
2268
3595
3669
6292
10365
11172
7665
3654
3344
5301
5939
3681
153
-2191
-2825
-3203
-5148
-7644
-8608
-7694
-6666
-6145
-5384
-3689
-1090
1552
2933
2767
2120
2409
3212
3209
1711
-380
-1516
-1109
-312
-527
-1394
-1652
-837
34
145
602
1911
3668
4847
5593
5561
5167
5526
6486
6896
6387
3925
-1986
-7953
-8940
-5868
-6023
-10866
-13906
-10609
-4028
908
2979
3837
6122
9216
10078
7070
3633
3290
4752
4961
3008
412
-1670
-2643
-3269
-4922
-6929
-7437
-6450
-6034
-6161
-5304
-3187
-1119
248
1291
2031
2803
3269
2789
1555
525
-167
-917
-1736
-2304
-2459
-2283
-1625
-826
-183
651
2133
3277
3848
4417
5281
5791
5500
5059
5678
6622
7324
6254
1453
-5214
-7928
-5577
-4354
-8479
-13554
-12973
-7007
-1051
1931
2785
4397
7396
9396
7637
4033
2552
3782
4986
3987
1740
-624
-1862
-2426
-3142
-4817
-6174
-6267
-5972
-5888
-5747
-4655
-3038
-1255
120
629
546
883
1808
2033
1175
-93
-748
-738
-802
-1278
-1766
-1567
-892
-273
-107
506
2141
4247
5702
6245
6347
6266
6304
6719
7106
6692
5677
2770
-2569
-7043
-6974
-4947
-6735
-11660
-13317
-9297
-3728
-218
1361
2808
5390
7873
8077
5635
3841
4412
5808
5547
3809
1462
-541
-1706
-2660
-4277
-6396
-7355
-7395
-7402
-7401
-6482
-5003
-3412
-1762
-152
946
1486
1879
2014
1817
1392
583
-516
-1312
-1361
-1011
-544
-83
381
767
1586
2956
4012
4611
4887
5416
5716
5647
5227
5012
5352
6538
6595
2055
-4718
-7549
-5254
-4452
-8700
-13341
-12586
-7230
-2029
772
1817
3687
7071
9428
8199
5169
3971
5031
6124
5296
2945
96
-1565
-2281
-3672
-6208
-8145
-8694
-8707
-8419
-7647
-6557
-5545
-3699
-1006
1249
2021
1861
2047
2887
3724
3300
1414
-416
-452
455
418
-691
-1388
-908
302
1480
2028
2543
3654
5273
5934
5164
4065
4367
5814
7192
7449
4810
-750
-5466
-5708
-3747
-5096
-10067
-13108
-10399
-4935
-748
1008
2217
4792
7958
8778
6343
3825
3783
5477
5899
4236
1442
-946
-2185
-2911
-4723
-7382
-8854
-8675
-8093
-7971
-7757
-6819
-4830
-1845
1048
2367
2525
2947
3762
4026
3277
1892
540
-327
-730
-1233
-1837
-1735
-787
285
1039
1975
2972
3974
4559
4827
4926
4775
4512
4595
5228
6297
7525
5767
6
-5294
-5595
-3434
-5321
-10872
-13561
-10198
-4776
-948
572
1481
4133
7614
8738
6208
3536
3371
4957
5345
3750
1114
-1167
-1985
-2487
-4271
-7004
-8518
-8534
-8058
-7872
-7733
-7113
-5367
-2307
497
1716
2031
2976
4284
4856
4214
2919
1665
804
402
-217
-1167
-1666
-1144
-222
810
1798
2705
3635
4382
4672
4679
4392
4109
4303
5132
6042
6446
4773
416
-4053
-5382
-4195
-5165
-9306
-12300
-10456
-5916
-2091
-157
1173
3561
6604
7921
6224
3738
3197
4573
5394
4298
1969
-219
-1547
-2473
-4136
-6516
-8261
-8563
-8201
-8094
-7878
-6832
-4925
-2223
695
2539
2951
3096
3972
4987
4779
3153
1314
255
153
166
-444
-1051
-638
616
1712
2240
2027
2071
2927
3695
3585
2581
2031
2803
4567
5661
6004
5433
2478
-2100
-4967
-4337
-4058
-7177
-11161
-10785
-6429
-2116
139
1036
2582
5286
7368
6446
3590
2033
3197
4896
4569
2669
540
-869
-1691
-2854
-5184
-7384
-8024
-7579
-7108
-6895
-6546
-5739
-3822
-1012
1531
2483
2545
3232
4618
5245
4198
2141
639
774
1299
655
-1008
-1744
-678
882
1432
941
442
712
1954
2930
2505
1547
1923
3831
5477
5775
5664
4357
1031
-2195
-3069
-3056
-4866
-7971
-9139
-6945
-3632
-1087
273
1307
3168
5251
5303
3360
1950
2450
3996
4421
3268
1596
281
-623
-1731
-3843
-6052
-6664
-6197
-5983
-6353
-6749
-6240
-4522
-2342
-310
1182
2158
3015
3476
3158
2720
2407
2001
1369
514
-266
-735
-713
-303
333
634
889
932
713
888
1390
1965
1846
1714
2195
3747
5170
5993
6594
5935
2769
-1110
-2474
-2048
-3212
-6699
-8591
-6921
-3839
-1525
-311
206
1125
2891
3753
2712
1209
1268
2783
3933
3716
2561
944
-396
-1132
-2111
-3659
-4701
-5008
-5358
-5897
-6551
-6738
-5874
-3852
-1283
453
850
949
1573
2479
3245
3288
2508
1717
1364
1307
948
395
293
698
884
738
468
136
255
735
963
854
850
1856
3488
4768
5482
6309
6327
3938
200
-1777
-1010
-1148
-4239
-7325
-6801
-3899
-1732
-1314
-1536
-731
1127
2471
1821
221
123
1896
3423
3158
2085
1330
1119
923
-10
-1898
-3716
-4476
-4554
-4975
-5942
-6501
-5909
-4511
-2837
-1500
-840
-444
590
2147
3267
3250
2363
1897
2245
2671
2222
1134
424
647
1204
1226
610
-222
-538
-488
-336
-241
145
893
2093
3527
4710
5580
6216
5358
2811
818
790
691
-1557
-4538
-5316
-3867
-2478
-2004
-1990
-1804
-962
123
133
-841
-1291
-342
1173
1996
2193
2392
2371
1998
1240
40
-1415
-2396
-3015
-3571
-4257
-4903
-5308
-5366
-4568
-3110
-1656
-737
14
712
1323
1611
1695
1871
2128
2342
2206
1578
839
831
1292
1520
992
182
-370
-553
-439
-101
336
830
1891
2848
3450
3999
5296
6406
5328
2490
675
1009
863
-1372
-4315
-4911
-3435
-2317
-2509
-3204
-3284
-2444
-1242
-1161
-1853
-2115
-763
1435
2719
2894
2850
2906
2652
2099
958
-287
-1198
-1773
-2298
-3151
-4231
-4943
-4867
-4082
-2773
-1770
-1528
-1598
-1315
-570
74
288
478
1077
1820
2351
2542
2392
2142
1970
1797
1354
588
-84
-271
-20
377
640
723
1051
1839
2912
3882
4601
5098
4584
2721
810
346
488
-458
-2399
-3549
-3165
-2555
-2492
-2693
-2713
-2412
-1774
-1313
-1214
-1208
-724
540
1813
2318
2344
2525
2660
2240
1225
103
-716
-1320
-1818
-2247
-2859
-3450
-3497
-2983
-2403
-2099
-2142
-2100
-1610
-1025
-779
-840
-573
362
1415
1814
1655
1348
1074
952
800
584
409
446
537
682
779
769
769
916
1513
2375
3085
3146
3140
3436
3560
2884
1722
1125
914
154
-1370
-2229
-2141
-1959
-2231
-2391
-1940
-1309
-1034
-1234
-1330
-1296
-916
-220
567
1135
1446
1592
1555
1233
464
-280
-695
-821
-885
-1020
-1268
-1552
-1773
-1929
-2015
-2224
-2465
-2362
-1731
-1022
-790
-885
-780
-233
313
392
116
-70
102
426
542
355
219
387
777
1062
1037
936
1077
1429
1571
1502
1532
1919
2553
3264
3707
3425
2505
1636
1336
1155
373
-1042
-1981
-1786
-1136
-878
-1123
-1327
-1236
-962
-771
-668
-774
-846
-410
342
831
741
436
335
531
495
-4
-589
-924
-1020
-1133
-1432
-1876
-2245
-2344
-2110
-1776
-1470
-1144
-741
-469
-366
-279
-168
-131
-198
-211
-93
53
45
-56
-93
-29
35
89
82
43
130
393
574
592
781
1357
2124
2678
2919
3138
3417
3503
3043
1868
545
-93
-122
-273
-871
-1427
-1408
-882
-407
-255
-204
-41
247
422
304
-44
-285
-202
238
599
588
293
-102
-520
-936
-1327
-1686
-1876
-1919
-1890
-1838
-1697
-1457
-1123
-711
-283
-4
4
-11
127
166
-107
-534
-781
-757
-665
-694
-795
-898
-918
-807
-634
-517
-450
-290
101
671
1214
1607
1842
2082
2356
2540
2444
1982
1314
780
477
241
-74
-492
-833
-839
-397
177
476
538
823
1480
2026
2120
1944
1871
1903
1818
1395
708
-94
-874
-1378
-1567
-1615
-1719
-1901
-2124
-2211
-2184
-2169
-2089
-1816
-1267
-543
116
447
486
485
612
753
572
82
-366
-610
-846
-1199
-1525
-1616
-1406
-1151
-1033
-1037
-902
-492
114
617
817
958
1199
1448
1405
1001
455
42
-267
-647
-1010
-1225
-1285
-1114
-739
-263
334
1057
1841
2494
2876
3048
3183
3224
3179
3072
2860
2511
2004
1301
529
-91
-666
-1327
-2035
-2518
-2703
-2755
-2838
-2799
-2410
-1689
-849
-192
187
443
738
1002
1100
949
653
423
305
72
-422
-952
-1161
-1052
-976
-1158
-1397
-1418
-1230
-1016
-865
-730
-478
-73
284
383
240
40
-169
-421
-753
-1098
-1379
-1505
-1448
-1327
-1115
-656
0
678
1311
1831
2179
2500
2802
2991
3017
2981
2890
2596
2076
1461
905
425
-35
-564
-1098
-1466
-1628
-1616
-1528
-1410
-1193
-807
-288
283
713
897
1003
1141
1225
1101
770
360
18
-283
-563
-777
-934
-1047
-1025
-905
-852
-902
-923
-794
-541
-234
-37
12
-47
-105
-177
-401
-740
-1026
-1208
-1334
-1392
-1485
-1675
-1773
-1641
-1248
-745
-260
209
605
957
1229
1382
1403
1502
1642
1695
1573
1353
1116
899
704
479
201
-192
-497
-609
-654
-753
-774
-567
-137
413
942
1343
1584
1702
1713
1565
1262
912
619
360
142
-62
-230
-303
-273
-211
-217
-328
-484
-557
-485
-255
-34
83
166
268
315
239
52
-248
-613
-927
-1098
-1239
-1495
-1807
-1952
-1799
-1486
-1186
-988
-791
-558
-283
-5
249
410
530
638
678
640
521
424
322
180
-52
-392
-802
-1063
-1114
-1056
-922
-652
-324
-4
374
814
1212
1454
1586
1638
1572
1375
1120
904
752
698
690
660
606
582
570
525
461
395
351
349
400
453
435
379
418
502
483
263
-66
-355
-515
-616
-742
-918
-1073
-1098
-965
-759
-673
-728
-812
-770
-605
-406
-280
-213
-141
-76
-103
-267
-462
-574
-585
-588
-669
-910
-1201
-1459
-1596
-1559
-1442
-1287
-1026
-618
-206
183
503
758
903
982
1027
1017
922
774
682
658
735
842
870
825
801
848
951
1029
1014
939
890
935
1040
1111
1099
1031
945
863
706
465
222
76
6
-98
-259
-478
-665
-724
-621
-491
-382
-241
-68
104
268
382
383
334
230
50
-228
-549
-844
-1085
-1314
-1538
-1746
-1920
-2013
-2004
-1941
-1821
-1630
-1357
-1010
-625
-250
38
254
343
356
279
209
174
219
301
327
242
134
104
173
347
511
561
504
479
496
570
634
704
747
782
837
855
780
672
638
657
711
737
696
586
519
577
737
920
1048
1131
1165
1127
1038
912
725
528
399
289
140
-90
-363
-641
-901
-1114
-1260
-1399
-1534
-1584
-1545
-1478
-1395
-1262
-1083
-882
-681
-504
-445
-504
-562
-547
-530
-522
-479
-498
-548
-584
-552
-527
-450
-333
-236
-243
-306
-329
-319
-222
-99
-22
-40
-22
46
169
263
308
332
381
505
633
700
733
829
1033
1307
1531
1619
1630
1644
1699
1704
1609
1391
1178
1044
976
863
658
399
153
-38
-232
-445
-650
-766
-732
-634
-565
-543
-523
-450
-340
-262
-277
-331
-365
-342
-357
-461
-636
-783
-868
-886
-918
-994
-1076
-1069
-1000
-957
-966
-993
-947
-853
-690
-636
-659
-719
-665
-567
-430
-372
-330
-294
-186
-45
39
61
123
305
542
793
945
1000
998
1072
1160
1200
1144
1075
1007
978
976
961
880
774
694
612
504
397
331
316
351
409
450
447
443
475
531
547
543
512
453
383
298
162
-13
-183
-291
-360
-441
-557
-685
-822
-901
-888
-871
-871
-895
-925
-969
-976
-970
-943
-933
-912
-914
-932
-981
-1004
-1005
-983
-922
-831
-695
-558
-390
-272
-146
-49
117
266
401
447
423
361
319
343
381
437
449
458
436
428
402
399
436
522
652
778
867
906
952
1039
1155
1250
1275
1221
1110
1016
928
815
658
493
366
293
273
232
146
38
-3
32
94
107
60
-54
-165
-217
-283
-405
-570
-746
-897
-1013
-1119
-1249
-1377
-1445
-1399
-1285
-1157
-1018
-917
-805
-689
-538
-421
-310
-246
-218
-263
-346
-423
-510
-526
-555
-536
-566
-562
-570
-510
-413
-257
-39
144
306
417
551
695
926
1110
1228
1240
1207
1153
1113
1041
935
809
709
684
682
684
660
658
659
715
770
818
855
891
900
856
753
610
483
349
220
45
-145
-339
-495
-616
-707
-769
-785
-728
-654
-588
-550
-511
-461
-357
-290
-316
-444
-597
-753
-886
-997
-1129
-1263
-1356
-1376
-1366
-1360
-1321
-1233
-1066
-863
-652
-489
-346
-159
83
310
468
567
587
589
576
541
430
327
251
239
240
269
312
372
466
582
706
814
945
1080
1215
1260
1236
1170
1096
1045
1000
932
786
625
461
316
174
65
17
3
50
112
171
178
216
268
309
310
250
122
-64
-247
-442
-640
-839
-989
-1120
-1227
-1308
-1375
-1405
-1382
-1270
-1156
-1048
-941
-783
-607
-398
-204
-89
-60
-76
-101
-151
-190
-264
-333
-412
-424
-419
-370
-335
-271
-211
-146
-42
104
276
442
604
716
775
792
832
851
860
849
818
714
599
491
409
360
373
452
546
643
752
858
902
950
986
961
906
837
729
571
402
234
43
-163
-356
-507
-636
-700
-698
-672
-669
-666
-642
-587
-506
-406
-325
-308
-310
-327
-348
-389
-438
-540
-648
-750
-810
-841
-844
-813
-783
-732
-705
-659
-645
-582
-490
-341
-198
-56
1
1
-4
12
49
74
86
42
-12
-58
-34
37
159
295
445
592
711
800
851
926
984
1052
1075
1080
1019
939
853
766
641
493
359
227
146
106
105
93
90
98
124
127
171
205
213
200
189
145
94
47
-7
-74
-166
-263
-360
-436
-499
-522
-529
-523
-542
-573
-626
-665
-683
-635
-565
-518
-533
-568
-620
-638
-623
-609
-620
-679
-729
-777
-742
-679
-527
-399
-246
-95
35
130
239
362
452
540
598
627
621
604
563
513
449
370
275
190
125
107
121
168
216
265
318
420
528
641
734
795
806
800
822
868
882
829
730
604
496
397
339
268
183
69
-26
-105
-185
-252
-283
-265
-286
-348
-435
-494
-529
-529
-547
-630
-760
-904
-1017
-1099
-1143
-1113
-1025
-928
-845
-751
-674
-550
-426
-299
-210
-118
-65
-39
-49
-69
-55
-80
-119
-192
-223
-262
-274
-314
-339
-345
-300
-179
-1
188
366
528
673
797
897
1017
1111
1189
1228
1212
1123
1041
1010
1013
960
853
752
681
621
558
529
507
468
381
324
285
254
208
162
105
22
-107
-273
-434
-578
-687
-767
-789
-796
-779
-771
-735
-703
-657
-611
-540
-478
-432
-449
-497
-515
-520
-531
-607
-703
-778
-790
-799
-802
-884
-974
-981
-915
-798
-689
-544
-387
-214
-70
96
232
401
541
672
716
742
786
826
852
828
799
742
754
765
827
819
797
749
744
756
772
796
833
900
930
908
788
660
552
446
317
185
83
10
-16
-57
-107
-174
-220
-231
-207
-210
-220
-217
-210
-221
-255
-328
-413
-469
-539
-646
-806
-955
-1092
-1190
-1261
-1294
-1324
-1322
-1238
-1140
-1029
-934
-801
-656
-488
-352
-243
-161
-113
2
127
197
160
161
172
194
211
237
293
341
430
490
603
684
756
799
918
1021
1032
980
953
952
921
879
806
722
620
571
557
561
527
508
479
455
437
432
457
467
458
395
345
263
131
-30
-194
-350
-525
-655
-776
-929
-1116
-1212
-1205
-1168
-1194
-1232
-1182
-1117
-1058
-1000
-917
-813
-672
-554
-481
-400
-340
-310
-310
-313
-309
-235
-190
-147
-113
-84
-12
30
48
46
80
150
199
226
317
417
453
529
638
794
852
848
855
901
913
871
842
833
936
945
870
807
844
869
807
742
674
639
561
461
345
227
46
-128
-268
-371
-449
-534
-596
-643
-674
-728
-782
-817
-830
-786
-727
-694
-620
-471
-326
-257
-284
-291
-299
-355
-488
-639
-712
-759
-793
-862
-884
-860
-791
-694
-625
-610
-557
-438
-317
-200
-125
-27
133
337
415
439
477
558
639
691
761
829
963
1067
1164
1243
1356
1429
1496
1432
1196
894
704
597
397
110
-103
-109
-59
-63
-152
-203
-215
-244
-324
-433
-481
-449
-351
-192
-8
153
228
223
198
167
92
23
-43
-87
-193
-344
-545
-683
-836
-951
-1027
-1116
-1028
-1064
-1164
-1298
-1164
-1100
-1096
-1109
-829
-604
-548
-388
-191
-31
65
229
357
486
488
550
688
734
669
672
673
736
795
791
818
922
954
998
1107
1174
1221
1247
1064
606
216
115
68
-208
-565
-555
-272
-95
-130
-138
-56
26
-32
-154
-246
-275
-211
-38
199
372
495
546
495
359
213
89
7
-69
-191
-359
-540
-681
-812
-948
-1043
-1028
-967
-1024
-1245
-1384
-1287
-1100
-1074
-1101
-944
-591
-270
-154
-161
-105
44
193
261
294
403
576
704
693
585
421
369
381
401
403
468
613
793
975
1121
1280
1414
1599
1683
1399
758
279
201
113
-293
-755
-807
-505
-302
-374
-467
-468
-429
-427
-480
-544
-503
-314
27
376
603
726
828
872
808
696
584
469
311
151
-37
-327
-697
-987
-1127
-1259
-1440
-1541
-1498
-1449
-1479
-1510
-1477
-1352
-1094
-749
-496
-395
-282
-66
149
201
158
180
292
404
421
366
313
340
362
421
536
687
807
891
1046
1246
1443
1564
1751
1944
2096
2080
1602
754
107
28
-90
-719
-1382
-1420
-988
-784
-838
-882
-783
-643
-519
-462
-483
-403
-124
364
784
1039
1182
1296
1284
1143
939
773
649
502
321
116
-177
-605
-1018
-1278
-1390
-1507
-1751
-2061
-2215
-2146
-2058
-2076
-2114
-1907
-1391
-890
-713
-749
-613
-191
298
515
540
675
977
1235
1278
1147
960
975
1114
1186
1001
813
809
1024
1204
1292
1311
1422
1723
2106
1971
971
-129
-334
-68
-409
-1241
-1587
-1179
-708
-576
-595
-585
-542
-412
-300
-423
-606
-468
8
521
892
1180
1419
1547
1546
1469
1312
1092
905
708
415
-11
-481
-927
-1300
-1586
-1838
-2111
-2468
-2778
-2929
-2909
-2808
-2611
-2272
-1836
-1370
-941
-524
-109
239
535
834
1132
1345
1414
1396
1393
1413
1376
1267
1064
795
591
594
646
598
496
604
995
1456
1702
1793
2044
2267
1801
629
-135
-98
-227
-1027
-1674
-1552
-1059
-762
-690
-752
-827
-727
-455
-406
-598
-520
-15
580
1013
1323
1527
1662
1699
1614
1390
1078
748
428
71
-372
-898
-1396
-1737
-1969
-2187
-2392
-2565
-2756
-2874
-2834
-2660
-2449
-2098
-1516
-914
-506
-219
163
631
1038
1243
1247
1225
1261
1285
1176
1014
1001
1059
1052
882
774
827
914
910
864
931
1135
1428
1639
1724
1962
2128
1574
357
-320
-262
-422
-1261
-1944
-1850
-1332
-860
-619
-615
-682
-497
-138
-131
-351
-282
229
798
1187
1430
1513
1520
1473
1367
1068
724
440
188
-119
-515
-1006
-1436
-1687
-1822
-1938
-2191
-2552
-2796
-2784
-2649
-2470
-2261
-1933
-1422
-886
-547
-343
-69
323
731
964
1001
1055
1166
1234
1187
1115
1119
1152
1053
816
726
772
800
677
642
778
1044
1203
1310
1562
1999
2474
2309
1234
66
-151
-45
-608
-1505
-1814
-1451
-881
-461
-352
-525
-517
-174
1
-290
-533
-274
238
732
1089
1328
1392
1472
1530
1350
955
601
325
-20
-377
-820
-1275
-1693
-1959
-2049
-2072
-2343
-2732
-2920
-2810
-2524
-2261
-2106
-1835
-1199
-521
-69
123
356
767
1197
1343
1240
1050
906
882
833
687
517
448
421
528
622
520
318
473
852
1096
1067
1128
1476
2061
2591
2952
2709
1725
616
268
336
-204
-1327
-1984
-1735
-1179
-866
-914
-1077
-933
-446
-169
-422
-726
-463
279
955
1355
1528
1599
1694
1789
1576
1099
651
380
110
-306
-927
-1614
-2038
-2124
-2160
-2389
-2718
-2926
-2916
-2803
-2591
-2257
-1857
-1408
-867
-367
-4
206
367
608
932
1050
921
698
551
586
710
628
549
593
663
588
439
362
480
675
853
1098
1314
1627
2143
2659
2861
3093
2729
1510
180
20
50
-754
-1909
-2131
-1570
-1088
-870
-868
-983
-821
-219
-69
-517
-663
-17
770
1284
1602
1785
1757
1764
1773
1438
829
421
205
-206
-756
-1323
-1859
-2210
-2255
-2190
-2359
-2741
-2928
-2742
-2457
-2338
-2190
-1867
-1396
-810
-210
119
253
552
1021
1375
1337
975
601
413
354
291
76
-56
81
351
391
284
303
589
910
1042
1092
1269
1658
2170
2645
2925
3218
3309
2418
915
165
320
-12
-1232
-2203
-2082
-1432
-1038
-1023
-1201
-1136
-559
-96
-310
-594
-160
709
1358
1632
1676
1664
1681
1733
1481
849
332
71
-261
-822
-1399
-1997
-2346
-2402
-2356
-2521
-2858
-3077
-2930
-2587
-2243
-1969
-1715
-1313
-647
-25
210
308
570
937
1073
934
600
363
256
178
-16
-274
-344
-150
73
94
139
303
734
1103
1281
1278
1520
2033
2756
3165
3222
3344
3699
3205
1717
355
95
25
-725
-1720
-2133
-1930
-1521
-1081
-1005
-1124
-913
-391
-278
-410
-254
340
983
1523
1769
1691
1494
1455
1372
909
312
-103
-471
-972
-1387
-1802
-2202
-2347
-2268
-2369
-2653
-2852
-2828
-2569
-2230
-1916
-1621
-1323
-945
-429
60
405
619
682
678
718
698
463
162
-57
-113
-91
-77
-59
85
367
593
765
918
1175
1449
1562
1608
2013
2587
2812
2950
3155
3495
3287
2113
442
-67
204
-224
-1659
-2554
-2257
-1514
-1111
-1066
-1137
-979
-370
82
-145
-400
139
1023
1544
1624
1527
1365
1289
1309
1020
312
-253
-521
-827
-1355
-1822
-2261
-2488
-2461
-2366
-2494
-2687
-2689
-2454
-2038
-1607
-1288
-1121
-878
-396
85
280
213
202
338
494
381
40
-303
-345
-168
-57
-165
-199
124
499
685
683
787
1088
1539
1783
1898
2099
2585
3062
3429
3389
3359
3244
2479
839
-287
-322
-398
-1310
-2378
-2443
-1815
-1100
-847
-882
-973
-505
81
179
-85
205
964
1580
1711
1560
1321
1188
1199
995
345
-328
-719
-996
-1322
-1654
-2073
-2415
-2415
-2239
-2289
-2580
-2653
-2330
-1833
-1438
-1252
-1155
-945
-574
-234
-3
102
119
139
170
218
154
-56
-220
-216
-146
-152
-149
-13
332
657
886
1028
1190
1462
1777
2005
2052
2370
2834
3233
3230
3347
3303
2314
721
-16
82
-391
-1430
-2239
-2233
-1792
-1094
-799
-901
-882
-235
264
148
-4
355
954
1435
1683
1503
1179
1113
1164
801
100
-459
-818
-1071
-1356
-1689
-2161
-2416
-2296
-2071
-2128
-2313
-2305
-2037
-1674
-1337
-1135
-1056
-898
-587
-311
-168
-221
-329
-289
-120
-100
-300
-521
-479
-249
-166
-247
-271
11
500
925
1092
1159
1338
1622
1908
2014
2120
2324
2726
3035
3166
3007
2917
2543
1484
132
-349
-333
-845
-1826
-2229
-1750
-1082
-620
-507
-537
-358
221
443
229
154
682
1194
1417
1309
1132
914
867
740
234
-463
-821
-949
-1195
-1492
-1788
-2024
-2066
-1887
-1882
-2031
-2092
-1907
-1695
-1488
-1322
-1142
-992
-763
-583
-466
-376
-212
-146
-211
-258
-185
-150
-176
-170
-156
-146
-99
47
292
637
806
925
1105
1329
1511
1725
1909
2228
2656
2959
3024
2895
2925
2716
1735
302
-341
-378
-690
-1490
-2092
-2037
-1437
-710
-442
-605
-621
-118
245
194
206
569
1030
1426
1532
1306
971
882
787
400
-256
-743
-1066
-1269
-1459
-1723
-2084
-2122
-1860
-1732
-1925
-2053
-1902
-1585
-1288
-1160
-1053
-797
-478
-296
-269
-287
-215
-98
-128
-321
-486
-507
-421
-326
-370
-404
-231
72
365
594
814
1045
1200
1327
1650
1994
2103
2201
2625
3067
3206
2969
2841
2578
1755
513
-291
-571
-883
-1413
-1859
-1875
-1474
-825
-347
-293
-298
-85
141
181
339
570
826
1052
1168
1030
784
615
447
127
-327
-677
-1047
-1326
-1472
-1584
-1828
-1832
-1672
-1600
-1686
-1699
-1623
-1485
-1337
-1201
-1034
-839
-608
-563
-585
-485
-217
-127
-270
-461
-483
-349
-264
-287
-393
-310
-47
224
412
569
802
1131
1533
1672
1541
1470
1847
2411
2644
2499
2494
2675
2876
2451
1381
120
-188
-133
-522
-1524
-1963
-1651
-1020
-512
-319
-334
-324
11
111
-26
-57
416
819
985
926
875
684
614
480
177
-339
-660
-951
-1176
-1348
-1447
-1613
-1644
-1441
-1333
-1463
-1670
-1616
-1438
-1233
-1141
-1082
-937
-642
-463
-486
-500
-326
-161
-187
-367
-495
-480
-346
-253
-279
-260
-28
357
665
814
924
1180
1521
1739
1736
1727
1905
2245
2517
2612
2566
2526
2359
1624
522
-189
-334
-588
-1106
-1522
-1489
-1131
-623
-279
-208
-173
18
47
-102
-94
283
651
874
876
833
732
682
529
197
-199
-468
-711
-1011
-1245
-1384
-1459
-1448
-1391
-1375
-1406
-1489
-1629
-1663
-1514
-1400
-1364
-1238
-906
-697
-730
-710
-404
-87
-9
-148
-325
-312
-90
25
-79
-116
160
506
708
802
915
1051
1307
1507
1503
1496
1628
1842
1945
2142
2338
2482
2118
1365
590
262
227
-26
-544
-887
-721
-406
-138
-59
-24
40
172
54
-228
-362
-154
189
410
449
428
416
386
333
138
-106
-302
-461
-705
-948
-1147
-1214
-1204
-1122
-1097
-1161
-1318
-1475
-1544
-1608
-1726
-1659
-1325
-1053
-977
-901
-679
-411
-217
-99
-19
-47
-150
-227
-251
-218
-64
111
253
347
477
626
722
813
977
1137
1201
1287
1347
1454
1606
1859
2030
1866
1342
871
730
708
537
247
110
115
189
269
313
218
132
92
-12
-220
-373
-398
-324
-158
66
220
206
141
98
65
37
7
-131
-321
-446
-555
-702
-776
-713
-657
-712
-844
-1023
-1251
-1387
-1395
-1336
-1279
-1157
-1018
-918
-817
-678
-552
-427
-302
-269
-358
-492
-570
-555
-484
-395
-310
-222
-110
31
188
347
511
673
798
882
964
1043
1140
1291
1461
1506
1392
1208
1120
1165
1229
1219
1119
1029
1042
1152
1219
1120
910
731
654
566
371
87
-149
-186
-28
114
102
-22
-154
-200
-197
-197
-259
-369
-468
-555
-707
-871
-926
-892
-864
-939
-1142
-1399
-1553
-1599
-1592
-1602
-1605
-1562
-1487
-1397
-1301
-1204
-1089
-967
-875
-832
-820
-800
-753
-667
-535
-355
-164
54
287
514
739
960
1151
1317
1464
1562
1610
1635
1648
1643
1618
1600
1600
1560
1453
1299
1150
1089
1138
1193
1147
1017
840
681
576
503
410
257
63
-112
-219
-242
-200
-167
-185
-229
-287
-337
-384
-420
-479
-584
-715
-850
-975
-1053
-1072
-1088
-1163
-1311
-1491
-1638
-1689
-1662
-1626
-1593
-1545
-1465
-1359
-1242
-1124
-1000
-850
-689
-564
-508
-490
-451
-341
-153
92
339
560
763
951
1127
1322
1516
1664
1758
1795
1753
1643
1508
1417
1424
1490
1491
1338
1062
824
758
842
935
934
831
692
587
497
383
257
170
130
96
5
-152
-300
-343
-275
-183
-138
-180
-263
-363
-465
-578
-677
-754
-817
-898
-1027
-1181
-1332
-1444
-1514
-1556
-1594
-1628
-1652
-1646
-1590
-1491
-1371
-1259
-1155
-1032
-862
-666
-495
-376
-297
-220
-117
20
177
359
574
801
1003
1170
1319
1468
1622
1754
1807
1740
1596
1467
1405
1409
1400
1282
1066
854
732
692
674
614
525
474
473
462
382
251
156
154
214
239
155
3
-133
-211
-228
-215
-196
-170
-183
-284
-465
-665
-808
-852
-850
-889
-1005
-1186
-1380
-1514
-1566
-1563
-1540
-1528
-1549
-1584
-1599
-1558
-1455
-1315
-1159
-1010
-876
-736
-576
-413
-230
-20
186
367
524
664
829
1041
1272
1486
1652
1761
1830
1855
1814
1735
1668
1626
1587
1471
1237
956
756
693
704
670
542
362
216
159
154
139
119
115
124
150
138
84
24
-23
-53
-74
-110
-171
-237
-310
-397
-498
-609
-717
-808
-894
-994
-1111
-1230
-1328
-1384
-1427
-1488
-1558
-1589
-1549
-1457
-1374
-1357
-1374
-1345
-1221
-1027
-822
-656
-522
-374
-182
52
306
547
752
927
1081
1245
1443
1647
1812
1923
1966
1940
1861
1782
1742
1717
1633
1427
1132
859
695
606
493
310
110
-31
-107
-193
-322
-435
-444
-320
-171
-99
-106
-134
-122
-61
-4
17
5
-34
-113
-256
-422
-541
-603
-647
-743
-922
-1122
-1257
-1298
-1304
-1358
-1452
-1503
-1471
-1370
-1269
-1232
-1213
-1141
-1008
-857
-734
-641
-528
-362
-151
59
232
366
494
649
847
1084
1320
1512
1625
1670
1693
1715
1731
1755
1786
1796
1721
1518
1227
958
807
740
629
395
90
-164
-314
-410
-532
-658
-711
-662
-580
-553
-572
-546
-421
-236
-86
-32
-31
-25
-8
-35
-125
-232
-320
-388
-489
-652
-842
-979
-1025
-1042
-1119
-1242
-1334
-1323
-1205
-1074
-1004
-979
-930
-808
-645
-505
-408
-305
-163
4
147
229
280
384
572
786
965
1086
1181
1287
1400
1467
1469
1464
1499
1572
1615
1541
1369
1181
1051
988
906
734
489
231
23
-128
-271
-435
-578
-654
-662
-650
-678
-738
-762
-726
-640
-538
-457
-392
-328
-278
-279
-325
-381
-411
-415
-427
-482
-590
-712
-813
-901
-968
-994
-978
-913
-849
-830
-825
-795
-697
-525
-355
-229
-125
-17
112
244
337
407
494
612
747
850
907
963
1047
1129
1174
1160
1125
1127
1172
1209
1187
1110
1019
939
872
789
688
585
468
317
137
-49
-206
-320
-411
-488
-550
-602
-655
-729
-804
-835
-810
-756
-724
-735
-765
-776
-769
-767
-768
-752
-701
-645
-633
-694
-789
-845
-830
-766
-694
-658
-657
-654
-611
-504
-347
-192
-65
46
170
329
495
616
695
781
904
1056
1166
1208
1214
1232
1262
1249
1161
1048
995
1022
1055
992
823
644
539
519
526
492
420
346
272
168
32
-104
-183
-194
-203
-259
-365
-486
-582
-644
-692
-739
-775
-811
-865
-948
-1046
-1116
-1140
-1121
-1080
-1048
-1036
-1046
-1075
-1088
-1049
-949
-805
-668
-578
-510
-428
-317
-185
-67
33
138
266
400
514
594
673
792
948
1082
1155
1175
1201
1277
1369
1390
1312
1195
1129
1136
1145
1056
867
665
533
474
415
301
159
33
-64
-164
-283
-389
-428
-402
-363
-380
-444
-510
-542
-544
-540
-541
-536
-526
-540
-606
-718
-829
-886
-887
-883
-911
-981
-1061
-1103
-1099
-1060
-1007
-939
-849
-744
-645
-553
-441
-292
-110
79
240
372
510
659
787
873
935
1012
1130
1255
1342
1361
1336
1312
1295
1285
1280
1263
1223
1142
1010
862
753
686
630
546
407
245
94
-48
-194
-332
-449
-528
-581
-651
-734
-817
-885
-924
-950
-965
-943
-892
-840
-834
-885
-951
-977
-938
-858
-798
-796
-843
-891
-904
-868
-789
-717
-668
-618
-549
-454
-337
-216
-91
46
194
339
470
579
681
786
897
1024
1173
1325
1433
1462
1426
1370
1342
1354
1376
1358
1284
1156
1006
880
809
781
738
629
458
268
105
-22
-133
-246
-353
-436
-514
-617
-747
-880
-989
-1070
-1127
-1170
-1203
-1235
-1272
-1321
-1374
-1399
-1368
-1305
-1237
-1185
-1153
-1108
-1037
-940
-830
-734
-637
-497
-317
-130
26
142
238
345
482
635
777
887
970
1040
1107
1179
1273
1370
1431
1444
1410
1332
1254
1218
1236
1262
1229
1121
977
857
794
748
658
517
387
306
221
85
-89
-234
-297
-308
-353
-478
-645
-787
-876
-943
-1017
-1092
-1148
-1198
-1274
-1385
-1496
-1557
-1547
-1505
-1484
-1495
-1514
-1500
-1435
-1313
-1169
-1022
-861
-681
-486
-286
-90
106
313
536
751
914
1019
1130
1286
1439
1542
1584
1594
1606
1629
1595
1482
1369
1342
1389
1388
1245
1017
848
815
850
822
656
443
308
254
197
88
-36
-104
-126
-182
-322
-496
-615
-654
-690
-786
-925
-1025
-1061
-1095
-1186
-1317
-1419
-1451
-1453
-1481
-1518
-1524
-1489
-1450
-1445
-1440
-1362
-1196
-995
-827
-704
-575
-403
-202
-4
194
403
612
810
990
1145
1278
1386
1486
1583
1681
1771
1784
1720
1640
1598
1592
1559
1437
1271
1128
1030
943
812
635
473
362
265
140
-14
-139
-206
-247
-306
-412
-532
-630
-709
-786
-864
-917
-937
-961
-1038
-1168
-1302
-1376
-1385
-1381
-1396
-1419
-1427
-1408
-1383
-1359
-1297
-1168
-989
-813
-692
-601
-468
-277
-66
112
241
369
544
749
918
1018
1072
1139
1244
1340
1373
1371
1391
1449
1501
1473
1359
1250
1229
1262
1251
1144
982
846
761
665
508
326
185
102
26
-100
-267
-421
-530
-613
-699
-779
-834
-869
-924
-1021
-1117
-1158
-1144
-1128
-1151
-1204
-1239
-1224
-1169
-1110
-1059
-1001
-914
-812
-716
-625
-522
-395
-254
-118
-7
89
189
310
452
587
696
786
855
908
959
1008
1044
1073
1100
1103
1075
1018
958
910
870
818
742
640
528
432
354
286
224
165
96
4
-98
-176
-215
-245
-296
-381
-479
-547
-575
-602
-669
-762
-831
-854
-857
-871
-902
-922
-906
-856
-789
-717
-637
-538
-423
-322
-223
-111
-6
66
106
149
234
360
481
547
560
559
581
618
624
599
582
599
631
627
572
495
452
464
486
457
370
271
209
177
137
66
-6
-52
-84
-128
-209
-306
-371
-409
-457
-529
-597
-624
-616
-624
-671
-722
-727
-677
-617
-583
-558
-505
-417
-327
-261
-203
-110
26
165
271
340
394
449
506
567
632
691
730
734
719
715
724
727
700
657
626
620
601
535
434
341
289
265
219
121
-5
-123
-212
-280
-360
-456
-546
-606
-630
-634
-646
-674
-707
-727
-724
-705
-676
-649
-630
-623
-630
-633
-611
-567
-511
-464
-425
-381
-325
-261
-197
-120
-19
116
265
390
480
548
626
728
836
926
977
989
988
994
1012
1020
1004
959
905
848
787
707
600
490
396
306
202
73
-67
-191
-305
-419
-531
-631
-701
-752
-819
-910
-1000
-1045
-1037
-1012
-1002
-1006
-1005
-989
-954
-912
-863
-786
-694
-605
-522
-445
-355
-246
-132
-18
110
249
377
476
549
617
708
819
914
964
970
968
980
1009
1029
1010
963
913
881
865
826
746
648
567
514
467
387
270
135
17
-84
-182
-285
-387
-478
-564
-657
-753
-840
-911
-962
-992
-1012
-1027
-1034
-1040
-1045
-1028
-982
-918
-850
-782
-706
-616
-521
-438
-354
-247
-106
55
190
277
351
453
593
734
833
889
929
970
1017
1063
1095
1108
1098
1058
1004
959
924
876
798
698
604
520
426
295
148
19
-86
-186
-307
-442
-560
-648
-728
-811
-890
-937
-951
-961
-983
-1003
-991
-946
-892
-860
-836
-789
-707
-612
-531
-474
-425
-364
-282
-187
-83
24
118
193
257
329
419
518
604
669
721
761
795
829
856
877
881
864
841
829
827
808
745
654
582
540
505
427
306
183
89
18
-69
-196
-329
-433
-509
-577
-664
-752
-814
-850
-872
-904
-939
-953
-934
-902
-871
-849
-812
-753
-682
-615
-553
-481
-377
-250
-134
-39
53
162
291
410
495
563
642
738
821
866
873
881
904
923
913
874
827
795
770
724
652
565
489
434
374
294
201
106
25
-50
-139
-242
-342
-422
-481
-531
-593
-662
-723
-758
-777
-799
-821
-835
-828
-806
-792
-785
-768
-732
-679
-629
-588
-536
-453
-341
-233
-148
-70
26
142
265
369
455
544
639
724
782
815
843
886
931
955
944
914
886
864
825
765
695
639
595
530
422
292
182
108
42
-58
-191
-312
-389
-438
-505
-599
-690
-737
-747
-765
-807
-846
-847
-817
-792
-797
-801
-772
-707
-648
-627
-609
-552
-450
-352
-291
-242
-161
-37
85
165
220
301
409
513
578
604
646
720
790
818
809
801
825
848
828
776
737
721
700
635
529
432
365
308
227
108
-11
-98
-162
-239
-334
-423
-483
-525
-579
-646
-699
-716
-715
-720
-733
-736
-714
-671
-639
-626
-607
-561
-492
-421
-366
-325
-274
-201
-111
-29
36
95
160
241
324
385
415
442
480
536
588
603
594
594
611
633
635
611
577
553
538
507
454
391
334
285
230
160
82
6
-63
-126
-190
-258
-326
-384
-437
-489
-547
-597
-631
-649
-657
-662
-664
-654
-629
-596
-564
-532
-480
-406
-328
-259
-193
-118
-32
50
121
187
258
338
410
458
487
510
535
559
570
573
574
572
557
532
504
474
444
412
374
336
296
248
200
150
108
65
7
-57
-109
-143
-175
-221
-283
-337
-373
-399
-428
-472
-515
-544
-555
-559
-565
-572
-570
-554
-539
-517
-481
-433
-375
-319
-266
-206
-136
-62
6
74
143
214
281
338
388
434
473
505
536
563
585
594
591
577
555
533
509
484
453
412
367
319
268
213
156
97
43
-11
-64
-119
-177
-226
-268
-310
-347
-383
-414
-435
-458
-480
-500
-512
-511
-502
-493
-487
-476
-453
-420
-385
-354
-321
-275
-217
-157
-103
-51
2
61
117
164
208
251
296
335
364
385
406
426
435
432
417
406
403
397
384
355
323
297
282
258
219
178
146
125
102
66
21
-13
-40
-64
-90
-122
-153
-176
-194
-217
-246
-275
-295
-306
-318
-333
-350
-361
-356
-347
-343
-339
-322
-292
-247
-210
-181
-142
-93
-39
5
41
80
130
176
204
224
244
266
283
284
275
269
275
278
263
232
200
184
173
149
113
78
61
52
37
8
-22
-39
-44
-57
-74
-85
-85
-79
-83
-93
-96
-89
-84
-87
-97
-97
-93
-90
-92
-99
-105
-103
-97
-96
-93
-88
-78
-68
-59
-53
-43
-30
-19
-12
-5
5
18
34
40
45
53
60
71
84
90
94
96
97
97
100
93
84
78
70
60
49
39
26
9
-10
-25
-38
-42
-51
-64
-76
-81
-75
-68
-66
-70
-65
-58
-51
-49
-41
-31
-19
-9
1
16
28
40
48
53
62
70
77
80
81
79
78
74
69
63
58
47
36
27
21
16
9
-2
-14
-18
-18
-19
-28
-33
-37
-39
-48
-49
-44
-46
-53
-64
-66
-55
-45
-52
-65
-71
-59
-41
-35
-43
-48
-44
-29
-28
-39
-45
-34
-17
-12
-18
-17
-5
4
7
3
4
17
30
38
38
43
52
57
58
57
57
64
67
65
59
54
54
52
48
46
38
34
36
34
28
20
10
3
1
-5
-12
-18
-21
-18
-21
-26
-36
-36
-29
-25
-31
-37
-36
-29
-23
-30
-40
-41
-32
-29
-32
-36
-38
-36
-35
-41
-46
-43
-40
-37
-35
-36
-34
-26
-19
-14
-15
-14
-4
7
13
12
14
19
30
39
40
40
47
61
75
75
67
63
73
87
87
72
66
73
83
84
70
53
58
71
68
51
36
41
53
49
24
3
-2
10
9
-14
-41
-50
-44
-45
-64
-93
-108
-106
-105
-121
-141
-145
-134
-127
-138
-156
-155
-137
-124
-130
-143
-140
-116
-92
-84
-84
-75
-48
-24
-14
-10
8
40
64
70
78
97
125
142
143
143
152
164
177
184
182
185
195
199
194
184
173
170
163
148
130
118
109
91
66
41
26
11
-14
-44
-70
-82
-91
-109
-139
-162
-174
-179
-193
-214
-223
-227
-232
-238
-244
-241
-229
-218
-217
-217
-199
-171
-147
-131
-120
-99
-66
-31
-6
12
35
66
99
123
139
158
183
208
225
239
247
262
277
284
278
274
272
274
264
247
230
213
199
182
154
123
99
76
55
22
-13
-40
-59
-84
-118
-155
-177
-193
-214
-241
-268
-282
-283
-287
-304
-319
-324
-310
-294
-286
-284
-278
-254
-221
-197
-179
-157
-127
-90
-57
-27
9
43
73
104
135
168
196
219
242
264
284
299
306
316
324
326
321
314
305
295
282
264
239
214
191
169
143
111
78
50
21
-13
-49
-85
-115
-136
-160
-190
-219
-234
-245
-261
-280
-296
-299
-290
-287
-295
-292
-279
-255
-236
-232
-228
-203
-166
-133
-115
-101
-73
-32
1
21
39
67
105
132
146
158
180
204
216
218
223
235
249
252
246
240
236
229
212
192
177
167
153
128
99
78
64
46
17
-11
-31
-45
-61
-84
-106
-125
-137
-149
-155
-167
-174
-176
-172
-173
-178
-180
-174
-166
-158
-149
-139
-123
-103
-89
-80
-69
-53
-33
-14
-2
8
26
49
65
75
82
89
100
116
125
127
126
127
134
132
127
118
113
111
104
91
80
75
66
54
36
21
9
0
-13
-32
-47
-51
-52
-55
-61
-68
-70
-68
-73
-84
-86
-84
-81
-75
-67
-61
-51
-42
-36
-32
-28
-23
-12
-5
1
6
17
27
33
35
35
39
44
53
55
54
51
50
50
53
49
42
35
32
34
31
23
17
14
11
3
-7
-13
-14
-16
-32
-43
-49
-45
-41
-47
-60
-59
-51
-44
-44
-51
-50
-45
-37
-36
-36
-31
-26
-16
-8
-6
-1
13
23
28
30
33
37
45
45
45
45
48
49
47
44
42
41
36
32
24
20
15
10
6
-4
-14
-19
-24
-28
-33
-43
-49
-51
-52
-54
-59
-63
-58
-54
-54
-56
-53
-44
-36
-35
-31
-21
-9
