SAMPLES:	8005
BITSPERSAMPLE:	16
CHANNELS:	1
SAMPLERATE:	16000
NORMALIZED:	FALSE
-4
7
16
12
2
2
13
26
20
6
-13
-5
19
16
-8
-8
16
23
17
11
7
8
13
12
5
-4
-11
-5
1
-6
-9
0
2
-4
-13
-5
-12
-15
-28
-42
-33
-25
-28
-39
-36
-38
-33
-31
-18
-18
-19
-19
-11
-2
-3
8
16
10
9
20
26
24
20
10
7
16
23
26
10
3
17
23
16
15
22
21
16
12
10
-7
-26
-17
-24
-13
-8
-9
-9
4
21
16
14
10
17
2
4
9
8
7
-7
-13
-13
-31
-40
-33
-21
-27
-31
-15
4
7
11
17
-2
-8
-7
-10
-23
-21
-16
2
16
11
11
-9
5
40
32
19
38
57
68
76
49
12
-4
7
27
30
31
13
4
39
39
12
-15
-9
-12
-24
-7
-6
-31
-57
-62
-67
-51
-38
-52
-70
-72
-30
-17
-25
-56
-49
-20
-22
-15
-21
4
41
72
82
82
74
70
63
42
54
59
44
33
52
93
129
146
110
56
61
135
164
121
53
7
22
84
142
74
-15
-24
81
107
79
-15
-72
-88
-12
-3
-121
-171
-678
-1491
-1737
-611
-373
-1849
-3162
-1765
475
759
-1034
-2340
-1273
1095
2022
143
-1646
-662
2180
3356
2119
599
1138
3283
4482
3283
1352
1198
2463
2811
1517
67
-358
-107
230
-35
-1045
-2021
-1857
-1216
-1291
-2029
-2421
-2259
-1810
-1316
-1192
-1444
-1269
-462
-320
-657
-259
592
-39
-902
-198
1148
652
-672
-1046
-415
258
97
-1155
-2257
-1321
143
102
-1013
-917
43
1095
1740
1761
1401
1706
2761
3540
4367
3181
146
-237
5232
6313
-1236
-6046
510
6021
1973
-3842
-4899
-3153
470
3088
-2285
-8922
-5800
2016
1859
-2446
-3596
-2797
-1089
2903
3575
-1311
-2794
1814
4171
1882
935
1226
621
1325
2964
1339
-1345
-588
640
-863
-2177
-1587
-2251
-3287
-2444
-1608
-3021
-3587
-2258
-1494
-1843
-1741
-1751
-1851
-267
1413
654
-583
844
3076
3361
2747
2595
2910
3858
5096
5025
3860
4330
4216
1886
904
4957
4687
-2949
-6745
636
5553
-80
-6457
-6103
-2814
350
1724
-3802
-9856
-6163
2354
2188
-3073
-4214
-2029
251
3591
4123
-487
-2321
2365
5342
2736
832
1244
1059
1309
2658
1288
-1739
-2187
-1159
-1778
-2581
-3184
-4958
-5512
-2972
-1660
-3935
-5255
-3330
-1262
-765
-788
-1319
-1125
1164
3550
2862
1581
2767
5051
5510
5007
5112
5523
6434
6074
3001
513
4334
6874
98
-7219
-2174
5544
2231
-5782
-7222
-4012
-855
1363
-2497
-9859
-8922
453
3207
-2559
-5576
-3247
-321
2935
4481
324
-3187
869
5912
4157
693
628
1330
1671
2896
2236
-1268
-2618
-820
-443
-2262
-3532
-4462
-4809
-2887
-1141
-3243
-5498
-3426
-172
-39
-1463
-2078
-1289
1305
3759
2831
704
1962
5424
6443
5020
4399
4803
6275
6059
2940
726
5030
6513
-1355
-6785
954
7193
-46
-7926
-6034
-1311
255
174
-5035
-10507
-6113
3003
1866
-5289
-5976
-1837
997
2938
2605
-1796
-2734
2680
5646
2136
-406
628
1419
1707
2056
340
-2045
-1581
-800
-2287
-3194
-2550
-3499
-4790
-3284
-1503
-2497
-3519
-2599
-1443
-656
255
115
-445
1042
3395
3646
2748
3382
4685
5205
5245
5378
5145
5508
5225
3079
1563
3878
4681
-172
-4215
-814
3280
563
-4493
-5337
-3084
-929
-405
-3456
-7149
-5712
-515
722
-2344
-4171
-2797
-314
1884
1907
-566
-1708
723
3104
2267
467
-99
72
536
1011
159
-1884
-2810
-2097
-1582
-2238
-3423
-4310
-3805
-2080
-1502
-2961
-3734
-2017
91
461
-200
-275
887
2849
4018
3430
2579
3512
5499
6198
5225
4206
4799
6110
5306
2246
1624
4110
3386
-1709
-3162
1033
2462
-1518
-5123
-4790
-2085
913
-919
-7309
-8361
-412
3671
-2464
-7340
-3298
2104
2299
-288
-2352
-1646
2180
4334
997
-2269
-336
2651
1771
-546
-1648
-2007
-1433
-402
-1562
-4148
-4273
-2532
-2213
-2912
-2961
-3180
-3215
-1719
-229
-738
-1303
-107
1422
2106
2649
3047
2989
3594
4907
5473
4955
4915
5350
5959
6016
4564
2190
2708
5114
3242
-2242
-2878
1804
2770
-1817
-5201
-4288
-1806
-183
-1747
-6013
-7217
-2821
706
-1254
-4316
-3970
-1376
1012
1784
21
-1911
-646
2323
2638
463
-818
-317
696
822
-322
-2048
-2361
-1589
-1805
-3230
-3631
-3103
-3223
-3496
-2955
-2457
-2607
-2296
-1439
-710
-46
675
899
1329
2679
4007
4036
3411
3691
4915
5984
5641
4574
4293
5653
6049
3900
1606
2618
3778
1300
-1939
-1090
1202
311
-2489
-3737
-2907
-1323
-743
-3026
-5566
-4447
-1086
-529
-2609
-3722
-2599
-617
913
553
-1221
-1531
516
1900
972
-347
-582
-304
-139
-321
-1138
-2047
-2276
-2278
-2467
-2466
-2320
-2836
-3347
-2772
-1831
-1844
-2324
-2100
-1166
-147
469
670
874
1781
3123
3944
3686
3165
3601
4956
5539
4834
3922
4519
5693
5428
3102
2116
3574
3757
514
-1601
183
1683
-109
-2688
-3148
-2156
-845
-1031
-3275
-5185
-3853
-1402
-1246
-2990
-3938
-3061
-1016
417
-259
-1846
-1568
461
1399
486
-563
-655
-384
48
-60
-1079
-2100
-1805
-1389
-1839
-2325
-2243
-2415
-2562
-2183
-2003
-2177
-1854
-1393
-1377
-954
140
935
988
1158
1866
3106
3693
3328
2776
3539
4822
5169
4338
3989
4978
5576
4335
2840
3380
3867
1881
-524
45
1756
1108
-1416
-2804
-2074
-580
-321
-2403
-4835
-4570
-2035
-909
-2468
-4247
-3900
-1810
5
-66
-1683
-2365
-899
1013
1033
-407
-1419
-988
9
328
-629
-1845
-2041
-1356
-1222
-1889
-2356
-2285
-2225
-2362
-2344
-2069
-1755
-1634
-1781
-1584
-437
865
1141
502
634
2250
3824
3518
2260
2313
3986
5333
5008
3845
3831
5408
6230
4539
2691
3158
3857
2217
406
596
1073
192
-924
-1369
-1434
-1179
-1527
-3089
-4168
-3121
-2095
-2933
-4056
-3804
-2595
-1451
-1088
-1902
-2362
-1075
625
600
-623
-1077
-439
436
555
-398
-1625
-1510
-503
-658
-1953
-2371
-1785
-1786
-2390
-2544
-2237
-1994
-2009
-2353
-2296
-1141
147
67
-323
301
1685
2720
3064
2509
2102
3215
4899
5001
3861
3872
5178
6408
6088
4487
3071
4030
5283
3471
-238
-724
1643
2184
-308
-2693
-2889
-1525
-376
-1741
-4630
-5606
-3533
-1937
-2700
-4275
-4533
-3288
-1376
-427
-1276
-2275
-1380
489
1089
404
-294
-431
-114
548
389
-834
-1650
-1142
-905
-1536
-2017
-1964
-2206
-2513
-2505
-2451
-2412
-2171
-2106
-2148
-1444
-294
219
280
702
1564
2424
3111
3096
2723
3201
4631
5380
4638
4104
4724
6158
6491
5106
2835
2927
4487
4049
673
-992
274
1248
-82
-1873
-2694
-2466
-1594
-1983
-3839
-4869
-3664
-2737
-3245
-3941
-3595
-2726
-1653
-1142
-1420
-1539
-538
611
641
-13
-224
165
438
341
-195
-937
-1356
-1034
-986
-1733
-2379
-2245
-2194
-2479
-2535
-2364
-2369
-2281
-2049
-1854
-1251
-285
241
330
872
1733
2461
2989
3333
3178
3270
4089
4860
4788
4496
4575
4875
5289
5146
3944
2709
3121
3419
1720
-329
19
982
350
-1375
-2217
-2039
-1233
-1191
-2762
-4331
-3760
-2125
-2069
-3302
-3927
-3058
-1697
-889
-1338
-1996
-1548
-205
412
-76
-703
-675
-206
21
-536
-1396
-1581
-1180
-1404
-2102
-2190
-1732
-1798
-2289
-2411
-1973
-1459
-1459
-1911
-1929
-779
369
396
-94
496
2099
3117
2716
2099
2640
3724
4175
3642
3194
3409
4161
4383
3939
3755
3988
3398
2169
2330
2988
1734
-653
-726
734
910
-675
-1877
-1999
-1061
-311
-1286
-3261
-3604
-2223
-1570
-2277
-3231
-3322
-2337
-905
-803
-2003
-2244
-793
346
-146
-1087
-1299
-691
114
-110
-1483
-2179
-1105
-348
-1200
-2125
-1807
-1240
-1132
-1204
-1484
-1667
-1260
-812
-1001
-936
-238
218
139
555
1497
2107
2024
1877
2167
2734
2982
2603
2314
2683
3260
3119
2814
2960
3690
3788
2859
1729
2319
3328
2343
-106
-360
1233
1642
183
-1109
-1399
-787
-7
-809
-2935
-3786
-2577
-1852
-2603
-3694
-3892
-3137
-1898
-1537
-2325
-2758
-1882
-750
-460
-738
-997
-885
-184
422
65
-637
-475
18
-133
-299
-89
-266
-814
-833
-472
-437
-723
-1152
-1414
-950
-154
-181
-784
-651
316
1137
1121
651
592
1380
2104
1887
1314
1602
2667
3269
2997
2684
3261
4423
4649
3297
2145
3079
4189
2842
371
251
1790
1998
217
-1504
-1759
-812
-411
-2041
-4263
-4536
-2976
-2422
-3660
-5001
-4665
-3063
-1767
-2040
-3045
-2785
-1022
437
312
-473
-465
649
1759
1818
811
67
542
1314
949
-73
-452
-247
-351
-774
-1211
-1390
-1366
-1582
-2175
-2242
-1464
-1058
-1513
-1793
-1077
90
779
489
51
655
2004
2581
2094
1888
2595
3614
4019
3975
3841
4352
5005
4733
3315
2971
3782
3302
887
-233
798
1327
-138
-1935
-2489
-1858
-1245
-2218
-4265
-5079
-3887
-2993
-3487
-4427
-4447
-3386
-1799
-1048
-1529
-1769
-628
913
1421
1094
791
1099
1912
2494
2021
927
504
894
1033
247
-718
-1200
-1172
-1134
-1481
-2219
-2613
-2383
-2147
-2445
-2688
-2358
-1747
-1382
-1235
-919
-124
908
1315
1132
1396
2452
3187
3065
2808
3182
3960
4467
4309
3852
3968
4602
4291
2726
1837
2498
2218
27
-1356
-385
263
-1091
-2817
-3154
-2339
-1705
-2505
-4368
-4947
-3480
-2117
-2563
-3549
-3414
-1914
-234
267
-489
-747
501
1921
2056
1274
839
1317
2157
2307
1473
340
81
834
1007
-625
-2302
-1911
-703
-1099
-2837
-3641
-2807
-1590
-1709
-3014
-3487
-2079
-514
-613
-1490
-1192
444
1822
1790
926
1087
2670
3793
2945
1825
2381
3925
4239
3295
2527
2979
4056
4192
2556
798
1264
2372
1196
-1432
-1613
-35
66
-1727
-2749
-2364
-1442
-1139
-2297
-3889
-3613
-1663
-989
-2102
-2957
-2216
-632
563
361
-667
-681
762
1896
1649
819
501
979
1815
1994
1092
37
-101
380
363
-624
-1784
-2093
-1604
-1315
-1933
-2851
-2884
-2015
-1480
-1923
-2519
-2182
-1174
-570
-765
-973
-384
714
1351
1143
905
1412
2339
2564
2096
1940
2530
3145
3142
2820
2707
3126
3575
3126
1733
1157
1978
1969
0
-1177
-85
688
-529
-1906
-1951
-1346
-966
-1499
-2857
-3403
-2251
-1237
-1731
-2524
-2287
-1256
-154
280
-183
-505
318
1459
1663
1171
837
950
1497
2003
1593
538
81
427
534
-93
-1076
-1773
-1813
-1432
-1557
-2434
-3159
-2894
-2216
-2018
-2385
-2699
-2446
-1623
-850
-749
-980
-703
233
1079
1325
1174
1276
1903
2563
2627
2322
2439
3015
3287
3055
2866
3089
3392
2957
1825
1330
1804
1463
-250
-1058
-145
177
-1080
-2062
-1767
-1148
-962
-1595
-2701
-2831
-1519
-702
-1491
-2282
-1706
-393
499
555
2
-75
857
1926
1894
1165
781
1166
1742
1839
1258
491
136
251
148
-690
-1653
-1984
-1970
-2281
-2667
-2786
-2799
-2905
-2948
-2759
-2382
-2106
-2083
-1980
-1385
-578
-248
-305
23
881
1597
1662
1460
1708
2390
2683
2342
2053
2265
2632
2688
2494
2274
2415
2670
2240
1072
980
1732
1028
-1068
-1164
630
914
-831
-1796
-1019
181
591
-557
-2225
-2148
-274
411
-884
-2072
-1589
-131
1026
697
-573
-764
649
1690
1161
109
-251
324
1199
1232
209
-522
-288
129
-46
-845
-1926
-2277
-1713
-1487
-2428
-3135
-2684
-2004
-2091
-2401
-2350
-1893
-1349
-1202
-1369
-1162
-343
157
-10
-140
449
1202
1486
1251
1058
1292
1886
2180
1862
1506
1690
2368
2791
2719
2445
2386
2133
2101
2424
2087
472
-146
1189
2017
660
-828
-677
312
793
-75
-1791
-2519
-1288
-278
-1059
-2406
-2459
-1400
-205
51
-785
-1320
-394
946
1126
403
-21
375
1169
1585
1157
350
208
652
698
37
-750
-1443
-1831
-1727
-1645
-2371
-3214
-3091
-2341
-2173
-2629
-2958
-2631
-1839
-1415
-1759
-2038
-1300
-188
150
-248
-183
737
1742
1907
1415
1242
1927
2832
2910
2280
2063
2787
3598
3586
3126
2858
2626
2437
2690
2493
940
-307
646
1901
924
-1093
-1525
-506
250
-356
-2085
-3213
-2230
-583
-852
-2476
-2916
-1509
32
437
-337
-977
-247
1434
2073
1107
186
612
1699
2051
1297
190
-149
393
639
-377
-1749
-2232
-2053
-2157
-2683
-3351
-3831
-3577
-2820
-2615
-3138
-3227
-2489
-1685
-1383
-1537
-1626
-1043
73
587
237
135
1013
1975
2192
1856
1642
1964
2585
2865
2495
2129
2314
2811
3055
2993
2953
2783
2212
1898
2413
2232
543
-365
1010
1897
409
-1168
-799
285
486
-422
-1960
-2493
-1083
211
-834
-2510
-2225
-469
644
291
-753
-1027
114
1416
1259
67
-451
103
778
778
114
-693
-915
-606
-517
-1060
-1839
-2272
-2212
-2084
-2393
-2850
-2827
-2490
-2425
-2455
-2207
-1866
-1725
-1593
-1383
-1083
-833
-712
-651
-357
90
422
579
787
1170
1621
1970
2015
1914
2045
2528
2871
2854
2744
2915
3238
3723
3990
3375
2219
2320
3156
2363
403
418
1687
1153
-631
-951
-208
-63
-644
-1773
-2716
-2148
-722
-1061
-2771
-3128
-1620
-288
-173
-970
-1604
-875
820
1367
253
-656
-179
811
1187
716
-170
-565
-108
352
-109
-1009
-1557
-1633
-1609
-1710
-2222
-2837
-2989
-2621
-2396
-2582
-2810
-2681
-2209
-1756
-1604
-1684
-1490
-892
-303
-91
15
355
978
1684
2122
2152
2264
2858
3400
3285
2935
3108
3543
3635
3372
3177
3275
3810
3768
2441
1364
2025
2184
238
-932
324
749
-1052
-1939
-1008
-428
-812
-1525
-2627
-2773
-1124
-272
-1889
-3094
-1882
-150
358
-85
-908
-1041
395
1716
976
-599
-762
120
741
597
-340
-1412
-1302
-305
-209
-1377
-2341
-2304
-1861
-1591
-1838
-2688
-3209
-2474
-1528
-1692
-2253
-2029
-1344
-734
-297
-326
-586
-201
576
720
478
609
938
1150
1521
1821
1731
1669
2007
2274
2131
1967
2026
2162
2228
2321
2385
2395
2599
2989
2715
1696
1474
2241
1858
117
-42
1480
1428
-486
-1114
-49
489
-192
-1508
-2662
-2325
-718
-596
-2551
-3641
-2307
-560
-231
-1291
-2416
-2058
-250
788
-184
-1525
-1348
-41
891
682
-315
-951
-400
595
644
-299
-1052
-892
-280
-146
-745
-1403
-1551
-1388
-1264
-1208
-1371
-1708
-1761
-1316
-934
-979
-1247
-1333
-1079
-560
-209
-248
-230
228
883
1335
1571
1762
2063
2457
2690
2643
2723
3076
3216
2906
2773
3172
3604
3535
2668
1507
1534
2450
1631
-762
-1039
739
551
-1680
-2283
-1209
-900
-1525
-2465
-3435
-3125
-1476
-1275
-2978
-3539
-1897
-274
-7
-659
-1321
-809
969
1934
945
-221
150
1293
1849
1416
369
-330
79
805
497
-685
-1416
-1273
-881
-928
-1536
-2282
-2427
-1948
-1666
-2007
-2456
-2259
-1585
-1210
-1359
-1242
-613
-114
-121
-123
291
928
1272
1156
1028
1476
2234
2462
1976
1573
1887
2552
2607
1845
1230
1461
2038
2166
1716
1242
1395
2148
2235
1046
307
1075
1150
-419
-718
861
776
-1291
-1557
124
514
-670
-1686
-2154
-1668
-244
-225
-2228
-3037
-1180
512
148
-1137
-1800
-1129
492
1073
-411
-1772
-1036
467
745
-111
-989
-1083
-279
454
15
-1085
-1414
-789
-280
-437
-972
-1411
-1394
-898
-596
-874
-1247
-1194
-905
-601
-362
-413
-696
-723
-329
7
43
-50
-62
137
568
887
925
932
1091
1316
1584
1805
1756
1613
1755
2143
2307
2267
2361
2653
2940
2919
2177
1474
1887
2127
528
-705
589
1453
-451
-1930
-792
137
-727
-1887
-2666
-2836
-1555
-619
-2146
-3771
-2542
-365
-33
-997
-1767
-1595
-132
1298
671
-1013
-1065
444
1368
1034
86
-652
-346
782
1023
-168
-1215
-1026
-320
-133
-682
-1491
-1778
-1350
-922
-1074
-1449
-1527
-1273
-902
-613
-579
-683
-590
-260
-10
74
156
339
572
748
868
1017
1258
1422
1371
1308
1470
1712
1693
1428
1281
1507
1804
1843
1733
1708
1950
2368
2109
1020
760
1549
1067
-616
-325
1288
588
-1487
-1253
344
331
-914
-1995
-2467
-1605
-125
-828
-3105
-3253
-1013
253
-519
-1750
-2178
-1252
458
797
-820
-1877
-853
649
963
247
-657
-799
232
1222
774
-469
-858
-174
526
470
-234
-977
-984
-214
219
-431
-1221
-1093
-488
-245
-466
-775
-856
-507
-142
-306
-641
-453
8
88
-68
-19
315
701
873
733
711
1186
1683
1539
1098
1225
1820
2110
1907
1739
1862
2337
2766
2148
860
937
1987
1102
-797
-163
1426
180
-1844
-1117
251
-332
-1488
-2119
-2542
-1752
-404
-1315
-3483
-3137
-830
-16
-905
-1793
-1936
-919
748
921
-660
-1387
-145
1231
1346
617
-140
-103
901
1634
1014
-103
-317
255
653
462
-93
-603
-649
-306
-141
-437
-872
-1122
-1079
-747
-458
-727
-1254
-1206
-645
-401
-715
-990
-871
-481
-146
-130
-299
-91
444
735
682
788
1109
1302
1293
1345
1606
1902
2012
1912
1921
2277
2868
2655
1486
1018
1967
1961
259
-164
1221
1001
-971
-1184
176
108
-1172
-1988
-2414
-2090
-833
-996
-3131
-3792
-1759
-215
-786
-1882
-2252
-1511
247
1200
-26
-1405
-576
1299
1943
1224
295
121
1067
2122
1758
344
-258
382
982
710
-110
-770
-838
-478
-375
-873
-1626
-1983
-1688
-1182
-1302
-2004
-2272
-1624
-959
-1085
-1557
-1501
-868
-307
-229
-353
-118
511
1049
1123
1117
1443
1993
2201
2006
1825
2107
2554
2621
2251
2006
2240
2839
2940
1816
661
1183
1924
591
-831
88
861
-743
-1800
-628
-96
-1250
-2001
-2162
-2303
-1487
-736
-2101
-3518
-2184
-129
-194
-1334
-1717
-1225
58
1258
669
-890
-720
1011
1836
1225
397
36
460
1408
1527
306
-653
-245
483
394
-283
-925
-1047
-566
-321
-901
-1546
-1507
-1250
-1158
-1071
-1146
-1448
-1305
-632
-278
-588
-916
-762
-174
398
402
-30
-38
743
1495
1472
1040
1057
1613
2073
1942
1544
1515
1894
2173
2054
1838
1905
2395
2302
1183
599
1394
1230
-475
-630
816
269
-1786
-1581
-109
-489
-1823
-2310
-2579
-2284
-1023
-1204
-3347
-3730
-1425
-12
-827
-1876
-2012
-1041
779
1486
-12
-1202
57
1945
2244
1351
490
383
1412
2443
1804
212
-209
626
1131
697
-165
-835
-809
-233
-252
-1177
-1814
-1554
-1215
-1297
-1408
-1395
-1403
-1249
-916
-732
-739
-712
-612
-383
100
494
435
316
753
1446
1695
1488
1337
1474
1758
1926
1750
1388
1334
1654
1790
1521
1386
1478
1009
203
343
662
-496
-1503
-319
530
-1213
-2486
-1015
154
-900
-2058
-2258
-1971
-901
-129
-1551
-3131
-1823
573
680
-715
-1327
-680
772
1942
1282
-369
-309
1454
2387
1667
644
278
773
1631
1622
388
-528
-169
494
373
-323
-942
-1094
-730
-458
-883
-1505
-1500
-1117
-1001
-1042
-964
-950
-963
-727
-403
-358
-455
-472
-336
-26
358
398
149
243
782
1107
987
796
756
852
1064
1204
988
761
905
1259
1370
1426
1287
657
320
984
1030
-367
-730
757
951
-897
-1316
269
648
-586
-1284
-1336
-1179
-324
-61
-1641
-2623
-1119
438
-39
-1086
-1271
-740
364
1217
499
-799
-447
1075
1647
1010
283
77
605
1396
1279
198
-390
92
579
376
-221
-729
-813
-445
-303
-753
-1201
-1180
-1062
-1009
-883
-878
-1148
-1274
-1015
-709
-630
-743
-911
-849
-337
200
222
-25
99
585
1055
1196
993
735
872
1359
1631
1440
1174
1299
1651
2014
1997
1302
645
1101
1472
365
-418
676
1096
-593
-1339
159
789
-551
-1573
-1593
-1310
-601
-403
-1938
-3024
-1599
180
-223
-1453
-1648
-895
203
889
264
-862
-576
821
1456
914
310
190
660
1386
1455
554
-116
215
717
499
-98
-448
-552
-510
-462
-602
-951
-1212
-1323
-1238
-999
-917
-1302
-1662
-1364
-752
-632
-960
-1066
-688
-59
373
400
300
538
1070
1484
1466
1226
1281
1739
2000
1788
1569
1845
2295
2382
1741
886
1009
1905
1386
-435
-568
1038
946
-946
-1331
-163
-54
-931
-1519
-1975
-1903
-825
-670
-2347
-3018
-1341
-28
-646
-1563
-1630
-973
213
874
-73
-1169
-427
1128
1442
696
117
117
774
1608
1411
257
-189
492
910
472
-118
-518
-707
-412
-140
-668
-1369
-1260
-881
-1001
-1226
-1241
-1351
-1344
-965
-735
-900
-884
-448
-36
205
409
540
673
1110
1580
1617
1423
1575
2019
2243
2133
1964
1957
2191
2437
1941
1020
1022
1509
712
-433
169
898
-482
-1802
-824
103
-922
-2055
-2203
-2104
-1524
-842
-1743
-3145
-2326
-301
-87
-1263
-1699
-1144
-164
803
655
-608
-854
600
1681
1191
276
-38
378
1226
1526
591
-385
-67
752
717
-5
-604
-745
-488
-199
-480
-1125
-1315
-964
-743
-859
-1083
-1224
-1132
-795
-561
-654
-681
-341
66
240
425
715
927
1095
1349
1497
1575
1837
2140
2078
1901
2056
2444
2562
1971
1123
1153
1768
1158
-175
43
978
31
-1465
-853
246
-624
-1953
-2046
-1770
-1466
-985
-1601
-3003
-2599
-615
-94
-1312
-1920
-1278
-279
519
374
-749
-1049
263
1259
707
-186
-281
219
815
935
203
-508
-183
590
521
-188
-567
-414
-217
-196
-387
-745
-987
-844
-553
-522
-859
-1170
-1052
-611
-353
-593
-938
-722
12
507
426
243
545
1231
1742
1698
1472
1642
2252
2617
2407
2161
2435
2627
2192
1842
1875
1354
607
1081
1657
291
-1372
-635
777
4
-1828
-2420
-1954
-1234
-801
-1789
-3446
-3101
-935
-194
-1493
-2447
-1890
-673
320
281
-821
-1352
-188
1173
1076
105
-412
-95
687
1151
543
-550
-714
119
531
-7
-751
-1061
-849
-310
-198
-889
-1499
-1218
-647
-550
-789
-1094
-1285
-911
-171
-65
-569
-599
128
818
1020
925
922
1325
1968
2280
2168
2126
2377
2661
2885
2935
2399
1707
1886
2314
1517
512
960
1428
198
-804
28
532
-709
-1804
-1703
-1457
-1325
-1296
-2128
-2963
-2064
-612
-852
-1941
-1985
-1219
-535
-138
-417
-1188
-1008
246
791
98
-396
-120
312
535
418
-152
-527
-259
-36
-348
-713
-827
-908
-913
-828
-954
-1215
-1171
-1010
-1079
-1106
-860
-708
-768
-650
-312
-70
98
405
698
877
1154
1608
1917
2032
2198
2421
2582
2794
3044
2801
2153
2084
2602
2210
1118
1110
1766
1032
-344
-178
683
115
-1227
-1725
-1507
-1100
-823
-1487
-2696
-2547
-1038
-413
-1327
-2111
-1807
-884
-85
-61
-871
-1254
-405
607
592
-20
-373
-238
239
615
305
-413
-676
-345
-90
-288
-748
-1146
-1176
-848
-757
-1180
-1508
-1338
-1085
-1077
-1114
-1095
-1086
-967
-651
-338
-157
-12
210
531
1055
1563
1684
1594
1917
2596
3028
2972
2591
2215
2468
3109
2656
1293
1225
2314
1929
261
24
970
689
-545
-1137
-1188
-1093
-752
-1132
-2379
-2540
-1185
-557
-1372
-1995
-1688
-1002
-362
-212
-874
-1241
-448
461
366
-94
-189
-58
237
587
417
-228
-499
-233
-46
-215
-608
-1071
-1183
-813
-647
-1158
-1640
-1448
-1033
-987
-1172
-1302
-1213
-795
-350
-329
-461
-112
570
992
1079
1196
1490
1931
2293
2455
2367
2114
2089
2464
2400
1599
1437
2229
2011
511
138
1201
1259
-115
-1049
-1032
-696
-310
-624
-1916
-2445
-1240
-156
-678
-1680
-1796
-1050
-71
272
-466
-1186
-618
485
747
241
-224
-297
119
621
443
-347
-762
-509
-206
-288
-665
-1117
-1271
-961
-712
-973
-1349
-1350
-1142
-933
-789
-823
-972
-764
-226
50
11
164
576
930
1191
1391
1569
1928
2320
2122
1693
1986
2451
1840
1136
1648
2055
1010
153
723
1155
310
-664
-947
-842
-475
-415
-1397
-2283
-1558
-299
-337
-1245
-1615
-1142
-276
241
-184
-988
-855
105
647
419
32
-116
104
608
758
199
-366
-291
-12
-69
-302
-515
-739
-843
-727
-629
-756
-1042
-1265
-1226
-911
-674
-778
-952
-758
-237
197
346
352
518
930
1433
1775
1834
1514
1287
1712
2163
1578
829
1276
1838
990
33
499
1078
386
-614
-962
-862
-441
-269
-1197
-2252
-1718
-432
-286
-1058
-1489
-1248
-454
306
108
-754
-849
-19
574
503
185
-81
13
563
809
347
-170
-215
-83
16
46
-211
-660
-664
-184
4
-335
-687
-682
-432
-117
-119
-487
-596
-23
508
405
270
604
981
1204
1591
1658
1040
860
1637
1773
775
561
1472
1321
75
-63
792
659
-365
-1030
-1256
-1124
-578
-784
-2143
-2660
-1473
-546
-1053
-1802
-1869
-1343
-517
-125
-677
-1155
-601
219
428
289
172
124
353
760
778
389
155
256
434
532
429
149
43
291
445
243
28
63
159
162
191
218
252
387
543
558
669
914
995
1014
1205
1128
758
913
1215
666
273
1093
1409
128
-481
610
1094
70
-799
-1005
-979
-435
-203
-1480
-2627
-1762
-494
-758
-1643
-1997
-1865
-1174
-420
-809
-1808
-1690
-752
-371
-537
-661
-837
-754
-136
144
-343
-646
-362
-165
-105
124
183
24
199
637
822
854
931
883
904
1317
1639
1452
1247
1470
1829
1976
1872
1714
1815
1930
1580
1143
1135
953
473
612
955
188
-742
-230
521
-120
-1182
-1501
-1415
-1048
-644
-1274
-2437
-2104
-657
-305
-1091
-1513
-1324
-800
-85
-88
-983
-1320
-595
-127
-330
-570
-807
-1026
-745
-413
-733
-1160
-1113
-1049
-1083
-792
-542
-792
-953
-570
-66
230
347
256
329
1058
1867
1910
1593
1708
2143
2652
2950
2442
1585
1687
2362
2148
1569
1641
1361
435
574
1509
1020
-495
-1053
-849
-651
-347
-762
-2204
-2561
-1114
-281
-1081
-1816
-1770
-1392
-657
-241
-969
-1602
-953
-236
-329
-425
-381
-668
-683
-211
-245
-791
-896
-698
-716
-662
-508
-651
-726
-357
-100
-170
-82
223
422
666
948
1048
1191
1586
1762
1643
1725
1818
1564
1372
1334
1055
1020
1497
1203
-1
-179
866
990
-188
-1069
-1177
-811
-217
-401
-1713
-2224
-1084
-168
-577
-1161
-1249
-1028
-385
148
-210
-769
-531
-37
134
161
5
-380
-428
-42
14
-372
-660
-705
-675
-538
-504
-741
-865
-567
-208
-181
-260
-51
457
823
894
948
1220
1563
1838
1828
1492
1359
1639
1616
1143
1229
1714
1259
296
418
1064
750
-179
-849
-1149
-848
-327
-874
-2110
-2131
-1118
-731
-1079
-1403
-1599
-1376
-645
-394
-920
-1143
-718
-377
-224
-87
-223
-466
-266
35
-101
-313
-245
-247
-379
-278
-62
-23
-31
23
59
318
831
1047
788
781
1301
1723
1700
1560
1395
1188
1360
1669
1186
365
669
1484
1014
-193
-343
279
319
-318
-1186
-1725
-1207
-315
-737
-1983
-2028
-1003
-437
-521
-774
-1154
-1028
-93
432
-143
-656
-389
60
318
344
-39
-481
-351
10
-3
-300
-555
-761
-703
-316
-140
-408
-581
-346
51
482
744
620
500
1010
1714
1800
1507
1343
1331
1503
1676
1188
530
949
1635
903
-254
-5
708
327
-693
-1460
-1652
-1055
-559
-1433
-2628
-2275
-1065
-705
-1106
-1511
-1635
-1015
-45
-19
-758
-797
-179
137
196
213
14
-83
188
284
109
152
198
-106
-220
161
431
384
284
219
418
1067
1495
1230
989
1327
1808
2051
1864
1188
792
1219
1412
728
453
871
621
-186
-152
365
116
-707
-1417
-1718
-1309
-761
-1355
-2534
-2546
-1520
-887
-1000
-1485
-1910
-1478
-418
-134
-786
-1089
-739
-351
-35
93
-198
-491
-294
-3
83
64
-160
-505
-350
273
542
343
262
597
1132
1645
1836
1698
1725
2123
2484
2432
1976
1566
1551
1555
1226
1053
1231
903
57
-118
467
471
-437
-1365
-1627
-1184
-706
-1154
-2240
-2463
-1645
-992
-1068
-1500
-1859
-1628
-845
-456
-786
-1062
-916
-685
-393
-136
-252
-578
-618
-471
-400
-363
-436
-698
-801
-529
-226
-62
56
188
397
876
1444
1728
1760
1854
2134
2320
2228
2039
1915
1673
1495
1754
1951
1312
478
551
1086
882
-123
-1047
-1199
-681
-479
-1272
-2194
-2068
-1284
-917
-1255
-1773
-1871
-1339
-766
-845
-1243
-1241
-864
-551
-413
-401
-477
-467
-317
-242
-314
-365
-392
-425
-363
-235
-118
51
292
448
572
901
1316
1517
1559
1703
1800
1678
1621
1715
1483
1056
1202
1608
1264
447
327
806
822
113
-723
-1043
-658
-289
-801
-1747
-1902
-1233
-730
-926
-1456
-1721
-1364
-770
-647
-994
-1254
-1105
-715
-349
-334
-625
-671
-298
-46
-205
-412
-388
-213
-64
-37
-68
132
591
891
913
1029
1385
1731
1921
1919
1623
1360
1531
1677
1242
803
1009
1156
659
208
361
533
176
-472
-975
-977
-574
-543
-1269
-1865
-1509
-796
-689
-1157
-1536
-1385
-819
-457
-708
-1121
-1011
-504
-209
-289
-474
-470
-238
-35
-171
-442
-454
-238
-135
-212
-255
-79
341
715
769
735
1040
1540
1817
1726
1422
1272
1507
1675
1294
891
1084
1284
866
420
496
630
350
-204
-738
-887
-580
-494
-1079
-1658
-1540
-1077
-865
-1052
-1458
-1616
-1175
-641
-687
-1055
-1083
-697
-249
-59
-218
-397
-196
163
165
-108
-226
-86
74
95
-7
13
302
619
670
615
755
1044
1260
1256
1040
844
945
1083
902
678
806
917
658
402
445
530
369
29
-368
-546
-378
-284
-608
-991
-1017
-861
-744
-761
-974
-1171
-1025
-741
-748
-898
-851
-634
-416
-290
-301
-312
-99
167
160
-34
-56
150
356
390
263
221
427
695
768
671
627
686
762
795
705
472
315
330
308
208
189
238
158
-10
-45
67
110
-18
-233
-351
-250
-69
-74
-256
-366
-307
-194
-171
-248
-368
-437
-434
-422
-449
-483
-461
-443
-466
-476
-402
-287
-230
-287
-335
-225
-28
51
26
57
229
440
531
488
527
677
770
711
610
554
536
539
496
361
206
202
301
314
170
24
-20
32
58
-27
-167
-218
-155
-90
-121
-232
-310
-292
-227
-253
-387
-528
-553
-494
-464
-529
-643
-687
-590
-437
-388
-455
-467
-304
-72
39
3
-8
121
328
462
417
317
360
523
625
540
353
305
439
531
406
190
134
230
283
182
50
29
94
107
59
43
79
116
123
132
174
220
216
176
158
165
160
101
-20
-137
-180
-194
-260
-404
-556
-624
-600
-584
-639
-691
-682
-620
-533
-427
-337
-286
-251
-186
-68
68
137
120
97
135
224
313
332
251
176
213
334
381
280
140
134
267
349
262
123
115
248
377
359
220
142
249
420
444
277
87
75
234
307
118
-178
-304
-195
-75
-181
-497
-707
-604
-389
-368
-562
-723
-638
-379
-221
-256
-316
-252
-87
78
170
179
168
215
299
370
383
327
270
271
282
241
172
123
93
72
47
9
-13
-7
0
3
23
37
36
52
107
172
195
164
139
186
266
285
204
108
73
96
101
19
-133
-263
-300
-270
-273
-392
-559
-620
-522
-412
-440
-564
-607
-484
-300
-222
-272
-297
-199
-26
103
118
72
86
202
322
357
296
246
291
407
469
422
343
341
425
502
478
374
314
369
456
452
336
229
263
376
389
242
96
98
199
194
-2
-213
-251
-172
-213
-435
-659
-684
-582
-568
-730
-894
-870
-704
-599
-654
-739
-687
-493
-322
-290
-325
-276
-115
54
114
88
101
211
340
398
385
384
454
539
568
549
551
588
612
579
530
521
541
527
447
368
338
343
334
254
138
70
74
84
17
-127
-240
-243
-205
-255
-400
-512
-513
-451
-448
-532
-613
-603
-523
-457
-463
-519
-522
-425
-301
-262
-308
-327
-243
-113
-63
-97
-115
-47
46
99
110
132
189
255
304
343
385
438
490
521
538
553
589
635
640
592
548
556
579
546
445
339
292
272
198
59
-82
-165
-196
-255
-375
-509
-572
-561
-558
-621
-715
-746
-682
-601
-586
-619
-616
-533
-409
-320
-295
-275
-215
-107
9
83
112
131
183
269
364
414
396
363
387
469
524
478
377
333
382
442
407
292
210
232
301
304
214
115
104
166
189
110
-8
-54
-17
-2
-82
-197
-255
-239
-225
-285
-393
-459
-448
-410
-425
-507
-578
-553
-462
-413
-460
-521
-482
-356
-257
-250
-258
-198
-71
57
136
188
246
336
443
557
636
651
636
664
746
811
774
657
584
606
650
594
430
269
206
211
166
22
-157
-275
-301
-300
-366
-497
-610
-641
-610
-590
-636
-700
-710
-657
-579
-528
-520
-524
-474
-360
-245
-200
-213
-204
-98
34
87
56
41
102
205
259
237
204
217
272
315
318
288
271
300
358
390
383
365
388
455
510
511
485
477
506
540
519
452
391
368
353
295
193
96
28
-33
-125
-240
-344
-428
-511
-590
-666
-722
-766
-817
-856
-860
-832
-800
-783
-775
-724
-603
-464
-382
-351
-285
-115
85
196
195
219
359
541
610
556
518
593
701
712
619
543
551
589
562
457
356
318
323
301
222
119
59
62
71
28
-51
-106
-105
-86
-107
-159
-192
-191
-188
-207
-232
-241
-233
-240
-276
-302
-300
-279
-281
-320
-357
-344
-281
-240
-253
-280
-250
-152
-68
-54
-70
-35
66
153
173
158
183
261
326
320
281
275
317
351
315
230
176
196
228
194
84
-6
-1
54
51
-51
-160
-177
-119
-81
-134
-226
-259
-218
-160
-147
-179
-217
-217
-179
-131
-110
-125
-155
-158
-110
-50
-20
-35
-61
-46
16
79
95
68
55
86
145
194
201
188
191
228
279
312
303
276
276
306
325
294
235
207
219
214
154
68
21
18
2
-65
-154
-213
-236
-242
-257
-297
-352
-393
-383
-335
-300
-333
-396
-397
-315
-223
-205
-255
-282
-212
-87
-13
-29
-77
-56
49
147
156
104
80
135
228
275
243
192
198
266
330
316
241
194
230
290
279
190
122
134
182
173
95
22
14
44
46
-6
-77
-109
-93
-72
-93
-144
-182
-178
-151
-144
-168
-194
-198
-182
-160
-143
-142
-147
-137
-104
-65
-40
-36
-41
-21
16
50
61
48
41
64
103
116
99
81
87
104
113
100
84
69
50
40
49
48
16
-26
-37
-14
-3
-40
-91
-96
-64
-49
-72
-100
-93
-56
-27
-31
-49
-44
-11
20
22
-3
-13
9
40
40
13
-10
-6
15
24
8
-20
-34
-24
2
14
-6
-28
-12
31
65
63
46
56
95
130
138
126
120
129
146
151
134
107
89
77
60
30
-5
-29
-48
-80
-117
-139
-140
-142
-163
-190
-197
-176
-161
-167
-178
-170
-138
-97
-76
-68
-45
-3
39
53
49
60
92
106
80
50
57
82
76
24
-18
-7
23
6
-44
-74
-57
-28
-34
-59
-62
-33
-9
-2
0
13
37
55
64
76
92
106
122
130
136
144
150
154
153
144
135
130
123
104
77
61
56
47
20
-13
-21
-6
-9
-49
-83
-77
-49
-48
-91
-127
-114
-76
-73
-107
-136
-131
-108
-96
-104
-116
-121
-111
-91
-67
-58
-75
-85
-70
-42
-30
-41
-65
-70
-62
-48
-43
-53
-80
-99
-84
-46
-25
-47
-78
-63
-2
49
51
32
41
97
159
190
192
193
222
268
300
305
292
286
290
285
266
242
214
174
121
72
44
10
-49
-124
-177
-191
-199
-234
-287
-316
-301
-271
-267
-286
-294
-262
-205
-160
-144
-131
-92
-33
16
44
52
62
78
92
97
87
67
51
46
36
14
-10
-21
-23
-36
-66
-80
-60
-31
-31
-53
-43
12
78
96
77
83
144
211
232
206
188
213
251
262
227
181
151
146
134
96
32
-29
-65
-88
-124
-166
-204
-236
-256
-265
-263
-256
-261
-270
-252
-205
-161
-144
-130
-87
-28
20
45
66
104
145
165
175
188
197
200
196
187
175
158
137
116
98
70
35
16
5
-19
-50
-73
-74
-66
-74
-99
-105
-85
-63
-65
-80
-83
-60
-33
-34
-56
-65
-45
-21
-19
-51
-72
-58
-27
-30
-64
-89
-66
-24
-19
-53
-72
-37
18
29
-8
-27
13
73
86
53
28
57
112
132
103
72
79
116
147
141
105
78
92
135
159
128
66
43
87
135
113
31
-23
4
60
50
-36
-109
-103
-60
-65
-134
-201
-204
-166
-154
-194
-235
-228
-187
-162
-167
-178
-159
-115
-81
-55
-29
1
28
52
81
119
147
146
133
140
173
200
195
160
134
152
191
193
141
79
69
107
126
77
1
-26
5
37
16
-50
-100
-103
-75
-71
-115
-181
-213
-190
-151
-155
-207
-251
-232
-172
-141
-160
-197
-187
-121
-59
-47
-61
-50
9
74
99
92
96
130
167
179
164
155
162
175
171
156
140
134
136
131
118
99
99
105
103
95
88
97
106
103
90
90
95
87
64
40
20
1
-22
-55
-103
-154
-189
-200
-218
-270
-339
-362
-331
-309
-339
-389
-385
-317
-244
-232
-248
-221
-129
-31
15
20
46
127
219
263
256
263
302
352
370
350
322
313
319
318
296
248
199
176
181
170
121
59
28
36
43
15
-41
-82
-83
-65
-69
-105
-153
-171
-146
-122
-138
-186
-216
-197
-155
-148
-185
-226
-221
-167
-123
-132
-170
-174
-115
-43
-26
-61
-78
-31
43
69
31
-2
29
103
134
91
46
72
140
171
131
80
97
166
201
170
121
123
179
226
207
145
113
138
174
159
88
19
1
10
-8
-73
-153
-208
-231
-243
-268
-313
-361
-390
-379
-341
-316
-323
-332
-293
-203
-119
-83
-66
-14
84
182
229
239
262
312
363
381
365
334
314
306
290
249
190
124
77
46
12
-38
-89
-127
-142
-142
-146
-152
-152
-140
-119
-94
-71
-51
-30
-13
0
19
36
39
23
6
-3
-3
-19
-58
-97
-112
-111
-123
-150
-176
-178
-159
-138
-127
-118
-97
-60
-13
37
70
91
119
159
205
235
243
233
234
252
264
247
206
162
143
142
119
60
-4
-31
-30
-35
-71
-119
-132
-113
-96
-105
-130
-140
-124
-100
-94
-110
-131
-134
-116
-98
-102
-127
-151
-146
-115
-95
-111
-140
-136
-91
-44
-38
-57
-51
2
62
85
77
82
126
179
196
187
185
199
215
215
203
186
165
149
134
122
99
63
30
10
-4
-18
-37
-62
-83
-89
-74
-65
-71
-87
-84
-60
-32
-33
-57
-70
-56
-28
-29
-68
-108
-106
-80
-78
-120
-164
-165
-135
-121
-134
-152
-141
-104
-69
-53
-47
-30
4
45
79
101
111
131
165
206
225
211
194
199
224
228
190
138
111
114
114
81
23
-23
-36
-34
-48
-85
-119
-135
-132
-122
-129
-137
-142
-137
-125
-113
-105
-98
-92
-89
-84
-61
-34
-29
-39
-42
-18
14
21
3
-8
15
41
46
31
16
23
51
70
65
47
44
70
104
104
78
69
95
118
112
87
80
100
112
105
90
84
83
78
64
46
24
7
-11
-33
-52
-69
-84
-102
-126
-146
-153
-158
-174
-192
-202
-196
-187
-184
-187
-188
-169
-133
-107
-92
-80
-51
-5
42
62
68
88
124
163
186
188
186
198
216
223
218
204
187
171
157
146
132
106
69
45
45
49
29
-7
-33
-26
-2
-1
-38
-72
-72
-45
-40
-74
-113
-118
-93
-83
-110
-141
-146
-135
-133
-153
-172
-172
-159
-158
-175
-181
-161
-125
-109
-119
-126
-93
-35
-4
-14
-24
12
84
134
132
115
134
195
251
255
217
191
213
256
259
204
143
133
159
165
123
52
17
26
29
-1
-54
-89
-92
-83
-94
-119
-139
-149
-147
-145
-154
-169
-177
-169
-163
-155
-141
-131
-125
-110
-85
-59
-47
-47
-28
7
33
40
45
65
89
112
118
120
135
152
146
136
139
153
153
130
114
121
127
104
69
45
44
44
26
-12
-38
-37
-34
-47
-74
-89
-81
-63
-70
-95
-106
-91
-66
-69
-99
-115
-97
-68
-63
-86
-110
-97
-65
-50
-66
-83
-79
-59
-40
-27
-19
-19
-15
12
43
57
65
84
102
112
125
139
151
146
137
140
153
161
156
134
116
115
109
87
52
24
8
-7
-25
-40
-64
-83
-92
-103
-124
-136
-137
-141
-159
-165
-151
-137
-141
-146
-137
-119
-96
-91
-95
-88
-73
-55
-44
-39
-23
0
21
37
52
67
86
106
120
115
115
131
152
156
143
130
138
161
158
120
95
103
109
83
35
3
15
28
3
-44
-70
-63
-44
-55
-93
-120
-112
-85
-71
-84
-107
-109
-81
-53
-52
-78
-102
-96
-70
-59
-85
-121
-123
-92
-67
-71
-85
-79
-48
-19
0
3
5
18
44
79
104
111
111
131
158
189
196
187
181
183
177
162
150
121
95
69
50
33
16
-10
-44
-56
-43
-39
-56
-81
-90
-70
-57
-65
-82
-87
-72
-58
-55
-57
-55
-59
-60
-55
-65
-75
-78
-100
-109
-112
-103
-102
-126
-130
-106
-67
-64
-79
-80
-40
16
40
43
45
67
100
132
150
160
170
177
202
229
217
196
178
159
145
124
95
72
47
24
1
-12
-13
-43
-80
-95
-92
-98
-113
-119
-111
-98
-87
-78
-77
-75
-69
-52
-39
-34
-49
-53
-56
-58
-56
-39
-36
-54
-65
-68
-65
-71
-83
-84
-58
-34
-12
-25
-36
-34
-6
23
7
-18
-3
41
74
76
51
56
92
133
142
131
112
126
157
152
137
128
111
97
117
98
54
25
14
2
-28
-43
-70
-90
-82
-64
-82
-137
-157
-155
-139
-139
-148
-135
-143
-122
-122
-99
-83
-84
-63
-50
7
30
30
47
90
119
120
119
97
89
83
88
76
57
49
43
58
63
61
47
45
39
30
25
22
26
43
65
63
91
85
50
42
28
13
4
-5
2
15
40
29
-18
-39
-27
-7
-32
-84
-154
-153
-131
-143
-196
-231
-216
-181
-144
-156
-128
-112
-75
-67
-73
-54
-40
-3
37
72
80
94
98
101
117
122
117
108
111
133
121
123
122
132
154
153
137
148
195
172
110
44
21
23
0
-43
-95
-111
-88
-45
-49
-58
-73
-72
-69
-87
-93
-126
-126
-124
-119
-112
-118
-93
-55
-41
-51
-71
-76
-43
-31
-4
-10
-30
3
28
43
27
32
49
52
47
41
56
76
100
111
107
110
117
121
103
74
8
-36
-60
-76
-66
-102
-108
-73
-57
-36
-55
-76
-68
-23
0
-17
-19
17
54
57
39
46
68
39
42
25
5
26
-13
5
46
21
-46
-94
-80
-115
-169
-153
-110
-73
-32
11
56
60
67
57
109
186
145
45
3
54
122
148
198
278
210
87
42
135
151
76
10
-14
15
-16
-142
-189
-156
-217
-228
-196
-137
-101
-482
-1357
-1146
58
-652
-1297
1214
2137
-897
-2133
501
1499
-812
-924
1845
2725
183
-699
753
1113
1511
-963
-3989
-464
1418
-1840
-1562
872
2850
1917
388
1232
2055
-422
-1674
-650
-86
209
-1112
-1111
572
1171
-18
535
77
-171
-134
-1115
-1972
-1393
1200
1129
-1044
-1092
259
337
-117
-241
-484
241
142
-238
-808
-685
1407
1349
-142
1241
1596
-517
-158
465
-276
-110
483
147
-496
-520
-98
-188
-295
84
41
-524
-640
-467
-114
69
-259
668
882
-244
86
650
43
88
400
144
-197
75
285
-377
-392
467
241
-692
-3
137
-667
-522
183
-62
-342
-248
-167
-203
-75
-91
-61
59
-2
217
40
-37
349
17
-51
342
160
90
-215
-138
52
87
94
-7
94
231
-121
-29
240
-126
-93
233
23
-37
62
-201
-99
73
282
83
-145
153
269
-160
-79
250
-77
73
151
-191
-16
33
-200
43
58
-196
-122
45
-163
-50
163
-104
-255
-141
177
103
-299
-205
148
42
-93
46
10
-1
138
-45
-351
6
193
-143
-31
234
50
-64
-94
-42
92
168
160
70
15
16
7
-71
-71
2
119
3
-186
-29
178
66
1
107
219
164
-141
-235
163
229
-52
-82
66
131
-92
-323
-132
113
12
-25
-22
-38
-2
55
18
44
105
-47
-101
-14
-27
-53
82
71
-2
43
20
1
-20
25
80
35
57
68
-58
-26
79
-28
-127
-32
2
-95
-92
-26
18
46
27
-1
-16
-50
-39
34
77
30
-42
-50
-6
56
35
-32
-17
40
-24
-135
-95
-6
12
-30
-10
0
-7
-38
-45
10
27
23
29
-4
-2
9
-43
-10
53
69
57
11
-24
20
13
-23
9
62
84
-20
-67
27
41
-24
-4
36
-3
-110
-117
-38
2
-4
-40
-17
12
44
-52
-75
16
19
-11
9
12
-49
-48
5
129
109
43
-8
-20
-13
-29
14
-37
32
50
12
-19
-9
14
35
95
15
-47
-100
-31
22
19
-23
25
56
-1
-7
-35
-5
38
6
-55
-20
-20
-21
8
13
38
93
42
-56
-62
0
57
19
2
1
18
-26
-85
-68
24
93
19
-82
-67
17
11
-5
27
27
-10
-22
-57
-36
5
-1
-1
29
30
-9
-22
8
54
86
19
-27
58
28
-5
31
14
39
46
29
34
20
-22
-19
22
23
43
-2
-15
27
10
-18
1
9
-34
-44
-32
8
-2
-28
-44
-36
-33
-73
-60
-28
15
4
-60
-59
-1
-16
-38
2
21
4
-16
-35
-6
8
-7
-13
4
17
-9
4
34
13
-21
16
43
7
-63
-66
-7
50
56
-5
-30
1
17
1
29
44
3
7
41
25
-10
-4
40
69
36
-13
-44
-18
35
37
-4
-19
9
13
-14
-39
-24
-17
-5
13
-16
-35
-3
-7
-21
-7
11
29
0
-9
-5
-21
-41
-7
3
-7
-1
-12
-8
-14
-22
-3
27
9
-16
-11
-18
-1
-4
-20
-1
17
31
18
7
-1
-2
11
33
41
13
-2
21
48
34
-25
-49
18
56
-9
-44
1
39
44
15
6
16
45
35
-20
-42
-6
14
-9
2
13
6
-5
22
34
-1
-7
2
-24
-23
30
23
-14
19
37
-9
-52
-31
24
7
-38
-18
28
20
-27
-46
8
18
-18
-13
3
-16
-32
-51
-41
42
79
-13
-93
-24
45
-22
-69
26
52
-48
-48
5
-8
-8
20
26
37
23
-28
-50
-17
35
-9
-62
-6
36
-8
-39
10
68
57
12
-20
-29
-19
-15
-14
12
14
5
4
-19
4
46
30
-12
2
7
-25
-35
-22
3
24
38
-2
-34
-12
17
3
-27
0
-7
-38
-31
6
43
43
16
-3
