SAMPLES:	9917
BITSPERSAMPLE:	16
CHANNELS:	1
SAMPLERATE:	16000
NORMALIZED:	FALSE
-1
12
30
13
2
-8
-3
0
2
27
16
3
-7
16
24
12
-13
-17
-21
-7
12
12
16
-3
0
-11
4
5
-4
-13
-14
0
12
16
7
-2
-27
-28
-13
15
12
-5
-31
-19
8
33
17
-11
-11
3
34
25
0
-2
-3
-15
-36
-29
9
30
24
15
42
40
21
-2
-4
-27
-57
-65
-23
21
20
-1
1
16
22
15
12
-8
-51
-60
1
37
19
-13
-16
-6
22
45
15
-38
-64
-36
19
37
-3
-33
-20
18
56
54
-22
-71
-26
33
42
3
-30
-17
15
4
27
29
-1
-54
-39
12
11
-12
-23
8
5
49
54
49
-43
-65
-18
37
-7
-45
-33
-3
31
62
62
-44
-85
-3
110
35
-89
-90
13
63
53
-2
-51
-21
24
15
4
-5
-27
-72
-25
73
104
27
-55
-34
20
55
20
-22
-52
-17
48
73
41
-4
-38
-63
-43
1
25
-4
-57
-45
34
84
35
-31
-108
-38
60
83
-20
-84
-35
33
79
22
-39
-46
-11
30
35
18
-66
-97
-8
120
99
-22
-10
92
155
35
-100
-177
-84
42
28
-15
-63
59
152
174
17
-98
-128
-63
21
-24
-114
-71
70
166
85
28
-1
-6
-44
-69
-50
-82
-13
-3
29
33
103
52
-31
-103
-58
1
4
-49
-37
-32
23
78
75
-45
-80
-47
-53
2
20
-12
-64
4
140
222
63
-102
-100
-33
-1
-25
-21
-68
23
155
193
117
-20
-69
-100
-42
-58
-9
-62
-87
24
192
205
-11
-77
19
56
-33
-180
-99
-16
57
11
-54
-110
-22
125
93
-21
-74
-23
78
76
-55
-80
-138
-25
51
47
-101
-40
174
184
66
-147
-171
-47
97
-23
-226
-153
59
290
134
-75
-70
-14
45
-18
-104
-203
-113
87
219
116
-10
-41
134
265
26
-176
-257
59
154
77
-147
-53
184
340
98
-144
-117
-104
95
-49
-121
-223
134
217
185
-20
-6
1
-26
9
-114
-172
-240
67
221
69
-134
-58
151
195
-33
-214
-182
1
78
85
-72
-101
64
205
132
-110
-166
-117
91
68
3
-184
-126
70
238
108
-111
-26
148
308
125
-132
-196
-38
73
9
-189
-151
-34
226
95
-46
-193
-14
87
57
-179
-211
-55
64
141
-187
-177
-73
219
46
-82
1
104
275
80
-33
-175
54
-8
-158
-130
-122
209
141
137
22
103
134
130
-23
-288
-227
-84
20
-32
32
-10
113
195
151
16
-92
-132
-69
-37
-75
-84
-18
139
204
59
-235
69
159
-23
-360
-202
44
123
93
26
26
-32
201
89
-104
-220
-83
45
49
56
-95
6
27
260
106
-101
-245
109
179
64
-171
-200
47
110
178
-219
-142
77
287
-1
-107
-55
32
21
-66
-26
-41
30
101
223
9
-33
-6
-34
-142
-148
-74
-30
22
-5
154
142
88
55
29
-44
-141
-30
-159
-117
-162
-45
18
102
172
155
206
130
126
21
-204
-403
-308
-97
-99
34
65
269
343
330
103
-19
-85
-245
-188
-270
-53
12
22
-45
241
277
40
-21
6
123
-53
-66
-207
-101
-15
-107
-196
-138
53
282
264
33
55
28
49
-249
-228
-279
-32
12
127
260
336
277
63
129
-340
-183
-195
-42
-418
-105
154
326
274
96
226
55
148
-168
-319
-499
-83
16
-133
-67
169
574
312
60
-98
123
-191
-210
-247
-301
34
87
51
-38
397
3
131
-96
-172
-147
151
-62
-255
141
103
-77
-91
225
129
-98
-208
127
199
-71
-137
76
-26
-169
68
-3
-50
-74
89
205
118
-221
-102
149
35
-160
-282
49
288
198
-174
43
248
155
-132
-254
-177
-97
36
-147
-96
7
349
307
-38
-122
272
305
-255
-309
-18
19
-73
-61
16
118
-31
38
83
158
-105
75
-129
-85
-131
-1
-154
-264
30
-56
193
-41
371
51
136
-59
72
51
-125
-259
-128
184
-95
2
189
204
127
95
4
-108
-63
-126
-134
-108
-8
105
76
103
27
-20
-119
-89
-135
-125
90
266
56
-77
213
315
-1
-200
-254
-119
-150
151
-72
34
-108
199
246
-14
-168
-235
270
-159
-40
-261
191
55
-47
-83
-23
198
-7
173
42
42
-157
172
25
-369
-367
-205
73
14
118
91
185
423
197
71
-263
-135
-238
-86
-105
-21
216
87
426
103
348
-245
-105
-422
65
-191
-463
-340
35
492
254
370
-82
329
367
118
-669
-709
-532
-235
-91
-228
19
597
1029
589
-38
-206
-36
-205
-569
-769
-373
38
502
417
402
352
510
358
-125
-357
-324
-219
-385
-106
-229
-106
158
371
-32
187
192
227
44
-113
-301
5
-161
-163
-225
-107
293
397
234
-23
361
47
37
-238
-442
-447
-124
-30
-97
192
77
298
383
461
-227
-205
-75
-177
-266
-621
-41
39
327
33
589
570
442
-43
-108
-65
-463
-335
-790
-206
-69
725
454
393
72
441
179
-557
-985
-457
-153
61
-123
219
341
599
472
104
-395
-356
109
-300
-478
-292
103
99
201
397
269
347
81
79
-324
-394
-392
-258
1
204
556
106
340
176
293
-493
-492
-656
-294
19
127
220
118
593
242
233
-322
-367
-478
-139
-190
-95
-16
106
604
486
81
-142
99
54
-98
-742
-361
408
315
-310
37
430
338
155
-225
-298
-122
131
-325
-239
-107
277
274
203
-45
315
134
-115
-185
-238
-45
-147
307
70
436
-255
189
178
105
-691
-383
162
-120
-140
-117
354
-130
254
117
10
-253
128
238
-228
-248
-154
220
-12
120
51
320
117
209
155
-117
-505
-490
-282
-122
31
-147
136
326
556
310
-16
-411
-88
180
-325
-385
-297
365
473
214
41
475
462
-354
-194
-404
-394
-381
-221
-204
251
682
583
343
119
-48
-118
-696
-560
-374
-214
1
506
562
160
492
168
275
-355
-532
-329
143
-74
-379
119
316
532
-75
-148
-139
-62
-128
-82
-387
-413
419
169
103
-234
105
-61
138
-282
74
70
173
246
262
-108
-107
31
-164
-417
-131
197
663
113
72
483
98
-579
-470
-190
-543
273
-114
27
96
788
88
-280
-475
61
58
67
-333
-40
396
397
-302
-159
-17
38
51
51
242
56
191
-16
174
-434
-345
-215
185
-146
371
115
394
61
83
-148
-70
-328
-363
-268
17
319
41
25
159
187
-472
-194
-180
-62
-113
431
410
174
113
247
-6
-330
-348
-225
-243
-28
491
250
371
411
256
-26
-297
-310
-598
-415
-605
218
-51
470
298
533
214
345
-236
-861
-417
-252
-220
-320
216
169
492
619
150
334
-98
-319
38
114
-507
-404
169
-227
334
96
-50
-155
442
396
177
-367
-480
212
-267
-474
-541
550
523
83
570
666
304
-176
-518
-986
-435
-342
-334
117
473
1262
856
274
-61
81
-477
-1238
-1158
-247
347
152
484
772
693
496
188
-564
-691
-607
-256
-362
-339
141
754
767
-20
375
-79
-110
-685
-230
-576
290
-86
451
276
571
12
-25
103
-230
-174
-448
-291
-435
238
-197
77
126
485
477
492
-124
-141
288
-390
-974
-413
229
-192
12
510
620
468
192
33
-250
-319
-600
-500
-366
-107
306
271
434
321
953
-252
-141
-71
-222
-675
-167
40
-241
524
217
91
-77
443
-67
-265
-499
34
100
-50
-65
69
32
198
64
-300
-391
332
-96
-122
-22
151
351
172
41
-15
0
-207
-117
-57
-550
141
63
143
-99
585
175
90
-66
236
135
-603
-86
-628
22
132
576
-162
93
105
425
-87
-882
-413
-150
143
2
199
123
720
248
219
-272
-525
-646
219
-133
63
219
523
446
96
21
-306
-287
-487
-187
-370
320
131
429
401
377
204
-122
-346
-230
-249
-410
-664
-326
257
732
62
247
729
587
453
-459
-521
-524
-368
-692
-819
-20
486
569
415
796
637
466
-174
-658
-963
-546
-605
-305
-103
347
1039
1298
735
132
-116
-340
-559
-1116
-670
-672
117
697
863
577
440
435
-175
-232
-758
-912
-382
-43
216
-53
416
113
560
233
307
162
-137
-148
-130
-181
-699
-259
-505
60
152
630
280
340
631
270
-310
-564
-271
-543
-260
-247
-1
155
495
187
214
125
-96
46
100
-30
-109
-192
-228
312
-56
-513
-52
315
329
-14
155
72
221
133
136
-483
-375
-20
-80
-138
40
45
185
548
176
-126
-464
-133
-250
-185
-18
237
-43
281
705
147
-318
-257
-168
-434
-73
-384
-234
36
568
252
169
-176
169
38
-283
-243
-64
-118
-183
154
284
388
53
129
13
268
-30
-265
-424
279
356
198
-160
-29
61
86
-430
-313
-134
299
-10
136
79
421
-36
-138
-361
-211
61
127
-169
-134
209
170
198
-365
-60
-192
100
80
40
-23
138
34
-65
228
-369
-90
70
129
-268
264
-58
131
-106
15
125
-231
-146
226
315
-514
18
346
403
-29
77
68
195
-3
-70
-327
-216
-118
-175
-266
-57
214
52
17
340
572
417
47
-371
-182
-435
-874
-867
112
563
761
924
686
291
154
-216
-1389
-1131
-1072
-278
77
739
729
1431
749
714
-195
-671
-1063
-911
-925
-653
-95
743
1134
795
698
555
605
-814
-701
-1112
-227
-693
-80
9
666
684
744
650
38
-139
-631
-543
-712
-448
-526
282
546
564
580
472
55
-373
-483
-430
-318
-321
9
660
377
366
154
-158
-620
-178
-469
-391
-255
564
557
749
358
261
54
-298
-597
-614
-492
-194
381
314
551
571
375
109
-312
-317
-538
-481
-361
-83
55
298
148
380
83
57
-293
-160
-377
116
-245
-230
465
567
299
85
28
84
-155
-488
-555
74
8
199
17
308
262
475
-132
-366
-249
25
193
-271
-44
-58
369
-335
226
-359
87
49
363
190
373
427
56
41
-250
-391
-679
-187
-334
43
94
437
272
419
315
194
-158
-133
-367
-378
-16
-56
-254
-103
189
444
60
-167
191
91
-328
-118
-343
-165
81
185
-7
269
255
269
161
-147
-374
-469
14
-224
-106
-83
288
238
662
210
77
-184
-387
-71
-525
-649
-234
456
134
509
581
600
-25
116
-231
-560
-806
-290
21
51
110
459
562
417
-174
-209
-110
-304
-251
-224
-21
-81
378
200
-50
-201
48
-58
-275
-54
-51
154
305
264
31
212
-18
-147
-109
-257
-385
-8
-65
164
257
57
410
136
-221
-157
397
-191
-336
-324
237
91
45
-322
66
343
452
-137
-54
141
-161
-214
-497
-322
-193
311
13
203
194
500
189
-155
-619
23
-78
-337
-415
373
262
142
287
-156
185
12
108
-174
-23
135
468
-167
-220
-14
407
-9
-183
-329
180
75
-117
-106
-27
61
41
120
-21
231
-81
-136
174
-31
-484
-122
99
79
221
-136
198
162
124
-317
-270
-200
247
-70
36
15
396
-222
-19
-92
-350
46
133
-286
-253
475
345
24
-339
-57
291
144
-314
-128
85
224
270
44
-159
19
446
-36
-201
-216
58
-20
-54
-334
-137
119
-5
259
-248
-73
87
-3
-360
21
-333
-73
244
265
184
262
513
8
56
-270
-247
-218
-12
-348
71
248
547
403
6
-112
-43
-34
-449
-295
-410
438
51
137
-22
258
163
113
-470
-248
-171
227
-52
-478
-21
384
45
-298
58
-34
-50
196
281
-350
-183
165
508
-430
-146
228
355
-72
14
-276
43
68
-90
-359
-278
266
409
137
-298
199
369
111
-481
-373
76
427
-70
-282
13
512
186
-102
-458
256
58
-74
-230
-45
-35
127
280
-29
-20
-29
283
-189
-133
-474
-111
-64
69
-51
235
419
504
78
-256
-42
-58
-515
-577
-343
-38
439
440
157
604
156
473
-61
-668
-357
-15
-578
-190
158
390
329
178
373
565
189
-363
42
-469
-580
-488
-238
206
-94
-29
876
749
217
10
-225
-220
-399
-419
-697
-19
319
351
22
294
432
204
-329
-627
-123
-402
-288
-213
225
535
685
176
364
-48
154
-444
-548
-826
-599
137
158
458
153
478
625
524
-318
-322
-284
-452
-368
-344
-439
415
658
580
322
116
518
-404
-515
-359
-453
-413
50
45
123
466
664
21
196
57
-34
-361
-390
-179
-223
25
103
235
-121
507
152
43
-134
66
-163
-117
-117
172
-35
-68
105
21
-47
-102
-140
-250
-121
48
167
-320
133
26
-132
-73
-69
-343
-244
256
-78
83
214
103
235
80
160
-287
79
50
154
-90
-357
431
327
-50
110
237
249
111
44
-97
-295
205
-358
-434
-264
42
202
216
521
526
725
170
-225
-503
-794
-741
-869
-947
268
359
952
1406
752
569
288
-611
-927
-1377
-880
-713
-501
347
1121
1450
1392
629
134
-45
-965
-1429
-1485
-974
-294
-77
271
1024
1137
1093
660
176
-247
-284
-779
-1258
-693
-397
193
668
677
965
701
566
429
-453
-461
-513
-652
-542
-40
372
312
818
424
513
28
-264
-818
-666
-388
-359
24
600
635
730
291
71
-382
-567
-429
-1061
-623
-320
449
623
377
-142
322
256
-483
-742
-407
-99
-83
206
314
-63
-112
369
282
-198
-348
177
147
-41
104
124
5
175
440
-46
-109
567
-14
-91
173
-162
108
-190
-442
56
56
4
-34
-115
174
314
-182
-458
-330
-275
-96
410
-14
212
908
804
234
-120
338
-431
-653
-754
-637
-423
192
272
346
553
632
188
-123
-604
-642
-450
-561
-169
134
679
852
474
536
469
-218
-684
-264
-503
-700
-316
-54
243
155
540
852
499
294
95
-339
-637
-1086
-1056
-493
-466
238
879
1545
779
782
606
259
-945
-1194
-925
-816
-656
-279
251
515
1026
691
672
274
168
-242
-211
-592
-585
-425
-580
-299
-39
355
524
323
561
762
237
-109
-583
-90
-809
-534
66
62
342
335
242
384
57
-248
-235
-199
-146
-368
75
236
249
-112
83
13
175
309
-338
-458
-43
-20
-51
-114
-10
443
693
253
111
21
225
414
-467
-499
-119
46
-18
-207
162
283
176
395
3
-229
-336
-151
-111
-542
-222
-221
-91
-18
-43
-52
138
430
82
79
501
221
-160
-739
-344
-185
-281
-201
-40
716
806
435
259
23
-388
-474
-944
-586
-318
375
754
551
410
608
380
-257
-636
-744
-311
-251
-5
122
615
476
559
484
-343
-94
-85
-141
-394
-299
123
-97
190
-34
-112
-223
6
-247
-331
-172
254
257
95
352
487
632
280
-236
-449
-386
-445
-317
-427
166
398
363
59
-16
-251
-386
-632
-801
-371
-242
-197
83
439
706
372
454
415
271
128
-276
-301
-282
-174
26
46
444
649
715
506
367
154
-373
-433
-835
-675
-369
-232
-30
474
692
878
758
334
65
-164
-399
-935
-873
-612
-254
-166
137
788
699
322
66
-36
-398
-800
-584
12
132
193
598
711
399
158
-442
-654
-573
-675
-263
46
321
526
499
315
-45
-239
-367
-267
-70
123
270
786
534
188
139
-113
-461
-779
-403
-16
48
199
992
756
277
18
-629
-822
-1023
-1205
-717
-325
-52
568
916
817
511
174
-23
-497
-404
-396
-196
-39
115
603
711
758
340
220
-81
-487
-602
-561
-503
-415
-189
16
369
180
117
18
325
488
52
373
441
75
59
-169
-356
8
-136
-254
-172
162
649
556
269
226
168
82
-290
-474
-385
-291
-155
-304
-199
155
424
272
-12
-69
-107
-126
-147
-201
-252
173
363
98
-239
-129
-124
-81
-267
-540
-291
-128
-329
-133
51
35
72
5
-69
-2
-76
-265
-171
-114
247
212
-5
73
91
241
305
79
31
467
564
205
-169
90
60
-392
-525
-445
-335
70
161
7
195
319
203
30
-23
-141
-23
29
226
441
601
615
632
701
573
299
-189
-291
-456
-667
-769
-720
-413
-80
130
292
352
356
330
202
-197
-333
-314
-299
-132
-175
86
201
346
522
236
-14
-29
-318
-722
-822
-645
-566
-469
-275
-22
276
267
193
126
126
-109
-171
-110
-155
2
70
170
257
219
266
237
86
-106
18
-10
128
99
152
367
294
341
391
291
132
238
238
365
458
550
590
613
316
181
81
103
74
-44
173
237
233
-34
-77
-159
-284
-549
-540
-710
-675
-523
-438
-310
-407
-479
-590
-734
-1003
-1071
-1162
-1189
-1110
-961
-778
-629
-495
-454
-538
-578
-577
-622
-591
-505
-462
-443
-400
-241
-51
135
329
586
924
1119
1252
1276
1620
1800
1918
2087
2214
2568
2724
2633
2676
2791
2792
2578
2391
2339
1955
1474
989
284
-274
-953
-1362
-1865
-2171
-2375
-2529
-2543
-2676
-2660
-2752
-2721
-2852
-2721
-2521
-2445
-2512
-2374
-2262
-2284
-2407
-2203
-2067
-1952
-1786
-1649
-1372
-1125
-1059
-931
-585
-270
64
588
1152
1666
2305
2714
2988
3297
3468
3575
3672
3834
4008
4178
4566
4909
5184
5555
5670
5559
5218
4764
3718
2472
1092
-221
-1862
-3302
-4521
-5392
-5899
-6248
-6196
-5740
-4871
-4131
-3160
-2158
-1385
-821
-352
-260
-621
-919
-1430
-2400
-3131
-3365
-3807
-4074
-3645
-3135
-2782
-2012
-1247
-1181
-899
-499
-713
-1031
-502
-153
286
1375
2580
3499
4522
5338
5779
6082
6099
5797
5746
5932
6099
6479
6981
6991
6949
6866
5428
3410
1546
-841
-3599
-5647
-7219
-8552
-8858
-8227
-7622
-6316
-4518
-3182
-2087
-612
278
652
1153
1406
1155
1176
1027
590
-142
-683
-1312
-2329
-3409
-4251
-4785
-5453
-5760
-5410
-4903
-4445
-3442
-2754
-2231
-1344
-591
-300
376
1486
2301
3288
4629
5704
6585
7544
8147
8277
8385
8250
7836
7529
7248
6605
5981
5488
4460
3042
1571
-345
-2457
-4646
-6590
-8138
-9236
-9716
-9457
-8583
-7257
-5481
-3601
-1915
-243
1225
2256
2976
3590
3620
3333
3193
2748
1784
782
-216
-1655
-3091
-4300
-5694
-6801
-7442
-7797
-7747
-7199
-6413
-5489
-4105
-2780
-1777
-363
941
1997
3215
4580
5572
6452
7668
8279
8594
8980
9020
8706
8490
8175
7661
7402
7045
6104
5143
4308
2530
358
-1634
-3918
-6508
-8371
-9600
-10649
-10934
-10202
-9089
-7432
-5288
-3158
-1133
902
2481
3574
4467
4897
4786
4463
4049
3325
2313
1162
-230
-1730
-3325
-5024
-6531
-7911
-8832
-9349
-9410
-8984
-8053
-6698
-5248
-3592
-1902
-299
1293
2713
3893
5113
6353
7277
8072
8910
9494
9626
9607
9397
8961
8304
7829
7309
6690
5975
5067
3950
2447
430
-1779
-4078
-6615
-8922
-10463
-11317
-11811
-11272
-9888
-8072
-5776
-3176
-788
1266
3254
4752
5507
5897
5873
5378
4647
3873
2817
1598
385
-901
-2482
-3922
-5413
-6937
-8259
-9228
-9714
-9719
-9361
-8309
-6677
-4950
-3215
-1262
644
2167
3626
4835
5815
6777
7824
8461
9014
9552
9715
9680
9537
9043
8168
7440
6666
5739
4842
3837
2597
1277
-372
-2412
-4442
-6506
-8679
-10295
-11124
-11674
-11461
-10004
-8328
-6313
-3718
-1122
1013
2980
4734
5656
6201
6531
6144
5447
4707
3699
2495
1352
39
-1444
-2794
-4222
-5869
-7193
-8310
-9316
-9738
-9638
-9113
-8103
-6502
-4765
-2960
-908
974
2565
4085
5329
6247
7115
7961
8560
8924
9304
9367
9250
9026
8535
7813
7027
6253
5323
4344
3281
1977
381
-1374
-3398
-5575
-7757
-9562
-10990
-11815
-11841
-11163
-9749
-7660
-5178
-2637
-81
2232
4203
5752
6839
7361
7497
7312
6642
5711
4589
3344
1917
472
-776
-2179
-3698
-5063
-6343
-7587
-8850
-9732
-10113
-10182
-9729
-8690
-6993
-5078
-3003
-586
1600
3598
5385
6821
7854
8741
9348
9566
9563
9371
8838
8182
7546
6620
5522
4663
3905
2934
1930
1054
-56
-1455
-3000
-4577
-6354
-8090
-9379
-10350
-10738
-10562
-9493
-7895
-5906
-3533
-860
1556
3737
5623
7057
8086
8688
8755
8231
7380
6239
4810
3199
1385
-459
-2058
-3678
-5286
-6570
-7635
-8970
-9750
-9951
-10306
-10433
-9337
-7944
-6798
-4659
-1953
244
2326
4841
6629
7595
8781
9457
9117
8837
8610
7709
6687
6026
5149
4251
3668
2988
2486
2314
1883
1262
928
168
-1139
-2292
-3479
-5274
-6660
-7426
-8232
-8596
-7896
-7026
-5881
-3948
-1772
101
2097
4189
5617
6722
7584
7882
7566
6892
5802
4382
2944
1240
-635
-2184
-3734
-5307
-6517
-7423
-8447
-9317
-9481
-9453
-9331
-8610
-7275
-5849
-4164
-1907
282
2012
3735
5408
6271
6733
7236
7273
6779
6552
6366
5749
5189
4929
4555
4016
3756
3635
3375
3219
2951
2596
2049
1108
-59
-1435
-2987
-4715
-6067
-7040
-7969
-8200
-7656
-6843
-5676
-3964
-2016
-261
1594
3376
4711
5772
6566
6793
6676
6141
5292
4162
2866
1276
-456
-1977
-3507
-5031
-6377
-7377
-8275
-9028
-9219
-8981
-8584
-7857
-6400
-4799
-3320
-1415
553
1906
3080
4375
4952
5119
5570
5749
5437
5542
5847
5597
5452
5617
5368
4903
4639
4264
3773
3520
3123
2560
2270
1634
469
-579
-1681
-3515
-5094
-6127
-7232
-8103
-7989
-7457
-6723
-5260
-3323
-1457
463
2597
4404
5757
6866
7489
7529
7109
6209
4947
3431
1622
-205
-2001
-3757
-5208
-6421
-7415
-8071
-8357
-8407
-8204
-7549
-6839
-5871
-4554
-3437
-2281
-841
354
1198
2218
3129
3675
4317
5063
5343
5677
6126
6180
5990
5824
5460
4849
4280
3739
3164
2907
2815
2548
2495
2274
1625
805
-209
-1662
-3388
-4776
-6097
-7110
-7495
-7417
-6851
-5625
-4020
-2276
-260
1824
3529
5033
6339
7021
7215
6983
6165
4958
3543
1889
4
-1822
-3547
-5062
-6223
-7188
-7848
-8081
-8096
-7899
-7276
-6463
-5703
-4650
-3494
-2491
-1287
-65
782
1542
2423
3031
3425
3955
4294
4471
4754
5027
5028
4948
4899
4642
4443
4168
3983
3988
3965
3873
3916
3884
3287
2409
1443
-20
-1829
-3345
-4880
-6333
-7093
-7238
-7096
-6408
-4985
-3411
-1686
269
2081
3571
4892
5817
6147
6054
5588
4661
3488
2194
653
-920
-2334
-3625
-4679
-5630
-6268
-6645
-6889
-7062
-6883
-6542
-6320
-5918
-5119
-4475
-3781
-2588
-1496
-598
523
1761
2603
3374
4207
4651
4880
5275
5419
5410
5402
5332
5251
5275
5158
5035
5133
5203
5027
5018
4938
4216
3333
2348
863
-1004
-2743
-4374
-6046
-7151
-7625
-7824
-7443
-6442
-5037
-3472
-1692
102
1720
3202
4343
4976
5356
5190
4654
3804
2684
1380
-58
-1374
-2725
-3941
-4933
-5737
-6376
-6851
-7215
-7188
-7078
-6938
-6468
-5720
-4967
-4104
-2793
-1642
-622
678
1824
2680
3531
4382
4910
5286
5758
6038
6172
6310
6259
6120
6032
5764
5485
5360
5238
5062
5010
4901
4369
3761
2807
1260
-430
-2218
-4238
-6131
-7353
-8369
-8988
-8599
-7759
-6684
-5015
-3029
-1249
552
2377
3723
4624
5324
5494
5078
4489
3619
2329
974
-325
-1704
-3023
-4009
-4861
-5529
-5950
-6307
-6465
-6398
-6353
-6191
-5751
-5270
-4767
-3881
-2739
-1805
-690
631
1724
2722
3793
4611
5175
5816
6296
6448
6547
6537
6265
6069
5885
5451
5229
5295
5269
5236
5388
5294
4677
3904
2767
909
-1164
-3271
-5384
-7421
-8936
-9825
-10091
-9695
-8756
-7256
-5348
-3320
-1218
859
2638
4014
5127
5822
5902
5586
5025
4109
2858
1535
276
-1104
-2345
-3284
-4050
-4764
-5302
-5612
-5939
-6265
-6435
-6438
-6369
-6174
-5621
-4665
-3475
-2228
-767
807
2215
3491
4653
5439
5808
6212
6433
6272
6141
6036
5694
5453
5488
5436
5261
5343
5554
5521
5488
5382
4647
3526
2159
404
-1850
-4212
-6337
-8356
-9921
-10760
-10822
-10359
-9226
-7429
-5253
-3046
-777
1466
3300
4735
5885
6626
6800
6566
6065
5210
4101
2824
1413
17
-1396
-2733
-3841
-4708
-5602
-6366
-6759
-7062
-7394
-7394
-7070
-6722
-6097
-4941
-3593
-2315
-776
830
2143
3357
4447
5139
5510
5831
6065
6063
6059
6113
6001
5951
5993
5900
5733
5606
5472
5169
4809
4344
3495
2336
959
-771
-2738
-4790
-6706
-8316
-9595
-10167
-10001
-9292
-8140
-6343
-4087
-1990
155
2262
4006
5342
6432
7083
7158
6884
6391
5465
4278
2965
1509
-46
-1649
-3025
-4227
-5380
-6266
-6867
-7361
-7685
-7683
-7513
-7287
-6774
-5931
-4943
-3759
-2251
-837
504
1962
3240
4143
4969
5506
5738
5974
6154
6078
6027
5943
5651
5420
5295
4886
4372
4101
3732
3236
2897
2371
1556
723
-280
-1696
-3012
-4214
-5567
-6529
-6922
-7046
-6800
-5832
-4712
-3477
-1910
-280
1005
2344
3531
4292
4875
5336
5310
4999
4568
3781
2758
1735
500
-954
-2248
-3460
-4686
-5659
-6385
-7010
-7338
-7343
-7191
-6816
-6253
-5524
-4565
-3453
-2323
-1002
369
1392
2399
3430
4086
4398
4696
4770
4621
4608
4576
4300
4159
4067
3834
3671
3594
3309
3012
2896
2717
2527
2434
2205
1827
1419
825
6
-746
-1670
-2701
-3356
-3844
-4261
-4299
-3968
-3650
-3100
-2146
-1323
-574
423
1277
1870
2458
2906
2934
2741
2430
1794
971
93
-966
-2052
-2966
-3808
-4526
-4911
-5071
-5171
-4938
-4476
-4016
-3614
-3053
-2463
-2054
-1558
-992
-463
-26
443
1012
1425
1799
2154
2466
2703
2968
3282
3530
3665
3919
4070
4105
4145
4126
4048
3829
3732
3685
3636
3569
3466
3328
2931
2327
1628
696
-546
-1792
-2900
-4058
-5070
-5599
-5913
-6120
-5771
-5055
-4297
-3425
-2271
-1163
-230
751
1575
2025
2293
2452
2357
2027
1549
990
321
-358
-964
-1516
-2025
-2390
-2602
-2824
-3008
-3050
-3116
-3306
-3356
-3294
-3244
-3067
-2666
-2221
-1733
-995
-141
557
1318
2144
2822
3420
4025
4503
4788
5028
5214
5221
5114
4963
4774
4512
4237
3972
3857
3800
3594
3407
3177
2587
1694
750
-442
-2127
-3689
-5031
-6398
-7487
-8061
-8220
-8158
-7517
-6469
-5316
-3969
-2420
-849
622
1940
3147
4048
4680
4993
5045
4827
4207
3405
2564
1478
380
-610
-1610
-2549
-3326
-3895
-4505
-4901
-5072
-5276
-5301
-5023
-4579
-4045
-3252
-2245
-1336
-293
815
1753
2536
3254
3862
4266
4603
4879
4998
5050
5038
4958
4895
4752
4559
4396
4227
4006
3854
3773
3421
2930
2428
1564
297
-1020
-2437
-4153
-5754
-6949
-7974
-8694
-8780
-8449
-7813
-6688
-5222
-3666
-2019
-214
1494
3042
4404
5493
6234
6625
6607
6270
5583
4554
3343
2078
726
-642
-1806
-2805
-3734
-4486
-4941
-5336
-5685
-5823
-5743
-5615
-5357
-4796
-4092
-3335
-2326
-1245
-280
711
1700
2516
3129
3731
4174
4494
4800
4990
5142
5239
5243
5154
5055
4844
4445
4107
3770
3305
2944
2524
1942
1270
493
-517
-1736
-2899
-4247
-5568
-6509
-7215
-7692
-7689
-7227
-6500
-5392
-3914
-2450
-862
834
2327
3614
4779
5599
6028
6191
5992
5443
4747
3783
2518
1283
105
-1156
-2258
-3185
-4015
-4648
-5045
-5307
-5516
-5599
-5521
-5330
-4999
-4577
-3942
-3122
-2281
-1361
-336
624
1481
2312
3017
3565
4106
4603
4926
5197
5413
5466
5448
5284
4916
4431
3907
3229
2549
2010
1480
1050
765
511
127
-307
-814
-1551
-2400
-3338
-4306
-5124
-5742
-6089
-6085
-5786
-5178
-4236
-3063
-1861
-596
796
2029
3074
4052
4801
5201
5402
5392
4984
4306
3486
2442
1237
88
-1041
-2131
-3030
-3704
-4225
-4523
-4672
-4757
-4770
-4691
-4550
-4349
-4032
-3647
-3071
-2356
-1546
-672
257
1133
1959
2736
3359
3865
4311
4646
4839
4935
4907
4721
4401
3959
3407
2778
2113
1420
878
480
195
76
49
71
-8
-213
-552
-1132
-1851
-2665
-3438
-4116
-4663
-4870
-4873
-4626
-4062
-3243
-2326
-1356
-213
978
2014
3045
3943
4581
4950
5103
4985
4486
3749
2834
1711
575
-536
-1587
-2496
-3197
-3664
-3987
-4124
-4108
-4111
-4068
-3882
-3716
-3549
-3222
-2741
-2264
-1631
-808
-72
587
1370
2035
2474
2890
3264
3428
3538
3671
3639
3514
3362
3077
2736
2434
2067
1615
1335
1159
1038
1084
1148
1137
1166
1097
654
33
-627
-1632
-2713
-3552
-4381
-5141
-5456
-5435
-5335
-4856
-3961
-3069
-2033
-682
612
1800
3052
4141
4850
5359
5643
5504
5092
4433
3462
2399
1337
230
-792
-1607
-2335
-2885
-3152
-3341
-3589
-3708
-3772
-3921
-4033
-3976
-3886
-3746
-3344
-2797
-2192
-1527
-756
-9
671
1358
1983
2524
3020
3511
3934
4213
4376
4454
4398
4154
3795
3379
2846
2258
1780
1441
1084
756
646
425
18
-413
-951
-1785
-2747
-3559
-4373
-5137
-5531
-5580
-5452
-4992
-4198
-3187
-2069
-785
581
1894
3174
4356
5335
6014
6378
6445
6157
5495
4567
3393
2055
650
-640
-1774
-2795
-3570
-4040
-4236
-4383
-4442
-4356
-4356
-4427
-4381
-4245
-4211
-4072
-3510
-2936
-2321
-1425
-435
423
1345
2345
3104
3730
4404
4921
5173
5299
5220
4935
4441
3764
2932
2021
1074
162
-496
-980
-1352
-1394
-1203
-1032
-880
-694
-756
-1061
-1408
-1864
-2488
-3020
-3321
-3529
-3559
-3284
-2801
-2173
-1366
-383
687
1765
2841
3869
4745
5337
5675
5735
5390
4718
3822
2683
1342
28
-1155
-2260
-3122
-3662
-3976
-4060
-3932
-3684
-3466
-3296
-3112
-3052
-3093
-3059
-2931
-2805
-2582
-2065
-1425
-789
-31
792
1530
2216
2907
3389
3663
3916
3981
3774
3430
2942
2323
1638
915
235
-337
-783
-1029
-964
-683
-384
95
712
1007
1092
1072
780
47
-737
-1401
-2263
-2980
-3301
-3429
-3418
-3002
-2264
-1493
-611
513
1586
2561
3464
4198
4653
4808
4708
4370
3739
2867
1883
903
-98
-1042
-1746
-2255
-2648
-2803
-2723
-2604
-2540
-2431
-2361
-2515
-2762
-2946
-3155
-3426
-3505
-3306
-2993
-2552
-1839
-997
-228
626
1496
2158
2645
3080
3304
3288
3159
2877
2426
1956
1505
998
577
242
12
-21
120
359
679
1112
1494
1724
1814
1633
1181
543
-266
-1143
-1957
-2644
-3191
-3462
-3426
-3161
-2624
-1882
-1029
-76
951
1932
2787
3508
4035
4268
4290
4094
3659
3029
2268
1439
591
-203
-919
-1500
-1942
-2262
-2423
-2432
-2462
-2521
-2507
-2603
-2861
-3051
-3221
-3477
-3634
-3496
-3288
-3040
-2472
-1768
-1141
-391
437
1091
1629
2209
2604
2758
2901
2940
2764
2583
2355
2019
1700
1432
1142
894
794
713
779
934
1038
1152
1237
1136
793
444
-119
-896
-1490
-2062
-2679
-3020
-3034
-3011
-2809
-2229
-1578
-918
-6
925
1753
2603
3376
3895
4234
4423
4335
4017
3546
2865
2081
1247
368
-442
-1143
-1784
-2297
-2595
-2841
-3054
-3134
-3191
-3388
-3532
-3629
-3809
-3929
-3860
-3728
-3501
-2985
-2324
-1663
-859
25
808
1542
2223
2721
3083
3332
3413
3336
3165
2838
2395
1954
1433
906
461
64
-236
-294
-188
-83
175
561
773
848
875
728
303
-170
-632
-1182
-1664
-1923
-2052
-2106
-1905
-1480
-994
-419
326
1096
1806
2487
3107
3529
3735
3796
3675
3281
2706
2034
1243
403
-384
-1094
-1746
-2252
-2563
-2751
-2881
-2867
-2845
-2872
-2912
-2951
-3103
-3274
-3287
-3256
-3230
-2947
-2403
-1859
-1286
-521
221
832
1481
2024
2309
2508
2713
2707
2511
2262
1944
1565
1168
791
446
173
-9
-22
204
475
791
1278
1753
2025
2152
2198
1938
1398
812
206
-541
-1203
-1649
-2016
-2281
-2276
-2061
-1806
-1425
-825
-145
457
1087
1728
2235
2559
2797
2875
2702
2392
2018
1492
878
315
-205
-741
-1182
-1487
-1743
-1985
-2136
-2263
-2514
-2795
-2997
-3284
-3669
-3817
-3794
-3834
-3675
-3116
-2535
-2026
-1241
-378
251
896
1599
2009
2257
2607
2784
2661
2533
2421
2138
1849
1613
1351
1149
1023
995
1125
1372
1572
1840
2213
2357
2300
2197
1868
1210
493
-152
-945
-1688
-2214
-2631
-2921
-2973
-2803
-2552
-2154
-1541
-845
-102
680
1439
2162
2743
3161
3445
3518
3365
3037
2578
1944
1219
521
-223
-969
-1573
-2087
-2549
-2913
-3189
-3439
-3692
-3831
-3954
-4115
-4134
-3980
-3759
-3486
-2996
-2348
-1718
-1027
-274
383
981
1569
2048
2344
2582
2777
2811
2718
2582
2394
2151
1895
1659
1466
1269
1151
1196
1348
1498
1667
1945
2092
2060
1964
1693
1154
494
-146
-850
-1581
-2121
-2518
-2822
-2919
-2789
-2505
-2108
-1545
-854
-110
673
1467
2193
2768
3191
3490
3556
3371
3010
2489
1791
999
206
-594
-1369
-2013
-2538
-2912
-3152
-3311
-3409
-3409
-3386
-3377
-3332
-3263
-3182
-3041
-2778
-2502
-2159
-1670
-1187
-716
-187
342
796
1228
1615
1889
2141
2354
2428
2414
2389
2294
2149
2005
1838
1661
1542
1495
1484
1598
1693
1770
1895
1924
1765
1496
1151
571
-79
-613
-1215
-1794
-2158
-2368
-2503
-2439
-2184
-1869
-1438
-848
-224
421
1097
1693
2212
2631
2872
2939
2869
2596
2132
1597
970
279
-367
-970
-1531
-1949
-2208
-2422
-2558
-2613
-2669
-2727
-2786
-2878
-3044
-3157
-3186
-3185
-3077
-2854
-2491
-2054
-1532
-926
-333
272
872
1402
1817
2184
2520
2720
2777
2779
2707
2551
2346
2131
1912
1668
1532
1474
1508
1588
1711
1884
1977
1956
1830
1582
1122
502
-97
-727
-1416
-1963
-2374
-2706
-2883
-2841
-2689
-2438
-1992
-1427
-812
-100
626
1312
1945
2477
2855
3065
3097
2903
2541
2072
1466
811
179
-473
-1053
-1514
-1906
-2233
-2457
-2664
-2902
-3047
-3206
-3423
-3595
-3634
-3612
-3529
-3232
-2818
-2322
-1705
-1038
-370
303
947
1510
1981
2386
2707
2925
3021
2979
2896
2738
2467
2189
1930
1666
1417
1329
1332
1359
1468
1656
1771
1766
1648
1383
929
315
-357
-1032
-1707
-2319
-2771
-3035
-3167
-3105
-2824
-2432
-1915
-1217
-418
384
1207
2014
2702
3244
3634
3778
3702
3417
2928
2257
1485
676
-138
-909
-1575
-2111
-2505
-2804
-3006
-3108
-3190
-3293
-3355
-3392
-3503
-3579
-3466
-3304
-3141
-2746
-2158
-1606
-1006
-297
364
946
1563
2035
2340
2682
2949
3028
3009
2946
2763
2523
2281
1986
1669
1403
1204
1089
1084
1082
1142
1274
1294
1159
980
712
202
-380
-885
-1449
-1958
-2260
-2469
-2585
-2450
-2121
-1751
-1256
-620
50
776
1510
2144
2672
3113
3365
3412
3275
2897
2337
1690
943
120
-640
-1320
-1935
-2391
-2671
-2867
-2976
-2957
-2879
-2900
-2876
-2795
-2839
-2945
-2862
-2679
-2606
-2380
-1870
-1376
-923
-291
327
806
1355
1876
2149
2373
2665
2748
2651
2544
2306
1989
1688
1364
971
700
524
428
523
664
831
1127
1381
1412
1376
1302
918
391
-51
-587
-1174
-1552
-1827
-2100
-2122
-1893
-1661
-1315
-759
-168
444
1113
1691
2142
2546
2800
2828
2707
2392
1899
1349
725
11
-634
-1161
-1668
-2023
-2204
-2330
-2404
-2344
-2323
-2392
-2423
-2469
-2623
-2783
-2840
-2823
-2753
-2530
-2165
-1723
-1191
-597
13
588
1124
1586
1945
2217
2388
2440
2378
2254
2058
1814
1560
1360
1179
1033
1002
1120
1275
1442
1680
1866
1880
1748
1550
1125
501
-112
-707
-1357
-1873
-2201
-2410
-2451
-2231
-1911
-1505
-915
-260
381
1049
1669
2143
2527
2827
2902
2804
2576
2186
1662
1074
444
-196
-796
-1305
-1722
-2015
-2210
-2333
-2376
-2421
-2494
-2593
-2710
-2888
-3071
-3225
-3280
-3215
-3015
-2699
-2238
-1608
-928
-226
491
1133
1697
2173
2513
2679
2763
2758
2611
2405
2161
1849
1548
1331
1113
952
940
1033
1104
1269
1450
1474
1359
1209
907
349
-232
-760
-1335
-1839
-2131
-2265
-2273
-2023
-1575
-1077
-466
264
985
1626
2219
2686
2957
3058
3037
2805
2380
1845
1219
514
-191
-794
-1338
-1824
-2140
-2285
-2355
-2398
-2338
-2284
-2355
-2517
-2621
-2852
-3200
-3402
-3426
-3458
-3328
-2826
-2227
-1593
-716
195
959
1749
2480
2874
3109
3318
3245
2974
2682
2267
1761
1374
1054
695
524
531
616
797
1069
1282
1414
1504
1386
1096
677
89
-540
-1121
-1677
-2121
-2298
-2291
-2138
-1698
-1097
-448
300
1102
1781
2374
2827
3050
3070
2945
2596
2072
1494
818
111
-517
-1064
-1536
-1841
-1995
-2077
-2042
-1899
-1813
-1791
-1775
-1905
-2217
-2520
-2861
-3279
-3576
-3588
-3493
-3223
-2584
-1727
-832
184
1217
2094
2826
3428
3682
3654
3548
3236
2734
2183
1640
1059
669
420
169
113
312
528
717
1037
1216
1197
1111
904
393
-240
-821
-1416
-2013
-2385
-2551
-2523
-2218
-1655
-1003
-235
648
1471
2178
2778
3178
3316
3247
2990
2519
1889
1200
479
-237
-908
-1406
-1761
-2003
-2086
-2002
-1857
-1726
-1549
-1412
-1484
-1700
-1922
-2290
-2782
-3185
-3409
-3540
-3486
-3045
-2382
-1614
-612
500
1502
2393
3211
3733
3966
4060
3888
3465
2958
2328
1635
1030
539
84
-193
-190
-84
97
434
697
822
849
745
392
-195
-816
-1448
-2039
-2548
-2848
-2848
-2611
-2150
-1403
-517
384
1326
2270
3018
3506
3792
3807
3555
3098
2423
1632
809
-21
-824
-1457
-1912
-2235
-2334
-2256
-2114
-1879
-1591
-1420
-1396
-1489
-1757
-2153
-2575
-3059
-3481
-3618
-3537
-3285
-2686
-1784
-796
319
1524
2529
3328
4026
4404
4398
4227
3901
3307
2656
2016
1366
812
434
143
34
95
156
270
383
298
60
-208
-693
-1381
-1990
-2519
-3036
-3278
-3232
-2983
-2464
-1640
-722
282
1338
2269
3031
3667
4022
4061
3915
3570
2996
2315
1592
793
59
-585
-1145
-1576
-1873
-2088
-2154
-2122
-2127
-2170
-2193
-2304
-2589
-2859
-3101
-3408
-3635
-3593
-3320
-2926
-2284
-1387
-416
606
1622
2495
3175
3717
4055
4111
3989
3785
3425
2976
2555
2099
1664
1326
1089
872
628
487
271
-105
-568
-1072
-1695
-2457
-3081
-3544
-3942
-4086
-3866
-3422
-2820
-1955
-920
64
1054
1946
2675
3255
3680
3833
3815
3676
3401
2959
2529
2064
1481
920
433
-63
-579
-1014
-1419
-1840
-2219
-2536
-2887
-3292
-3695
-3923
-4105
-4216
-4097
-3695
-3152
-2439
-1471
-451
472
1323
2071
2621
2995
3174
3174
3130
3089
2983
2889
2799
2680
2543
2485
2342
2085
1812
1518
1095
497
-259
-1130
-2036
-2969
-3870
-4577
-5031
-5219
-4966
-4395
-3650
-2651
-1437
-290
751
1703
2408
2878
3236
3389
3318
3241
3141
2997
2892
2803
2585
2357
2122
1731
1167
567
-110
-944
-1772
-2541
-3287
-4090
-4708
-5034
-5259
-5264
-4854
-4158
-3410
-2387
-1110
12
1007
1903
2512
2907
3176
3146
2915
2833
2745
2610
2634
2712
2675
2785
3006
2985
2832
2623
2231
1629
812
-356
-1588
-2699
-3881
-4960
-5563
-5849
-5835
-5233
-4303
-3321
-2117
-781
266
1154
1868
2257
2420
2550
2458
2289
2268
2285
2313
2499
2712
2775
2831
2775
2474
1958
1286
368
-654
-1697
-2823
-3902
-4666
-5318
-5748
-5653
-5145
-4550
-3675
-2379
-1165
-57
1033
1800
2245
2710
2947
2782
2715
2813
2754
2830
3079
3093
3126
3420
3530
3335
3142
2771
2138
1465
469
-908
-2090
-3174
-4416
-5287
-5620
-5784
-5549
-4724
-3782
-2752
-1527
-478
342
1108
1517
1619
1779
1831
1653
1699
1903
1980
2164
2513
2662
2653
2597
2298
1808
1195
431
-383
-1168
-2087
-2804
-3239
-3749
-4086
-3868
-3618
-3481
-2852
-2040
-1506
-866
-125
320
872
1512
1712
1959
2607
2926
3053
3545
3750
3494
3586
3702
3237
2812
2525
1976
1368
743
-284
-1313
-2072
-3023
-3961
-4373
-4625
-4729
-4295
-3643
-3028
-2252
-1436
-835
-250
200
433
742
1095
1255
1597
2060
2292
2477
2781
2772
2483
2153
1602
865
182
-532
-1253
-1745
-2277
-2583
-2593
-2616
-2609
-2200
-1809
-1683
-1232
-692
-455
-151
211
327
682
1144
1254
1457
2057
2334
2520
3032
3196
2960
3071
3151
2789
2413
2089
1503
902
262
-743
-1582
-2292
-3129
-3719
-3808
-3865
-3740
-3185
-2558
-1999
-1288
-728
-348
37
238
369
603
789
845
1140
1455
1598
1756
1871
1652
1343
996
375
-307
-871
-1456
-2079
-2379
-2549
-2740
-2652
-2285
-1938
-1646
-1175
-633
-212
256
657
956
1413
1950
2262
2488
2946
3221
3252
3383
3332
2866
2487
2309
1947
1486
1122
764
370
-40
-685
-1356
-1942
-2626
-3206
-3412
-3426
-3370
-3026
-2449
-1822
-1179
-601
-103
385
709
987
1381
1671
1750
1877
2014
1868
1555
1159
532
-205
-951
-1734
-2424
-2943
-3283
-3329
-3095
-2781
-2366
-1769
-1303
-1023
-763
-615
-586
-510
-295
67
654
1366
2131
3072
3991
4546
4858
4936
4629
3962
3186
2308
1434
688
25
-364
-589
-920
-1300
-1475
-1768
-2244
-2575
-2680
-2790
-2682
-2329
-1882
-1334
-749
-299
71
481
690
879
1243
1616
1878
2279
2662
2805
2703
2401
1693
684
-500
-1797
-3042
-4056
-4774
-5127
-4996
-4491
-3756
-2916
-2039
-1263
-601
-185
49
239
485
759
1108
1593
2198
2865
3539
4065
4412
4624
4556
4213
3701
3133
2363
1496
706
-177
-1209
-2163
-2911
-3603
-4214
-4460
-4344
-3905
-3187
-2287
-1274
-223
653
1244
1721
2017
1969
1894
1977
2009
2020
2207
2418
2460
2380
2103
1517
682
-364
-1526
-2510
-3381
-4052
-4346
-4267
-4022
-3625
-3078
-2641
-2243
-1864
-1588
-1234
-696
-148
525
1411
2301
3030
3753
4214
4262
4204
3975
3471
2936
2586
2136
1666
1307
734
-123
-958
-1755
-2743
-3668
-4221
-4467
-4322
-3751
-3006
-2114
-1085
-126
502
1038
1436
1529
1619
1888
2143
2369
2726
3054
3107
3000
2677
1915
894
-174
-1206
-2194
-2837
-3161
-3283
-3158
-2819
-2561
-2370
-2142
-2070
-2152
-1957
-1504
-1016
-244
758
1757
2713
3639
4102
4175
4025
3561
2852
2272
1773
1177
831
576
77
-530
-1053
-1751
-2670
-3459
-4024
-4281
-4135
-3744
-3118
-2197
-1194
-350
396
1102
1542
1857
2249
2661
3034
3381
3673
3696
3453
2944
2031
813
-497
-1732
-2833
-3529
-3759
-3777
-3486
-2872
-2299
-1887
-1447
-1185
-1179
-1004
-626
-274
329
1193
2041
2931
3841
4363
4541
4633
4384
3825
3400
2890
2155
1514
805
-248
-1443
-2501
-3688
-4897
-5713
-6142
-6103
-5554
-4676
-3609
-2337
-1089
-174
608
1216
1492
1743
2151
2561
2894
3340
3697
3779
3654
3163
2274
1313
326
-723
-1531
-1923
-2240
-2461
-2378
-2376
-2596
-2768
-2963
-3252
-3263
-2844
-2220
-1188
169
1481
2827
4129
4920
5152
5191
4869
4250
3796
3351
2723
2252
1789
1010
115
-653
-1637
-2727
-3498
-4056
-4270
-4069
-3713
-3330
-2775
-2244
-1991
-1737
-1423
-1266
-907
-210
626
1470
2340
3011
3347
3357
2890
2073
1111
5
-1025
-1709
-2144
-2419
-2399
-2220
-2101
-1874
-1648
-1572
-1359
-958
-486
146
932
1585
2181
2849
3182
3225
3158
2936
2644
2563
2470
2278
2189
1878
1146
335
-425
-1418
-2422
-3232
-3745
-3796
-3450
-3013
-2473
-1773
-1212
-774
-305
37
292
734
1299
1862
2349
2664
2712
2512
1936
1097
262
-593
-1356
-1817
-2044
-2130
-2047
-2017
-2118
-2148
-2194
-2459
-2553
-2355
-1933
-1171
-179
782
1777
2805
3529
3948
4155
4014
3719
3622
3360
2986
2652
2051
1072
100
-771
-1852
-2784
-3416
-3807
-3711
-3200
-2616
-2051
-1488
-1091
-870
-591
-491
-402
-59
505
1085
1642
2146
2349
2211
1834
1211
454
-309
-973
-1485
-1737
-1655
-1680
-1731
-1658
-1521
-1543
-1541
-1376
-1171
-709
-25
630
1347
2113
2701
3083
3475
3612
3516
3577
3385
3001
2586
1893
683
-426
-1293
-2357
-3247
-3758
-4081
-3989
-3446
-2913
-2453
-1846
-1354
-1028
-489
-92
214
773
1425
1854
2259
2598
2501
2242
1947
1385
764
256
-306
-823
-1001
-1279
-1836
-2195
-2377
-2613
-2781
-2709
-2555
-2138
-1461
-821
-102
784
1536
2152
2804
3357
3669
4056
4232
4070
3848
3321
2329
1254
442
-455
-1246
-1746
-2139
-2256
-2045
-1918
-1957
-1909
-1895
-2027
-1914
-1727
-1521
-1091
-556
-111
321
683
730
692
703
516
235
-2
-249
-296
-303
-469
-689
-660
-686
-800
-692
-509
-313
-64
192
437
766
1056
1233
1464
1695
1835
2164
2353
2235
1991
1618
871
-36
-683
-1225
-1571
-1730
-1789
-1541
-1111
-876
-866
-787
-796
-930
-816
-582
-295
141
682
1152
1496
1641
1460
1250
998
529
58
-231
-536
-749
-801
-992
-1273
-1408
-1504
-1681
-1648
-1513
-1309
-931
-535
-191
276
778
1029
1268
1556
1853
2199
2438
2353
2092
1741
1063
350
-96
-503
-897
-1070
-999
-786
-524
-426
-584
-699
-838
-1039
-1149
-1174
-1112
-821
-323
96
381
593
608
499
295
-85
-500
-705
-825
-918
-756
-406
-125
76
286
497
714
846
856
880
1035
1219
1372
1461
1403
1300
1336
1291
939
448
-15
-531
-1118
-1585
-1783
-1801
-1755
-1665
-1355
-919
-545
-349
-199
-55
74
184
345
516
655
880
1157
1275
1110
808
425
-43
-627
-1264
-1921
-2335
-2539
-2606
-2387
-1888
-1308
-765
-130
492
1041
1502
1765
2121
2635
3007
3216
3396
3435
3293
3044
2486
1506
417
-802
-2051
-2891
-3308
-3535
-3679
-3462
-3018
-2467
-1976
-1568
-1318
-1089
-343
316
639
1263
2353
3044
3195
3372
3626
3311
2164
1180
619
-63
-1291
-2291
-2532
-2534
-2745
-3038
-2926
-2742
-2521
-2260
-1918
-1358
-637
115
1025
2147
3011
3454
3912
4361
4307
3814
3088
2299
1374
352
-506
-956
-1230
-1806
-2280
-2378
-2457
-2744
-3085
-3163
-2979
-2532
-2038
-1453
-609
209
906
1437
1805
1875
1775
1651
1362
1011
687
357
94
-53
-162
-224
-260
-374
-511
-471
-401
-406
-375
-152
278
822
1274
1571
1926
2289
2409
2179
1672
992
232
-481
-1049
-1370
-1507
-1599
-1593
-1486
-1345
-1340
-1439
-1557
-1549
-1346
-1088
-791
-406
81
604
1045
1311
1356
1267
1081
764
415
-7
-378
-592
-622
-535
-465
-463
-514
-534
-508
-569
-675
-685
-434
27
481
949
1379
1849
2198
2254
2042
1569
1012
379
-110
-373
-408
-214
-123
-89
-85
-113
-317
-832
-1286
-1517
-1427
-1256
-1134
-860
-489
-76
76
3
-171
-355
-483
-697
-849
-869
-668
-388
-109
238
535
779
862
885
967
1057
1166
1200
1331
1546
1752
1830
1687
1466
1141
798
318
-342
-1084
-1667
-1977
-2081
-2003
-1923
-1770
-1557
-1286
-1034
-961
-926
-875
-579
-114
304
700
1037
1434
1694
1814
1743
1383
1022
614
193
-271
-714
-977
-1148
-1157
-1165
-1132
-1041
-1002
-909
-814
-634
-378
-17
435
908
1476
1980
2375
2613
2635
2476
2145
1665
988
302
-215
-518
-685
-851
-1033
-1173
-1219
-1384
-1729
-2092
-2273
-2169
-1901
-1548
-1136
-555
99
590
908
1059
1133
1157
1160
1089
956
868
726
599
439
116
-197
-435
-583
-734
-867
-1020
-1088
-944
-787
-674
-601
-405
-78
258
444
506
651
863
1014
1023
935
869
893
934
834
650
474
369
253
80
-152
-365
-517
-654
-780
-872
-903
-877
-803
-708
-581
-451
-352
-287
-172
-32
57
112
183
270
351
391
370
343
306
299
287
292
241
210
183
194
202
191
174
146
148
122
90
-11
-172
-376
-532
-618
-668
-713
-670
-504
-268
-46
89
188
240
300
302
294
272
294
346
421
515
533
512
427
291
116
-44
-240
-439
-570
-591
-597
-575
-564
-514
-444
-373
-344
-316
-212
-110
48
202
385
556
710
775
801
807
753
622
464
348
245
133
8
-81
-174
-251
-374
-474
-559
-629
-653
-614
-507
-373
-209
-96
51
143
186
152
135
96
69
42
44
40
44
32
-32
-113
-228
-314
-435
-477
-495
-423
-332
-213
-44
157
355
479
605
674
749
773
767
705
629
574
494
421
304
173
2
-152
-322
-488
-656
-769
-832
-828
-727
-585
-398
-206
-1
155
263
325
368
385
417
404
400
397
388
328
223
88
-90
-262
-406
-536
-651
-740
-771
-748
-701
-654
-590
-481
-311
-160
-53
12
80
179
298
355
374
418
443
320
200
245
396
610
779
1051
1284
1265
751
126
-130
22
58
-340
-723
-528
101
447
198
-303
-457
-274
-254
-667
-1104
-1118
-709
-306
-276
-394
-255
191
459
258
-145
-293
-111
50
40
-28
100
362
598
647
538
364
188
56
-91
-219
-306
-322
-282
-127
-2
27
-29
-116
-187
-198
-186
-258
-262
-87
188
296
320
394
552
596
483
334
269
268
193
38
-80
-13
89
114
27
-31
-42
-53
-111
-267
-369
-432
-470
-554
-567
-531
-475
-501
-429
-249
-78
24
52
110
226
433
486
483
437
541
495
27
-281
-5
137
-94
-66
561
1064
676
-228
-466
159
579
-172
-1141
-1009
78
604
-36
-760
-561
284
441
-250
-844
-500
206
421
43
-207
87
666
846
417
-56
-76
129
69
-270
-548
-490
-213
-24
-8
-53
25
228
290
146
-27
-55
-15
-7
-63
-75
-74
-20
69
143
136
71
126
243
283
151
11
21
-34
-349
-612
-731
-631
-419
-227
117
524
638
362
49
-36
28
-44
-279
-340
-30
297
482
435
446
340
88
-248
-492
-579
-598
-309
138
347
-10
-284
-11
245
58
-335
-311
222
475
110
-261
-35
438
403
-27
-257
55
370
255
-40
-57
269
379
189
-33
24
163
85
-144
-279
-188
-39
38
-53
-95
-59
-58
-166
-299
-443
-521
-506
-432
-399
-333
-212
-22
105
184
294
394
450
430
411
377
454
510
461
326
307
397
299
66
-47
-31
-78
-248
-357
-365
-353
-444
-505
-464
-380
-362
-388
-370
-321
-203
-133
-113
-83
46
173
304
394
423
408
415
408
330
313
320
248
126
135
173
110
-19
-147
-205
-210
-206
-225
-244
-244
-239
-176
-108
-81
-130
-163
-81
22
28
-17
-4
95
174
229
224
271
273
220
209
245
202
80
-23
-62
-48
-145
-257
-305
-279
-258
-277
-342
-359
-347
-359
-383
-379
-336
-255
-194
-181
-107
47
155
171
199
289
394
437
418
402
458
536
575
567
544
513
472
400
294
175
59
-53
-170
-266
-302
-320
-394
-482
-505
-488
-469
-470
-482
-438
-341
-255
-234
-206
-135
-25
51
108
187
206
228
218
196
157
107
28
-16
1
2
-31
-72
-59
-19
-8
-21
-12
-42
-51
27
151
202
190
205
261
377
395
322
224
249
340
311
163
26
69
118
83
-73
-163
-172
-161
-214
-311
-348
-344
-313
-319
-314
-282
-231
-177
-145
-149
-136
-109
-115
-172
-203
-192
-174
-188
-206
-192
-131
-56
-1
51
104
210
303
364
366
394
491
585
601
533
516
581
612
510
339
254
242
190
8
-197
-280
-258
-277
-380
-531
-583
-532
-468
-497
-567
-544
-417
-274
-245
-270
-215
-58
57
66
30
90
232
322
279
204
191
213
188
76
-24
-51
-38
-54
-108
-150
-137
-93
-69
-53
-43
7
91
157
157
142
165
190
203
185
192
218
244
255
251
281
294
247
180
145
115
33
-63
-139
-169
-194
-245
-297
-349
-351
-356
-363
-367
-347
-281
-264
-240
-275
-263
-202
-151
-139
-129
-35
42
100
133
215
303
330
327
337
381
402
410
377
325
278
209
144
55
-42
-155
-199
-199
-190
-216
-263
-250
-165
-104
-129
-156
-132
-33
-9
-61
-120
-54
76
122
95
100
198
306
321
232
178
167
152
13
-158
-241
-235
-260
-355
-428
-389
-280
-222
-207
-164
-14
128
201
204
253
334
397
386
359
346
327
276
186
120
44
-21
-115
-200
-269
-322
-355
-362
-370
-408
-404
-386
-331
-258
-193
-92
73
238
393
517
603
678
724
725
646
518
367
242
88
-158
-393
-542
-607
-729
-896
-973
-877
-744
-666
-610
-505
-311
-88
84
189
329
510
689
791
863
909
933
912
841
736
613
481
303
113
-19
-144
-315
-510
-653
-755
-817
-858
-877
-822
-724
-600
-471
-293
-124
42
186
353
524
628
646
645
676
644
521
327
162
64
-30
-180
-336
-414
-418
-406
-437
-480
-497
-465
-450
-435
-427
-387
-323
-212
-48
109
226
339
466
588
649
624
547
478
501
481
385
251
203
234
222
127
-10
-56
-45
-96
-241
-368
-335
-239
-193
-229
-239
-150
-55
-35
-95
-127
-93
-46
-51
-69
-58
-27
-3
7
-29
-87
-129
-167
-183
-197
-204
-204
-160
-106
-32
23
41
68
103
148
170
174
139
119
140
175
183
144
155
228
283
262
209
186
192
138
28
-85
-135
-152
-171
-204
-204
-178
-164
-175
-164
-123
-89
-76
-36
66
124
125
101
145
178
137
54
2
14
30
-15
-91
-114
-83
-54
-114
-193
-209
-168
-149
-206
-244
-236
-181
-149
-126
-62
55
158
179
213
306
388
373
307
285
311
330
270
168
103
99
89
0
-143
-209
-200
-176
-206
-257
-267
-224
-176
-200
-246
-285
-253
-201
-196
-209
-182
-97
-5
29
60
116
187
199
162
139
145
152
112
87
122
190
230
221
212
244
259
204
92
36
9
-13
-73
-146
-166
-134
-109
-139
-197
-216
-170
-128
-134
-137
-97
-35
38
77
99
102
123
153
171
154
93
61
59
69
24
-35
-69
-102
-129
-169
-198
-255
-311
-316
-258
-216
-223
-196
-93
51
130
151
185
264
348
367
333
293
299
322
280
181
101
82
68
-1
-100
-159
-153
-152
-199
-251
-248
-194
-171
-200
-203
-159
-108
-78
-66
-24
51
120
141
153
197
232
194
118
88
91
39
-54
-97
-82
-61
-80
-112
-99
-41
-15
-50
-73
-41
3
-29
-94
-98
-42
-3
-6
-17
8
105
192
201
172
176
233
268
211
111
53
46
22
-67
-185
-238
-226
-216
-255
-293
-286
-236
-190
-180
-172
-146
-87
-20
31
48
90
185
269
284
268
316
379
375
302
246
232
220
134
11
-84
-127
-165
-250
-343
-383
-369
-367
-350
-304
-227
-153
-81
9
107
194
219
211
217
266
294
224
118
98
168
177
62
-53
-59
-8
-54
-199
-296
-281
-244
-280
-332
-320
-226
-136
-75
-24
40
123
213
273
288
285
310
340
334
271
190
150
118
54
-56
-145
-167
-166
-183
-206
-206
-172
-123
-81
-77
-82
-67
-33
-11
-22
-33
-36
-22
2
15
0
-15
0
32
28
-13
-30
-9
11
-2
-25
11
78
120
122
130
178
219
211
164
129
133
141
111
57
22
15
4
-40
-106
-156
-184
-198
-226
-248
-263
-233
-192
-158
-138
-106
-43
-4
21
28
53
68
54
33
23
28
8
-42
-72
-47
-10
-35
-80
-56
32
83
57
48
125
228
258
236
237
286
317
279
198
125
89
46
-29
-108
-150
-163
-168
-168
-150
-126
-109
-89
-63
-31
-26
-45
-69
-71
-57
-55
-81
-103
-87
-42
-8
-29
-66
-66
-40
-57
-133
-205
-224
-204
-199
-213
-188
-113
-12
78
153
231
320
396
440
451
445
435
406
342
262
192
127
54
-24
-89
-140
-174
-198
-219
-235
-230
-210
-196
-196
-192
-163
-135
-129
-136
-117
-70
-27
-22
-22
19
58
53
15
-4
-10
-29
-84
-139
-162
-172
-169
-159
-127
-80
-16
62
149
222
265
307
344
367
351
318
284
256
213
150
94
55
25
-28
-89
-123
-121
-131
-177
-216
-202
-172
-180
-219
-221
-178
-139
-133
-141
-109
-41
12
14
10
35
71
70
35
3
-5
1
-23
-62
-85
-68
-32
-13
-15
7
77
156
189
182
193
239
273
243
178
135
140
140
89
12
-29
-16
-11
-49
-101
-114
-87
-67
-94
-135
-139
-116
-112
-145
-174
-161
-128
-120
-139
-138
-101
-60
-48
-57
-50
-20
16
26
10
4
25
54
62
58
67
97
126
145
160
172
185
185
174
156
141
113
70
23
-12
-33
-53
-81
-105
-117
-110
-90
-76
-73
-65
-42
-17
-6
-4
-5
-8
-11
-11
-7
-13
-29
-45
-43
-34
-36
-51
-64
-61
-46
-39
-49
-66
-67
-55
-42
-42
-48
-30
6
45
69
86
109
141
164
164
151
137
127
109
75
39
12
2
0
-11
-29
-36
-21
-4
-10
-33
-50
-52
-55
-72
-113
-142
-144
-126
-120
-136
-146
-121
-76
-51
-54
-53
-19
35
72
80
78
104
150
177
169
142
139
156
162
133
86
55
41
28
-12
-68
-111
-132
-141
-160
-182
-192
-173
-132
-86
-43
0
53
116
171
205
217
217
215
202
169
114
59
11
-27
-69
-120
-167
-196
-209
-224
-245
-261
-251
-222
-183
-151
-107
-52
26
103
163
206
247
289
317
318
286
244
197
151
89
10
-74
-139
-181
-217
-252
-280
-282
-252
-209
-167
-126
-72
-4
68
122
159
189
221
242
240
216
190
167
131
86
32
-15
-57
-104
-154
-200
-229
-244
-252
-260
-249
-215
-167
-119
-69
-10
62
125
173
212
245
269
273
252
220
191
149
95
33
-23
-60
-91
-129
-165
-178
-169
-159
-159
-159
-135
-98
-69
-56
-40
-9
35
63
65
72
94
120
121
99
77
69
64
40
-5
-46
-58
-60
-74
-100
-113
-93
-63
-44
-34
-16
23
64
90
101
114
130
145
140
120
98
82
63
29
-6
-39
-57
-73
-93
-112
-120
-114
-106
-101
-95
-78
-59
-38
-22
-7
6
25
37
41
43
45
43
32
16
4
-5
-20
-36
-52
-61
-58
-53
-53
-53
-45
-19
6
22
28
46
77
101
111
114
121
131
139
136
116
99
89
79
54
19
-4
-18
-30
-53
-77
-85
-77
-76
-87
-99
-92
-76
-71
-81
-98
-95
-80
-73
-88
-107
-99
-69
-49
-52
-56
-34
6
36
40
36
49
79
98
93
78
73
89
102
92
70
62
72
77
65
44
33
29
25
14
-1
-14
-17
-15
-15
-18
-16
-13
-6
3
4
5
3
3
-4
-13
-23
-33
-50
-61
-66
-74
-85
-90
-85
-80
-73
-66
-56
-45
-29
-14
-8
-2
7
17
24
27
