SAMPLES:	7517
BITSPERSAMPLE:	16
CHANNELS:	1
SAMPLERATE:	16000
NORMALIZED:	FALSE
0
1
0
1
0
1
1
0
0
0
1
0
0
0
1
1
0
0
0
0
0
0
0
0
0
1
0
-1
0
0
0
0
-1
-1
0
-1
0
0
1
0
0
0
1
0
0
0
0
0
0
0
0
0
0
0
0
-1
-1
0
0
0
-1
-1
0
0
1
0
-2
-2
1
0
0
-2
2
-1
1
-3
-5
4
1
0
-4
-3
0
-4
9
-6
3
8
7
4
-13
8
-2
6
0
-13
0
5
9
-12
0
-12
-6
28
-2
3
-8
0
3
-2
18
-19
-5
-11
32
22
-32
-15
-2
38
-24
-42
0
60
-10
-49
22
35
22
-58
-18
10
16
-10
-14
16
-10
17
32
19
-49
-15
19
13
-41
-26
-9
6
21
6
53
-52
65
-35
5
-9
-93
36
-10
-10
-37
-9
11
62
58
-4
-89
73
34
-16
-20
-18
13
26
46
-32
-6
56
-7
-10
60
-11
11
5
-36
-47
58
2
-31
-66
-52
72
219
22
-144
-17
-44
54
-49
-56
-14
-31
11
-1
21
47
8
-67
-55
113
56
-76
-45
-11
69
-27
8
-62
24
21
5
-25
-30
-15
64
73
-182
91
155
32
-113
43
106
-65
-186
22
51
-60
-152
64
214
-48
-145
-138
239
137
39
-223
-145
212
141
-10
-319
-31
305
-8
-109
-245
156
223
-127
17
-100
164
45
-95
122
17
41
-260
-160
200
203
-135
-344
-103
289
235
-233
100
-85
57
-99
30
-126
-22
81
-151
211
24
213
-292
244
16
-170
-142
87
310
-86
-37
-130
320
68
-84
-224
-106
211
15
-76
142
-78
110
129
-245
5
-25
139
-222
-154
97
162
39
-226
61
-5
496
-244
-435
-180
-20
165
-331
129
-201
130
270
169
266
-33
-8
-257
34
96
-33
-164
-156
140
342
63
68
8
-181
-8
98
244
-314
-242
-85
228
284
-227
-98
227
-6
-71
-123
20
134
-207
-182
-130
250
85
-106
88
41
45
74
216
16
-251
-4
-77
180
-102
70
-173
-71
337
-22
63
-227
370
87
60
-317
-46
299
-371
22
-310
99
80
-54
121
8
297
-61
15
121
-188
-122
-43
-12
-232
-92
-86
172
-100
-2
125
-221
181
-329
232
-177
-3
435
-56
80
-313
206
-138
77
-89
-191
102
79
410
-252
-176
-82
439
-137
-245
-359
149
535
-575
-112
132
97
-228
187
-39
-88
-17
63
115
-24
131
-35
97
81
157
58
55
83
11
139
-11
-245
33
92
49
-274
67
36
216
152
-213
115
190
75
-337
-27
105
91
-413
-197
43
136
-85
-374
-49
90
201
-177
-372
37
190
-142
-158
17
390
41
-127
-79
239
295
-18
-241
20
226
50
-135
-125
221
131
475
10
-45
132
307
-63
-368
85
-119
-348
-200
157
-162
-79
-67
201
275
-125
-15
6
9
-167
-46
149
-115
83
95
131
110
-108
184
13
25
105
-50
-21
-74
-23
88
-188
67
51
45
206
-10
150
154
209
-218
-112
-28
-255
-85
-137
-242
-303
-7
45
110
-12
-126
-118
-118
49
-232
-66
-43
-6
168
182
131
-26
96
93
53
-12
42
-178
-210
-73
183
72
-98
-62
51
227
-100
-103
-99
-19
53
-61
-17
176
204
163
58
37
189
172
-56
-211
-63
65
5
-41
-102
-32
93
13
101
127
37
-122
-243
-189
-172
-172
-69
-17
36
107
250
283
137
51
-12
22
49
-68
-144
-128
-73
-42
-197
-226
-169
1
-7
-234
-145
-28
58
89
1
10
125
297
186
-36
43
211
134
-31
-113
1
222
204
151
236
362
351
230
200
151
56
-32
-147
-176
-138
-8
76
99
107
167
210
161
-3
-132
-221
-214
-142
-162
-180
-174
-6
4
-158
-331
-328
-347
-413
-574
-673
-549
-406
-370
-426
-372
-289
-277
-312
-320
-275
-170
-156
-104
-34
164
288
391
518
566
678
695
780
769
643
557
583
635
604
655
750
829
913
1008
1042
1041
993
967
914
799
670
512
292
-26
-321
-548
-734
-919
-1060
-1156
-1183
-1181
-1203
-1221
-1256
-1294
-1392
-1530
-1580
-1607
-1691
-1753
-1698
-1552
-1407
-1286
-1130
-942
-795
-773
-748
-673
-569
-457
-422
-356
-129
234
512
758
1064
1369
1591
1781
2027
2268
2406
2564
2878
3305
3683
4037
4315
4406
4357
4216
4034
3687
3121
2391
1691
990
212
-663
-1554
-2394
-3167
-3809
-4288
-4577
-4715
-4690
-4588
-4410
-4102
-3726
-3379
-3127
-2984
-2858
-2681
-2497
-2373
-2283
-2137
-1859
-1544
-1269
-1047
-816
-548
-285
-72
65
235
507
850
1194
1565
1981
2327
2743
3214
3662
4043
4438
4942
5463
5937
6379
6921
7272
7174
6675
6055
5232
4049
2600
1008
-637
-2313
-3733
-4777
-5547
-6125
-6379
-6288
-5948
-5351
-4454
-3419
-2537
-1828
-1176
-656
-469
-620
-999
-1634
-2444
-3232
-3764
-4094
-4323
-4328
-4080
-3644
-3131
-2551
-1999
-1561
-1217
-898
-572
-260
28
450
1065
1728
2368
3054
3804
4523
5190
5863
6416
6796
7182
7659
8111
8414
8552
8305
7653
6739
5694
4328
2533
451
-1678
-3707
-5475
-6706
-7484
-7948
-8146
-7856
-7140
-6174
-4932
-3507
-2221
-1132
-166
648
1142
1306
1024
231
-874
-2014
-2959
-3845
-4653
-5225
-5441
-5361
-4936
-4160
-3263
-2519
-1921
-1385
-930
-548
-209
187
567
1002
1580
2400
3247
3995
4722
5444
6102
6647
7181
7639
8020
8307
8592
8888
8887
8341
7395
6276
4842
2998
987
-1204
-3531
-5698
-7261
-8225
-8750
-8915
-8648
-8058
-7175
-5924
-4368
-2838
-1555
-352
746
1629
2155
2315
1993
1150
-4
-1212
-2517
-3752
-4752
-5481
-6111
-6380
-6132
-5488
-4702
-3864
-2932
-2051
-1302
-641
26
531
996
1545
2251
2963
3719
4513
5377
6169
6912
7566
8136
8587
8898
9181
9436
9655
9499
8789
7612
6249
4708
2751
439
-2051
-4635
-7111
-8994
-9996
-10352
-10373
-9942
-9027
-7710
-6060
-4046
-2040
-477
744
1887
2869
3406
3531
3215
2225
609
-994
-2334
-3580
-4872
-5991
-6872
-7423
-7415
-6734
-5691
-4688
-3748
-2766
-1707
-735
156
853
1374
1798
2358
3109
3933
4724
5490
6247
6964
7686
8441
9050
9391
9545
9701
9800
9645
8982
7820
6299
4638
2703
459
-1981
-4527
-7096
-9300
-10610
-11036
-10912
-10407
-9392
-8036
-6364
-4388
-2208
-377
995
2057
2997
3611
3881
3792
3189
1891
233
-1301
-2619
-3801
-4997
-6022
-6863
-7253
-7075
-6355
-5420
-4466
-3531
-2564
-1602
-697
76
698
1179
1653
2322
3092
3957
4810
5625
6342
7046
7856
8602
9146
9478
9698
9837
9849
9541
8606
7131
5413
3629
1479
-943
-3505
-6077
-8649
-10615
-11461
-11491
-11129
-10331
-8976
-7403
-5602
-3401
-1115
602
1872
2985
3924
4435
4661
4521
3702
2262
630
-899
-2309
-3632
-4797
-5922
-6811
-7242
-6988
-6317
-5488
-4517
-3493
-2548
-1650
-790
-4
576
1062
1656
2415
3314
4211
5165
5966
6707
7399
8193
8826
9275
9591
9827
9914
9815
9308
8109
6460
4594
2571
38
-2632
-5340
-8000
-10580
-12227
-12712
-12372
-11630
-10345
-8600
-6741
-4586
-2139
225
1881
3132
4243
5157
5567
5698
5339
4367
2703
923
-656
-2111
-3490
-4825
-5915
-6834
-7282
-7071
-6389
-5557
-4710
-3852
-2979
-2157
-1321
-581
32
635
1330
2379
3477
4664
5782
6812
7602
8377
9163
9711
9975
10074
10143
9957
9670
8838
7466
5501
3501
1282
-1294
-4094
-6861
-9527
-11870
-13237
-13356
-12663
-11629
-10088
-8129
-5986
-3736
-1192
1171
2873
4100
5244
6100
6551
6577
6185
4968
3168
1273
-486
-2178
-3849
-5242
-6560
-7561
-8036
-7728
-7105
-6327
-5431
-4358
-3422
-2550
-1609
-720
-95
553
1479
2611
3784
5017
6161
7154
7959
8726
9409
9806
9968
9911
9839
9504
9148
8242
6739
4769
2853
824
-1620
-4201
-6738
-9254
-11542
-12724
-12685
-11920
-10912
-9343
-7450
-5357
-3217
-741
1444
2997
4122
5216
6085
6468
6585
6205
5143
3251
1361
-390
-2033
-3701
-5150
-6444
-7534
-8063
-7844
-7233
-6493
-5570
-4552
-3618
-2720
-1655
-748
-78
544
1481
2558
3698
4820
5981
6907
7651
8289
8947
9310
9380
9356
9243
8959
8555
7955
6579
4748
2791
1070
-1215
-3627
-6125
-8435
-10708
-12118
-12206
-11483
-10605
-9339
-7455
-5534
-3529
-1321
1064
2565
3669
4642
5731
6181
6404
6221
5421
3750
1964
341
-1356
-3090
-4563
-5745
-6974
-7677
-7656
-7121
-6637
-5880
-4918
-3921
-3112
-2081
-1055
-237
407
1319
2423
3529
4637
5812
6793
7441
8009
8589
8968
8973
8937
8787
8475
7933
7499
6768
5215
3284
1436
-171
-2367
-4648
-6828
-8855
-10847
-11875
-11606
-10736
-9819
-8489
-6599
-4769
-2881
-703
1557
2843
3846
4861
5764
6028
6175
5969
5068
3389
1675
75
-1562
-3128
-4352
-5501
-6702
-7422
-7352
-6912
-6496
-5784
-4872
-4094
-3426
-2344
-1229
-330
411
1484
2597
3783
4931
6157
7008
7587
8024
8450
8722
8666
8558
8271
7786
7174
6690
6079
4646
2818
1105
-386
-2211
-4271
-6150
-8059
-9914
-11110
-10976
-10193
-9259
-8098
-6375
-4750
-3083
-1106
1086
2557
3497
4508
5453
5979
6232
6273
5575
4108
2588
1081
-551
-2227
-3414
-4544
-5905
-6963
-7294
-7172
-7080
-6586
-5763
-4969
-4396
-3302
-2047
-961
-158
1081
2277
3409
4498
5796
6653
7137
7487
7892
7996
7890
7758
7594
7122
6421
6022
5579
4684
3029
1592
149
-1184
-2991
-4572
-6397
-8053
-9537
-9923
-9463
-8627
-7717
-6446
-4932
-3509
-1782
171
2014
3069
4187
5196
6056
6422
6748
6396
5303
3789
2345
655
-1038
-2564
-3749
-5257
-6614
-7475
-7681
-7757
-7555
-6901
-6070
-5328
-4331
-2925
-1705
-663
410
1716
2708
3813
4892
5845
6188
6550
6735
6924
6757
6700
6435
6070
5499
5105
4857
4489
3852
2697
1550
316
-521
-1898
-3280
-4957
-6343
-7815
-8474
-8171
-7409
-6776
-5950
-4647
-3342
-1810
-56
1837
2972
4036
5067
6159
6608
6889
6605
5694
4056
2610
1110
-657
-2597
-4176
-5583
-7087
-8070
-8469
-8550
-8607
-8011
-6931
-5707
-4553
-3007
-1606
-432
608
1935
2998
3805
4507
5222
5635
5798
5992
6147
6035
5761
5649
5570
5292
5041
4972
4875
4607
3821
2939
1847
1011
-119
-1503
-3092
-4777
-6374
-7626
-7976
-7625
-7073
-6457
-5416
-4153
-2643
-955
1034
2604
3748
4778
5783
6446
6709
6632
5881
4470
2731
951
-785
-2625
-4251
-5866
-7299
-8490
-8990
-8922
-8567
-7870
-6798
-5577
-4382
-2966
-1583
-417
427
1354
2071
2837
3419
4094
4496
4817
4982
5231
5401
5498
5552
5604
5586
5475
5484
5468
5389
5199
4484
3427
2269
1447
241
-1407
-3074
-4776
-6317
-7529
-7664
-7233
-6562
-5976
-4751
-3429
-1848
-213
1800
3154
4037
4848
5776
6151
6122
5812
4887
3241
1516
129
-1665
-3481
-5273
-6492
-7905
-8746
-9045
-8826
-8680
-8063
-6894
-5457
-4298
-2945
-1520
-507
280
1211
2244
2744
3312
3923
4522
4757
5209
5587
5772
5611
5626
5745
5682
5568
5430
5431
5140
5044
4554
3695
2435
1549
547
-1024
-2630
-4122
-5494
-6928
-7254
-6782
-5976
-5468
-4293
-2935
-1504
-142
1717
3118
3781
4247
4928
5269
4975
4660
3919
2427
510
-763
-2059
-3817
-5511
-6519
-7410
-8248
-8479
-8013
-7760
-7291
-6323
-4899
-3844
-2716
-1445
-293
328
1126
2127
2874
3176
3745
4511
4873
5062
5398
5639
5366
5217
5322
5306
4971
4842
4834
4728
4503
4544
3978
2963
1811
1256
209
-1211
-2633
-3800
-5157
-6258
-6116
-5389
-4888
-4428
-3227
-2108
-1079
126
1733
2442
2644
2977
3612
3589
3260
2885
2051
440
-944
-1768
-2681
-4105
-5245
-5970
-6723
-7189
-6904
-6313
-6287
-5992
-5197
-4107
-3299
-2083
-855
40
536
1537
2591
3333
3708
4296
4690
4716
4826
5117
5132
4649
4373
4335
4235
4009
4132
4141
3977
3826
4180
3832
3012
2148
1807
1007
-215
-1207
-2212
-3583
-4945
-5139
-4826
-4609
-4503
-3651
-2989
-2415
-1527
-55
672
895
1342
2029
2181
2088
2230
1867
755
-387
-841
-1688
-2931
-3877
-4278
-4956
-5637
-5548
-5198
-5268
-5158
-4339
-3426
-2812
-1968
-810
-108
332
1137
2065
2478
2669
3250
3636
3645
3694
4019
3942
3532
3471
3615
3593
3359
3573
3691
3673
3672
4171
4499
3968
3456
3131
2978
2055
1248
189
-1227
-3070
-4152
-4562
-4809
-5186
-5210
-4934
-4762
-4172
-3151
-1965
-1477
-810
21
1000
1481
2241
2589
2410
1578
1235
862
223
-734
-1661
-2507
-3433
-3758
-3961
-4079
-4648
-4629
-4375
-3800
-3243
-2275
-1617
-1172
-657
241
995
1440
1857
2158
2360
2435
2770
2959
2968
2750
2883
3027
3298
3582
4183
4478
4797
5192
5898
6170
5820
5346
4725
4110
2805
1437
-374
-2364
-4613
-6131
-6934
-7312
-7747
-7678
-7229
-6541
-5413
-3779
-2061
-910
290
1578
2897
3727
4581
4917
4579
3637
2986
2406
1519
482
-647
-1918
-3231
-3917
-4162
-4650
-5248
-5653
-5662
-5567
-5030
-4074
-3174
-2668
-1956
-1005
-154
469
1121
1679
1826
2121
2625
3134
3330
3602
3988
4314
4703
5190
5801
6105
6246
6481
6748
6850
6179
5393
4253
3206
1649
19
-2035
-4171
-6395
-8102
-8996
-9124
-8956
-8570
-7579
-6390
-4777
-2899
-627
1031
2506
3775
5071
5832
6431
6544
6119
4942
3732
2629
1472
213
-1063
-2376
-3875
-5143
-5740
-6072
-6553
-6926
-7010
-6905
-6652
-5763
-4678
-3725
-2926
-1838
-781
294
1284
2342
2987
3501
4077
4808
5284
5587
5834
6006
5938
5946
6048
6017
5758
5487
5338
5096
4821
3994
2986
1685
638
-755
-2261
-3966
-5669
-7325
-8502
-8672
-8132
-7412
-6641
-5310
-3874
-2202
-344
1812
3271
4283
5119
5973
6297
6328
6076
5162
3517
1926
734
-544
-1930
-3221
-4405
-5802
-6685
-6904
-6827
-7087
-7180
-6971
-6608
-6044
-4941
-3616
-2578
-1641
-368
1035
2169
3228
4146
4657
4832
5251
5727
5860
5729
5617
5430
5045
4871
4766
4545
4041
3588
3287
2974
2720
2085
1191
97
-636
-1327
-2270
-3352
-4402
-5385
-6276
-6319
-5623
-4816
-4202
-3194
-2017
-811
457
2021
3103
3563
3926
4416
4557
4281
3865
3032
1648
135
-841
-1745
-2764
-3768
-4362
-5096
-5745
-5813
-5464
-5375
-5464
-5149
-4713
-4274
-3585
-2509
-1667
-939
31
1332
2314
3087
3811
4338
4464
4563
4857
4912
4576
4239
4040
3643
3210
3014
2812
2300
1869
1723
1740
1657
1801
1517
1035
470
534
368
-262
-1115
-1957
-2920
-3856
-3899
-3456
-3163
-3207
-2629
-2004
-1290
-506
759
1340
1464
1688
2266
2398
2241
2062
1486
311
-753
-1157
-1684
-2415
-3134
-3444
-4100
-4465
-4285
-3728
-3737
-3749
-3361
-2890
-2555
-1927
-1009
-495
-184
437
1304
1737
2069
2438
2689
2563
2695
3002
3074
2777
2690
2738
2625
2477
2551
2494
2187
2012
2198
2386
2513
2736
2639
2300
1960
2128
1811
1073
76
-867
-2076
-3085
-3380
-3328
-3645
-3975
-3736
-3350
-2913
-2206
-1161
-667
-411
87
855
1181
1389
1597
1480
789
355
325
106
-427
-814
-1089
-1664
-2184
-2212
-2226
-2567
-2845
-2835
-2929
-3155
-2945
-2514
-2234
-1940
-1204
-429
121
659
1397
1867
2131
2505
2926
3000
2892
2939
2951
2724
2483
2462
2334
2119
2184
2482
2776
3023
3597
3720
3510
3203
3316
2932
1955
830
-413
-2008
-3665
-4525
-5017
-5576
-6173
-5985
-5663
-5100
-4209
-2685
-1610
-763
277
1600
2461
3088
3725
3889
3325
2669
2453
1935
1075
250
-322
-1202
-1968
-2316
-2465
-3030
-3465
-3566
-3599
-3849
-3755
-3405
-3233
-3017
-2258
-1301
-596
91
937
1594
1928
2417
2946
3145
3032
3065
3165
2990
2815
2800
2798
2552
2588
2915
3234
3440
3859
4242
3918
3502
3201
3016
1979
750
-676
-2247
-4166
-5549
-6261
-6737
-7282
-7331
-6770
-6075
-5021
-3479
-1726
-577
633
2001
3336
4032
4709
5017
4725
3846
3266
2733
1901
874
82
-716
-1656
-2215
-2490
-2809
-3350
-3475
-3576
-3756
-3951
-3687
-3466
-3328
-2980
-2155
-1437
-835
-37
823
1356
1755
2384
2869
3094
3262
3555
3612
3544
3550
3627
3519
3373
3392
3460
3405
3365
3556
3544
2952
2364
1865
1326
230
-799
-2072
-3599
-5205
-6215
-6688
-6932
-7002
-6703
-6026
-5199
-3911
-2258
-534
675
1907
3126
4200
4852
5458
5582
5110
4246
3581
2862
1945
995
85
-883
-1863
-2395
-2672
-3134
-3695
-4007
-4167
-4481
-4589
-4379
-4244
-4182
-3784
-3005
-2200
-1346
-294
744
1519
2334
3187
3891
4175
4437
4610
4583
4318
4172
3889
3396
2921
2623
2351
2044
1956
1909
1905
1662
1362
959
618
171
-578
-1480
-2622
-3797
-4956
-5653
-5927
-5859
-5759
-5291
-4486
-3364
-2053
-477
1039
2189
3234
4302
5181
5574
5751
5486
4724
3566
2605
1579
430
-843
-1893
-2934
-3770
-4225
-4374
-4548
-4810
-4695
-4451
-4110
-3824
-3280
-2890
-2517
-1981
-1086
-265
520
1313
2039
2564
3026
3556
3847
3927
3838
3838
3608
3331
2985
2699
2217
1787
1517
1338
1123
1010
1081
1159
990
759
584
485
174
-355
-948
-1793
-2744
-3653
-4046
-4157
-4083
-3922
-3422
-2808
-2025
-1044
145
1085
1779
2436
3041
3414
3549
3553
3157
2368
1505
833
102
-673
-1389
-1921
-2504
-2841
-2822
-2532
-2554
-2618
-2435
-2150
-1947
-1822
-1575
-1641
-1676
-1483
-999
-603
-133
365
871
1249
1735
2246
2515
2517
2460
2467
2330
2191
2033
1815
1414
1156
1116
1105
1113
1272
1482
1716
1879
1966
1913
1815
1692
1193
467
-457
-1498
-2668
-3619
-4136
-4403
-4613
-4616
-4256
-3731
-2996
-1971
-781
116
941
1864
2752
3284
3685
3868
3591
2940
2365
1876
1203
433
-258
-875
-1523
-1840
-1864
-1944
-2177
-2261
-2194
-2212
-2200
-2079
-2043
-2202
-2214
-1933
-1570
-1214
-714
-207
179
565
1074
1508
1683
1849
2077
2255
2323
2440
2503
2393
2245
2199
2198
2090
2031
2030
2061
2035
1806
1534
1129
840
300
-345
-1223
-2179
-3235
-4114
-4569
-4656
-4636
-4535
-4093
-3494
-2673
-1671
-438
516
1355
2156
3049
3662
4150
4367
4193
3563
2908
2332
1663
861
66
-642
-1346
-1766
-1884
-1798
-1996
-2128
-2183
-2141
-2229
-2234
-2275
-2527
-2747
-2733
-2476
-2205
-1761
-1233
-641
-93
638
1363
1966
2331
2703
3011
3196
3261
3281
3136
2744
2384
2022
1691
1281
1097
937
906
921
889
726
549
543
356
-80
-713
-1438
-2381
-3281
-3773
-3924
-4104
-4210
-3963
-3495
-2851
-1914
-693
322
1153
2089
3117
3865
4397
4756
4655
4008
3268
2653
1858
866
-70
-866
-1697
-2249
-2385
-2341
-2458
-2585
-2471
-2406
-2312
-2170
-2035
-2244
-2509
-2451
-2236
-2037
-1706
-1213
-796
-322
380
1222
1781
2204
2571
2928
3083
3242
3281
3072
2558
2077
1698
1253
877
611
467
265
405
571
613
449
503
540
229
-218
-803
-1518
-2529
-3199
-3507
-3593
-3796
-3613
-3202
-2643
-1921
-765
397
1238
2038
2997
3826
4261
4608
4602
4092
3173
2468
1724
816
-184
-934
-1644
-2274
-2524
-2369
-2226
-2247
-2129
-1924
-1828
-1750
-1598
-1596
-1906
-2121
-2100
-1996
-1890
-1570
-1141
-716
-199
566
1293
1799
2222
2598
2788
2773
2726
2529
2065
1458
983
572
185
-122
-173
-180
-41
343
807
989
1059
1238
1416
1151
754
151
-672
-1749
-2547
-2956
-3240
-3525
-3492
-3154
-2718
-1972
-849
351
1195
2060
2985
3753
4145
4424
4325
3729
2796
2044
1258
330
-563
-1235
-1858
-2325
-2370
-2059
-1817
-1636
-1429
-1211
-1111
-974
-807
-970
-1393
-1809
-1954
-2114
-2156
-2010
-1740
-1604
-1191
-542
150
632
1123
1548
1818
1968
2137
2139
1861
1475
1140
885
587
486
500
588
661
1059
1491
1680
1689
1754
1806
1456
997
368
-506
-1651
-2536
-3070
-3389
-3672
-3648
-3327
-2885
-2192
-1133
30
894
1722
2604
3404
3843
4214
4270
3884
3111
2473
1849
1062
261
-357
-919
-1450
-1670
-1567
-1462
-1470
-1475
-1474
-1557
-1643
-1663
-1889
-2361
-2845
-3059
-3187
-3193
-2956
-2526
-2182
-1681
-935
-55
676
1364
1998
2436
2692
2879
2922
2685
2261
1830
1459
1046
749
621
546
487
632
1017
1185
1175
1168
1274
1149
787
358
-297
-1211
-2138
-2674
-2951
-3095
-3112
-2790
-2400
-1815
-925
235
1214
2001
2769
3495
3922
4192
4320
4045
3308
2433
1698
881
79
-623
-1189
-1789
-2190
-2215
-2042
-1950
-1892
-1840
-1919
-2011
-1998
-2009
-2324
-2737
-2990
-3088
-3033
-2746
-2269
-1816
-1320
-607
280
1085
1777
2339
2718
2846
2922
2892
2606
2056
1497
962
467
76
-96
-239
-304
-219
167
603
846
1065
1227
1441
1320
1196
829
203
-656
-1317
-1747
-1956
-2108
-2051
-1827
-1544
-1018
-258
629
1273
1842
2371
2825
3024
3185
3086
2675
1921
1250
626
-9
-576
-1018
-1402
-1782
-1899
-1748
-1514
-1424
-1256
-1247
-1426
-1582
-1575
-1662
-2100
-2448
-2696
-2825
-2826
-2466
-1983
-1511
-1058
-332
426
1061
1604
2043
2264
2208
2171
2063
1709
1180
780
329
-41
-288
-236
-194
0
333
891
1380
1683
1943
2163
2345
2156
1901
1379
585
-409
-1130
-1624
-1947
-2214
-2235
-2122
-1880
-1368
-661
109
614
1097
1602
2051
2301
2529
2528
2193
1590
1146
759
334
-73
-386
-701
-1040
-1103
-971
-856
-933
-1029
-1210
-1506
-1765
-1944
-2236
-2764
-3202
-3414
-3457
-3317
-2870
-2281
-1718
-1095
-229
654
1355
1922
2346
2563
2578
2539
2375
1977
1435
954
512
157
-84
-79
-15
161
487
1090
1639
1948
2202
2403
2537
2316
1984
1375
493
-568
-1396
-1958
-2309
-2643
-2690
-2579
-2337
-1841
-1073
-227
341
911
1533
2091
2450
2773
2880
2594
2015
1607
1232
762
253
-159
-603
-1054
-1241
-1190
-1204
-1368
-1504
-1736
-2112
-2383
-2479
-2710
-3157
-3465
-3517
-3408
-3103
-2486
-1762
-1145
-464
432
1290
1915
2386
2715
2772
2604
2474
2236
1743
1115
613
144
-246
-422
-352
-244
-10
413
1091
1684
2047
2356
2559
2619
2365
2009
1377
414
-647
-1493
-2087
-2467
-2715
-2711
-2611
-2326
-1765
-970
-141
490
1087
1676
2179
2542
2838
2887
2561
2017
1550
1070
566
65
-392
-884
-1324
-1480
-1440
-1423
-1529
-1639
-1804
-2070
-2215
-2270
-2398
-2709
-2885
-2841
-2662
-2291
-1708
-1073
-499
96
828
1499
1931
2200
2303
2210
1958
1730
1396
908
356
-56
-364
-557
-589
-397
-130
239
771
1480
2137
2485
2717
2786
2794
2505
2025
1328
332
-765
-1660
-2227
-2548
-2795
-2819
-2642
-2302
-1720
-956
-110
475
984
1501
1990
2304
2498
2512
2179
1601
1115
710
256
-218
-598
-947
-1250
-1304
-1117
-965
-990
-1005
-1063
-1243
-1431
-1510
-1690
-2078
-2406
-2506
-2497
-2352
-2011
-1519
-1076
-581
81
729
1179
1459
1662
1691
1576
1467
1321
989
600
321
133
3
9
195
465
765
1213
1815
2362
2605
2715
2747
2666
2323
1800
1109
107
-976
-1861
-2410
-2744
-3001
-3004
-2808
-2477
-1917
-1148
-318
263
774
1310
1770
2071
2313
2389
2121
1640
1252
941
564
187
-98
-385
-652
-721
-592
-535
-642
-753
-949
-1287
-1627
-1847
-2154
-2617
-2997
-3157
-3168
-3008
-2598
-1992
-1394
-744
39
811
1371
1764
2053
2135
2020
1887
1706
1353
940
625
398
232
197
368
621
932
1338
1895
2389
2546
2589
2541
2383
1899
1232
418
-647
-1747
-2613
-3094
-3372
-3508
-3310
-2905
-2333
-1596
-610
365
1042
1603
2163
2607
2795
2900
2827
2418
1806
1319
943
490
44
-268
-547
-822
-907
-761
-728
-862
-1009
-1209
-1563
-1946
-2182
-2505
-2974
-3327
-3405
-3314
-3068
-2536
-1818
-1125
-379
479
1281
1847
2209
2454
2477
2280
2045
1777
1357
875
523
303
127
77
257
522
828
1204
1716
2040
2074
2031
1949
1696
1074
411
-403
-1399
-2310
-2887
-3015
-3073
-2919
-2439
-1783
-1046
-183
855
1638
2093
2454
2817
2908
2781
2604
2230
1567
864
423
43
-390
-684
-811
-923
-1019
-856
-596
-565
-682
-853
-1122
-1576
-1991
-2304
-2747
-3218
-3473
-3411
-3167
-2748
-1995
-1166
-389
437
1318
2021
2386
2558
2562
2335
1936
1531
1081
547
42
-260
-397
-455
-309
37
467
865
1417
1905
2090
2113
2056
1943
1403
753
6
-896
-1819
-2489
-2625
-2669
-2526
-2087
-1384
-646
111
1060
1833
2237
2433
2637
2602
2336
2027
1637
1008
276
-161
-426
-687
-864
-826
-739
-696
-496
-183
-65
-176
-368
-694
-1207
-1760
-2161
-2637
-3174
-3517
-3545
-3306
-2913
-2175
-1311
-480
317
1137
1847
2212
2342
2278
2024
1568
1127
718
262
-175
-406
-427
-333
-83
359
923
1415
1939
2351
2519
2462
2272
1996
1326
549
-314
-1225
-2087
-2731
-2831
-2758
-2450
-1921
-1131
-325
482
1364
2053
2393
2465
2505
2319
1957
1518
1057
462
-132
-478
-617
-657
-618
-413
-183
1
230
468
514
285
-95
-612
-1274
-1979
-2604
-3168
-3703
-4025
-4027
-3703
-3176
-2398
-1468
-539
354
1145
1814
2190
2292
2203
1968
1588
1158
748
385
87
-50
18
246
559
965
1457
1894
2282
2402
2334
2065
1706
1167
366
-397
-1266
-2040
-2698
-2917
-2779
-2483
-1930
-1186
-330
444
1257
1968
2402
2453
2427
2283
1928
1486
1063
612
63
-262
-337
-289
-223
-18
247
389
448
552
530
209
-317
-941
-1668
-2473
-3138
-3676
-4149
-4448
-4382
-3974
-3337
-2483
-1446
-411
507
1329
2023
2450
2555
2447
2192
1792
1350
938
604
325
174
235
442
766
1145
1579
1931
2230
2280
2140
1850
1428
877
46
-724
-1566
-2268
-2838
-2994
-2781
-2439
-1862
-1102
-209
543
1305
1939
2330
2344
2249
2080
1755
1347
964
618
185
-59
-77
14
65
189
362
416
353
288
148
-247
-820
-1437
-2077
-2767
-3312
-3688
-3940
-4023
-3832
-3325
-2609
-1758
-791
147
933
1552
2009
2269
2232
2024
1744
1395
1029
728
575
494
502
623
915
1259
1632
1989
2253
2367
2148
1830
1335
813
102
-733
-1477
-2237
-2787
-3147
-2993
-2619
-2119
-1487
-669
169
892
1547
2019
2214
2098
2004
1808
1538
1199
945
684
381
271
346
440
409
397
372
252
57
-137
-446
-945
-1507
-2066
-2571
-3028
-3314
-3433
-3488
-3367
-3020
-2403
-1704
-964
-179
496
1012
1369
1628
1711
1597
1399
1228
1098
1019
1023
1129
1273
1401
1618
1860
2095
2218
2296
2251
1830
1296
733
214
-562
-1401
-2067
-2677
-3154
-3369
-3035
-2535
-2006
-1353
-513
238
837
1441
1905
2023
1919
1918
1864
1702
1491
1389
1190
887
748
780
750
552
371
161
-155
-507
-736
-1033
-1488
-2017
-2411
-2696
-2919
-2999
-2984
-2861
-2691
-2299
-1721
-1088
-510
-9
404
681
887
1044
1134
1117
1098
1159
1310
1496
1700
1960
2133
2225
2289
2343
2315
2152
1930
1452
857
228
-252
-864
-1583
-2174
-2682
-3035
-3241
-2951
-2465
-1956
-1423
-720
-40
479
949
1338
1515
1466
1515
1598
1672
1685
1772
1788
1688
1593
1534
1392
1047
645
202
-287
-791
-1184
-1543
-1942
-2339
-2560
-2629
-2611
-2551
-2428
-2223
-2007
-1690
-1268
-787
-428
-129
137
359
521
643
771
865
969
1160
1480
1819
2098
2333
2521
2584
2521
2402
2192
1855
1302
657
44
-491
-954
-1496
-1934
-2333
-2600
-2754
-2679
-2350
-1996
-1616
-1207
-742
-341
32
348
581
668
803
1042
1353
1649
1930
2195
2328
2391
2388
2283
1962
1439
797
109
-604
-1217
-1764
-2290
-2748
-3016
-3034
-2926
-2714
-2446
-2096
-1721
-1316
-848
-380
-31
176
317
442
534
615
731
843
998
1213
1527
1889
2206
2438
2596
2678
2621
2454
2203
1764
1076
335
-305
-832
-1431
-1959
-2341
-2608
-2779
-2732
-2345
-1907
-1549
-1209
-812
-503
-293
-109
24
36
45
236
584
967
1366
1810
2168
2408
2580
2694
2587
2194
1624
958
221
-515
-1222
-1918
-2571
-3052
-3234
-3244
-3131
-2899
-2497
-1996
-1425
-793
-169
322
619
796
913
989
1001
1000
1011
1063
1189
1411
1687
1930
2116
2220
2270
2250
2159
1977
1553
962
302
-260
-826
-1408
-1923
-2365
-2679
-2832
-2649
-2246
-1807
-1430
-1043
-669
-377
-149
37
116
91
107
251
503
783
1087
1355
1553
1695
1807
1851
1729
1414
1017
565
120
-424
-980
-1483
-1864
-2151
-2410
-2482
-2449
-2267
-1996
-1595
-1120
-646
-207
172
485
758
1014
1222
1383
1520
1709
1893
2083
2205
2273
2236
2108
1927
1717
1457
1067
553
39
-374
-758
-1147
-1538
-1838
-2092
-2223
-2148
-1885
-1578
-1338
-1112
-905
-718
-549
-381
-271
-200
-87
154
476
835
1139
1348
1442
1409
1288
1096
806
378
-92
-534
-925
-1282
-1465
-1505
-1476
-1465
-1373
-1138
-861
-593
-356
-89
104
219
350
493
571
605
675
797
920
1105
1382
1655
1839
1954
2055
2058
1920
1745
1501
1090
508
-9
-396
-794
-1225
-1593
-1799
-1967
-2017
-1852
-1507
-1183
-936
-695
-480
-348
-276
-218
-215
-242
-225
-64
196
458
690
877
983
951
835
633
335
-69
-545
-994
-1365
-1623
-1790
-1858
-1825
-1707
-1475
-1114
-684
-244
159
524
851
1087
1273
1412
1512
1542
1583
1692
1798
1895
1928
1961
1885
1728
1524
1302
992
554
51
-402
-757
-1045
-1305
-1537
-1655
-1708
-1644
-1466
-1144
-826
-595
-418
-267
-158
-111
-80
-73
-93
-74
58
266
463
611
692
665
531
348
123
-175
-597
-1104
-1573
-1862
-2004
-2105
-2153
-2055
-1805
-1446
-1003
-497
7
391
690
953
1199
1375
1480
1637
1801
2000
2187
2387
2526
2481
2346
2093
1801
1460
1072
627
110
-283
-575
-825
-1111
-1382
-1608
-1834
-1966
-1931
-1764
-1574
-1381
-1116
-770
-419
-44
321
649
901
1106
1316
1440
1440
1297
993
617
129
-379
-865
-1290
-1704
-2091
-2248
-2218
-2078
-1950
-1742
-1471
-1199
-969
-745
-522
-353
-232
-21
322
751
1217
1732
2282
2733
3081
3261
3317
3121
2741
2243
1724
1153
495
-83
-537
-878
-1222
-1504
-1649
-1727
-1787
-1744
-1576
-1324
-1066
-751
-401
-69
196
432
625
724
751
759
770
781
741
714
636
425
194
-62
-326
-789
-1201
-1533
-1755
-1926
-2032
-1932
-1739
-1508
-1291
-1008
-702
-483
-258
26
380
760
1137
1574
1946
2205
2336
2335
2223
1941
1634
1262
863
449
171
43
-85
-282
-500
-688
-909
-1162
-1358
-1463
-1512
-1513
-1410
-1164
-841
-489
-162
170
451
674
867
1001
1052
968
835
679
516
316
58
-154
-318
-421
-552
-652
-727
-818
-899
-988
-1050
-1073
-1032
-885
-643
-276
183
682
1145
1516
1793
1952
1990
1919
1771
1595
1375
1095
769
478
231
-76
-495
-952
-1350
-1684
-1941
-2080
-2081
-1997
-1854
-1629
-1308
-979
-673
-404
-118
127
351
566
760
921
979
1035
1006
911
763
604
450
187
-64
-312
-489
-667
-838
-910
-939
-867
-721
-466
-146
213
651
1091
1502
1825
2070
2220
2237
2179
2026
1821
1485
1069
674
357
52
-307
-643
-929
-1150
-1354
-1491
-1553
-1588
-1639
-1673
-1639
-1542
-1443
-1360
-1267
-1110
-939
-768
-591
-417
-283
-223
-134
-60
5
22
43
70
77
106
125
170
176
210
278
372
516
693
972
1204
1430
1587
1703
1715
1631
1474
1247
998
748
440
172
-7
-105
-197
-333
-385
-441
-462
-507
-489
-445
-458
-469
-492
-466
-491
-517
-518
-499
-477
-463
-441
-439
-457
-474
-507
-570
-616
-632
-615
-602
-590
-580
-549
-486
-408
-310
-176
-52
143
350
627
835
1013
1131
1193
1287
1289
1289
1161
981
780
618
525
377
221
46
-87
-183
-265
-315
-406
-523
-670
-809
-883
-926
-929
-903
-809
-683
-551
-409
-316
-271
-278
-298
-320
-289
-208
-65
120
325
508
657
772
823
794
694
576
499
477
506
558
597
643
689
757
712
547
256
-30
-244
-371
-465
-539
-536
-525
-471
-460
-456
-552
-719
-904
-1051
-1103
-1052
-893
-659
-370
-85
170
324
363
283
144
-54
-235
-337
-341
-265
-137
69
230
373
444
515
537
556
583
650
781
936
1082
1178
1239
1268
1212
1046
725
304
-10
-246
-420
-643
-792
-869
-905
-873
-862
-842
-928
-1022
-1064
-1049
-952
-831
-616
-356
-59
262
518
685
713
659
547
384
264
143
72
12
-35
-65
-146
-236
-410
-573
-697
-740
-641
-458
-111
243
655
1026
1382
1646
1706
1589
1244
914
650
467
251
21
-86
-146
-171
-238
-349
-569
-897
-1184
-1377
-1480
-1528
-1496
-1332
-1112
-842
-606
-421
-311
-280
-257
-237
-120
41
257
502
742
953
1057
1091
1022
911
771
638
611
675
830
1040
1204
1344
1410
1469
1384
1109
656
180
-140
-400
-630
-875
-1014
-1086
-1157
-1178
-1256
-1402
-1630
-1807
-1871
-1849
-1726
-1521
-1199
-827
-449
-88
193
378
460
507
529
566
639
709
789
860
919
895
808
655
479
328
239
220
234
286
375
487
599
620
659
603
430
103
-116
-156
-192
-222
-270
-138
12
190
330
374
335
119
-72
-276
-453
-593
-687
-645
-585
-477
-420
-430
-452
-587
-677
-855
-887
-909
-735
-630
-699
-577
-249
-26
-260
-302
69
623
669
632
1077
1821
1930
1648
1782
2146
2051
1305
699
544
528
20
-550
-793
-796
-878
-1027
-1062
-1032
-1054
-1337
-1521
-1514
-1387
-1409
-1346
-1064
-634
-252
-8
250
456
597
593
644
738
829
872
917
960
935
843
605
384
163
5
-82
-52
64
194
392
522
726
870
884
696
349
137
-30
-41
-196
-322
-378
-354
-257
-274
-296
-479
-685
-929
-1100
-1145
-1177
-1167
-1148
-1015
-813
-699
-633
-633
-612
-559
-467
-236
-18
251
444
651
841
959
1029
945
925
868
933
1005
1109
1153
1122
1131
1121
1146
1007
710
268
-65
-264
-354
-532
-731
-863
-853
-733
-688
-633
-744
-802
-926
-933
-881
-787
-608
-449
-164
69
273
337
284
171
-10
-123
-187
-171
-134
-113
-3
99
206
188
107
63
70
232
357
525
636
780
909
955
940
724
419
21
-217
-289
-301
-298
-313
-167
50
253
301
213
57
-144
-345
-554
-688
-778
-773
-726
-639
-542
-464
-412
-474
-547
-634
-616
-575
-534
-466
-370
-180
-22
103
191
290
458
646
894
1159
1407
1642
1790
1944
1984
1911
1604
1063
598
149
-68
-430
-779
-1052
-1180
-1070
-1131
-1126
-1293
-1335
-1343
-1337
-1206
-1144
-870
-662
-341
-67
147
349
344
366
239
240
259
316
425
463
637
702
804
752
651
525
356
293
185
158
82
70
85
125
152
69
-117
-339
-515
-538
-534
-526
-552
-529
-321
-137
28
-25
-90
-149
-161
-113
-141
-62
0
165
325
435
502
426
319
99
-90
-267
-425
-499
-574
-550
-532
-420
-317
-208
-98
24
249
455
701
858
1035
1169
1259
1257
1134
942
641
341
6
-273
-492
-609
-669
-755
-786
-783
-727
-709
-736
-791
-840
-782
-673
-553
-466
-368
-189
62
302
422
467
475
481
482
451
434
415
395
346
292
272
216
133
-9
-113
-163
-188
-194
-179
-121
-68
-9
24
56
78
96
91
55
4
2
16
11
-31
-64
-63
-54
-41
-21
-11
-14
7
46
86
94
76
47
11
-57
-163
-290
-422
-547
-608
-599
-525
-402
-241
-55
150
338
476
572
613
618
592
555
512
452
370
267
190
130
72
16
-22
-57
-109
-152
-198
-240
-284
-331
-346
-313
-274
-259
-236
-213
-174
-120
-66
-3
85
182
271
330
350
303
223
124
16
-66
-141
-200
-236
-226
-211
-185
-159
-154
-151
-128
-81
-25
44
92
119
138
168
183
169
120
71
29
-8
-54
-99
-132
-143
-121
-79
-8
56
115
162
176
158
119
57
1
-51
-96
-130
-153
-175
-208
-239
-250
-244
-209
-152
-106
-35
51
127
192
237
234
210
205
208
210
187
161
147
153
156
152
141
133
137
132
88
22
-34
-97
-150
-201
-231
-259
-268
-237
-201
-174
-146
-98
-22
53
120
160
242
278
240
140
55
10
-55
-126
-182
-203
-178
-170
-135
-63
41
92
93
52
91
120
116
75
-393
-863
-875
76
645
137
-855
-743
535
1215
541
-645
-688
172
710
339
-248
-107
460
792
400
-476
-1191
-730
103
383
-224
-641
92
1137
1414
606
98
201
576
301
-255
-573
-355
53
56
-141
-325
-151
-7
-134
-381
-374
-196
-65
-132
-207
31
325
402
187
128
260
353
153
-192
-323
-224
-40
-22
-151
-184
-8
148
62
-189
-370
-387
-240
-101
-178
-348
-273
40
123
-82
-214
-150
43
79
-11
-47
99
279
339
310
291
404
447
432
354
359
366
243
158
112
98
28
-49
-116
-118
-132
-203
-342
-345
-242
-234
-368
-458
-286
-124
-196
-308
-135
161
240
88
73
191
299
255
120
102
203
209
66
-88
-170
-198
-241
-245
-277
-261
-269
-263
-244
-247
-238
-238
-245
-170
-20
56
69
82
178
288
359
392
387
380
391
372
323
337
299
259
246
283
343
255
156
104
160
125
-34
-171
-253
-263
-329
-405
-467
-442
-394
-416
-348
-237
-116
-90
-82
31
98
107
59
74
87
73
151
155
62
-107
-94
83
145
27
-131
-89
-12
-26
-212
-428
-403
-344
-304
-334
-235
-57
100
269
362
462
429
399
443
562
553
428
320
321
335
241
32
-135
-228
-304
-282
-327
-354
-393
-341
-220
-199
-288
-409
-356
-215
-78
-49
-79
-2
98
205
135
83
111
188
226
199
217
193
152
81
48
7
-17
-59
-42
-42
6
73
55
16
-78
-1
62
108
109
-31
-15
131
228
92
-85
-75
178
213
-60
-160
-91
109
28
-223
-286
-129
-52
-181
-386
-389
-175
-56
-246
-394
-220
62
-67
-352
-395
-125
133
-6
-190
-119
222
421
347
235
286
401
438
420
309
222
223
298
319
230
134
121
97
-15
-187
-209
-131
-180
-319
-296
-81
44
-67
-205
-129
-4
-7
-127
-198
-140
-40
21
61
68
79
87
91
66
35
29
6
1
23
39
1
-55
-35
-51
-112
-174
-194
-111
-91
-134
-131
-103
-105
-57
-46
-91
-65
-33
-25
-12
-40
-13
102
207
279
257
219
305
442
408
256
146
185
266
187
13
-119
-114
-104
-164
-265
-304
-298
-284
-224
-218
-238
-225
-117
12
27
3
50
199
294
237
190
221
253
213
174
217
158
22
-46
-30
37
-62
-213
-263
-226
-208
-293
-322
-343
-347
-349
-332
-287
-287
-218
-153
-102
-30
28
139
187
178
163
240
380
389
329
299
451
604
532
332
336
501
384
80
-42
116
154
-115
-427
-396
-283
-325
-543
-754
-688
-561
-532
-609
-618
-476
-301
-220
-76
24
75
233
392
491
503
476
574
619
504
384
392
375
152
16
42
26
-150
-254
-53
15
-208
-249
9
180
19
-171
-4
206
113
-50
-71
123
203
15
-4
70
120
-22
-140
47
17
-187
-307
-269
-119
-247
-395
-394
-219
-125
-149
-259
-276
-60
78
-4
-222
-161
29
134
-62
-195
-148
38
53
-152
-121
49
132
43
126
394
552
495
365
402
574
684
592
315
269
439
627
292
-152
-54
151
258
-173
-480
-417
-135
-138
-609
-817
-687
-353
-460
-721
-756
-466
-188
-359
-504
-361
-63
77
-29
-49
172
472
463
313
384
549
624
410
340
442
494
388
203
166
132
34
-71
-112
-189
-239
-242
-201
-207
-313
-417
-390
-236
-135
-208
-262
-94
200
279
97
60
262
502
557
411
322
421
466
326
61
-66
0
-86
-297
-427
-424
-427
-505
-539
-495
-448
-486
-477
-350
-270
-259
-163
23
120
153
260
413
548
522
410
446
581
529
324
244
258
207
1
-156
-255
-356
-417
-425
-362
-321
-384
-404
-301
-226
-196
-158
-28
76
122
178
275
296
216
213
305
351
225
89
84
113
69
0
-21
-19
-16
-67
-73
-51
-73
-81
-30
52
79
82
106
171
224
157
93
112
134
131
62
14
-15
-75
-105
-98
-77
-99
-146
-152
-139
-178
-264
-301
-299
-234
-187
-179
-175
-178
-109
-26
-36
-136
-98
59
155
114
8
109
224
162
80
133
256
226
48
-28
76
127
-41
-239
-184
-6
16
-138
-243
-115
53
29
-89
-107
67
246
184
70
84
260
375
261
159
286
469
439
223
106
247
329
142
-142
-208
-112
-103
-237
-372
-412
-383
-352
-381
-422
-427
-386
-277
-154
-74
-65
-38
18
80
136
131
113
140
260
305
282
235
216
237
188
178
142
77
11
-33
-57
-111
-210
-295
-324
-301
-236
-230
-250
-234
-194
-76
19
19
-24
-35
81
220
213
71
-7
125
305
268
115
70
178
302
272
127
105
212
263
180
29
2
83
44
-100
-190
-160
-111
-133
-196
-242
-236
-220
-185
-185
-239
-246
-184
-95
-84
-115
-67
1
49
24
-5
43
128
143
122
146
186
109
-25
-23
41
-21
-158
-156
-52
-13
-115
-149
-79
-25
-10
20
71
106
127
204
292
203
98
113
191
191
70
-22
31
109
58
-37
-121
-67
27
14
-67
-87
-17
59
82
5
-40
15
89
85
-11
-71
-40
21
-19
-172
-244
-173
-149
-258
-317
-241
-168
-211
-239
-136
19
67
3
13
160
314
331
257
235
306
420
406
296
199
180
230
189
51
-75
-81
-37
-121
-244
-290
-321
-348
-391
-386
-353
-325
-278
-237
-176
-115
-58
-4
12
29
106
207
244
180
126
187
286
305
236
194
301
395
296
122
46
127
152
-15
-176
-151
-38
-51
-205
-313
-255
-167
-159
-173
-159
-116
-42
20
30
37
35
69
111
142
133
80
66
38
-2
-65
-86
-86
-135
-154
-168
-208
-261
-274
-254
-258
-273
-261
-177
-91
-68
-68
6
145
244
253
232
274
369
395
324
268
310
395
373
254
180
194
148
27
-77
-96
-44
-39
-130
-203
-169
-78
-53
-137
-191
-157
-50
1
-64
-137
-163
-104
-46
-104
-197
-221
-160
-117
-154
-248
-276
-197
-86
-87
-188
-169
-4
116
57
13
127
297
318
202
185
280
369
327
234
237
334
374
260
97
68
139
126
-32
-166
-135
-28
-39
-167
-248
-223
-171
-190
-278
-315
-231
-142
-132
-181
-195
-131
-56
-58
-106
-92
-18
33
32
28
55
118
158
149
137
169
213
213
181
137
102
88
98
93
32
-11
27
75
76
13
16
58
79
79
49
46
46
49
8
-54
-87
-102
-79
-75
-103
-136
-118
-63
-64
-137
-215
-188
-107
-111
-241
-317
-207
-80
-100
-208
-223
-116
-28
-16
-43
-15
50
107
136
153
166
181
223
263
256
243
253
231
175
122
126
146
136
97
83
102
106
76
15
-52
-74
-35
-22
-88
-162
-180
-168
-189
-245
-260
-227
-180
-160
-151
-131
-119
-102
-78
-48
-14
21
53
62
71
89
147
173
119
80
134
219
207
127
87
137
167
107
12
-54
-65
-57
-70
-105
-131
-162
-165
-132
-120
-136
-142
-104
-43
-2
-7
-31
-23
3
24
58
84
69
67
80
61
14
-13
15
50
54
30
24
44
31
-19
-34
-8
19
50
83
102
111
110
94
89
101
93
86
90
91
85
70
61
46
17
-3
-10
-71
-128
-142
-144
-156
-182
-192
-177
-156
-146
-155
-172
-181
-186
-174
-155
-111
-71
-46
-34
-10
34
78
95
87
92
119
140
134
124
121
142
166
184
190
180
157
140
139
118
88
73
73
57
18
-14
-23
-33
-56
-89
-108
-104
-107
-130
-148
-139
-119
-116
-127
-127
-123
-112
-88
-76
-98
-95
-37
19
30
-9
-21
41
99
90
28
4
53
87
65
13
-12
-5
-14
-41
-37
5
26
4
-7
24
72
89
65
70
132
187
177
121
71
57
69
50
4
-40
-59
