SAMPLES:	10232
BITSPERSAMPLE:	16
CHANNELS:	1
SAMPLERATE:	16000
NORMALIZED:	FALSE
-31
-30
-24
-22
-18
-17
-12
-11
-10
-9
-6
-2
1
5
9
14
18
22
23
25
29
30
33
34
33
36
38
39
40
40
38
39
41
39
35
35
34
30
33
34
27
23
18
13
11
8
4
1
2
-1
-4
-8
-9
-12
-11
-12
-13
-14
-12
-12
-10
-9
-10
-8
-5
-2
-3
-1
-2
3
7
10
10
12
11
12
16
20
20
14
13
15
16
13
13
14
16
15
9
0
-3
-4
-5
-10
-16
-21
-26
-30
-37
-42
-49
-51
-52
-54
-61
-65
-68
-67
-61
-56
-55
-52
-47
-41
-37
-29
-24
-20
-15
-6
0
8
15
21
32
39
48
48
50
53
60
66
68
71
66
67
66
66
63
58
51
50
48
39
32
24
21
16
10
0
-11
-19
-25
-31
-38
-48
-58
-65
-73
-79
-87
-94
-101
-109
-112
-115
-116
-119
-121
-127
-128
-125
-125
-125
-121
-119
-113
-106
-104
-102
-94
-82
-68
-57
-47
-35
-18
7
31
54
78
96
121
152
179
195
213
229
249
273
291
302
313
323
336
345
344
339
337
338
330
317
296
276
259
244
214
182
151
122
94
58
17
-28
-65
-100
-134
-179
-227
-269
-304
-337
-372
-410
-445
-460
-470
-488
-514
-536
-555
-561
-562
-561
-560
-555
-545
-526
-502
-485
-464
-430
-390
-345
-302
-258
-218
-173
-113
-43
23
88
163
237
315
382
446
500
556
614
664
708
743
777
800
827
852
873
881
882
872
859
833
791
747
705
661
612
552
475
389
313
236
145
57
-37
-135
-225
-313
-404
-487
-562
-630
-689
-758
-829
-892
-947
-997
-1039
-1074
-1095
-1112
-1127
-1136
-1135
-1114
-1086
-1061
-1031
-998
-954
-906
-847
-785
-717
-639
-547
-455
-364
-267
-163
-55
60
179
296
424
554
693
830
957
1059
1154
1257
1361
1452
1523
1560
1586
1624
1665
1686
1675
1641
1599
1559
1509
1435
1332
1221
1112
1008
891
747
585
422
273
137
-19
-193
-365
-513
-661
-815
-970
-1115
-1240
-1347
-1438
-1532
-1628
-1713
-1770
-1809
-1831
-1852
-1863
-1851
-1822
-1790
-1761
-1713
-1634
-1527
-1421
-1315
-1209
-1090
-958
-822
-686
-544
-399
-258
-107
58
229
390
553
712
864
1026
1190
1335
1462
1585
1702
1810
1907
1982
2039
2078
2106
2127
2134
2109
2056
1977
1888
1827
1769
1679
1542
1369
1177
1007
854
681
472
257
40
-167
-355
-545
-742
-915
-1056
-1195
-1343
-1494
-1626
-1721
-1775
-1818
-1880
-1973
-2050
-2095
-2114
-2136
-2165
-2178
-2164
-2128
-2080
-2027
-1953
-1843
-1694
-1544
-1406
-1252
-1073
-881
-691
-511
-348
-169
17
204
380
560
737
905
1066
1220
1372
1529
1693
1844
1969
2073
2156
2242
2322
2382
2404
2392
2352
2304
2265
2216
2139
2029
1910
1795
1684
1548
1383
1179
976
794
623
439
231
12
-200
-389
-559
-720
-882
-1022
-1139
-1226
-1318
-1421
-1543
-1652
-1719
-1743
-1766
-1828
-1930
-2044
-2129
-2151
-2125
-2131
-2175
-2209
-2221
-2211
-2153
-2082
-2015
-1895
-1715
-1552
-1417
-1261
-1073
-838
-588
-353
-179
-37
123
312
511
714
928
1128
1317
1488
1660
1818
1985
2149
2293
2379
2465
2545
2608
2635
2637
2615
2565
2516
2442
2343
2195
2063
1941
1835
1691
1511
1289
1053
846
660
468
236
-14
-255
-431
-567
-714
-902
-1057
-1173
-1257
-1327
-1384
-1462
-1547
-1594
-1623
-1687
-1801
-1893
-1926
-1899
-1872
-1914
-2048
-2207
-2302
-2286
-2253
-2261
-2293
-2292
-2254
-2164
-2050
-1948
-1835
-1655
-1439
-1271
-1106
-892
-627
-356
-109
64
206
391
629
873
1064
1217
1383
1602
1818
1984
2108
2212
2361
2559
2742
2845
2903
2970
3038
3048
2977
2869
2740
2635
2545
2441
2301
2127
1913
1673
1448
1231
1030
824
608
358
84
-186
-409
-579
-729
-859
-984
-1119
-1253
-1357
-1440
-1526
-1597
-1653
-1723
-1828
-1942
-2062
-2178
-2249
-2238
-2212
-2267
-2384
-2510
-2621
-2663
-2620
-2574
-2553
-2513
-2440
-2357
-2254
-2124
-1969
-1782
-1558
-1331
-1119
-898
-668
-435
-205
14
221
421
610
814
1032
1242
1457
1685
1914
2117
2312
2487
2644
2826
3040
3221
3340
3405
3397
3333
3246
3187
3135
3047
2917
2776
2644
2493
2309
2046
1757
1490
1285
1079
828
522
201
-92
-309
-502
-727
-932
-1095
-1241
-1399
-1503
-1593
-1688
-1798
-1876
-1968
-2100
-2215
-2311
-2421
-2519
-2553
-2600
-2678
-2762
-2857
-2974
-3046
-3027
-2955
-2873
-2799
-2742
-2678
-2557
-2395
-2205
-2003
-1791
-1578
-1348
-1113
-874
-624
-357
-70
205
436
642
861
1123
1416
1687
1929
2153
2378
2617
2833
3007
3193
3411
3642
3838
3933
3917
3828
3704
3597
3532
3467
3342
3165
2981
2805
2605
2382
2096
1765
1442
1176
895
562
185
-195
-507
-736
-933
-1199
-1439
-1621
-1761
-1891
-1970
-2046
-2147
-2241
-2330
-2434
-2555
-2638
-2702
-2768
-2816
-2834
-2880
-2959
-3036
-3114
-3172
-3149
-3049
-2939
-2837
-2754
-2686
-2590
-2426
-2215
-1990
-1747
-1509
-1269
-1013
-735
-440
-126
177
444
699
947
1183
1408
1664
1935
2204
2456
2661
2816
2975
3162
3358
3558
3733
3882
3994
4065
4048
3926
3746
3602
3509
3423
3284
3087
2857
2614
2357
2072
1749
1394
1065
748
411
31
-374
-781
-1113
-1354
-1563
-1804
-2025
-2194
-2329
-2430
-2486
-2517
-2557
-2607
-2674
-2794
-2900
-2918
-2909
-2941
-2980
-3007
-3033
-3041
-3044
-3082
-3122
-3081
-2950
-2785
-2625
-2504
-2413
-2289
-2098
-1851
-1602
-1335
-1082
-818
-534
-232
42
313
585
849
1107
1341
1534
1705
1910
2163
2431
2649
2830
2973
3101
3256
3423
3557
3686
3840
3955
4003
3968
3837
3637
3467
3365
3263
3126
2939
2685
2379
2067
1763
1452
1142
821
506
173
-200
-587
-984
-1290
-1508
-1695
-1918
-2123
-2286
-2421
-2495
-2518
-2513
-2502
-2479
-2520
-2621
-2750
-2780
-2703
-2592
-2538
-2593
-2736
-2871
-2867
-2774
-2650
-2553
-2482
-2439
-2359
-2210
-2051
-1932
-1772
-1538
-1318
-1107
-877
-677
-481
-182
140
383
584
786
1002
1215
1425
1589
1751
1944
2165
2340
2454
2535
2663
2860
3064
3230
3349
3429
3492
3608
3683
3641
3490
3288
3076
2955
2889
2714
2458
2192
1970
1733
1474
1135
732
341
56
-237
-596
-978
-1361
-1673
-1875
-2028
-2263
-2465
-2601
-2651
-2671
-2644
-2625
-2638
-2652
-2674
-2694
-2697
-2611
-2526
-2468
-2457
-2465
-2502
-2503
-2471
-2384
-2271
-2188
-2105
-2034
-1970
-1833
-1607
-1407
-1225
-1055
-883
-712
-506
-303
-123
89
340
582
763
930
1112
1309
1513
1679
1822
1960
2108
2271
2392
2488
2585
2742
2930
3120
3282
3379
3424
3438
3482
3508
3445
3259
3016
2856
2740
2626
2406
2172
1933
1719
1486
1166
764
369
82
-197
-478
-847
-1271
-1640
-1864
-2038
-2226
-2392
-2506
-2574
-2606
-2588
-2568
-2567
-2557
-2524
-2529
-2548
-2487
-2366
-2310
-2302
-2329
-2371
-2363
-2275
-2190
-2198
-2184
-2121
-2004
-1906
-1828
-1791
-1653
-1409
-1133
-925
-814
-706
-549
-297
-37
189
327
503
707
928
1136
1278
1382
1512
1692
1859
2016
2131
2239
2345
2480
2623
2791
2956
3108
3200
3219
3217
3211
3178
3030
2835
2650
2558
2464
2313
2063
1800
1602
1447
1242
934
572
225
-34
-289
-573
-955
-1329
-1634
-1800
-1917
-2076
-2259
-2355
-2403
-2411
-2394
-2372
-2380
-2344
-2277
-2240
-2286
-2339
-2075
-1913
-1933
-2009
-1972
-2090
-1874
-1732
-1842
-1913
-1718
-1606
-1602
-1493
-1446
-1305
-1064
-813
-738
-617
-512
-389
-236
-59
80
258
420
554
748
950
1091
1205
1331
1515
1688
1861
1985
2081
2163
2273
2426
2583
2745
2869
2976
2971
2984
3005
2971
2822
2616
2472
2409
2408
2281
1995
1667
1469
1326
1145
885
560
193
-97
-307
-585
-926
-1295
-1574
-1747
-1860
-1971
-2119
-2289
-2353
-2331
-2275
-2243
-2215
-2190
-2147
-2101
-2094
-2045
-1959
-1850
-1786
-1756
-1798
-1807
-1770
-1743
-1701
-1654
-1597
-1541
-1452
-1379
-1341
-1299
-1147
-972
-814
-671
-560
-487
-362
-180
-15
144
326
558
773
983
1130
1234
1305
1455
1704
1970
2175
2267
2293
2309
2405
2551
2707
2813
2889
2954
2986
2999
2915
2676
2351
2196
2234
2286
2143
1846
1476
1202
1078
955
671
308
26
-220
-442
-750
-1140
-1574
-1824
-1915
-1974
-2118
-2301
-2428
-2461
-2424
-2362
-2293
-2235
-2129
-2003
-1934
-1958
-1933
-1833
-1675
-1540
-1473
-1516
-1539
-1476
-1383
-1365
-1395
-1381
-1304
-1170
-1079
-1075
-1079
-988
-813
-640
-544
-506
-469
-299
-96
37
130
276
455
682
919
1053
1098
1168
1319
1512
1735
1908
2024
2070
2133
2211
2299
2419
2564
2708
2784
2811
2798
2677
2416
2113
1955
2007
2101
2075
1846
1491
1198
1027
905
689
419
158
-39
-231
-500
-872
-1258
-1557
-1658
-1674
-1746
-1861
-1965
-2032
-2055
-2017
-1972
-1899
-1769
-1562
-1416
-1419
-1465
-1465
-1415
-1369
-1364
-1389
-1398
-1348
-1296
-1350
-1486
-1543
-1436
-1284
-1174
-1164
-1204
-1215
-1106
-995
-957
-923
-783
-533
-317
-171
-91
17
171
428
682
867
977
1051
1149
1259
1439
1612
1749
1847
1920
2020
2158
2273
2353
2428
2504
2561
2613
2569
2328
1980
1771
1811
1918
1921
1753
1446
1170
983
835
557
268
10
-161
-318
-573
-886
-1279
-1555
-1700
-1706
-1800
-1876
-1902
-1906
-1911
-1903
-1853
-1799
-1679
-1476
-1212
-1084
-1098
-1216
-1262
-1203
-1075
-982
-982
-1058
-1129
-1100
-1119
-1145
-1107
-1009
-950
-894
-877
-955
-985
-854
-676
-611
-552
-427
-275
-144
-29
34
120
358
694
933
1048
1045
1057
1160
1253
1340
1439
1580
1730
1929
2050
2056
1994
2063
2219
2363
2539
2558
2231
1698
1344
1415
1613
1678
1484
1267
1119
1078
933
516
-2
-233
-180
-108
-218
-493
-876
-1214
-1282
-1230
-1288
-1418
-1341
-1196
-1108
-1129
-1209
-1347
-1346
-1079
-751
-608
-666
-928
-1241
-1370
-1225
-1001
-1008
-1212
-1417
-1440
-1424
-1504
-1600
-1501
-1258
-1071
-1049
-1271
-1453
-1395
-1070
-877
-837
-769
-551
-262
-793
-1675
-1764
-772
204
1011
1178
970
1254
2157
2391
2357
3119
3586
3175
2737
2830
2845
3004
3317
3609
3575
3825
3611
2225
114
-777
-463
-210
-481
-1238
-2147
-2372
-1713
-1561
-2000
-2162
-1360
-526
-51
-285
-959
-1538
-1333
-518
98
213
50
150
218
171
-138
-442
-635
-403
-36
28
-392
-751
-883
-1155
-1638
-1717
-1112
-528
-466
-981
-1707
-1957
-1181
-353
-179
-297
-121
35
-152
-459
-680
-663
-207
359
203
-384
-545
-232
86
539
935
1172
1493
2004
2038
1596
1272
1538
2341
2856
2782
1964
1477
1509
2179
2357
2200
2056
2640
3155
3126
1524
-1403
-3783
-3659
-1621
-786
-1857
-3751
-4159
-3010
-1357
-1168
-1707
-1239
574
1478
803
-613
-1305
-760
729
1716
1126
37
-273
49
-22
-387
-829
-1045
-779
-230
-412
-1257
-1558
-795
300
520
-370
-1508
-1497
-408
372
-339
-1695
-2223
-1285
-118
-151
-847
-994
-237
349
202
-679
-1193
-598
555
804
173
-252
102
928
1431
1512
1360
1907
2592
2760
2021
1323
1433
2153
2432
1693
768
586
1535
2330
2391
1810
1954
2678
3449
2211
-853
-3964
-4342
-2440
-902
-1714
-3547
-4153
-2643
-790
-529
-1149
-777
1100
2201
1434
-560
-1717
-1193
439
1145
260
-920
-998
-509
-448
-986
-1421
-1306
-648
-151
-508
-1156
-1150
-161
664
410
-515
-885
-317
448
226
-1120
-2156
-1876
-635
-189
-525
-858
-444
163
388
-72
-534
-103
806
1141
597
163
242
827
1237
1374
1363
1618
2030
2172
1667
1027
887
1239
1806
1916
1601
1149
1422
2015
2505
2379
2499
2942
3668
3541
1349
-2284
-5030
-4471
-2645
-1712
-3038
-3991
-3605
-1491
-646
-994
-1179
755
2774
2622
712
-1238
-1578
-854
96
-256
-1031
-1243
-750
-844
-1308
-1675
-1547
-1238
-446
12
-133
-663
-494
236
1115
1618
790
-742
-1761
-1324
-809
-1069
-2309
-3044
-2576
-1137
-401
-512
-469
486
1382
1299
414
-321
30
1086
1465
633
-165
-24
785
1277
1234
1038
1371
2139
2324
1511
652
890
2084
2754
2440
1468
1288
2157
3418
3416
2947
2558
3171
3135
1166
-2715
-5621
-5378
-3362
-2188
-3139
-3595
-2498
-4
896
526
92
1584
3022
2876
910
-1119
-2059
-1845
-1382
-1502
-1727
-1485
-908
-786
-1049
-1367
-1508
-1232
-407
254
321
-34
-84
165
755
1181
1456
441
-1316
-2829
-3049
-2592
-2054
-2264
-2755
-2533
-1292
-152
40
331
1145
2152
2159
1286
20
-339
323
837
422
-220
19
627
924
770
694
1225
2168
2699
2058
1200
1051
1914
2713
2969
2515
2222
2392
2836
3004
2886
2958
3388
2593
-436
-4491
-6339
-5560
-3449
-2491
-2224
-1683
-127
816
803
755
1783
3001
2762
1325
-604
-2006
-2954
-3096
-3051
-2541
-1603
-630
-333
-475
-627
-814
-857
-410
301
726
688
518
275
151
271
749
920
908
-270
-2319
-4315
-4664
-3558
-1991
-1468
-1667
-1646
-915
-63
410
1010
1813
2589
2261
1126
-376
-1147
-1117
-681
-419
-233
3
178
241
374
746
1501
2256
2613
2656
2497
2435
2134
1974
1723
1952
2070
2379
2211
2336
2555
3417
3423
1271
-2524
-5501
-5987
-4638
-2927
-1917
-662
513
1315
988
946
1507
2480
2506
1507
-49
-1598
-2824
-3577
-3632
-2936
-1415
170
1115
1277
925
286
-320
-494
-238
254
535
596
305
78
-148
-72
63
176
173
-906
-2941
-4817
-4970
-3469
-1330
-466
-810
-1172
-595
373
955
1302
1559
1923
1668
610
-975
-2044
-2033
-1221
-388
144
354
382
439
846
1391
1923
2175
2231
2213
2120
2050
1609
1253
1055
1522
2074
2571
2763
3059
3659
3661
1707
-1872
-4995
-6181
-4916
-2994
-1161
13
1077
1470
1576
1669
2189
2792
2594
1661
147
-1399
-2888
-3709
-3858
-2929
-1287
528
1607
1993
1698
880
-141
-897
-1011
-650
-257
-58
-40
-162
-392
-558
-601
-452
-309
-311
-1359
-3254
-4765
-4732
-3217
-1439
-756
-1039
-1122
-489
304
683
860
1065
1399
1023
-51
-1506
-2462
-2536
-1798
-900
-148
480
901
1264
1578
1926
2105
2335
2292
2224
1903
1457
1032
826
1101
1739
2406
2829
3417
3908
4932
4935
2836
-1340
-5365
-7363
-6119
-3302
-505
1232
2044
2163
2034
2065
2152
2537
2365
1842
593
-1002
-2756
-3726
-3732
-2629
-669
1306
2693
3051
2465
943
-638
-1804
-2041
-1653
-989
-321
76
76
-328
-684
-888
-643
-337
-173
-487
-1689
-3376
-4571
-4535
-3203
-1466
-536
-421
-463
-267
143
514
771
1057
1085
442
-884
-2190
-2924
-2675
-1884
-826
179
854
1193
1298
1509
1581
1714
1596
1486
1172
946
927
988
1154
1606
2224
2823
3703
4365
5262
5197
3187
-884
-5285
-7957
-7198
-4105
-609
1856
2804
2876
2665
2850
2736
2666
2153
1695
752
-579
-2267
-3570
-3808
-2825
-713
1470
3095
3566
2925
1320
-527
-1989
-2718
-2465
-1661
-545
130
321
27
-301
-547
-581
-527
-527
-601
-1159
-2238
-3712
-4489
-4080
-2608
-1200
-574
-589
-447
-83
629
950
894
542
211
-406
-1256
-2277
-2886
-2663
-1753
-634
194
678
1056
1475
1790
1771
1564
1095
1084
1160
1300
1226
1198
1299
1866
2541
3184
4042
4728
5794
5014
2036
-3190
-7436
-8816
-6060
-2284
1061
2579
3406
3646
3774
3265
2526
2154
1811
1617
461
-975
-2793
-3534
-3506
-1920
266
2563
3812
3805
2395
356
-1535
-2734
-2971
-2489
-1367
-163
723
967
673
113
-367
-544
-517
-502
-615
-958
-1986
-3595
-4910
-4973
-3631
-1795
-844
-838
-725
-147
589
971
590
-61
-381
-704
-1308
-2190
-2934
-3025
-2273
-1214
-139
612
1133
1467
1741
1835
1573
1305
1078
1129
1376
1771
1910
1980
2120
2643
3604
4519
5520
5644
3718
-65
-4773
-8028
-7846
-4729
-890
2157
3518
4013
4120
4008
3290
2706
1998
1675
1096
68
-1447
-2775
-3355
-2782
-911
1370
3166
3769
3084
1429
-419
-2107
-3116
-3237
-2457
-1070
400
1271
1468
1066
350
-422
-953
-1248
-1231
-1326
-1592
-2205
-3502
-4872
-5427
-4610
-2660
-805
-191
-2
290
732
742
167
-756
-1094
-1183
-1486
-2199
-2947
-3145
-2538
-1388
-237
705
1313
1822
2138
2079
1623
1065
886
1227
1716
1951
2043
2068
2537
3152
3966
4567
5442
5468
3570
-273
-4962
-7963
-7467
-4320
-610
2286
3671
4389
4521
4293
3358
2636
1796
1387
727
-299
-1722
-2882
-3236
-2498
-726
1294
2890
3433
2823
1295
-536
-2194
-3131
-3224
-2525
-1199
418
1686
2035
1484
456
-529
-1189
-1549
-1610
-1735
-1907
-2634
-3848
-4733
-4659
-3280
-1234
-53
105
95
299
521
396
-395
-1133
-1292
-1302
-1510
-2211
-2797
-2889
-2027
-830
307
951
1310
1426
1614
1703
1513
1237
1053
1265
1623
1815
1619
1401
1538
2294
3413
4236
4946
5243
3895
821
-3572
-7043
-7396
-4871
-1301
1644
3165
3798
4160
4076
3397
2495
1599
1116
668
-156
-1360
-2524
-2944
-2385
-801
1034
2634
3378
3068
1712
-97
-1878
-3038
-3254
-2606
-1273
250
1470
1923
1513
493
-547
-1246
-1524
-1605
-1719
-1876
-2125
-2772
-3441
-3818
-3328
-2042
-600
44
202
58
-49
-198
-476
-855
-851
-806
-965
-1448
-2029
-2267
-1885
-1043
-191
459
928
1310
1535
1712
1572
1337
1099
1046
1202
1385
1335
1165
1155
1630
2626
3916
5082
6101
5524
2918
-1386
-5818
-7970
-6759
-3659
-177
2255
3461
4111
4294
3906
3045
2227
1411
987
199
-705
-1966
-2727
-2795
-1702
77
1913
3094
3158
2175
548
-1160
-2503
-3171
-2992
-1984
-405
1072
1866
1748
929
-42
-895
-1445
-1811
-1915
-1959
-1893
-2311
-3054
-3572
-3093
-1616
17
456
-151
-893
-1033
-717
-458
-561
-748
-650
-585
-873
-1522
-2054
-2148
-1546
-685
-39
340
441
568
920
1265
1412
1470
1516
1564
1601
1313
951
786
1154
2014
3178
4172
5106
5452
3971
670
-3839
-7213
-7422
-4874
-1501
1357
2814
3719
4305
4433
3607
2589
1499
975
550
-193
-1235
-2205
-2502
-1916
-390
1231
2509
2808
2233
934
-579
-1982
-2833
-2911
-2201
-877
535
1495
1647
1010
68
-742
-1211
-1447
-1527
-1557
-1586
-1924
-2366
-2546
-2229
-1362
-788
-933
-1238
-1087
-321
430
426
-170
-505
-494
-376
-563
-1258
-1825
-1919
-1659
-1294
-930
-613
-157
487
1133
1741
1982
1799
1496
1259
1084
971
749
633
850
1468
2232
3098
3777
4643
4547
2856
-694
-4924
-7249
-6357
-3368
-99
2107
3109
3927
4377
4075
3008
1812
866
551
2
-706
-1551
-2008
-2022
-1279
-111
1226
2202
2301
1560
326
-951
-1947
-2400
-2325
-1554
-420
691
1306
1235
655
-90
-755
-1164
-1380
-1368
-1327
-1527
-1884
-1973
-1577
-742
-185
-451
-1159
-1707
-1499
-845
-221
-63
-161
-266
-289
-430
-866
-1379
-1736
-1647
-1299
-1035
-962
-935
-601
30
853
1597
2009
2005
1680
1183
731
327
125
117
542
1210
2256
3364
4532
5548
5016
2575
-1702
-5912
-7535
-5878
-2710
409
2171
3141
3896
4353
3818
2870
1801
1317
1123
527
-477
-1661
-2353
-2382
-1413
7
1500
2342
2314
1420
152
-1058
-1929
-2254
-1994
-1152
28
1008
1439
1257
714
76
-398
-777
-976
-1059
-1095
-1430
-1878
-2044
-1678
-958
-778
-1184
-1539
-1142
-85
561
134
-725
-1113
-857
-473
-614
-1336
-1920
-2114
-1914
-1604
-1255
-1002
-552
96
830
1463
1661
1501
1167
979
809
706
475
352
413
842
1385
2194
3215
4522
5676
4944
2006
-2695
-6667
-7605
-5473
-2257
588
2123
3082
3866
4112
3481
2544
1612
1163
837
149
-885
-1995
-2682
-2610
-1555
20
1548
2366
2221
1380
327
-709
-1486
-1862
-1688
-958
88
1031
1594
1502
915
140
-509
-869
-948
-978
-1109
-1502
-1791
-1683
-1188
-609
-510
-875
-1293
-1459
-1359
-1107
-932
-749
-486
-416
-487
-759
-1119
-1424
-1525
-1566
-1428
-1208
-959
-670
-346
105
658
1300
1918
2225
2137
1680
990
351
-55
-111
300
1216
2236
3497
4537
5598
5180
2670
-2046
-6420
-7803
-5409
-1737
997
1834
2323
3165
3998
3683
2723
1835
1542
1469
583
-713
-2182
-2868
-2832
-1712
-184
1407
2339
2378
1631
515
-647
-1499
-1916
-1777
-1067
27
1112
1710
1542
771
-160
-792
-962
-861
-781
-939
-1400
-1899
-1960
-1538
-869
-618
-1096
-1640
-1589
-886
-180
-300
-964
-1202
-803
-279
-288
-946
-1602
-1702
-1478
-1332
-1419
-1439
-1108
-350
455
1168
1755
2116
2165
1826
1137
476
13
-2
187
633
1278
2158
3200
4290
5160
4607
2084
-2277
-6252
-7247
-4790
-1266
1296
2055
2528
3313
4013
3443
2400
1452
1283
1178
402
-872
-2136
-2737
-2621
-1469
112
1772
2614
2447
1501
303
-810
-1561
-1864
-1524
-562
705
1689
1886
1204
124
-782
-1109
-951
-684
-602
-827
-1373
-1803
-1789
-1300
-634
-333
-600
-1086
-1428
-1613
-1690
-1631
-1295
-749
-373
-348
-579
-897
-1153
-1395
-1634
-1703
-1599
-1410
-1128
-707
-11
941
1847
2420
2349
1750
935
253
-189
-333
-128
343
1198
2130
3349
4452
5371
4920
2390
-2115
-6065
-6936
-4137
-445
1717
1805
1767
2507
3430
3234
2247
1553
1573
1731
844
-753
-2430
-3124
-2724
-1274
488
2003
2620
2218
1091
-142
-1135
-1561
-1447
-824
96
1022
1482
1284
497
-397
-857
-699
-271
-48
-275
-838
-1558
-2022
-1845
-1177
-334
-13
-302
-835
-1258
-1603
-1828
-1819
-1390
-557
28
19
-485
-1069
-1368
-1415
-1437
-1482
-1394
-1113
-663
-197
255
807
1402
1872
1869
1384
677
125
-90
-55
-28
267
845
1929
3309
4588
5332
4399
1295
-3048
-6094
-5893
-2965
-4
1357
1371
1638
2326
2800
2285
1768
1607
1865
1555
247
-1365
-2541
-2705
-2010
-570
943
2041
2176
1516
413
-577
-1206
-1290
-911
-233
511
1020
1106
726
67
-468
-576
-236
149
129
-360
-1140
-1857
-2030
-1528
-680
18
-13
-573
-1213
-1645
-2022
-2136
-1897
-1142
-195
222
-58
-634
-1081
-1219
-1124
-1133
-1071
-912
-711
-514
-349
-20
608
1478
2044
2050
1532
732
190
-100
-100
170
763
1535
2609
3630
4600
5063
3749
366
-3787
-6032
-4810
-1607
651
965
493
914
1947
2525
2061
1743
1885
2205
1479
-196
-1870
-2625
-2263
-1289
14
1105
1733
1549
808
-177
-879
-1127
-807
-173
448
814
891
726
394
-6
-267
-220
126
346
131
-540
-1504
-2222
-2140
-1261
-134
368
-38
-885
-1736
-2142
-2154
-1770
-1070
-332
-51
-184
-641
-1126
-1361
-1387
-1244
-977
-778
-762
-883
-963
-678
6
855
1646
1969
1675
987
262
-155
-113
225
684
1328
1907
2651
3473
4389
4415
2422
-1372
-4858
-5536
-3260
-482
627
241
232
1273
2378
2414
1797
1659
2077
2174
896
-950
-2212
-2235
-1487
-531
409
1204
1601
1310
457
-457
-839
-651
-114
333
570
584
550
442
238
5
-35
237
555
423
-196
-1265
-2230
-2402
-1586
-308
526
304
-617
-1652
-2100
-1873
-1273
-607
-169
-148
-407
-750
-1140
-1418
-1419
-1137
-646
-372
-543
-1039
-1365
-1132
-376
564
1355
1931
1920
1421
609
43
-25
342
724
1014
1395
2104
2971
3767
4161
3111
278
-3334
-5245
-4141
-1337
431
398
-176
292
1459
2172
1944
1783
2084
2311
1465
-332
-1890
-2190
-1464
-598
181
846
1318
1195
486
-381
-728
-467
101
538
580
400
176
55
20
101
255
494
666
466
-193
-1222
-2246
-2529
-1741
-362
632
535
-396
-1603
-2290
-2205
-1452
-541
48
-91
-600
-995
-1188
-1242
-1136
-921
-563
-340
-543
-1158
-1669
-1505
-647
386
1168
1639
1682
1382
876
428
355
658
1018
1177
1285
1569
2180
3101
3989
3385
573
-3264
-5204
-3882
-865
655
6
-919
-148
1511
2398
1965
1692
2143
2696
1920
-124
-1845
-1978
-969
-191
106
361
821
998
478
-445
-867
-358
558
944
543
-24
-218
3
293
372
408
601
848
564
-301
-1566
-2466
-2406
-1396
-257
225
-191
-1141
-1879
-1797
-1118
-315
141
21
-336
-596
-866
-1326
-1533
-1378
-845
-517
-557
-987
-1337
-1227
-721
-63
574
1172
1495
1531
1300
1001
741
723
715
850
1037
1209
1512
2104
3105
4001
2840
-678
-4419
-5117
-2617
250
534
-1056
-1637
-100
1849
2331
1880
1891
2515
2602
1179
-985
-2195
-1624
-435
127
153
259
577
583
15
-679
-692
81
858
826
173
-349
-219
268
613
613
612
810
827
242
-909
-2077
-2434
-1801
-776
-266
-544
-1022
-1417
-1377
-1009
-411
178
468
148
-346
-606
-757
-1009
-1179
-1134
-912
-728
-844
-1154
-1279
-911
-292
310
711
898
1043
1260
1389
1378
1234
981
786
648
768
1155
1885
2603
3385
3157
871
-2761
-4880
-3749
-926
511
-565
-2079
-1500
601
2123
2285
2244
2519
2606
1759
-61
-1532
-1589
-600
30
126
104
172
66
-227
-580
-576
-132
373
358
30
-117
117
566
840
795
666
746
778
397
-492
-1502
-1995
-1556
-856
-702
-1334
-2123
-2000
-748
547
855
178
-447
-307
380
514
-117
-708
-856
-866
-1208
-1638
-1774
-1177
-404
-196
-451
-281
302
865
921
735
989
1798
2373
1910
771
145
515
1339
1997
2239
2846
2501
149
-3320
-4600
-2668
62
275
-1866
-3199
-1686
846
1970
1741
1911
2713
2964
1722
-359
-1315
-704
202
2
-652
-831
-319
121
-30
-480
-528
-107
121
-252
-691
-488
519
1495
1609
940
421
453
647
396
-535
-1464
-1524
-806
-386
-888
-1818
-2417
-1988
-666
489
839
460
-148
-297
253
651
430
-37
-484
-801
-1053
-1281
-1526
-1251
-698
-455
-468
-288
42
340
617
859
1213
1763
2076
1812
1412
1139
891
1033
1382
2059
2679
1765
-1306
-4123
-3598
-663
1119
-396
-3304
-3919
-1376
1273
1615
1063
1415
2305
2492
1366
-39
-204
663
776
-312
-1232
-1141
-414
199
139
-350
-604
-495
-608
-900
-914
-341
643
1375
1324
814
625
860
1001
469
-615
-1379
-1195
-664
-728
-1366
-1794
-1497
-818
-431
-323
-13
601
1085
985
357
-135
-73
134
20
-287
-501
-584
-603
-660
-753
-534
32
401
285
-23
71
568
1309
1698
1678
1578
1655
1784
1730
1626
1621
2114
1677
-776
-3831
-4085
-1284
1197
387
-2725
-4304
-2391
469
1108
17
-341
642
1643
1468
414
207
1109
1474
380
-902
-1129
-567
87
161
-379
-912
-982
-866
-891
-889
-651
-116
446
600
448
583
1068
1416
974
-203
-1252
-1129
-186
15
-1015
-2053
-1797
-667
-81
-714
-1347
-671
897
1599
910
-3
31
632
675
-66
-730
-502
157
339
-88
-214
393
1009
873
31
-353
297
1309
1658
1266
1082
1575
2239
2460
2113
2288
2805
1683
-1637
-4161
-3092
-120
901
-1517
-4376
-3822
-373
1770
551
-1529
-1804
-269
1051
652
-314
50
1395
1472
121
-844
-484
579
1007
178
-1152
-1631
-1114
-538
-460
-683
-761
-347
78
110
36
290
833
1055
662
-260
-751
-334
434
161
-1203
-2114
-1639
-418
158
-405
-1157
-716
638
1175
576
66
417
1062
1166
421
-432
-380
183
273
-5
176
868
1382
1168
506
231
760
1142
994
571
773
1417
2092
2319
2327
2577
1791
-478
-2475
-1800
276
566
-2033
-5011
-4793
-1410
1363
909
-1160
-1919
-834
542
503
-530
-676
407
886
5
-840
-375
947
1724
963
-622
-1457
-987
-227
-241
-955
-1448
-1129
-378
92
182
186
262
264
-16
-491
-682
-176
463
547
-279
-1343
-1671
-934
-53
-36
-800
-1235
-464
862
1310
725
142
297
833
1139
858
589
871
1083
615
-25
81
854
1636
1674
1209
1041
1394
1548
1127
721
735
1420
2158
2621
1998
201
-1614
-1527
366
1449
-40
-2972
-4292
-2579
-211
-173
-2139
-3154
-1937
298
1233
78
-1161
-842
247
221
-576
-965
-255
939
1285
338
-689
-600
136
445
-163
-1119
-1411
-864
-330
-301
-389
-425
-238
-130
-385
-810
-572
27
-55
-637
-1017
-642
17
200
-512
-1183
-810
-32
174
-215
-367
100
890
1125
588
172
485
1166
1507
1397
1250
1490
1790
1541
884
687
1205
1976
2232
1843
1345
1332
1817
2065
2269
1639
-80
-1729
-1164
889
1533
-388
-3150
-3480
-791
1498
357
-2617
-3763
-2388
-299
70
-1358
-2254
-1187
203
16
-870
-985
-176
545
301
-467
-575
131
586
125
-719
-982
-259
412
151
-644
-1054
-909
-649
-690
-1180
-1530
-1288
-759
-523
-538
-496
-354
-211
-187
-359
-389
-91
308
314
-24
-211
-21
236
293
281
379
734
1071
1136
1032
1211
1748
2155
2162
2110
2220
2377
2172
1801
1648
1866
2205
2090
2032
1658
351
-1059
-756
955
1314
-509
-2825
-2834
-254
1500
-30
-2845
-3144
-892
1240
861
-1594
-2992
-1937
-305
-585
-1783
-1965
-814
189
-56
-800
-845
35
602
40
-1079
-1229
-21
947
477
-545
-923
-478
39
-141
-1121
-1866
-1555
-960
-1042
-1814
-2159
-1480
-251
307
-239
-954
-712
386
917
414
-314
-237
453
892
597
112
356
1058
1385
991
766
1236
2030
2169
1820
1731
2268
3021
3220
2871
2453
2621
2871
3018
2065
-50
-1499
-462
1513
1280
-1153
-3182
-2295
696
1739
-745
-3540
-3061
-493
1063
81
-1994
-2308
-690
422
-544
-1835
-1727
-668
-331
-1157
-1845
-1340
-284
24
-770
-1521
-922
536
956
-130
-1066
-756
216
603
-177
-1405
-1703
-828
-338
-977
-1906
-2057
-1489
-1021
-1150
-1516
-1195
-340
120
-95
-288
55
644
771
322
-25
351
992
1259
1094
1087
1436
1746
1654
1431
1655
2154
2490
2378
2275
2498
2979
3262
3238
3045
1947
614
414
1691
2065
365
-1912
-2317
-293
1328
27
-2750
-3261
-1028
1009
592
-1668
-2881
-1658
270
343
-1132
-1838
-1044
-2
-33
-808
-1170
-750
-380
-855
-1742
-1888
-997
-213
-429
-983
-853
-210
88
-346
-1169
-1545
-1004
-366
-638
-1353
-1463
-1002
-730
-1019
-1580
-1646
-929
-316
-498
-929
-884
-460
-102
-22
-6
397
967
1163
940
1051
1569
2128
2093
1829
1881
2391
2728
2438
2145
2223
2851
3079
3036
2284
971
196
1104
2567
2003
-182
-1690
-572
1824
2129
-537
-3083
-2391
41
1057
-519
-2615
-2602
-548
766
-322
-2018
-2055
-705
201
-179
-952
-1028
-448
-79
-582
-1261
-1109
-315
-181
-865
-1300
-1092
-771
-877
-1453
-1913
-1537
-740
-648
-1231
-1578
-1396
-948
-690
-866
-1066
-705
-181
-259
-665
-760
-421
-71
-88
-451
-537
-115
363
603
826
1146
1523
1787
1873
1898
2136
2479
2756
2855
2878
2985
3266
3647
2985
1116
-88
962
2484
1655
-930
-2262
-423
2231
1862
-1418
-3346
-1393
1552
1830
-798
-2924
-1857
810
1369
-1007
-3031
-2224
45
871
-308
-1508
-1274
-109
355
-635
-1720
-1375
-174
22
-749
-1217
-955
-479
-442
-1118
-1802
-1519
-926
-1144
-1819
-2033
-1532
-825
-648
-1231
-1614
-1149
-473
-304
-472
-459
-147
169
104
-140
-71
336
575
565
526
923
1430
1801
1623
1444
1671
2411
2870
2586
2286
2503
3362
3180
1632
450
1493
3107
2314
-196
-1459
274
2502
1547
-2000
-3743
-1432
1359
1034
-1894
-3600
-1819
1053
1387
-1115
-2747
-1417
949
1388
-194
-1296
-814
332
469
-675
-1656
-1121
88
68
-948
-1555
-1170
-563
-529
-1347
-1974
-1561
-853
-939
-1515
-1684
-1222
-523
-431
-1025
-1355
-920
-403
-365
-651
-804
-578
-227
-267
-446
-212
451
1000
1113
1053
1049
1432
1813
1965
1819
1845
2123
2370
2425
2338
2731
2915
1827
408
651
2231
2294
345
-1323
-360
2059
2349
-428
-2771
-1500
1309
1654
-993
-3322
-2418
268
999
-1251
-3296
-2327
200
1078
-387
-1689
-1028
667
1307
162
-1222
-1034
462
1054
42
-1122
-1290
-743
-497
-1003
-1834
-2010
-1635
-1497
-1671
-1577
-1134
-805
-993
-1269
-924
-301
-221
-670
-721
-139
454
270
-518
-796
-27
926
961
371
101
803
1697
2007
1531
1255
1755
2584
3059
2812
2564
2793
2697
1720
1015
1731
2114
830
-915
-782
1092
2016
166
-2472
-2277
357
1584
-327
-2882
-2780
-269
1341
-127
-2724
-2834
-494
1117
98
-1623
-1671
-250
739
137
-1207
-1524
-319
656
91
-929
-1051
-469
-239
-719
-1411
-1677
-1387
-1142
-1243
-1383
-1371
-1286
-1235
-1084
-925
-834
-716
-562
-265
49
287
217
146
310
548
655
733
1040
1375
1636
1645
1673
1806
2101
2288
2273
2433
2720
3070
2620
1410
795
1651
2521
1495
-183
-448
1088
2200
817
-1633
-2041
92
1332
-181
-2678
-3095
-1074
553
-417
-2707
-3099
-1167
433
-236
-1813
-1923
-517
608
228
-1089
-1578
-556
540
137
-914
-1189
-665
-289
-666
-1564
-2005
-1593
-1237
-1450
-1731
-1629
-1436
-1315
-1194
-877
-552
-658
-896
-613
173
628
421
-95
-103
651
1334
1126
576
852
1842
2580
2411
2012
2135
2692
3092
2959
2798
2860
2507
1699
1470
2237
2174
809
-206
551
2010
1765
-453
-2101
-967
1068
837
-1455
-2931
-1759
314
513
-1609
-3148
-1952
293
564
-1198
-2352
-1554
-48
323
-774
-1946
-1597
-173
280
-775
-1611
-1245
-478
-397
-1149
-1969
-2051
-1575
-1435
-1681
-1872
-1801
-1586
-1297
-1116
-1223
-1359
-1252
-768
-222
-39
-216
-307
56
643
974
887
760
1212
1984
2509
2473
2394
2609
3029
3311
3270
3165
2879
2165
1822
2518
3155
2076
308
50
1623
2693
1201
-1419
-1865
313
1690
96
-2421
-2750
-574
1085
-2
-2413
-2767
-633
956
5
-1890
-2069
-555
609
98
-1299
-1812
-705
427
28
-1181
-1502
-920
-590
-1060
-2075
-2541
-2082
-1578
-1919
-2426
-2240
-1645
-1307
-1616
-1904
-1496
-756
-674
-1072
-1116
-589
-30
-1
-283
-151
569
1136
1171
1042
1550
2312
2657
2365
2285
2842
3505
3805
2958
1836
1951
3367
3679
1936
427
971
2804
3049
766
-1480
-858
1398
1655
-535
-2455
-1793
295
796
-1066
-2888
-2116
-16
548
-895
-2071
-1303
231
725
-294
-1436
-1124
299
917
-122
-1195
-1134
-506
-358
-1024
-1957
-2280
-1858
-1748
-2086
-2288
-2184
-2096
-2005
-1824
-1600
-1442
-1668
-1912
-1508
-800
-587
-1017
-1151
-462
552
786
256
209
1155
2313
2450
1787
1590
2512
3482
3486
2428
1357
1793
3450
3851
1942
328
1196
3234
3394
922
-1253
-312
2245
2372
-299
-2292
-1290
1036
1422
-858
-2865
-1890
585
1123
-765
-2227
-1341
530
1035
-308
-1709
-1286
455
1122
-176
-1428
-1141
-162
-19
-902
-1833
-1979
-1438
-1201
-1509
-1864
-1814
-1634
-1533
-1443
-1435
-1548
-1674
-1489
-1081
-740
-823
-1117
-970
-337
263
298
118
412
1196
1874
1881
1561
1629
2277
2790
2125
1205
1466
2618
2652
1336
556
1450
2703
2102
24
-814
590
1916
1000
-993
-1524
-30
1326
544
-1425
-1945
-339
988
264
-1312
-1451
-87
917
377
-1002
-1383
-286
811
337
-887
-1159
-364
278
-98
-1075
-1649
-1428
-914
-929
-1464
-1918
-1750
-1274
-1025
-1159
-1592
-1713
-1167
-411
-360
-812
-854
-235
460
440
46
43
836
1548
1566
1076
1088
1791
2466
2281
1112
294
1045
2359
1869
-32
-580
1032
2579
1740
-668
-1496
395
2071
921
-1507
-2046
-291
1215
424
-1643
-2113
-357
1117
400
-1101
-1127
242
1115
508
-710
-998
17
987
561
-529
-639
68
333
-166
-925
-1391
-1206
-716
-774
-1350
-1691
-1507
-1084
-802
-1003
-1499
-1512
-808
-67
-10
-430
-585
-16
743
876
501
405
961
1762
2077
1849
1586
1986
2394
1886
1072
1239
1870
1486
449
270
1140
1597
425
-1220
-1256
227
752
-731
-2284
-2006
-412
188
-1086
-2592
-2139
-262
542
-469
-1407
-692
745
1214
382
-653
-662
331
915
264
-587
-524
118
451
96
-722
-1213
-810
-216
-369
-1060
-1396
-1050
-452
-396
-1027
-1469
-1005
-172
99
-349
-660
-287
359
586
370
320
720
1396
1696
1705
1743
2234
2412
1803
1254
1769
2408
1696
490
439
1624
2156
723
-1235
-1208
641
1213
-582
-2437
-2135
-309
394
-1084
-2951
-2611
-620
287
-939
-2253
-1648
11
714
-150
-1321
-1382
-179
656
-23
-1095
-1100
-251
283
-14
-954
-1395
-804
-11
-77
-723
-1028
-618
79
95
-592
-994
-466
432
710
302
-57
382
1206
1435
917
568
996
1892
2289
1989
1627
1541
1651
1885
2012
1439
665
676
1508
2028
1233
-315
-798
484
1398
268
-1514
-1795
-425
563
-275
-2144
-2609
-1112
182
-496
-2046
-2241
-901
147
-298
-1552
-2007
-1062
83
-143
-1379
-1899
-1094
-117
-291
-1402
-2074
-1373
-284
-239
-1166
-1633
-860
176
219
-638
-1002
-153
826
846
203
121
926
1743
1694
1099
1097
1895
2580
2533
2162
2232
2267
1977
1701
1826
1610
955
657
1123
1725
1258
-173
-864
142
1094
247
-1392
-1818
-670
315
-404
-2104
-2520
-1137
3
-680
-2043
-2035
-648
333
-301
-1629
-2017
-927
106
-382
-1640
-1800
-820
-167
-677
-1717
-2041
-1321
-539
-730
-1432
-1574
-903
-185
-128
-571
-715
-113
647
832
535
551
1113
1771
1897
1616
1617
2224
2778
2788
2358
1806
1738
2303
2573
1726
646
725
1789
2312
1078
-641
-634
902
1425
-67
-1696
-1610
-140
566
-669
-2338
-2209
-647
78
-1005
-2243
-2005
-679
-95
-905
-2019
-1965
-843
-261
-1054
-2133
-2006
-1071
-647
-1237
-2050
-1924
-1018
-583
-1185
-1680
-1142
-232
121
-264
-510
-31
836
1064
719
775
1489
2200
2054
1604
1632
2430
2901
2691
2141
1693
1808
2263
2329
1380
545
765
1672
1963
795
-710
-737
727
1291
-86
-1593
-1419
23
622
-518
-2032
-1887
-427
219
-834
-2041
-1715
-409
21
-915
-1934
-1780
-777
-418
-1325
-2272
-2035
-1207
-1075
-1780
-2426
-2218
-1427
-1046
-1472
-1864
-1410
-616
-272
-514
-596
-100
646
1025
1013
1108
1534
2137
2360
2251
2364
2892
3195
3079
2498
2016
2229
2764
2410
1212
739
1372
2100
1597
-21
-900
-34
1107
472
-1152
-1867
-994
115
-201
-1627
-2289
-1246
-66
-328
-1517
-1761
-713
88
-320
-1330
-1704
-1057
-359
-743
-1885
-2091
-1372
-944
-1425
-2140
-2294
-1721
-1130
-1471
-2149
-1998
-1088
-534
-683
-887
-540
271
850
895
839
1285
1983
2352
2221
2203
2590
3079
2905
2164
1932
2511
2922
2102
1019
945
1899
2257
969
-578
-450
957
1261
-153
-1498
-1218
195
620
-597
-1925
-1459
47
416
-761
-1698
-1080
16
175
-828
-1652
-1325
-453
-415
-1425
-2012
-1597
-1040
-1265
-2052
-2462
-2035
-1410
-1531
-2126
-2133
-1433
-772
-779
-1007
-773
-5
648
824
839
1078
1735
2197
2333
2258
2480
2384
2143
2266
2595
2307
1558
1237
1583
2096
1716
436
-247
483
1276
724
-538
-1069
-418
417
103
-1127
-1696
-907
-18
-303
-1172
-1296
-574
-42
-259
-915
-1235
-818
-389
-698
-1354
-1443
-1189
-1069
-1256
-1589
-1756
-1600
-1339
-1374
-1499
-1423
-1117
-764
-553
-405
-266
-2
380
813
1063
1179
1412
1807
2145
2339
2038
1466
1504
2194
2259
1339
636
1005
1909
1917
615
-491
81
1280
1177
-178
-1078
-557
576
671
-555
-1498
-919
234
322
-614
-1138
-649
54
75
-636
-1298
-1191
-653
-670
-1257
-1594
-1446
-1237
-1268
-1567
-1832
-1685
-1361
-1307
-1452
-1359
-987
-614
-409
-293
-28
423
875
1068
1254
1552
1970
2276
2413
2222
1679
1588
2026
2246
1538
707
707
1482
1872
862
-584
-700
474
1017
-27
-1367
-1477
-358
358
-432
-1711
-1774
-545
277
-149
-964
-1043
-251
434
237
-647
-1033
-605
-67
-224
-903
-1371
-1262
-809
-721
-1258
-1807
-1678
-1091
-816
-1000
-1192
-998
-359
197
331
302
597
1112
1615
1826
1880
2008
2298
2234
1694
1536
1812
1926
1318
637
584
1214
1516
597
-603
-660
236
532
-385
-1433
-1498
-579
-102
-793
-1826
-1812
-804
-197
-622
-1323
-1256
-524
-44
-330
-1032
-1158
-584
-162
-484
-999
-1064
-773
-522
-695
-1119
-1232
-933
-715
-743
-701
-440
-132
160
369
707
1133
1457
1592
1798
2253
2659
2831
2260
1677
1960
2660
2409
1204
512
986
1928
1771
224
-968
-464
680
498
-965
-2062
-1612
-451
-396
-1674
-2657
-2087
-894
-626
-1522
-2099
-1542
-609
-376
-1004
-1644
-1372
-598
-536
-1068
-1268
-982
-711
-726
-1003
-1214
-944
-613
-606
-638
-303
109
355
511
816
1265
1611
1725
1795
2196
2679
2857
2188
1537
1805
2553
2418
1343
594
985
1996
2014
602
-594
-160
902
905
-319
-1337
-1170
-262
-65
-1042
-1918
-1731
-878
-672
-1175
-1683
-1522
-955
-756
-1219
-1783
-1688
-1263
-1213
-1612
-1834
-1675
-1412
-1443
-1662
-1705
-1372
-1021
-917
-858
-499
72
538
819
954
1227
1745
2228
2436
2543
2802
2695
2238
2091
2367
2398
1818
1149
1059
1607
1931
1123
-60
-288
442
828
123
-928
-1236
-593
-83
-560
-1524
-1765
-1048
-584
-895
-1397
-1389
-918
-637
-872
-1399
-1438
-1059
-941
-1277
-1600
-1499
-1251
-1188
-1429
-1615
-1412
-1042
-806
-781
-575
-161
344
717
940
1108
1466
1968
2312
2520
2683
2451
2009
2001
2356
2326
1661
900
764
1364
1685
881
-293
-492
177
567
-10
-965
-1288
-729
-199
-571
-1358
-1502
-910
-626
-885
-1149
-1010
-666
-577
-939
-1343
-1131
-685
-835
-1434
-1682
-1345
-975
-1102
-1684
-2001
-1519
-839
-731
-1052
-986
-303
471
809
673
737
1427
2268
2522
2363
2060
2038
2350
2645
2389
1751
1357
1519
1951
1897
1155
403
369
721
759
185
-440
-582
-324
-363
-889
-1336
-1221
-963
-1168
-1553
-1615
-1263
-953
-1104
-1612
-1893
-1485
-936
-985
-1525
-1758
-1473
-1007
-861
-1196
-1576
-1346
-705
-370
-444
-432
-22
563
969
978
1038
1443
2018
2297
2143
1575
1395
1830
2229
1891
1124
688
1011
1677
1647
767
60
249
772
845
330
-211
-237
72
90
-351
-694
-588
-388
-484
-801
-944
-854
-709
-803
-1179
-1563
-1503
-1217
-1197
-1497
-1724
-1722
-1556
-1386
-1437
-1513
-1397
-1108
-861
-569
-271
100
457
742
930
1201
1615
1958
2072
1722
1318
1392
1784
1843
1421
865
704
1032
1289
945
355
189
367
451
250
-65
-176
-26
56
-166
-474
-473
-242
-61
-125
-284
-380
-355
-268
-303
-539
-789
-804
-790
-870
-1044
-1197
-1324
-1354
-1352
-1418
-1490
-1440
-1228
-1004
-820
-648
-390
-84
239
537
824
1117
1388
1373
1197
1223
1445
1549
1464
1326
1248
1283
1282
1095
764
672
705
603
289
-11
-172
-212
-263
-491
-743
-795
-648
-605
-661
-663
-538
-430
-378
-415
-488
-415
-260
-242
-391
-450
-442
-480
-589
-705
-812
-823
-742
-705
-725
-695
-544
-372
-220
-53
153
392
638
760
725
692
787
934
1045
1102
1135
1177
1137
1036
901
878
885
830
661
441
275
153
13
-260
-527
-664
-640
-626
-679
-783
-853
-836
-755
-702
-767
-772
-650
-504
-485
-551
-602
-612
-541
-476
-485
-550
-531
-429
-344
-294
-212
-99
22
183
385
591
745
797
732
665
712
880
1004
1009
965
993
1033
968
827
721
723
767
747
588
378
234
146
15
-161
-344
-423
-416
-426
-551
-718
-802
-796
-770
-820
-891
-942
-902
-823
-813
-916
-986
-951
-874
-769
-668
-646
-646
-534
-357
-205
-60
106
248
427
683
875
915
831
776
788
908
1014
1045
1003
994
997
936
803
676
655
672
659
533
368
211
127
19
-142
-307
-380
-383
-391
-470
-633
-769
-827
-832
-867
-914
-968
-960
-944
-946
-976
-993
-976
-928
-816
-676
-563
-478
-380
-247
-98
87
308
518
718
923
1115
1196
1172
1106
1092
1136
1208
1251
1216
1145
1059
970
823
669
583
552
473
333
152
-49
-212
-322
-428
-589
-716
-780
-812
-870
-942
-1032
-1118
-1149
-1135
-1134
-1112
-1071
-1038
-1043
-1025
-975
-894
-772
-645
-526
-433
-304
-163
7
171
319
464
633
827
1020
1176
1231
1178
1123
1130
1190
1266
1303
1254
1151
1100
1043
965
859
809
757
699
623
484
283
89
-7
-114
-214
-316
-425
-571
-729
-861
-1025
-1145
-1227
-1270
-1366
-1438
-1485
-1545
-1584
-1598
-1559
-1507
-1368
-1218
-1066
-921
-722
-490
-233
54
303
549
781
1037
1229
1378
1420
1426
1423
1457
1501
1520
1508
1351
1182
1013
923
810
735
626
480
348
240
132
-18
-125
-234
-297
-321
-301
-351
-433
-527
-623
-725
-768
-772
-799
-845
-937
-1050
-1162
-1192
-1196
-1175
-1142
-1096
-1050
-957
-802
-647
-463
-233
15
225
471
718
897
995
1056
1098
1128
1233
1344
1385
1310
1203
1074
973
892
815
715
594
494
382
274
109
-46
-174
-230
-269
-286
-324
-421
-545
-632
-669
-715
-744
-778
-840
-943
-1006
-1040
-1085
-1140
-1164
-1153
-1120
-1049
-952
-844
-730
-555
-326
-78
159
395
628
856
1056
1201
1248
1271
1328
1428
1519
1542
1454
1274
1107
983
873
747
624
473
325
191
54
-128
-275
-350
-403
-432
-441
-471
-550
-583
-597
-612
-630
-600
-594
-636
-679
-724
-765
-796
-784
-803
-820
-832
-828
-818
-768
-683
-587
-454
-313
-169
-19
167
357
496
568
598
654
785
951
1096
1137
1080
964
885
841
799
762
714
640
522
410
252
110
7
-43
-110
-163
-192
-241
-300
-351
-417
-520
-542
-505
-476
-498
-532
-588
-646
-636
-577
-534
-518
-483
-450
-414
-361
-290
-210
-116
17
145
271
376
457
480
475
481
530
626
708
751
692
589
452
363
300
266
239
184
93
-47
-177
-291
-362
-411
-413
-422
-425
-429
-425
-438
-472
-480
-452
-386
-325
-282
-291
-308
-321
-297
-256
-196
-137
-84
-26
23
70
120
209
296
399
500
613
706
783
813
771
702
667
694
731
777
750
626
439
278
158
66
25
-30
-144
-309
-451
-584
-710
-796
-842
-879
-898
-874
-862
-870
-881
-865
-815
-724
-608
-520
-456
-400
-342
-278
-191
-89
8
104
199
280
348
444
547
649
755
866
968
1062
1137
1151
1095
1015
969
957
968
972
912
752
557
373
221
99
8
-85
-227
-395
-555
-710
-873
-1007
-1104
-1167
-1200
-1198
-1192
-1220
-1247
-1242
-1193
-1111
-992
-874
-772
-673
-563
-457
-355
-233
-103
33
175
328
450
554
665
789
926
1084
1239
1359
1432
1461
1444
1392
1353
1339
1342
1331
1269
1128
928
709
511
347
210
73
-87
-273
-474
-680
-877
-1062
-1218
-1326
-1391
-1433
-1459
-1487
-1534
-1571
-1555
-1489
-1393
-1266
-1128
-1013
-905
-778
-643
-501
-344
-175
-8
161
325
473
608
763
918
1083
1255
1400
1487
1532
1552
1526
1496
1498
1529
1518
1458
1329
1131
897
718
598
491
352
172
-48
-297
-508
-675
-823
-975
-1100
-1212
-1310
-1379
-1417
-1471
-1512
-1512
-1476
-1412
-1308
-1181
-1092
-1013
-903
-768
-620
-443
-262
-113
35
205
364
506
656
813
956
1092
1211
1291
1333
1362
1372
1362
1349
1335
1306
1246
1145
1002
846
705
582
459
316
149
-28
-200
-368
-529
-679
-810
-930
-1038
-1135
-1215
-1275
-1325
-1362
-1382
-1364
-1324
-1256
-1173
-1099
-1040
-952
-814
-658
-493
-320
-141
34
209
377
520
654
803
964
1109
1222
1297
1336
1363
1380
1375
1344
1311
1269
1211
1119
994
846
695
562
429
289
143
-21
-205
-374
-530
-677
-806
-913
-1020
-1133
-1206
-1251
-1297
-1337
-1345
-1347
-1328
-1267
-1189
-1139
-1082
-981
-852
-712
-546
-361
-183
5
200
369
505
644
803
967
1102
1205
1276
1328
1373
1399
1384
1342
1298
1265
1225
1148
1031
880
727
602
492
367
219
58
-111
-282
-436
-573
-704
-823
-924
-1014
-1100
-1170
-1220
-1262
-1279
-1273
-1259
-1242
-1211
-1165
-1107
-1024
-912
-794
-660
-506
-332
-152
22
184
330
483
645
793
914
1022
1114
1192
1259
1294
1295
1272
1255
1230
1192
1129
1035
908
776
656
525
382
244
113
-36
-194
-356
-510
-648
-754
-827
-901
-978
-1051
-1106
-1136
-1134
-1121
-1101
-1070
-1024
-975
-919
-848
-761
-655
-526
-376
-223
-72
65
187
310
441
566
676
779
868
935
988
1030
1055
1057
1055
1051
1028
987
925
832
718
606
496
384
274
161
30
-122
-268
-395
-510
-605
-679
-749
-819
-883
-932
-969
-984
-971
-941
-901
-852
-811
-776
-736
-667
-572
-461
-336
-204
-77
35
145
245
350
451
552
647
733
799
839
877
911
945
970
994
993
972
931
873
791
696
601
497
384
266
135
-15
-166
-307
-438
-559
-670
-761
-842
-912
-975
-1033
-1075
-1086
-1067
-1033
-987
-939
-892
-833
-741
-636
-529
-417
-284
-137
7
148
262
354
443
545
642
725
786
829
862
896
931
950
951
939
931
925
911
877
814
727
620
506
399
295
180
50
-94
-243
-387
-520
-638
-737
-820
-893
-959
-1024
-1078
-1107
-1106
-1085
-1053
-1017
-964
-886
-795
-705
-620
-521
-387
-222
-56
89
202
311
430
555
664
744
796
836
875
906
926
924
903
879
853
820
783
748
709
646
561
475
394
315
238
157
61
-50
-154
-248
-339
-427
-506
-585
-669
-744
-803
-848
-880
-901
-923
-943
-937
-905
-867
-834
-795
-733
-643
-528
-404
-290
-176
-45
101
242
366
477
584
689
786
856
898
931
961
980
969
930
880
840
803
747
661
558
458
368
281
187
81
-21
-104
-185
-276
-373
-457
-524
-576
-619
-662
-705
-731
-738
-741
-733
-708
-675
-648
-625
-600
-563
-508
-437
-367
-300
-223
-133
-54
6
67
149
252
359
437
471
494
540
601
650
670
667
660
660
652
621
565
512
477
440
379
304
224
151
89
25
-51
-133
-206
-272
-342
-410
-468
-518
-556
-585
-607
-623
-627
-619
-604
-581
-550
-515
-479
-442
-386
-312
-227
-149
-89
-31
49
155
266
356
425
476
520
566
614
656
688
709
714
698
661
615
570
527
477
421
366
300
216
118
14
-78
-152
-222
-303
-390
-469
-537
-594
-650
-700
-737
-754
-751
-733
-714
-687
-639
-582
-522
-461
-395
-328
-257
-182
-110
-41
37
118
188
252
323
396
465
524
564
594
618
642
659
660
645
628
611
590
558
514
466
423
377
318
247
177
116
64
13
-48
-120
-193
-257
-323
-393
-456
-502
-537
-568
-604
-647
-683
-693
-678
-650
-617
-580
-546
-509
-463
-412
-356
-287
-205
-112
-17
77
159
223
282
353
432
500
547
579
607
633
643
625
597
576
572
571
547
486
408
341
295
250
192
126
69
19
-48
-131
-206
-260
-299
-341
-391
-438
-466
-484
-507
-542
-568
-560
-512
-458
-431
-427
-408
-365
-319
-281
-247
-191
-102
-17
35
57
87
149
227
289
327
353
385
420
434
410
375
376
408
432
418
375
334
305
285
254
211
168
141
117
70
-8
-94
-163
-205
-233
-271
-321
-375
-420
-454
-482
-502
-505
-489
-460
-430
-401
-370
-332
-285
-235
-183
-126
-55
19
90
146
188
229
282
335
380
413
439
458
463
452
435
419
406
390
363
324
287
268
251
216
165
118
91
82
64
26
-21
-60
-88
-128
-190
-253
-299
-327
-355
-394
-440
-474
-491
-498
-507
-512
-505
-476
-433
-391
-354
-311
-256
-188
-117
-53
16
94
167
220
270
319
370
416
447
461
462
459
462
466
448
406
359
322
297
279
257
213
159
115
91
68
42
9
-25
-47
-59
-91
-141
-191
-223
-245
-281
-323
-351
-363
-377
-404
-446
-472
-458
-418
-400
-398
-382
-339
-279
-222
-179
-127
-56
24
95
150
201
250
296
339
384
418
448
461
457
443
424
392
352
320
302
282
235
158
85
44
32
11
-34
-80
-94
-86
-101
-147
-189
-201
-192
-188
-206
-226
-229
-223
-225
-239
-262
-269
-256
-245
-247
-251
-243
-221
-197
-188
-178
-146
-88
-43
-18
3
42
107
168
199
213
236
272
313
339
349
352
357
347
324
301
280
260
237
209
179
151
117
79
40
14
-3
-22
-38
-61
-100
-140
-163
-173
-181
-196
-215
-228
-231
-240
-256
-272
-278
-275
-267
-257
-244
-228
-219
-214
-203
-178
-145
-110
-83
-61
-30
13
57
84
108
144
188
224
242
251
257
270
281
269
253
252
256
252
230
201
186
184
172
142
107
83
78
65
23
-20
-42
-50
-67
-105
-137
-140
-136
-152
-194
-225
-212
-188
-190
-220
-241
-230
-206
-196
-205
-198
-163
-122
-95
-97
-103
-85
-53
-26
3
43
81
97
85
73
85
117
143
149
144
154
156
136
113
105
112
130
144
143
136
113
82
51
30
23
24
22
15
16
-1
-26
-34
-22
-9
-7
-14
-34
-46
-44
-38
-29
-26
-39
-56
-65
-56
-43
-36
-49
-76
-81
-64
-44
-40
-47
-63
-50
-23
-3
-20
-32
-32
-18
-2
-10
-42
-61
-36
-4
9
-9
-33
-23
21
32
-3
-30
-6
39
66
54
37
43
64
77
67
48
50
67
71
68
58
59
65
70
52
19
6
11
13
10
-6
-38
-60
-61
-59
-57
-53
-38
-22
-41
-78
-90
-61
-19
0
-12
-10
22
48
23
-36
-53
-6
42
42
-10
-30
13
38
-8
-61
-51
22
69
27
-53
-51
23
76
56
0
11
96
136
64
-35
-27
79
146
112
28
10
69
75
0
-60
-46
16
18
-63
-141
-152
-101
-64
-69
-83
-72
-53
-58
-72
-91
-111
-87
-65
-64
-60
-63
-85
-75
-36
2
17
13
17
24
68
83
71
80
131
170
167
138
111
126
159
173
144
123
107
98
101
104
99
84
77
72
41
9
-17
-52
-45
-34
-60
-100
-133
-144
-142
-142
-143
-146
-105
-49
-212
-489
-409
-133
-16
-76
-299
-466
-181
105
-77
-198
13
119
83
12
-107
5
270
269
54
16
157
234
151
45
62
203
305
265
143
104
150
212
211
186
204
247
240
159
80
48
56
75
73
-1
-59
-85
-115
-155
-146
-142
-120
-120
-156
-208
-267
-249
-200
-179
-201
-205
-235
-245
-230
-181
-140
-92
-49
-28
-38
-57
-50
-20
61
130
126
62
47
54
75
111
119
126
179
217
174
148
127
145
202
243
243
219
167
105
88
102
156
185
152
65
-6
-64
-70
-52
-36
-51
-96
-181
-236
-262
-252
-192
-182
-237
-284
-289
-299
-253
-232
-231
-203
-147
-130
-132
-165
-158
-43
98
134
94
29
65
168
212
166
154
194
270
293
198
138
235
328
264
184
144
221
317
279
137
92
130
171
145
58
-21
-48
-37
-62
-87
-132
-144
-137
-142
-192
-247
-284
-248
-232
-289
-308
-326
-307
-240
-197
-234
-200
-156
-145
-121
-89
-71
-25
18
21
70
80
96
119
156
189
206
170
156
193
216
261
275
263
278
252
172
218
274
253
185
133
102
136
107
-8
-69
-51
11
12
-52
-118
-102
-148
-192
-222
-232
-212
-205
-286
-345
-355
-325
-262
-252
-297
-286
-217
-169
-115
-117
-148
-103
1
39
51
55
71
132
172
136
117
179
283
304
208
151
201
302
334
249
188
263
314
237
126
85
167
208
90
-29
-13
37
58
-24
-158
-154
-81
-109
-204
-244
-258
-196
-202
-316
-350
-257
-161
-160
-257
-323
-190
-48
-22
-73
-96
-28
78
62
-54
-28
111
218
174
68
23
108
190
213
176
121
132
161
147
79
94
111
137
115
49
2
72
133
98
37
1
53
92
37
-71
-106
-51
2
-59
-141
-122
-80
-114
-196
-262
-166
-12
16
-106
-212
-203
-80
15
-25
-70
-52
11
39
7
-75
-33
82
121
57
-3
23
135
168
53
-33
45
136
139
39
-5
95
224
188
6
-67
40
174
77
-78
-137
-2
87
34
-129
-165
-40
39
-29
-128
-95
-10
-7
-124
-166
-98
13
-2
-74
-141
-76
36
74
-26
-102
-79
-2
57
6
-50
-3
87
115
73
-24
-11
121
160
69
9
8
70
117
58
-49
-33
44
53
-8
-54
-13
87
117
1
-122
-124
-1
62
-9
-120
-89
-14
0
-92
-181
-127
27
85
-4
-57
-36
66
83
6
-30
67
120
85
-13
-78
0
80
75
31
18
25
57
46
-2
-25
-1
48
57
-18
-78
-71
-42
-40
-50
-59
-19
20
-11
-77
-105
-31
45
33
-3
10
44
83
24
-87
-64
55
116
93
-4
-58
3
21
-27
-41
4
108
167
44
-63
-26
52
97
82
25
24
74
43
-16
-52
-23
36
45
-32
-76
-60
-41
-58
-106
-141
-138
-105
-122
-149
-143
-93
-55
-37
-74
-110
-87
-37
2
13
1
-11
-7
3
19
49
82
127
142
129
119
132
124
112
105
96
126
162
157
112
88
41
37
81
89
57
53
46
20
-14
-87
-108
-63
-36
-74
-88
-94
-88
-126
-187
-189
-135
-112
-147
-161
-149
-92
-90
-154
-183
-79
-4
-3
-45
-45
22
71
15
-43
0
84
152
124
84
91
140
141
133
118
140
186
177
125
97
118
151
163
98
58
65
80
77
25
-38
-39
3
0
-36
-111
-144
-126
-117
-125
-122
-114
-102
-90
-138
-192
-198
-164
-104
-79
-101
-127
-104
-78
-89
-124
-89
10
84
69
1
-20
50
113
101
71
102
152
175
134
103
132
191
217
159
83
72
115
122
93
47
38
59
46
-26
-72
-57
-23
-28
-59
-88
-84
-77
-98
-130
-127
-91
-67
-86
-140
-165
-131
-70
-59
-92
-112
-67
-22
-32
-78
-71
16
69
23
-41
-19
70
145
127
80
97
136
106
33
22
89
177
161
99
69
99
127
90
33
47
104
98
41
-52
-90
-63
-34
-63
-101
-118
-100
-90
-123
-152
-161
-124
-98
-98
-117
-100
-85
-73
-82
-92
-64
-39
-24
-20
13
37
51
42
43
43
68
99
101
99
91
82
63
72
80
89
88
98
117
109
77
51
45
56
67
58
39
37
23
-6
-48
-64
-51
-30
-42
-82
-114
-123
-94
-84
-101
-108
-97
-78
-78
-95
-110
-69
-12
15
8
-30
-55
-41
9
34
51
68
81
66
45
18
17
59
120
135
101
65
61
61
28
0
6
47
70
53
-4
-41
-34
-1
30
32
22
26
14
-30
-78
-86
-50
-3
-19
-63
-78
-58
-41
-51
-68
-57
-23
-16
-42
-77
-59
-7
37
26
-5
-8
13
33
25
9
7
42
46
14
-15
5
50
78
62
20
30
58
49
-4
-30
-18
30
51
12
-26
-25
-5
-10
-38
-54
-30
5
13
-29
-72
-71
-26
-6
-22
-44
-22
16
19
-22
-58
-27
20
28
-19
-30
-9
31
32
2
-15
9
30
15
-7
-8
25
42
32
2
-5
7
22
31
30
17
15
22
10
-9
-11
5
23
21
-4
-25
-21
-6
-2
-13
-8
20
28
3
-29
-36
-10
14
7
3
11
25
23
-3
-20
11
48
46
20
2
14
32
24
-9
-22
4
41
29
-23
-42
-23
-1
-16
-45
-48
-4
18
-10
-43
-51
-24
-5
-23
-49
-22
13
3
-32
-50
-24
15
11
-37
-50
-16
19
13
-11
-7
28
47
28
6
11
45
59
48
33
45
62
58
37
28
42
61
73
61
46
48
40
13
-12
-16
0
6
-12
-46
-58
-54
-60
-77
-72
-59
-52
-51
-60
-65
-57
-51
-58
-59
-62
-57
-50
-54
-57
-48
-41
-28
-11
-1
4
7
18
30
35
33
32
36
50
57
58
56
62
66
61
49
