SAMPLES:	8533
BITSPERSAMPLE:	16
CHANNELS:	1
SAMPLERATE:	16000
NORMALIZED:	FALSE
-3
-2
-2
-2
-6
-10
-11
-8
-10
-14
-17
-20
-19
-15
-12
-17
-18
-15
-14
-14
-16
-18
-17
-16
-18
-21
-21
-20
-20
-18
-19
-16
-13
-7
-8
-8
-9
-2
4
6
8
10
15
20
24
24
21
23
26
26
26
27
31
31
29
25
22
20
17
13
10
8
3
-2
-3
-3
-4
-8
-11
-14
-17
-16
-12
-11
-12
-13
-14
-10
-10
-17
-22
-22
-22
-21
-25
-29
-30
-31
-33
-34
-31
-28
-23
-21
-24
-25
-20
-12
-5
0
5
9
11
9
3
1
7
15
16
12
10
12
17
24
34
35
36
35
34
36
37
35
36
40
47
51
53
54
54
55
56
54
48
52
60
61
56
54
56
55
55
55
52
44
35
24
10
0
-6
-14
-22
-24
-26
-41
-54
-58
-58
-59
-62
-64
-74
-80
-83
-94
-107
-114
-120
-129
-134
-134
-131
-131
-131
-133
-135
-134
-127
-123
-112
-97
-79
-61
-46
-32
-15
3
20
40
53
66
79
91
96
101
110
128
135
136
140
147
152
157
165
164
164
174
185
179
176
184
184
174
170
160
140
131
123
110
95
81
65
59
52
38
16
0
-9
-29
-52
-86
-114
-133
-131
-137
-161
-189
-207
-225
-248
-263
-280
-299
-312
-324
-346
-364
-366
-368
-369
-370
-371
-375
-381
-386
-382
-370
-348
-328
-307
-270
-229
-184
-135
-90
-45
-1
44
83
125
181
246
307
366
428
486
543
602
649
677
708
747
786
813
827
835
834
830
833
837
814
780
757
720
662
610
548
477
424
373
297
203
112
18
-64
-138
-214
-304
-394
-481
-571
-648
-711
-779
-856
-922
-983
-1038
-1078
-1112
-1149
-1174
-1185
-1203
-1227
-1243
-1247
-1247
-1225
-1197
-1164
-1128
-1065
-996
-934
-867
-787
-692
-594
-489
-384
-275
-164
-37
91
230
377
521
646
768
883
994
1115
1242
1365
1480
1583
1666
1730
1781
1846
1919
1965
1965
1954
1933
1894
1853
1788
1684
1560
1462
1350
1217
1089
963
807
635
457
255
47
-142
-340
-552
-753
-940
-1147
-1337
-1475
-1591
-1712
-1839
-1970
-2094
-2142
-2142
-2151
-2184
-2209
-2226
-2234
-2213
-2179
-2152
-2104
-2017
-1932
-1863
-1773
-1655
-1515
-1342
-1156
-956
-754
-537
-306
-86
105
278
458
641
823
1022
1213
1386
1571
1752
1907
2039
2166
2263
2341
2418
2499
2550
2575
2580
2579
2599
2623
2621
2539
2394
2237
2122
2027
1925
1770
1569
1334
1091
874
661
439
211
-25
-292
-570
-818
-1069
-1289
-1457
-1601
-1748
-1862
-1945
-2007
-2046
-2091
-2162
-2213
-2176
-2112
-2101
-2167
-2267
-2343
-2343
-2323
-2327
-2349
-2357
-2343
-2297
-2236
-2175
-2070
-1911
-1748
-1613
-1488
-1330
-1116
-831
-544
-291
-76
130
326
499
661
827
1015
1205
1353
1456
1566
1738
1967
2188
2378
2481
2580
2702
2844
2911
2937
2928
2935
2990
3024
2979
2810
2650
2536
2493
2415
2275
2014
1734
1499
1307
1074
800
555
333
129
-95
-339
-634
-889
-1070
-1241
-1428
-1588
-1711
-1817
-1884
-1915
-1960
-2012
-2067
-2129
-2177
-2177
-2156
-2187
-2280
-2402
-2505
-2568
-2590
-2601
-2611
-2608
-2564
-2495
-2425
-2333
-2220
-2085
-1940
-1768
-1562
-1323
-1084
-852
-636
-425
-186
43
234
392
572
757
954
1166
1370
1546
1734
1928
2102
2309
2541
2740
2876
3013
3104
3186
3281
3391
3448
3478
3475
3324
3095
2921
2888
2856
2798
2560
2177
1801
1599
1468
1244
970
659
366
67
-195
-526
-856
-1113
-1297
-1496
-1709
-1892
-2053
-2148
-2193
-2213
-2252
-2281
-2343
-2436
-2535
-2585
-2575
-2556
-2590
-2707
-2826
-2919
-2938
-2903
-2849
-2809
-2757
-2674
-2575
-2459
-2345
-2192
-1996
-1745
-1482
-1241
-1018
-809
-589
-358
-138
66
290
489
654
820
1008
1205
1423
1619
1785
1955
2160
2384
2582
2786
2958
3108
3205
3259
3300
3406
3567
3693
3728
3575
3298
3027
2965
3030
3083
2954
2610
2183
1848
1693
1530
1290
956
603
240
-67
-364
-726
-1080
-1321
-1476
-1676
-1852
-2016
-2152
-2247
-2248
-2272
-2333
-2356
-2371
-2459
-2585
-2661
-2705
-2666
-2600
-2621
-2752
-2865
-2920
-2917
-2854
-2789
-2747
-2655
-2542
-2478
-2428
-2301
-2082
-1787
-1434
-1145
-934
-734
-522
-297
-73
147
358
567
791
994
1160
1321
1524
1754
1980
2180
2321
2448
2632
2842
3009
3148
3301
3412
3454
3477
3494
3577
3751
3834
3635
3223
2836
2683
2806
2954
2826
2409
1925
1592
1425
1270
976
583
175
-204
-542
-871
-1243
-1594
-1831
-1996
-2170
-2320
-2443
-2570
-2620
-2613
-2633
-2680
-2673
-2670
-2691
-2721
-2757
-2769
-2714
-2644
-2649
-2700
-2774
-2824
-2816
-2739
-2683
-2609
-2497
-2384
-2278
-2131
-1952
-1734
-1430
-1089
-794
-567
-352
-170
18
212
405
590
791
984
1176
1359
1522
1688
1877
2052
2170
2297
2428
2610
2794
2943
2990
3058
3173
3314
3411
3415
3383
3389
3478
3437
3174
2738
2442
2393
2511
2541
2283
1795
1365
1151
1015
805
500
107
-290
-611
-904
-1253
-1605
-1848
-1996
-2135
-2229
-2315
-2444
-2521
-2505
-2466
-2460
-2405
-2374
-2411
-2443
-2404
-2395
-2361
-2247
-2156
-2158
-2178
-2243
-2384
-2406
-2289
-2180
-2100
-1970
-1879
-1832
-1712
-1547
-1368
-1103
-753
-509
-361
-207
-38
134
343
561
731
894
1056
1185
1251
1331
1458
1622
1771
1905
2016
2128
2228
2348
2451
2561
2709
2826
2890
2892
2906
2933
3030
3070
2932
2610
2329
2225
2264
2326
2187
1837
1462
1264
1122
935
681
350
-14
-301
-542
-856
-1197
-1469
-1660
-1824
-1928
-1994
-2101
-2174
-2169
-2136
-2092
-2001
-1896
-1866
-1956
-2104
-2164
-2025
-1765
-1617
-1715
-1998
-2183
-2160
-2043
-2017
-2069
-2089
-2041
-1947
-1902
-1940
-1923
-1696
-1357
-1091
-934
-823
-696
-509
-288
-143
-23
189
418
592
647
641
666
839
1093
1301
1415
1471
1555
1706
1886
2027
2152
2313
2508
2642
2703
2732
2816
2992
3133
3090
2861
2555
2405
2486
2627
2565
2258
1871
1581
1459
1369
1162
820
492
236
-17
-329
-708
-1083
-1330
-1413
-1446
-1531
-1628
-1692
-1730
-1717
-1693
-1661
-1591
-1431
-1289
-1237
-1393
-1702
-1980
-1966
-1652
-1304
-1210
-1518
-1962
-2209
-2135
-2020
-1952
-1924
-1873
-1831
-1823
-1948
-2103
-1987
-1582
-1134
-868
-742
-675
-558
-417
-313
-246
-22
367
737
880
786
678
749
975
1170
1278
1370
1517
1692
1765
1665
1626
1816
2194
2546
2713
2699
2691
2826
2862
2609
2251
2136
2339
2646
2662
2193
1570
1274
1303
1314
1141
836
522
288
67
-338
-892
-1262
-1336
-1282
-1244
-1248
-1336
-1448
-1465
-1430
-1449
-1439
-1307
-1096
-926
-855
-1019
-1409
-1745
-1755
-1475
-1167
-1071
-1349
-1768
-2023
-2063
-2090
-2120
-2079
-1945
-1824
-1807
-1991
-2186
-2112
-1774
-1399
-1179
-1045
-911
-735
-591
-540
-478
-228
175
549
670
569
460
518
715
902
1028
1150
1330
1531
1646
1608
1597
1770
2106
2431
2635
2703
2788
2953
2985
2745
2314
2102
2279
2718
2934
2609
1986
1482
1416
1481
1436
1161
905
737
550
185
-370
-856
-1067
-934
-743
-677
-749
-845
-966
-1064
-1106
-1122
-1041
-791
-476
-339
-457
-815
-1289
-1613
-1509
-1237
-1180
-1407
-1719
-1880
-1918
-2002
-2382
-2707
-2540
-2064
-1812
-1932
-2258
-2446
-2244
-1893
-1793
-1811
-1558
-1064
-681
-631
-830
-895
-589
-91
226
255
266
436
716
806
693
589
766
1145
1511
1629
1572
1641
1901
2227
2377
2490
2645
2995
3242
3028
2414
1926
2016
2469
2822
2620
2027
1526
1467
1492
1290
936
696
617
594
383
-183
-766
-1061
-989
-849
-738
-646
-600
-573
-593
-749
-954
-1004
-755
-373
-125
-141
-415
-799
-1189
-1507
-1608
-1425
-1094
-940
-1224
-1834
-2336
-2410
-2239
-2130
-2095
-2029
-1888
-1774
-1823
-2061
-2190
-1920
-1407
-995
-825
-776
-753
-693
-632
-581
-465
-185
180
384
366
242
197
292
459
672
905
1127
1326
1452
1563
1666
1870
2144
2403
2624
2899
3162
3007
2256
1264
960
1368
2076
2329
1949
1319
1005
1132
1150
980
731
743
893
944
537
-234
-741
-661
-261
74
270
343
377
366
126
-342
-702
-599
-108
359
522
302
-224
-995
-1904
-2466
-2315
-1473
-1105
-1947
-3076
-3577
-3290
-2967
-3189
-3151
-2328
-1164
-698
-1098
-1694
-1797
-1259
-826
-808
-769
-539
-295
-330
-501
-620
-519
-18
651
1022
959
763
650
691
770
969
1260
1611
2096
2502
2643
2666
2737
2898
3170
3497
3894
3374
1488
-815
-1841
-1246
-507
-570
-1292
-1764
-1585
-1043
-849
-931
-639
420
1403
1574
844
-106
-349
270
1173
1628
1704
1698
1642
1296
465
-665
-1292
-984
-178
293
167
-261
-694
-905
-804
-846
-1467
-2005
-1598
-637
-323
-1049
-1939
-1973
-1000
-182
-455
-1321
-1616
-1262
-1028
-1537
-2306
-2404
-1579
-592
-344
-669
-717
-194
446
571
288
138
480
1150
1417
1214
996
1340
1990
2167
1670
975
875
1436
2084
2100
1644
1413
1961
2798
3545
3088
807
-2240
-3660
-2543
-1189
-1235
-2434
-2919
-2073
-717
-225
-455
-142
1281
2567
2430
1001
-392
-600
189
1101
1268
1131
1117
1285
1033
51
-1172
-1659
-1059
-89
337
184
39
145
346
-372
-2029
-2962
-1795
188
426
-1228
-2643
-2235
-593
262
-406
-1253
-1032
-269
-478
-1851
-3035
-2629
-1066
32
5
-383
-18
946
1451
993
252
347
1219
1733
1323
593
623
1306
1848
1775
1336
1341
1577
1832
1672
1388
1210
1699
2381
3300
3694
2142
-1349
-4709
-4628
-2479
-1174
-2220
-3550
-3071
-1186
159
45
-146
1008
2869
3448
1927
-518
-1823
-1528
-499
17
79
209
645
883
218
-1154
-2103
-1671
-520
326
598
621
840
1160
1510
1295
499
-58
-628
-1713
-3233
-3916
-3196
-1866
-1022
-1018
-1018
-365
486
840
723
604
682
672
170
-769
-1279
-936
-34
700
1071
1128
1153
1197
1066
680
583
1023
1759
2260
2117
1753
1239
1408
1718
2267
2533
2233
2249
2219
2969
3301
2183
-1433
-6006
-7273
-5008
-2298
-2609
-4228
-4052
-1611
909
1558
1157
1663
3343
4377
2690
-647
-3127
-3283
-2147
-1347
-1174
-1017
-222
494
364
-981
-2226
-1987
-464
1041
1458
1334
1273
1560
1493
64
-1187
-1399
-610
-521
-1723
-2672
-2874
-1879
-1030
-550
-143
547
1209
1084
426
-386
-482
-187
110
243
368
663
1018
1266
1123
719
509
634
827
784
733
851
1222
1936
2404
2533
2257
1934
1962
2151
2284
2002
1708
1875
2333
3175
3429
864
-4400
-8329
-7163
-3475
-2116
-3735
-4688
-2550
683
2145
1413
972
2423
4440
4045
497
-3460
-4871
-3802
-2450
-1998
-1815
-926
524
1204
123
-1925
-2783
-1535
488
1703
1677
1408
1459
1769
851
-1137
-2695
-2458
-869
-149
-1136
-3013
-3434
-2046
-200
696
760
942
1393
1648
905
-568
-1523
-1110
195
1312
1762
1846
1830
1687
1241
705
535
876
1339
1570
1713
1973
2496
2631
2564
2399
2725
3230
3206
2617
1701
1543
1949
2676
3030
1092
-3520
-7691
-7600
-4160
-2341
-3225
-4110
-2264
690
2324
1893
1153
1989
3573
3561
402
-3760
-6008
-5503
-3987
-2868
-2114
-1109
307
1465
1202
-501
-2007
-1689
-60
1238
1657
1431
1355
1302
1270
323
-1409
-2305
-2310
-1981
-2879
-4018
-4138
-3054
-1443
-321
764
1809
2892
3140
2552
1314
204
-334
-630
-827
-757
-167
649
1229
1371
1094
895
1128
1578
1759
1707
2058
2637
3059
2852
2592
2485
2943
3248
3120
2510
1706
1808
2258
3307
2595
-1420
-6960
-9157
-6011
-2156
-1630
-3168
-2676
219
2752
2875
1442
1016
2530
3934
2383
-2020
-5990
-6898
-5499
-3739
-2532
-1607
-311
1239
1899
840
-1211
-2211
-1293
322
1340
1555
1467
1307
1138
597
-261
-888
-821
-1398
-3835
-6490
-6828
-4306
-1739
-944
-572
1109
3727
5170
4461
2619
1531
1524
1187
-621
-2816
-3293
-1751
304
1428
1564
1645
2264
2971
2664
1505
866
1683
3371
4170
3721
2752
2598
3210
3541
2900
1788
1438
2119
3306
3587
646
-5001
-9144
-8009
-3521
-1289
-1997
-2425
-107
2843
3744
2378
939
1494
3247
3260
-274
-4919
-7294
-6561
-4665
-3146
-2114
-826
1059
2576
2175
-86
-2237
-2437
-1129
235
811
864
916
840
399
-613
-1503
-1765
-1124
-747
-2250
-5389
-7833
-7220
-4292
-1188
468
1407
2798
4467
4934
3265
974
-218
24
85
-1083
-2703
-3221
-2045
-273
1019
1640
2271
3407
4295
3988
2611
1580
1657
2551
3170
3329
2983
3024
3274
3099
2478
1864
2342
3769
4753
2081
-3878
-8642
-7900
-3947
-1754
-2093
-1747
1096
4300
5234
3474
1515
1494
2877
2592
-679
-4807
-6611
-5820
-4112
-2920
-2036
-663
1477
3231
2827
516
-1794
-2471
-1829
-834
-176
293
675
784
387
-554
-1561
-2127
-1833
-1369
-1508
-2661
-5437
-7622
-7512
-4119
115
2171
2426
2488
3546
3885
2696
185
-1249
-951
-132
-621
-2635
-4083
-3433
-1149
1087
2462
3326
4446
5226
4877
3062
1252
583
1387
2532
2952
2970
2896
3242
3323
3117
2951
3680
4638
2257
-3519
-8795
-8497
-4434
-1837
-1514
-883
2339
5740
6929
4944
2380
1521
2136
1488
-1811
-5510
-6884
-5560
-3576
-2278
-1461
-91
1982
3556
3107
902
-1316
-2090
-1945
-1470
-1015
-308
420
699
291
-672
-1710
-2344
-2299
-1977
-2148
-3454
-4841
-5302
-3984
-2418
-1695
-1323
-110
2016
3201
2719
1132
347
497
675
-325
-2101
-3062
-2528
-1422
-1049
-1079
-340
1555
3668
4704
4309
3209
2554
2502
2521
2099
1498
1195
1370
1831
2431
2927
3534
4267
5529
6325
3750
-2128
-7880
-8464
-5090
-2168
-1861
-1702
749
4351
6287
5044
2750
1873
2877
2750
-279
-4602
-6784
-5991
-3925
-2400
-1275
376
2647
4311
3901
1442
-1357
-2827
-3014
-2476
-1586
-357
647
1072
733
-85
-1246
-2116
-2452
-2183
-1745
-1463
-2376
-4749
-6311
-5687
-2566
-83
710
725
1506
2944
3194
1838
-387
-1347
-1357
-1331
-2538
-4024
-4269
-2780
-556
1170
2384
3630
4926
5277
4140
2151
680
411
735
979
1056
1445
2498
3362
3855
3885
4223
5052
5838
4112
-1127
-6904
-8891
-6238
-3146
-1879
-1240
1250
4828
6884
5966
3389
1774
1783
1602
-687
-4057
-6073
-5707
-4016
-2295
-774
1065
3152
4611
4343
2399
-241
-2410
-3577
-3472
-2292
-576
837
1217
638
-222
-1017
-1899
-2577
-2607
-1809
-653
-412
-2463
-5199
-6386
-4665
-2100
-724
-90
915
2809
3789
2857
120
-1977
-2408
-1993
-2309
-3513
-4054
-3112
-1107
605
1826
2935
4296
5227
4883
3100
899
-512
-786
-370
217
1190
2331
3680
4684
5415
5653
5777
5502
2531
-2620
-7561
-8107
-5625
-3234
-2113
-719
2392
5454
6974
5955
4241
2879
2272
736
-2161
-4923
-5730
-4645
-2831
-1012
889
2720
4086
4416
3391
1290
-1151
-2912
-3691
-3091
-1592
149
991
961
468
-82
-877
-1765
-2232
-1837
-1043
-481
-694
-2185
-3786
-4724
-4161
-3023
-1775
-685
459
1551
1861
1347
-6
-1054
-1633
-1718
-2078
-2515
-2657
-2304
-1596
-798
239
1489
2942
3930
3868
2719
1164
-9
-391
-357
25
652
1664
2936
3989
4735
4911
5202
5552
6183
4775
-73
-6215
-9602
-7704
-4438
-2353
-1714
490
4095
6798
6789
4463
2558
1910
1891
102
-2800
-5076
-5168
-3813
-1954
5
1960
3483
4200
3722
1983
-563
-2973
-4314
-4206
-2644
-550
1041
1299
888
393
-104
-879
-1704
-1891
-1459
-678
-1003
-2892
-5124
-5898
-4177
-2117
-635
-190
663
1931
2672
1991
1
-1538
-2253
-2191
-2595
-2995
-3064
-2196
-832
504
1472
2217
2868
3209
2903
1874
633
-223
-458
-64
844
1945
3134
3984
4635
4879
4993
4895
5053
3646
-596
-6056
-9080
-7312
-4217
-2147
-1328
956
4431
6976
6915
4726
2877
1998
1413
-834
-3698
-5419
-4944
-3226
-1248
663
2436
3762
4230
3558
1912
-324
-2374
-3753
-3879
-2667
-910
529
960
941
697
481
-81
-688
-1101
-940
-534
-341
-780
-1622
-3023
-4672
-5522
-4948
-2732
-587
758
1194
1702
2043
1584
169
-1275
-1638
-1329
-1262
-2278
-3443
-3594
-2313
-506
1082
2277
3412
4106
3751
2171
180
-1035
-1057
-191
871
2026
3195
4330
4931
5096
4951
5071
4317
834
-4526
-8775
-8489
-5681
-3293
-2374
-568
3082
6495
7643
6027
4046
2833
2320
450
-2572
-5072
-5332
-3816
-1844
-115
1389
2900
3949
4020
2729
490
-1954
-3505
-3700
-2462
-649
910
1568
1632
1431
941
22
-1037
-1478
-1280
-902
-969
-1797
-3020
-4042
-4098
-3456
-2481
-1451
-353
858
1651
1779
942
-201
-1146
-1543
-1821
-2267
-2736
-2749
-2166
-1336
-592
19
868
1838
2708
2767
2058
1044
552
523
715
907
1251
1946
2762
3528
3786
4065
4293
5060
4166
55
-5691
-8921
-7023
-3636
-1704
-1425
416
3827
6545
6465
4191
2564
2319
2292
107
-3199
-5295
-4784
-2931
-1149
375
2069
3875
4925
4410
2244
-729
-3183
-4193
-3715
-2190
-388
1023
1663
1748
1368
622
-349
-931
-831
-452
-304
-640
-1369
-2264
-2875
-3108
-4055
-4907
-4688
-2308
650
2054
1793
816
785
926
738
-659
-1806
-2159
-1955
-2348
-3372
-3742
-2750
-425
1936
3555
4074
3880
3110
1922
419
-770
-1237
-740
329
1749
3132
4200
4922
5160
5343
4544
1030
-4432
-8611
-8042
-4739
-2386
-1878
-860
2323
5460
6534
4985
3415
2939
2979
1265
-2137
-4856
-5121
-3394
-1429
363
2046
3698
4534
4091
2200
-471
-2811
-3796
-3256
-1545
331
1449
1574
1329
1292
1087
348
-672
-1163
-1031
-805
-1013
-2131
-3487
-4329
-3882
-2475
-1281
-517
-76
682
1237
1337
569
-419
-1022
-1149
-1360
-2229
-3082
-3232
-2251
-957
94
666
1061
1488
1880
1873
1310
569
158
141
279
384
538
840
1550
2541
3551
3939
3928
3770
3960
3885
989
-4000
-8300
-7524
-3644
-922
-918
-1019
1354
4202
5424
4034
2625
2496
3132
1983
-1160
-3891
-4286
-2790
-1113
337
1790
3168
3845
3278
1520
-818
-2764
-3548
-3133
-1555
257
1617
1899
1632
1106
482
-286
-855
-768
-294
-94
-660
-1683
-2523
-3217
-4546
-5400
-4767
-1723
1379
2662
1912
896
760
660
-100
-1673
-2195
-1696
-855
-1416
-2753
-3530
-2772
-962
779
1995
2728
3229
3100
2092
488
-751
-952
-191
1050
2302
3103
3533
3555
3622
3607
3871
1903
-2410
-6778
-7298
-4150
-1848
-1722
-2202
175
3632
5891
5146
3571
3179
3526
2406
-1119
-4238
-4816
-2974
-1078
66
907
2118
3275
3436
2105
-40
-1900
-2617
-2310
-1249
-58
852
1252
1387
1428
1131
392
-540
-959
-965
-1026
-1460
-2025
-2273
-2104
-1466
-1289
-2015
-2389
-1745
-68
619
158
-627
-520
196
345
-345
-1402
-1385
-828
-407
-1121
-1946
-2073
-1259
-275
371
834
1300
1860
1972
1555
761
307
389
932
1533
2147
2723
3137
3499
3530
3931
3734
815
-4135
-7674
-6134
-2605
-1197
-2390
-2406
685
4333
5757
4246
2995
3219
3933
2167
-1502
-4128
-3941
-2126
-819
-204
392
1554
2616
2630
1249
-763
-2139
-2284
-1433
-195
737
1112
1042
1021
877
335
-624
-1261
-1147
-798
-850
-1458
-1904
-1732
-1442
-1932
-3302
-3706
-2112
532
1847
1072
-140
-280
563
686
-283
-1514
-1497
-689
-611
-1925
-3254
-2996
-1264
594
1513
1782
2063
2441
2333
1364
125
-259
243
1432
2107
2498
2539
2645
2914
3019
3745
2322
-1557
-6295
-7133
-3944
-1437
-1647
-2795
-763
2965
5655
4866
2835
2279
3200
3026
-117
-3522
-4528
-2834
-1015
-330
-164
716
2370
3363
2598
393
-1627
-2254
-1737
-775
-106
286
519
890
1291
1230
563
-333
-782
-842
-969
-1358
-1636
-1531
-1079
-706
-465
-1103
-2135
-2830
-2179
-632
462
638
214
353
601
589
-312
-921
-744
-116
-261
-1492
-2617
-2657
-1461
-196
768
1487
2448
3096
2893
1766
530
82
350
1082
1655
2326
2764
3177
3258
3632
2790
-1014
-5723
-7394
-3971
-806
-930
-3034
-2272
1373
4477
4498
2620
2327
3671
4164
1111
-3006
-4710
-3078
-911
-187
-343
203
1685
2735
2077
40
-1760
-2139
-1425
-506
45
225
346
472
767
875
668
86
-358
-634
-1062
-1631
-2384
-2896
-3135
-2644
-1574
-511
41
126
372
744
1152
1015
532
-89
-496
-923
-1665
-2263
-2233
-1503
-810
-402
-161
258
897
1274
1225
953
931
1123
1123
831
662
858
1430
1920
2114
2330
2484
2823
2865
3230
1892
-2110
-6417
-6883
-2786
94
-426
-2389
-1153
2158
4258
3151
1114
1380
3175
3451
69
-3572
-4411
-2191
-276
-7
-353
437
2129
2938
1697
-630
-2058
-1780
-765
-202
-257
-433
-277
94
610
840
723
428
264
-122
-812
-1824
-2530
-2650
-2215
-1676
-1445
-1262
-784
16
544
742
809
1082
1181
807
-24
-805
-1224
-1358
-1379
-1412
-1236
-741
-84
453
890
1189
1451
1467
1357
1186
1119
1192
1272
1470
1703
1845
1921
1936
2107
2116
2472
2408
-267
-4523
-6642
-3705
-227
-190
-2695
-2932
226
3272
3531
1445
960
2365
3486
1166
-2448
-3918
-2252
-288
-127
-790
-475
1150
2279
1640
-292
-1497
-1281
-370
-67
-407
-817
-601
17
623
862
773
597
322
-57
-935
-1810
-2197
-1637
-977
-1650
-2353
-2599
-1390
-519
-216
-214
437
1675
1903
1245
-92
-247
-259
-209
-1054
-1709
-1686
-1054
-383
27
671
1277
1931
1954
1508
823
684
887
1349
1601
1683
1715
1911
2342
2686
2906
3395
3037
-342
-4996
-6693
-3425
-361
-1186
-3772
-3233
707
3629
3192
992
1166
3028
3551
565
-2694
-3069
-1033
24
-941
-1666
-573
1484
2015
636
-1221
-1547
-612
175
-49
-544
-585
60
706
860
508
313
403
379
-356
-1557
-2358
-2046
-919
-146
-676
-2427
-3046
-2017
-143
149
-618
-592
941
2401
1680
-42
-914
329
1303
637
-1458
-2414
-1501
-348
-240
-743
-207
1340
2749
2478
1298
647
1295
1914
1784
1188
1051
1912
2645
2956
2413
2854
2580
-465
-4945
-6320
-2490
444
-722
-4333
-4015
-206
2926
2313
415
1423
3813
4235
457
-2958
-3112
-613
294
-913
-1749
-530
1497
1804
273
-1556
-1530
-358
435
-137
-863
-926
-89
750
908
381
69
433
685
150
-1119
-1940
-1931
-1310
-1138
-1472
-2364
-3071
-2437
-547
1224
1083
78
-110
1291
2325
1450
-398
-958
198
685
-605
-2367
-2076
-123
1256
699
-242
256
1869
2609
1676
584
713
1771
2214
1802
1187
1624
2661
3425
3051
2870
2198
-945
-4972
-5735
-1862
506
-1288
-4486
-3604
447
2920
1816
68
1465
3686
3336
-400
-2971
-2129
140
357
-1293
-1837
-402
1502
1522
-70
-1618
-1468
-286
199
-499
-1223
-874
282
1168
872
-101
-491
55
512
-55
-1067
-1582
-1099
-625
-748
-2044
-3867
-4059
-2053
884
1309
-246
-1364
264
2587
2536
545
-683
510
1441
409
-2070
-2655
-838
1013
747
-531
-440
1131
2464
2067
1006
956
1945
2340
1617
815
1066
2172
3073
3094
2672
2958
3235
709
-4064
-6363
-3152
888
357
-3456
-4768
-1301
2274
2016
-640
-641
2092
3658
1612
-1510
-2040
-303
690
-610
-2024
-1554
362
1594
899
-793
-1682
-1164
-512
-600
-1034
-862
172
1235
1202
69
-796
-639
-64
-157
-750
-967
-267
337
-409
-2607
-4591
-4341
-1961
265
210
-1147
-1200
856
2713
2191
324
-335
734
1362
133
-1660
-1764
-223
766
164
-604
140
1920
2831
1946
700
700
1680
1978
1342
823
1427
2753
3474
3296
2905
3566
2625
-1098
-4924
-4091
-186
673
-2525
-5343
-2976
1376
2830
186
-1483
388
2749
2108
-701
-1683
-140
1474
629
-1474
-2077
-445
1537
1582
-172
-1770
-1796
-960
-762
-1145
-1297
-426
892
1526
829
-210
-459
-277
-326
-864
-1192
-1047
-596
-604
-1451
-2639
-3194
-2622
-1478
-707
-655
-654
113
1370
1830
1104
272
326
745
609
-218
-822
-628
13
213
71
340
1372
2252
2081
1295
1027
1667
2099
1892
1286
1428
1986
2564
2459
2553
3258
2183
-1187
-3871
-1924
891
-72
-4186
-5686
-2239
1930
2379
-593
-1667
392
2331
1038
-1404
-1580
355
1710
607
-1478
-2281
-863
1181
1490
-135
-1672
-1452
-404
-113
-841
-1486
-1038
103
814
574
125
13
12
-225
-725
-1349
-1726
-1908
-1806
-1555
-1150
-1174
-1774
-2251
-1728
-313
540
427
-43
229
929
1317
925
300
119
251
135
-346
-446
18
793
1402
1647
1718
1776
1969
2044
1976
1778
1652
1664
1776
2001
2266
2578
3038
2626
33
-2745
-2192
1321
2039
-1757
-5658
-4551
-30
2433
669
-1886
-973
1792
2475
-11
-2060
-1490
495
1093
-146
-1452
-1210
338
1310
455
-1331
-1963
-958
235
214
-738
-1323
-742
84
230
-290
-500
-263
12
-334
-1340
-2164
-2442
-2065
-1650
-1149
-1126
-1514
-1716
-1247
-238
200
-110
-727
-517
215
653
435
255
638
946
662
90
114
579
952
858
649
888
1637
2352
2413
2119
1923
2097
2244
2123
1941
2125
2711
3183
1850
-1372
-3211
-873
2443
1458
-2764
-4928
-2119
1652
1916
-1240
-2847
-622
2171
2024
-337
-1390
-566
377
-252
-1422
-1569
-291
996
801
-666
-1796
-1425
-387
18
-382
-721
-440
238
543
69
-632
-903
-604
-251
-360
-934
-1633
-2184
-2429
-2076
-1294
-949
-1386
-1784
-1156
34
428
-172
-701
-299
423
532
-54
-391
85
760
953
726
752
1022
1342
1216
902
925
1464
2092
2120
2041
1991
2326
2430
2253
2079
2178
2926
2450
-14
-2542
-1322
1990
1944
-1993
-5025
-2832
1547
2911
-341
-3338
-1996
1385
2305
-114
-2001
-1313
689
1023
-493
-1771
-1246
298
684
-505
-1673
-1125
220
558
-619
-1799
-1470
127
1197
612
-603
-1145
-781
-376
-487
-1212
-1845
-1719
-1176
-984
-1575
-2157
-1900
-743
81
-325
-1182
-1180
-134
598
330
-457
-594
121
635
317
-154
253
1156
1597
1306
940
1153
1819
2273
2023
1595
1671
2249
2692
2462
2056
1888
2387
2942
1893
-880
-2363
65
2707
1101
-3189
-4426
-909
2562
1625
-2407
-3723
-646
2558
1942
-929
-2022
-761
576
84
-1102
-1181
24
796
-178
-1831
-2140
-713
429
-7
-1332
-1733
-591
793
747
-639
-1439
-910
70
188
-602
-1737
-2073
-1276
-461
-782
-1969
-2438
-1670
-324
-8
-774
-1224
-304
835
548
-633
-1073
-100
926
860
121
34
896
1557
1325
725
842
1718
2309
2120
1640
1897
2586
2786
2348
1828
2001
2535
3043
1760
-766
-1575
755
2603
136
-3576
-3946
-144
2524
825
-2968
-3424
162
2628
1157
-1831
-2119
-160
1249
431
-1130
-1231
42
743
-387
-1688
-1411
-60
291
-995
-2320
-2023
-275
839
144
-1212
-1487
-622
-34
-375
-1354
-1753
-1076
-152
-384
-1656
-2226
-1430
-315
-390
-1205
-1450
-539
461
414
-362
-676
-125
308
225
152
522
961
1105
952
871
1240
1764
2007
1712
1594
1888
2451
2564
2116
1881
2216
3028
3325
2165
-340
-1490
460
2475
821
-2850
-3564
-333
2345
852
-3035
-4049
-931
2098
1339
-1533
-2376
-688
856
199
-1371
-1708
-375
830
417
-721
-915
-168
-32
-887
-1716
-1372
-135
516
-379
-1630
-1669
-673
34
-364
-1535
-2180
-1273
152
186
-1208
-2079
-1201
158
173
-1050
-1574
-475
869
742
-602
-1141
-209
748
526
-163
-80
819
1558
1316
793
991
1954
2313
1780
1259
1746
2711
2854
2135
1498
2024
2843
3105
1381
-637
-586
1913
2595
-436
-3313
-2404
999
1709
-1053
-3885
-2541
1084
2152
-600
-3313
-2527
81
1151
-241
-1603
-1063
414
800
-353
-1225
-739
139
-32
-1076
-1383
-600
237
-281
-1416
-1809
-1077
-441
-705
-1427
-1764
-1198
-591
-579
-1142
-1284
-934
-606
-585
-664
-509
-404
-443
-556
-446
-15
355
376
137
347
964
1299
1166
909
1023
1393
1851
1985
1742
1694
2086
2555
2533
2254
2227
2368
2852
2331
550
-782
813
2974
1371
-2231
-3095
214
2515
604
-3385
-4038
-366
2322
467
-3324
-3726
-872
1188
79
-2163
-2259
-351
998
183
-1124
-834
399
605
-749
-1757
-1226
79
249
-1102
-2227
-1717
-399
-243
-1493
-2575
-2047
-461
211
-783
-1947
-1474
119
791
-115
-1229
-929
224
667
-139
-893
-545
352
628
201
193
954
1725
1690
1260
1350
2150
2525
2050
1705
2255
3004
2878
2377
2202
2703
3138
1978
-7
-279
1891
2406
-372
-2782
-1487
1694
1793
-1383
-3884
-2014
1559
1768
-1659
-4065
-2359
449
708
-1577
-3141
-1977
305
934
-615
-1753
-1129
-44
-52
-806
-1027
-498
110
-165
-1015
-1368
-958
-781
-1502
-2253
-2058
-1230
-863
-1312
-1840
-1622
-736
-237
-543
-897
-467
226
371
86
-25
275
570
637
430
434
809
1174
1156
1086
1402
1661
1734
1755
2214
2618
2889
2667
2541
2773
3388
3461
1995
505
811
2861
2561
-432
-2422
-560
2179
1330
-2254
-4071
-1482
1654
899
-2645
-4000
-1526
895
161
-2381
-3208
-1346
587
297
-1548
-2075
-845
193
-299
-1343
-1362
-492
114
-480
-1520
-1615
-789
-512
-1547
-2447
-1984
-738
-413
-1444
-2466
-1995
-488
45
-943
-1796
-1098
241
627
-31
-468
49
879
988
534
503
1210
1815
1759
1399
1557
2212
2616
2274
1828
2099
2847
3232
2764
2328
2710
2810
1744
891
1874
2673
1088
-803
-211
1949
1908
-742
-2780
-1430
1338
1286
-1582
-3334
-1761
321
-75
-2227
-3256
-1939
-133
-68
-1515
-2113
-1042
-23
-346
-1320
-1463
-648
-56
-492
-1397
-1545
-1063
-1018
-1613
-2151
-1932
-1444
-1356
-1939
-2345
-1940
-1213
-1034
-1502
-1472
-718
-25
-210
-638
-469
173
553
335
89
468
1341
1835
1558
1322
1705
2450
2702
2408
2098
2371
3159
3471
3101
2671
2869
2559
1704
1494
2282
2040
291
-471
848
2130
782
-1626
-1929
305
1749
160
-2236
-2211
-48
881
-769
-2673
-2373
-427
449
-687
-2058
-1779
-427
17
-917
-1946
-1726
-604
-61
-738
-1758
-1821
-1200
-976
-1494
-2097
-2145
-1764
-1386
-1523
-1979
-2062
-1651
-1264
-1279
-1248
-1058
-877
-846
-775
-484
-161
55
-41
97
776
1569
1731
1340
1264
1876
2724
2930
2488
2243
2703
3472
3706
3438
2984
2236
1742
2288
3178
2238
121
-223
1752
2817
790
-1806
-1620
955
1884
-367
-2757
-2116
251
664
-1258
-2751
-1827
24
338
-921
-1695
-872
193
32
-940
-1339
-732
-101
-323
-1137
-1540
-1187
-949
-1573
-2618
-2739
-1925
-1453
-2103
-2885
-2489
-1406
-1130
-2050
-2512
-1488
-274
-520
-1489
-1349
-212
295
-329
-831
-166
1138
1569
903
378
1148
2322
2547
1880
1572
2472
3565
3812
3092
2784
2740
2529
2512
2970
2661
1141
665
1882
2763
1229
-932
-1000
938
1848
27
-2094
-1684
361
721
-1177
-2608
-1799
-2
362
-919
-1865
-1138
152
199
-787
-1365
-819
-34
-28
-796
-1247
-1014
-808
-1153
-1654
-1823
-1769
-1764
-1918
-2025
-1994
-1947
-1981
-1993
-1891
-1722
-1587
-1518
-1389
-1137
-840
-632
-538
-475
-183
378
942
1062
967
1178
1775
2193
2046
1849
2140
2905
3351
3261
2563
1705
1796
2976
3348
1652
320
1455
3279
2602
5
-1106
551
2410
1446
-1233
-1987
-22
1287
-223
-2369
-2313
-460
505
-515
-1857
-1562
-37
506
-492
-1439
-963
149
321
-545
-1210
-958
-422
-666
-1529
-1927
-1497
-1164
-1597
-1983
-1782
-1427
-1633
-2027
-1842
-1145
-806
-1284
-1705
-1206
-277
-180
-860
-1101
-334
606
684
-15
-199
680
1698
1644
1176
1315
2125
2702
2622
2457
2084
2022
2288
2928
2391
1097
835
1974
2671
1280
-382
-324
1402
1942
231
-1479
-1019
670
859
-615
-1763
-1262
-25
106
-810
-1397
-808
-106
-215
-703
-924
-640
-392
-502
-869
-824
-612
-793
-1219
-1287
-999
-1042
-1486
-1787
-1462
-1123
-1358
-1837
-1946
-1540
-1181
-1245
-1503
-1269
-578
-203
-332
-400
48
540
694
575
618
1017
1451
1486
1272
1469
2047
2320
2122
1651
1293
1516
2186
2022
551
-106
1202
2646
1762
-402
-936
876
2413
1271
-1005
-1336
512
1462
20
-1846
-1785
-181
665
-162
-1237
-999
30
269
-398
-981
-810
-314
-96
-273
-413
-444
-745
-1110
-1072
-754
-999
-1537
-1554
-972
-874
-1594
-2060
-1569
-802
-850
-1391
-1406
-580
115
-90
-591
-312
555
934
531
221
645
1409
1715
1293
1080
1659
2434
2490
2174
1877
1576
1619
2008
1714
439
4
1085
1850
769
-899
-1005
480
1356
79
-1736
-1615
-57
359
-983
-2056
-1478
-141
268
-531
-1122
-528
407
349
-431
-756
-363
39
-119
-627
-850
-632
-453
-578
-768
-890
-1055
-1145
-999
-882
-1134
-1495
-1437
-975
-772
-1085
-1401
-1094
-375
-9
-269
-473
25
749
896
444
465
1161
1900
1849
1533
1741
2449
3021
2643
1667
1230
2186
2924
1764
164
460
1955
1841
-133
-1437
-494
1102
660
-1301
-2070
-778
151
-891
-2341
-2327
-1076
-425
-1006
-1706
-1223
-174
1
-688
-1094
-730
-269
-157
-393
-606
-778
-733
-460
-184
-490
-1193
-1237
-339
315
-410
-1490
-1367
-183
274
-629
-1502
-1024
224
611
-106
-605
34
979
1041
422
350
1108
1695
1579
1288
1621
2283
2553
2072
1328
1457
2307
2545
1273
357
1120
2313
1780
-117
-837
375
1630
707
-1180
-1565
-346
209
-975
-2293
-2243
-1243
-852
-1542
-2117
-1696
-870
-805
-1290
-1459
-1148
-820
-785
-826
-886
-845
-855
-799
-683
-659
-886
-1053
-723
-284
-349
-873
-969
-427
10
-215
-632
-382
392
885
659
369
759
1460
1676
1246
1056
1440
2019
2147
1806
1666
1989
2220
1575
1080
1471
1902
1238
547
1007
1659
1106
-262
-563
472
1153
64
-1450
-1353
-124
15
-1387
-2490
-1981
-826
-681
-1676
-2196
-1364
-412
-583
-1436
-1575
-1021
-450
-476
-942
-1247
-1114
-641
-555
-939
-1505
-1441
-768
-344
-666
-1335
-1273
-502
83
-342
-971
-616
401
889
462
200
697
1555
1776
1363
1171
1709
2318
2231
1907
2029
2495
2610
1975
1362
1587
2222
1821
760
794
1704
1687
276
-575
82
1009
524
-986
-1547
-665
7
-906
-2265
-2364
-1379
-797
-1391
-2235
-2082
-1121
-692
-1270
-1850
-1703
-1119
-721
-936
-1433
-1505
-932
-556
-835
-1319
-1379
-901
-487
-544
-932
-934
-487
-107
-180
-400
-215
247
640
706
782
967
1302
1479
1506
1556
1779
2030
2067
2122
2268
2563
2360
1870
1696
2135
2188
1365
894
1387
1977
1266
95
-79
744
1018
-23
-1074
-932
-126
-246
-1403
-2190
-1831
-1109
-1177
-1913
-2224
-1636
-995
-1219
-1783
-1928
-1580
-1231
-1230
-1491
-1785
-1594
-1218
-1047
-1398
-1755
-1540
-941
-688
-1108
-1417
-1115
-439
-163
-467
-658
-145
674
911
685
785
1373
1896
1919
1752
1757
2210
2583
2451
2212
2475
2794
2333
1786
1942
2331
1845
1069
1084
1679
1647
650
-96
310
1083
722
-552
-1119
-432
151
-488
-1649
-1920
-1218
-703
-1184
-1920
-1824
-1083
-807
-1365
-1922
-1821
-1365
-1287
-1675
-2002
-1899
-1598
-1506
-1699
-1909
-1883
-1614
-1359
-1326
-1448
-1418
-1094
-645
-418
-474
-391
135
817
1138
1110
1205
1608
2042
2162
2043
2066
2368
2742
2840
2697
2250
1987
2248
2577
2048
1158
1281
2017
1999
863
84
500
1289
990
-299
-955
-326
330
-257
-1390
-1657
-979
-507
-998
-1704
-1597
-850
-675
-1254
-1770
-1684
-1244
-1103
-1520
-2115
-1970
-1402
-1275
-1862
-2293
-2027
-1462
-1289
-1716
-1996
-1633
-936
-697
-945
-979
-445
293
617
602
722
1200
1718
1864
1773
1830
2277
2612
2621
2481
2535
2417
2206
2248
2348
1929
1326
1438
1919
1803
819
84
419
1163
897
-359
-1030
-412
256
-240
-1353
-1703
-983
-333
-753
-1615
-1624
-816
-421
-882
-1576
-1786
-1301
-810
-1075
-1930
-2175
-1573
-1031
-1442
-2331
-2484
-1682
-1057
-1520
-2257
-2086
-1110
-539
-923
-1362
-823
326
886
549
499
1171
2065
2195
1914
1839
2408
3047
3079
2652
2203
2418
2887
2983
2057
1292
1672
2494
2202
817
46
643
1534
1031
-467
-1108
-294
461
-202
-1504
-1847
-983
-312
-891
-1876
-1859
-910
-469
-1105
-1874
-1704
-951
-725
-1378
-2039
-1815
-1153
-1108
-1819
-2259
-1878
-1321
-1340
-1835
-2046
-1625
-1023
-916
-1241
-1224
-620
103
310
220
437
1074
1656
1740
1594
1708
2231
2659
2630
2219
1971
2339
2779
2528
1687
1475
2057
2433
1770
740
640
1355
1594
635
-283
-133
524
408
-499
-1141
-889
-304
-444
-1203
-1546
-995
-513
-840
-1598
-1747
-1142
-704
-1181
-2029
-1994
-1223
-929
-1704
-2421
-2083
-1256
-1251
-2011
-2297
-1689
-1033
-1088
-1481
-1451
-754
-71
-34
-223
180
1018
1374
1247
1218
1610
2061
2307
2181
1899
1805
2146
2404
2061
1397
1270
1815
2074
1473
557
500
1240
1546
677
-280
-109
695
724
-212
-971
-681
94
134
-703
-1224
-716
-57
-240
-1103
-1473
-1014
-404
-660
-1513
-1757
-1144
-667
-1179
-1901
-1899
-1212
-936
-1455
-1964
-1675
-965
-761
-1185
-1377
-837
-75
84
-145
53
695
1205
1120
1088
1283
1783
2000
1901
1554
1461
1839
2038
1660
1010
1084
1597
1711
964
198
364
1116
1130
97
-613
-172
491
251
-670
-1130
-644
62
-54
-875
-1153
-531
-36
-471
-1198
-1261
-782
-526
-934
-1420
-1330
-932
-924
-1337
-1483
-1250
-1059
-1189
-1344
-1216
-923
-746
-741
-638
-338
-17
172
340
611
912
1120
1236
1375
1582
1703
1732
1771
1687
1443
1382
1625
1564
1017
711
990
1297
910
196
-70
396
750
236
-600
-726
-168
21
-461
-1035
-988
-462
-149
-511
-930
-739
-281
-372
-915
-1132
-866
-593
-862
-1316
-1320
-842
-737
-1292
-1692
-1355
-857
-1002
-1517
-1563
-929
-387
-500
-811
-529
291
803
705
610
1024
1654
1877
1747
1688
1985
2315
2185
1726
1547
1881
1964
1419
839
960
1374
1182
386
-146
199
673
319
-651
-1071
-603
-179
-546
-1337
-1576
-1002
-443
-710
-1351
-1346
-709
-466
-854
-1294
-1192
-813
-678
-945
-1199
-1020
-781
-826
-1086
-1130
-981
-871
-951
-1036
-844
-514
-366
-403
-269
180
609
822
843
1048
1426
1816
1886
1747
1798
2104
2232
1807
1446
1550
1829
1492
888
724
1089
1178
544
-108
-46
502
439
-353
-1013
-796
-233
-305
-1076
-1583
-1155
-456
-474
-1133
-1473
-1066
-548
-613
-1168
-1411
-1133
-790
-818
-1095
-1223
-1182
-1062
-1045
-1057
-1163
-1326
-1304
-1014
-701
-685
-759
-674
-251
307
627
652
754
1262
1755
1983
1918
1998
2171
2439
2355
1980
1817
2026
2102
1587
1127
1075
1379
1227
523
-114
64
540
288
-569
-1077
-805
-420
-593
-1279
-1666
-1274
-714
-807
-1340
-1503
-1189
-900
-978
-1282
-1362
-1151
-936
-967
-1059
-1063
-1044
-1023
-994
-919
-892
-940
-968
-805
-496
-298
-319
-304
-14
492
853
929
922
1182
1662
1877
1816
1748
1965
1993
1837
1684
1726
1737
1519
1232
1089
1239
1185
759
254
238
438
402
-53
-531
-685
-495
-407
-800
-1270
-1328
-997
-852
-1028
-1340
-1446
-1272
-1115
-1173
-1363
-1426
-1347
-1137
-1007
-1069
-1229
-1200
-984
-792
-729
-794
-811
-603
-207
35
43
63
326
727
1033
1163
1165
1340
1594
1762
1739
1759
1695
1530
1466
1522
1493
1242
1011
906
975
959
683
312
213
341
290
-17
-331
-447
-447
-493
-737
-990
-1031
-947
-978
-1130
-1208
-1191
-1110
-1127
-1286
-1430
-1389
-1196
-1098
-1138
-1227
-1200
-1048
-897
-876
-910
-812
-574
-336
-183
-75
86
339
591
792
992
1264
1536
1700
1757
1805
1912
2003
1957
1714
1486
1446
1509
1419
1128
838
735
756
628
311
71
66
59
-118
-384
-543
-602
-648
-794
-1018
-1126
-1060
-1002
-1092
-1233
-1269
-1217
-1202
-1293
-1435
-1452
-1339
-1254
-1311
-1375
-1356
-1258
-1162
-1132
-1125
-1021
-750
-474
-326
-240
-50
250
575
828
1060
1329
1619
1854
2007
2103
2174
2246
2198
2007
1814
1790
1810
1689
1430
1185
1043
944
778
524
327
251
191
15
-246
-435
-522
-591
-751
-929
-986
-939
-931
-1062
-1193
-1221
-1158
-1150
-1263
-1411
-1447
-1352
-1328
-1429
-1560
-1535
-1466
-1475
-1568
-1569
-1405
-1171
-1027
-1020
-945
-660
-248
31
167
395
811
1280
1596
1735
1850
2061
2324
2379
2228
2093
2177
2305
2253
2007
1720
1588
1499
1322
1008
762
621
462
223
-107
-384
-576
-674
-843
-1048
-1144
-1113
-1125
-1260
-1386
-1438
-1390
-1309
-1293
-1358
-1370
-1275
-1220
-1283
-1343
-1315
-1244
-1206
-1194
-1202
-1139
-995
-866
-804
-691
-438
-155
74
262
484
775
1086
1317
1450
1584
1776
1886
1880
1824
1823
1889
1948
1890
1698
1547
1478
1399
1233
1040
847
678
528
336
78
-177
-371
-538
-690
-822
-941
-1064
-1165
-1278
-1394
-1475
-1484
-1493
-1503
-1488
-1483
-1498
-1517
-1502
-1493
-1447
-1359
-1272
-1202
-1111
-966
-810
-632
-435
-224
6
264
528
752
965
1172
1400
1589
1734
1811
1832
1839
1858
1902
1905
1869
1773
1682
1588
1501
1374
1227
1076
930
783
592
378
138
-81
-297
-506
-696
-868
-1026
-1190
-1335
-1451
-1565
-1667
-1755
-1784
-1778
-1726
-1686
-1693
-1715
-1692
-1610
-1523
-1417
-1330
-1228
-1095
-938
-800
-669
-484
-270
-45
183
400
600
826
1076
1271
1404
1528
1633
1716
1790
1845
1859
1856
1874
1859
1803
1722
1645
1549
1476
1387
1254
1079
896
717
529
338
114
-125
-341
-508
-683
-894
-1120
-1338
-1506
-1605
-1674
-1775
-1877
-1946
-1991
-2003
-1975
-1929
-1884
-1801
-1695
-1581
-1440
-1259
-1074
-875
-648
-415
-188
63
310
533
761
983
1178
1334
1482
1554
1594
1628
1659
1666
1669
1667
1613
1539
1462
1384
1287
1226
1154
1054
933
829
719
589
465
327
189
46
-58
-169
-306
-462
-614
-761
-910
-1018
-1124
-1243
-1383
-1493
-1607
-1705
-1747
-1752
-1765
-1763
-1713
-1640
-1530
-1390
-1210
-1041
-826
-581
-331
-107
131
372
615
848
1047
1186
1270
1356
1430
1510
1541
1562
1540
1516
1465
1401
1317
1214
1115
1013
900
752
618
473
322
169
36
-102
-212
-302
-394
-493
-577
-642
-702
-751
-823
-904
-977
-1017
-1072
-1124
-1162
-1190
-1205
-1182
-1167
-1170
-1134
-1057
-954
-838
-692
-552
-400
-216
-27
156
337
547
724
879
983
1053
1094
1163
1237
1283
1310
1308
1275
1227
1194
1135
1055
977
897
781
657
522
360
189
63
-54
-171
-272
-373
-488
-587
-659
-727
-789
-853
-927
-1008
-1073
-1130
-1187
-1232
-1248
-1240
-1203
-1158
-1117
-1086
-1020
-911
-769
-614
-460
-293
-124
69
258
437
601
774
941
1064
1119
1146
1173
1226
1275
1302
1261
1203
1151
1128
1090
1017
935
848
753
628
510
365
236
121
33
-94
-207
-288
-354
-436
-514
-581
-662
-717
-767
-835
-941
-1008
-1064
-1123
-1161
-1177
-1176
-1170
-1131
-1100
-1059
-975
-846
-717
-585
-429
-257
-80
100
268
412
566
741
879
953
999
1055
1109
1162
1191
1167
1117
1081
1065
1017
944
868
784
671
543
394
249
124
40
-57
-180
-292
-371
-420
-473
-512
-568
-596
-616
-624
-677
-741
-785
-811
-825
-847
-852
-866
-853
-824
-795
-765
-697
-590
-489
-382
-273
-146
-20
129
260
369
478
592
695
740
781
822
878
920
946
934
887
867
862
851
807
760
697
597
483
350
227
120
37
-65
-179
-296
-377
-446
-501
-566
-613
-639
-656
-677
-715
-751
-788
-790
-791
-786
-785
-766
-734
-698
-654
-603
-513
-406
-288
-171
-60
50
169
312
436
539
630
717
770
793
818
830
833
831
825
772
697
655
616
563
507
462
377
278
191
102
3
-71
-126
-208
-281
-343
-390
-448
-491
-517
-536
-524
-521
-529
-573
-591
-604
-592
-579
-572
-571
-560
-529
-496
-457
-399
-316
-224
-117
-14
77
160
267
372
473
566
652
707
755
783
788
777
770
760
737
704
650
568
481
394
308
230
160
71
-43
-144
-256
-350
-434
-487
-560
-606
-642
-670
-701
-708
-703
-698
-661
-622
-586
-573
-545
-527
-491
-435
-378
-327
-285
-228
-160
-68
27
131
224
318
409
503
589
653
716
767
825
866
900
903
888
868
854
836
792
726
644
563
477
392
299
186
54
-76
-207
-344
-471
-578
-686
-797
-892
-977
-1047
-1090
-1085
-1065
-1039
-1005
-966
-921
-859
-761
-661
-568
-482
-398
-314
-220
-125
-35
58
158
258
366
464
546
623
705
775
838
905
970
1010
1032
1050
1026
1009
1004
1017
996
961
881
765
657
579
520
423
311
150
-17
-180
-302
-421
-556
-685
-811
-927
-1039
-1121
-1203
-1272
-1307
-1310
-1305
-1298
-1269
-1228
-1172
-1091
-987
-877
-755
-613
-465
-332
-202
-64
79
221
373
516
635
747
856
949
1021
1091
1138
1181
1227
1265
1267
1243
1211
1170
1130
1086
1018
918
829
739
633
496
346
171
6
-128
-244
-373
-516
-649
-788
-902
-996
-1075
-1163
-1229
-1270
-1297
-1313
-1321
-1311
-1291
-1243
-1174
-1090
-1004
-901
-786
-663
-540
-413
-282
-150
-8
135
274
393
512
632
757
871
975
1058
1125
1189
1255
1307
1332
1346
1342
1322
1290
1243
1166
1081
996
896
774
633
476
301
146
-2
-157
-311
-456
-606
-744
-863
-977
-1089
-1181
-1249
-1308
-1346
-1360
-1360
-1338
-1286
-1219
-1145
-1052
-943
-823
-695
-565
-440
-316
-184
-50
76
190
298
395
493
589
671
745
815
882
946
999
1034
1057
1076
1089
1091
1077
1047
993
933
873
808
727
634
517
385
255
139
19
-106
-240
-377
-509
-628
-738
-848
-948
-1035
-1107
-1170
-1207
-1227
-1230
-1210
-1162
-1109
-1035
-938
-833
-729
-613
-486
-365
-231
-96
25
131
238
341
430
519
602
675
744
817
876
922
958
987
1003
1008
1009
992
961
917
869
804
738
663
578
480
377
265
153
44
-71
-186
-306
-421
-531
-633
-729
-814
-891
-957
-1018
-1062
-1092
-1105
-1099
-1074
-1033
-980
-905
-820
-726
-627
-520
-406
-286
-168
-50
57
157
255
352
436
514
596
673
741
807
864
900
931
959
967
957
950
931
894
853
805
738
665
594
509
413
316
216
106
-5
-108
-220
-331
-435
-532
-628
-711
-780
-844
-900
-945
-976
-1001
-1007
-997
-969
-929
-869
-799
-722
-640
-556
-461
-362
-249
-139
-32
62
155
244
324
404
485
569
646
716
771
814
842
873
894
908
909
899
871
832
791
742
686
621
544
454
363
266
164
55
-57
-174
-285
-389
-493
-593
-685
-775
-852
-913
-962
-999
-1023
-1034
-1035
-1020
-987
-937
-873
-794
-714
-631
-546
-448
-340
-227
-114
-7
91
188
281
366
448
530
608
682
746
795
834
868
896
915
928
936
929
910
885
849
807
762
708
640
567
488
399
302
201
96
-10
-114
-219
-333
-445
-553
-653
-747
-829
-905
-972
-1027
-1064
-1090
-1102
-1094
-1073
-1036
-982
-916
-842
-759
-663
-559
-449
-332
-213
-97
20
134
238
341
439
531
614
692
759
816
865
904
931
945
952
948
932
912
884
844
795
738
671
597
521
439
356
270
185
97
3
-97
-193
-288
-380
-464
-544
-628
-705
-771
-829
-875
-910
-937
-955
-956
-940
-910
-875
-828
-777
-717
-639
-549
-453
-354
-254
-159
-63
33
130
228
324
413
494
569
636
695
748
792
822
840
854
855
845
827
798
755
707
652
588
518
443
366
287
209
127
42
-48
-139
-226
-307
-384
-458
-524
-586
-641
-687
-724
-756
-777
-784
-779
-764
-737
-705
-664
-617
-559
-491
-416
-337
-254
-173
-94
-18
58
133
205
277
346
403
453
500
543
577
607
628
636
641
643
635
621
596
564
526
477
430
378
320
256
192
125
54
-17
-90
-167
-242
-309
-371
-430
-480
-524
-564
-600
-624
-641
-651
-647
-633
-610
-580
-537
-487
-429
-366
-295
-220
-142
-59
18
90
158
220
277
331
379
421
452
484
505
519
529
532
528
520
513
503
488
465
436
400
360
316
272
219
161
103
45
-18
-81
-145
-213
-284
-349
-404
-455
-496
-532
-566
-597
-613
-622
-623
-617
-603
-579
-544
-499
-443
-380
-313
-242
-164
-84
-2
78
153
218
279
332
378
418
451
477
496
511
522
525
524
520
510
499
487
475
459
438
415
387
352
313
268
219
166
111
53
-10
-80
-152
-226
-300
-366
-425
-479
-531
-574
-611
-637
-652
-660
-662
-654
-635
-602
-559
-502
-439
-371
-298
-220
-145
-67
9
79
147
207
261
306
339
364
385
404
419
430
432
425
415
404
392
382
369
352
333
315
296
275
253
230
202
173
141
105
64
22
-28
-77
-124
-168
-210
-255
-302
-345
-382
-413
-435
-448
-458
-462
-459
-446
-424
-390
-345
-294
-238
-178
-119
-60
-4
50
102
153
199
239
273
294
309
317
320
319
318
315
308
296
282
265
246
229
213
196
178
162
147
129
109
90
70
48
26
1
-30
-65
-98
-132
-168
-202
-233
-266
-297
-326
-348
-366
-379
-387
-390
-386
-371
-345
-313
-275
-231
-182
-131
-76
-17
39
92
141
186
224
259
288
310
324
332
336
337
331
321
306
284
258
233
209
184
161
137
111
87
61
35
13
-8
-29
-47
-66
-83
-100
-122
-142
-161
-179
-193
-207
-221
-236
-249
-262
-273
-280
-285
-286
-281
-273
-258
-238
-213
-188
-156
-119
-81
-40
0
39
78
118
156
191
220
240
258
270
276
281
281
273
265
253
238
223
204
182
159
135
114
96
76
56
36
17
3
-7
-19
-29
-42
-56
-69
-80
-89
-95
-102
-111
-121
-130
-140
-147
-153
-158
-159
-158
-156
-152
-147
-140
-131
-120
-104
-87
-67
-47
-25
-5
15
38
59
76
92
103
109
111
111
111
108
103
101
96
91
84
73
61
47
36
26
16
6
-4
-12
-20
-27
-32
-37
-43
-48
-53
-61
-66
-69
-73
-74
-72
-68
-63
-57
-49
-41
-31
-20
-10
3
13
25
39
52
62
74
83
90
96
101
104
103
102
96
89
80
71
61
51
40
30
19
7
-6
-17
-25
-35
-44
-50
-58
-66
-73
-77
-81
-84
-87
-91
-95
-98
-101
-108
-116
-124
-130
-135
-135
-130
-123
-117
-108
-96
-85
-68
-49
-28
-5
20
45
73
97
119
139
