SAMPLES:	7812
BITSPERSAMPLE:	16
CHANNELS:	1
SAMPLERATE:	16000
NORMALIZED:	FALSE
30
41
27
17
27
38
35
30
22
30
41
29
22
26
34
27
25
19
27
41
30
18
6
1
4
-3
-19
-18
-28
-47
-42
-31
-41
-35
-27
-36
-36
-22
-22
-18
-7
0
-6
-6
-7
-9
1
-10
-13
-8
-7
-12
-14
-22
-17
-8
-10
-13
-12
-14
-3
9
12
15
16
9
20
24
19
19
26
36
25
26
16
31
32
10
-1
10
19
20
9
1
3
5
-6
-24
-21
-7
-4
4
12
0
1
8
5
6
18
9
18
29
14
1
16
14
5
1
-10
-5
7
16
11
-2
-11
-3
6
-2
-28
-44
-37
-20
-26
-46
-40
-24
-16
-14
0
-7
-30
-27
-24
-27
-25
-15
-26
-35
-46
-49
-37
-12
-16
-31
-36
-43
-30
-20
-19
-5
5
-3
-10
-9
-4
9
-2
-15
4
34
33
15
8
5
22
58
61
49
35
38
53
55
32
23
38
38
44
39
20
2
14
8
-14
-38
-47
-59
-77
-69
-46
-42
-63
-56
-42
-39
-23
-9
-22
5
46
89
107
77
45
56
103
92
41
-7
22
87
131
111
71
58
74
157
201
115
3
7
48
91
79
55
-18
-46
17
133
183
39
-28
-387
-710
-180
985
147
-1718
-1165
1385
1363
-850
-1292
0
464
170
145
-365
-737
-142
664
374
-303
-439
-9
384
125
-329
-352
-42
25
5
-88
-328
-295
29
260
26
-218
-243
50
281
289
144
43
96
290
471
382
210
180
281
373
383
285
193
216
314
322
133
-25
23
136
77
-31
-128
-176
-140
-125
-198
-307
-402
-417
-348
-362
-448
-541
-580
-593
-539
-502
-516
-535
-534
-469
-376
-350
-349
-276
-209
-118
47
130
156
334
566
709
764
788
801
1041
1283
1302
1186
1244
1397
1433
1177
866
560
240
-107
-401
-634
-909
-1117
-1083
-975
-1040
-1211
-1190
-984
-889
-890
-872
-756
-599
-364
-126
10
21
66
164
305
334
185
-98
-353
-442
-452
-448
-587
-772
-837
-626
-272
-97
-63
130
579
1085
1594
1964
2050
2048
2360
2751
2776
2522
2380
1812
571
63
1176
1186
-1576
-3419
-1474
345
-1349
-3322
-2903
-2183
-2070
-1271
-1039
-2283
-2528
-564
885
456
-221
152
1083
1664
1388
642
267
369
493
212
-481
-1214
-1447
-1238
-1281
-1803
-2328
-2469
-2197
-1789
-1521
-1394
-1073
-471
342
1094
1654
2177
2891
3402
3581
3887
4695
5369
5335
4812
3351
1201
818
3003
2172
-3665
-6419
-1341
2150
-2158
-6272
-4527
-2429
-2683
-1861
-1754
-4265
-4405
-112
1995
70
-471
1501
2557
2850
3549
3018
1586
1363
1672
1180
656
-415
-2428
-2629
-305
-37
-3297
-5534
-4090
-1833
-1727
-3559
-5044
-4184
-1677
-14
-433
-1572
-1261
1232
3531
3337
1851
1926
3817
5404
5220
3800
2818
3399
4588
4202
2478
2398
2863
107
-2595
523
3427
-1909
-7514
-3657
1734
-614
-4318
-3511
-2824
-3124
-389
1523
-1773
-4012
-442
2799
1697
377
932
1307
1772
2827
2414
674
264
1088
1019
-128
-1692
-2987
-2874
-1711
-2016
-4148
-5370
-4082
-2045
-1675
-3031
-4046
-3015
-920
294
-4
-628
-101
1754
3404
3407
2591
2605
3781
4741
4568
3657
3214
3609
4155
4341
3916
3393
1994
-461
-1379
1486
2028
-4148
-8572
-2979
3054
-686
-6318
-4801
-1472
-1363
-621
-64
-2885
-4266
18
3197
1125
-715
864
2375
2383
2544
2168
1005
769
1425
837
-932
-1837
-1774
-1868
-2509
-3191
-3930
-4491
-4159
-2890
-2299
-3316
-4156
-2903
-543
504
-84
-766
15
2158
3865
3675
2570
2599
4281
5823
5456
3753
3064
3980
4931
4485
3192
2417
1818
139
-931
708
891
-3863
-7114
-2651
1895
-1225
-5922
-4849
-1927
-1332
-956
-1133
-3514
-4063
-103
2626
810
-964
348
2120
2775
2851
1923
320
80
1283
1525
-641
-3010
-2794
-792
-533
-2627
-4503
-4247
-2555
-1448
-2345
-4181
-4073
-1779
114
-59
-901
-724
730
2526
3493
3049
2410
3387
5529
6392
5161
3887
4327
5301
5100
3924
2522
1019
316
921
572
-1724
-3409
-2949
-2210
-2134
-2561
-3863
-5003
-3917
-1921
-2041
-3412
-3448
-1981
-459
606
810
432
837
2202
3016
2556
1684
1006
950
1542
1347
-739
-2635
-1923
-349
-1074
-3524
-4649
-3635
-2380
-2419
-3469
-4210
-3607
-1904
-540
-419
-617
235
1981
3312
3802
4080
4684
5377
5735
5587
5556
5991
5975
4987
3775
2878
2053
1825
1110
-1729
-4629
-3591
-1099
-2255
-5648
-6282
-4387
-3268
-3161
-3561
-4429
-4411
-2113
-8
-125
-762
190
1937
2969
3236
3010
2639
2331
2274
2077
1210
-337
-1523
-1319
-819
-1762
-3738
-4537
-3619
-2745
-3332
-4707
-5118
-3751
-1786
-1118
-1715
-1734
-18
2251
3402
3239
3187
4214
5753
6432
5900
5377
5801
6445
6121
5239
4001
2525
1787
2319
1156
-2614
-4674
-2621
-1142
-3305
-5568
-5265
-4156
-3572
-3037
-3452
-4504
-3996
-1692
-499
-808
-729
220
1268
2235
2880
2527
1850
1758
2133
1941
854
-617
-1274
-751
-445
-1644
-3392
-3716
-2642
-2135
-3175
-4422
-4307
-2989
-1839
-1678
-1964
-1567
-130
1430
2196
2493
2981
3765
4655
5324
5327
5188
5668
6354
5986
5202
4808
3971
2528
2170
1815
-872
-3467
-2356
-681
-2590
-5309
-4989
-3651
-3678
-3908
-3990
-4733
-4607
-2634
-1318
-1705
-1660
-324
843
1520
2066
2123
1654
1683
2283
2201
890
-323
-155
467
-77
-1542
-2345
-2201
-2036
-2507
-3330
-3807
-3577
-3049
-2712
-2437
-1933
-1061
-39
793
1258
2028
3269
4320
4594
4659
4973
5778
6683
6713
5857
5215
4660
3642
3288
2973
330
-2903
-2259
39
-1371
-4986
-5599
-3945
-3582
-4201
-4680
-5493
-5581
-3586
-1877
-2471
-3049
-1534
566
1525
1730
1586
1494
2012
2874
2894
1620
280
194
1031
1138
-330
-2016
-2307
-1586
-1608
-2877
-4059
-3968
-2990
-2411
-2739
-3025
-2073
-233
954
960
981
2131
3818
4904
4932
4695
4999
5943
6639
6501
6051
5366
3864
2648
3241
3027
-362
-3512
-2493
-777
-2325
-4951
-5368
-4686
-4398
-4171
-4454
-5509
-5471
-3570
-2153
-2287
-2312
-1237
204
1482
2290
2158
1649
2023
3027
3067
1762
820
1099
1286
407
-625
-958
-1070
-1662
-2591
-3307
-3421
-3100
-2954
-3295
-3390
-2528
-1240
-439
-27
693
1633
2650
3623
4202
4252
4767
5802
6209
5736
5594
6154
5916
4019
2377
2489
2106
-624
-2849
-2158
-1493
-3301
-5140
-4853
-4250
-4541
-4749
-4834
-5318
-5012
-3410
-2370
-2530
-2250
-887
466
1329
1906
2148
2172
2379
2858
2937
2096
1169
1194
1482
814
-427
-1103
-982
-1041
-2056
-3366
-3705
-3074
-2688
-3051
-3435
-2947
-1647
-391
91
376
1214
2535
3498
3973
4248
4634
5266
6012
6090
5501
5391
5775
4888
2912
2182
2215
325
-2364
-2345
-1134
-2367
-4978
-5398
-4293
-3970
-4372
-4804
-5403
-5266
-3634
-2193
-2386
-2774
-1880
-246
1041
1735
1811
1623
1938
2744
3035
2347
1486
1217
1353
1199
450
-339
-643
-819
-1539
-2576
-3067
-2838
-2605
-3033
-3578
-3244
-2034
-975
-615
-492
117
1435
2895
3486
3318
3625
4802
5737
5738
5379
5377
5709
5433
4163
3015
2664
1603
-575
-1557
-859
-1274
-3429
-4599
-3996
-3569
-3932
-4450
-5148
-5551
-4448
-2800
-2679
-3387
-2964
-1410
51
954
1244
1145
1417
2243
2892
2751
2025
1330
1266
1638
1445
349
-520
-502
-550
-1524
-2711
-3047
-2707
-2652
-3190
-3699
-3302
-2018
-984
-916
-962
12
1557
2582
2930
3256
3658
4393
5473
5998
5393
5040
5900
6016
4195
2785
3081
2176
-624
-1457
-16
-736
-3914
-4851
-3204
-2734
-4147
-5300
-5810
-5594
-4008
-2659
-3546
-4682
-3288
-642
718
737
598
843
1890
3228
3604
2745
1824
1568
1925
2301
1812
351
-784
-646
-391
-1350
-2823
-3314
-2999
-2883
-3252
-3618
-3341
-2300
-1356
-1190
-1119
-42
1451
2296
2608
3174
3896
4558
5163
5523
5382
5357
5881
5745
4250
3083
3140
2287
-143
-1200
-360
-850
-3317
-4400
-3456
-3107
-4074
-4968
-5477
-5496
-4277
-2982
-3357
-4141
-3051
-876
389
708
930
1289
2040
2933
3255
2915
2492
1933
1478
1699
1928
878
-755
-1234
-863
-1198
-2434
-3375
-3520
-3273
-3172
-3419
-3603
-3056
-1950
-1199
-1007
-590
543
1923
2813
3120
3384
4043
4887
5402
5426
5279
5471
5791
5041
3493
3070
3131
1284
-1114
-910
3
-1601
-3919
-3944
-3115
-3492
-4227
-4768
-5408
-5004
-3245
-2685
-3722
-3567
-1631
-97
437
825
1132
1566
2657
3417
2790
2039
2454
2533
1401
815
1214
624
-923
-1648
-1498
-1775
-2578
-3384
-3891
-3707
-3076
-2969
-3503
-3298
-2042
-899
-513
-144
667
1836
2925
3573
3740
4001
4646
5168
5330
5350
5467
5291
4424
3412
3306
3090
1035
-1209
-823
238
-1324
-3957
-4270
-3182
-3137
-3893
-4653
-5351
-4946
-3049
-2196
-3231
-3543
-1867
-2
816
1036
1038
1341
2389
3403
3251
2368
2105
2093
1485
961
1030
398
-1194
-2082
-1696
-1464
-2300
-3472
-4078
-3755
-2982
-2789
-3437
-3619
-2381
-853
-317
-342
249
1551
2819
3454
3557
3588
4105
4979
5395
5020
4644
5036
5091
3993
2966
2911
2082
16
-834
-164
-651
-2772
-3863
-3290
-2842
-3299
-4042
-4650
-4517
-3182
-2101
-2591
-3212
-2239
-399
745
844
543
766
1968
3083
2845
1731
1495
1931
1642
823
438
48
-956
-1742
-1727
-1591
-2174
-3172
-3798
-3636
-3004
-2721
-3167
-3467
-2633
-1194
-362
-272
-39
982
2282
3150
3311
3253
3631
4509
5036
4808
4390
4514
5125
4774
3195
2367
2793
1770
-723
-1267
-74
-751
-3125
-3742
-2688
-2389
-2885
-3341
-4033
-3991
-2329
-1218
-2187
-2854
-1578
12
638
750
694
769
1572
2479
2259
1146
687
1148
1145
58
-873
-811
-817
-1626
-2456
-2489
-2247
-2597
-3312
-3563
-3000
-2298
-2146
-2443
-2100
-848
226
429
485
1205
2359
3187
3336
3141
3321
4057
4675
4338
3685
3623
4328
4586
3367
1814
1825
2040
255
-1327
-440
184
-1835
-3431
-2383
-1272
-1845
-2620
-3038
-3312
-2365
-773
-1150
-2675
-2290
-454
383
155
-30
-118
291
1354
1751
679
-270
138
662
63
-891
-1184
-1117
-1281
-1781
-2198
-2084
-1816
-2153
-2808
-2685
-1764
-1180
-1490
-1842
-1273
-22
891
831
504
1057
2293
3045
2962
2659
2788
3325
3765
3695
3267
3019
3578
3938
2862
1462
1757
2103
395
-1037
-30
642
-1196
-2508
-1470
-620
-1321
-1895
-2223
-2612
-1836
-509
-1193
-2901
-2527
-769
-133
-613
-983
-1102
-562
607
963
-163
-1104
-629
195
109
-754
-1369
-1222
-776
-868
-1452
-1517
-986
-968
-1671
-1797
-1023
-478
-789
-1224
-988
-70
838
857
120
139
1480
2594
2276
1521
1621
2479
3097
2941
2340
2145
2797
3694
3382
1904
1479
2588
2457
306
-469
1040
1301
-727
-1731
-651
-42
-751
-1546
-2256
-2610
-1714
-946
-2183
-3618
-2913
-1402
-1105
-1611
-1913
-1835
-1058
29
42
-844
-1042
-317
233
275
-139
-614
-452
223
272
-467
-710
-137
-10
-806
-1249
-755
-140
-251
-999
-1380
-683
432
533
-365
-715
355
1543
1648
1048
744
1308
2362
2730
2003
1741
2639
3789
3916
3015
2238
2735
3316
2143
597
958
1872
780
-929
-760
149
-351
-1651
-2556
-2924
-2539
-1930
-2645
-4110
-4145
-2725
-1852
-2197
-2752
-2548
-1485
-332
-33
-539
-555
227
811
895
934
715
438
798
1211
707
-101
-146
270
143
-544
-1049
-1024
-728
-692
-1280
-1866
-1528
-738
-576
-991
-1070
-417
485
905
818
850
1306
2086
2733
2848
2807
3198
3980
4579
4355
3544
3336
3682
2894
1295
1111
1877
931
-1285
-1746
-662
-810
-2422
-3655
-3992
-3690
-2985
-3191
-4567
-5047
-3640
-2147
-2015
-2410
-2230
-1250
68
957
871
454
891
1744
2058
1936
1745
1291
1044
1390
1454
670
-240
-478
-440
-678
-1225
-1811
-2130
-1932
-1676
-2000
-2310
-1944
-1361
-1181
-1081
-642
122
831
1099
1249
1773
2585
3195
3356
3224
3417
4175
4721
4493
3672
2946
2973
3174
2010
156
-22
913
130
-2084
-2617
-1445
-1367
-2767
-3785
-4022
-3665
-2694
-2517
-3803
-4362
-2855
-1186
-933
-1329
-1279
-611
562
1545
1445
719
865
1781
2104
1811
1527
1152
736
836
917
171
-822
-1149
-1114
-1307
-1586
-1837
-2228
-2364
-1938
-1590
-1811
-1899
-1489
-936
-497
-130
167
572
1210
1673
1911
2202
2677
3050
3152
3101
3151
3493
3805
3808
3154
2233
2092
2621
1881
-206
-803
496
541
-1614
-2735
-1632
-909
-1804
-2881
-3431
-3335
-2208
-1522
-2764
-3951
-2826
-883
-441
-1143
-1434
-863
374
1453
1264
180
146
1293
1871
1313
640
503
647
654
267
-188
-481
-736
-1115
-1262
-1053
-995
-1483
-1876
-1528
-964
-896
-1185
-1314
-993
-256
321
207
-57
370
1265
1752
1649
1490
1672
2213
2583
2466
2256
2484
2882
3133
2953
2319
1957
2244
1725
159
-30
1245
813
-1481
-2006
-383
62
-1337
-2527
-2920
-2676
-1615
-1344
-3048
-4283
-2892
-972
-989
-2006
-2332
-1661
-358
675
351
-682
-477
880
1625
1276
744
619
956
1300
1121
734
526
240
-165
-187
50
-170
-903
-1287
-1148
-1005
-1007
-1177
-1568
-1653
-1120
-633
-712
-863
-579
-42
382
631
834
1111
1610
2051
2210
2362
2832
3262
3428
3591
3545
3069
2770
2818
2006
794
960
1629
442
-1544
-1507
-253
-551
-2267
-3467
-3599
-3052
-2397
-2972
-4561
-4795
-3088
-1726
-1958
-2531
-2317
-1218
200
945
530
96
890
2143
2542
2138
1769
1795
2181
2337
1693
946
797
688
92
-376
-452
-764
-1446
-1851
-1746
-1675
-1939
-2391
-2644
-2278
-1536
-1293
-1638
-1586
-769
144
570
641
791
1339
2188
2813
2841
2783
3251
3913
4057
4065
4184
3678
2774
2637
2480
992
-92
576
544
-1592
-2787
-1606
-1045
-2571
-3930
-4094
-3888
-3235
-2672
-3647
-4789
-3564
-1342
-817
-1456
-1397
-533
673
1782
1984
1281
1222
2376
3170
2821
2347
2247
2074
2073
2089
1238
71
-122
-41
-866
-1765
-1852
-1875
-2401
-2769
-2752
-2813
-2776
-2479
-2451
-2557
-1900
-973
-773
-749
-143
738
1406
1866
2040
2202
2737
3480
3608
3138
3043
3485
3700
3511
3282
2616
1703
1526
1598
336
-1225
-1008
-194
-1318
-3124
-2937
-1681
-1832
-2963
-3536
-3412
-2684
-1651
-1728
-2923
-2856
-1006
369
108
-422
-138
808
1870
2312
1709
1069
1605
2567
2526
1790
1341
1190
1079
1029
494
-562
-1033
-766
-1095
-2003
-2199
-1777
-1855
-2350
-2438
-2172
-1933
-1636
-1492
-1728
-1509
-492
186
39
17
538
1166
1578
1732
1659
1586
1960
2484
2500
2094
2009
2207
2378
2376
2341
1942
1114
702
1008
588
-634
-677
72
-577
-1922
-1465
-218
-637
-2003
-2185
-1684
-1456
-1097
-1205
-2265
-2436
-837
251
-290
-913
-545
286
1053
1350
827
199
687
1720
1756
1026
655
727
870
988
491
-473
-694
-180
-392
-1333
-1675
-1313
-1280
-1682
-1846
-1817
-1791
-1571
-1416
-1702
-1682
-990
-539
-652
-586
-181
227
618
954
1003
969
1390
1976
2087
1868
1919
2207
2468
2592
2588
2504
2165
1642
1541
1489
573
-150
443
751
-601
-1614
-695
207
-727
-2013
-2156
-1773
-1349
-1104
-1889
-2937
-2289
-601
-145
-921
-1247
-581
453
1130
1050
423
355
1244
1932
1616
1084
1042
1104
1041
927
504
-231
-545
-523
-921
-1494
-1539
-1478
-1904
-2306
-2131
-1791
-1856
-2076
-2117
-1951
-1459
-861
-806
-1050
-732
100
717
829
774
986
1503
2053
2251
2077
1904
2133
2544
2684
2494
2279
2399
2362
1745
1262
1304
723
-244
46
733
-208
-1591
-1051
105
-369
-1551
-1858
-1753
-1525
-886
-1043
-2259
-2374
-804
156
-339
-810
-537
107
895
1263
670
44
569
1475
1412
755
429
476
572
563
172
-602
-1126
-1020
-915
-1361
-1816
-1862
-1749
-1726
-1627
-1522
-1500
-1472
-1335
-1127
-915
-663
-516
-525
-399
49
432
545
562
676
948
1261
1432
1388
1272
1370
1737
2006
1976
1897
2028
2338
2300
1808
1576
1570
980
541
1151
1402
85
-874
96
1023
20
-1399
-1612
-1256
-933
-772
-1615
-2910
-2494
-805
-422
-1472
-1914
-1256
-322
339
344
-314
-535
405
1327
1094
455
452
784
1015
1033
585
-52
-270
-142
-301
-816
-1198
-1169
-1146
-1422
-1642
-1508
-1338
-1445
-1777
-1882
-1503
-1078
-1140
-1446
-1389
-780
-87
76
-122
-14
655
1381
1579
1376
1417
1904
2435
2613
2515
2429
2673
3206
3327
2515
1829
2102
2083
1039
566
1085
703
-672
-849
100
-96
-1456
-2095
-1961
-1833
-1522
-1606
-2716
-3191
-1796
-533
-934
-1670
-1366
-442
473
961
586
-27
440
1628
1828
1048
662
884
1095
1141
759
-54
-472
-385
-557
-1071
-1455
-1684
-1833
-1787
-1710
-1896
-2116
-1931
-1667
-1826
-1899
-1535
-1212
-1073
-875
-725
-446
167
650
673
689
1165
1761
2013
1977
1963
2039
2294
2678
2738
2420
2269
2641
2891
2331
1541
1448
1406
721
451
887
384
-1000
-991
232
93
-1427
-2072
-1633
-1257
-1007
-1166
-2231
-2657
-1248
-23
-683
-1612
-1196
-228
351
473
122
-338
79
1025
1026
212
-11
394
542
401
172
-240
-531
-396
-440
-988
-1326
-1192
-1213
-1436
-1449
-1366
-1429
-1386
-1234
-1345
-1519
-1230
-815
-857
-965
-677
-294
-43
170
305
482
925
1395
1492
1481
1673
1961
2137
2244
2246
2209
2414
2826
3013
2462
1763
1888
2247
1471
485
699
1094
221
-724
-284
278
-508
-1504
-1603
-1477
-1384
-1186
-1765
-2781
-2413
-1069
-795
-1620
-1923
-1303
-462
46
39
-442
-586
182
922
695
224
251
525
770
866
526
13
-116
-84
-308
-716
-1065
-1287
-1337
-1269
-1390
-1760
-1816
-1366
-1216
-1639
-1763
-1262
-844
-820
-941
-910
-439
297
646
481
562
1342
2159
2229
1886
1895
2359
2896
2994
2497
2201
2657
3227
3157
2338
1503
1581
1933
1123
0
91
438
-425
-1264
-799
-350
-1151
-1963
-1875
-1771
-1781
-1499
-1861
-2692
-2230
-871
-668
-1384
-1424
-732
-102
230
205
-220
-318
401
978
514
-17
198
530
492
281
-58
-420
-395
-325
-766
-1283
-1254
-1165
-1378
-1373
-1117
-1182
-1437
-1101
-569
-602
-890
-738
-403
-162
29
14
-122
172
843
1116
973
1002
1451
1789
1817
1721
1707
1790
2005
2066
1895
1833
2123
2404
2022
1299
1214
1529
1026
360
582
733
-188
-697
52
370
-726
-1539
-1250
-1071
-1259
-1313
-1842
-2585
-2073
-1007
-1191
-2053
-1940
-1238
-832
-633
-566
-885
-906
-112
499
189
-125
210
568
671
749
603
275
312
615
379
-200
-283
-87
-387
-748
-579
-538
-960
-1113
-782
-718
-1092
-1293
-1162
-1009
-839
-769
-1011
-1023
-284
450
482
332
667
1338
1843
1970
1847
1820
2170
2678
2754
2467
2462
2835
2782
2160
1809
1759
1212
632
852
804
-422
-1259
-514
21
-1084
-2290
-2266
-1876
-1751
-1799
-2471
-3281
-2666
-1227
-1065
-1939
-2006
-1091
-238
211
224
-146
-135
805
1575
1204
614
798
1241
1306
1074
653
246
158
187
-121
-606
-928
-1075
-1186
-1262
-1357
-1607
-1783
-1622
-1415
-1516
-1592
-1377
-1109
-923
-713
-506
-236
202
601
809
1047
1525
1950
2055
2098
2296
2496
2561
2562
2418
2270
2352
2567
2326
1550
1110
1251
940
125
19
251
-496
-1431
-989
-230
-871
-2027
-2064
-1533
-1365
-1340
-1632
-2338
-2125
-794
-273
-1028
-1337
-622
117
429
459
178
-69
381
1076
959
329
210
442
463
355
144
-313
-552
-460
-586
-969
-1170
-1268
-1421
-1387
-1191
-1233
-1493
-1345
-830
-705
-985
-942
-551
-223
-71
-118
-145
232
805
1003
884
961
1381
1767
1818
1662
1610
1781
2013
1950
1690
1717
2078
2128
1574
1103
1202
1184
653
469
672
226
-549
-269
477
24
-1147
-1348
-797
-666
-921
-1379
-2039
-1974
-905
-495
-1414
-1992
-1326
-473
-289
-558
-883
-918
-334
337
199
-406
-386
226
543
391
93
-74
24
278
196
-309
-617
-429
-323
-630
-801
-695
-729
-943
-907
-748
-815
-982
-990
-939
-830
-628
-567
-684
-511
50
493
625
725
997
1420
1782
1897
1908
2078
2328
2444
2456
2613
2849
2559
2003
1898
1914
1372
1088
1231
681
-442
-468
343
32
-1450
-2139
-1656
-1374
-1545
-1961
-2797
-3065
-1906
-1003
-1634
-2389
-1900
-882
-232
-131
-386
-552
6
957
1130
542
399
866
1126
1086
875
492
236
323
201
-351
-802
-870
-924
-1154
-1360
-1494
-1590
-1550
-1383
-1457
-1669
-1577
-1180
-903
-860
-841
-634
-138
416
714
773
1021
1565
2084
2247
2152
2162
2456
2777
2760
2483
2347
2623
2714
2102
1417
1307
1094
620
559
442
-561
-1290
-560
81
-925
-2207
-2041
-1294
-1164
-1365
-1864
-2524
-2028
-568
-311
-1401
-1716
-756
164
361
101
-344
-372
405
1064
611
-138
-16
489
552
304
-40
-393
-419
-249
-448
-958
-1194
-1048
-945
-1057
-1222
-1288
-1184
-938
-836
-1072
-1155
-734
-286
-273
-481
-422
61
603
746
591
648
1169
1753
1857
1578
1540
1945
2323
2319
2034
1953
2212
2263
1850
1522
1291
922
925
1209
631
-480
-498
347
257
-947
-1618
-1352
-1062
-999
-1220
-2050
-2498
-1568
-645
-1117
-1916
-1743
-997
-432
-291
-533
-854
-539
328
676
204
-68
329
720
765
613
348
204
351
389
57
-367
-520
-467
-478
-707
-1010
-1180
-1106
-975
-1125
-1425
-1436
-1162
-980
-991
-1032
-868
-402
36
151
159
519
1170
1644
1698
1626
1874
2408
2807
2751
2567
2454
2444
2548
2452
1684
1052
1402
1598
537
-446
-113
263
-539
-1519
-1673
-1588
-1588
-1549
-2008
-2754
-2409
-1301
-1134
-1803
-1887
-1249
-594
-179
-123
-419
-385
412
1051
788
424
639
917
973
967
749
363
242
271
43
-308
-568
-787
-913
-931
-1060
-1338
-1434
-1243
-1254
-1558
-1559
-1168
-990
-1054
-999
-720
-264
190
356
361
645
1275
1765
1749
1581
1832
2358
2579
2481
2216
1938
1994
2138
1605
908
1100
1434
588
-447
-103
594
-14
-1134
-1337
-1067
-938
-825
-1221
-2143
-2033
-780
-378
-1203
-1627
-1084
-414
-39
-37
-496
-771
-106
720
519
-148
-166
252
478
505
262
-117
-206
10
47
-238
-556
-601
-407
-357
-576
-773
-681
-472
-541
-895
-974
-678
-503
-633
-833
-815
-417
-3
33
-109
22
522
992
998
751
873
1423
1906
1755
1195
1205
1746
1728
1285
1419
1557
927
569
1215
1490
520
-358
-151
210
110
-141
-726
-1464
-1146
-160
-321
-1442
-1796
-1196
-661
-552
-855
-1368
-1419
-647
-10
-337
-886
-705
-164
165
259
62
-218
-129
306
491
212
-135
-68
235
326
136
-91
-193
-145
-144
-389
-608
-620
-609
-702
-817
-850
-723
-517
-456
-487
-326
34
267
331
466
782
1093
1094
995
1200
1380
1185
1257
1732
1546
720
739
1618
1608
495
-72
255
456
369
128
-680
-1284
-603
196
-374
-1380
-1423
-849
-471
-426
-795
-1343
-1214
-332
80
-404
-793
-538
-64
298
336
-48
-328
-34
398
289
-86
-161
0
40
-46
-108
-131
-150
-296
-499
-514
-281
-219
-546
-824
-626
-168
48
-86
-248
-58
429
809
781
600
737
1004
1006
955
898
609
618
1180
1180
245
-39
834
1144
135
-637
-407
-99
-75
-165
-785
-1407
-764
281
3
-946
-972
-336
40
87
-104
-496
-453
274
679
251
-58
209
416
386
385
152
-230
-228
-52
-295
-596
-519
-462
-748
-907
-637
-476
-677
-900
-945
-801
-418
-169
-462
-692
-196
519
722
534
481
776
1267
1542
1513
1324
1096
1112
1424
1333
704
571
1031
778
-129
-204
428
172
-880
-1264
-1003
-888
-846
-1043
-1813
-1976
-888
-194
-840
-1404
-1003
-300
167
305
-10
-322
167
1060
1156
574
402
747
1042
1073
811
326
110
309
424
78
-337
-432
-413
-464
-559
-690
-854
-895
-882
-878
-793
-647
-616
-640
-414
-28
273
422
564
758
1035
1419
1731
1632
1232
1204
1521
1444
1087
1140
1082
367
-20
545
725
-296
-1210
-1099
-795
-817
-1018
-1627
-2257
-1800
-758
-796
-1644
-1818
-1217
-642
-312
-379
-780
-728
95
696
440
109
261
531
690
790
608
245
263
566
562
280
146
158
136
130
120
5
-122
-118
-82
-64
-18
39
38
75
258
483
589
565
559
699
1034
1235
929
563
655
855
854
964
887
204
-213
482
1083
288
-927
-1063
-476
-200
-431
-1150
-1895
-1608
-501
-280
-1222
-1786
-1342
-662
-360
-547
-1074
-1275
-647
78
-50
-599
-668
-322
11
147
-105
-515
-456
27
247
27
-136
5
276
481
526
391
318
520
717
635
568
779
971
992
1029
1112
1189
1273
1333
1285
1111
923
918
892
533
297
586
652
-31
-488
-18
366
-237
-1032
-1138
-836
-571
-554
-1114
-1737
-1325
-329
-245
-993
-1308
-932
-417
-116
-259
-790
-951
-365
148
-82
-558
-673
-483
-263
-203
-455
-780
-762
-516
-440
-513
-499
-467
-391
-191
30
133
238
374
460
666
1016
1249
1256
1297
1482
1637
1731
1847
1818
1461
1185
1261
1237
936
804
757
289
-140
117
451
-83
-977
-1185
-845
-642
-772
-1225
-1735
-1532
-706
-385
-932
-1323
-970
-380
-107
-212
-512
-604
-176
261
137
-287
-394
-198
-89
-220
-464
-665
-681
-537
-502
-620
-677
-566
-455
-374
-265
-111
3
68
205
452
736
935
1053
1146
1289
1470
1693
1823
1597
1216
1176
1305
1123
921
972
697
48
21
639
549
-451
-1076
-895
-594
-539
-832
-1572
-1892
-1126
-325
-618
-1275
-1232
-705
-194
19
-275
-752
-542
140
281
-172
-467
-374
-162
1
-156
-579
-733
-409
-188
-433
-708
-634
-365
-145
-97
-223
-222
194
659
732
628
788
1201
1509
1531
1453
1549
1620
1491
1284
1090
924
1002
1095
621
-102
-91
481
371
-549
-1211
-1115
-729
-545
-924
-1701
-1878
-1067
-384
-667
-1227
-1227
-707
-107
133
-240
-683
-433
184
344
6
-310
-320
-23
226
4
-480
-590
-272
-150
-432
-706
-626
-316
-107
-182
-321
-81
445
768
725
713
1016
1442
1660
1646
1580
1493
1478
1474
1276
986
1074
1181
655
9
143
551
170
-675
-1128
-1097
-909
-773
-1140
-1873
-1954
-1200
-721
-1002
-1308
-1254
-913
-423
-141
-413
-696
-442
-42
84
33
-55
-187
-58
183
143
-120
-168
-56
-117
-216
-168
-58
-53
-68
-71
46
355
631
663
607
826
1222
1441
1424
1346
1247
1191
1201
1085
850
827
920
623
130
140
454
235
-451
-887
-894
-774
-713
-971
-1528
-1693
-1170
-681
-809
-1096
-1081
-796
-415
-206
-395
-640
-488
-208
-86
-54
-50
-210
-241
-3
145
-32
-218
-235
-211
-80
99
60
-113
-15
313
550
648
700
758
921
1187
1381
1440
1438
1305
1138
1068
1025
907
894
796
351
-14
200
459
50
-668
-1048
-1015
-823
-768
-1235
-1890
-1884
-1244
-865
-1069
-1346
-1323
-946
-420
-218
-491
-686
-407
-55
30
24
65
40
81
252
330
227
152
131
91
122
257
309
265
311
457
665
872
1010
988
956
1096
1366
1488
1266
926
734
756
870
936
662
85
-185
162
452
43
-683
-1102
-1064
-777
-663
-1135
-1775
-1737
-1134
-839
-1040
-1245
-1249
-1061
-722
-552
-745
-880
-654
-403
-368
-372
-299
-225
-118
-48
-129
-184
-6
203
185
110
193
435
759
1045
1141
1149
1341
1680
1848
1779
1739
1772
1681
1481
1309
1077
808
749
751
389
-114
-220
-76
-219
-645
-1028
-1248
-1233
-1034
-1050
-1441
-1660
-1388
-1017
-883
-898
-981
-1011
-784
-501
-486
-601
-563
-462
-411
-328
-267
-307
-327
-301
-412
-535
-437
-261
-286
-403
-376
-162
201
569
717
703
944
1446
1791
1824
1818
1874
1914
1923
1807
1522
1366
1511
1470
940
447
424
494
239
-259
-800
-1167
-1104
-908
-1186
-1777
-1965
-1696
-1454
-1388
-1470
-1623
-1580
-1181
-853
-866
-861
-620
-368
-215
-42
96
195
323
385
271
207
362
482
350
158
141
260
413
510
483
406
441
586
720
792
764
628
562
631
653
604
635
680
569
442
452
487
430
304
115
-92
-170
-128
-164
-351
-523
-582
-558
-527
-586
-746
-848
-794
-728
-742
-767
-773
-737
-611
-485
-486
-535
-480
-343
-262
-287
-296
-227
-104
36
134
176
263
448
563
570
572
651
744
791
782
694
657
753
809
676
507
460
497
487
337
108
4
114
195
50
-205
-317
-220
-97
-144
-378
-585
-542
-339
-310
-479
-598
-545
-393
-248
-251
-395
-464
-329
-141
-120
-265
-381
-335
-200
-130
-182
-272
-295
-181
-29
12
-47
-34
114
245
247
198
227
326
392
395
379
415
495
555
519
455
449
502
506
397
275
241
283
271
192
106
72
78
67
26
-37
-71
-62
-80
-114
-141
-165
-177
-169
-189
-244
-295
-340
-383
-392
-399
-456
-518
-555
-547
-548
-576
-603
-616
-630
-611
-544
-450
-394
-369
-308
-188
-30
101
199
257
326
478
674
771
759
760
848
966
1001
926
822
774
755
703
608
455
278
159
92
-3
-157
-296
-393
-447
-462
-479
-515
-554
-525
-432
-354
-336
-310
-242
-146
-54
-1
-1
-5
59
109
74
-6
-71
-81
-70
-156
-322
-397
-369
-356
-396
-461
-501
-470
-375
-291
-267
-278
-206
-42
104
179
242
334
443
559
655
674
627
608
621
604
532
445
340
232
176
151
45
-89
-163
-199
-179
-175
-312
-392
-323
-331
-229
11
49
-84
-29
165
232
102
-42
21
254
258
14
-101
8
87
1
-156
-246
-219
-201
-230
-263
-260
-216
-170
-141
-115
-98
-116
-120
-45
48
67
53
63
83
143
196
148
69
73
107
105
60
-31
-96
-53
0
-28
-72
-80
-37
46
94
39
-33
8
122
153
76
24
49
113
146
93
10
-10
29
50
21
-59
-115
-118
-81
-40
-58
-109
-105
-55
-15
22
5
-27
7
87
113
77
43
64
140
170
126
57
31
37
47
10
-55
-105
-99
-91
-117
-153
-162
-127
-97
-104
-112
-61
6
41
43
39
49
107
149
113
52
30
53
77
40
-57
-113
-114
-111
-131
-194
-255
-252
-199
-175
-184
-181
-134
-61
-10
10
29
67
101
142
184
197
219
265
291
297
285
237
203
181
104
24
-23
-84
-138
-168
-215
-236
-197
-184
-197
-194
-164
-103
-23
14
5
32
107
202
265
248
201
242
337
358
295
209
160
174
183
104
-11
-75
-95
-88
-91
-155
-220
-211
-194
-204
-206
-204
-194
-171
-174
-180
-128
-60
-37
-60
-88
-59
23
63
-2
-95
-112
-67
-34
-76
-173
-210
-136
-56
-66
-131
-162
-93
10
41
3
-9
53
145
199
194
181
213
291
332
304
258
245
255
266
250
199
142
119
135
148
105
33
-5
22
63
25
-61
-87
-44
5
11
-47
-91
-40
43
29
-58
-128
-117
-71
-89
-215
-324
-329
-297
-326
-416
-488
-497
-439
-414
-448
-461
-399
-324
-281
-238
-173
-65
48
112
143
205
302
403
464
452
428
477
570
599
540
467
464
525
528
420
295
234
228
213
130
0
-81
-81
-69
-118
-208
-262
-235
-180
-171
-231
-280
-237
-159
-139
-174
-214
-197
-120
-77
-111
-157
-156
-122
-90
-90
-133
-182
-182
-144
-130
-146
-171
-171
-136
-95
-84
-86
-78
-59
-33
3
27
38
75
141
188
207
228
269
321
357
349
327
346
385
382
352
326
317
314
285
218
157
132
88
-12
-124
-185
-211
-237
-312
-442
-531
-510
-473
-512
-614
-698
-663
-535
-476
-524
-554
-479
-312
-156
-93
-83
-19
131
296
399
430
462
531
632
709
717
695
685
678
653
605
530
444
367
288
194
108
32
-49
-138
-210
-259
-296
-318
-349
-384
-385
-352
-323
-310
-292
-258
-216
-179
-161
-158
-148
-130
-123
-148
-171
-172
-175
-196
-218
-245
-253
-228
-230
-266
-282
-261
-222
-178
-147
-130
-88
7
99
149
182
247
342
441
497
504
522
582
638
649
638
616
591
582
580
547
478
392
315
256
201
122
12
-96
-167
-208
-245
-302
-396
-487
-516
-502
-524
-602
-681
-689
-617
-557
-568
-604
-583
-474
-349
-303
-312
-280
-194
-82
-10
-9
0
76
158
193
191
189
222
279
289
244
222
253
294
301
260
215
241
313
341
294
243
259
340
403
370
275
241
298
348
308
199
108
107
165
148
20
-111
-156
-140
-155
-240
-356
-417
-405
-393
-436
-489
-488
-457
-434
-412
-392
-370
-321
-270
-235
-187
-124
-73
-21
41
90
124
161
202
236
245
233
237
259
270
253
217
197
199
189
146
99
85
86
77
42
7
0
17
29
16
-3
2
23
32
26
16
22
44
52
34
18
25
32
15
-29
-85
-115
-118
-143
-208
-268
-283
-258
-234
-252
-288
-275
-193
-113
-89
-95
-66
22
119
174
172
175
238
324
355
328
300
303
330
327
259
189
163
140
107
62
4
-22
-26
-61
-89
-91
-110
-135
-137
-142
-143
-130
-118
-113
-97
-63
-38
-43
-46
-31
-18
-19
-29
-61
-91
-83
-65
-96
-147
-171
-169
-159
-155
-180
-216
-209
-165
-131
-118
-110
-96
-55
5
52
73
88
108
135
168
195
201
198
212
233
241
248
251
241
235
237
217
194
194
187
148
110
95
93
85
58
8
-36
-38
-24
-52
-111
-149
-151
-140
-142
-175
-223
-242
-221
-215
-238
-264
-271
-256
-229
-220
-227
-223
-194
-157
-128
-119
-111
-75
-18
24
41
49
67
118
172
183
165
169
192
214
227
207
179
181
200
195
168
128
93
86
93
78
29
-25
-38
-11
-4
-32
-82
-113
-94
-50
-45
-92
-129
-103
-41
-8
-18
-41
-40
-4
37
35
2
2
35
52
47
42
36
25
22
16
-3
-10
-3
-21
-63
-86
-71
-52
-64
-97
-115
-100
-56
-24
-42
-62
-28
36
66
64
65
87
124
158
162
139
141
153
147
112
88
80
56
16
-27
-59
-84
-111
-149
-189
-211
-210
-209
-234
-249
-227
-183
-149
-128
-118
-87
-13
63
102
116
138
191
261
293
272
254
257
273
277
244
186
136
108
87
53
-2
-60
-100
-119
-141
-175
-203
-206
-201
-198
-199
-197
-173
-130
-101
-93
-81
-53
-5
43
66
64
61
73
99
119
101
57
24
23
37
23
-36
-103
-132
-120
-119
-156
-214
-249
-231
-191
-185
-225
-249
-214
-144
-95
-92
-105
-71
25
120
153
143
164
244
338
375
355
334
348
382
405
394
348
310
303
299
273
227
164
100
69
50
-2
-81
-139
-167
-173
-183
-211
-247
-257
-240
-221
-218
-233
-229
-193
-154
-146
-148
-137
-97
-56
-50
-65
-63
-43
-35
-56
-87
-97
-92
-96
-118
-144
-153
-139
-122
-133
-147
-126
-90
-65
-51
-49
-27
46
113
131
134
176
263
338
352
334
347
391
422
416
374
327
310
315
291
213
130
71
30
-2
-51
-137
-216
-236
-226
-232
-271
-306
-310
-283
-254
-241
-239
-224
-195
-163
-131
-102
-68
-42
-43
-39
-3
29
26
-3
-32
-24
3
11
-25
-68
-74
-47
-36
-56
-75
-71
-45
-18
6
22
36
62
96
123
148
176
189
194
206
226
227
207
192
183
156
111
72
45
17
-21
-68
-111
-138
-150
-167
-190
-200
-197
-181
-168
-161
-139
-100
-70
-45
-9
29
52
73
104
133
150
141
128
133
149
137
98
61
36
37
38
1
-50
-74
-61
-45
-50
-72
-75
-48
-3
25
22
14
35
75
88
72
59
75
89
74
42
25
27
22
-23
-85
-121
-113
-104
-136
-200
-237
-217
-169
-158
-196
-221
-182
-110
-64
-70
-91
-68
7
73
94
90
91
123
168
181
159
145
145
145
141
130
117
110
97
77
67
67
68
56
34
19
33
57
60
35
14
16
34
39
5
-30
-34
-26
-29
-49
-72
-85
-83
-84
-91
-102
-115
-115
-101
-91
-99
-103
-86
-61
-45
-43
-37
-24
-6
12
25
30
29
30
47
70
74
62
52
61
76
81
72
62
59
63
63
56
54
46
32
21
17
7
-14
-47
-79
-95
-98
-113
-143
-174
-180
-164
-148
-153
-178
-180
-148
-107
-86
-88
-81
-40
18
56
72
83
111
156
184
189
181
176
182
191
177
149
125
107
99
92
68
35
10
-2
-5
-8
-23
-41
-42
-34
-26
-17
-9
2
14
23
35
52
65
65
50
36
36
43
31
2
-29
-54
-69
-84
-103
-129
-165
-192
-197
-193
-199
-213
-224
-206
-174
-150
-127
-103
-84
-53
-11
26
58
85
106
138
173
197
212
224
234
243
243
228
211
202
192
172
147
123
99
72
40
10
-15
-48
-81
-114
-137
-139
-137
-153
-179
-189
-171
-144
-138
-156
-166
-130
-83
-65
-65
-60
-32
19
49
46
47
64
89
103
90
72
70
78
71
43
20
9
-1
-25
-58
-84
-94
-92
-103
-119
-115
-97
-77
-57
-42
-25
11
48
77
101
113
123
144
169
168
152
139
131
127
109
72
35
10
-13
-42
-78
-117
-143
-159
-169
-176
-184
-184
-176
-161
-129
-88
-58
-40
-15
28
82
120
135
142
163
190
204
196
172
143
121
101
68
19
-29
-60
-83
-107
-136
-153
-163
-168
-167
-161
-145
-127
-105
-73
-31
8
39
68
96
121
137
139
133
133
134
117
89
64
47
32
4
-32
-63
-80
-93
-105
-119
-127
-122
-109
-88
-71
-54
-25
10
47
72
94
120
143
156
159
160
167
170
153
122
93
71
56
31
-9
-55
-74
-72
-76
-102
-140
-151
-126
-100
-104
-112
-103
-75
-39
-19
-23
-21
-7
6
12
2
-15
-23
-24
-36
-51
-69
-90
-103
-102
-99
-103
-110
-113
-97
-75
-63
-64
-48
-18
14
41
68
92
121
153
180
207
228
229
228
230
229
229
211
171
145
131
111
90
62
24
-7
-35
-53
-64
-81
-106
-129
-131
-112
-103
-116
-135
-139
-119
-93
-93
-116
-133
-131
-111
-98
-118
-148
-148
-115
-83
-87
-119
-126
-92
-54
-48
-70
-73
-35
27
58
62
65
95
153
189
186
166
180
221
238
216
167
145
160
157
123
80
53
43
43
34
3
-29
-48
-50
-55
-74
-92
-93
-84
-74
-78
-90
-88
-80
-71
-62
-58
-69
-67
-61
-60
-63
-74
-80
-68
-41
-33
-42
-43
-38
-21
-4
-16
-18
7
30
45
48
42
58
81
100
116
117
106
112
121
116
100
78
60
65
80
64
20
-2
-2
-3
-26
-59
-83
-87
-84
-78
-73
-82
-82
-71
-69
-57
-61
-82
-92
-98
-93
-86
-96
-98
-75
-71
-67
-49
-31
-26
-32
-35
-13
15
15
24
46
72
106
127
116
126
155
167
171
156
143
148
137
125
128
123
117
121
99
77
77
70
39
7
-26
-48
-47
-52
-90
-113
-116
-110
-102
-119
-135
-140
-125
-125
-137
-160
-172
-149
-126
-125
-113
-102
-84
-38
-23
-38
-34
-14
-2
9
7
11
34
66
74
68
57
61
90
90
74
86
109
129
132
110
90
91
104
97
61
32
27
23
29
17
-11
-13
-15
-23
-7
9
1
-18
-34
-33
-33
-50
-66
-62
-65
-66
-53
-64
-85
-96
-101
-100
-86
-82
-89
-97
-89
-69
-45
-26
-27
-21
5
31
50
55
67
88
89
94
96
97
109
121
128
130
138
147
149
132
115
106
89
59
22
-8
-39
-65
-80
-91
-128
-162
-170
-163
-159
-175
-196
-192
-166
-150
-157
-174
-151
-122
-85
-60
-50
-45
-22
17
31
27
58
95
116
160
169
153
174
204
192
166
159
156
166
175
162
162
137
117
96
68
60
45
20
7
-2
-25
-17
2
-12
-45
-51
-52
-77
-72
-23
15
41
36
11
21
43
23
11
-93
-130
-55
-68
-122
-121
-127
-191
-83
-66
-130
-102
-35
-1116
-1260
-578
-1813
-994
938
539
-54
792
1306
737
748
194
-624
-100
198
-247
-147
687
1094
848
922
854
206
52
-194
-482
-368
-445
-257
32
-27
-26
180
16
294
280
-321
-364
-41
-384
-582
-166
26
-36
-352
450
273
-373
137
87
-257
-23
-288
-330
-38
-250
13
112
32
175
46
173
-278
-1033
-558
-1140
-1561
-265
163
-258
63
966
1011
965
833
348
650
563
96
-283
35
248
172
556
629
302
156
252
-170
-211
-659
-388
130
-592
-363
78
-346
100
547
395
281
184
213
-394
35
-165
-289
-137
-104
-46
-294
119
-216
-194
119
-27
-277
-407
-362
-259
-66
-528
-303
432
-241
-79
264
86
508
165
329
247
71
332
110
17
205
285
-323
141
215
-181
84
127
157
-178
-179
76
168
-486
-194
553
-264
63
-70
-353
511
207
-221
110
129
-173
379
-3
-283
82
72
300
-284
-271
89
-1
-91
-135
-47
-43
-424
-355
319
-160
-635
341
123
-423
90
-136
-209
-93
-80
184
71
-389
391
451
-76
277
285
232
149
172
-30
225
125
-135
191
12
-4
27
-242
-197
291
114
-312
128
23
-77
43
-230
-293
142
-173
-294
15
-185
-117
38
-199
-145
84
-285
-134
183
-92
89
461
33
-86
346
3
-58
243
-48
17
308
-6
-71
198
41
-223
179
9
-365
38
-177
-80
152
-5
-98
218
179
-256
132
80
-159
271
240
-214
-172
111
93
-248
115
95
-155
1
25
101
-162
132
238
-15
-174
-92
-168
-342
-46
-54
-193
-55
58
-258
-327
-91
33
-137
-56
220
-51
-148
109
270
62
128
164
240
292
4
65
385
125
20
444
158
-228
-95
162
23
-120
125
179
14
4
-128
-223
20
-140
-187
129
-109
-343
21
-69
-51
152
3
-11
86
-13
-155
-152
-143
76
89
5
-83
-31
125
63
-119
34
125
-285
-261
48
-150
-244
86
249
245
68
-2
370
284
-194
240
354
-156
-32
135
-44
-94
60
49
53
83
-66
-98
-203
-198
-38
-164
-221
-187
-4
13
-121
-58
-40
-145
48
96
-157
-37
-38
16
84
-31
-110
112
169
-105
-56
66
-54
-20
-76
-251
38
57
-142
-17
75
49
184
108
-83
57
89
90
126
114
89
86
196
102
55
202
106
27
92
1
-67
1
-23
-24
57
-73
-134
51
-26
-246
-71
54
-150
-145
-39
-118
-141
8
61
79
77
-45
-37
-2
-60
24
120
-88
9
137
-127
-137
100
3
-63
161
-36
-230
15
72
-115
8
160
20
-3
103
5
2
38
62
130
60
9
74
97
-33
140
227
-32
-72
0
-35
-133
-54
61
22
-28
-44
-77
-46
-1
-76
-39
81
20
-139
-81
-78
-22
120
-64
-78
114
26
-112
-39
60
21
-31
-20
-26
-66
-105
-52
66
4
-34
92
58
-84
-76
53
25
-21
-5
-21
-19
-7
-37
-19
46
31
31
84
10
-9
102
108
73
79
91
22
-21
12
44
11
-17
54
44
-26
-38
-39
-32
-83
-45
-15
-77
-82
-116
-27
-10
-75
-48
-50
-20
-35
-54
6
14
-9
51
136
11
-11
95
83
39
34
29
-24
77
62
-83
-49
42
-14
-106
-41
-29
-22
6
-31
-74
-75
-64
-43
-25
-50
14
69
95
94
89
42
32
112
78
26
22
15
64
71
5
-67
30
94
-32
-23
22
-105
-159
-51
-46
-73
-19
-9
9
24
-45
-56
-2
-19
12
66
-21
-17
77
57
42
60
45
37
40
9
-28
-46
-32
-9
-18
-28
-46
-81
-53
-18
-23
-23
-64
-54
-44
-40
-12
14
27
64
104
71
40
67
67
30
57
60
22
13
39
56
41
23
20
10
-30
-23
25
7
-48
-38
-27
-62
-67
-15
-17
-24
11
36
-10
-42
-21
-31
-39
-22
-11
-24
-29
3
16
-6
-14
2
2
-9
-5
-12
-9
-10
-8
-28
-40
-8
-11
-17
2
-13
-37
0
3
-36
-24
-21
-13
-5
-10
-1
26
30
47
59
19
2
51
84
65
32
33
63
70
43
1
7
47
42
4
-18
-20
-12
-13
-38
-54
-41
-23
-4
-15
-44
-43
-14
-6
-6
-3
-22
-33
-10
21
10
-20
-17
8
8
-16
-25
-19
-21
-27
-19
-22
-27
-18
-19
-29
-16
0
1
-9
-12
8
21
17
13
24
39
49
41
33
48
57
43
36
50
55
32
15
16
12
3
7
8
-15
-31
-23
-11
-22
-34
-28
-13
-7
-1
3
-13
-27
-2
24
14
-1
1
5
5
9
11
-3
-20
-10
7
-7
-27
-23
-14
-12
-13
-22
-33
-24
1
10
-6
-18
-2
21
21
11
14
