SAMPLES:	7743
BITSPERSAMPLE:	16
CHANNELS:	1
SAMPLERATE:	16000
NORMALIZED:	FALSE
-10
-3
6
7
-3
-10
2
5
9
-10
-14
4
14
1
-14
-7
7
15
-6
-18
-4
18
1
-14
-1
10
1
-3
-1
5
-4
-7
10
3
-9
-2
18
-9
-11
9
7
3
-7
-6
8
5
-2
4
-4
-6
9
11
-7
-8
9
6
-11
-5
10
5
-10
-2
7
3
-4
-10
13
13
-14
-12
11
10
1
-15
-1
21
0
-21
-1
21
-1
-9
3
-4
9
6
-16
-3
18
6
-20
1
11
6
-1
-23
0
21
8
-23
-7
6
5
18
-5
-29
7
38
-17
-34
25
9
-22
1
19
-6
-25
12
30
-18
-19
1
10
10
-5
-25
20
26
-24
-10
8
17
-13
-12
10
6
-13
11
13
-7
-17
4
14
-1
-26
-4
24
-3
-11
9
12
-12
-10
-4
33
-20
-42
21
34
-32
-31
27
26
2
-47
19
33
-13
-44
9
51
-18
-52
28
23
-9
2
-7
-2
7
11
-38
-4
16
26
-10
-20
-7
57
11
-89
-1
67
-37
-62
18
56
35
-55
6
35
9
-33
20
-16
-33
35
46
-18
-52
30
45
-2
-65
2
63
5
-58
-5
33
15
-8
-37
-2
71
-28
-43
35
5
-25
-6
24
-12
-22
-7
45
6
-40
9
18
13
-39
-1
32
-17
-12
-2
30
-1
-28
-18
51
6
-61
13
45
18
-69
-9
62
7
-51
-1
29
14
-26
-1
31
-13
-17
0
28
3
-26
-7
16
19
-24
-10
32
-7
-21
3
31
-15
-4
-9
5
7
-11
-10
29
-10
-12
20
23
-38
-17
61
-19
-25
-6
30
-5
-9
1
-1
5
3
-6
-24
31
32
-53
-27
54
23
-48
-29
39
8
-23
13
-5
-17
-27
52
44
-123
-30
146
-32
-97
22
74
-4
-66
-11
33
67
-71
-42
58
65
-93
-38
91
32
-67
-57
56
91
-22
-62
56
-11
44
26
-88
-20
41
-23
30
-49
-53
19
160
-170
-102
131
61
-74
-144
146
13
-49
-38
19
0
-59
-9
134
-91
-83
255
7
-258
193
16
-122
95
-25
8
15
22
28
-49
-58
22
39
-30
-30
-8
108
40
-51
44
-114
26
143
-119
-33
87
6
68
-62
-53
50
6
-176
45
71
-93
4
71
115
-70
-16
20
1
-37
-84
-3
75
-89
24
117
-119
-15
102
-89
-131
190
158
-126
-66
105
38
-108
24
38
-99
104
55
-136
20
157
-82
-124
106
28
-44
23
47
-27
42
-93
-79
195
-180
-107
282
7
-137
60
-57
36
28
-133
-46
141
4
-62
89
108
-165
-48
111
87
-173
-173
299
49
-222
-19
207
44
-103
-118
224
27
-87
-46
25
61
-241
169
191
-174
-22
223
9
-54
-159
-115
87
-144
-257
122
188
-108
-77
185
19
-66
-76
-87
157
-100
-209
234
153
-301
68
71
-202
-15
-42
4
118
-52
-212
287
200
-286
-90
157
230
-151
-117
214
149
-167
-143
168
57
-57
74
84
148
-25
-120
165
50
-245
-20
210
50
-108
31
135
-29
47
-11
-19
-13
15
70
51
-75
-173
-6
-14
-137
-132
-71
97
-53
-12
64
8
28
-102
-139
-268
142
-49
-160
216
167
-25
108
166
-57
-98
24
-85
-151
175
28
-92
70
21
-96
66
-78
-166
111
42
-72
160
113
-3
60
28
56
98
81
-6
145
270
117
85
96
-81
-69
45
-143
-95
149
44
105
179
-15
-167
-185
-221
-226
-174
-102
41
88
-53
-73
41
32
-192
-203
-81
-191
-239
-77
34
-64
-89
119
216
102
108
142
38
-37
-26
-28
-16
11
-14
-51
78
109
138
228
293
245
96
-12
-48
-117
-243
-307
-168
-9
46
27
124
156
-37
-153
-85
-9
-161
-153
-16
-64
-168
-100
42
46
-5
37
103
126
52
32
85
88
-9
-5
154
196
117
89
179
124
-36
-83
-20
4
-58
-99
-67
-98
-212
-270
-260
-176
-94
-35
81
178
122
16
39
42
0
7
40
115
200
182
90
95
-6
-108
-108
-31
21
65
145
187
204
160
22
-52
-115
-227
-263
-160
-95
-95
-11
81
171
163
61
60
93
-6
-80
-47
-62
-107
-34
-73
-101
-119
-131
-54
-54
-83
-35
79
95
87
81
36
-59
-168
-204
-212
-137
-71
15
97
127
97
46
7
-118
-205
-202
-162
-160
-168
-112
-23
-20
-59
-61
-26
-21
-31
-53
13
54
50
122
184
220
234
346
405
459
478
560
665
690
625
593
657
632
536
468
499
468
289
-19
-298
-548
-805
-948
-994
-937
-759
-627
-514
-381
-357
-443
-556
-665
-772
-854
-925
-992
-977
-943
-992
-935
-891
-945
-961
-939
-806
-657
-431
-98
368
865
1299
1740
2200
2603
2844
2945
2854
2573
2082
1608
1305
1154
1033
951
1017
1232
1315
1217
847
241
-627
-1516
-2265
-2910
-3280
-3119
-2429
-1571
-721
-74
349
432
70
-640
-1405
-2005
-2417
-2622
-2569
-2278
-1944
-1693
-1523
-1457
-1511
-1570
-1508
-1250
-813
-175
777
1966
3176
4076
4455
4542
4082
2969
1839
1444
1832
2538
3510
5018
6614
7080
5819
3210
-511
-5208
-9595
-11665
-10985
-8724
-5354
-911
3636
6692
7598
6799
4755
1923
-775
-2085
-2128
-1853
-1684
-1311
-1020
-1611
-3061
-4615
-5976
-7347
-7898
-6935
-4960
-2893
-724
1856
4021
4845
4486
3877
3264
2475
1783
1714
2179
2497
2526
2651
3186
3923
4616
5439
6545
7548
7352
5227
1495
-3359
-9034
-13937
-15358
-12691
-8129
-3135
2437
7762
10618
10176
7574
4036
340
-2366
-3020
-1846
-365
485
818
504
-1381
-4527
-7471
-9502
-10756
-10729
-8444
-4787
-1368
1071
3099
4661
5093
4159
2867
2053
1658
1696
2364
3262
3655
3479
3154
2951
2594
2352
2763
3953
5468
6837
7322
5985
2537
-2356
-8056
-13213
-15373
-13408
-8812
-3293
2761
8445
11752
11501
8492
4293
130
-2805
-3722
-2754
-1067
282
924
591
-1058
-4095
-7251
-9479
-10422
-10118
-7975
-4400
-936
1438
2970
3943
4213
3663
2632
1845
1542
1715
2331
2935
2979
2494
2019
1814
1582
1350
1606
2599
3973
5394
6735
7120
5556
2162
-2246
-7358
-12200
-14172
-11963
-7242
-2017
3328
8311
11032
10299
7105
3092
-631
-3066
-3412
-1984
-113
1075
1316
524
-1531
-4695
-7815
-9833
-10332
-9540
-7211
-3717
-175
2227
3609
4402
4649
4339
3625
2944
2378
1957
1617
1217
610
-326
-1087
-991
-360
410
1466
3089
4929
6475
7850
8817
8106
5232
1019
-4122
-10056
-14456
-14599
-10820
-5821
-611
5001
9636
10936
8966
5500
1842
-1292
-2841
-2144
-241
1076
1315
711
-825
-3712
-7074
-9464
-10292
-9834
-7989
-4566
-581
2627
4349
5072
4996
4091
2768
1877
1226
460
-382
-936
-1425
-2006
-2277
-1686
-161
1678
3437
5115
6593
7441
7452
7377
7409
6510
4233
1092
-2814
-8277
-13372
-14756
-11769
-7384
-3026
2212
7565
10316
9760
7643
4937
1844
-464
-831
-110
9
-699
-1609
-2806
-4746
-6849
-8084
-8358
-8129
-7030
-4479
-1137
1584
3173
4078
4425
4021
2861
1571
424
-845
-2254
-3240
-3707
-3931
-3522
-1852
955
3912
6298
7772
8319
7761
6525
5268
4827
5102
5072
4061
1966
-1813
-7767
-13391
-15286
-13011
-9038
-4017
2250
8494
12077
12451
10744
7647
3662
263
-1441
-2051
-2736
-3497
-3988
-4356
-5227
-6254
-6902
-7051
-6778
-5833
-3528
-593
1893
3445
4530
4884
3889
1777
-386
-2039
-3317
-4122
-4149
-3463
-2428
-917
1251
3588
5355
6242
6263
5494
4175
3139
2916
3752
5651
7568
7957
5841
1253
-5942
-13965
-18858
-17972
-12818
-5899
2134
10332
16108
17424
14886
9829
3504
-2204
-5480
-6337
-6116
-5461
-4376
-3335
-3031
-3563
-4258
-4902
-5367
-5210
-3617
-916
1685
3132
3680
3641
2797
1033
-999
-2702
-3685
-3864
-3483
-2830
-2319
-1494
85
2422
4579
6055
6730
6559
5457
3891
2610
2248
2984
4962
6825
6987
4700
72
-7058
-14635
-18240
-15663
-9377
-2354
5280
12892
17456
16920
12563
6422
-308
-5951
-8667
-8409
-7003
-5430
-3556
-1618
-638
-1007
-1826
-2670
-3419
-3932
-3103
-1231
593
1435
1712
1510
433
-1314
-3170
-4446
-5049
-4476
-2919
-984
704
2223
3859
5430
6390
6341
5453
3898
1811
78
-566
131
2059
5476
9538
11588
9963
5098
-2522
-12230
-20063
-21114
-15438
-7386
1151
10246
17597
19522
15741
9093
1552
-5479
-9637
-9559
-6937
-4074
-1557
606
1562
515
-1548
-3573
-5252
-6340
-5927
-3563
-639
1399
2252
2249
1097
-1160
-3443
-4925
-5402
-4739
-2532
469
2853
3911
4313
4564
4511
3997
3269
2557
1726
870
598
1069
2117
3953
6964
10244
11172
8555
3199
-4227
-13510
-20986
-21707
-15394
-6462
2476
11307
18212
19847
15957
9169
1532
-5479
-9505
-9288
-6502
-3714
-1533
334
1061
62
-2047
-3916
-5341
-6230
-5916
-3855
-1025
1252
2440
2548
1470
-564
-2946
-4848
-5196
-3488
-303
2659
4265
4378
3598
2406
1099
-31
-317
527
2007
3192
3477
3419
3603
4552
6153
8271
9600
8349
4128
-2353
-10517
-18689
-22228
-18318
-9631
-503
8171
16003
19925
17825
11804
4748
-2159
-7439
-9087
-7372
-4850
-2901
-1220
-264
-1009
-2932
-4419
-5192
-5622
-5288
-3226
-334
1956
3055
3003
2021
97
-2128
-3745
-3845
-2516
-305
1732
2692
2415
1588
972
692
624
958
1975
3155
3617
3142
2219
1843
2373
3905
6188
8612
9427
7221
2301
-4703
-13090
-20232
-21654
-15997
-6563
2969
11724
18585
20887
17537
10639
2572
-5110
-10174
-11199
-9119
-6385
-3843
-1627
-430
-859
-2127
-3136
-3744
-3938
-3240
-1358
920
2652
3414
3067
1672
-432
-2595
-4240
-4603
-3215
-646
1944
3469
3714
3132
2128
944
-236
-747
-266
949
2141
2889
3074
3168
3676
4845
6410
8037
8494
6503
2043
-4225
-11913
-19132
-21295
-16208
-6753
2735
11165
17891
20373
17285
10404
2337
-5496
-10896
-12230
-10177
-7107
-4171
-1556
109
232
-462
-1044
-1570
-2083
-2034
-895
553
1493
1598
1076
120
-1036
-2043
-2545
-1982
-551
1305
2579
2725
1797
541
-402
-852
-719
-81
953
1836
2158
1818
1126
847
1527
3419
6004
8811
10647
9782
5571
-1059
-9105
-17505
-22571
-20427
-11622
-837
8799
16665
21079
19814
13317
4412
-4536
-11352
-13773
-11656
-7306
-3126
221
2204
2228
466
-1665
-3109
-3835
-3487
-1793
912
3271
4608
4449
2856
446
-2159
-4489
-5504
-4413
-2003
415
2044
2741
2416
1459
235
-876
-1584
-1650
-929
112
813
1202
1838
3507
5977
8617
10772
11978
10723
6115
-895
-8744
-16744
-23151
-23653
-16393
-4713
6350
15085
20803
21401
16136
7688
-893
-8183
-12258
-11597
-7550
-3259
-457
1049
987
-724
-2796
-3743
-3314
-2066
220
3300
6030
6830
4868
1242
-2873
-6622
-9037
-8330
-4724
-596
2224
3710
4237
3403
1423
-890
-2465
-2868
-1965
-303
980
1524
1954
3122
4651
6149
7193
7860
7853
7099
5001
956
-4323
-9891
-14952
-18322
-16920
-9911
-240
8305
14642
18259
17765
12837
5311
-2374
-8489
-11052
-9682
-6106
-2982
-980
18
-77
-1211
-2352
-2260
-1140
583
2530
4383
4719
2636
-806
-4027
-6509
-7654
-6160
-2506
1137
2874
2932
2215
1101
-305
-1750
-2374
-1895
-529
893
1577
1554
1430
2104
3352
4716
5721
6455
6673
6357
5841
4180
765
-3917
-8954
-14305
-17883
-16066
-8398
1201
9354
15604
18899
17553
11606
3675
-3990
-9482
-11022
-8807
-5239
-2532
-824
-260
-956
-2431
-3111
-2242
-521
1547
3547
4818
4049
1544
-1497
-4356
-6498
-6922
-5210
-2636
-191
1724
2863
2814
1834
545
-664
-1495
-1890
-1761
-1376
-578
643
2089
3608
4864
5760
6123
6225
6068
5881
5598
4365
1418
-3101
-8584
-14526
-18577
-17171
-9407
1194
10460
16937
19887
18177
11871
3391
-4579
-10074
-11419
-8924
-4830
-1753
-448
-733
-2171
-3804
-4290
-2909
-390
2534
5045
6454
5752
2804
-1127
-4725
-7370
-8347
-6911
-4070
-1341
781
2518
3406
2955
1652
367
-511
-1035
-1269
-1167
-669
333
1869
3460
4614
4881
4583
4243
4045
4006
4289
4598
3679
799
-3776
-9385
-14938
-17415
-13700
-4490
5916
14037
18687
19023
14415
6345
-2106
-8587
-11629
-10519
-6493
-2417
-503
-639
-2088
-3833
-4609
-3146
291
4102
7042
8140
6962
3151
-2372
-7742
-11237
-12160
-10184
-5625
-252
4298
6894
7275
5654
2984
255
-1899
-3019
-3022
-2061
-625
682
1682
2194
2597
2812
2980
3318
3954
4792
5507
6382
6331
4122
-358
-5876
-11735
-16613
-16915
-10479
-10
9231
14983
17127
15157
9302
1839
-4506
-8604
-9231
-6504
-2561
-326
-578
-2257
-4383
-5459
-4336
-663
3524
6621
7700
6623
3096
-2308
-7550
-10976
-11795
-9893
-5026
945
5361
6959
6427
4713
2193
-166
-1764
-2246
-1979
-1286
-710
-706
-938
-680
496
2308
4190
5658
6568
6716
6287
5524
4798
3700
1238
-2374
-6547
-10882
-14858
-15213
-9483
58
8577
13674
15583
13716
8513
2043
-3268
-6693
-7443
-5323
-2351
-1062
-2040
-3996
-5808
-6168
-4144
200
4767
7641
7964
5801
1622
-3493
-8051
-10746
-10630
-7805
-3116
1834
5610
7216
6453
3925
731
-1875
-3221
-3290
-2590
-1565
-706
-152
184
628
1513
2948
4738
6210
6941
6614
5502
3898
2529
1628
422
-1687
-4610
-8066
-11782
-13251
-9735
-1860
6264
11688
14020
13274
9616
4042
-1714
-6432
-8545
-7420
-4568
-2517
-2205
-2898
-3673
-3405
-1299
2237
5471
7051
6528
3923
-135
-4497
-8054
-9791
-9161
-6586
-2826
1296
4539
5619
4566
2562
733
-548
-1236
-1540
-1582
-1427
-1245
-1209
-1235
-675
817
3018
5221
6635
6732
5822
4552
3429
2710
2640
2379
744
-2327
-6304
-10769
-14192
-13006
-6080
3264
10430
13832
13659
10080
4262
-1828
-6474
-8629
-7233
-3427
-16
1063
175
-1565
-2965
-2723
-559
2222
3822
3671
1886
-921
-3821
-5780
-6690
-6322
-4455
-1789
466
2027
3545
4529
4345
2982
1237
-506
-1967
-3094
-4097
-4657
-4100
-2117
416
2650
4474
6145
7525
8008
7363
5865
4114
2561
1456
795
-566
-3010
-5998
-8978
-11750
-12300
-7940
85
7513
11292
11758
9347
4914
28
-3602
-5277
-4454
-1143
2119
2703
192
-3306
-6197
-7112
-5492
-1766
2156
4478
4713
3068
436
-2276
-3952
-4465
-3865
-2274
-488
171
-396
-243
1396
3177
3296
1605
-968
-3161
-4139
-4208
-3633
-1942
1348
5015
7252
7258
5852
4346
3459
3193
3243
3207
2492
1264
97
-1503
-4133
-7065
-9415
-10991
-10354
-5393
2392
8332
10059
8943
6583
3634
996
-881
-2112
-2088
-459
815
-642
-4173
-7228
-8090
-6368
-2370
2350
5467
5956
4223
1354
-1418
-2961
-3028
-2355
-1135
201
688
-504
-2284
-2663
-1168
1060
2188
1726
202
-1150
-1774
-1612
-805
662
2743
4557
5290
4470
3011
1896
1471
1612
1974
2130
1610
759
41
-1064
-2861
-4791
-6544
-8400
-8878
-5510
884
6284
8132
7215
4949
2596
902
-248
-1389
-1630
-197
1019
-179
-3243
-5689
-6418
-4990
-1689
2136
4378
4128
2347
275
-919
-934
30
1009
1442
1027
-381
-2631
-5047
-5662
-3247
1100
4301
4436
2181
-429
-1654
-1518
-831
-85
1340
3258
4314
3482
1209
-470
-425
977
2246
2498
1817
849
300
-104
-1263
-3120
-4974
-6847
-8408
-7273
-2364
3441
6478
6581
5346
3909
2702
1646
324
-677
32
1381
676
-2715
-6175
-7600
-6428
-3171
930
3993
4934
4252
2765
1365
599
585
753
786
410
-727
-2731
-4994
-6002
-4466
-655
3193
4516
2850
10
-1580
-1346
-408
193
663
1426
1849
1196
-483
-1773
-1325
975
3629
5079
4776
3244
1445
0
-1608
-3634
-5454
-6849
-8095
-7861
-4001
2113
6541
7409
6311
4833
3570
2399
1028
-430
-804
-50
-256
-2563
-5465
-6753
-5702
-2529
1578
4687
5439
4352
2573
1071
445
778
1262
1130
1
-1741
-3703
-5659
-6836
-5855
-2125
2231
4495
3546
983
-745
-631
0
-276
-994
-1123
-512
-166
-85
236
1682
4008
5852
5640
3277
221
-2078
-2690
-2245
-1918
-2394
-3108
-3960
-5014
-4614
-1054
4183
7257
6962
5000
3117
1567
216
-850
-1401
-1021
-619
-1487
-3657
-5151
-4467
-1714
2068
5319
6616
5409
2826
252
-1366
-1664
-1131
-726
-1116
-1887
-3009
-4531
-5389
-4813
-3302
-1149
2130
5145
5104
1873
-2018
-3700
-2660
-503
435
129
394
1683
2620
2087
1125
867
1723
2606
2560
1280
39
-286
135
-95
-1253
-2698
-4285
-5649
-4906
-586
4617
6820
5391
2891
1105
235
-465
-1361
-2055
-1457
-21
819
461
-169
26
1300
3167
4128
3052
257
-2479
-3881
-3691
-2641
-1592
-1266
-1549
-1665
-1277
-1038
-1066
-564
490
1026
483
-535
-1525
-2136
-2208
-1845
-1351
-712
-23
497
978
1725
2699
3410
3640
3312
2443
1432
641
306
249
414
377
-455
-1791
-2880
-3491
-3797
-2514
1073
4751
5292
2627
-538
-2089
-1655
-203
1214
2020
2611
2928
2356
890
-500
-949
-419
495
698
-339
-2266
-3959
-4554
-3582
-1553
348
1226
1208
929
715
456
-376
-1650
-2510
-2308
-1705
-1494
-1891
-2360
-2411
-1760
-746
102
971
1997
3108
3721
3755
3027
1939
1104
687
404
201
310
612
1040
1216
735
-317
-1275
-2308
-3575
-3613
-977
2480
3373
1371
-960
-1492
-393
1090
1865
2044
2295
2645
2287
1027
-318
-909
-695
-333
-482
-1431
-2721
-3627
-3393
-1880
189
1554
1598
936
474
557
497
-443
-1981
-3148
-3670
-3748
-3159
-1746
-313
331
224
120
671
1837
2809
2837
2220
1586
1151
621
99
-112
377
1305
2125
2207
1738
1315
1112
770
12
-1242
-3140
-4698
-4196
-1364
1095
876
-992
-1732
-318
2055
3698
4001
3441
2916
2411
1471
43
-1154
-1403
-763
-12
-153
-1380
-3104
-4048
-3524
-1680
131
823
468
75
215
391
50
-570
-944
-1135
-1522
-2001
-2129
-1550
-447
377
382
-254
-699
-514
273
1112
1785
2326
2816
3010
2620
1626
499
-114
36
723
1603
2047
1085
-782
-2507
-3913
-5216
-4729
-1772
1269
1814
685
325
1407
3119
4068
3737
2582
1875
1488
952
161
-200
-100
100
-34
-906
-2376
-3821
-4233
-3427
-1777
-295
464
517
478
812
1165
814
-541
-2020
-2699
-2536
-2133
-1377
-370
51
-726
-1807
-1930
-709
1111
2284
2322
1961
2104
2322
1849
892
331
358
619
805
1017
1362
1676
1205
-5
-1319
-2520
-3742
-3660
-1072
2100
2813
854
-1130
-1202
520
2404
3005
2409
2109
2510
2711
2128
1305
593
-72
-696
-1590
-2818
-3982
-4159
-3208
-1621
-279
141
-179
-320
178
765
671
-420
-1934
-2843
-2526
-1459
-526
-448
-1350
-2288
-2010
-391
1160
1613
1267
1080
1447
1846
1587
693
149
463
958
1003
866
1174
2108
3200
3370
1956
-97
-1684
-2890
-3770
-2999
-659
838
-183
-2008
-2107
-88
2513
3832
3425
2516
2519
2935
2693
1674
765
94
-579
-1384
-2216
-2916
-3197
-2832
-2087
-1325
-999
-1071
-998
-406
404
644
53
-1098
-2026
-2130
-1480
-1043
-1193
-1177
-397
452
437
-265
-648
195
1682
2282
1368
213
-46
343
466
216
126
957
2530
3772
3753
2980
2131
1009
-372
-1655
-2971
-4297
-3976
-1439
914
650
-1100
-1744
-306
2221
3912
3450
1793
1262
2175
2834
2201
884
-372
-1085
-1104
-1065
-1630
-2589
-3015
-2676
-2001
-1705
-1911
-2107
-1597
-644
-149
-473
-1139
-1199
-123
1375
1695
358
-1223
-1601
-656
533
859
281
-68
451
912
545
-223
-237
499
1455
1818
1620
1394
1719
2201
2262
1860
1158
294
-464
-1089
-2034
-2507
-1390
357
440
-1175
-2234
-1538
337
1948
2220
1362
1046
1931
2651
2189
1052
231
-130
-35
108
-231
-1126
-2002
-2454
-2557
-2520
-2511
-2373
-1855
-981
-362
-442
-978
-1138
-742
-268
-140
-170
-57
217
568
669
772
1039
1289
946
279
-316
-395
24
461
400
139
224
450
869
1618
2391
2569
2568
2276
1403
120
-1144
-2420
-2714
-1101
616
129
-1847
-2642
-1449
617
1920
1471
154
84
1634
2816
2446
1386
778
776
939
676
-360
-1604
-2231
-2135
-1918
-1857
-1814
-1711
-1551
-1371
-1293
-1471
-1530
-1162
-566
-70
54
-363
-669
77
1322
1611
694
-350
-444
524
1411
957
-211
-453
426
1031
555
-373
-440
897
2476
2778
2059
1634
1406
832
-85
-1032
-2117
-2116
-197
1548
670
-1760
-2804
-1781
202
1513
1095
-430
-588
1143
2606
2337
1307
744
731
1139
1399
804
-516
-1427
-1567
-1501
-1784
-2316
-2742
-2648
-1927
-1127
-866
-1076
-1029
-626
-327
-563
-968
-780
308
1490
1561
639
-94
398
1556
2054
1159
-110
-399
147
351
-264
-746
-336
810
1588
1457
1075
1352
1828
1558
746
-99
-979
-1331
-346
718
-130
-2245
-3125
-1903
159
1509
1214
-103
-424
1118
2730
2647
1398
562
642
1184
1370
675
-639
-1542
-1606
-1416
-1589
-2011
-2125
-1769
-1134
-789
-965
-1286
-1262
-1118
-1082
-1050
-949
-533
417
1343
1323
788
697
1236
1756
1628
614
-486
-733
-344
-234
-593
-686
-128
827
1471
1521
1393
1583
1683
1242
506
-247
-1094
-1233
-62
839
-169
-1948
-2151
-784
731
1248
478
-726
-593
1111
2385
2022
858
251
431
1073
1262
482
-768
-1342
-1076
-761
-839
-1214
-1400
-1366
-1218
-1295
-1556
-1724
-1565
-1283
-1253
-1189
-759
-119
357
837
1152
961
604
730
1201
1244
586
-410
-933
-632
5
143
-111
-77
532
1288
1746
1950
2092
1929
1222
547
153
-447
-1110
-644
415
140
-1493
-2248
-1296
201
1006
667
-314
-469
954
2345
2179
925
147
151
611
902
500
-451
-1076
-890
-470
-257
-491
-956
-1388
-1465
-1465
-1703
-1926
-1883
-1736
-1695
-1283
-522
-20
-54
-86
296
746
827
525
379
558
674
369
-32
-70
248
587
712
638
559
806
1291
1794
1994
1690
1020
485
112
-584
-986
-313
377
-492
-1981
-1985
-508
886
1150
394
-543
-286
1131
1928
1194
-16
-287
279
1131
1402
890
9
-316
-125
-3
-176
-758
-1374
-1775
-1640
-1533
-1573
-1667
-1661
-1563
-1503
-1494
-1443
-850
-63
321
152
0
183
702
1231
1132
446
-120
62
558
740
514
316
527
1026
1531
1756
1778
1800
1675
1124
448
120
-331
-1062
-1032
0
241
-1111
-2113
-1348
166
900
551
-503
-1057
-32
1562
1727
504
-236
298
1308
1776
1236
66
-688
-417
47
-121
-809
-1371
-1472
-1205
-921
-1058
-1529
-1927
-1934
-1835
-1837
-1628
-880
-86
-6
-374
-298
488
1218
1171
463
-24
301
1025
1272
761
236
480
1217
1579
1340
1137
1338
1766
1830
1202
422
131
-201
-1135
-1346
-159
465
-902
-2217
-1525
52
788
392
-622
-1281
-362
1315
1649
474
-331
99
992
1548
1236
266
-507
-277
181
153
-315
-749
-948
-970
-882
-1113
-1399
-1653
-1702
-1627
-1446
-1482
-1419
-712
-108
-310
-752
-350
467
915
774
347
278
756
1282
1092
549
310
664
1330
1763
1729
1460
1475
1726
1750
1131
368
-30
-472
-1215
-1152
-39
172
-1241
-2193
-1196
206
516
-134
-972
-1189
-53
1393
1253
-58
-583
175
1012
1365
1076
329
-164
121
561
488
35
-555
-1009
-1108
-1005
-1163
-1506
-1827
-1863
-1630
-1420
-1429
-1194
-639
-542
-883
-805
-40
663
866
564
126
216
951
1392
955
372
573
1467
2155
2118
1587
1416
1767
1860
1210
446
-21
-595
-1082
-589
304
-96
-1544
-2105
-1153
-37
134
-679
-1569
-1423
3
1177
812
-296
-437
568
1566
1768
1124
347
151
597
818
453
-179
-597
-706
-631
-619
-917
-1182
-1332
-1394
-1353
-1320
-1726
-1992
-1329
-623
-822
-1127
-583
104
321
232
73
165
696
1211
1011
583
762
1418
1850
1752
1569
1634
2015
2290
1877
975
484
439
-167
-1012
-824
23
-355
-1860
-2410
-1409
-238
-132
-838
-1621
-1420
92
1400
994
-353
-622
204
1063
1251
885
230
33
606
1097
959
363
-90
-360
-370
-386
-628
-1197
-1803
-1906
-1754
-1636
-1478
-1032
-1007
-1526
-1643
-910
-32
206
-42
-309
88
1005
1513
937
61
271
1572
2687
2594
1823
1545
2278
3115
2681
1201
138
-149
-435
-643
-322
-386
-1451
-2311
-1773
-665
-343
-874
-1573
-1713
-879
373
633
-318
-1045
-553
506
1226
1320
1011
728
875
1187
1106
625
156
-3
-9
10
-186
-484
-942
-1405
-1708
-1841
-1828
-1810
-1573
-1287
-1181
-1490
-1655
-1082
-125
322
-217
-830
-576
674
1594
1440
932
1279
2520
3464
3388
2550
2074
2213
2265
1597
604
-284
-967
-937
-66
290
-988
-2431
-2229
-919
-389
-964
-1816
-2088
-1287
50
472
-473
-1217
-579
734
1503
1430
896
550
834
1368
1406
928
500
470
537
304
-345
-913
-1138
-1183
-1313
-1373
-1299
-1553
-2151
-2476
-2001
-1318
-1154
-1471
-1507
-782
244
672
340
81
646
1710
2513
2510
2020
1813
2374
3135
3183
2417
1465
1036
756
188
-420
-261
107
-480
-1649
-2019
-1284
-670
-831
-1656
-2321
-2057
-898
-125
-626
-1436
-1273
-48
1157
1561
1033
392
514
1284
1733
1410
772
387
492
800
804
68
-903
-1269
-1115
-1385
-1886
-1754
-1371
-1750
-2476
-2318
-1290
-364
-345
-1040
-1484
-678
823
1403
616
-126
570
2259
3426
3205
2237
1871
2584
3251
2781
1575
511
-97
26
734
857
-472
-1983
-2131
-1234
-698
-1121
-2084
-2720
-2207
-953
-395
-1012
-1546
-952
152
875
939
566
306
670
1393
1561
1166
737
685
834
941
746
37
-600
-815
-839
-1246
-1533
-1379
-1318
-1659
-1934
-1550
-924
-521
-774
-1244
-1257
-538
331
440
102
38
889
1937
2536
2428
2097
2222
2594
2664
2144
1654
1013
446
436
864
506
-755
-1463
-1281
-863
-990
-1457
-2184
-2408
-1655
-772
-910
-1729
-1685
-798
156
512
370
-17
27
799
1460
1509
1065
797
734
913
996
566
-78
-567
-823
-1051
-803
-436
-715
-1476
-1665
-1010
-406
-374
-950
-1478
-1297
-326
425
130
-460
-255
799
1630
1776
1519
1463
1891
2375
2389
1852
1287
837
780
1142
1229
310
-846
-998
-491
-361
-953
-1733
-2239
-1892
-968
-645
-1306
-1914
-1474
-646
-143
-136
-285
-278
253
1051
1251
989
831
1008
951
721
440
124
-39
-119
-360
-841
-858
-489
-319
-638
-1029
-1068
-787
-383
-421
-784
-892
-370
257
449
301
157
376
874
1446
1647
1492
1337
1370
1565
1623
1235
374
79
773
1214
420
-680
-807
-393
-208
-612
-1361
-1898
-1504
-577
-457
-1228
-1731
-1205
-424
-11
-158
-484
-485
186
993
1090
671
319
468
763
916
609
46
-418
-540
-366
-459
-931
-1265
-848
-396
-608
-993
-851
-296
19
-149
-583
-549
277
1085
971
312
337
1212
2043
2112
1529
993
900
1280
1468
844
-202
-392
542
995
107
-982
-883
-251
-85
-488
-1089
-1412
-995
-146
-291
-1334
-1780
-990
-149
81
-33
-370
-427
167
1010
966
377
25
170
450
594
491
-39
-524
-614
-308
-459
-1000
-1172
-818
-737
-1048
-962
-631
-490
-523
-416
-281
34
559
799
671
761
1364
1824
1742
1472
1399
1498
1488
1167
664
267
30
-124
102
376
-86
-931
-906
-148
101
-288
-792
-1181
-1166
-414
44
-628
-1461
-1209
-259
388
545
213
-239
-142
604
960
536
12
-63
177
402
437
39
-417
-722
-700
-673
-978
-1439
-1349
-712
-702
-1282
-1449
-799
-178
-32
-282
-401
281
1478
2004
1384
939
1481
2397
2612
1994
1224
853
1040
1271
824
-371
-1144
-587
293
-65
-1188
-1495
-838
-295
-308
-776
-1420
-1443
-563
74
-462
-1109
-731
168
751
868
536
27
127
837
1055
451
-86
-17
304
482
371
-90
-574
-827
-780
-752
-1057
-1662
-1756
-1125
-866
-1316
-1607
-1088
-458
-141
-173
-180
439
1529
2172
1757
1341
1779
2693
2883
2183
1497
1261
1363
1345
910
-202
-1019
-515
290
-349
-1809
-2045
-1278
-886
-1173
-1605
-2006
-1783
-584
142
-507
-1229
-563
588
1131
1106
649
145
340
1295
1487
699
40
183
592
758
629
32
-514
-771
-658
-738
-1246
-1853
-1895
-1464
-1470
-1811
-1842
-1347
-811
-442
-454
-448
319
1594
2159
1649
1298
1899
2953
3316
2706
1909
1682
1954
2117
1624
352
-735
-525
293
-141
-1703
-2508
-2014
-1375
-1322
-1768
-2460
-2514
-1284
-105
-415
-1298
-1054
54
902
1195
913
307
284
1189
1806
1401
720
588
837
1075
1058
551
-152
-595
-570
-634
-1191
-1861
-1956
-1732
-1860
-2102
-2010
-1693
-1398
-1071
-838
-595
22
859
1276
1278
1517
2153
2679
2803
2739
2699
2625
2432
2256
1990
1288
399
116
395
-22
-1299
-2074
-1882
-1668
-1857
-2162
-2594
-2761
-1961
-905
-933
-1586
-1384
-405
368
761
811
551
496
1194
1871
1748
1330
1200
1264
1232
1216
907
330
-202
-523
-708
-922
-1425
-2142
-2141
-1700
-1818
-2415
-2358
-1650
-1111
-918
-1093
-1095
-241
1166
1642
1050
990
2060
3282
3513
3058
2454
2219
2623
3014
2239
620
203
902
834
-509
-1504
-1683
-1739
-1780
-2035
-2704
-3216
-2489
-1512
-1565
-2072
-1804
-880
-212
306
516
361
436
1319
2088
1876
1465
1456
1666
1682
1623
1221
546
18
-61
-108
-698
-1478
-1790
-1661
-1835
-2182
-2264
-2112
-1959
-1745
-1588
-1529
-1134
-314
296
433
627
1267
2170
2758
2880
2765
2782
2842
2879
2742
2150
1359
1167
1590
1281
39
-939
-1023
-1039
-1378
-1944
-2789
-3350
-2848
-1851
-1902
-2598
-2533
-1586
-692
-144
101
-53
46
905
1891
2031
1707
1579
1743
1948
2024
1788
1102
428
229
223
-295
-1081
-1413
-1508
-1873
-2173
-2094
-2089
-2195
-2033
-1884
-1837
-1404
-615
-202
-117
292
1036
1721
2161
2459
2625
2753
2831
2824
2693
2315
1821
1663
1898
1609
540
-291
-370
-475
-993
-1613
-2311
-2886
-2685
-2055
-2177
-2808
-2796
-2063
-1393
-867
-559
-568
-422
439
1441
1729
1599
1549
1746
1948
2149
2029
1541
1082
865
663
218
-324
-1027
-1514
-1521
-1425
-1832
-2406
-2435
-2031
-1628
-1561
-1714
-1608
-867
15
350
322
536
1240
2039
2499
2553
2424
2381
2568
2711
2317
1791
1815
1965
1365
442
78
-46
-408
-882
-1479
-2194
-2438
-2047
-1995
-2588
-2968
-2581
-1974
-1513
-1116
-921
-857
-387
566
1191
1275
1315
1513
1648
1844
2079
1908
1409
1015
793
522
185
-277
-914
-1230
-1127
-1230
-1820
-2204
-2002
-1679
-1587
-1694
-1682
-1288
-513
63
108
109
586
1436
2027
2244
2215
2170
2308
2585
2487
1951
1762
1969
1755
1002
556
378
14
-418
-835
-1440
-2002
-1923
-1779
-2149
-2639
-2547
-2119
-1776
-1394
-1144
-1102
-934
-199
539
824
911
1116
1336
1504
1800
1876
1637
1260
941
679
529
288
-324
-804
-852
-887
-1335
-1741
-1808
-1695
-1512
-1460
-1581
-1569
-1011
-354
-158
-218
23
712
1440
1855
1861
1750
1934
2383
2484
1921
1580
1835
1927
1333
764
559
289
-10
-317
-878
-1566
-1655
-1401
-1638
-2209
-2382
-2099
-1836
-1517
-1176
-1078
-1084
-651
87
471
622
827
1003
1072
1372
1677
1610
1302
968
709
537
394
-57
-456
-489
-578
-1003
-1388
-1401
-1289
-1174
-1282
-1557
-1617
-1162
-539
-332
-384
-279
336
1076
1602
1709
1581
1564
1875
2240
2038
1714
1747
1856
1484
1075
877
524
91
-151
-459
-1139
-1492
-1329
-1321
-1750
-2067
-2006
-1927
-1661
-1194
-989
-1187
-1066
-424
69
263
476
682
712
893
1263
1396
1240
965
626
394
471
361
-39
-163
-92
-421
-950
-1048
-956
-948
-1004
-1194
-1450
-1246
-595
-250
-312
-323
65
675
1211
1452
1423
1376
1486
1760
1795
1595
1624
1852
1589
914
655
665
436
60
-253
-773
-1271
-1244
-1070
-1317
-1794
-1915
-1768
-1580
-1322
-996
-890
-999
-800
-338
10
186
390
457
432
677
1038
1087
744
479
378
276
156
193
219
-127
-568
-702
-637
-676
-728
-824
-1033
-1093
-770
-403
-322
-299
-53
361
674
894
1097
1222
1277
1415
1568
1447
1283
1497
1740
1417
846
613
545
351
206
23
-513
-1030
-1046
-905
-1081
-1341
-1386
-1389
-1378
-1132
-830
-801
-872
-669
-387
-238
-90
161
310
345
440
561
620
570
563
457
223
-16
-39
-60
-223
-326
-378
-617
-958
-964
-805
-703
-638
-576
-618
-492
-56
256
318
370
647
959
1215
1299
1271
1334
1461
1412
1141
1083
1242
1254
914
564
337
89
-76
-168
-420
-882
-1059
-999
-1050
-1192
-1125
-979
-994
-966
-844
-689
-616
-460
-283
-120
2
125
230
261
306
329
334
254
194
124
15
-73
-146
-237
-354
-444
-527
-556
-530
-506
-475
-361
-179
-44
32
129
293
528
727
814
838
912
1012
1082
1117
1029
838
762
879
876
596
330
247
177
-37
-235
-415
-622
-756
-784
-845
-1021
-1080
-957
-752
-656
-635
-590
-480
-299
-135
16
88
171
287
349
299
206
208
210
169
71
-55
-242
-330
-273
-283
-437
-567
-557
-517
-472
-454
-460
-388
-162
46
104
130
273
532
789
922
879
837
944
1074
1045
893
774
723
741
731
579
325
153
94
-12
-210
-403
-530
-646
-717
-729
-744
-810
-827
-689
-490
-347
-273
-186
-79
62
193
243
238
282
383
429
359
205
74
22
-17
-167
-422
-608
-628
-585
-645
-764
-816
-802
-753
-709
-675
-628
-461
-243
-110
-17
123
328
554
751
809
804
878
1006
1037
933
858
876
901
783
617
504
395
253
128
23
-140
-266
-331
-405
-534
-579
-553
-520
-469
-382
-274
-191
-97
-1
116
221
285
302
346
423
449
379
268
161
70
7
-85
-266
-480
-611
-663
-727
-819
-906
-968
-955
-897
-864
-830
-687
-491
-353
-229
-69
98
242
403
529
589
646
741
828
862
877
875
848
795
730
633
487
341
262
181
62
-48
-120
-198
-265
-293
-324
-333
-248
-126
-88
-110
-99
5
134
221
249
260
336
461
525
454
311
217
201
172
45
-142
-312
-409
-495
-672
-892
-999
-971
-955
-1005
-1071
-1067
-934
-728
-612
-589
-477
-265
-54
104
212
274
379
588
758
787
752
776
821
828
795
707
562
439
395
344
247
148
52
-41
-97
-100
-116
-140
-116
-36
-9
-40
-25
54
150
195
197
188
261
377
450
443
380
319
290
284
218
88
-64
-186
-312
-479
-672
-828
-896
-946
-1013
-1082
-1108
-1088
-1011
-905
-822
-745
-602
-412
-235
-80
58
180
326
505
625
666
702
774
807
789
764
717
622
536
510
470
377
257
166
85
32
26
23
5
28
86
64
20
52
154
233
263
244
218
276
379
424
375
330
336
351
319
212
87
-8
-102
-254
-457
-629
-734
-800
-899
-1030
-1145
-1174
-1126
-1070
-1035
-993
-891
-766
-622
-475
-343
-224
-66
130
266
338
410
533
646
709
739
738
710
683
662
595
477
385
334
283
217
148
87
78
144
207
186
134
114
159
254
320
314
288
322
392
429
423
410
407
409
390
317
219
139
91
10
-174
-384
-517
-575
-662
-814
-979
-1061
-1050
-1026
-1039
-1042
-990
-894
-784
-684
-597
-487
-324
-146
-17
68
161
306
456
555
605
640
668
695
701
630
505
400
349
302
229
125
38
22
79
139
139
100
82
111
145
181
201
216
266
359
414
382
356
418
525
553
465
344
276
260
224
114
-75
-255
-363
-420
-501
-625
-758
-851
-886
-909
-934
-944
-898
-828
-770
-728
-654
-528
-378
-251
-171
-105
-2
156
298
383
406
432
494
555
552
485
419
364
315
239
146
58
40
80
111
98
69
79
123
177
187
178
208
303
404
458
449
427
456
529
604
623
563
466
396
357
300
201
67
-80
-213
-325
-417
-516
-626
-740
-840
-902
-907
-877
-860
-871
-868
-802
-680
-562
-467
-385
-298
-198
-80
41
144
225
293
350
377
376
363
361
359
321
254
196
157
139
130
124
112
113
107
107
124
148
164
192
247
319
382
405
416
435
476
522
559
565
525
450
388
342
288
215
128
40
-57
-179
-317
-437
-533
-628
-736
-824
-870
-877
-853
-826
-812
-790
-723
-615
-492
-401
-346
-268
-140
10
122
185
216
262
331
379
378
346
325
321
324
298
237
175
146
159
175
159
111
80
89
117
145
161
177
193
216
239
260
272
281
310
344
360
348
325
297
276
260
252
226
168
74
-27
-113
-192
-275
-365
-443
-504
-551
-588
-629
-672
-684
-656
-607
-555
-513
-467
-391
-300
-217
-142
-59
24
107
170
212
245
274
305
316
304
276
253
241
231
206
178
164
167
170
165
149
134
135
144
149
123
90
66
74
102
136
160
169
170
177
193
213
222
214
202
178
135
89
38
-18
-71
-133
-187
-216
-241
-283
-343
-401
-431
-429
-422
-438
-451
-444
-405
-349
-290
-242
-192
-124
-50
19
68
105
142
193
236
245
229
213
217
227
210
154
104
94
100
99
74
41
18
8
9
4
-7
-33
-55
-57
-23
25
65
84
87
106
142
187
211
212
204
202
206
194
150
108
86
79
54
3
-56
-88
-103
-130
-186
-249
-289
-298
-278
-262
-262
-265
-243
-199
-147
-112
-96
-74
-36
4
36
61
76
86
98
107
114
116
104
73
45
22
-1
-24
-49
-65
-72
-73
-78
-89
-94
-93
-97
-96
-85
-56
-20
16
39
61
95
130
159
185
206
216
223
223
216
207
203
205
198
170
123
87
80
70
29
-33
-78
-78
-55
-48
-79
-114
-113
-84
-61
-66
-92
-97
-62
-28
-30
-57
-74
-46
-11
0
-23
-49
-62
-71
-95
-138
-180
-207
-213
-211
-217
-228
-231
-209
-172
-145
-137
-138
-124
-89
-48
-10
30
71
109
145
174
207
232
247
249
250
255
260
261
253
230
191
162
147
140
119
81
50
44
45
32
12
-5
-17
-21
-23
-30
-34
-37
-35
-26
-21
-39
-52
-45
-26
-23
-35
-52
-72
-89
-116
-158
-186
-194
-198
-201
-216
-242
-248
-235
-218
-204
-199
-169
-122
-82
-65
-52
-17
45
93
107
110
132
179
221
232
211
192
205
241
259
216
147
106
112
136
127
73
31
46
79
80
41
-5
-12
22
39
19
-11
-8
17
40
25
-22
-53
-45
-17
-7
-32
-69
-82
-77
-85
-116
-153
-169
-161
-155
-175
-203
-224
-226
-212
-195
-185
-163
-120
-88
-62
-38
-12
29
71
90
101
120
142
159
171
166
155
154
151
147
133
105
77
81
86
84
61
29
20
37
47
34
8
-7
13
37
36
19
18
47
82
86
60
40
51
69
55
15
-26
-34
-28
-38
-74
-119
-138
-123
-111
-128
-167
-196
-193
-175
-171
-176
-157
-112
-84
-84
-78
-39
19
50
51
43
62
110
131
115
86
76
97
118
95
46
20
38
52
35
0
-24
-23
-15
-10
-26
-34
-27
-5
18
34
33
30
51
89
117
113
96
103
132
149
120
71
43
39
24
0
-31
-69
-94
-97
-96
-111
-138
-173
-178
-164
-166
-174
-171
-156
-129
-104
-82
-53
-11
31
62
73
71
86
111
129
120
95
89
102
109
89
47
17
6
7
-5
-30
-56
-69
-76
-92
-105
-109
-93
-54
-15
-2
10
20
41
84
130
142
126
122
142
167
165
132
87
87
105
85
33
-29
-65
-63
-67
-99
-143
-161
-156
-159
-171
-181
-165
-134
-110
-104
-81
-47
-12
20
42
71
85
94
94
96
109
117
104
86
81
66
60
53
25
-7
-23
-45
-75
-91
-106
-140
-162
-163
-151
-115
-72
-54
-49
-23
30
86
117
124
136
158
181
194
191
177
161
160
155
125
80
49
29
15
-9
-48
-76
-103
-140
-183
-203
-190
-194
-196
-188
-152
-102
-89
-77
-50
-5
43
73
60
33
41
70
100
93
61
39
56
101
97
40
-16
-45
-48
-37
-79
-142
-169
-174
-146
-112
-104
-120
-109
-83
-26
22
28
46
92
148
202
219
210
211
225
227
210
177
137
108
121
117
65
36
18
-27
-77
-113
-161
-194
-203
-194
-192
-181
-149
-136
-119
-66
-16
-6
5
30
38
56
101
122
106
108
119
94
99
112
64
19
13
-22
-80
-90
-117
-174
-179
-172
-188
-183
-173
-174
-160
-92
-44
-49
-21
39
85
107
137
148
170
195
195
194
208
191
143
132
118
106
100
68
20
-1
-44
-76
-111
-163
-167
-153
-141
-139
-150
-159
-113
-77
-66
-51
-47
-13
29
49
80
120
116
137
160
145
126
120
88
65
31
-10
-32
-59
-85
-105
-123
-150
-138
-129
-125
-141
-154
-141
-106
-73
-57
-57
-27
37
67
91
121
114
133
155
128
132
137
107
107
103
56
53
33
-1
-13
-34
-53
-70
-78
-74
-67
-93
-99
-91
-81
-36
-20
-25
-17
4
49
80
74
68
88
140
192
155
91
85
113
109
58
-2
-35
-59
-100
-143
-146
-142
-153
-180
-187
-167
-141
-116
-119
-117
-88
-28
19
17
4
42
88
111
130
117
121
145
126
110
103
70
66
80
49
44
24
-35
-59
-41
-87
-128
-120
-108
-109
-97
-71
-82
-64
-33
9
39
52
77
118
127
145
149
139
118
86
73
87
65
26
2
-31
-65
-76
-85
-121
-126
-136
-169
-183
-172
-182
-174
-118
-86
-95
-70
-29
22
74
73
51
95
156
155
153
162
162
163
177
155
119
116
103
72
28
-113
-215
-139
-111
-214
-194
7
114
105
40
-83
-166
-159
-140
-126
-37
76
149
211
212
173
116
65
35
6
-6
20
18
-20
-42
-15
-12
-27
-7
-11
-94
-163
-185
-208
-175
-124
-95
-82
-37
-15
17
76
59
12
15
51
55
59
59
60
89
136
147
128
120
129
124
55
-13
-51
-63
-62
-66
-112
-125
-100
-82
-84
-117
-123
-75
-31
-17
-5
-9
-25
-10
53
86
87
96
120
124
106
78
57
60
77
75
51
38
10
-44
-105
-120
-90
-76
-107
-132
-79
-15
-17
-58
-47
-2
21
11
-18
-15
8
38
19
3
72
119
59
14
65
109
107
85
51
43
43
4
-60
-105
-142
-134
-106
-102
-127
-106
-99
-79
-63
-53
-50
-43
17
55
36
-5
31
69
74
59
68
86
74
47
58
64
49
45
52
28
14
30
56
44
8
10
23
2
-19
3
11
-13
-35
-27
-17
-11
-25
-42
-7
34
32
20
36
50
31
6
6
31
28
-18
-37
-32
-30
-58
-117
-132
-77
-52
-107
-142
-102
-62
-50
-80
-116
-85
-26
-17
-24
27
91
97
69
62
53
38
24
50
77
97
107
112
110
94
79
49
41
56
55
8
-28
-26
-26
-46
-38
14
50
50
47
22
-7
-19
-35
-50
-30
19
41
30
11
-6
8
34
19
-2
-10
-16
-39
-82
-111
-92
-72
-80
-100
-98
-88
-97
-100
-94
-82
-82
-60
-32
-17
-5
19
33
27
34
41
44
64
80
46
38
83
108
86
63
55
54
56
46
35
19
3
-3
5
7
-6
-13
-9
-8
-6
3
7
4
5
-7
-17
25
68
58
31
28
39
35
26
20
14
-4
-14
-24
-46
-75
-92
-107
-117
-105
-92
-93
-103
-100
-88
-80
-86
-85
-74
-40
16
44
38
42
72
100
113
93
62
67
84
80
72
63
50
51
50
36
29
22
24
27
7
-18
-6
5
-13
-38
-40
-16
9
7
-14
-17
8
28
13
-12
-11
-4
3
23
38
46
29
8
-12
-21
-47
-74
-80
-68
-57
-57
-57
-61
-67
-52
-20
-10
-24
-43
-44
-25
-4
0
-5
-3
32
67
74
53
38
43
60
63
41
22
21
34
28
6
-13
5
25
27
10
-5
-5
6
11
15
16
6
6
23
34
23
0
-18
-9
-2
-10
-22
-22
-7
4
-6
-24
-31
-39
-49
-58
-55
-45
-42
-39
-39
-37
-35
-25
-15
-3
0
9
5
-2
6
25
36
31
28
26
19
9
0
2
8
7
8
13
13
-1
-12
-21
-30
-23
-6
4
4
-1
5
24
32
21
13
20
34
34
21
16
24
30
35
28
21
32
40
34
20
4
-6
-12
-11
-20
-41
-56
-57
-39
-29
-29
-34
-28
-21
-21
-16
-11
-4
5
3
1
12
17
4
-9
-10
-8
4
20
17
1
-10
-7
-5
-13
-18
-11
-2
2
4
-1
-7
-4
0
-2
-3
3
15
19
10
11
19
23
25
30
31
40
52
47
30
17
20
16
13
10
0
-5
-3
-9
-26
-34
-32
-24
-23
-21
-19
-21
-23
-15
-6
-11
-14
-6
4
0
-3
3
4
5
0
-2
-1
-1
-20
-28
-22
-17
-21
-28
-26
-18
-9
-14
-14
-2
4
-4
-9
-2
7
18
19
12
2
7
