44
40
38
44
35
33
31
31
27
28
26
29
24
21
17
10
5
0
-1
0
2
-8
-13
-24
-25
-27
-31
-29
-29
-35
-39
-37
-44
-36
-40
-39
-40
-34
-39
-29
-34
-35
-31
-30
-29
-20
-19
-21
-9
-9
-5
-5
-3
-5
1
3
7
8
16
20
17
23
23
26
23
31
24
27
27
27
31
29
25
22
25
17
21
12
13
7
2
-7
-4
-11
-10
-14
-18
-20
-21
-24
-25
-26
-27
-16
-14
-12
-20
-13
-14
-1
-5
4
4
8
14
21
21
16
15
9
9
8
17
14
14
3
9
-3
-7
-21
-19
-27
-34
-37
-36
-35
-40
-38
-49
-36
-41
-26
-29
-22
-22
-14
-18
-17
-18
-17
-6
-6
-6
-10
-13
-12
4
4
8
15
17
27
30
31
46
55
62
63
68
64
69
72
75
77
80
92
94
92
81
81
83
94
89
84
75
82
78
70
57
36
30
25
19
-6
-24
-60
-84
-98
-101
-112
-111
-125
-121
-133
-141
-163
-179
-202
-219
-223
-218
-198
-189
-181
-171
-156
-154
-151
-144
-135
-136
-109
-89
-63
-49
-24
-2
18
43
73
100
114
149
172
212
237
278
303
337
358
368
376
378
386
393
393
379
375
374
349
333
296
266
238
221
178
125
72
18
-13
-52
-89
-142
-185
-223
-259
-310
-337
-392
-439
-466
-467
-504
-525
-558
-599
-628
-637
-640
-651
-630
-622
-595
-573
-549
-524
-467
-400
-327
-252
-190
-126
-54
11
93
177
286
370
470
532
591
624
675
708
753
779
822
842
844
835
791
766
709
690
654
641
583
536
443
369
296
249
175
125
53
-7
-85
-139
-185
-210
-224
-253
-292
-338
-357
-378
-388
-411
-418
-433
-461
-498
-540
-609
-691
-710
-701
-722
-762
-818
-899
-959
-938
-898
-848
-822
-784
-736
-689
-633
-539
-427
-282
-123
-3
51
139
247
381
521
687
772
864
938
1026
1063
1139
1189
1235
1270
1312
1260
1185
1108
1045
1006
980
952
849
764
652
557
412
332
217
121
16
-58
-183
-271
-316
-332
-366
-367
-396
-447
-501
-501
-522
-541
-534
-534
-565
-586
-603
-631
-672
-664
-691
-771
-849
-883
-933
-970
-961
-992
-1028
-1024
-983
-992
-976
-922
-875
-831
-712
-579
-486
-375
-231
-100
23
155
287
363
493
640
774
859
1014
1103
1177
1251
1307
1292
1293
1292
1271
1234
1253
1227
1151
1035
988
891
848
788
709
575
474
354
227
109
13
-19
-55
-43
-118
-181
-268
-263
-335
-344
-393
-399
-446
-446
-503
-531
-571
-561
-619
-664
-771
-877
-1041
-1086
-1110
-1081
-1102
-1135
-1240
-1284
-1243
-1195
-1179
-1143
-1089
-1034
-924
-833
-748
-661
-471
-294
-110
2
162
262
424
579
752
857
961
1077
1191
1302
1368
1452
1465
1486
1499
1512
1487
1478
1440
1370
1328
1300
1244
1189
1093
965
802
675
522
349
208
110
38
-38
-93
-191
-280
-359
-400
-461
-496
-545
-589
-647
-694
-734
-766
-793
-859
-916
-1026
-1147
-1293
-1365
-1379
-1322
-1273
-1334
-1437
-1486
-1446
-1398
-1303
-1239
-1204
-1101
-969
-866
-779
-629
-444
-232
-18
136
216
275
425
575
753
877
1033
1136
1274
1361
1438
1477
1555
1609
1596
1542
1477
1451
1455
1479
1491
1464
1438
1389
1305
1194
1065
909
772
633
474
317
208
81
-36
-139
-204
-289
-367
-443
-543
-616
-676
-719
-740
-749
-776
-835
-933
-1003
-1127
-1248
-1340
-1362
-1374
-1350
-1392
-1492
-1586
-1578
-1572
-1565
-1532
-1498
-1462
-1407
-1349
-1300
-1232
-1013
-772
-580
-446
-377
-295
-183
15
205
328
492
695
857
986
1081
1175
1222
1408
1542
1639
1656
1668
1645
1587
1676
1693
1798
1806
1877
1775
1722
1628
1597
1481
1428
1303
1179
971
840
644
507
399
353
236
107
-15
-157
-287
-389
-445
-523
-554
-582
-648
-802
-890
-1030
-1146
-1299
-1293
-1341
-1345
-1473
-1716
-2015
-2073
-1925
-1844
-1757
-1783
-1899
-1930
-1836
-1781
-1819
-1717
-1562
-1422
-1260
-1163
-1067
-1028
-695
-419
-91
25
234
212
414
555
858
890
1135
1319
1456
1569
1622
1791
1788
2050
2017
2137
2000
2077
2040
2084
2123
2134
2105
2037
1967
1888
1677
1531
1381
1235
1105
953
826
637
526
372
201
40
-97
-207
-327
-448
-570
-680
-759
-828
-923
-1047
-1163
-1345
-1543
-1606
-1676
-1692
-1885
-2054
-2189
-2139
-2069
-1979
-2036
-2145
-2179
-2101
-2070
-2077
-2125
-2088
-1996
-1757
-1519
-1479
-1270
-1140
-845
-547
-362
-261
-134
55
280
499
623
803
994
1227
1421
1618
1788
1934
2182
2243
2399
2371
2454
2417
2477
2584
2681
2673
2602
2578
2475
2354
2204
1972
1785
1635
1522
1306
1074
847
635
508
344
192
-11
-182
-253
-378
-510
-640
-779
-929
-1030
-1136
-1327
-1539
-1753
-1819
-1885
-1879
-2008
-2202
-2381
-2363
-2339
-2276
-2312
-2422
-2528
-2462
-2425
-2470
-2524
-2491
-2343
-2116
-1870
-1718
-1607
-1420
-1060
-883
-666
-531
-219
-37
363
428
202
465
593
1243
1415
1797
1686
1935
2312
2596
2786
2871
2879
2860
2847
2877
2842
2874
2975
2862
2937
2683
2678
2308
2204
1964
1800
1570
1353
1165
844
572
317
155
88
-98
-184
-370
-518
-680
-907
-1058
-1264
-1313
-1430
-1460
-1644
-1820
-2010
-2069
-2080
-2063
-2059
-2153
-2286
-2388
-2446
-2481
-2436
-2382
-2279
-2328
-2329
-2406
-2441
-2252
-2230
-1771
-1849
-1426
-1347
-1268
-979
-937
-439
-538
85
39
287
523
661
989
1030
1463
1585
1874
2098
2154
2338
2350
2595
2648
2709
2771
2700
2757
2692
2743
2706
2604
2655
2470
2461
2206
2072
1813
1567
1420
1218
1056
770
630
371
213
114
-81
-258
-405
-545
-731
-912
-1078
-1247
-1364
-1436
-1487
-1642
-1782
-1926
-2040
-2127
-2134
-2170
-2159
-2186
-2240
-2392
-2345
-2442
-2325
-2408
-2384
-2345
-2344
-2278
-2283
-2132
-1862
-1666
-1361
-1200
-833
-845
-469
-426
-289
4
115
521
471
920
925
1294
1414
1716
1903
2029
2216
2168
2218
2340
2517
2616
2531
2567
2500
2526
2597
2608
2608
2468
2428
2314
2169
1992
1846
1644
1419
1319
1160
916
729
497
319
98
-50
-247
-444
-637
-740
-919
-1135
-1259
-1411
-1546
-1625
-1811
-1937
-2137
-2122
-2173
-2104
-2111
-2132
-2248
-2320
-2280
-2389
-2255
-2443
-2266
-2438
-2173
-2238
-2014
-2111
-1800
-1590
-1312
-1044
-870
-748
-585
-369
-261
-13
121
390
428
706
698
966
1057
1365
1487
1720
1684
1846
1772
1916
2015
2109
2206
2302
2386
2276
2250
2146
2189
2224
2328
2261
2208
2022
2016
1860
1768
1627
1433
1279
1107
919
606
401
193
3
-109
-270
-421
-725
-866
-1054
-1176
-1282
-1433
-1476
-1610
-1718
-1834
-1959
-2011
-1997
-1910
-1908
-1910
-1996
-2007
-2083
-2190
-2102
-2127
-2072
-2115
-2034
-2056
-1839
-1787
-1605
-1364
-1139
-808
-745
-470
-601
-320
-274
55
87
155
335
387
666
670
986
964
1313
1333
1509
1464
1518
1605
1674
1702
1786
1953
2004
2112
2068
2070
1975
2086
1991
2086
2000
1985
1826
1802
1718
1627
1517
1407
1313
1056
905
695
498
261
120
-41
-207
-353
-515
-703
-909
-1045
-1141
-1282
-1336
-1420
-1572
-1668
-1764
-1797
-1800
-1728
-1695
-1753
-1740
-1889
-1886
-2034
-1960
-1963
-1942
-1979
-1965
-1945
-1890
-1735
-1582
-1308
-1128
-874
-755
-679
-547
-295
-337
-163
-54
-5
119
228
304
431
642
783
895
1128
1173
1326
1349
1363
1463
1574
1740
1768
1889
1886
1982
2032
2073
1949
1975
1907
1981
1938
1873
1745
1698
1694
1649
1544
1424
1299
1100
930
722
487
254
76
-63
-181
-361
-490
-675
-798
-955
-1075
-1209
-1308
-1387
-1470
-1514
-1586
-1639
-1618
-1593
-1545
-1581
-1601
-1691
-1674
-1756
-1714
-1742
-1776
-1751
-1840
-1677
-1737
-1498
-1411
-1235
-1048
-957
-723
-800
-544
-595
-383
-385
-270
-166
-127
60
71
274
276
515
589
773
816
983
1060
1187
1231
1346
1388
1479
1513
1611
1709
1720
1784
1705
1770
1720
1775
1759
1752
1618
1605
1595
1551
1455
1327
1191
1072
933
773
566
372
242
39
-62
-220
-291
-475
-610
-709
-817
-899
-987
-1004
-1108
-1167
-1208
-1290
-1293
-1278
-1227
-1204
-1267
-1325
-1372
-1393
-1397
-1413
-1452
-1475
-1499
-1520
-1561
-1449
-1435
-1346
-1088
-1189
-854
-930
-702
-810
-530
-554
-476
-264
-200
-26
-4
141
249
364
595
701
844
944
1172
1313
1241
1422
1344
1563
1548
1725
1658
1729
1728
1658
1709
1637
1720
1666
1603
1587
1496
1372
1359
1262
1201
1042
942
765
694
502
305
179
-28
-95
-231
-300
-434
-524
-641
-729
-722
-812
-842
-918
-1003
-1067
-1161
-1213
-1294
-1257
-1239
-1221
-1232
-1269
-1335
-1378
-1466
-1446
-1515
-1573
-1590
-1674
-1503
-1582
-1389
-1415
-1106
-1065
-901
-823
-813
-701
-543
-381
-412
-208
-149
-12
78
309
252
538
695
932
850
1049
957
1249
1203
1353
1367
1397
1382
1492
1602
1474
1528
1450
1388
1313
1337
1215
1256
1169
1208
1032
1063
959
972
873
810
699
593
512
301
191
9
-19
-106
-150
-222
-296
-378
-405
-474
-514
-617
-651
-745
-761
-874
-907
-949
-950
-972
-970
-1013
-1043
-1032
-1136
-1178
-1257
-1276
-1320
-1339
-1262
-1315
-1203
-1115
-993
-909
-855
-677
-672
-463
-534
-319
-383
-219
-139
-23
74
84
280
257
450
478
611
691
723
834
902
935
888
904
1007
979
1137
1071
1125
983
958
877
929
958
923
954
886
833
815
820
769
782
720
672
529
476
361
294
191
120
88
-10
14
-73
-176
-233
-308
-355
-470
-432
-557
-494
-581
-678
-661
-778
-685
-744
-721
-816
-782
-842
-898
-890
-901
-981
-941
-932
-959
-1005
-869
-947
-762
-648
-555
-477
-478
-362
-424
-154
-207
-94
-143
-16
-3
50
144
121
246
319
428
535
566
609
546
574
575
634
749
727
757
695
699
701
667
664
631
692
640
709
616
546
574
621
668
576
589
447
422
318
285
193
131
157
87
60
10
-151
-193
-191
-219
-225
-302
-308
-327
-391
-393
-428
-464
-479
-431
-393
-463
-423
-513
-403
-459
-591
-524
-720
-577
-723
-646
-800
-706
-592
-552
-384
-402
-349
-315
-301
-190
-283
-124
-254
-107
-129
-92
65
28
201
82
232
220
255
314
330
289
244
392
495
415
500
481
483
406
447
390
322
317
316
391
383
434
338
388
515
444
420
403
361
312
235
275
175
168
121
127
152
47
105
-6
25
-38
25
-72
-50
11
-98
-117
-197
-208
-141
-205
-111
-161
-211
-131
-309
-244
-371
-200
-448
-417
-471
-463
-516
-537
-392
-467
-285
-348
-309
-322
-238
-245
-209
-304
-195
-281
-128
-309
-97
-112
-83
46
-201
82
-122
166
-81
138
105
101
115
98
182
65
245
99
115
134
14
151
87
297
200
264
203
262
375
305
356
356
374
304
329
277
312
299
287
262
366
318
293
271
243
246
280
198
182
181
45
45
15
64
-6
9
79
33
-26
-95
-133
-193
-191
-211
-363
-489
-465
-627
-398
-529
-411
-491
-440
-375
-363
-342
-404
-391
-460
-305
-334
-311
-238
-293
-366
-102
-232
51
-129
81
-39
148
-25
-8
147
-24
232
68
204
109
195
172
250
322
202
305
296
223
368
212
316
392
517
386
433
447
373
438
359
361
328
360
326
334
297
248
203
128
227
174
186
65
28
-40
-12
-137
-161
-158
-153
-44
-325
-168
-390
-194
-402
-306
-450
-536
-354
-638
-451
-690
-556
-529
-493
-356
-533
-363
-515
-252
-340
-262
-256
-186
-170
-219
-174
-101
-166
57
-29
52
113
68
121
84
182
116
246
201
158
348
184
320
283
319
262
215
333
223
431
223
397
264
365
410
398
465
427
444
427
374
392
283
285
275
183
373
110
279
-3
93
31
-64
-74
-200
11
-228
-73
-343
-192
-299
-203
-230
-387
-323
-438
-401
-556
-423
-607
-512
-607
-559
-501
-594
-351
-507
-259
-501
-58
-339
-223
-190
-95
-120
-160
42
-289
184
-119
159
-38
219
52
273
267
238
325
125
505
335
600
314
606
463
595
589
394
464
416
562
473
594
437
484
382
538
484
504
425
408
409
235
303
110
150
80
68
-24
-89
-126
-286
-198
-252
-392
-339
-430
-345
-521
-584
-641
-608
-545
-714
-480
-759
-588
-723
-675
-704
-669
-551
-686
-709
-787
-515
-678
-400
-470
-309
-357
-146
-157
-323
-21
-166
178
-206
69
163
103
315
191
278
228
552
572
434
712
478
676
465
713
755
798
759
900
806
804
726
886
625
731
801
643
807
422
820
301
700
332
516
269
228
424
-169
167
-107
6
-131
-121
-388
-318
-456
-533
-594
-513
-715
-338
-827
-633
-730
-852
-819
-935
-547
-1086
-633
-1054
-785
-879
-852
-780
-813
-662
-937
-733
-718
-749
-656
-636
-241
-531
-62
-519
-125
-41
235
34
190
33
353
218
409
240
488
440
583
1069
409
1233
532
1041
789
1009
964
854
1300
711
1105
882
1150
971
899
1018
644
1019
793
644
744
581
515
447
531
109
287
52
-130
-14
-339
-73
-298
-250
-458
-511
-521
-784
-438
-1150
-626
-974
-683
-1244
-654
-1338
-666
-1023
-1023
-1038
-1309
-767
-1208
-935
-1548
-727
-1397
-924
-774
-1254
-966
-726
-653
-695
-209
-541
6
-484
-85
-28
291
-131
370
272
322
981
590
671
695
985
994
1077
1470
994
1480
1139
1612
1562
1590
1654
1379
1485
1659
1518
1598
1249
1445
1385
1242
938
679
1018
339
1072
-62
618
-274
289
-511
-266
-423
-513
-767
-703
-770
-1011
-944
-1021
-1153
-1282
-995
-1747
-824
-1977
-1011
-1920
-1356
-1606
-1262
-1525
-1642
-1440
-1741
-1194
-1726
-1494
-1539
-1351
-1429
-955
-996
-867
-849
-398
-292
49
-144
-18
243
-76
939
216
964
397
1013
900
941
1595
1211
1493
1691
1589
1952
1589
2112
1694
1989
2110
1402
2145
1201
2128
1786
1467
1654
1135
1660
964
1469
939
670
970
235
620
17
-15
-274
-530
-376
-828
-606
-1376
-909
-1070
-1224
-1286
-1511
-1522
-1484
-1686
-1408
-1879
-1682
-1661
-2148
-1447
-2124
-1029
-2153
-1145
-2231
-1655
-1766
-1592
-1681
-1616
-1344
-1405
-891
-1195
-655
-1048
-101
-589
233
160
-102
177
16
1006
511
801
891
1045
2132
1408
2219
893
2499
1819
2595
1930
2434
2389
1901
2581
1706
2492
1819
2650
1676
2027
1607
1973
1620
1622
1260
1191
807
728
419
127
-339
93
-318
-393
-664
-734
-799
-1137
-1056
-1538
-1224
-1789
-1273
-1815
-1807
-2018
-2063
-2148
-2286
-2228
-2211
-2166
-2073
-2268
-2115
-2053
-2067
-1653
-2020
-1560
-1927
-1407
-1661
-1412
-1350
-1231
-672
-339
-170
-135
-257
384
229
727
912
973
1266
844
1583
1566
1778
2026
2409
2524
2565
3065
2556
2306
2581
2454
2434
2574
2840
2633
2293
2010
2248
2017
2134
1601
1307
919
569
649
-180
-41
-444
-152
-547
-609
-987
-1122
-1366
-1196
-1098
-1465
-1643
-1836
-1794
-2071
-1836
-2160
-2212
-2421
-2390
-2197
-2288
-2093
-2379
-2331
-2215
-2205
-2152
-2280
-2062
-2046
-1928
-1865
-1566
-1508
-1028
-1021
-276
-182
25
-694
221
98
591
1173
738
733
1019
1751
1932
2215
1926
2781
2521
3256
3016
2754
2158
3083
2985
3154
2979
2803
2483
2369
2617
2475
2092
1764
1759
1161
709
668
361
-8
14
103
-460
-687
-891
-1139
-938
-1179
-932
-1269
-1460
-1619
-1528
-1949
-1869
-1711
-2209
-2322
-2383
-2335
-2404
-2209
-2377
-2502
-2499
-2321
-2462
-2515
-2519
-2152
-2362
-1853
-1941
-1738
-1184
-1375
-219
-796
-177
-959
343
-123
626
1051
414
1305
1185
2343
1844
2512
2430
3367
3329
2847
2365
2165
2926
3151
3694
2636
2554
2149
2613
2705
2343
2162
1615
1565
1285
1027
373
39
451
260
336
-73
-605
-750
-768
-342
-509
-638
-1254
-1167
-1499
-1457
-1554
-1660
-1934
-2078
-2276
-2515
-2559
-2527
-2040
-2497
-2564
-2572
-2581
-2669
-2426
-2329
-2560
-2245
-2340
-1584
-1755
-1283
-930
-949
-1164
-453
141
46
655
900
517
909
1843
2069
2045
2336
2380
2715
2547
2092
2497
2117
2894
3089
2994
1842
1958
2317
2487
2538
2114
1633
1082
1230
1335
953
155
374
657
129
52
-187
-631
-435
-225
103
-522
-774
-1097
-620
-725
-716
-833
-1812
-1832
-1731
-1497
-1824
-1827
-1820
-2076
-2257
-2209
-2175
-2329
-2345
-1865
-2300
-2350
-2139
-1864
-1516
-1372
-496
-1188
-712
-1187
565
23
786
435
687
660
944
2176
1207
2533
2214
2789
1310
1562
2466
2081
2868
2166
2081
1161
1792
2324
1538
1828
814
1406
195
667
280
-335
-24
-114
551
-889
-396
-823
-333
-230
-158
-99
-949
-585
-553
-112
-676
-542
-1006
-1384
-1052
-781
-835
-1367
-1276
-1400
-1374
-1538
-1438
-1626
-1460
-1347
-1381
-1486
-1611
-990
-590
-259
-524
-432
-670
169
582
1042
599
399
837
977
1941
1962
2191
2104
1487
1248
1315
2052
2142
2274
1424
653
639
1152
1787
780
619
-104
-374
-468
-500
-520
-1343
-839
-1054
-1082
-1647
-1621
-1012
-967
-289
-849
-1009
-1462
-660
-149
-388
-398
-1265
-1236
-1047
-180
-100
-543
-789
-993
-777
-678
-584
-932
-845
-497
-440
-533
-893
-499
378
983
1002
643
-147
382
1719
2026
2004
1233
1335
1347
2701
2942
3114
2475
1750
1378
1509
2522
2102
2247
934
340
261
722
925
55
-88
-869
-1002
-1492
-1460
-1633
-1992
-1640
-1803
-2229
-2832
-2398
-1961
-1482
-1362
-1600
-2165
-2107
-1271
-822
-952
-1022
-1411
-1832
-1585
-754
-498
-635
-723
-1129
-1268
-849
-264
-354
-557
-430
-335
-296
-164
546
908
1384
1408
1257
1077
1834
2996
3209
2860
2009
2390
2936
3996
4325
3781
2255
1990
1965
3019
3233
2507
1135
436
424
857
1377
347
-371
-921
-947
-1514
-1478
-1734
-2210
-2089
-2209
-2537
-3141
-2875
-2295
-1873
-1994
-2491
-2841
-2767
-1908
-1338
-1906
-2294
-2350
-2246
-1922
-1453
-1176
-1563
-1526
-1755
-1703
-1418
-752
-273
-735
-798
-799
-137
374
925
1132
988
1198
1595
2039
2332
3061
3255
3323
2979
3128
3271
4003
4666
4218
2548
1710
2323
3653
3981
2862
1460
72
939
2166
2156
624
-703
-750
-905
-679
-788
-1349
-2318
-2120
-1616
-2378
-2917
-2597
-1944
-2047
-2157
-2624
-3359
-3052
-1819
-1304
-2240
-2962
-3256
-2948
-2062
-1045
-1314
-2337
-2637
-2266
-1549
-1023
-858
-1191
-1347
-1123
-642
-234
230
870
1284
979
883
1125
2100
3054
3710
3015
2091
2457
3430
4691
4497
3988
1979
1760
2474
4180
4176
2594
1649
823
1515
2334
2654
837
-383
-162
-302
-376
-720
-849
-1571
-1655
-1591
-2098
-2625
-2342
-1366
-1638
-2456
-2906
-2887
-2443
-1645
-1193
-2353
-2917
-2991
-2342
-1575
-1104
-1397
-2317
-2602
-2335
-1271
-868
-1022
-1537
-1701
-1344
-615
-4
173
254
567
774
954
1118
1631
2659
2954
3143
1915
2377
2948
4696
4900
4232
2146
1058
2745
4219
4778
2831
1075
-64
1337
3066
2820
952
-1125
-995
-550
-226
-483
-1492
-2225
-2539
-1846
-2252
-2890
-2388
-1754
-1853
-2782
-3077
-3046
-2252
-1112
-1207
-2400
-3321
-2899
-1726
-1010
-804
-1742
-2415
-2600
-1636
-761
-668
-1196
-1823
-1579
-1035
-213
165
130
226
527
863
1013
1593
2273
2832
3034
2694
2542
2864
4136
4906
4949
3633
2076
1752
3607
5059
4206
2499
358
283
2288
3693
2261
100
-1341
-1172
137
76
-701
-2142
-2638
-2423
-1893
-2190
-2872
-2438
-2170
-2421
-3040
-3235
-2733
-1880
-1419
-2232
-3241
-3210
-2539
-1562
-1448
-1631
-2388
-2570
-2236
-1619
-1094
-1023
-1478
-2084
-1646
-745
158
353
63
-58
371
1259
2092
2159
2125
2343
3010
3187
3343
3712
4062
4777
5019
3939
2380
2550
4637
5204
4002
1829
638
1119
3597
4303
1602
-1109
-1447
171
937
601
-1233
-3083
-3107
-1596
-893
-2182
-3174
-2867
-2640
-2693
-2797
-2832
-2913
-2451
-2274
-3346
-3905
-3290
-2215
-2107
-2482
-2995
-3296
-2684
-1993
-1717
-2017
-2467
-2397
-1897
-1176
-618
-350
-443
-540
212
965
1519
1878
1878
1976
2368
3427
3383
3403
3640
4423
5084
4366
3208
2372
4296
5317
4895
2772
1116
1607
3750
4983
2431
-156
-1091
689
2018
1504
-548
-2468
-2282
-1014
-42
-1178
-2634
-2746
-2140
-1908
-2282
-2450
-2654
-2455
-2254
-2934
-3629
-3058
-2270
-2273
-3019
-3329
-3211
-2494
-1938
-2335
-2784
-2936
-2298
-1873
-1624
-1585
-1300
-896
-512
-198
211
601
1304
1677
1524
1807
2408
3121
2943
3393
3304
4155
4232
3320
2353
3204
5167
4636
3265
1405
1528
3150
4819
3556
67
-1015
300
2497
2092
295
-1867
-2478
-830
561
-185
-2220
-2833
-2008
-1571
-1656
-2089
-2244
-2287
-2097
-2518
-3300
-2857
-1996
-1841
-2778
-3348
-3218
-2308
-1542
-1947
-2830
-3066
-2403
-1559
-1232
-1553
-1782
-1217
-468
-24
185
182
711
1067
1450
1838
2272
2407
2350
2933
3159
4251
3912
2568
1513
3218
5266
4633
2678
737
1355
3441
5328
3297
-326
-1276
754
2892
2189
-56
-2259
-2039
-299
942
-130
-2392
-2664
-1484
-894
-1340
-2010
-2156
-2001
-1498
-1995
-2897
-2672
-1776
-1559
-2575
-3103
-2921
-1903
-1516
-2262
-3056
-3001
-1949
-1434
-1734
-2349
-2181
-961
-271
-235
-570
-374
628
1184
1567
1242
1819
2128
2647
2835
2962
3760
3515
2456
1507
3286
4774
4459
2512
732
1109
3273
5038
2812
-583
-1471
632
2605
1963
-296
-2430
-2185
-71
1162
-197
-2372
-2400
-1105
-385
-762
-1436
-1872
-1483
-772
-1201
-2258
-2168
-1348
-1191
-1919
-2503
-2494
-1889
-1328
-1908
-2813
-2883
-2025
-1425
-1800
-2301
-2283
-1442
-650
-342
-582
-758
167
915
1367
1237
1689
1871
2233
2840
3227
3691
3047
2029
1527
3338
4663
3889
1737
475
1389
3435
4401
1911
-1328
-1623
815
2342
1195
-1332
-2939
-2136
11
879
-790
-2721
-2360
-797
-99
-574
-1367
-1672
-1191
-442
-914
-1582
-1400
-954
-1179
-1695
-1698
-1504
-1132
-1361
-2005
-2323
-1696
-1163
-1469
-2212
-2298
-1375
-488
-342
-823
-932
-425
952
1301
1063
847
1661
2251
2567
2767
2878
3589
2939
1906
1371
3338
4471
3504
1084
-92
1363
3664
4260
1021
-2088
-1927
1022
2527
670
-2295
-3755
-2108
340
873
-1373
-3584
-2825
-801
104
-841
-1934
-2330
-1625
-546
-754
-1555
-1783
-1253
-1180
-1442
-1457
-1250
-1113
-1384
-1737
-1791
-1299
-788
-910
-1619
-1797
-1071
20
254
-269
-607
-174
1097
1638
1439
1078
1610
2392
2735
2843
2727
3480
2990
2060
1564
3106
4145
3178
1363
146
1285
3313
3894
1140
-1664
-1347
921
2045
393
-1926
-3210
-2045
131
558
-1605
-3430
-2652
-1038
-559
-1159
-2052
-2537
-2010
-1087
-1266
-1983
-1874
-1639
-1997
-2128
-1466
-1025
-1243
-2079
-2403
-1768
-617
-283
-1278
-2322
-1888
-147
838
219
-815
-823
354
1827
1910
1158
773
1839
2706
3059
2661
2766
3357
3068
2011
1791
3445
4279
3313
1255
390
1797
4174
4221
832
-1829
-833
2038
2671
452
-2353
-3151
-1176
1029
646
-2192
-3768
-2423
-525
-261
-1523
-2677
-2972
-1891
-911
-1452
-2402
-2386
-1893
-2053
-2182
-1822
-1369
-1485
-2238
-2583
-1977
-701
-293
-1403
-2770
-2369
-243
968
127
-1371
-1545
40
1940
2130
657
94
1216
2837
3203
2636
2298
3013
2994
2227
2285
3767
4310
3214
1510
1024
2607
4564
4134
753
-1317
-16
2705
2751
202
-2367
-2709
-634
1247
652
-2348
-3752
-2251
-206
-101
-1488
-2709
-2878
-1715
-646
-1049
-2157
-2468
-2210
-2056
-1716
-1243
-1362
-2045
-2705
-2375
-1219
-401
-993
-2416
-2982
-1773
192
345
-1052
-2155
-1281
578
1820
1113
-257
-67
1741
3093
2717
1924
2083
3318
3209
2104
1985
3645
4536
3334
1472
930
2866
4817
3940
272
-1690
272
3084
2793
-404
-3006
-2698
-30
1776
207
-3108
-4098
-1744
451
26
-1930
-3161
-2724
-1025
-20
-893
-2469
-2561
-1713
-1324
-1427
-1383
-1428
-1932
-2386
-2071
-1202
-603
-949
-2188
-2963
-1886
168
535
-1091
-2377
-1515
622
1868
1127
-429
-448
1565
3255
3059
1791
1831
3022
3288
2447
2321
3446
3870
3150
1784
1521
2849
4414
3446
290
-1086
617
2896
2152
-581
-2780
-2326
80
1440
-247
-3316
-3813
-1585
350
-253
-2138
-3247
-2678
-958
-80
-1054
-2510
-2504
-1607
-1096
-1290
-1195
-1381
-1835
-2264
-1850
-981
-398
-792
-2117
-2719
-1548
435
656
-995
-2370
-1467
822
2155
1020
-774
-663
1748
3509
2954
1344
1114
3030
3803
2849
1525
2572
3815
3757
2174
1142
2159
3829
3922
1074
-984
-53
2439
2566
-56
-2475
-2526
-282
1337
129
-2836
-4037
-2010
233
35
-2058
-3457
-2893
-1183
-105
-1057
-2599
-2783
-1874
-1070
-991
-1184
-1712
-2027
-2074
-1473
-692
-536
-1148
-2065
-1942
-798
385
140
-1142
-1761
-735
941
1588
494
-714
-219
1925
3092
2190
831
933
2961
3890
2677
842
1574
3653
4245
2575
630
1228
3371
4404
2179
-583
-647
1743
3006
1016
-1781
-2642
-803
1147
711
-1928
-3784
-2493
-167
308
-1552
-3193
-3008
-1439
-286
-915
-2397
-2829
-1894
-1226
-1135
-1333
-1363
-1646
-1693
-1574
-886
-261
-480
-1456
-2044
-984
368
756
-532
-1582
-1035
734
1813
958
-517
-698
1182
2927
2485
814
330
2031
3741
3102
1126
677
2771
4079
3215
1042
671
2490
4180
3255
214
-868
738
2809
1780
-909
-2503
-1585
431
809
-1054
-3406
-3236
-1078
116
-1076
-2944
-3207
-2053
-747
-846
-2009
-2760
-2162
-1343
-1240
-1435
-1392
-1243
-1419
-1648
-1361
-348
111
-743
-1949
-1691
-63
1075
394
-1374
-1678
-7
1996
1876
-52
-1189
173
2683
3236
1597
50
923
3333
4142
2269
403
1525
3807
4190
2297
632
1355
3529
4218
1859
-739
-324
1996
2628
363
-2082
-2384
-631
781
-171
-2639
-3862
-2300
-315
-478
-2450
-3569
-2751
-1263
-701
-1639
-2643
-2566
-1400
-1119
-1586
-1790
-1153
-947
-1458
-1879
-1227
95
128
-1216
-2356
-1303
665
1321
-437
-2225
-1484
1094
2512
1118
-1172
-1268
1306
3569
2999
602
-171
1796
4544
4203
1583
86
2258
4701
4458
1997
532
1887
4209
4310
1363
-804
178
2439
2370
-142
-2206
-1929
-96
620
-790
-2981
-3366
-1522
-218
-1267
-3035
-3172
-1938
-1038
-1267
-2231
-2631
-1960
-999
-1155
-2114
-2284
-1217
-623
-1369
-2223
-1787
-673
-237
-997
-2041
-1859
-421
629
-318
-1720
-1527
380
1546
850
-488
-634
1026
2614
2696
978
431
2022
4250
3962
1774
775
2356
4783
4545
2303
585
1972
4308
4520
1899
-620
138
2308
2874
487
-1801
-1951
-331
849
-273
-2361
-3184
-1675
-394
-968
-2380
-2777
-2053
-1384
-1272
-1799
-2286
-2001
-1374
-1478
-2166
-2150
-1260
-1029
-1765
-2410
-1945
-1003
-563
-1172
-2265
-2190
-826
300
-487
-1774
-1758
-202
1088
872
-292
-812
531
2361
2616
1115
522
1733
3820
3948
2163
760
2266
4703
4725
2462
712
1956
4239
4721
2208
-307
61
2366
3117
839
-1534
-1834
-235
840
24
-1987
-2946
-1817
-488
-717
-2019
-2593
-2110
-1476
-1115
-1595
-2027
-1980
-1370
-1503
-2042
-1869
-1125
-1014
-1869
-2357
-1862
-717
-415
-1384
-2534
-2114
-385
352
-779
-2256
-1811
-67
1186
672
-916
-1146
519
2469
2200
734
94
1534
3622
3994
2236
503
1681
4378
5015
2778
592
1282
3605
4817
2913
51
-453
1502
2995
1608
-902
-1993
-855
500
363
-1172
-2586
-2277
-973
-471
-1305
-2213
-2133
-1580
-1139
-1212
-1511
-1667
-1553
-1312
-1532
-1559
-1268
-887
-1252
-1942
-1869
-1107
-461
-898
-1729
-2042
-1255
-176
-172
-1174
-1823
-1023
334
785
119
-702
-294
961
1995
1693
850
813
2099
3405
3214
1729
1094
2493
4259
3838
1907
853
1875
3717
3953
1778
-600
-163
1932
2511
563
-1578
-1933
-615
756
236
-1773
-3048
-1951
-370
-300
-1606
-2510
-2277
-1304
-503
-864
-1842
-2194
-1392
-715
-891
-1537
-1742
-1410
-1111
-1163
-1463
-1569
-1342
-1038
-1154
-1489
-1378
-947
-665
-935
-1127
-867
-72
354
189
-194
14
1036
1830
1768
1190
1400
2417
3470
3078
1763
1578
3159
4330
3212
1452
1085
2585
3882
3146
648
-753
558
2354
1891
-485
-2046
-1571
113
778
-567
-2483
-2736
-1095
84
-556
-2062
-2513
-1648
-573
-356
-1338
-2141
-1760
-682
-527
-1371
-1930
-1702
-1129
-1077
-1482
-1910
-1814
-1283
-1024
-1380
-1838
-1567
-966
-733
-996
-1116
-779
-117
320
161
-21
349
1280
1901
1810
1408
1770
2916
3587
2772
1673
1930
3509
4131
2817
1142
1195
2874
3823
2581
123
-620
929
2401
1398
-912
-1957
-1107
432
682
-814
-2492
-2216
-534
115
-853
-2093
-2103
-1241
-525
-775
-1584
-1813
-1272
-807
-1227
-1722
-1637
-1249
-1309
-1819
-2053
-1836
-1272
-1192
-1729
-2178
-1728
-950
-750
-1165
-1506
-1147
-267
262
110
-346
-202
852
1759
1911
1254
1316
2124
3454
3587
2288
1236
2116
4076
3940
2308
750
1491
3139
3901
2195
-206
-305
1362
2493
1003
-1040
-1714
-619
624
365
-1083
-2366
-1688
-396
-222
-1243
-1964
-1692
-1167
-839
-1086
-1511
-1490
-1230
-1085
-1449
-1522
-1309
-1203
-1597
-2012
-1822
-1487
-1204
-1376
-1797
-1992
-1455
-779
-835
-1326
-1478
-869
-90
224
-95
-217
148
1002
1700
1734
1430
1483
2345
3041
3359
2321
1492
1950
3614
3810
2373
966
1080
2777
3631
2461
-130
-632
935
2285
1330
-741
-1764
-1128
400
642
-748
-2335
-2046
-604
-124
-940
-1840
-1848
-1318
-817
-858
-1433
-1559
-1279
-1046
-1273
-1532
-1510
-1374
-1428
-1763
-1890
-1664
-1265
-1240
-1582
-1870
-1565
-989
-732
-1010
-1294
-1019
-290
355
357
82
112
693
1607
2085
1851
1398
1818
2833
3593
2679
1426
1602
3249
3842
2604
1008
921
2472
3573
2460
63
-659
802
2231
1418
-645
-1817
-1116
390
717
-741
-2351
-2094
-637
-47
-877
-1788
-1892
-1372
-791
-773
-1423
-1669
-1308
-976
-1362
-1667
-1513
-1218
-1403
-1917
-2049
-1687
-1080
-1016
-1569
-2188
-1682
-583
-250
-1013
-1564
-1023
108
820
571
-110
-97
941
2145
2244
1459
1088
1944
3191
3534
2293
992
1481
3360
3836
2201
517
726
2510
3539
2321
-231
-758
955
2387
1305
-797
-1717
-828
668
771
-765
-2330
-1803
-257
131
-991
-1958
-1819
-1140
-564
-840
-1686
-1844
-1257
-907
-1456
-1826
-1736
-1384
-1411
-1862
-2106
-1837
-1209
-1127
-1567
-2001
-1538
-663
-443
-947
-1336
-796
125
677
468
-22
162
1077
1977
2004
1436
1260
1906
2913
3368
2392
949
1144
3080
3842
2518
640
418
1997
3578
2923
336
-912
302
2202
1928
57
-1531
-1298
175
977
64
-1706
-2068
-970
-137
-532
-1391
-1803
-1587
-974
-816
-1381
-1693
-1463
-1199
-1527
-1892
-1858
-1438
-1301
-1805
-2305
-2123
-1213
-740
-1243
-2114
-1983
-954
-161
-389
-1135
-1316
-428
792
1049
395
-107
494
1673
2482
2041
1304
1406
2470
3466
2747
1255
1006
2677
3695
2724
1028
493
1877
3398
3033
511
-792
306
2029
1969
163
-1417
-1483
175
1163
221
-1787
-2278
-1020
-88
-361
-1404
-1983
-1853
-994
-613
-1276
-1862
-1736
-1289
-1437
-1826
-1930
-1690
-1488
-1786
-2167
-2140
-1446
-810
-1042
-1886
-2045
-1076
-104
-107
-866
-1278
-546
772
1347
678
-84
348
1627
2655
2237
1401
1166
2299
3523
3105
1379
673
2388
3701
3219
1135
248
1260
3349
3503
1011
-967
-448
1845
2321
737
-1544
-1950
-300
1183
644
-1640
-2576
-1628
-148
-103
-1195
-2148
-2146
-1158
-623
-1160
-1862
-1914
-1505
-1477
-1680
-1964
-1822
-1497
-1670
-2110
-2176
-1446
-813
-962
-1694
-1994
-1121
-116
113
-736
-1247
-692
692
1344
855
125
135
1366
2519
2645
1499
1106
1890
3499
3309
1744
735
2015
3563
3314
1753
266
1099
2996
3719
1375
-778
-554
1384
2297
1007
-1069
-2131
-734
960
888
-1283
-2601
-1822
-465
-97
-887
-1875
-2250
-1407
-569
-982
-1692
-1827
-1459
-1388
-1610
-1819
-1739
-1411
-1457
-1802
-2069
-1595
-856
-702
-1340
-1833
-1299
-398
52
-434
-1062
-915
194
1205
1000
183
-79
987
2184
2491
1608
964
1507
3202
3661
1763
365
1403
3576
3792
2088
18
179
2615
4169
2359
-867
-1405
631
2636
1811
-639
-2487
-1594
711
1426
-506
-2721
-2325
-759
122
-545
-1774
-2351
-1580
-502
-843
-1699
-1936
-1380
-1010
-1482
-2072
-1975
-1060
-791
-1442
-2268
-2101
-757
101
-539
-1964
-1948
-721
576
349
-860
-1405
-441
1206
1449
704
-287
264
1637
2638
2049
1149
1202
2457
3370
2262
848
1152
2945
3431
2301
512
187
1988
3638
2438
-367
-1237
190
1898
1627
-251
-2058
-1739
21
989
-292
-2104
-2259
-1078
-322
-605
-1320
-1925
-1608
-773
-756
-1438
-1582
-1154
-862
-1270
-1830
-1887
-1015
-585
-995
-1884
-2111
-1120
41
-64
-1467
-1999
-1244
27
370
-382
-1269
-988
367
1310
1023
107
12
1228
2309
2224
1541
1287
2252
3274
2697
920
873
2785
3738
2587
470
-61
1303
3511
2988
233
-1758
-752
1629
1996
389
-1953
-2178
-845
881
419
-1571
-2478
-1658
-397
-465
-963
-1692
-1656
-999
-718
-1202
-1610
-1164
-691
-996
-1819
-2112
-1174
-269
-448
-1534
-2375
-1647
-163
480
-911
-2108
-1806
-292
590
22
-1003
-1340
39
1175
1302
204
13
1033
2221
2217
1426
1360
2103
3569
3071
1106
161
2318
4062
3280
1182
-461
322
2765
3980
1278
-1521
-1636
600
1910
1044
-1009
-2443
-1690
-82
608
-1058
-2412
-1925
-918
-878
-1214
-1408
-1711
-1179
-652
-1119
-1819
-1465
-512
-360
-1166
-2026
-1755
-579
67
-352
-1655
-2157
-1072
366
151
-1288
-1780
-1172
-36
221
-295
-1088
-586
700
1168
686
-74
653
1580
2590
1844
1374
1331
2879
3808
2501
687
641
2998
3603
2850
423
-354
703
3074
2858
46
-1570
-984
934
992
193
-1592
-2095
-1257
-63
-376
-1911
-2062
-1348
-729
-1129
-1373
-1656
-1365
-556
-440
-1334
-1967
-1117
-157
-95
-1175
-1902
-1454
-249
228
-500
-1791
-1910
-582
311
-352
-1492
-1486
-825
22
15
-622
-916
-74
1100
1079
131
-92
1180
2596
2522
1423
886
1980
4063
3847
1430
-289
1549
3931
4102
1636
-812
-495
2064
3732
1640
-1194
-2030
-174
1350
910
-842
-2365
-1830
-522
40
-1343
-2433
-1889
-936
-674
-1441
-1937
-1946
-826
-52
-679
-1832
-1915
-729
43
-161
-1343
-1852
-1144
42
193
-765
-1745
-1410
-216
120
-731
-1512
-1295
-494
112
-372
-1076
-835
596
1337
801
-282
-111
1486
2797
2585
1262
1016
2283
4246
3583
1229
18
1851
3837
3709
1569
-759
-214
2028
3321
1175
-936
-1587
-279
850
511
-862
-2208
-1682
-807
-351
-1521
-2167
-1740
-945
-638
-1185
-1768
-1955
-751
36
-384
-1362
-1575
-964
-108
208
-709
-1440
-1273
-349
-86
-582
-1422
-1344
-637
-378
-864
-1392
-1310
-717
-137
-564
-1035
-731
431
1021
818
-58
30
1225
2331
2168
1211
938
1908
3370
3016
1241
71
1281
3091
3357
1675
-185
-62
1513
2594
1647
204
-597
-172
610
570
-195
-1097
-1052
-722
-464
-1020
-1569
-1540
-873
-310
-645
-1250
-1491
-826
-268
-102
-399
-712
-820
-476
-59
-89
-583
-876
-737
-454
-374
-613
-1046
-1205
-787
-413
-608
-1000
-929
-592
-322
-336
-435
-350
-156
90
84
-167
-356
-199
73
146
4
-270
-210
168
546
518
343
388
657
1034
1295
1578
1519
1392
1553
1877
1945
1707
1527
1325
1193
1157
1136
793
343
110
88
114
182
57
-365
-565
-324
-15
-145
-408
-435
-297
-163
-93
-147
-282
-231
-47
-70
-336
-457
-395
-462
-718
-880
-935
-888
-855
-977
-1285
-1457
-1331
-1193
-1321
-1660
-1784
-1661
-1445
-1341
-1387
-1485
-1399
-1061
-818
-797
-775
-553
-233
58
164
197
364
760
1074
1148
1157
1342
1585
1725
1783
1699
1560
1532
1779
1860
1668
1442
1402
1415
1440
1443
1203
890
863
1006
921
648
532
520
532
497
393
267
242
366
306
62
-119
-13
21
-183
-499
-703
-715
-630
-660
-979
-1303
-1337
-1174
-1210
-1467
-1696
-1716
-1594
-1534
-1629
-1797
-1774
-1540
-1374
-1469
-1522
-1309
-1005
-784
-707
-646
-559
-290
-9
91
79
152
309
389
471
519
485
395
486
679
708
638
586
579
630
873
1026
889
795
950
1165
1240
1269
1235
1189
1256
1397
1312
1101
1080
1156
1071
864
738
679
595
527
422
193
24
74
86
-105
-304
-375
-353
-402
-410
-501
-654
-718
-631
-565
-695
-807
-786
-700
-720
-747
-774
-802
-733
-594
-540
-682
-769
-680
-532
-509
-606
-716
-779
-663
-567
-637
-817
-826
-646
-504
-514
-649
-690
-529
-316
-302
-448
-460
-219
46
151
100
106
283
573
711
656
640
768
917
970
972
959
969
1022
1094
1064
942
849
844
795
737
737
732
650
589
602
597
558
524
482
413
434
505
470
348
256
310
318
244
170
108
64
-8
-95
-229
-272
-238
-265
-409
-601
-728
-813
-863
-912
-999
-1063
-1127
-1146
-1180
-1180
-1091
-1047
-1130
-1214
-1141
-1052
-964
-909
-924
-948
-823
-628
-545
-509
-462
-395
-351
-243
-90
-43
-49
38
212
323
410
444
398
415
634
878
835
715
779
966
1092
1110
1057
967
1044
1213
1277
1104
959
1026
1190
1209
1076
975
980
1063
1027
847
669
697
787
749
543
308
160
109
91
-48
-252
-449
-564
-631
-658
-671
-767
-937
-1025
-972
-990
-1118
-1188
-1212
-1206
-1136
-1046
-1096
-1198
-1109
-1006
-983
-996
-941
-923
-927
-879
-856
-837
-789
-643
-655
-698
-533
-263
-173
-248
-229
-100
85
206
301
261
329
566
786
821
736
802
956
1144
1183
1129
1070
1241
1477
1517
1372
1298
1414
1535
1587
1417
1141
988
1042
1051
859
550
322
274
293
237
-14
-281
-320
-243
-283
-482
-606
-577
-544
-618
-671
-902
-1529
-1813
-842
484
580
-716
-1950
-1385
461
972
-911
-2685
-1938
26
239
-1557
-2857
-1897
-130
74
-1407
-2275
-1326
86
123
-977
-1499
-653
589
715
-46
-483
92
1103
1461
895
257
609
1459
1777
1158
492
625
1422
1974
1575
775
575
1107
1394
949
299
45
-119
32
808
1632
1466
515
-266
284
1517
1626
172
-1142
-707
332
377
-698
-1021
-32
869
444
-607
-947
-247
151
-867
-1906
-1480
-299
-16
-1079
-1910
-1515
-294
-189
-1248
-2058
-2047
-1781
-1873
-2206
-1983
-943
-338
-758
-810
-115
583
772
859
479
309
768
915
796
685
134
510
1567
1667
1145
661
492
1002
1355
871
688
955
1700
1474
878
856
1255
1509
1374
973
660
809
532
302
251
593
615
322
-11
-22
8
54
-199
-733
-895
-540
-241
-454
-818
-1272
-1363
-979
-641
-964
-1458
-1467
-1094
-927
-1213
-1411
-1295
-1333
-1374
-1418
-1213
-1009
-1325
-1812
-1848
-1132
-454
-588
-1527
-1420
-117
1152
981
-162
-361
776
1867
1533
138
-128
1272
1937
1220
386
791
1587
1539
926
996
1343
1341
627
228
1400
2136
1549
460
1130
2191
2671
1595
367
316
1019
1158
547
396
331
104
-499
-455
-99
183
-351
-1131
-1335
-930
-756
-1262
-2009
-2066
-1495
-850
-654
-997
-1477
-1371
-851
-642
-654
-852
-898
-708
-630
-655
-620
-512
-661
-873
-917
-696
-802
-1198
-1322
-1040
-464
-139
-598
-1196
-955
-197
328
159
-172
-57
696
1039
758
238
597
1741
2453
1844
1075
1225
2052
2684
2184
1393
1706
2972
3219
2626
1902
1304
722
176
-15
572
1233
724
-801
-1711
-1140
-231
-431
-1430
-1841
-1207
-440
-455
-1171
-1819
-1701
-1034
-385
45
226
126
-196
-405
-200
297
513
280
-76
-119
152
186
-345
-1194
-1489
-1111
-945
-1637
-2378
-2480
-1795
-1264
-1516
-2114
-2033
-1120
-500
-776
-1245
-924
-27
602
487
139
462
1432
2247
2150
1555
1341
1913
2618
2708
2202
1755
2031
2656
3080
2727
1721
139
-1036
-1083
-83
714
255
-1297
-2342
-1945
-891
-594
-1387
-2008
-1434
-224
321
-34
-588
-713
-392
203
976
1777
2241
2015
1296
876
1140
1562
1360
605
95
204
492
200
-900
-1924
-2291
-2310
-2566
-2899
-2843
-2439
-2283
-2630
-2988
-2622
-1635
-978
-1090
-1123
-385
638
1016
621
306
857
2014
2710
2344
1609
1639
2275
2684
2311
1602
1492
2049
2668
2722
1892
96
-1818
-2701
-1969
-594
-168
-1114
-2298
-2414
-1523
-879
-1348
-2024
-1690
-399
781
1141
889
520
322
433
976
1943
2912
3271
2674
1741
1315
1314
1077
326
-371
-434
28
328
-166
-1293
-2353
-3040
-3594
-3721
-3155
-2200
-1597
-1722
-2190
-2004
-1078
-468
-659
-868
-48
1390
2233
1775
804
565
1358
2102
2075
1586
1626
2225
2718
2251
1335
750
909
1464
2007
2044
1036
-857
-2586
-2849
-1872
-1092
-1557
-2590
-2753
-1704
-732
-1029
-2160
-2510
-1539
-127
697
988
1129
1219
1057
874
1063
1786
2449
2416
1834
1550
1801
1782
837
-456
-1103
-845
-342
-369
-884
-1420
-1951
-2835
-3667
-3604
-2712
-1903
-1720
-1673
-1002
131
621
-78
-929
-524
959
2042
1974
1521
1574
2099
2310
1842
1261
1189
1614
1981
2043
1938
1788
1572
1303
1394
1704
1424
-146
-2099
-3007
-2310
-1269
-1397
-2513
-3146
-2351
-1140
-912
-1755
-2241
-1715
-613
139
549
942
1292
1221
940
1025
1718
2389
2362
1724
1406
1754
1995
1294
-10
-912
-1046
-866
-1039
-1392
-1575
-1502
-1951
-2943
-3849
-3699
-2922
-2162
-1845
-1443
-639
323
743
429
0
103
777
1311
1574
1659
1950
2205
2207
1741
1312
1233
1479
1694
1935
2105
2204
2147
2090
2128
2046
1197
-633
-2306
-2698
-1912
-1427
-1887
-2627
-2368
-1288
-651
-1126
-1902
-1807
-1146
-518
-94
585
1489
1991
1729
1328
1532
2102
2215
1703
1222
1368
1824
1705
790
-256
-859
-1222
-1612
-2002
-2138
-2112
-2204
-2696
-3342
-3719
-3711
-3442
-3047
-2452
-1700
-823
51
673
850
721
536
508
770
1069
1213
1419
1942
2416
2386
1945
1523
1464
1630
1691
1540
1489
1858
2298
2642
2532
1842
65
-1736
-2601
-2138
-1751
-2062
-2594
-2313
-1105
-181
-251
-1015
-1125
-794
-376
-227
445
1380
2079
2086
2075
2403
2827
2535
1628
878
861
1176
1195
774
260
-187
-879
-1534
-1957
-2163
-2516
-2926
-3094
-2947
-2898
-3309
-3582
-3187
-2293
-1713
-1497
-1089
-123
924
1202
847
550
752
946
901
742
973
1415
1789
1899
1933
1954
1837
1551
1346
1322
1461
1646
2066
2724
2852
1607
-481
-1824
-2024
-1983
-2633
-3285
-3141
-1860
-669
-273
-486
-388
-305
-591
-827
-225
794
1388
1488
1830
2762
3498
3288
2389
1699
1330
986
562
334
206
-59
-656
-1073
-1087
-1149
-1870
-2869
-3396
-3223
-3135
-3478
-3938
-3590
-2663
-1799
-1433
-1036
-400
321
781
913
975
1074
1220
1229
1202
1237
1436
1673
1926
2022
1996
1890
1814
1729
1578
1285
1325
1646
2273
2497
2193
852
-617
-1613
-2039
-2594
-3241
-3459
-2993
-1818
-834
-257
-138
61
-187
-509
-629
-50
487
848
1069
1765
2621
3097
2786
2172
1530
865
277
-82
-274
-685
-1128
-1390
-1082
-728
-920
-1843
-2632
-2797
-2733
-3098
-3716
-3885
-3205
-2104
-1217
-645
-161
447
963
1208
1156
1026
963
943
953
989
1047
1171
1454
1746
1838
1751
1590
1472
1439
1483
1436
1545
1868
2430
2919
2816
1703
4
-1179
-1760
-2192
-2906
-3285
-3064
-2061
-1115
-485
-174
149
56
-271
-370
-25
282
405
643
1266
2163
2723
2763
2513
2132
1361
554
30
-344
-967
-1451
-1435
-974
-675
-933
-1566
-1993
-2173
-2490
-3192
-3904
-4248
-3872
-3013
-2014
-1231
-658
-111
584
1199
1268
862
443
395
484
575
629
820
1179
1612
1909
1992
1877
1717
1643
1710
1666
1675
1840
2319
2972
3260
2484
858
-475
-1243
-1769
-2491
-3035
-3192
-2560
-1611
-723
-145
358
492
337
330
603
797
728
656
872
1503
2247
2769
2910
2745
2104
1376
722
44
-906
-1682
-2012
-1920
-1725
-1597
-1613
-1702
-1989
-2480
-3024
-3549
-4106
-4405
-3961
-3030
-2127
-1503
-811
93
946
1217
956
634
602
595
481
374
493
753
1128
1567
2017
2304
2308
2197
2059
2004
1799
1794
1922
2442
2685
2393
1169
-10
-830
-1398
-2133
-2931
-3358
-3195
-2296
-1444
-665
-151
442
614
949
1283
1592
1325
1096
1039
1535
2149
2689
2880
2915
2656
2163
1674
1014
-68
-1289
-1975
-2186
-2105
-2086
-2086
-2151
-2068
-2071
-2341
-2897
-3462
-3841
-3755
-3275
-2702
-2168
-1468
-456
537
1205
1391
1347
1248
1086
791
431
174
93
275
748
1367
1813
1977
2030
2127
2097
1805
1423
1300
1401
1668
1564
935
-220
-879
-1307
-1661
-2441
-2949
-3122
-2586
-1954
-1352
-744
111
826
1282
1821
2278
2388
2048
1805
1794
2198
2441
2567
2604
2759
2500
2137
1590
783
-435
-1370
-1913
-2221
-2515
-2738
-2779
-2611
-2345
-2236
-2314
-2659
-3101
-3294
-2995
-2626
-2350
-2077
-1373
-316
787
1442
1731
1866
1901
1671
1293
775
306
-4
106
504
935
1200
1379
1658
1878
1873
1551
1349
1131
1160
1062
721
-337
-1237
-1651
-1726
-2022
-2449
-2676
-2510
-1892
-1404
-821
-124
691
1039
1556
2145
2578
2415
2243
2116
2277
2396
2428
2303
2278
2054
1608
1217
744
-79
-1056
-1630
-2048
-2425
-2805
-2935
-2867
-2607
-2399
-2196
-2161
-2338
-2595
-2412
-2049
-1793
-1701
-1307
-510
598
1488
1924
2110
2233
2094
1705
1215
619
68
-227
-120
76
327
500
801
1127
1392
1308
1207
1128
1076
1093
934
232
-866
-1323
-1401
-1417
-1826
-2064
-2149
-1631
-1006
-452
50
673
984
1201
1749
2275
2321
2018
1869
1861
2049
2070
1905
1621
1435
1063
809
578
75
-859
-1544
-1903
-2189
-2505
-2693
-2734
-2574
-2272
-2005
-1796
-1832
-2075
-2189
-1886
-1670
-1631
-1553
-1009
-161
824
1485
1799
1998
2107
1926
1561
996
306
-277
-387
-270
-96
56
311
766
1276
1535
1449
1516
1543
1648
1518
1150
60
-735
-1065
-1154
-1573
-1907
-2084
-1810
-1058
-307
201
600
1036
1151
1494
1899
2077
1740
1566
1529
1755
1896
1838
1519
1371
1191
994
797
382
-493
-1379
-1838
-2140
-2428
-2673
-2743
-2688
-2351
-1984
-1709
-1761
-2058
-2351
-2228
-2012
-1987
-1951
-1572
-788
190
1058
1543
1795
1967
1998
1755
1282
527
-144
-429
-350
-241
-71
129
552
1084
1540
1535
1492
1555
1636
1689
1510
790
-211
-625
-775
-998
-1482
-1703
-1698
-1134
-506
-13
331
830
1165
1449
1871
2156
2013
1787
1744
1717
1700
1595
1404
1227
1160
985
852
607
5
-907
-1518
-1849
-2222
-2625
-2897
-3017
-2824
-2406
-2017
-1907
-2010
-2198
-2161
-1938
-1905
-2004
-1859
-1304
-494
387
1080
1541
1837
2034
1973
1617
921
172
-327
-459
-526
-525
-414
-5
552
1121
1375
1483
1641
1794
1938
1874
1372
339
-385
-663
-823
-1258
-1496
-1534
-1155
-532
38
440
914
1313
1521
1847
2206
2219
1962
1799
1633
1539
1480
1390
1209
1181
1096
936
758
381
-429
-1145
-1571
-1982
-2503
-2846
-3015
-2959
-2618
-2211
-1958
-1893
-1918
-1911
-1720
-1645
-1737
-1760
-1443
-900
-129
600
1116
1478
1802
1912
1725
1238
538
-135
-520
-688
-851
-881
-690
-190
426
991
1338
1634
1947
2247
2393
2046
1099
62
-383
-656
-1031
-1522
-1676
-1557
-985
-414
60
479
933
1208
1540
1973
2139
1935
1623
1406
1232
1171
1085
963
878
916
950
1039
902
326
-401
-833
-1249
-1869
-2512
-2880
-2976
-2747
-2360
-1985
-1752
-1692
-1671
-1443
-1247
-1324
-1475
-1386
-972
-338
353
793
1103
1422
1711
1705
1375
726
59
-391
-601
-805
-967
-957
-632
11
691
1109
1441
1866
2287
2518
2273
1365
278
-299
-585
-1027
-1545
-1732
-1652
-1180
-562
-32
409
936
1293
1540
1882
2073
1858
1501
1235
1041
970
898
763
650
710
772
912
916
567
-45
-460
-875
-1456
-2080
-2501
-2779
-2768
-2451
-2054
-1800
-1715
-1650
-1392
-1053
-1010
-1230
-1322
-1037
-538
-13
297
568
910
1326
1456
1260
840
421
104
-105
-373
-638
-738
-521
21
620
1071
1562
2233
2833
3157
2826
1934
831
139
-559
-1258
-1991
-2312
-2420
-1932
-1258
-530
124
795
1208
1588
2009
2086
1743
1266
903
652
648
597
529
543
810
983
1206
1220
845
192
-241
-710
-1358
-2034
-2538
-2870
-2904
-2612
-2279
-2059
-1902
-1658
-1226
-834
-775
-949
-948
-695
-329
-6
221
395
677
1002
1110
969
750
561
376
188
6
-146
-270
-143
193
603
959
1465
2015
2631
2945
2544
1533
716
159
-610
-1517
-2274
-2725
-2671
-2048
-1370
-710
48
877
1490
2054
2357
2287
1904
1458
926
610
461
286
199
429
692
939
1227
1244
806
334
-38
-643
-1399
-2057
-2525
-2746
-2644
-2416
-2235
-2088
-1852
-1470
-1028
-801
-843
-899
-689
-366
-102
84
189
276
465
666
674
459
272
282
325
296
217
142
208
441
720
877
1142
1541
2160
2569
2288
1371
738
408
-218
-1214
-2049
-2538
-2687
-2339
-1799
-1136
-338
561
1336
2132
2658
2685
2325
1992
1474
954
534
242
60
213
429
642
969
1177
1048
787
515
-92
-925
-1688
-2270
-2700
-2801
-2678
-2509
-2311
-1974
-1450
-929
-661
-642
-623
-477
-271
-81
42
71
99
244
449
501
342
164
232
307
300
172
188
375
735
1002
1159
1364
1777
2240
2102
1404
507
20
-517
-1158
-2039
-2601
-2821
-2462
-2010
-1458
-800
96
983
1820
2469
2762
2695
2388
1965
1487
1059
536
194
116
284
387
674
868
874
741
685
350
-240
-900
-1520
-2099
-2490
-2627
-2611
-2497
-2283
-1861
-1175
-575
-281
-148
48
202
267
207
37
-106
-113
-32
-11
-11
36
239
453
484
436
504
637
784
981
1131
1232
1592
2005
1825
993
142
-363
-857
-1593
-2466
-3046
-3102
-2697
-2197
-1574
-786
130
1061
2019
2690
2944
2950
2781
2344
1794
1252
702
354
252
218
254
504
601
462
368
334
60
-386
-857
-1313
-1662
-1883
-2099
-2293
-2396
-2325
-1985
-1343
-776
-411
-59
409
816
1067
970
620
261
117
-26
-265
-526
-569
-288
110
458
681
952
1263
1606
1727
1677
1656
1871
1566
673
-241
-703
-1276
-2039
-2817
-3316
-3434
-3042
-2490
-1920
-1128
-174
821
1804
2627
2943
3024
2976
2692
2199
1661
907
278
72
76
53
201
384
348
284
243
-104
-693
-1177
-1597
-1971
-2104
-2006
-1935
-1920
-1833
-1522
-976
-476
-160
135
566
978
1248
1332
1213
925
652
431
145
-226
-463
-464
-396
-260
84
582
1144
1633
2055
2266
2528
2422
1634
370
-575
-1335
-2188
-3039
-3775
-4134
-3841
-3043
-2440
-1758
-826
236
1211
2162
2627
2680
2712
2709
2429
2097
1675
1125
796
669
396
179
226
175
39
68
-8
-489
-975
-1399
-1907
-2295
-2403
-2426
-2451
-2196
-1676
-948
-253
222
501
992
1499
1670
1550
1348
1065
798
693
463
47
-186
-42
71
93
161
328
573
983
1387
1720
2158
2182
1527
627
50
-769
-1864
-3005
-3884
-4347
-4112
-3516
-2908
-2041
-978
200
1352
2354
2733
2781
2727
2515
2120
1692
1086
570
535
740
769
802
786
498
236
98
-338
-1102
-1713
-2162
-2482
-2620
-2614
-2629
-2540
-2162
-1492
-705
-102
311
767
1459
1978
2137
2019
1880
1662
1428
1155
755
324
150
214
306
458
759
1095
1448
1666
1817
1906
1585
620
-370
-874
-1385
-2140
-2905
-3391
-3600
-3299
-2823
-2439
-1941
-1148
-179
786
1560
1887
1993
2034
1963
1719
1347
797
375
353
438
376
403
495
456
402
351
-73
-779
-1396
-1947
-2420
-2690
-2807
-2899
-2740
-2231
-1474
-657
16
489
1114
1878
2319
2312
2174
2036
1855
1698
1486
1177
976
966
1035
1069
1117
1229
1451
1716
1960
2167
1881
1047
10
-683
-1529
-2595
-3663
-4302
-4463
-4051
-3324
-2543
-1559
-478
636
1594
2255
2349
2147
1807
1344
804
203
-439
-814
-723
-456
-244
42
238
257
299
277
-112
-740
-1302
-1739
-1992
-2112
-2284
-2368
-2142
-1560
-823
-112
364
813
1421
1998
2130
1957
1781
1609
1453
1322
1193
1042
1022
1134
1291
1536
1773
2030
2251
2523
2639
2212
1219
80
-708
-1519
-2424
-3410
-4035
-4180
-3771
-3212
-2608
-1832
-894
107
1058
1841
2212
2314
2221
1921
1481
907
223
-365
-682
-911
-1038
-954
-930
-1081
-1067
-988
-1199
-1595
-1869
-2139
-2302
-2304
-2272
-2073
-1591
-831
6
951
1564
2066
2649
2998
2673
2155
1738
1254
798
565
391
238
458
878
1359
1709
2085
2390
2806
2932
2358
1357
397
-418
-1397
-2224
-3063
-3599
-3625
-3076
-2468
-1855
-982
-28
873
1558
2004
2129
2062
1706
1215
764
198
-433
-693
-595
-602
-651
-416
-313
-471
-679
-1004
-1684
-2464
-3015
-3429
-3686
-3826
-3692
-3196
-2317
-1336
-264
824
1675
2418
3136
3526
3377
3088
2733
2238
1677
1224
782
485
410
556
966
1430
1861
2291
2866
2861
2174
1189
248
-835
-1991
-2965
-3896
-4315
-4118
-3279
-2342
-1091
244
1676
2890
3678
3949
3763
3149
2180
1226
320
-661
-1406
-1615
-1611
-1584
-1310
-910
-771
-843
-994
-1258
-1730
-2321
-2899
-3297
-3505
-3603
-3361
-2760
-2057
-1299
-296
651
1364
1939
2354
2406
2317
2169
1937
1632
1331
1102
1045
1095
1211
1525
2056
2475
2880
3160
2797
1876
927
74
-1133
-2265
-3351
-4077
-4271
-3804
-3141
-2270
-1074
126
1493
2734
3540
3773
3814
3507
2902
2218
1346
396
-244
-612
-978
-1163
-1165
-1331
-1492
-1539
-1721
-2078
-2408
-2711
-3094
-3286
-3332
-3100
-2617
-1923
-1100
-109
883
1572
2112
2433
2422
2064
1625
1120
644
195
-100
-267
-222
34
489
1097
1615
2251
2501
2288
1557
972
234
-609
-1515
-2340
-2807
-2757
-2275
-1865
-1154
-329
606
1508
2287
2630
2732
2708
2404
1965
1505
869
247
-70
-299
-564
-652
-616
-785
-883
-961
-1166
-1539
-1922
-2324
-2686
-2818
-2845
-2594
-2168
-1517
-738
282
1206
1873
2351
2605
2580
2271
1873
1314
747
371
150
31
71
352
687
1089
1409
1264
648
-136
-844
-1651
-2506
-3401
-3925
-3877
-3287
-2477
-1418
-167
1053
2216
3243
3942
4080
3831
3308
2627
1847
931
33
-582
-927
-1165
-1265
-1206
-1163
-1113
-1029
-1003
-1188
-1423
-1646
-1973
-2218
-2191
-1911
-1584
-1063
-390
428
1248
1863
2161
2272
2354
2230
2008
1614
1234
951
922
839
843
967
1202
1428
1339
872
114
-467
-1220
-1962
-2824
-3453
-3815
-3643
-3197
-2676
-1891
-970
-5
881
1683
2204
2478
2487
2275
2049
1744
1261
828
521
172
-203
-416
-735
-1142
-1398
-1538
-1718
-1879
-1975
-1956
-1733
-1460
-1209
-805
-398
-1
503
1052
1312
1482
1672
1774
1821
1811
1717
1598
1539
1511
1545
1692
1756
1923
1913
1472
694
24
-678
-1617
-2416
-3141
-3491
-3504
-2999
-2460
-1623
-722
198
1139
1874
2217
2206
2120
1694
1136
510
-179
-819
-1129
-1297
-1518
-1563
-1450
-1389
-1328
-1293
-1342
-1473
-1496
-1478
-1353
-1131
-832
-432
26
455
826
1192
1428
1532
1621
1762
1848
1793
1782
1727
1714
1659
1688
1625
1679
1662
1282
672
122
-320
-999
-1586
-2237
-2594
-2649
-2342
-2051
-1550
-793
-54
749
1426
1892
2040
2135
1907
1498
1048
473
-132
-544
-853
-1213
-1400
-1449
-1577
-1655
-1688
-1797
-1933
-1991
-2001
-1921
-1639
-1379
-1032
-582
-145
230
635
986
1149
1392
1609
1703
1778
1901
2003
2081
2242
2312
2473
2562
2273
1595
910
231
-575
-1244
-1963
-2624
-2913
-2686
-2403
-1978
-1316
-558
213
973
1452
1688
1782
1624
1232
853
332
-240
-587
-835
-1021
-1040
-837
-786
-684
-650
-662
-801
-938
-1163
-1299
-1291
-1222
-1042
-767
-464
-156
310
687
946
1142
1254
1190
1079
948
808
725
744
910
1323
1644
1600
1396
1166
830
351
-97
-821
-1427
-1717
-1635
-1535
-1236
-798
-202
538
1151
1514
1688
1625
1208
702
81
-706
-1444
-1881
-2193
-2342
-2279
-1986
-1643
-1232
-889
-566
-286
-101
-14
100
215
279
461
648
745
836
1053
1218
1320
1334
1362
1346
1290
1200
1129
1083
965
1008
909
590
-3
-499
-1121
-1700
-2143
-2406
-2404
-2182
-1663
-981
23
879
1688
2388
2876
2962
2799
2381
1558
671
-224
-1066
-1751
-2199
-2486
-2559
-2357
-2208
-1981
-1780
-1708
-1734
-1596
-1516
-1480
-1288
-960
-497
82
661
1169
1669
2062
2272
2400
2380
2208
2050
1879
1685
1525
1510
1471
1495
1232
786
262
-156
-688
-1212
-1687
-2098
-2167
-2015
-1666
-1256
-601
-40
617
1179
1535
1645
1607
1381
988
602
84
-390
-711
-926
-1084
-1152
-1163
-1226
-1252
-1292
-1378
-1463
-1579
-1665
-1704
-1578
-1391
-1068
-715
-305
145
607
1022
1301
1537
1688
1802
1825
1824
1821
1822
1916
1884
1635
1174
798
415
-16
-436
-909
-1246
-1401
-1310
-1203
-917
-568
-171
239
610
824
920
875
627
317
13
-324
-623
-777
-892
-958
-906
-828
-821
-755
-678
-686
-768
-840
-926
-954
-931
-863
-727
-538
-314
-14
348
617
793
962
1096
1186
1254
1327
1379
1538
1671
1624
1362
1027
664
302
-8
-452
-838
-1058
-981
-877
-608
-311
58
406
705
847
843
731
410
57
-316
-658
-963
-1075
-1143
-1128
-1041
-938
-897
-864
-856
-861
-879
-945
-956
-849
-703
-582
-350
-109
95
308
520
603
649
702
762
793
812
845
1044
1282
1493
1589
1565
1296
1023
740
386
-18
-383
-636
-769
-698
-567
-266
11
253
424
618
680
599
429
151
-119
-379
-580
-716
-784
-777
-782
-702
-667
-625
-653
-670
-774
-898
-974
-1002
-975
-953
-849
-730
-541
-394
-239
-135
-15
63
150
203
291
447
721
1026
1301
1586
1726
1781
1664
1496
1180
898
544
213
-3
-117
-100
-27
174
220
328
340
308
128
-56
-391
-734
-947
-1146
-1221
-1188
-1050
-907
-601
-344
-165
1
120
93
77
42
-100
-203
-180
-179
-145
-71
-38
-1
39
-2
-87
-151
-337
-500
-570
-534
-505
-370
-183
35
220
316
373
404
426
382
392
387
438
539
679
821
992
1124
1190
1203
1119
920
657
303
-78
-438
-735
-974
-1085
-1133
-1152
-1044
-904
-765
-677
-596
-597
-597
-614
-620
-581
-463
-300
-73
230
509
783
1002
1122
1091
1011
826
664
462
341
195
195
178
242
256
246
149
54
-75
-310
-503
-719
-846
-932
-850
-804
-620
-439
-202
6
167
175
157
135
59
-29
-73
-82
-22
131
283
436
524
549
506
400
175
-47
-237
-438
-609
-658
-637
-603
-482
-331
-232
-157
-102
15
113
213
279
432
585
746
953
1120
1160
1131
1093
968
786
596
382
192
29
-97
-174
-241
-357
-490
-559
-680
-843
-1000
-1081
-1170
-1206
-1207
-1126
-995
-830
-616
-386
-139
59
254
380
462
493
453
382
283
161
40
-18
-51
-51
-27
-2
51
174
259
296
305
271
224
200
152
55
28
53
133
280
508
658
784
878
951
911
800
629
439
242
34
-139
-257
-353
-434
-469
-506
-554
-569
-569
-607
-646
-684
-692
-680
-651
-596
-470
-331
-205
-85
9
68
101
140
127
128
122
123
137
194
226
237
245
198
166
117
49
-58
-149
-247
-305
-310
-275
-186
-54
111
290
457
578
690
750
745
704
653
569
452
355
241
137
22
-87
-195
-278
-360
-430
-487
-543
-568
-561
-529
-509
-474
-443
-430
-438
-446
-443
-398
-346
-264
-121
75
273
468
665
779
823
810
758
612
418
176
-20
-177
-275
-363
-370
-333
-255
-159
-31
94
184
266
294
303
275
266
181
81
-49
-143
-228
-297
-363
-395
-354
-275
-153
-11
156
298
408
467
431
321
148
-91
-374
-607
-785
-887
-884
-787
-567
-279
39
295
521
628
641
541
379
136
-96
-281
-398
-423
-401
-280
-134
66
227
395
486
530
508
453
383
311
288
260
308
353
392
394
400
328
185
21
-160
-330
-474
-549
-587
-541
-467
-347
-217
-102
-38
8
4
-90
-197
-282
-383
-500
-545
-509
-401
-262
-97
73
227
319
371
357
276
161
70
-26
-86
-100
-66
-4
68
132
190
243
248
241
196
132
59
35
20
37
103
181
259
306
331
310
285
187
104
37
-3
-41
-22
2
10
38
69
76
40
-14
-100
-173
-257
-334
-397
-433
-479
-469
-422
-363
-296
-208
-156
-135
-114
-109
-148
-211
-262
-301
-308
-309
-262
-180
-52
82
242
409
537
639
711
757
735
695
632
569
484
413
367
312
241
154
100
37
-29
-120
-200
-292
-388
-476
-557
-614
-639
-598
-521
-414
-281
-118
40
167
249
291
295
254
186
123
73
-10
-97
-150
-158
-161
-150
-151
-191
-258
-328
-378
-451
-522
-573
-563
-513
-401
-256
-77
126
321
490
625
727
778
832
842
831
802
769
707
653
603
529
450
326
184
28
-106
-262
-405
-536
-647
-690
-702
-697
-682
-621
-564
-504
-450
-406
-362
-314
-244
-150
-32
79
190
299
373
414
415
361
243
108
-40
-172
-278
-373
-437
-441
-406
-349
-263
-191
-124
-59
15
84
167
255
339
443
565
670
768
847
894
909
892
820
704
561
384
203
32
-142
-309
-450
-562
-647
-691
-728
-750
-755
-743
-717
-673
-604
-541
-486
-419
-317
-230
-121
-19
70
145
220
298
362
403
406
386
337
263
164
53
-75
-193
-292
-341
-368
-343
-268
-140
-8
132
258
361
435
473
487
465
439
408
413
424
453
488
532
573
585
558
488
380
213
28
-163
-362
-540
-684
-778
-830
-828
-802
-756
-715
-679
-640
-616
-600
-583
-534
-463
-339
-196
-24
155
345
507
641
713
717
674
603
493
352
222
103
27
-16
-30
-25
-5
-1
6
4
-21
-78
-121
-157
-176
-177
-140
-70
23
137
261
380
463
539
572
577
545
484
375
249
122
-13
-140
-254
-354
-452
-523
-575
-581
-580
-577
-571
-531
-495
-446
-389
-334
-284
-218
-138
-53
25
101
190
273
345
404
464
499
512
514
487
428
342
246
137
13
-115
-213
-293
-342
-344
-306
-248
-188
-108
-18
74
154
210
232
247
258
253
237
198
146
90
49
-4
-50
-106
-158
-199
-225
-248
-281
-309
-345
-362
-374
-358
-335
-290
-224
-116
6
133
252
347
417
454
468
460
424
359
294
234
159
90
27
-40
-111
-177
-243
-294
-339
-373
-382
-367
-340
-283
-191
-102
6
120
215
283
343
369
383
392
372
332
286
252
217
185
116
28
-59
-152
-259
-367
-482
-603
-676
-711
-710
-667
-587
-467
-310
-150
-14
127
239
315
359
392
413
428
455
485
536
578
610
617
592
506
400
278
119
-58
-222
-356
-462
-532
-558
-520
-455
-380
-284
-186
-119
-72
-31
-7
3
20
58
108
174
248
327
392
420
412
370
291
165
28
-107
-231
-322
-383
-431
-456
-455
-441
-424
-412
-413
-421
-421
-420
-387
-320
-227
-125
15
147
266
378
476
528
522
493
448
421
383
349
320
316
302
313
330
313
262
201
127
43
-31
-133
-214
-256
-269
-265
-229
-201
-162
-102
-60
-48
-52
-79
-111
-114
-113
-102
-82
-56
-19
38
72
66
45
3
-58
-124
-189
-255
-297
-327
-351
-349
-329
-311
-292
-265
-240
-215
-184
-150
-101
-31
52
142
231
311
398
482
536
565
583
584
559
518
466
397
309
216
129
54
-14
-70
-104
-138
-168
-183
-197
-225
-259
-278
-287
-280
-272
-244
-195
-136
-68
3
53
92
130
148
149
129
100
49
-8
-76
-147
-206
-262
-310
-335
-350
-358
-338
-303
-262
-206
-139
-76
4
91
168
247
314
369
430
490
522
548
557
533
490
427
337
235
126
12
-98
-201
-294
-363
-402
-440
-470
-479
-477
-468
-432
-380
-321
-248
-161
-79
3
86
167
249
304
331
352
362
345
315
269
206
139
66
-9
-78
-146
-215
-266
-300
-329
-336
-312
-269
-218
-148
-63
29
128
221
313
390
452
500
529
528
506
462
394
315
227
129
27
-68
-162
-249
-336
-424
-506
-577
-637
-673
-685
-679
-644
-581
-507
-417
-311
-194
-70
52
164
270
368
439
492
522
521
499
459
397
324
243
160
87
25
-31
-72
-88
-95
-92
-81
-59
-35
-5
23
59
98
137
177
216
252
272
287
281
268
239
201
148
84
7
-76
-166
-266
-365
-458
-533
-591
-619
-621
-594
-544
-477
-393
-294
-190
-84
19
109
186
244
289
315
321
307
285
253
210
168
132
101
78
68
65
73
90
110
128
139
137
136
133
116
108
110
112
116
137
164
189
201
202
191
167
120
51
-34
-134
-236
-339
-429
-504
-558
-579
-567
-530
-468
-391
-310
-225
-141
-60
18
90
147
198
242
274
298
312
309