-9
-9
-9
-9
-9
-9
-10
-12
-15
-17
-19
-23
-25
-28
-30
-30
-30
-31
-30
-28
-26
-25
-22
-19
-16
-13
-8
-6
-2
1
5
8
12
14
19
22
24
29
33
38
40
44
46
49
51
53
53
55
57
57
60
61
61
60
61
57
54
51
48
42
36
28
23
17
10
3
-5
-10
-19
-24
-33
-39
-48
-56
-62
-69
-76
-83
-90
-94
-97
-98
-99
-100
-100
-99
-97
-95
-89
-84
-78
-73
-64
-56
-44
-37
-27
-17
-5
5
17
23
32
40
46
53
59
66
72
80
84
89
93
98
101
102
102
103
104
103
102
99
95
91
90
85
79
73
64
56
49
37
28
17
8
-2
-12
-22
-31
-41
-50
-58
-67
-74
-83
-91
-96
-99
-103
-107
-109
-112
-110
-111
-109
-110
-106
-102
-98
-94
-89
-83
-78
-69
-63
-54
-46
-35
-25
-14
-2
10
23
37
50
64
77
92
102
111
119
126
132
136
137
136
138
137
138
134
131
126
124
118
115
108
100
92
85
77
66
53
39
27
12
0
-17
-32
-50
-65
-81
-93
-109
-123
-136
-147
-155
-164
-172
-182
-192
-200
-208
-216
-222
-228
-234
-237
-239
-236
-230
-222
-210
-196
-181
-164
-144
-123
-102
-81
-61
-41
-17
5
32
57
84
112
140
171
201
231
260
289
315
341
362
379
392
402
406
408
406
402
396
382
366
348
328
303
276
244
214
179
147
108
73
30
-12
-55
-100
-141
-186
-223
-266
-299
-333
-354
-379
-399
-419
-434
-447
-454
-461
-466
-470
-473
-468
-462
-451
-439
-420
-405
-382
-362
-334
-313
-288
-260
-225
-185
-138
-89
-36
22
80
141
197
254
303
355
403
452
496
537
577
615
651
680
706
725
739
748
751
746
733
709
676
636
587
526
457
386
314
239
161
82
5
-72
-145
-217
-289
-365
-439
-512
-577
-641
-703
-762
-817
-863
-899
-922
-940
-949
-946
-931
-904
-869
-828
-785
-736
-685
-629
-574
-516
-461
-401
-337
-267
-196
-121
-41
40
120
200
277
350
421
482
542
597
655
712
771
830
888
949
1004
1055
1095
1124
1135
1130
1112
1076
1024
954
876
792
705
613
521
429
338
247
156
66
-19
-104
-190
-279
-367
-450
-526
-600
-668
-728
-778
-812
-833
-843
-838
-827
-811
-791
-769
-744
-725
-706
-695
-687
-684
-676
-668
-659
-647
-636
-620
-599
-566
-530
-492
-453
-412
-367
-312
-254
-193
-136
-73
-7
62
128
197
263
326
391
459
534
613
693
767
843
918
994
1058
1109
1141
1162
1167
1160
1141
1102
1049
986
920
852
784
703
617
525
441
361
281
195
101
10
-78
-151
-229
-300
-380
-448
-514
-560
-603
-641
-678
-713
-736
-746
-748
-750
-751
-754
-753
-752
-747
-746
-750
-760
-770
-779
-784
-788
-791
-798
-799
-792
-771
-748
-718
-688
-644
-581
-498
-415
-332
-249
-159
-58
35
128
208
294
378
467
551
639
723
809
895
986
1079
1165
1246
1311
1368
1413
1449
1456
1436
1392
1340
1280
1214
1128
1021
901
792
690
586
481
375
270
167
71
-16
-106
-205
-309
-412
-502
-587
-663
-741
-811
-873
-910
-933
-951
-968
-980
-981
-984
-983
-989
-995
-1007
-1015
-1022
-1023
-1023
-1020
-1013
-996
-967
-933
-900
-874
-840
-794
-734
-679
-624
-569
-494
-403
-301
-202
-105
-8
94
201
304
402
484
566
650
737
815
893
963
1035
1110
1195
1281
1356
1422
1479
1526
1557
1570
1552
1515
1455
1385
1304
1216
1111
994
869
748
636
523
414
294
177
61
-40
-140
-237
-341
-445
-545
-636
-718
-805
-889
-973
-1040
-1091
-1121
-1145
-1161
-1172
-1171
-1157
-1137
-1109
-1089
-1066
-1048
-1021
-994
-968
-954
-947
-937
-925
-907
-889
-860
-820
-764
-693
-612
-521
-422
-315
-208
-95
18
129
225
327
424
517
603
678
750
821
902
972
1033
1089
1153
1219
1293
1365
1425
1477
1526
1564
1586
1579
1538
1467
1383
1298
1207
1093
962
823
693
573
462
346
219
90
-30
-130
-234
-340
-467
-593
-704
-790
-873
-957
-1043
-1126
-1190
-1227
-1244
-1258
-1274
-1274
-1250
-1212
-1161
-1112
-1067
-1040
-1005
-963
-914
-880
-864
-867
-875
-861
-843
-819
-803
-772
-729
-662
-584
-491
-405
-324
-234
-144
-37
66
172
266
367
474
585
687
775
860
942
1025
1099
1169
1236
1307
1379
1447
1508
1568
1624
1664
1675
1661
1617
1556
1472
1381
1281
1169
1037
896
751
618
490
366
224
75
-62
-171
-280
-393
-517
-640
-751
-844
-927
-1005
-1078
-1143
-1191
-1231
-1244
-1247
-1250
-1256
-1244
-1219
-1171
-1127
-1084
-1047
-1004
-969
-947
-932
-921
-921
-926
-927
-919
-897
-856
-797
-729
-642
-534
-409
-288
-171
-63
36
132
228
312
390
464
546
631
725
819
908
990
1067
1142
1217
1292
1357
1399
1423
1449
1485
1517
1530
1505
1450
1389
1327
1263
1184
1078
950
812
679
554
425
293
145
3
-123
-226
-320
-420
-532
-637
-724
-793
-854
-919
-995
-1066
-1120
-1155
-1175
-1184
-1186
-1171
-1128
-1062
-980
-905
-835
-777
-718
-671
-640
-642
-656
-683
-697
-707
-699
-686
-668
-633
-574
-491
-400
-309
-235
-163
-97
-18
45
89
115
150
191
244
303
365
426
498
585
666
728
776
829
884
937
983
1023
1061
1115
1165
1216
1253
1274
1266
1250
1222
1195
1143
1055
942
816
688
560
443
305
168
34
-72
-162
-234
-320
-417
-510
-591
-654
-725
-793
-875
-955
-1028
-1063
-1079
-1079
-1074
-1050
-1011
-951
-866
-776
-700
-651
-609
-585
-564
-563
-586
-629
-668
-685
-684
-670
-644
-593
-517
-428
-346
-267
-195
-125
-72
-38
-14
10
43
83
137
202
290
385
493
600
698
788
863
929
983
1027
1055
1089
1109
1146
1200
1258
1296
1315
1320
1310
1284
1248
1178
1060
926
789
638
488
350
214
76
-41
-127
-212
-291
-383
-476
-588
-683
-770
-848
-927
-992
-1046
-1080
-1089
-1078
-1055
-1021
-963
-896
-822
-741
-669
-610
-568
-527
-501
-496
-505
-528
-562
-594
-602
-594
-584
-569
-537
-490
-415
-339
-281
-244
-208
-173
-146
-123
-105
-84
-67
-30
23
94
169
255
339
433
529
616
686
745
806
867
919
973
1035
1097
1168
1235
1289
1307
1317
1303
1271
1211
1136
1022
877
726
593
455
327
199
78
-37
-120
-188
-271
-359
-452
-533
-628
-687
-750
-804
-875
-907
-925
-917
-901
-877
-847
-797
-707
-626
-542
-484
-434
-421
-403
-413
-436
-493
-545
-595
-629
-643
-637
-621
-600
-562
-510
-445
-386
-345
-338
-329
-324
-300
-285
-252
-209
-137
-51
54
169
290
410
510
596
665
731
785
834
883
936
1006
1094
1203
1317
1421
1481
1526
1536
1513
1448
1354
1229
1073
905
738
574
418
284
154
37
-74
-174
-273
-388
-495
-605
-701
-796
-863
-921
-963
-990
-999
-989
-970
-932
-903
-863
-827
-764
-711
-644
-602
-561
-533
-497
-477
-477
-488
-508
-534
-563
-579
-575
-574
-570
-571
-561
-535
-485
-444
-425
-392
-335
-258
-195
-112
-43
36
115
202
270
348
438
518
593
674
773
864
957
1053
1145
1218
1291
1366
1434
1491
1537
1544
1509
1456
1404
1334
1233
1102
939
757
579
407
231
56
-89
-234
-371
-484
-571
-651
-736
-819
-905
-968
-998
-1013
-1044
-1067
-1068
-1054
-1034
-1012
-989
-959
-917
-861
-811
-765
-728
-686
-665
-638
-623
-604
-600
-596
-596
-575
-541
-494
-458
-425
-391
-342
-290
-250
-227
-206
-164
-108
-39
35
121
192
283
377
485
577
675
764
845
921
995
1061
1140
1203
1251
1298
1366
1425
1480
1533
1565
1553
1518
1472
1403
1304
1176
1021
823
637
440
261
72
-86
-247
-393
-528
-620
-714
-801
-884
-953
-1023
-1054
-1050
-1058
-1074
-1078
-1056
-1047
-1022
-1008
-994
-995
-958
-920
-861
-808
-741
-684
-620
-551
-490
-458
-468
-492
-523
-533
-552
-571
-602
-617
-593
-529
-440
-353
-265
-168
-64
40
142
209
239
248
270
297
338
393
460
538
648
767
886
1010
1126
1212
1275
1328
1378
1420
1457
1495
1519
1522
1510
1481
1434
1357
1242
1087
895
689
488
293
85
-89
-251
-382
-492
-547
-599
-656
-722
-776
-838
-875
-888
-926
-983
-1028
-1039
-1043
-1022
-1006
-997
-996
-966
-918
-859
-804
-742
-683
-605
-535
-477
-466
-485
-539
-579
-628
-657
-678
-676
-666
-617
-514
-395
-281
-179
-64
31
117
169
198
195
213
224
250
307
408
487
573
695
833
943
1034
1119
1181
1221
1266
1333
1405
1482
1567
1637
1657
1645
1592
1517
1395
1235
1011
769
524
277
34
-165
-305
-450
-564
-641
-660
-683
-698
-743
-800
-847
-871
-906
-966
-1019
-1079
-1124
-1167
-1165
-1164
-1137
-1110
-1037
-956
-841
-727
-604
-512
-410
-309
-239
-232
-283
-372
-464
-533
-600
-645
-687
-675
-633
-525
-372
-210
-95
23
130
208
251
269
252
213
175
150
166
224
303
386
521
677
848
1002
1150
1264
1378
1476
1534
1569
1627
1677
1690
1653
1588
1513
1444
1368
1272
1099
868
618
376
124
-127
-335
-523
-676
-777
-797
-787
-770
-784
-803
-835
-839
-848
-870
-934
-989
-1038
-1059
-1073
-1076
-1068
-1032
-991
-924
-859
-799
-767
-770
-784
-784
-779
-809
-831
-842
-818
-782
-721
-659
-587
-488
-372
-273
-204
-138
-84
-41
-6
16
37
90
206
332
462
587
745
885
1025
1153
1287
1363
1401
1428
1467
1521
1580
1646
1700
1780
1850
1887
1843
1774
1652
1509
1299
1061
779
492
185
-97
-346
-559
-738
-875
-950
-972
-949
-930
-934
-958
-960
-964
-967
-992
-1015
-1078
-1117
-1135
-1121
-1134
-1108
-1056
-985
-928
-847
-785
-742
-702
-674
-668
-699
-732
-790
-817
-827
-805
-773
-703
-612
-489
-341
-164
3
126
196
259
337
386
385
392
408
407
429
494
591
699
854
983
1100
1233
1382
1481
1546
1607
1634
1664
1716
1784
1785
1737
1665
1593
1480
1315
1085
812
514
227
-54
-335
-567
-732
-844
-926
-937
-887
-837
-837
-847
-868
-899
-934
-973
-1072
-1185
-1234
-1243
-1252
-1226
-1146
-1058
-939
-798
-668
-581
-495
-453
-472
-512
-574
-684
-845
-994
-1117
-1161
-1163
-1092
-997
-846
-654
-386
-127
102
277
409
487
526
537
496
442
430
453
457
516
636
811
979
1202
1397
1580
1703
1824
1879
1935
1945
1956
1961
2000
1959
1849
1735
1644
1501
1286
1044
743
437
124
-147
-421
-603
-786
-917
-1000
-981
-962
-946
-952
-952
-980
-1043
-1112
-1208
-1312
-1423
-1480
-1504
-1481
-1448
-1357
-1234
-1096
-947
-789
-654
-567
-530
-550
-609
-701
-905
-1218
-1476
-1533
-1540
-1536
-1476
-1303
-1086
-751
-350
6
289
562
763
871
965
998
940
842
815
773
780
860
992
1079
1203
1412
1682
1938
2124
2257
2348
2439
2473
2453
2381
2261
2038
1752
1515
1295
1030
708
426
122
-169
-413
-547
-705
-833
-981
-1035
-1025
-932
-911
-925
-942
-970
-1052
-1143
-1181
-1271
-1389
-1488
-1480
-1452
-1400
-1364
-1257
-1122
-960
-854
-788
-848
-945
-1084
-1247
-1442
-1638
-1878
-2083
-2146
-2027
-1825
-1555
-1204
-811
-395
68
491
758
876
934
956
960
983
979
988
1066
1225
1392
1603
1885
2178
2395
2565
2699
2766
2767
2744
2703
2634
2554
2401
2141
1847
1579
1332
1047
708
332
-54
-398
-670
-856
-1049
-1170
-1229
-1174
-1054
-851
-721
-692
-733
-788
-895
-1027
-1159
-1305
-1443
-1540
-1536
-1472
-1373
-1292
-1154
-1020
-911
-854
-839
-966
-1193
-1448
-1682
-1942
-2214
-2543
-2810
-2847
-2681
-2478
-2239
-1865
-1403
-921
-399
119
520
843
1110
1309
1444
1573
1630
1646
1679
1768
1859
2004
2226
2499
2755
2959
3147
3296
3379
3378
3373
3312
3175
2910
2493
1968
1514
1120
640
83
-442
-910
-1273
-1447
-1507
-1554
-1479
-1258
-960
-615
-219
-15
-32
-95
-194
-456
-772
-1018
-1292
-1548
-1641
-1546
-1446
-1301
-1113
-915
-795
-714
-774
-991
-1355
-1778
-2267
-2731
-3116
-3515
-3928
-4157
-4004
-3615
-3154
-2615
-1955
-1231
-460
284
865
1266
1558
1735
1826
1892
1906
1843
1814
1914
2081
2303
2570
2926
3247
3535
3718
3862
3882
3821
3681
3558
3400
3151
2717
2096
1504
1024
559
-67
-688
-1247
-1648
-1872
-1882
-1833
-1627
-1285
-848
-413
128
528
654
545
363
61
-323
-727
-1115
-1452
-1618
-1579
-1450
-1235
-1003
-780
-651
-603
-764
-1090
-1635
-2260
-2984
-3681
-4293
-4724
-5092
-5308
-5157
-4544
-3701
-2829
-1946
-1038
-100
758
1390
1700
1820
1812
1718
1590
1520
1436
1398
1515
1844
2233
2663
3093
3555
3942
4198
4248
4179
4028
3795
3521
3295
3103
2717
2106
1461
1043
678
198
-440
-1000
-1430
-1648
-1748
-1696
-1519
-1158
-771
-218
441
1001
1166
1101
948
688
248
-262
-721
-1113
-1362
-1479
-1397
-1229
-1025
-937
-856
-858
-1054
-1508
-2078
-2745
-3482
-4214
-4769
-5126
-5406
-5502
-5195
-4425
-3458
-2528
-1612
-620
342
1084
1562
1813
1860
1726
1475
1237
1046
874
772
907
1290
1758
2185
2662
3204
3703
3989
4142
4130
3982
3751
3554
3490
3421
3081
2349
1690
1276
942
318
-390
-1060
-1557
-1806
-1784
-1642
-1355
-884
-350
348
1149
1783
1862
1666
1341
870
167
-473
-1075
-1516
-1773
-1747
-1504
-1135
-836
-657
-568
-639
-980
-1625
-2396
-3279
-4163
-4905
-5305
-5500
-5520
-5383
-4759
-3674
-2419
-1415
-535
303
1018
1426
1535
1417
1108
723
302
28
-68
-37
37
374
957
1572
2103
2625
3132
3542
3756
3782
3720
3629
3480
3417
3579
3690
3279
2492
1906
1593
1139
346
-599
-1386
-1822
-1972
-1918
-1594
-931
-229
506
1495
2575
3078
2968
2501
1905
1104
152
-832
-1625
-2077
-2217
-2081
-1707
-1152
-791
-586
-539
-660
-1203
-2000
-2919
-3791
-4515
-4963
-5044
-4840
-4611
-4304
-3470
-2296
-1243
-571
-143
188
513
620
363
-30
-249
-438
-638
-558
-300
-189
-71
254
636
1042
1361
1628
2083
2761
3241
3505
3889
4321
4600
4828
5154
5168
4524
3209
1910
995
224
-982
-2305
-3086
-3249
-2945
-2301
-1299
-139
1171
2288
3393
4303
4651
4019
2903
1716
468
-883
-2023
-2749
-3064
-2804
-2193
-1386
-667
-185
-137
-234
-672
-1591
-2842
-3940
-4751
-5253
-5353
-4935
-4074
-2979
-1840
-798
275
1102
1411
1196
777
69
-771
-1590
-2173
-2543
-2643
-2503
-2035
-1243
-374
277
786
1379
1816
2058
2195
2397
2572
2919
3283
3722
4105
4513
4879
5369
5590
4774
3019
1378
195
-1031
-2460
-3903
-4728
-4728
-3833
-2570
-867
1114
3060
4488
5903
6873
6789
5498
3598
1505
-563
-2408
-3978
-4861
-4994
-4314
-3294
-1892
-757
-45
89
-6
-672
-1710
-2992
-4066
-4710
-4721
-4160
-3063
-1551
-118
1101
1946
2358
1913
906
-528
-1910
-3327
-4366
-5002
-4871
-4152
-2918
-1519
-31
1281
2203
2728
2763
2390
1639
935
505
545
845
1522
2565
4017
5335
6255
6663
6791
6577
5448
2900
-157
-2456
-3924
-5003
-5892
-6149
-5317
-3359
-836
1643
3927
5926
7175
7632
7667
6885
4928
2241
-456
-2768
-4470
-5586
-6053
-5740
-4677
-3177
-1670
-415
253
280
-99
-703
-1673
-2615
-3279
-3444
-3062
-2126
-966
254
1265
1852
1855
1314
351
-990
-2455
-3804
-4780
-5282
-4968
-4064
-2803
-1444
-25
1144
1994
2333
2169
1550
954
507
251
303
773
1631
2742
3998
5000
5653
5834
5665
5089
4556
3384
1136
-1626
-3383
-4068
-4198
-4477
-4504
-3629
-1706
595
2593
4383
5855
6749
6918
6903
6077
4281
1561
-1085
-3400
-5051
-6358
-6908
-6611
-5494
-3886
-2044
-364
601
964
918
731
41
-826
-1739
-2015
-1813
-1167
-469
428
1023
1263
992
187
-1269
-3067
-4612
-5533
-5817
-5668
-4803
-3219
-991
1039
2674
3726
4227
3834
2897
1479
-10
-1450
-2467
-2620
-1796
-344
1369
3246
5032
6587
7357
7327
6454
5197
3880
2264
-241
-2735
-4160
-4346
-3940
-3499
-2931
-1662
224
2107
3576
4682
5529
5705
5294
4741
3798
1964
-380
-2614
-4283
-5325
-5921
-5954
-5256
-4015
-2456
-935
266
880
940
621
185
-443
-1127
-1698
-1853
-1534
-1063
-520
28
304
100
-454
-1416
-2535
-3584
-4239
-4399
-4129
-3424
-2192
-625
954
2131
2665
2738
2291
1431
287
-871
-1813
-2096
-1717
-636
736
2253
3828
5305
6297
6644
6157
5170
4188
3343
2687
1483
-634
-2632
-3254
-3129
-2971
-3272
-3210
-2247
-501
1347
3012
4388
5552
6078
6070
5767
4543
2083
-932
-3557
-5560
-6848
-7619
-7365
-6201
-4219
-1987
210
1796
2564
2389
1829
1080
21
-1209
-2158
-2407
-2034
-1291
-508
218
501
442
-88
-1107
-2738
-4414
-5530
-5613
-5011
-3919
-2452
-497
1651
3382
4243
4290
3552
2250
751
-729
-1979
-2714
-2692
-1811
-213
1647
3537
5036
6167
6860
6886
6048
4885
3696
3030
1801
-489
-2892
-3956
-3974
-3644
-3906
-3726
-2457
-352
1729
3510
5039
6280
6691
6284
5563
3941
1374
-1809
-4511
-6434
-7389
-7789
-7036
-5511
-3327
-1132
964
2379
2940
2483
1693
770
-243
-1272
-1965
-2013
-1548
-834
-243
109
-155
-710
-1619
-2557
-3870
-5051
-5589
-4937
-3745
-2209
-709
1023
2658
3723
3777
3098
1892
492
-855
-1903
-2345
-2157
-1229
247
2131
3809
5133
5883
6254
6030
5300
4106
3150
2543
2404
1568
-379
-2507
-3540
-3670
-3598
-3937
-3948
-2693
-405
2104
4147
5778
6946
7252
6604
5363
3159
33
-3443
-6318
-8073
-8660
-8407
-7080
-4874
-2121
546
2707
3917
4073
3213
1949
626
-605
-1624
-2241
-2181
-1478
-572
115
402
-27
-832
-1854
-3070
-4634
-6138
-6905
-6192
-4399
-2220
-216
1755
3663
5077
5337
4426
2681
725
-974
-2216
-2948
-3017
-2362
-1013
897
2863
4543
5705
6442
6638
6317
5423
4365
3299
2757
1940
1
-2792
-4718
-5203
-4768
-4614
-4439
-3249
-742
2161
4521
6205
7298
7540
6712
5200
3018
179
-3211
-6093
-7872
-8369
-8055
-6730
-4625
-1987
450
2429
3686
4023
3290
1992
798
-104
-824
-1415
-1502
-1038
-360
15
-39
-811
-2058
-3381
-4436
-5253
-5930
-6195
-5266
-3121
-724
1265
2712
3852
4524
4256
2976
1168
-737
-2219
-3022
-3041
-2284
-954
777
2858
4683
5879
6281
6114
5566
4705
3538
2562
1935
1843
1910
837
-1467
-3536
-4312
-4168
-4128
-4449
-3831
-1704
1214
3795
5615
6801
7381
6863
5492
3457
649
-2753
-5869
-7872
-8570
-8322
-7121
-4913
-2116
643
2832
4301
4812
4181
2766
1377
199
-799
-1550
-1838
-1595
-1070
-699
-614
-1114
-2184
-3315
-4185
-4736
-5166
-5384
-4747
-2889
-651
1269
2687
3517
3789
3427
2362
792
-988
-2468
-3069
-2727
-1779
-561
924
2807
4530
5493
5665
5410
4894
4214
3281
2491
2114
2043
2363
2018
239
-2317
-4133
-4739
-4565
-4777
-4760
-3320
-471
2679
5089
6549
7430
7404
6277
4389
1828
-1343
-4619
-7118
-8262
-8158
-7251
-5388
-2868
-106
2239
3867
4662
4519
3404
1975
773
-156
-971
-1580
-1788
-1589
-1348
-1280
-1456
-2053
-2912
-3638
-4010
-4077
-3963
-3826
-3458
-2398
-756
930
2246
2723
2537
2207
1761
816
-492
-1557
-1836
-1362
-494
465
1379
2390
3290
3815
4054
4106
3988
3918
3896
3789
3627
3214
2971
2231
-81
-3369
-5769
-6501
-5973
-5439
-4796
-2794
452
3836
6318
7628
8065
7586
5961
3822
1193
-1970
-5197
-7453
-8275
-7935
-6939
-4961
-2266
448
2633
4096
4780
4553
3339
1849
701
-198
-974
-1572
-1833
-1725
-1578
-1586
-1782
-2379
-3372
-4202
-4369
-4188
-3984
-3514
-2537
-1094
586
1895
2679
2842
2343
1484
640
-317
-1294
-1939
-1729
-710
491
1472
2465
3500
4195
4124
3591
3053
2796
2513
2266
2242
2326
2287
2466
2234
309
-2875
-5406
-5910
-5081
-4345
-3797
-1994
1194
4527
6633
7441
7387
6544
4676
2467
67
-2618
-5389
-7171
-7555
-6882
-5703
-3863
-1580
722
2605
3936
4587
4341
3253
2026
1170
430
-481
-1466
-2115
-2415
-2576
-2827
-3096
-3587
-4097
-4185
-3495
-2705
-2147
-1483
-624
-163
108
388
871
1254
990
313
253
587
645
372
467
1151
1834
1928
1814
1651
1273
754
444
638
1236
1886
2701
3807
4483
4557
4117
3746
2197
-1170
-4974
-6722
-6479
-5346
-4567
-3222
-369
3122
5676
7040
7325
6760
5235
3102
1157
-961
-3460
-5736
-6698
-6471
-5533
-4448
-2745
-740
1307
2917
3987
4245
3789
2814
1909
946
-261
-1629
-2681
-3325
-3649
-3848
-3752
-3504
-3410
-3419
-3037
-2297
-1708
-1263
-616
164
822
1266
1552
1721
1387
570
-4
-64
-147
-416
-411
244
1026
1367
1193
1176
1324
1468
1479
1814
2255
2742
3235
3660
3942
3703
3092
2694
1732
-1060
-4430
-6358
-6031
-4679
-3750
-2760
-490
2412
4931
6256
6573
6102
4912
3272
1886
266
-1967
-4266
-5549
-5631
-5287
-4757
-3545
-1761
173
1882
3209
3990
3909
3113
2189
1231
-111
-1685
-3088
-3894
-4198
-4187
-3803
-3123
-2601
-2177
-1497
-616
-168
-201
-178
86
-67
-800
-1456
-1327
-790
-378
-196
293
1172
1859
2012
2012
1861
1472
826
317
109
102
221
645
1385
2249
3097
3736
4172
4087
3552
2853
2443
1331
-1367
-4749
-6601
-6272
-4751
-3585
-2584
-631
2331
5092
6784
7158
6727
5654
4160
2606
668
-1903
-4532
-6176
-6726
-6451
-5793
-4410
-2423
-43
2184
3935
4790
4643
3602
2307
796
-892
-2529
-3652
-4136
-4051
-3631
-2915
-2153
-1735
-1681
-1628
-1446
-1481
-1676
-1615
-1210
-863
-503
20
737
1192
1228
1243
1537
1718
1457
924
588
484
254
-94
-134
332
1130
1940
2647
3126
3424
3502
3385
2937
2247
1516
1257
1270
-39
-2826
-5258
-5627
-4294
-2942
-2269
-1099
1328
4105
6042
6771
6643
6004
4612
2944
1075
-1209
-4008
-6255
-7314
-7216
-6492
-5123
-3061
-412
2206
4227
5205
5107
3985
2391
691
-1026
-2504
-3470
-3812
-3674
-3242
-2725
-2123
-1797
-1849
-2043
-1991
-1777
-1546
-1264
-673
-271
-517
-890
-555
324
1100
1415
1600
2165
2734
2557
1737
882
146
-422
-866
-868
-537
102
853
1763
2507
2940
3007
3100
3236
3217
2900
2600
2556
1310
-1641
-4707
-5770
-5118
-3913
-3147
-1715
801
3708
5725
6934
7023
6334
4569
2702
786
-1360
-4251
-6497
-7370
-6885
-5911
-4410
-2277
303
2676
4346
4986
4487
3167
1577
217
-1165
-2459
-3279
-3287
-3135
-3110
-3163
-2868
-2627
-2757
-2939
-2548
-1869
-1305
-851
-182
495
760
776
1038
1546
1740
1553
1343
1442
1433
864
-15
-693
-1046
-1241
-1282
-899
-22
1113
2206
3100
3615
3814
3667
3416
3089
2624
2076
1802
1735
457
-2361
-4971
-5485
-4321
-2922
-2018
-586
1779
4267
5753
6253
5783
4781
3085
1498
52
-1704
-3948
-5540
-5910
-5388
-4592
-3392
-1513
609
2422
3633
3984
3322
2060
843
-83
-1204
-2374
-3049
-3091
-3152
-3435
-3641
-3320
-2906
-2681
-2280
-1348
-261
350
619
874
822
184
-585
-744
-85
679
1100
1397
1785
1826
1333
285
-633
-1253
-1443
-1312
-834
8
1128
2200
2986
3536
3806
3895
3725
3360
2806
2302
1894
1896
1088
-1262
-4319
-5730
-5045
-3396
-2403
-1498
297
2883
4946
5856
5740
5056
3869
2398
1105
-378
-2315
-4260
-5257
-5256
-4609
-3867
-2723
-1197
669
2285
3125
2855
1982
1106
454
-539
-1925
-3047
-3452
-3453
-3451
-3343
-2861
-2102
-1540
-969
-323
345
384
-183
-761
-892
-965
-883
-497
351
1313
1954
2039
1820
1193
364
-453
-1121
-1501
-1557
-1085
-99
1131
2154
3052
3824
4230
4095
3546
2921
2306
1727
1107
743
1034
941
-864
-3530
-4892
-4019
-2422
-1526
-1010
558
2775
4511
5092
4869
4389
3614
2478
1326
93
-1641
-3516
-4815
-5274
-5128
-4501
-3358
-1737
49
1842
2975
2968
1979
922
218
-589
-1857
-2970
-3260
-2886
-2446
-2176
-1789
-1307
-1011
-911
-751
-521
-548
-850
-1119
-1218
-1308
-1285
-796
218
1239
1868
2142
2047
1410
511
-318
-768
-804
-463
186
929
1611
2046
2416
2514
2390
2052
1835
1834
1947
1972
1965
1948
2110
2196
956
-1812
-4150
-4401
-3063
-1771
-1279
-346
1518
3598
4530
4504
3977
3542
2616
1535
331
-1000
-2729
-4203
-5054
-5144
-4617
-3560
-2109
-546
1048
2301
2777
2118
937
-62
-570
-1246
-2066
-2593
-2379
-1856
-1412
-1306
-1282
-1328
-1376
-1339
-1298
-1220
-1379
-1667
-1729
-1418
-976
-186
792
1687
2273
2474
2056
1289
390
-179
-423
-265
184
721
1100
1375
1457
1514
1484
1231
1002
1255
1866
2432
2481
2214
2077
2239
2486
1639
-690
-3039
-3565
-2515
-1260
-908
-595
544
2054
2798
2762
2476
2447
2218
1662
975
137
-1102
-2613
-3885
-4581
-4378
-3561
-2281
-1097
58
1137
1897
1702
684
-380
-778
-861
-1147
-1560
-1660
-1425
-1120
-1060
-1225
-1509
-1809
-1918
-1750
-1483
-1376
-1289
-1217
-1154
-896
-248
732
1745
2311
2307
2048
1672
1087
449
-40
-139
83
525
765
770
698
783
837
882
1028
1427
2048
2499
2645
2599
2528
2408
2501
2019
276
-2133
-3220
-2530
-1342
-1047
-1121
-474
784
1609
1629
1532
1887
2252
2111
1650
934
-62
-1392
-2698
-3821
-4242
-3774
-2598
-1530
-712
112
1006
1356
767
-220
-769
-848
-914
-1102
-1282
-1269
-1074
-895
-883
-1100
-1500
-1747
-1644
-1611
-2003
-2390
-2117
-1247
-269
465
1131
1934
2626
2593
1980
1219
682
287
2
-241
-339
-86
325
617
713
975
1263
1548
1643
1754
1990
2398
2511
2285
1946
1913
2311
2233
626
-1759
-2937
-2268
-1143
-943
-1293
-1079
-26
853
1150
1218
1765
2428
2685
2300
1393
164
-1091
-2264
-3384
-4008
-3585
-2289
-1046
-474
-223
137
429
220
-474
-1026
-1100
-831
-574
-485
-669
-851
-812
-617
-663
-1148
-1710
-1891
-1765
-1749
-1843
-1732
-1218
-641
-193
243
951
1661
1984
1697
1169
765
644
567
465
425
631
904
968
697
369
344
504
820
1074
1541
1994
2504
2753
2768
2528
2459
2653
1893
-289
-2484
-2837
-1873
-1264
-1642
-1943
-1148
241
960
1001
1171
2122
2862
2903
1966
707
-469
-1228
-2067
-3144
-3629
-2912
-1434
-504
-406
-624
-589
-482
-588
-959
-1210
-1167
-693
-56
266
-18
-484
-569
-410
-591
-1343
-2101
-2387
-2294
-2207
-2180
-1906
-1210
-239
750
1521
1805
1744
1655
1619
1279
792
479
555
752
779
476
196
339
813
1131
1149
1190
1507
2011
2193
1943
1685
1833
2106
2367
2350
1167
-985
-2513
-2282
-1361
-1046
-1343
-1271
-314
640
725
332
640
1669
2405
2343
1490
406
-448
-925
-1720
-2742
-3104
-2246
-921
-235
-456
-949
-1116
-995
-919
-1032
-1109
-941
-443
84
152
-283
-652
-522
-271
-509
-1152
-1672
-1918
-2052
-2182
-2260
-2067
-1446
-580
341
1121
1478
1505
1552
1680
1537
1190
955
930
995
1000
730
353
399
659
814
872
1051
1349
1771
1987
1820
1694
1868
2058
2275
2131
833
-1298
-2340
-1769
-903
-738
-995
-744
193
911
517
-42
299
1257
1838
1787
1035
81
-471
-646
-1193
-1987
-2305
-1738
-793
-316
-549
-1017
-1215
-1250
-1190
-1086
-978
-873
-611
-276
-261
-539
-696
-398
36
-27
-588
-1153
-1475
-1699
-1864
-2112
-2424
-2334
-1462
-205
769
1120
1102
1326
1918
2042
1484
1048
1295
1694
1711
1110
269
-46
265
460
167
117
597
1442
2065
2114
1701
1634
2009
2369
2325
1287
-701
-1987
-1417
-400
-523
-1122
-1002
-16
759
486
-451
-532
630
1646
1690
945
74
-407
-213
-416
-1353
-2004
-1474
-502
-64
-420
-1059
-1349
-1203
-1115
-1235
-1303
-1163
-867
-425
-318
-614
-759
-308
314
416
-130
-833
-1211
-1602
-2167
-2583
-2333
-1691
-985
-332
287
807
1123
1135
1116
1299
1541
1558
1551
1482
1235
909
629
337
256
533
765
874
1043
1277
1437
1662
1710
1556
1549
1835
1883
966
-734
-1983
-1582
-306
258
-146
-386
-9
373
103
-607
-867
-9
1224
1808
1329
424
-311
-472
-617
-1175
-1685
-1412
-593
-105
-196
-724
-1247
-1425
-1186
-1019
-1063
-1133
-949
-564
-321
-530
-814
-599
-29
225
-124
-750
-1278
-1570
-1633
-1582
-1535
-1309
-771
-191
-23
-225
-312
97
819
1342
1436
1391
1645
1952
1868
1405
1043
882
838
717
436
148
181
504
876
1164
1415
1641
1810
1993
2104
1814
585
-963
-1572
-791
85
125
-408
-562
-279
-63
-470
-823
-359
925
1797
1788
937
-60
-741
-929
-1114
-1398
-1318
-686
16
264
-39
-702
-1211
-1350
-1234
-1219
-1255
-1262
-1065
-773
-593
-726
-838
-613
-204
-95
-435
-1083
-1660
-1836
-1600
-1359
-1251
-1072
-615
27
465
395
155
393
1150
1716
1709
1449
1369
1465
1424
1041
578
501
823
1087
1031
930
1021
1400
1651
1560
1242
1257
1563
1596
630
-894
-1640
-892
253
536
36
-207
26
223
-127
-710
-749
120
1098
1295
701
-158
-760
-971
-934
-942
-802
-347
244
445
197
-397
-1057
-1417
-1313
-1100
-1104
-1202
-1179
-1000
-838
-816
-867
-753
-459
-318
-540
-1004
-1472
-1671
-1478
-1081
-875
-849
-692
-262
182
360
265
282
742
1371
1628
1421
1182
1196
1291
1150
842
658
749
893
956
967
1054
1201
1341
1392
1264
1102
1101
1099
539
-434
-971
-545
292
696
528
296
327
352
68
-323
-394
-93
304
467
242
-288
-794
-999
-931
-707
-294
256
668
694
335
-187
-677
-1053
-1208
-1139
-1031
-1083
-1223
-1331
-1361
-1325
-1195
-1001
-798
-680
-704
-826
-963
-1091
-1165
-994
-622
-313
-192
-157
-112
3
162
249
331
564
882
1035
994
932
879
754
586
499
526
610
653
713
842
942
957
967
1018
1084
1157
1152
925
489
242
411
842
1151
1167
1025
941
847
551
170
-33
-45
-66
-83
-94
-191
-453
-693
-813
-704
-392
-20
157
123
-12
-192
-461
-824
-1162
-1342
-1301
-1232
-1269
-1402
-1453
-1392
-1242
-1113
-1035
-1009
-1003
-1024
-1044
-1074
-1067
-999
-831
-607
-433
-352
-290
-219
-180
-86
121
386
602
744
750
613
483
429
404
375
451
650
840
971
1051
1107
1157
1184
1181
1225
1283
1237
1061
903
907
1081
1320
1445
1383
1264
1281
1387
1352
1078
674
343
131
-30
-209
-386
-549
-649
-647
-524
-382
-281
-253
-273
-344
-464
-615
-774
-928
-1087
-1239
-1371
-1497
-1632
-1680
-1613
-1491
-1408
-1360
-1366
-1443
-1552
-1566
-1454
-1244
-1009
-817
-644
-493
-439
-513
-582
-551
-387
-54
364
662
731
667
585
529
547
638
806
1037
1306
1506
1554
1498
1450
1504
1591
1581
1388
1168
1092
1211
1378
1392
1164
832
705
870
1159
1336
1325
1150
904
637
333
-73
-526
-849
-891
-722
-515
-399
-343
-346
-426
-531
-558
-487
-444
-494
-607
-731
-962
-1278
-1546
-1620
-1551
-1449
-1375
-1343
-1395
-1528
-1642
-1675
-1644
-1600
-1494
-1261
-922
-630
-480
-494
-508
-450
-329
-227
-73
179
486
716
798
750
668
653
697
814
969
1129
1242
1388
1518
1559
1564
1642
1658
1493
1290
1253
1376
1459
1372
1090
740
480
412
503
679
800
811
793
794
661
295
-205
-580
-737
-680
-496
-309
-272
-356
-420
-467
-551
-673
-703
-647
-575
-636
-810
-1044
-1212
-1302
-1301
-1249
-1283
-1422
-1568
-1633
-1727
-1898
-2057
-2033
-1779
-1418
-1087
-850
-661
-556
-533
-534
-436
-246
-7
235
478
769
1065
1279
1311
1238
1190
1283
1442
1623
1798
1963
2047
1980
1739
1446
1338
1509
1765
1769
1486
1135
937
836
725
517
267
50
12
124
220
184
94
52
72
85
-14
-231
-457
-609
-681
-699
-611
-465
-369
-347
-417
-618
-957
-1233
-1322
-1218
-1089
-1019
-1055
-1159
-1287
-1401
-1481
-1581
-1736
-1846
-1826
-1720
-1627
-1551
-1441
-1292
-1125
-945
-742
-508
-295
-152
-30
131
357
593
860
1173
1541
1876
2086
2133
2075
2017
1935
1777
1578
1521
1689
1944
2058
1924
1582
1228
1023
973
956
864
694
477
279
83
-182
-502
-738
-800
-653
-360
-81
5
-90
-191
-256
-386
-537
-574
-449
-283
-209
-306
-541
-800
-986
-1081
-1160
-1258
-1327
-1300
-1232
-1215
-1285
-1376
-1402
-1333
-1243
-1202
-1192
-1225
-1294
-1344
-1305
-1192
-1015
-765
-485
-287
-191
-159
-124
1
286
679
1072
1387
1622
1839
2062
2190
2128
1967
1908
1985
2079
2064
1885
1610
1421
1411
1435
1388
1252
1055
809
606
450
259
30
-139
-244
-337
-405
-466
-596
-795
-942
-927
-757
-572
-450
-380
-288
-253
-348
-577
-790
-848
-781
-712
-749
-844
-981
-1122
-1254
-1356
-1507
-1618
-1550
-1269
-984
-850
-897
-994
-1050
-1044
-980
-887
-800
-698
-518
-326
-209
-192
-138
24
288
553
762
904
1055
1261
1431
1459
1393
1427
1690
2083
2328
2260
1982
1692
1474
1310
1209
1131
1064
1030
1014
894
589
214
-59
-149
-107
25
117
125
33
-145
-405
-650
-762
-749
-672
-617
-632
-747
-893
-992
-1020
-971
-877
-786
-769
-860
-1031
-1211
-1345
-1421
-1419
-1350
-1249
-1153
-1097
-1114
-1175
-1142
-955
-675
-399
-132
47
41
-133
-305
-329
-189
88
423
732
955
1131
1174
1027
734
563
675
1036
1366
1476
1374
1260
1235
1291
1350
1360
1343
1349
1356
1249
977
620
356
246
318
482
623
599
410
113
-165
-375
-456
-402
-247
-72
-22
-166
-477
-799
-1036
-1172
-1257
-1295
-1283
-1257
-1262
-1311
-1370
-1375
-1291
-1169
-1093
-1070
-1055
-1006
-944
-902
-851
-732
-526
-276
-83
3
46
161
379
648
851
953
986
990
894
731
575
546
649
879
1095
1148
987
764
620
569
550
535
519
533
594
622
559
415
287
261
351
476
540
479
357
248
197
145
145
196
253
210
62
-182
-499
-786
-918
-856
-704
-540
-441
-466
-665
-951
-1206
-1340
-1347
-1273
-1249
-1315
-1359
-1282
-1145
-993
-788
-554
-335
-140
-34
-89
-179
-103
149
464
728
857
925
993
1075
1071
1078
1132
1289
1470
1542
1298
823
381
158
193
329
425
391
387
368
227
-63
-322
-459
-431
-256
-67
-9
-51
-77
-81
-70
-15
98
226
319
312
192
-17
-220
-330
-258
-73
57
20
-164
-465
-815
-1116
-1312
-1337
-1192
-949
-748
-629
-610
-678
-777
-801
-728
-587
-439
-308
-228
-183
-100
78
322
593
852
1063
1141
1036
844
712
773
970
1121
1072
923
825
805
777
731
680
642
594
510
326
50
-268
-531
-642
-589
-454
-362
-331
-330
-328
-351
-413
-466
-436
-340
-262
-248
-292
-363
-388
-331
-242
-179
-156
-198
-299
-399
-452
-475
-460
-378
-243
-137
-110
-199
-353
-483
-531
-475
-326
-164
-2
185
349
432
471
522
589
700
810
797
622
479
470
586
742
817
759
695
732
761
676
495
298
156
136
173
114
-40
-196
-284
-341
-343
-342
-340
-355
-388
-496
-626
-708
-721
-682
-646
-647
-706
-751
-763
-694
-590
-525
-542
-546
-507
-491
-512
-523
-479
-371
-213
-91
-30
31
111
151
178
255
387
553
748
917
1020
1077
1083
1008
906
844
789
706
595
550
589
714
758
656
430
261
183
180
143
30
-120
-196
-191
-207
-278
-378
-419
-392
-288
-233
-278
-427
-554
-643
-655
-628
-573
-524
-492
-526
-639
-758
-807
-763
-698
-653
-657
-620
-549
-513
-592
-720
-794
-700
-483
-274
-153
-37
128
299
414
474
495
563
720
926
1105
1232
1322
1391
1461
1482
1388
1210
1072
1043
1146
1284
1282
1080
801
583
418
220
13
-151
-227
-263
-323
-468
-631
-751
-812
-872
-911
-908
-877
-863
-892
-964
-1032
-1024
-940
-852
-831
-839
-809
-742
-723
-761
-810
-811
-751
-666
-623
-660
-714
-717
-656
-573
-464
-366
-234
-48
183
363
467
531
625
705
785
889
1043
1194
1335
1494
1623
1668
1593
1507
1460
1492
1486
1406
1237
1096
1017
976
893
751
568
389
269
154
-27
-218
-344
-446
-576
-668
-749
-862
-1025
-1165
-1284
-1362
-1397
-1414
-1422
-1396
-1329
-1290
-1322
-1402
-1444
-1400
-1231
-1024
-871
-822
-778
-735
-688
-659
-571
-374
-114
136
314
415
454
479
532
633
778
936
1076
1198
1276
1350
1381
1406
1419
1478
1547
1622
1617
1486
1252
1017
874
808
812
801
774
697
599
410
164
-96
-285
-410
-457
-477
-509
-592
-717
-864
-1018
-1150
-1240
-1277
-1259
-1222
-1210
-1257
-1340
-1421
-1456
-1444
-1430
-1430
-1407
-1354
-1289
-1203
-1076
-931
-751
-562
-362
-170
8
166
321
513
689
884
1075
1282
1414
1502
1530
1542
1535
1527
1540
1600
1699
1688
1559
1338
1184
1069
1023
953
855
753
690
614
478
304
140
6
-132
-248
-357
-457
-610
-782
-966
-1111
-1184
-1134
-1029
-949
-1010
-1215
-1455
-1562
-1538
-1436
-1327
-1224
-1152
-1076
-1010
-1009
-1039
-991
-811
-563
-303
-97
50
121
186
253
370
511
680
830
969
1071
1115
1118
1096
1129
1207
1302
1308
1260
1180
1142
1091
1031
943
887
848
810
674
491
314
204
130
76
9
-105
-223
-362
-508
-670
-777
-856
-884
-915
-940
-998
-1055
-1132
-1183
-1167
-1082
-1005
-975
-987
-1003
-1010
-992
-925
-778
-569
-328
-91
64
115
129
211
370
556
731
897
1029
1112
1103
998
874
858
920
1014
1079
1097
1015
883
690
469
308
325
399
377
198
-67
-264
-285
-188
-168
-236
-326
-392
-462
-550
-702
-830
-828
-725
-645
-607
-598
-658
-770
-877
-940
-901
-737
-542
-434
-432
-477
-497
-434
-307
-167
-28
83
172
245
322
392
494
659
844
994
1076
1102
1065
1002
912
843
819
865
906
906
861
775
670
539
432
331
241
142
42
-93
-260
-411
-500
-523
-544
-579
-605
-607
-615
-658
-718
-774
-803
-839
-919
-1018
-1064
-1039
-976
-917
-880
-849
-787
-666
-545
-456
-383
-273
-132
36
197
312
383
485
624
763
881
979
1074
1176
1273
1327
1337
1303
1258
1199
1118
1013
904
777
656
552
491
415
324
208
90
-45
-162
-302
-458
-607
-709
-788
-859
-947
-1053
-1136
-1137
-1070
-1023
-1023
-1071
-1129
-1188
-1209
-1196
-1130
-1026
-873
-700
-529
-414
-351
-301
-182
16
251
481
675
807
860
870
876
917
996
1102
1202
1256
1251
1233
1212
1149
1048
964
948
985
1025
971
838
667
497
293
94
-95
-245
-357
-429
-525
-665
-829
-952
-998
-999
-1031
-1105
-1156
-1193
-1233
-1284
-1328
-1353
-1305
-1219
-1115
-1008
-865
-734
-625
-573
-536
-458
-291
-78
97
229
345
494
669
840
966
1059
1130
1196
1270
1339
1372
1390
1400
1403
1382
1340
1275
1212
1167
1101
998
863
738
592
426
208
-26
-239
-419
-582
-732
-855
-956
-1052
-1141
-1227
-1326
-1397
-1401
-1364
-1316
-1280
-1245
-1218
-1197
-1173
-1136
-1059
-928
-737
-535
-356
-208
-79
40
186
347
486
595
716
840
946
1006
1041
1049
1068
1093
1107
1091
1077
1038
979
907
852
770
681
600
523
435
333
242
154
75
-14
-122
-243
-337
-408
-460
-511
-562
-643
-737
-830
-908
-972
-982
-929
-843
-774
-739
-746
-772
-791
-779
-737
-673
-583
-461
-325
-209
-119
-24
91
226
373
520
647
753
839
903
949
978
994
984
978
976
975
942
878
777
675
582
494
395
291
177
54
-66
-179
-286
-383
-476
-584
-699
-803
-883
-940
-965
-973
-982
-991
-995
-987
-958
-904
-841
-772
-686
-564
-420
-286
-185
-104
-11
123
274
405
510
595
661
700
729
769
836
935
1026
1071
1045
982
911
855
802
756
708
655
591
506
404
305
215
127
33
-59
-138
-216
-286
-363
-458
-566
-651
-717
-760
-804
-855
-918
-978
-999
-976
-925
-872
-826
-799
-760
-695
-604
-514
-430
-340
-241
-129
-30
53
110
167
232
311
382
448
515
584
657
718
764
788
809
830
866
919
956
948
906
859
820
789
741
670
569
444
303
174
72
-16
-100
-170
-215
-253
-311
-416
-555
-694
-792
-836
-841
-825
-835
-870
-905
-921
-914
-882
-822
-746
-670
-597
-519
-448
-377
-300
-209
-104
14
119
204
284
350
397
434
468
496
515
535
541
561
571
563
513
469
418
367
307
254
202
149
82
8
-38
-61
-61
-63
-68
-103
-138
-158
-149
-131
-100
-62
-21
11
17
0
-23
-33
-34
-36
-49
-60
-70
-79
-93
-102
-103
-72
-6
72
125
143
124
79
40
28
45
82
130
159
160
132
88
42
17
10
12
13
15
0
-31
-77
-126
-169
-188
-200
-210
-223
-244
-277
-310
-329
-341
-337
-306
-251
-195
-159
-141
-131
-92
-18
67
124
138
123
122
161
225
287
322
322
296
272
248
232
227
240
258
284
321
343
333
290
249
228
228
227
203
166
132
108
77
37
-10
-43
-53
-51
-76
-132
-200
-252
-297
-346
-398
-439
-459
-470
-472
-481
-491
-507
-521
-526
-514
-473
-402
-321
-252
-203
-167
-109
-27
66
146
219
284
354
417
463
473
464
448
444
448
460
477
485
458
381
280
183
101
28
-33
-79
-118
-157
-200
-249
-302
-349
-382
-405
-401
-368
-326
-288
-245
-186
-115
-18
80
137
148
147
146
162
200
237
248
246
244
235
218
208
206
214
233
250
240
191
137
92
72
69
81
83
85
63
11
-58
-102
-112
-93
-65
-35
-32
-60
-107
-173
-235
-280
-294
-303
-308
-335
-368
-418
-464
-504
-524
-523
-488
-430
-369
-326
-300
-291
-279
-255
-195
-105
0
89
151
184
200
228
273
341
403
456
497
546
586
632
662
681
690
703
714
701
660
595
537
499
484
448
382
293
200
115
42
-27
-92
-154
-218
-290
-364
-440
-512
-582
-644
-688
-718
-723
-725
-724
-750
-776
-790
-762
-698
-608
-522
-451
-402
-361
-308
-243
-165
-83
1
75
145
200
238
259
277
302
344
401
464
522
554
557
526
493
471
469
482
503
503
483
438
378
316
263
229
194
162
122
81
36
1
-31
-45
-39
-25
-27
-52
-91
-145
-189
-207
-207
-209
-222
-253
-294
-325
-341
-340
-329
-313
-298
-284
-280
-286
-296
-293
-278
-247
-208
-168
-148
-156
-178
-198
-196
-160
-90
-20
28
43
35
21
34
75
135
192
238
257
261
260
251
233
227
237
271
309
332
317
276
230
200
195
207
217
219
203
170
121
71
28
2
-17
-38
-65
-94
-119
-139
-149
-159
-168
-165
-149
-136
-127
-128
-131
-132
-115
-94
-80
-82
-88
-99
-105
-104
-100
-95
-85
-69
-52
-40
-33
-36
-40
-40
-31
-10
14
31
25
8
-17
-24
-13
11
35
48
50
55
70
81
91
98
119
146
176
183
162
123
87
64