11
7
1
5
21
20
16
10
6
3
6
4
-2
-3
-5
4
8
6
6
2
13
21
20
9
-7
-1
-3
-23
-27
-26
-15
-5
-4
-9
-10
0
8
-11
-36
-47
-43
-38
-37
-36
-35
-11
9
11
2
10
13
-3
-28
-28
-27
-19
8
25
29
32
28
20
16
7
10
-3
1
0
-6
-3
5
24
34
33
20
18
20
7
-7
-35
-52
-34
-14
3
13
21
22
22
28
18
20
10
-13
-28
-25
-16
14
30
31
47
69
63
26
-14
-43
-52
-48
-45
-34
-1
6
5
-4
-23
-30
-41
-58
-84
-123
-133
-116
-89
-55
-27
-2
17
12
-10
-24
-31
-57
-83
-75
-44
3
61
84
104
118
91
55
3
-28
-18
7
38
66
101
122
87
40
35
64
112
132
154
151
153
156
118
128
184
233
221
242
290
387
376
340
194
86
-89
-650
-1253
-1749
-1310
0
1617
2745
2819
1938
545
-955
-1970
-2634
-2890
-2929
-2647
-1495
365
2307
3549
3439
2094
-183
-2566
-4443
-4820
-3806
-1999
-446
696
1448
2355
3093
3082
1963
471
-662
-1205
-1013
-692
-83
468
1111
1508
1632
1550
1483
1298
1054
444
-204
-672
-721
-393
-209
-178
-134
201
798
1055
703
104
-278
-421
-493
-812
-1083
-901
-342
97
237
204
153
65
-343
-918
-1417
-1396
-1240
-1062
-867
-441
27
417
429
31
-475
-849
-1169
-1343
-1007
-416
330
886
1082
983
753
511
199
-157
-13
418
1004
1559
1788
1904
1709
1265
891
635
652
762
921
1035
975
884
485
-6
-352
-663
-747
-813
-714
-836
-1198
-1695
-2192
-2533
-2555
-2294
-1909
-1513
-1175
-982
-985
-1001
-1183
-1370
-1541
-1405
-847
-66
636
1168
1492
1593
1480
1199
1050
1178
1760
2353
2801
3121
3319
3115
2327
1242
381
140
495
934
1317
1664
1761
1602
962
-32
-1115
-2069
-2634
-2632
-2211
-1606
-1207
-1216
-1444
-1793
-2085
-2362
-2446
-2277
-1815
-1113
-505
-130
-207
-687
-1365
-1835
-1892
-1522
-974
-345
332
877
1098
913
487
113
127
566
1273
2057
2731
3159
3481
3665
3449
2802
1748
959
725
1140
1717
2101
2202
2120
1824
1251
395
-608
-1574
-2305
-2514
-2308
-1821
-1522
-1533
-1757
-1892
-2083
-2397
-2801
-3024
-2816
-2260
-1658
-1326
-1273
-1298
-1279
-1224
-1067
-969
-954
-908
-710
-421
-216
-133
-83
222
798
1474
2099
2599
3018
3279
3448
3521
3656
3643
3404
2667
1805
1191
1246
1579
1905
1993
1979
1932
1726
1246
373
-730
-1860
-2687
-3179
-3247
-3081
-2780
-2430
-2006
-1655
-1662
-2021
-2558
-3077
-3328
-3234
-2867
-2423
-1905
-1303
-726
-303
-151
-367
-757
-1110
-1183
-973
-617
-156
358
974
1658
2252
2601
2888
3060
3301
3435
3622
3874
4030
3842
3099
2255
1645
1569
1620
1705
1789
2066
2312
2342
1874
865
-520
-1939
-3079
-3831
-4052
-3960
-3593
-3072
-2289
-1666
-1474
-1834
-2532
-3339
-3873
-4010
-3764
-3277
-2584
-1653
-622
294
739
600
25
-573
-980
-1148
-1135
-843
-215
797
1917
2897
3463
3726
3677
3529
3272
3076
3024
2996
2945
2495
2202
2000
2203
2201
2145
2010
2034
2102
1999
1599
723
-239
-1366
-2267
-3066
-3397
-3635
-3631
-3383
-2764
-2214
-1982
-2088
-2442
-2820
-3157
-3307
-3435
-3274
-2895
-2215
-1504
-673
-79
164
127
28
-123
-434
-691
-826
-558
89
1025
1888
2599
3128
3467
3599
3615
3578
3446
3293
3095
2635
2151
1818
1892
2054
2228
2425
2598
2712
2528
2082
1249
175
-1057
-2239
-3136
-3615
-3731
-3638
-3284
-2711
-2086
-1790
-1831
-2260
-2770
-3321
-3664
-3888
-3740
-3328
-2616
-1789
-890
-148
178
310
212
62
-272
-525
-757
-710
-289
466
1393
2239
3034
3549
3819
3913
3781
3605
3330
3100
2538
1967
1628
1693
2018
2240
2509
2620
2813
2660
2234
1427
373
-767
-1954
-2800
-3395
-3573
-3640
-3394
-2933
-2343
-2018
-1881
-2096
-2444
-2953
-3320
-3663
-3769
-3591
-3083
-2234
-1313
-403
104
472
571
591
280
-71
-502
-692
-574
-36
762
1636
2464
3227
3812
4108
4150
3933
3760
3336
2888
1925
1378
976
1311
1596
2074
2485
2840
3099
2834
2406
1216
-48
-1673
-2775
-3720
-4052
-4169
-3870
-3208
-2336
-1604
-1370
-1459
-1923
-2515
-3211
-3698
-4042
-4023
-3679
-2864
-1864
-799
-25
503
781
849
680
219
-251
-655
-709
-547
-63
570
1445
2413
3341
4074
4448
4443
4170
3808
3275
2432
1452
777
677
1149
1688
2314
2851
3360
3567
3389
2570
1142
-483
-2072
-3199
-4008
-4301
-4285
-3688
-2807
-1855
-1249
-1053
-1268
-1854
-2567
-3251
-3823
-4238
-4275
-3850
-2965
-1898
-863
-80
549
901
973
647
192
-376
-797
-992
-839
-339
423
1424
2486
3551
4274
4630
4527
4358
3867
3250
2181
1303
726
915
1342
1865
2393
2862
3325
3448
3340
2354
1012
-651
-1932
-3095
-3891
-4512
-4564
-3999
-3030
-2077
-1471
-1161
-1252
-1577
-2153
-2823
-3570
-4147
-4335
-3891
-3003
-1902
-933
-52
702
1214
1340
1102
602
-14
-472
-768
-842
-646
35
1037
2175
3214
4025
4481
4649
4652
4158
3352
2083
1196
652
766
929
1281
1804
2493
3202
3532
3506
2624
1482
44
-1206
-2598
-3695
-4570
-4818
-4420
-3540
-2640
-1928
-1386
-1149
-1152
-1519
-2107
-3016
-3796
-4238
-4145
-3677
-2960
-2120
-1148
-59
899
1439
1497
1175
700
167
-325
-836
-1045
-797
44
1211
2460
3609
4503
5177
5516
5429
4675
3457
2249
1381
921
625
708
1190
2022
2942
3657
3902
3442
2563
1309
-184
-1862
-3498
-4804
-5483
-5345
-4784
-4004
-3201
-2292
-1576
-1101
-1057
-1566
-2402
-3277
-3811
-4152
-4124
-3952
-3327
-2336
-972
270
1203
1749
1905
1806
1408
744
-145
-764
-888
-462
398
1519
2721
3936
4990
5819
5946
5511
4348
3222
2167
1464
709
363
515
1080
1983
2722
3335
3203
2883
1966
875
-702
-2289
-3913
-4999
-5433
-5406
-5029
-4427
-3508
-2645
-1713
-1276
-1271
-1764
-2206
-2692
-3181
-3622
-3842
-3648
-3041
-2058
-1086
-148
600
1222
1582
1678
1415
947
537
346
368
621
1132
1956
2908
3880
4781
5412
5643
5143
4547
3764
3153
2239
1592
1176
1182
1452
1852
2248
2231
2150
1681
1104
-45
-1260
-2671
-3752
-4557
-5037
-5278
-5166
-4698
-4157
-3504
-2968
-2538
-2366
-2294
-2354
-2537
-2731
-2909
-2939
-2801
-2380
-1891
-1301
-688
-24
591
1064
1376
1504
1648
1723
1805
1773
1935
2177
2662
3167
3857
4438
4914
4994
4861
4618
4246
3634
2926
2380
1909
1628
1478
1479
1303
1126
845
517
-122
-927
-1944
-2905
-3711
-4346
-4858
-5181
-5192
-5006
-4624
-4110
-3614
-3184
-2763
-2358
-2124
-2046
-2062
-2132
-2135
-2048
-1874
-1697
-1322
-817
-207
341
843
1224
1582
1939
2243
2473
2668
2836
3043
3311
3676
4070
4425
4573
4534
4545
4499
4291
3766
3274
2731
2288
1851
1537
1136
664
274
-98
-534
-1189
-1923
-2720
-3378
-3944
-4435
-4847
-5099
-5169
-5064
-4759
-4360
-3960
-3541
-3052
-2565
-2205
-1968
-1870
-1780
-1713
-1613
-1517
-1341
-1020
-562
20
601
1076
1432
1809
2205
2557
2798
3053
3381
3781
4120
4494
4789
5013
4920
4741
4522
4268
3797
3236
2758
2288
1901
1574
1332
927
499
79
-351
-977
-1747
-2595
-3376
-3991
-4485
-4970
-5310
-5416
-5287
-5041
-4682
-4285
-3840
-3374
-2846
-2433
-2137
-1943
-1750
-1595
-1455
-1305
-1169
-930
-644
-175
317
836
1198
1579
2003
2454
2864
3224
3611
3932
4251
4504
4798
4949
4902
4669
4522
4363
4064
3562
3063
2608
2125
1692
1306
869
330
-80
-443
-907
-1566
-2223
-2887
-3487
-4052
-4625
-5150
-5451
-5510
-5464
-5239
-4860
-4380
-3854
-3221
-2632
-2190
-1828
-1521
-1316
-1237
-1130
-1024
-903
-726
-438
-41
421
884
1279
1685
2121
2587
3026
3454
3862
4284
4662
4956
5153
5168
5005
4739
4534
4222
3770
3263
2812
2294
1745
1340
976
525
35
-340
-734
-1244
-1852
-2483
-3121
-3715
-4259
-4803
-5214
-5454
-5536
-5453
-5149
-4756
-4296
-3733
-3077
-2528
-2042
-1676
-1360
-1167
-987
-869
-792
-687
-545
-311
-30
363
728
1208
1703
2211
2676
3164
3629
3994
4371
4650
4924
5090
5217
5093
4884
4656
4378
3913
3319
2715
2015
1365
819
393
-93
-493
-780
-1069
-1452
-1890
-2363
-2968
-3575
-4141
-4659
-5107
-5417
-5494
-5452
-5189
-4818
-4244
-3646
-2936
-2323
-1761
-1317
-950
-696
-557
-445
-478
-477
-450
-269
-98
149
460
949
1499
2096
2647
3186
3714
4173
4528
4754
4951
5098
5192
5054
4840
4583
4291
3811
3212
2507
1765
1071
507
39
-449
-843
-1113
-1283
-1586
-1950
-2410
-2900
-3424
-3903
-4433
-4914
-5214
-5310
-5263
-5071
-4698
-4195
-3582
-2892
-2234
-1664
-1183
-799
-543
-369
-308
-352
-410
-410
-321
-190
61
369
783
1278
1860
2447
3005
3518
3969
4384
4727
5004
5202
5323
5277
5128
4896
4524
3963
3288
2535
1699
891
225
-311
-806
-1158
-1379
-1500
-1679
-1920
-2247
-2655
-3094
-3543
-4042
-4569
-4975
-5186
-5225
-5099
-4842
-4375
-3785
-3072
-2387
-1698
-1112
-638
-303
-86
9
-56
-150
-240
-279
-289
-140
114
468
901
1433
2005
2602
3198
3740
4194
4562
4847
5118
5298
5329
5142
4894
4554
4051
3357
2582
1747
879
153
-415
-930
-1361
-1588
-1664
-1787
-1943
-2137
-2378
-2690
-3035
-3428
-3907
-4326
-4595
-4728
-4778
-4648
-4335
-3870
-3303
-2650
-1980
-1393
-874
-431
-107
53
75
68
24
-55
-108
-29
167
415
718
1122
1658
2239
2829
3365
3857
4296
4679
5010
5239
5329
5205
4997
4717
4272
3559
2769
1917
1029
214
-470
-1036
-1563
-1852
-1995
-2059
-2170
-2258
-2376
-2591
-2811
-3081
-3403
-3805
-4098
-4292
-4372
-4344
-4174
-3881
-3491
-2957
-2402
-1852
-1362
-905
-482
-177
33
151
228
266
292
359
417
494
616
877
1216
1609
2072
2625
3222
3790
4328
4766
5164
5416
5510
5359
5094
4681
4082
3287
2411
1512
590
-228
-896
-1448
-1911
-2155
-2249
-2305
-2402
-2461
-2532
-2659
-2787
-2970
-3225
-3479
-3627
-3725
-3818
-3827
-3705
-3512
-3259
-2913
-2535
-2123
-1665
-1172
-707
-318
10
290
519
645
672
658
626
582
590
697
884
1210
1708
2364
3023
3706
4356
4930
5390
5693
5771
5545
5183
4677
3976
3096
2188
1243
298
-511
-1118
-1656
-2108
-2333
-2406
-2482
-2550
-2580
-2635
-2695
-2712
-2753
-2912
-3059
-3133
-3188
-3301
-3382
-3404
-3393
-3315
-3129
-2861
-2540
-2116
-1596
-1011
-501
-21
412
749
943
1034
1046
946
829
765
789
892
1197
1683
2302
2953
3636
4298
4887
5407
5724
5768
5519
5157
4655
3949
3024
2066
1116
201
-614
-1288
-1878
-2337
-2574
-2666
-2745
-2820
-2813
-2776
-2714
-2624
-2570
-2618
-2674
-2675
-2732
-2890
-3073
-3211
-3316
-3370
-3308
-3163
-2902
-2495
-1924
-1299
-718
-149
415
868
1164
1308
1345
1288
1186
1099
1028
1064
1316
1757
2260
2809
3421
4071
4661
5171
5496
5566
5394
5094
4627
3958
3103
2201
1259
323
-515
-1235
-1890
-2447
-2757
-2898
-2998
-3077
-3038
-2953
-2834
-2651
-2507
-2511
-2531
-2506
-2548
-2731
-2952
-3130
-3291
-3382
-3390
-3287
-3063
-2671
-2134
-1529
-896
-236
416
953
1350
1610
1770
1788
1709
1560
1414
1363
1492
1757
2104
2525
3078
3713
4292
4793
5141
5288
5173
4938
4530
3915
3097
2249
1342
420
-444
-1185
-1893
-2501
-2870
-3052
-3185
-3273
-3214
-3100
-2920
-2684
-2453
-2360
-2309
-2226
-2218
-2331
-2541
-2733
-2941
-3089
-3148
-3119
-2971
-2673
-2192
-1615
-975
-325
387
982
1452
1779
2027
2109
2030
1842
1671
1560
1543
1690
1945
2301
2735
3289
3798
4234
4565
4727
4648
4418
4111
3638
2939
2179
1411
607
-219
-946
-1615
-2283
-2784
-3050
-3234
-3421
-3447
-3329
-3146
-2899
-2568
-2359
-2223
-2066
-1953
-1986
-2147
-2308
-2556
-2765
-2881
-2902
-2848
-2649
-2291
-1770
-1151
-515
168
809
1372
1797
2145
2341
2349
2229
2084
1932
1818
1844
1975
2179
2444
2851
3271
3628
3940
4153
4184
4035
3829
3488
2960
2311
1620
869
81
-659
-1349
-2034
-2617
-2998
-3241
-3441
-3520
-3439
-3235
-2983
-2656
-2354
-2148
-1966
-1804
-1748
-1865
-2021
-2205
-2387
-2545
-2608
-2605
-2503
-2212
-1780
-1257
-702
-88
540
1130
1624
1983
2235
2349
2370
2272
2097
1913
1840
1888
1963
2087
2325
2679
3017
3325
3552
3673
3642
3533
3326
2948
2426
1843
1205
449
-293
-987
-1638
-2257
-2725
-3016
-3218
-3314
-3243
-3078
-2873
-2597
-2254
-2020
-1872
-1720
-1630
-1689
-1815
-1924
-2085
-2256
-2333
-2316
-2266
-2100
-1756
-1330
-863
-344
248
800
1283
1694
2018
2217
2281
2262
2147
1976
1809
1736
1728
1785
1932
2188
2472
2766
3062
3292
3359
3288
3201
3005
2622
2051
1484
803
58
-649
-1266
-1888
-2443
-2738
-2890
-2998
-3026
-2884
-2690
-2498
-2221
-1986
-1846
-1753
-1610
-1575
-1665
-1754
-1832
-1948
-2068
-2083
-2060
-1972
-1781
-1431
-1051
-618
-120
442
940
1367
1741
2029
2175
2181
2110
1956
1759
1580
1515
1481
1538
1714
2007
2269
2545
2862
3103
3154
3103
3010
2748
2300
1730
1106
388
-320
-931
-1480
-2016
-2389
-2548
-2605
-2657
-2603
-2471
-2332
-2177
-1963
-1822
-1777
-1696
-1570
-1571
-1654
-1701
-1740
-1849
-1890
-1853
-1813
-1726
-1462
-1117
-775
-365
132
645
1064
1441
1743
1938
1995
1958
1830
1627
1432
1311
1270
1267
1373
1603
1912
2201
2522
2836
3017
3029
2976
2813
2446
1920
1361
738
57
-552
-1038
-1492
-1902
-2118
-2184
-2229
-2256
-2179
-2098
-2040
-1912
-1748
-1696
-1697
-1591
-1490
-1515
-1565
-1571
-1606
-1676
-1653
-1602
-1573
-1448
-1177
-886
-591
-219
239
643
986
1290
1510
1604
1611
1557
1403
1195
1040
1001
1006
1058
1220
1515
1845
2173
2523
2782
2879
2864
2804
2548
2110
1581
1056
458
-125
-612
-1011
-1384
-1662
-1785
-1839
-1895
-1924
-1879
-1859
-1839
-1753
-1658
-1649
-1622
-1498
-1414
-1426
-1411
-1367
-1403
-1434
-1392
-1353
-1337
-1216
-983
-768
-516
-158
211
525
808
1059
1220
1274
1263
1204
1063
906
829
842
906
1014
1245
1555
1878
2179
2468
2645
2683
2644
2538
2259
1836
1371
915
404
-82
-480
-799
-1108
-1328
-1428
-1509
-1593
-1627
-1609
-1643
-1645
-1568
-1503
-1513
-1466
-1343
-1291
-1291
-1245
-1212
-1271
-1291
-1240
-1249
-1265
-1165
-990
-840
-625
-320
-32
198
456
693
823
858
873
848
751
664
656
724
828
1031
1317
1635
1918
2213
2457
2582
2569
2490
2339
2062
1688
1295
885
445
78
-204
-487
-785
-973
-1066
-1193
-1332
-1400
-1448
-1516
-1517
-1444
-1420
-1421
-1329
-1205
-1164
-1150
-1095
-1095
-1161
-1174
-1172
-1244
-1299
-1223
-1097
-990
-810
-531
-261
-14
254
498
624
677
708
670
538
446
460
511
622
857
1189
1524
1859
2203
2447
2553
2544
2484
2285
1981
1616
1255
870
499
224
-16
-264
-506
-641
-770
-936
-1086
-1181
-1298
-1394
-1358
-1294
-1286
-1250
-1080
-972
-947
-926
-902
-995
-1119
-1172
-1290
-1455
-1524
-1438
-1358
-1253
-1031
-732
-449
-172
105
290
381
436
442
327
202
191
272
372
553
882
1281
1656
2010
2337
2546
2622
2613
2523
2298
1995
1685
1382
1048
739
496
274
17
-222
-391
-578
-796
-980
-1108
-1245
-1329
-1281
-1225
-1209
-1129
-965
-902
-913
-901
-937
-1089
-1231
-1320
-1479
-1645
-1666
-1597
-1542
-1400
-1137
-867
-622
-349
-97
47
117
158
152
68
29
95
235
394
659
1015
1403
1752
2104
2409
2583
2647
2645
2559
2350
2099
1832
1544
1227
958
724
464
170
-51
-230
-458
-698
-866
-1013
-1155
-1175
-1129
-1124
-1113
-987
-891
-900
-935
-952
-1065
-1247
-1385
-1524
-1715
-1851
-1835
-1808
-1752
-1575
-1298
-1059
-819
-545
-325
-203
-109
-24
-27
-65
-7
155
336
552
862
1229
1587
1962
2314
2572
2701
2771
2791
2679
2462
2219
1972
1644
1334
1073
808
492
228
30
-189
-440
-644
-806
-985
-1091
-1094
-1103
-1147
-1115
-1026
-1024
-1075
-1108
-1191
-1354
-1496
-1606
-1784
-1943
-1985
-1950
-1933
-1826
-1601
-1359
-1132
-869
-592
-424
-304
-178
-79
-71
-26
107
288
499
802
1170
1515
1867
2264
2620
2824
2914
2977
2936
2789
2562
2314
1980
1639
1353
1091
770
451
239
39
-202
-459
-642
-840
-1002
-1076
-1111
-1197
-1240
-1166
-1147
-1206
-1263
-1299
-1440
-1592
-1697
-1851
-2056
-2158
-2148
-2144
-2097
-1916
-1666
-1411
-1127
-822
-588
-419
-254
-117
-63
-33
64
237
434
704
1071
1456
1825
2241
2660
2934
3060
3145
3163
3031
2796
2552
2237
1854
1533
1264
948
593
361
156
-103
-368
-552
-768
-973
-1074
-1121
-1221
-1293
-1266
-1252
-1305
-1353
-1402
-1532
-1672
-1775
-1902
-2091
-2225
-2257
-2239
-2193
-2050
-1823
-1564
-1266
-949
-673
-467
-275
-97
15
80
183
348
532
762
1076
1432
1794
2193
2600
2908
3058
3169
3236
3149
2920
2667
2357
1964
1613
1320
965
583
332
129
-137
-402
-581
-769
-971
-1066
-1118
-1234
-1323
-1314
-1321
-1397
-1446
-1494
-1608
-1741
-1815
-1921
-2079
-2190
-2210
-2193
-2157
-2029
-1829
-1588
-1308
-1000
-713
-476
-265
-71
73
181
308
462
636
859
1147
1477
1818
2209
2596
2905
3079
3221
3283
3204
2976
2716
2381
1975
1605
1280
904
520
271
63
-195
-451
-632
-826
-1017
-1130
-1217
-1362
-1461
-1453
-1458
-1513
-1537
-1545
-1616
-1692
-1728
-1818
-1963
-2039
-2048
-2054
-2030
-1904
-1720
-1493
-1222
-917
-659
-445
-238
-58
56
117
223
389
602
835
1143
1505
1903
2338
2723
2981
3128
3257
3276
3116
2843
2533
2148
1758
1417
1063
662
345
137
-77
-338
-542
-710
-892
-1027
-1109
-1214
-1350
-1381
-1366
-1396
-1454
-1485
-1524
-1602
-1653
-1730
-1833
-1927
-1938
-1926
-1899
-1822
-1668
-1449
-1226
-981
-746
-537
-375
-226
-116
-47
45
216
443
671
968
1334
1723
2111
2489
2779
2955
3101
3160
3064
2834
2586
2243
1855
1491
1163
761
403
158
-65
-339
-555
-717
-897
-1039
-1088
-1145
-1254
-1282
-1242
-1244
-1291
-1298
-1336
-1428
-1488
-1530
-1616
-1733
-1744
-1711
-1673
-1625
-1495
-1316
-1129
-927
-729
-564
-461
-338
-225
-148
-78
92
334
590
887
1227
1571
1902
2239
2504
2670
2781
2849
2810
2654
2435
2142
1819
1485
1137
738
377
104
-139
-394
-605
-760
-883
-957
-983
-1028
-1097
-1107
-1089
-1114
-1179
-1243
-1309
-1371
-1420
-1475
-1547
-1582
-1550
-1480
-1411
-1335
-1216
-1049
-888
-752
-646
-559
-496
-436
-361
-286
-174
18
289
587
907
1229
1554
1856
2124
2293
2398
2465
2490
2410
2282
2086
1837
1576
1317
994
612
316
56
-204
-462
-642
-808
-916
-924
-918
-969
-983
-901
-867
-915
-967
-1012
-1103
-1182
-1225
-1312
-1402
-1383
-1284
-1209
-1132
-990
-816
-655
-520
-424
-397
-405
-398
-388
-375
-357
-241
-24
258
552
878
1233
1539
1806
1983
2085
2109
2118
2049
1916
1744
1554
1360
1154
910
613
350
111
-146
-417
-624
-816
-959
-1004
-1011
-1043
-1027
-914
-832
-818
-794
-784
-843
-895
-915
-1004
-1105
-1105
-1028
-983
-894
-741
-558
-398
-236
-123
-97
-109
-129
-148
-178
-170
-94
67
271
506
766
1045
1308
1535
1676
1743
1763
1756
1667
1526
1351
1169
990
821
632
385
176
-5
-203
-452
-658
-853
-1022
-1107
-1141
-1183
-1178
-1057
-939
-864
-780
-707
-677
-665
-650
-704
-748
-732
-675
-627
-537
-414
-255
-92
41
105
134
144
110
69
40
38
87
222
408
592
820
1074
1287
1411
1496
1525
1478
1374
1247
1070
843
676
534
364
155
16
-110
-277
-474
-634
-813
-1000
-1125
-1199
-1285
-1326
-1249
-1145
-1079
-976
-827
-721
-650
-556
-487
-465
-415
-301
-211
-134
-23
119
236
318
392
411
402
376
375
360
352
384
485
615
734
868
1020
1134
1185
1204
1188
1106
1003
892
754
552
391
258
102
-113
-273
-408
-560
-727
-846
-973
-1114
-1180
-1204
-1263
-1321
-1266
-1196
-1164
-1112
-992
-897
-802
-649
-497
-382
-229
-16
165
303
451
591
668
693
715
693
633
581
592
623
658
723
826
931
1025
1121
1181
1174
1121
1069
995
858
706
598
476
302
157
26
-147
-365
-530
-700
-918
-1119
-1236
-1363
-1484
-1518
-1505
-1517
-1485
-1370
-1286
-1239
-1150
-1020
-943
-857
-711
-568
-432
-234
16
221
428
662
871
1005
1092
1144
1141
1094
1033
995
974
982
1050
1154
1242
1316
1417
1472
1419
1308
1196
1018
779
568
397
173
-29
-145
-252
-447
-609
-721
-898
-1139
-1313
-1459
-1660
-1795
-1819
-1846
-1881
-1793
-1643
-1546
-1442
-1266
-1118
-1015
-871
-708
-589
-443
-216
12
211
452
721
952
1127
1274
1357
1377
1368
1379
1363
1331
1344
1441
1525
1557
1613
1674
1650
1526
1403
1228
982
738
532
292
44
-102
-220
-391
-568
-678
-824
-1036
-1235
-1416
-1647
-1850
-1953
-2032
-2131
-2140
-2035
-1930
-1828
-1658
-1467
-1307
-1124
-900
-704
-532
-313
-63
152
360
586
803
971
1128
1278
1390
1467
1565
1677
1744
1798
1871
1933
1947
1957
1925
1800
1638
1499
1301
1023
761
557
330
102
-82
-242
-428
-569
-675
-833
-1045
-1214
-1360
-1554
-1732
-1866
-1990
-2116
-2143
-2125
-2129
-2102
-1972
-1809
-1663
-1466
-1224
-981
-737
-442
-169
58
265
484
670
815
947
1079
1219
1385
1572
1759
1924
2088
2226
2302
2299
2248
2134
1948
1723
1487
1240
979
758
544
348
162
9
-160
-324
-465
-615
-799
-984
-1139
-1310
-1473
-1617
-1738
-1872
-1962
-2008
-2039
-2046
-2014
-1944
-1851
-1706
-1537
-1356
-1148
-904
-653
-413
-184
35
254
448
611
767
943
1134
1335
1551
1746
1915
2093
2245
2337
2336
2289
2165
2012
1782
1523
1212
936
668
408
175
-8
-170
-307
-396
-488
-599
-708
-785
-920
-1053
-1180
-1307
-1466
-1573
-1657
-1738
-1792
-1791
-1770
-1728
-1629
-1516
-1400
-1249
-1063
-881
-707
-517
-327
-132
53
231
402
590
799
1016
1235
1422
1617
1812
2002
2118
2184
2179
2136
2031
1866
1616
1319
1042
751
462
179
-47
-261
-398
-495
-575
-670
-712
-754
-810
-874
-937
-1025
-1117
-1174
-1239
-1303
-1344
-1339
-1331
-1295
-1223
-1144
-1050
-933
-795
-675
-565
-476
-388
-290
-205
-113
9
192
371
599
838
1091
1318
1555
1729
1831
1873
1864
1800
1673
1519
1290
1065
819
593
327
112
-121
-302
-436
-540
-664
-752
-775
-796
-812
-817
-815
-833
-814
-783
-779
-795
-771
-713
-683
-645
-604
-543
-484
-403
-357
-338
-331
-307
-279
-261
-219
-129
24
198
403
600
795
971
1135
1230
1248
1210
1176
1115
1011
872
746
625
492
366
234
70
-92
-195
-322
-487
-641
-732
-816
-887
-915
-929
-931
-893
-800
-738
-690
-613
-495
-397
-318
-214
-110
8
125
247
316
363
400
401
343
271
239
224
234
279
366
471
601
732
846
886
885
850
795
667
509
321
153
-21
-170
-307
-436
-549
-620
-662
-724
-785
-836
-847
-877
-890
-898
-891
-885
-817
-736
-685
-619
-493
-358
-253
-124
22
162
318
502
653
749
845
913
919
888
878
869
861
874
930
979
1010
1020
997
910
784
637
487
312
136
-34
-184
-325
-466
-584
-713
-843
-973
-1071
-1179
-1276
-1337
-1353
-1355
-1323
-1248
-1161
-1066
-932
-779
-662
-551
-423
-297
-190
-74
60
191
338
504
673
810
929
1029
1093
1130
1168
1212
1255
1324
1410
1506
1567
1600
1575
1499
1342
1126
869
569
244
-84
-373
-659
-909
-1106
-1228
-1344
-1425
-1473
-1498
-1523
-1531
-1526
-1545
-1541
-1512
-1458
-1416
-1323
-1190
-1040
-870
-677
-473
-275
-48
167
366
551
741
902
1016
1105
1173
1240
1278
1332
1397
1477
1561
1654
1723
1754
1757
1726
1639
1482
1306
1109
876
601
323
19
-298
-616
-912
-1210
-1485
-1716
-1878
-2005
-2086
-2105
-2067
-2000
-1895
-1757
-1625
-1492
-1335
-1164
-1031
-897
-753
-598
-453
-269
-76
119
320
549
757
943
1119
1296
1447
1584
1722
1842
1935
1993
2036
2027
1975
1885
1769
1582
1368
1149
920
658
401
161
-83
-330
-541
-748
-972
-1179
-1344
-1514
-1691
-1829
-1927
-2014
-2060
-2053
-2017
-1958
-1825
-1652
-1480
-1311
-1089
-864
-642
-433
-217
-21
170
354
514
653
787
946
1108
1259
1390
1552
1716
1852
1966
2078
2153
2198
2207
2142
1984
1781
1529
1200
810
413
16
-373
-718
-1005
-1254
-1451
-1562
-1626
-1672
-1683
-1656
-1628
-1599
-1547
-1499
-1453
-1402
-1333
-1290
-1238
-1175
-1099
-1008
-888
-745
-583
-391
-174
70
327
610
879
1147
1379
1584
1747
1841
1877
1877
1870
1832
1783
1720
1643
1560
1463
1332
1156
953
719
449
156
-148
-455
-764
-1042
-1286
-1497
-1673
-1788
-1853
-1878
-1848
-1766
-1654
-1513
-1350
-1173
-1007
-848
-704
-576
-472
-382
-302
-239
-189
-129
-38
82
231
407
613
838
1074
1300
1491
1646
1758
1838
1853
1816
1733
1609
1433
1225
999
746
485
225
-21
-256
-456
-635
-783
-909
-1005
-1085
-1139
-1185
-1225
-1248
-1248
-1237
-1229
-1191
-1144
-1075
-993
-890
-790
-668
-525
-383
-264
-139
1
142
289
431
583
736
901
1043
1158
1240
1297
1326
1312
1267
1199
1130
1037
933
809
683
535
384
208
17
-186
-367
-547
-716
-857
-956
-1038
-1084
-1090
-1075
-1042
-983
-907
-840
-764
-679
-591
-511
-422
-340
-259
-179
-102
-46
6
69
137
210
303
423
564
726
884
1021
1129
1209
1235
1206
1124
999
842
668
487
291
102
-52
-195
-325
-436
-520
-597
-644
-675
-692
-704
-700
-685
-673
-656
-642
-632
-630
-620
-604
-570
-529
-459
-362
-244
-126
1
132
264
376
475
559
632
697
762
815
841
850
851
829
775
692
588
467
345
216
84
-42
-149
-231
-303
-358
-403
-430
-453
-463
-480
-493
-509
-528
-541
-562
-581
-590
-584
-576
-555
-516
-454
-380
-287
-184
-73
46
167
275
361
444
527
601
656
704
749
781
806
816
800
755
703
632
529
404
274
136
-7
-155
-294
-432
-543
-632
-693
-742
-757
-733
-678
-617
-538
-452
-367
-293
-230
-190
-177
-173
-172
-181
-200
-199
-190
-159
-120
-55
24
121
229
337
441
544
637
722
783
809
812
788
721
619
493
346
179
21
-120
-245
-347
-396
-423
-434
-420
-379
-348
-322
-298
-277
-273
-272
-278
-290
-309
-307
-305
-299
-291
-266
-219
-165
-95
-24
54
137
227
306
376
433
485
516
524
510
485
447
392
334
270
202
132
66
-11
-87
-160
-227
-295
-349
-386
-412
-428
-430
-418
-405
-388
-363
-331
-312
-281
-247
-201
-162
-102
-48
14
64
126
171
205
235
267
286
303
335
368
401
447
499
544
584
616
634
618
593
536
458
342
225
85
-63
-219
-365
-509
-644
-752
-836
-895
-931
-918
-893
-837
-761
-659
-565
-465
-372
-287
-217
-164
-125
-94
-55
-17
32
88
172
274
387
500
620
738
847
939
1003
1036
1044
1033
990
919
827
718
600
470
330
178
32
-109
-239
-367
-485
-587
-678
-751
-812
-865
-917
-952
-973
-986
-995
-983
-961
-925
-865
-793
-714
-614
-493
-361
-223
-81
65
212
352
479
595
695
787
865
927
973
1020
1062
1092
1110
1121
1118
1102
1061
994
899
781
640
476
297
103
-89
-281
-465
-638
-783
-908
-1010
-1087
-1130
-1150
-1147
-1127
-1093
-1047
-992
-935
-877
-821
-766
-705
-643
-574
-504
-419
-312
-191
-60
80
241
409
583
748
902
1041
1164
1264
1325
1360
1357
1335
1274
1189
1077
955
814
669
520
375
228
96
-31
-149
-258
-359
-448
-538
-615
-695
-767
-843
-904
-963
-1011
-1052
-1079
-1095
-1087
-1056
-1008
-934
-837
-713
-578
-426
-272
-120
23
161
284
389
482
559
627
678
727
762
794
813
827
829
820
801
774
736
690
640
577
514
445
378
301
227
144
63
-25
-112
-204
-292
-381
-461
-533
-595
-645
-683
-710
-723
-723
-718
-698
-672
-633
-592
-538
-480
-412
-339
-253
-169
-83
4
92
166
228
277
314
333
339
330
317
301
289
277
274
279
291
316
341
372
403
437
463
485
495
495
473
441
388
319
232
137
30
-75
-179
-274
-357
-421
-464
-483
-484
-467
-438
-394
-346
-294
-248
-213
-184
-168
-162
-170
-183
-201
-219
-233
-247
-255
-255
-243
-228
-205
-181
-142
-98
-48
1
55
112
172
229
279
324
368
406
437
459
474
485
488
489
475
453
423
389
348
298
244
188
134
81
31
-16
-57
-90
-120
-149
-176
-201
-229
-259
-297
-338
-383
-430
-472
-514
-549
-572
-585
-584
-569
-542
-503
-444
-374
-297
-214
-121
-28
60
144
219
285
339
385
419
445
467
480
488
493
496
495
492
489
481
470
458
445
424
400
368
325
278
222
151
68
-18
-115
-217
-314
-409
-495
-565
-615
-647
-658
-652
-629
-593
-553
-509
-465
-424
-388
-354
-322
-292
-260
-222
-181
-134
-77
-14
55
133
210
285
359
427
485
531
564
581
585
576
551
515
474
430
387
347
310
282
258
237
213
187
156
116
65
5
-64
-138
-215
-293
-365
-430
-483
-525
-552
-564
-559
-544
-515
-479
-432
-382
-327
-277
-228
-186
-147
-112
-84
-55
-31
2
33
73
115
163
213
263
311
355
391
416
428
428
416
394
363
326
286
245
207
170
139
112
88
68
49
32
15
-4
-25
-47
-71
-97
-122
-151
-174
-198
-218
-235
-246
-254
-257
-256
-250
-241
-231
-219
-206
-193
-182
-170
-159
-148
-135
-121
-105
-84
-61
-31
1
35
70
105
138
165
188
205
215
220
219
213
203
193
181
171
161
153
146
144
144
145
147
152
155
159
159
155
146
131
109
81
48
7
-36
-83
-131
-176
-221
-262
-295
-322
-340
-351
-354
-346
-332
-311
-284
-255
-223
-191
-163
-133
-104
-80
-58
-37
-17
5
27
49
71
95
121
147
176
206
234
263
291
315
335
351
360
365
360
348
331
307
277
242
203
163
120
75
29
-17
-62
-109
-156
-201
-244
-286
-324
-358
-384
-403
-415
-417
-408
-392
-367
-338
-298
-259
-218
-178
-137
-102
-69
-42
-17
6
28
50
74
102
130
163
197
233
270
308
341
372
396
414
423
421
409
383
348
301
248
188
124
60
-3
-60
-113
-159
-196
-227
-250
-265
-275
-278
-276
-274
-265
-256
-247
-237
-227
-217
-205
-194
-184
-171
-155
-139
-121
-100
-76
-51
-24
3
33
62
92
120
148
172
197
216
233
247
257
262
263
257
246
231
210
183
153
118
82
43
2
-35
-68
-98
-123
-141
-150
-152
-147
-136
-121
-102
-82
-63
-45
-29
-20
-14
-15
-19
-29
-42
-55
-68
-81
-89
-94
-92
-85
-72
-55
-36
-12
12
34
53
68
77
80
77
67
53
36
14
-8
-29
-46
-60
-68
-73
-71
-64
-53
-38
-21
-4
14
33
48
62
75
86
96
104
112
121
129
136
144
150
154
153
151
143
130
111
88
59
28
-6
-42
-77
-109
-139
-163
-183
-196
-203
-206
-203
-198
-190
-182