SAMPLES:	9930
BITSPERSAMPLE:	16
CHANNELS:	1
SAMPLERATE:	16000
NORMALIZED:	FALSE
14
8
-2
-3
4
7
8
16
23
22
15
10
-4
7
0
4
14
15
14
13
12
1
-4
-8
4
17
17
-8
-11
-18
-21
-36
-36
-15
-4
6
4
-14
-8
7
12
-14
-19
-15
-21
-5
-4
-14
-6
21
33
13
3
16
20
9
-2
1
5
8
13
5
15
8
9
1
10
-2
-11
-10
-2
7
-16
-4
3
-1
-25
-34
-32
4
16
7
12
7
15
-13
-27
-26
-4
6
0
-8
-5
10
13
10
0
-7
-30
-45
-45
-34
-14
3
23
42
31
34
19
21
-1
3
7
-2
7
15
29
6
-8
-6
2
-3
-13
-10
-10
1
10
21
24
18
26
17
-28
-54
-64
-38
-19
-6
19
32
29
-16
-33
-3
-1
-5
-31
-22
7
31
3
0
21
43
35
-7
-26
-52
-29
-39
2
-5
41
30
30
-11
9
17
-3
-31
-27
1
25
54
12
15
-23
5
-37
-30
-45
-16
13
19
12
13
31
15
-1
-32
-25
-1
-5
14
-11
-25
-10
6
10
4
22
3
-2
0
13
23
49
28
5
-42
-21
-18
-16
-10
6
7
25
36
51
15
35
10
-38
-35
3
33
21
64
65
17
22
21
-14
-78
-78
-32
9
-4
-17
6
42
40
-45
-26
-48
-44
-67
-26
-10
-43
35
20
51
-7
14
-43
-28
-30
26
29
1
38
36
10
15
-18
-8
-49
-55
-56
-77
35
70
91
44
64
80
20
17
-36
-43
-58
-20
-5
16
-12
51
45
7
-32
-33
-41
-72
-23
5
4
-5
21
-5
-32
-16
-74
-24
-29
70
16
9
45
11
35
-15
-44
-18
-99
-6
-54
81
56
93
113
61
57
-58
-67
-105
-49
-24
-7
5
99
45
19
-49
-6
-10
-57
-13
-22
21
-9
21
60
-20
20
-1
-9
-46
5
24
54
51
35
-23
-32
4
9
-47
-43
-46
60
13
42
-29
-15
5
6
-25
-52
-36
-46
-2
-33
96
101
78
46
27
8
-77
-97
-151
-93
4
17
41
-21
57
137
100
-2
-97
-48
7
59
4
-30
9
102
55
-50
-21
-85
9
-44
-12
-37
13
105
72
72
-85
0
15
38
-59
-84
-9
36
94
-10
80
86
26
-43
-92
-96
-49
-68
33
51
114
111
81
18
-36
-54
-71
-189
-91
-134
12
28
53
121
72
37
-50
-17
-63
-40
-46
-60
8
85
20
57
-76
102
-117
-63
-160
-52
67
26
75
56
176
147
-47
-74
-37
-75
-83
-155
66
19
164
100
89
35
4
14
-119
-82
-119
-25
-33
54
84
146
-5
-55
19
-44
-55
-163
4
-45
57
95
36
54
50
72
-115
-24
-140
-37
-40
-26
48
6
197
43
17
-63
-37
-55
-176
-47
-13
64
-3
170
202
59
73
25
57
-171
-81
-107
-76
41
16
88
-24
98
74
-18
-4
-58
12
-122
-28
-30
-22
-22
3
122
10
60
13
100
48
-46
-82
-3
-3
-12
-72
-57
18
-39
-3
-67
12
22
-36
29
-29
148
-71
27
-37
64
69
-22
13
-45
92
44
-8
25
-19
82
-24
-53
-25
-75
58
-83
-24
7
42
13
-98
3
-55
102
21
43
-52
-2
50
-102
-69
-42
142
24
-62
28
87
36
-84
-20
-38
-16
7
-29
31
-69
23
-42
45
-28
48
-23
-37
-67
6
89
20
69
4
123
-92
17
-39
-34
-17
-79
91
28
90
-83
-22
-49
-40
19
-111
42
1
110
29
103
46
-57
16
-44
-72
-34
-22
45
26
150
53
53
-51
14
-136
-66
-40
-111
-38
18
88
30
65
54
-8
-9
-25
-78
-85
-87
28
-2
129
37
84
-53
94
45
-22
-71
-44
104
-9
-18
-71
-62
6
4
49
-66
-28
85
23
-85
-83
134
51
12
-24
79
-29
-21
-15
-78
-70
-76
24
79
-59
50
11
79
-9
-24
-97
46
-1
-53
-4
-30
76
-7
56
-54
11
-81
-50
102
5
138
-49
70
-7
56
-66
-73
-59
34
-23
23
56
-9
126
-20
68
-90
-41
-19
-71
41
-183
162
-40
155
35
-13
47
-148
50
-102
51
-219
5
43
126
49
-4
72
-24
44
-111
-53
-45
-24
-47
114
91
68
31
80
3
12
-27
-31
-121
43
-41
106
-5
26
30
23
53
-111
-9
-173
21
-87
60
-27
-20
100
7
97
10
14
-103
52
33
43
-165
-24
46
36
39
-118
30
-86
110
6
-26
-55
41
-16
-103
-34
-47
-71
83
40
78
62
99
-106
28
-23
109
-98
86
-3
-23
21
-43
159
-109
-27
-83
21
-29
-4
-81
-75
35
44
15
0
68
27
43
2
-20
-33
122
-156
110
-131
196
-13
-48
-38
-52
112
-214
140
-198
174
-141
155
-139
86
-39
36
25
-96
65
-76
141
-123
47
-57
73
58
-63
-44
-128
76
-63
102
-93
112
85
4
58
-118
158
-276
69
-227
177
-101
134
56
162
5
64
15
-108
-67
-129
75
-97
102
19
113
10
74
67
-99
-61
-42
0
-227
3
20
123
-60
35
49
101
28
-67
-59
6
-61
4
-71
79
110
144
-41
-235
102
-31
133
-233
-1
-59
172
-73
-1
-35
2
47
-37
86
-21
63
-55
49
52
-69
-43
-106
34
-21
78
-34
-46
78
37
151
-120
-62
31
154
-34
28
-7
21
-66
124
-130
-95
-23
98
93
-106
10
-88
-14
-69
36
-112
-23
51
39
107
-69
-82
35
19
37
-40
170
-128
256
-55
60
-143
113
33
-183
-32
-97
201
-180
236
-84
130
-48
90
2
-243
3
-93
163
-102
89
42
7
187
42
53
-101
20
1
-198
-83
-79
3
-65
16
174
91
88
-250
-1
-155
153
-170
-74
-31
111
122
71
114
5
40
41
-22
-172
-6
-116
23
-18
44
6
253
22
87
-259
62
-90
3
-239
-79
25
102
48
69
-27
8
53
85
-71
9
-145
-115
-28
58
14
32
141
0
182
-63
-86
12
-109
-63
-259
177
2
193
-132
-36
284
50
25
-409
29
-41
292
-45
-116
10
97
103
-41
146
-88
-8
-55
6
12
78
-160
28
-40
458
108
-159
-201
-77
163
-187
-158
-141
85
125
169
-145
-65
13
166
-75
-48
-123
67
6
56
-131
141
-37
54
-243
212
-75
71
-26
118
181
-21
117
-293
-74
-68
-100
-53
-89
325
55
132
-76
-52
112
22
-22
-431
222
-70
332
-193
90
-35
237
190
-228
-104
-321
189
-230
301
-159
130
-105
151
62
-76
-89
-131
224
-84
84
-153
98
-151
-68
90
-27
99
-74
252
15
34
-77
-66
-249
-11
-138
-143
-19
144
93
53
74
131
-76
-18
-248
-143
-33
212
-42
136
39
396
20
70
-160
43
-157
-212
204
-150
11
-109
343
-67
-44
-99
-262
-30
77
242
-43
-118
266
232
131
-405
-99
-150
-14
3
-130
149
149
142
126
85
-118
-137
-5
-52
-158
-82
-84
170
151
-59
103
20
74
-157
161
-112
-86
-192
345
-56
-57
101
381
43
-213
30
-48
256
-137
-71
-214
-131
16
126
454
-427
182
99
172
-547
39
-212
98
-6
39
136
-135
300
-42
160
-343
108
-94
139
-363
-142
-78
182
-16
-86
155
165
-23
-49
13
-55
-85
35
-33
-82
75
179
-108
168
219
-153
29
217
57
-339
-19
258
-216
-128
-23
-8
-48
-85
-4
-121
-71
209
105
-149
31
-29
203
-297
128
-131
-30
220
-233
248
-309
353
-91
185
-249
-92
187
23
222
-543
-50
59
476
-110
47
-202
181
51
-102
-387
-137
370
119
95
71
7
107
-36
32
-495
52
-46
-211
112
-24
499
-295
176
-250
473
-114
-218
125
69
-221
96
-131
-267
192
367
-126
-321
343
249
181
-2
-62
-171
29
-152
-18
-328
-117
167
245
-44
31
181
-90
109
319
119
-144
-145
35
-26
-151
-113
-122
-126
219
192
-207
-68
67
145
-348
240
-321
164
-26
-26
-266
588
85
5
-192
-150
8
206
-206
74
-194
340
74
266
-286
-355
195
-402
141
-235
354
-281
434
-195
337
-151
131
-249
148
-26
55
132
54
329
-24
149
-326
-134
4
68
-252
-572
106
272
115
158
-9
5
4
106
-370
-63
-403
-127
232
308
-46
160
308
77
81
-213
-201
-425
80
-134
423
-199
167
-111
454
-64
-186
13
33
-17
-223
74
-150
-61
46
279
-132
62
188
-14
123
-52
-1
-478
-34
88
549
-284
-113
21
364
-84
-58
-524
-103
-22
146
-23
-68
125
144
731
-473
-47
-467
453
-397
71
-264
-25
164
329
-222
-151
627
-216
124
-564
-93
173
603
-625
-69
-160
898
-146
273
-624
65
471
162
-455
-574
292
-127
340
-227
175
-202
960
-19
74
-746
4
-85
174
-494
9
526
-53
166
-369
434
-399
148
-530
571
322
-213
-88
244
-6
-464
282
-449
389
-653
253
-130
207
-264
541
461
-239
-248
463
-245
25
-68
-219
270
96
-4
-488
320
-44
650
-257
427
-538
142
-159
69
-315
-379
325
-411
351
-353
-57
44
537
-104
-325
-95
457
74
-266
116
-117
641
237
-9
-671
-58
285
-243
-487
-71
264
489
79
-59
324
-391
249
-1
-282
-133
-23
-336
65
305
27
-354
383
9
-143
49
-346
-203
179
68
30
64
-134
-23
-349
112
-52
118
-146
-65
362
-31
245
-513
222
99
616
-305
-54
-205
251
-69
315
123
-624
58
160
82
-349
280
-213
599
-91
126
-529
257
-633
114
137
375
-467
367
-104
185
-256
347
5
-343
17
-267
-18
191
-117
-484
557
570
43
-408
-173
-145
138
-8
-66
-274
504
256
428
-653
-255
218
509
-193
-485
-367
462
109
-47
-305
268
295
180
58
-435
246
-163
311
-267
-295
-366
509
-60
-58
31
188
310
44
219
-208
608
-769
445
-55
30
-444
-168
-185
-330
7
-48
660
33
-180
-207
621
-265
307
-238
-756
332
630
31
-763
69
578
578
-22
58
-362
-32
433
-428
-385
-51
-331
419
-457
-213
169
377
-566
-124
455
-399
-187
340
147
205
-101
118
438
37
-227
-226
-9
-349
43
105
-218
-135
111
-365
342
359
-185
-301
282
556
231
60
-592
373
-216
32
-559
189
-540
391
-14
46
-90
220
371
-465
289
-763
-263
374
399
-36
147
-110
-203
35
491
48
-487
-59
498
-134
24
-240
480
-172
31
-207
332
-346
95
-453
375
-30
-405
-111
129
805
-262
-232
188
47
-159
514
-135
-517
-317
627
227
-71
-143
215
-121
-16
-224
-351
29
437
-181
-330
137
-40
-119
61
215
-82
332
-244
711
-207
178
-6
251
131
1
91
-55
462
4
-438
-200
145
-593
317
235
-518
-175
390
215
-311
-48
-354
372
-286
-196
59
365
-472
209
303
-331
126
341
-212
-78
87
-40
124
-287
69
-51
-204
-699
62
-350
-312
-183
208
-174
312
-150
498
-151
213
361
240
-212
-84
502
75
345
-71
77
27
122
-688
191
229
-47
168
145
-487
95
-151
210
-222
252
655
132
-221
-72
144
-17
99
287
-204
-648
398
48
-153
-525
94
282
-183
135
-748
-496
235
144
-243
138
-448
144
345
70
-177
140
146
249
59
-202
-276
-287
336
341
202
-626
220
182
56
-214
49
-298
-236
154
-305
-171
115
-70
-206
386
298
-175
-315
-216
676
233
-55
181
70
-177
351
319
-497
-282
586
186
94
-146
-317
319
414
207
-30
-374
312
299
-341
-168
88
-205
479
450
-229
-206
273
389
-36
-194
-306
346
50
-221
-207
-67
-438
-107
-134
-192
-22
-413
7
244
-394
-543
29
45
-388
-408
268
-387
131
7
-159
-237
109
275
37
153
277
408
178
328
166
262
434
187
-198
182
298
236
-44
-84
71
71
172
-167
-304
-200
-97
-85
-298
-28
-222
-234
-33
-262
-228
-29
20
-112
-384
-170
-11
-214
-249
-19
196
303
394
-70
-71
244
410
118
76
158
249
367
228
345
317
448
593
232
-23
187
324
373
240
50
-273
-18
235
-107
-379
-224
-9
-102
-163
-416
-535
-476
-300
-263
-767
-797
-793
-662
-701
-769
-878
-639
-589
-724
-1144
-1043
-887
-432
-387
-272
-186
39
522
731
701
814
1064
1048
1235
1280
1493
1487
2089
2102
2188
2010
1897
2050
2044
1946
1474
1057
890
812
349
-140
-205
-294
-480
-1031
-1630
-2147
-2511
-2779
-3079
-3307
-3489
-3587
-3487
-3474
-3575
-3294
-3224
-2718
-2296
-1850
-1518
-1182
-761
-179
586
953
1471
2103
2664
2953
3283
3325
3471
3327
3576
4195
4601
4914
4873
4553
4652
4503
3636
2954
2207
1019
-401
-986
-910
-575
-700
-1542
-3297
-4677
-4848
-4415
-4208
-4110
-3987
-3819
-3474
-3347
-3849
-3910
-2736
-1175
119
187
-273
-620
-402
291
791
236
-180
-202
-585
-1102
-1491
-1550
-1006
-149
431
241
37
461
1198
2080
2548
2953
3301
3922
4855
5717
6361
7127
6713
5349
4484
3792
2096
497
624
1325
2021
675
-2078
-5162
-5858
-4687
-3596
-4097
-4670
-4889
-4702
-4216
-4561
-5130
-4715
-2470
-478
-181
-1491
-2204
-1913
-458
649
341
-552
-1052
-1017
-621
-465
-459
-416
-254
257
660
745
994
1612
2628
3782
4146
4112
3943
4764
6227
7618
7610
6238
4555
3661
2715
1178
-315
-222
712
999
-530
-3389
-6003
-6506
-4992
-3967
-4079
-4631
-4718
-4580
-3748
-3749
-3755
-2861
-848
517
529
-216
-824
-346
931
1907
1420
431
-517
-1111
-1477
-1547
-1992
-2687
-2220
-679
-50
-283
-909
-1144
-36
2087
3415
3076
2794
4004
5927
7404
7860
7372
6604
6149
6034
4657
1847
-149
137
1795
2523
439
-3213
-6404
-6603
-4945
-4029
-4641
-5611
-5306
-4326
-3547
-4003
-4860
-4046
-1235
998
913
-693
-2049
-1746
-233
1132
276
-1578
-2296
-1301
-297
-346
-1593
-2421
-1743
-208
472
-229
-735
548
2541
3770
3907
3577
4137
6325
8813
9406
7986
6179
5137
4565
2795
88
-927
730
2591
1692
-1815
-5994
-7724
-5919
-3486
-3112
-4619
-5174
-4409
-3121
-2817
-3341
-3338
-1207
1490
2290
835
-1032
-1049
494
2464
2296
139
-1891
-2229
-1667
-1498
-2892
-4590
-4464
-2647
-1623
-2319
-3719
-2982
-261
2199
2455
1448
1710
4165
6995
7975
7158
6869
8103
9118
8184
6072
3574
1618
1069
1737
2023
810
-1305
-3665
-5384
-5605
-4877
-4923
-5249
-5199
-4348
-3767
-3921
-4634
-4375
-2455
136
1282
538
-490
-367
717
1499
1204
33
-983
-1292
-1118
-1509
-2487
-2961
-2492
-1736
-1708
-2372
-2849
-1990
37
1399
1837
1820
2758
4493
6122
7098
7477
7893
8165
7278
5791
4077
1711
125
1008
3019
2983
194
-3531
-6348
-6570
-4394
-3171
-4187
-5275
-4641
-3374
-3058
-3365
-3700
-2433
344
2329
1499
-410
-845
593
2320
2550
700
-1978
-2771
-2098
-1849
-2614
-3232
-3200
-2724
-2564
-3272
-3840
-2760
-235
1494
1405
968
1975
4200
6333
7699
7932
8093
8047
7525
6308
4972
2816
554
568
2416
2857
276
-3589
-6253
-6364
-4223
-2778
-4120
-5752
-5160
-2986
-1885
-2282
-3153
-2516
233
2927
2610
203
-582
694
2534
2626
940
-1374
-2006
-1052
-911
-2619
-4392
-5039
-4633
-3662
-2731
-2633
-2940
-2317
-1050
135
1192
2440
3757
5356
6703
7181
7232
7725
8243
7535
6392
5301
3031
9
-1142
432
1840
774
-2384
-6309
-8061
-6244
-3453
-3094
-4455
-4845
-3633
-2342
-1874
-2265
-1956
499
3445
3694
1615
-56
-31
1430
2714
1908
-1211
-3444
-2680
-793
-1022
-3518
-5765
-5713
-3669
-2025
-2713
-3850
-2752
96
2105
1928
1628
3205
6373
8843
8987
7471
6465
6672
6996
6013
3213
107
-692
1181
2486
803
-3040
-6140
-6688
-4724
-3060
-3608
-5251
-5186
-3135
-1446
-1555
-2604
-2345
159
3090
3585
1495
-341
336
2359
3143
1397
-1399
-2641
-2069
-1377
-2317
-3916
-4448
-3837
-3391
-4067
-4913
-4391
-2232
31
1128
852
1199
3115
5868
7268
7094
6406
6897
8348
8670
7081
5225
3714
1433
-646
-614
798
639
-1529
-4583
-7204
-7248
-4944
-3251
-3794
-4568
-3922
-2616
-2075
-2021
-1825
-193
2377
3661
2576
1030
881
1794
2181
1581
-312
-2954
-3813
-2273
-718
-1301
-3526
-5764
-6097
-4153
-2068
-1965
-2663
-1878
307
2147
2712
3033
4432
7144
8987
8743
6979
5711
5869
6587
5484
1652
-2039
-1636
1531
2723
-397
-5432
-8116
-6533
-3113
-1967
-3956
-5549
-4210
-1207
79
-1035
-2206
-686
2844
5037
3724
678
-490
1428
3790
3449
92
-3312
-3653
-2105
-1952
-4075
-5916
-6115
-5288
-4667
-4586
-4315
-2920
-1014
-91
-262
322
2540
5387
7200
7258
6840
7288
8810
9498
8202
6315
4990
2678
-650
-2004
-118
1744
319
-3793
-7816
-8851
-6174
-2683
-2477
-4548
-5346
-3559
-1603
-870
-979
-339
1876
4233
4063
1533
80
1233
2808
2493
354
-2619
-4494
-3429
-355
562
-2152
-6183
-8239
-6935
-2992
-320
-952
-2850
-2405
136
2554
3799
4146
5071
7099
8579
7776
6011
5327
6213
6967
5252
744
-3181
-2419
1659
3447
-60
-5913
-9128
-7368
-2997
-822
-2471
-4708
-4203
-1612
-53
-606
-1353
-14
3122
4950
3400
280
-667
1612
4235
3720
-168
-4095
-4456
-2359
-1421
-2907
-5303
-6512
-5882
-4377
-3463
-3086
-2518
-1472
-620
-28
849
2616
5134
6771
7069
6629
6775
7544
8050
7285
6032
4143
918
-2328
-2038
1344
2805
-236
-5268
-8359
-7494
-3560
-1002
-2434
-5044
-4665
-2023
-160
-208
-783
241
2841
4593
3252
681
194
1647
3008
2153
-1169
-4586
-4746
-1801
566
-784
-4879
-8007
-7371
-3715
-974
-1437
-3414
-3498
-854
2084
2935
2699
3747
6214
8004
7483
6011
5287
6153
7068
6119
2230
-2061
-2899
429
3490
2034
-3339
-7788
-7847
-4197
-776
-917
-3658
-4907
-2882
-139
613
-421
-619
1373
3981
4253
1784
-304
683
3224
3675
714
-3263
-4784
-3376
-1567
-1879
-3980
-5853
-6216
-5359
-4057
-3078
-2464
-2155
-1648
-932
335
2101
4069
5335
5686
5892
6516
7343
7887
7339
5822
4489
2679
-127
-1796
-192
2377
1884
-2217
-6471
-7809
-5102
-1329
-539
-3023
-4954
-3748
-1076
637
591
90
756
2632
3503
2345
811
917
2400
3032
1539
-1371
-3355
-2803
-1302
-1635
-4236
-6664
-6982
-5176
-3428
-3340
-4251
-4078
-2151
-14
947
1096
2039
4185
5968
5862
5104
5657
7746
9217
8064
5147
2960
1510
-6
-440
865
1717
-81
-3609
-6490
-6754
-3896
-930
-1168
-3900
-5239
-3442
-521
872
296
-344
751
2666
3241
2154
1303
1832
2462
1538
-680
-2896
-3572
-2421
-784
-990
-3456
-6084
-6794
-5287
-2925
-1685
-2255
-3196
-2792
-672
1681
3096
3523
3981
4943
5975
6724
7189
6829
5950
5260
4042
1410
-1037
-463
2398
3500
410
-4668
-7482
-5815
-1740
429
-1432
-4702
-5395
-2559
550
971
-586
-1042
642
2586
2811
1317
177
1130
2809
1970
-1084
-3165
-2887
-1762
-1108
-1831
-3690
-5343
-5699
-4889
-3345
-1714
-1162
-1982
-2596
-1476
993
3298
4147
3684
3348
4419
6312
7729
7319
5608
4329
4083
2841
-47
-1620
269
2869
2101
-2262
-6562
-7017
-3198
839
540
-3365
-5980
-4098
-122
1810
481
-1297
-807
1544
3063
2244
468
299
1906
2628
696
-2454
-3877
-2558
-932
-1616
-4162
-5926
-5192
-3224
-2133
-2629
-3330
-2817
-1026
536
1086
1403
2516
4206
5211
5236
5247
6123
7190
7027
5343
3574
2138
420
-586
505
2142
1471
-1761
-5098
-6055
-3998
-888
-228
-2736
-5020
-3995
-1005
703
82
-1152
-941
925
2541
2107
581
178
1378
2048
558
-2078
-3392
-2694
-1522
-1505
-2767
-4014
-4146
-3643
-3110
-2670
-2126
-1573
-995
-479
124
1280
3047
4307
4494
4494
5123
6226
6889
6127
4443
3291
2347
584
-637
497
2254
1645
-1548
-4664
-5395
-3069
-94
62
-2799
-4882
-3703
-837
588
-157
-1385
-1065
709
2021
1519
285
53
990
1536
424
-1579
-2965
-2544
-1164
-1102
-2967
-4695
-4549
-3142
-1930
-1790
-2348
-2488
-1372
193
1069
1401
2001
3137
4226
4882
4985
5399
6116
6306
5393
4010
2406
525
-501
545
2266
1809
-1042
-4136
-5005
-3156
-506
-63
-2351
-4670
-4107
-1359
483
-72
-1582
-1616
150
1957
1872
412
-453
404
1432
793
-1078
-2493
-2640
-1799
-1212
-2357
-4252
-4467
-2782
-1332
-1593
-2978
-3499
-1792
883
1977
1180
691
2154
4640
6087
5482
4490
4865
5802
5747
4616
2582
118
-831
959
3154
2524
-837
-4078
-4730
-2561
51
-23
-2808
-4946
-3811
-761
705
-572
-2496
-2317
-48
1885
1565
-239
-1116
57
1410
775
-1331
-2880
-2659
-1366
-698
-1961
-3832
-4114
-2632
-1167
-966
-1854
-2405
-1309
669
1623
1226
1126
2209
3885
5009
5011
4473
4652
5241
5210
4210
2498
520
-462
717
2471
2186
-453
-3136
-3936
-2482
-313
41
-1978
-3919
-3502
-1303
64
-548
-2042
-2217
-624
1088
1154
-201
-1186
-708
448
480
-875
-2301
-2457
-1617
-943
-1455
-2751
-3470
-2926
-1783
-1134
-1173
-1499
-1247
-222
801
1265
1544
2197
3170
4072
4508
4439
4633
5151
5083
4330
3454
2107
337
-238
1191
2532
1648
-1042
-3526
-3912
-1961
204
-271
-2882
-4615
-3469
-1013
-1
-1146
-2642
-2370
-570
873
537
-768
-1329
-444
468
-168
-1711
-2563
-2217
-1347
-848
-1217
-2078
-2567
-2376
-1669
-759
-97
-137
-360
-246
523
1723
2833
3244
3260
3660
4514
5232
5050
4117
3242
2862
1884
435
190
1656
2669
1498
-1124
-3114
-2894
-767
819
-245
-2756
-3927
-2559
-535
-128
-1477
-2726
-2287
-588
554
-54
-1413
-1844
-928
-93
-498
-1726
-2567
-2311
-1470
-1070
-1778
-2784
-2791
-1689
-590
-402
-925
-1066
-90
1133
1545
1241
1456
2624
4046
4668
4074
3651
4274
5002
4628
3580
2233
636
-234
663
2154
2217
425
-2018
-3281
-2275
-75
568
-1301
-3614
-3829
-1942
-302
-615
-2165
-2753
-1705
-106
330
-671
-1779
-1608
-603
-422
-1311
-2361
-2703
-2020
-1003
-930
-1727
-2133
-1606
-827
-446
-461
-506
20
865
1272
1292
1737
2775
3902
4311
4107
3862
3913
4028
3881
3200
1637
80
-41
1477
2569
1751
-548
-2470
-2543
-865
545
24
-1942
-3211
-2463
-781
-255
-1354
-2563
-2456
-1148
54
-185
-1486
-2115
-1464
-513
-542
-1493
-2481
-2501
-1582
-889
-1247
-2030
-2216
-1632
-699
-113
-233
-487
-65
715
1092
1150
1510
2280
3194
3729
3577
3261
3642
4178
3952
3231
2412
1200
150
463
1853
2507
1465
-652
-2277
-1991
-158
996
-152
-2478
-3551
-2497
-877
-605
-1728
-2866
-2727
-1460
-387
-649
-1713
-2152
-1579
-870
-865
-1582
-2330
-2096
-1016
-362
-747
-1322
-1296
-697
-44
209
52
149
685
995
1000
1228
1980
2746
3193
3078
2816
2875
3205
3165
2720
1837
660
109
862
2049
2149
853
-907
-1727
-1001
463
889
-430
-2083
-2455
-1376
-437
-682
-1932
-2669
-2116
-910
-388
-1114
-2023
-2096
-1342
-753
-914
-1692
-2162
-1711
-768
-406
-793
-1321
-1340
-637
172
348
-43
-129
360
873
1052
1097
1315
1985
2656
2732
2287
2260
2850
3138
2787
2219
1502
710
502
1069
1801
1851
1076
-246
-1099
-810
217
569
-280
-1631
-2299
-1817
-1097
-937
-1523
-2155
-2293
-1739
-1156
-1170
-1679
-1981
-1809
-1415
-1134
-1295
-1583
-1463
-970
-719
-829
-924
-675
-152
258
253
26
120
602
1002
1053
1082
1413
2045
2517
2554
2254
2202
2380
2532
2433
2009
1095
329
622
1730
2345
1730
251
-1022
-1001
178
1081
430
-1207
-2293
-1936
-949
-521
-1182
-2189
-2521
-1900
-1104
-1050
-1608
-2007
-1850
-1362
-980
-1045
-1352
-1292
-722
-256
-230
-513
-834
-773
-175
412
432
36
-207
-123
320
859
1103
1051
1104
1307
1460
1562
1661
1819
1947
2029
1948
1718
1402
1310
1596
2148
2435
2011
1007
204
182
602
745
115
-1036
-1957
-1927
-1299
-1013
-1550
-2402
-2945
-2750
-2089
-1682
-1879
-2246
-2273
-1902
-1286
-851
-787
-857
-709
-460
-198
7
169
268
397
421
309
282
429
653
769
777
728
802
1034
1225
1239
1123
1155
1379
1556
1542
1447
1399
1426
1621
1909
2045
1914
1585
1179
848
679
584
300
-245
-866
-1265
-1314
-1278
-1435
-1937
-2470
-2578
-2203
-1767
-1746
-2049
-2251
-2009
-1399
-762
-585
-721
-737
-490
-90
294
372
107
-31
130
334
308
127
24
172
436
495
222
-43
77
450
767
739
533
463
767
1334
1818
1944
1876
1907
1902
1856
1857
1822
1671
1532
1202
592
-29
-308
-339
-410
-847
-1531
-2105
-2282
-2082
-1843
-1901
-2220
-2391
-2154
-1591
-1020
-728
-725
-687
-392
61
368
436
376
400
477
516
334
84
85
288
357
145
-218
-463
-412
-185
-43
-151
-303
-268
-33
438
855
1057
1145
1358
1556
1705
1914
2066
1963
1673
1417
1181
926
685
490
282
-16
-457
-963
-1296
-1324
-1285
-1490
-1861
-2107
-2007
-1583
-1142
-1043
-1159
-1079
-702
-286
1
128
230
371
522
514
318
189
286
452
406
117
-251
-428
-362
-208
-247
-432
-610
-670
-532
-246
85
286
452
644
844
1031
1285
1416
1410
1406
1354
1154
940
832
762
669
452
83
-305
-548
-558
-484
-613
-929
-1221
-1262
-1105
-762
-481
-490
-610
-548
-301
-20
152
162
129
190
274
180
17
-8
148
239
66
-282
-522
-495
-316
-272
-466
-707
-806
-689
-404
-80
70
117
223
401
588
806
965
972
931
947
916
811
720
644
496
273
39
-196
-333
-352
-396
-592
-813
-941
-854
-621
-419
-387
-452
-433
-227
79
273
308
310
413
532
555
422
247
188
275
358
274
-29
-313
-395
-332
-313
-426
-625
-796
-831
-691
-441
-254
-135
-34
70
199
402
640
776
769
680
591
545
585
618
500
283
48
-165
-308
-332
-345
-480
-678
-819
-793
-609
-393
-303
-349
-309
-141
86
256
376
481
562
615
604
546
482
483
535
548
413
153
-96
-231
-245
-267
-381
-564
-746
-804
-681
-458
-314
-264
-219
-135
-47
91
299
467
532
511
465
400
378
385
345
205
12
-183
-273
-310
-346
-420
-541
-637
-623
-486
-390
-346
-306
-225
-99
106
256
340
444
606
724
762
744
656
552
523
563
552
412
184
-23
-125
-159
-210
-354
-560
-734
-755
-613
-473
-421
-416
-410
-379
-236
-13
158
217
187
125
104
194
309
306
192
71
-29
-110
-149
-154
-202
-296
-358
-379
-358
-265
-189
-174
-149
-51
61
156
241
318
409
534
594
536
478
491
538
600
623
507
277
86
9
21
7
-79
-282
-524
-610
-497
-331
-281
-326
-417
-464
-393
-209
-47
-17
-90
-196
-232
-153
-17
46
-9
-136
-230
-240
-187
-129
-132
-172
-225
-180
-56
87
128
99
95
190
299
366
392
412
460
537
605
589
504
416
412
485
547
470
267
76
-2
23
28
-57
-233
-398
-459
-392
-287
-268
-370
-490
-515
-429
-310
-245
-266
-330
-371
-384
-353
-285
-223
-247
-307
-346
-309
-230
-153
-102
-87
-94
-62
33
172
289
341
359
390
455
511
526
503
512
559
591
572
503
399
350
402
464
418
252
64
-41
-15
33
-8
-155
-309
-372
-328
-215
-167
-269
-443
-516
-462
-358
-274
-287
-404
-516
-535
-476
-390
-325
-310
-388
-446
-417
-307
-210
-125
-82
-72
-35
82
250
363
403
422
471
518
581
609
569
500
488
488
474
421
323
233
237
313
301
205
72
-43
-66
1
17
-72
-192
-259
-230
-128
-20
-51
-189
-311
-344
-300
-213
-198
-304
-445
-519
-500
-427
-355
-364
-452
-523
-498
-411
-297
-171
-73
-34
11
129
292
415
478
493
506
526
570
564
506
455
414
373
315
241
138
79
62
78
77
43
-32
-114
-118
-55
-14
-47
-108
-129
-77
33
134
124
7
-130
-198
-168
-98
-89
-183
-346
-449
-457
-393
-325
-317
-396
-496
-518
-430
-262
-104
-30
-16
35
148
296
424
505
503
466
435
447
464
449
379
302
257
216
142
36
-59
-104
-103
-86
-84
-146
-232
-279
-230
-131
-60
-55
-61
-48
-3
66
110
68
-49
-108
-93
-27
8
-46
-165
-256
-301
-298
-235
-195
-244
-344
-382
-334
-206
-64
22
65
118
222
323
404
470
503
493
449
410
392
374
334
274
245
199
111
-22
-136
-186
-171
-144
-170
-245
-322
-332
-271
-196
-156
-157
-170
-143
-62
29
83
69
-14
-96
-103
-45
-13
-54
-158
-258
-305
-284
-249
-227
-241
-298
-356
-338
-222
-68
53
104
135
221
350
469
562
602
585
557
559
554
521
462
376
287
228
176
78
-60
-166
-190
-179
-197
-260
-356
-426
-406
-327
-288
-282
-276
-259
-216
-118
-25
-16
-84
-143
-136
-96
-78
-128
-226
-305
-317
-286
-249
-209
-204
-244
-265
-196
-62
87
190
225
242
312
451
606
706
717
659
624
640
655
613
505
362
259
193
126
29
-82
-197
-263
-274
-262
-307
-405
-490
-512
-456
-382
-353
-363
-335
-252
-148
-74
-71
-150
-220
-214
-182
-182
-199
-235
-275
-307
-294
-246
-186
-159
-185
-212
-164
-31
109
205
253
286
338
453
597
716
759
733
690
679
715
719
632
485
352
261
206
130
21
-108
-198
-238
-263
-316
-406
-482
-512
-512
-480
-459
-448
-417
-359
-281
-224
-217
-254
-287
-273
-236
-220
-236
-277
-307
-297
-245
-188
-150
-141
-152
-147
-96
12
121
205
251
261
289
369
508
618
657
636
613
628
687
713
635
492
373
310
273
221
129
29
-45
-78
-108
-163
-262
-376
-447
-454
-410
-394
-414
-434
-399
-337
-286
-289
-354
-426
-424
-369
-331
-329
-352
-355
-323
-276
-236
-210
-185
-146
-99
-28
51
119
187
269
316
342
383
454
531
598
641
621
593
597
620
608
542
451
370
328
314
285
204
107
41
-14
-66
-123
-187
-278
-348
-375
-393
-407
-403
-406
-411
-381
-353
-384
-446
-492
-507
-514
-506
-509
-515
-496
-442
-398
-354
-281
-213
-163
-117
-68
14
138
250
320
355
394
463
562
646
671
648
634
661
697
677
591
500
469
467
446
374
278
212
181
156
93
5
-90
-161
-196
-231
-288
-344
-365
-361
-354
-363
-393
-458
-515
-529
-531
-555
-594
-622
-612
-580
-550
-518
-461
-383
-313
-260
-201
-136
-52
51
148
227
284
340
400
473
552
602
601
586
600
630
639
603
542
484
457
452
428
357
280
234
220
197
143
53
-21
-61
-87
-142
-220
-272
-287
-282
-286
-330
-405
-471
-499
-511
-544
-593
-631
-626
-583
-542
-514
-485
-440
-379
-311
-230
-168
-110
-29
77
166
216
252
307
385
473
525
505
471
483
542
565
536
465
399
388
412
401
323
247
216
239
241
192
119
78
64
45
-7
-101
-163
-166
-141
-162
-222
-314
-394
-421
-419
-454
-532
-593
-610
-594
-567
-546
-532
-508
-450
-373
-308
-245
-183
-109
-24
57
97
108
158
263
365
415
412
396
434
519
557
513
455
425
425
423
403
366
343
331
313
288
260
225
173
133
111
87
37
-4
-27
-36
-48
-97
-178
-275
-326
-344
-378
-444
-515
-560
-572
-545
-531
-538
-537
-506
-479
-447
-392
-340
-292
-229
-162
-112
-54
35
135
224
297
332
344
390
475
537
536
501
457
454
482
490
446
371
313
294
286
250
195
145
118
104
83
35
-13
-28
-22
-23
-46
-95
-157
-203
-231
-269
-315
-365
-410
-446
-454
-444
-446
-457
-453
-441
-427
-405
-380
-339
-287
-231
-186
-144
-79
5
101
191
251
291
347
431
486
495
473
452
454
465
446
397
343
297
255
217
182
140
113
85
48
17
13
24
22
-13
-55
-71
-69
-81
-111
-157
-199
-240
-275
-311
-342
-352
-361
-381
-397
-399
-388
-372
-353
-336
-320
-292
-228
-161
-124
-78
-9
68
148
216
269
340
427
480
468
439
440
450
436
407
377
338
288
244
196
156
142
112
49
-14
-40
-34
-26
-36
-65
-93
-91
-79
-92
-131
-174
-208
-242
-276
-298
-304
-302
-307
-336
-357
-353
-329
-298
-282
-287
-295
-270
-210
-147
-110
-74
-28
32
101
170
235
298
371
426
438
420
418
432
445
426
383
342
315
287
238
181
122
77
30
-28
-73
-95
-101
-109
-122
-149
-169
-168
-155
-146
-157
-196
-235
-248
-237
-214
-201
-208
-226
-243
-252
-238
-201
-168
-170
-203
-230
-208
-154
-111
-92
-62
-12
49
104
151
200
270
346
376
361
339
337
368
409
422
387
334
288
253
231
192
125
30
-61
-119
-125
-117
-135
-173
-195
-210
-217
-218
-225
-224
-212
-205
-212
-199
-175
-140
-120
-117
-139
-149
-139
-105
-83
-88
-113
-146
-155
-133
-98
-86
-81
-60
-12
46
94
125
162
219
286
315
296
273
294
353
385
370
317
262
232
219
191
131
60
-23
-90
-124
-135
-149
-174
-197
-208
-209
-202
-195
-188
-183
-177
-158
-138
-111
-72
-30
-17
-39
-80
-93
-59
-13
-7
-64
-125
-139
-116
-94
-98
-118
-133
-111
-61
-15
16
50
112
197
260
277
263
257
275
328
362
335
265
216
203
199
174
111
21
-62
-105
-116
-123
-145
-186
-232
-244
-221
-189
-167
-143
-130
-122
-103
-64
-27
-6
9
5
-13
-26
-28
-20
-12
-43
-103
-145
-144
-121
-111
-142
-189
-201
-173
-118
-64
-16
37
83
118
156
201
255
300
319
311
288
276
266
255
221
174
119
53
-11
-56
-82
-103
-125
-146
-164
-163
-146
-129
-104
-88
-75
-57
-31
3
39
69
72
58
29
18
23
31
20
-28
-84
-131
-152
-162
-168
-185
-213
-241
-241
-206
-161
-124
-92
-38
18
73
110
145
195
251
282
284
266
247
229
210
184
142
80
3
-47
-63
-75
-91
-113
-137
-138
-109
-78
-58
-46
-38
-6
41
83
93
97
102
106
98
79
57
44
34
10
-22
-68
-107
-133
-165
-188
-190
-203
-217
-202
-168
-127
-85
-50
-37
-2
62
123
153
180
199
215
216
199
190
180
148
95
41
-12
-28
-42
-65
-104
-142
-156
-139
-118
-101
-92
-80
-52
-20
16
38
50
71
97
102
97
106
114
102
67
23
-28
-63
-93
-118
-133
-122
-121
-140
-164
-172
-153
-116
-105
-99
-69
-16
47
87
123
168
212
220
206
184
173
164
147
99
38
-14
-32
-30
-36
-58
-99
-118
-114
-93
-83
-78
-79
-64
-29
9
35
51
73
90
98
82
62
56
59
54
26
-25
-77
-96
-103
-114
-143
-171
-181
-172
-159
-156
-152
-124
-71
-22
13
41
85
130
184
223
229
211
205
204
186
154
110
58
15
-8
-30
-48
-73
-100
-117
-115
-107
-93
-72
-60
-42
-18
10
30
58
93
118
128
121
101
91
94
92
65
15
-37
-79
-98
-108
-127
-161
-183
-205
-210
-200
-176
-154
-124
-89
-53
-10
27
60
92
126
146
155
146
137
135
138
115
67
15
-20
-24
-17
-27
-41
-54
-48
-42
-31
-23
-15
3
15
36
56
80
99
123
141
137
123
118
108
99
73
27
-5
-26
-52
-85
-119
-129
-141
-161
-177
-175
-168
-163
-160
-155
-140
-118
-80
-42
-13
16
50
67
57
49
33
24
33
20
2
-8
-9
-14
-13
-14
-16
-12
-4
28
71
69
41
34
48
96
148
164
179
192
182
179
177
168
144
107
79
61
60
34
2
-28
-54
-76
-122
-161
-167
-162
-167
-165
-183
-198
-177
-154
-126
-89
-79
-78
-70
-44
-23
-21
-30
-50
-59
-65
-67
-69
-86
-95
-66
-22
25
64
87
95
94
119
121
123
145
175
177
163
161
161
183
195
178
137
116
110
100
73
66
45
2
-28
-61
-77
-76
-78
-90
-96
-105
-92
-95
-117
-116
-118
-117
-111
-119
-117
-107
-94
-89
-111
-161
-196
-210
-205
-190
-179
-163
-108
-47
14
64
99
112
97
109
120
164
215
224
230
231
239
235
209
192
202
190
163
161
128
71
42
6
-46
-83
-96
-86
-52
-28
-19
-57
-93
-82
-74
-104
-116
-89
-73
-61
-65
-103
-130
-148
-170
-176
-184
-198
-203
-178
-136
-88
-68
-51
-14
23
53
96
139
136
145
163
185
209
211
188
168
133
126
145
134
120
101
65
40
16
5
-3
-33
-76
-80
-66
-52
-23
-27
-31
-11
-12
-15
-8
-32
-48
-72
-86
-70
-63
-77
-99
-108
-133
-149
-165
-183
-184
-182
-164
-120
-98
-85
-72
-37
10
82
113
132
132
128
157
184
187
180
146
139
150
127
81
22
3
-12
-1
-8
-13
-7
-5
-8
-27
-29
-25
-11
-16
-6
-9
19
49
43
37
-3
-5
1
25
36
9
-34
-85
-132
-165
-170
-193
-216
-222
-197
-191
-158
-154
-99
-39
14
80
154
202
204
206
201
204
188
146
141
148
171
177
126
61
15
5
-37
-68
-90
-86
-47
-19
-14
43
66
59
36
-1
-30
-16
-30
3
9
34
30
45
20
52
-1
-113
-188
-209
-218
-208
-165
-194
-80
-73
39
-86
111
-411
-929
-1310
-1261
-1300
-1264
-660
522
2082
3017
3104
1963
1086
-389
-1191
-1703
-1310
-429
807
1920
1944
1565
422
-520
-1536
-1666
-1697
-779
-41
774
1018
818
448
-70
-348
-1065
-966
-1105
-468
-520
29
300
1261
1628
1718
887
66
-585
-1217
-918
-1325
-710
-433
569
160
-175
-825
-752
-438
201
365
328
681
187
129
-637
-515
-638
124
405
660
585
364
224
-97
-170
-269
244
524
1141
1010
918
587
397
-35
-625
-1024
-1106
-681
-304
166
424
509
76
-336
-765
-677
-210
350
733
883
625
7
-431
-833
-893
-645
126
572
960
592
100
-594
-859
-980
-633
-105
430
790
694
446
-59
-342
-938
-935
-1229
-843
-1081
-739
-792
31
667
1444
1588
1297
832
-62
-312
-714
-116
212
1458
1679
1860
998
279
-757
-1167
-1030
-723
138
436
705
106
-344
-1145
-1335
-1376
-793
-223
317
641
578
323
-134
-148
-217
-55
136
317
212
108
-66
-74
11
182
137
289
291
112
-90
-164
-134
4
318
550
339
-59
-113
-411
-321
-424
-90
367
686
721
442
125
-68
-131
-14
31
178
441
118
118
-533
-927
-1059
-976
-785
-442
164
652
814
520
229
-307
-560
-766
-531
-221
246
746
863
611
220
-199
-328
-265
-250
-158
124
259
86
-272
-342
-439
-349
-62
206
315
404
319
256
-1
-80
181
160
245
109
254
194
18
-139
-225
5
194
274
-8
40
44
-4
-237
-123
-204
-211
217
69
-253
-657
-672
-621
-188
0
125
87
437
235
-413
-273
-279
-17
40
135
325
122
70
-118
-268
-62
-27
376
425
292
-163
-35
287
657
332
56
-31
19
275
-484
113
-62
713
538
422
37
-393
-393
-666
-385
-594
-14
69
764
263
192
-259
-587
-483
-894
-139
-95
398
160
154
-209
-369
-274
-63
277
91
302
465
568
387
-264
-600
-937
-95
302
568
260
576
483
-176
-395
-545
-251
-248
-136
-39
438
840
644
-71
-65
-190
381
610
213
-172
-93
431
230
4
-348
-313
157
355
-356
-721
-713
-808
-86
229
-76
-409
-341
47
-122
-88
-173
-276
-25
127
73
20
36
74
397
179
499
449
209
-345
-477
-486
-20
139
244
-133
-140
22
-350
61
-8
131
470
689
543
347
146
141
-115
22
218
181
174
3
-245
-224
136
325
11
-507
-373
-340
-655
-843
-406
535
286
150
-222
13
-81
-405
-664
-708
323
312
986
614
341
-673
29
179
-81
-598
-325
160
184
352
248
233
-857
-452
-381
430
408
860
290
273
87
-387
-106
-302
254
81
1051
716
268
-512
-642
-129
124
545
32
145
121
98
50
-627
-557
-393
255
75
-372
-440
-668
-585
-105
113
198
384
671
627
-83
-589
-547
-168
58
89
239
334
341
-225
-669
-383
219
340
650
750
-12
145
-645
-878
-908
-118
446
593
1069
827
245
-334
-714
-192
-167
422
749
389
50
-550
-232
-637
67
-324
205
334
441
126
-1028
-243
-695
72
-86
83
320
57
273
-388
-413
-507
-57
199
564
388
104
113
-80
-186
-134
186
105
-120
315
198
-243
-650
-687
260
-41
0
-323
513
628
304
-37
19
570
342
101
-622
268
-96
672
133
136
104
-452
-17
-525
353
-374
-170
-427
148
12
-650
-711
-625
331
550
300
126
554
468
-181
-869
-1209
-160
426
904
986
207
-21
-293
-194
-527
-240
223
194
-163
-28
316
-280
-486
-409
385
444
667
157
386
-241
-374
-531
-2
115
517
558
390
67
-342
11
-335
-140
-377
-119
194
352
425
-631
3
-386
550
-403
204
-286
-114
-111
-333
483
-610
429
-690
-22
-228
440
575
36
363
-308
328
-207
-523
-167
-305
783
-310
358
-182
100
274
374
-18
-767
601
-13
428
-582
164
176
320
120
-263
-57
148
-206
-277
-258
125
-35
164
3
-396
-68
-292
180
-213
598
-54
881
167
368
-511
-644
-412
-27
659
503
0
-437
-301
-300
-155
-495
-374
623
268
618
-177
-237
-784
-698
-408
635
1330
579
178
-128
389
-418
-403
-441
425
795
468
-116
-646
-175
-171
-739
-261
-270
450
114
395
-335
-143
-453
-65
28
360
212
-33
71
318
271
-169
-89
-61
489
20
260
-322
235
-524
59
-74
-303
230
-321
337
-385
-355
-667
-188
-244
161
263
282
453
343
196
7
79
303
231
148
31
-169
304
-310
-230
-446
-59
500
197
75
-417
-152
-539
1
273
-256
-181
29
803
-179
276
-452
28
118
-212
423
-425
805
-880
84
-602
561
201
163
-23
74
492
-255
-281
-752
46
187
503
61
-34
-81
464
-139
118
-329
216
234
655
-340
-176
-174
433
210
-348
-275
-514
395
-108
-140
-746
-92
-147
490
-153
220
-544
185
-25
347
113
130
-23
369
314
-77
-9
-329
107
-195
211
-25
-395
-130
-160
-69
-145
-130
-42
502
123
97
123
53
12
-360
252
49
222
135
212
51
227
-181
-91
-42
-176
132
-217
151
-75
-186
-209
-62
-160
-144
-117
-153
-127
-11
-87
36
-180
-20
-51
122
430
296
127
366
377
120
-130
-95
-441
230
-13
-17
-179
-211
-15
-60
-99
-230
-457
130
151
45
-52
-361
193
-27
360
214
312
273
450
349
-95
-165
-310
34
-91
-137
294
-281
-27
-631
62
-293
-145
-40
191
51
17
-211
-360
31
-364
510
-106
794
-233
739
-345
619
-36
160
208
-193
-306
-487
-69
-288
318
-222
462
-92
524
-410
-180
-377
-270
423
184
536
-449
154
-368
143
-81
-119
34
326
555
-52
223
-613
-3
-301
-3
42
-151
111
-386
388
-403
-84
-174
240
830
6
648
-513
176
-363
-91
-36
41
215
92
237
20
-192
-322
-11
81
-299
-433
-25
186
-107
-126
-22
-1
28
-22
-120
-74
-18
-117
323
70
212
15
11
124
-142
333
319
171
-33
299
-167
-442
-23
-313
88
-187
-63
426
-203
-30
-799
224
-106
568
-265
319
-50
88
405
-177
132
-173
393
-85
328
-266
157
-366
-29
-106
143
249
-75
-144
-245
236
-473
-315
-273
-118
58
-295
-137
-64
227
511
337
133
-40
69
212
-24
-393
274
-3
386
-96
130
-81
-167
503
-736
444
-600
311
-246
-106
24
-108
11
-160
402
51
166
-293
408
-307
228
-287
26
1
-175
416
60
478
-42
94
-53
-379
-542
-413
-15
20
134
211
234
73
-53
-95
-357
-483
-2
73
479
200
-241
154
119
432
-9
89
81
75
212
-302
-99
-497
204
-515
456
63
445
-112
-637
12
141
259
-135
17
82
367
-248
33
-398
-239
278
-221
347
-423
424
-332
39
-200
93
223
38
303
-472
29
-148
396
-162
218
-95
535
295
-191
-322
-381
16
304
0
-154
87
164
186
-150
-138
-8
-56
175
1
40
-256
-30
-325
19
70
175
70
-42
450
-332
133
-395
-3
-124
22
84
216
-255
339
-395
235
-220
-35
320
-289
70
64
3
-276
311
-286
356
-399
121
-9
332
-26
-6
249
61
148
-204
97
-670
368
-121
339
20
217
-162
89
-248
88
25
-331
181
110
293
-396
-290
-153
123
-89
-86
-214
263
-14
-45
-150
-15
153
113
158
-177
-1
-68
-220
153
97
174
-23
-173
165
4
-114
-199
-93
183
37
167
9
89
29
-130
36
27
26
180
9
166
6
20
-1
149
-188
299
-204
61
-185
-493
206
-61
303
-239
0
-49
235
-189
-112
63
3
413
-154
103
-79
-168
-53
-527
293
-350
531
-8
205
-263
-108
182
-271
105
-160
306
-361
268
-250
107
28
-189
417
-17
265
230
73
-17
39
-340
166
-72
88
-170
247
143
137
-557
305
-633
187
-486
-252
259
-52
373
-254
141
31
125
-198
227
195
-34
-219
70
396
79
-83
-43
266
123
131
-418
-235
-9
-117
35
-660
99
-103
367
-102
-20
-58
258
-207
440
-711
177
-49
369
147
-363
336
284
120
-64
-255
-14
249
-333
351
-456
315
-252
-96
-271
-25
141
60
25
462
-6
55
-240
-67
-89
-308
108
208
213
109
-164
240
-519
237
-12
419
-68
99
-255
86
122
-88
-180
-247
19
267
49
-120
-234
-160
205
50
-39
142
-41
458
-269
-91
-161
59
189
-181
-131
268
-133
436
-603
136
-133
198
15
-250
51
272
29
-344
-36
-235
540
-54
97
-253
148
-65
326
-357
124
-360
161
281
-442
303
-486
178
-241
14
102
-5
157
122
105
5
-65
27
-147
-155
87
-43
225
102
12
436
-294
17
-150
-194
216
-177
198
26
113
78
-289
255
-226
-66
-295
103
374
-142
185
-404
128
178
24
-18
45
-190
348
-102
52
19
-229
285
-326
150
-185
-235
56
-210
43
166
-272
327
-333
176
164
-234
285
-275
275
121
-239
424
-208
449
-82
-159
59
126
73
-238
-65
149
296
-88
-144
264
-276
-28
-397
-197
78
18
-79
168
-27
262
-48
-123
185
-164
-80
-42
-171
398
-303
15
388
-258
619
-667
437
-191
-5
-181
-414
272
6
484
-424
542
-444
294
-537
-193
-100
-70
404
-302
357
16
176
147
-60
273
-443
502
30
-11
-104
-161
410
-166
43
-80
7
149
-307
-67
-394
158
-260
361
-219
106
103
-103
119
-345
-355
220
-154
231
-78
168
115
-78
287
-270
243
-76
-414
177
-129
62
-80
-91
64
244
135
45
124
-136
207
-326
-28
114
-287
186
212
237
102
-373
47
268
-365
378
-387
68
-40
-175
-114
-17
147
60
204
-56
374
-287
-41
-438
138
-275
55
63
276
347
-329
453
-474
553
-493
-3
-110
34
131
42
37
-31
5
-128
173
-48
207
-196
23
-8
107
-49
-158
-105
127
-31
213
-189
63
117
-136
158
-344
270
-101
-31
161
-198
244
30
51
-93
106
-314
289
-444
-101
248
-305
466
-385
325
202
-233
-14
137
-302
334
-349
212
334
-316
369
-84
38
132
-384
-38
31
-157
209
-231
41
31
177
9
-174
-232
-11
254
-17
-174
-203
282
88
243
-326
234
-104
101
-228
-62
-83
-22
30
-123
552
-469
410
-449
113
-255
-184
51
144
-140
282
-139
148
466
-639
684
-637
526
-38
-23
150
-180
115
-141
224
-100
182
-359
381
-190
-28
-226
-253
461
-604
402
-552
263
142
-277
382
-431
463
-159
226
-88
-115
34
-47
318
-328
270
-120
184
235
-411
353
-381
187
-99
-61
-132
-119
253
-190
285
-300
282
-170
49
182
-312
195
-57
349
143
6
326
-298
229
-581
315
-255
70
52
24
209
-208
127
-339
370
-456
72
-184
-18
347
-535
318
-212
261
-71
-101
57
22
102
-301
21
67
-101
169
-275
426
-326
248
-103
-32
-42
78
-109
120
228
-199
371
-353
430
-277
74
-29
-95
140
-177
118
15
104
16
187
-83
225
-348
80
-70
-133
157
-282
161
-29
-79
-58
-176
183
79
26
-167
-8
29
-59
-214
-198
9
142
178
126
27
282
-50
-93
-136
-73
-146
-4
154
119
197
-200
128
-86
-18
-125
-48
104
8
-36
-285
211
-13
138
-133
59
234
-3
-84
-64
-166
13
-113
-57
388
51
-4
162
-24
118
-64
-128
65
-189
162
-457
49
-43
-34
24
-65
210
-2
34
43
-98
-36
-192
52
173
47
210
-201
219
-66
-89
-117
-127
198
19
-223
72
179
-131
223
-376
181
256
-420
300
-372
345
47
-160
67
-68
687
-339
306
-396
17
80
-269
11
107
-155
269
-17
-32
326
-523
211
-109
-99
110
-358
256
39
-58
460
-490
511
-148
-253
431
-673
377
-253
-70
285
-360
309
-55
-230
546
-549
91
98
-602
854
-612
155
256
-153
386
-300
-131
458
-407
193
-8
-102
635
-502
314
-239
-124
171
-351
282
-227
-42
457
-378
68
3
-216
518
-351
17
250
-463
551
-428
60
216
-304
712
-336
9
311
-559
470
-285
-182
462
-556
527
-236
-340
317
-654
211
-51
-462
460
-372
123
292
-649
576
-281
144
294
-281
482
-177
19
245
-315
374
-240
28
447
-651
614
-335
-91
252
-492
335
-100
-350
434
-240
-38
395
-686
752
-10
-361
517
-391
121
143
-551
449
60
-368
436
-346
171
197
-511
106
136
-278
170
-85
-204
348
-69
-153
234
-155
-32
324
-437
229
195
-410
629
-139
-148
597
-488
198
52
-526
282
-58
-171
297
-178
40
356
-346
103
130
-234
80
-1
-175
78
175
2
0
125
-64
92
39
-302
83
-158
-200
205
-165
-51
322
-1
60
60
-274
106
-131
-78
-41
37
115
1
135
-47
-2
40
-20
-27
19
-105
-37
18
-63
-31
-36
15
92
88
-92
-63
8
-150
20
-20
-102
202
73
-13
147
-15
-45
39
-15
-161
70
-9
-74
13
0
74
90
-42
-55
194
-134
25
17
-124
62
106
-259
179
10
-139
244
-134
-16
39
-150
55
68
-125
151
-28
-14
220
-55
-53
-79
-79
28
-87
-38
56
-27
-16
5
-154
30
-68
97
136
-67
13
48
75
-59
72
-111
137
106
-17
166
-108
9
122
-158
81
-57
-210
186
-175
61
8
-60
241
-34
-146
-33
69
-73
-194
47
77
154
46
34
-33
55
-53
-85
-102
164
273
-82
-66
-88
54
202
-389
-105
47
-2
186
-176
-167
167
14
20
89
-244
119
57
-82
23
-56
195
88
13
33
1
145
-111
49
-34
-32
70
-99
-27
13
-10
-55
159
13
-69
-71
-37
-69
-53
-110
-37
224
-33
50
8
-4
5
-294
-29
-149
16
74
49
81
-127
-17
140
-21
-78
-15
-131
159
-56
-139
130
-37
174
30
48
-5
107
20
-83
40
72
-28
-65
64
-36
57
-27
-12
-22
54
130
-31
-25
43
38
11
-114
-156
194
-128
-105
118
11
5
-165
1
12
-98
83
34
-4
125
-124
20
-51
-203
247
62
-152
182
-49
34
82
-294
162
107
-13
30
-145
67
-13
71
70
-171
173
248
-235
-24
-75
-142
321
-133
-166
195
-14
-17
-7
-113
76
40
191
17
-14
67
-82
77
54
-141
-70
70
-98
-15
-61
-153
4
80
4
-88
48
-52
-77
-122
-88
-25
73
135
14
16
40
48
-56
21
1
6
136
91
-92
13
101
-53
-97
92
-38
46
59
-150
-70
-47
3
-1
76
25
-8
90
49
-175
94
-19
23
56
-126
125
127
-110
9
-22
-52
161
-141
-49
4
-72
-25
-4
-87
-9
187
-16
-9
-36
16
65
-30
-77
43
79
34
31
33
42
3
-135
-5
-36
-144
57
-4
-44
40
74
-60
119
-21
-76
-28
8
-29
-106
-20
26
68
111
41
-84
20
73
18
-141
-27
-34
-42
116
-14
-30
94
68
32
-12
-42
120
35
-25
-22
-88
58
-29
2
24
93
25
4
-14
-54
-122
-66
-65
-81
60
-29
42
132
28
-12
6
-64
-41
-14
2
-21
0
10
139
-66
-68
36
-49
-10
-17
49
-28
124
120
-15
-132
-18
-14
-68
6
-29
63
87
37
-65
29
-63
-25
7
43
54
2
12
-15
-58
-40
11
22
95
-78
-9
13
-21
49
50
-37
-2
4
-60
-32
-63
22
58
23
14
25
-25
46
-12
-73
-34
-23
30
12
-65
-16
9
-60
23
-12
20
129
-7
-68
8
27
85
36
-32
2
3
-11
-36
-50
-30
128
64
-18
-19
-8
18
6
-27
-60
7
-2
-24
-85
-16
-23
79
89
33
55
85
6
-69
-86
-87
24
12
71
74
-36
-28
28
-67
-27
-98
-69
26
43
18
-76
-36
69
-23
-88
-52
-98
37
79
-34
12
49
78
127
-1
-34
54
45
66
10
-25
-36
105
104
-20
-31
26
28
61
-3
-123
-71
-16
27
22
-51
14
84
101
51
-37
-85
-19
32
35
-17
-2
70
79
45
-104
-75
-69
-43
-66
-40
-79
-4
-28
-26
-79
-176
-93
-30
59
77
16
2
65
62
44
-1
-41
48
85
120
8
-57
-37
10
14
82
26
-7
1
-41
-45
-70
-8
2
53
59
10
-44
-61
-86
-50
30
22
61
110
3
-23
4
14
-98
-75
-57
38
22
0
-74
13
23
-39
-87
-81
-24
17
70
-57
18
9
23
-41
25
49
96
47
1
-25
-31
25
33
-39
-29
85
65
32
0
-9
-14
2
-53
-78
-1
36
18
51
79
67
72
81
-56
-57
-39
-17
-34
-19
48
124
77
38
20
14
17
-74
-125
-80
-37
-59
-28
-65
3
35
2
-7
14
1
32
36
9
33
28
-30
-16
8
7
39
58
45
28
-2
-37
-67
-65
-30
-9
18
38
36
17
51
24
22
-22
-63
-57
-27
-20
2
-6
-39
-11
-4
32
-2
-14
-12
26
-13
19
0
-13
-4
-14
-44
-48
10
27
20
2
32
11
36
25
4
14
22
5
16
-18
-30
43
15
-16
25
12
-14
19
16
-21
11
-17
-42
-31
-16
3
41
6
-45
-4
-43
-58
-35
6
-19
30
2
-26
-52
-56
-71
-50
-28
-13
76
70
41
-30
-35
-66
-4
-26
-4
39
82
45
6
-11
-31
31
55
57
-8
38
30
-2
-61
21
54
55
47
15
-63
-76
-22
-17
23
37
63
20
3
-54
-45
-62
-13
37
44
-18
-35
-35
-34
13
31
28
24
47
-9
-27
-37
-9
4
47
34
21
4
-4
-15
-20
12
16
7
-11
0
-35
-33
-55
-29
19
58
52
56
39
10
22
-4
16
34
48
38
53
-21
-45
-29
-14
10
26
26
28
0
-81
-74
-76
-58
-15
41
23
28
13
-27
-56
-42
6
28
48
83
64
-14
-22
-17
-45
-55
-61
-59
-23
-5
-29
-15
-4
8
19
-9
-26
-5
6
-33
-27
6
38
30
30
30
21
13
30
16
-19
-14
14
11
-23
-45
-84
-81
-29
28
21
6
18
43
23
-35
-59
-29
16
29
17
15
29
32
6
-22
-13
16
41
32
14
4
29
15
-19
-39
-30
-42
-29
-9
-18
