-34
-29
-37
-59
-81
-87
-81
-68
-60
-57
-49
-39
-29
-19
-14
-16
-23
-20
-7
6
28
47
53
49
37
16
5
-2
-11
-14
-12
-11
-4
8
12
1
-11
-20
-22
-6
16
41
72
83
67
49
32
16
21
30
24
19
19
19
21
15
7
2
-8
-24
-43
-64
-77
-76
-68
-62
-60
-59
-55
-41
-27
-35
-39
-25
-27
-45
-43
-20
4
16
34
62
90
102
87
61
39
11
-16
-10
30
66
79
82
101
117
126
126
110
98
106
89
69
69
55
25
-6
-10
10
22
50
67
66
68
83
54
-2
-4
7
-5
-3
9
27
21
38
28
-25
-59
-81
-98
-89
-36
4
-18
-52
-31
1
-4
-61
-107
-84
-40
-26
-34
-10
25
-14
-47
-61
-54
-78
-106
-88
-49
-5
-70
-160
-138
-41
-30
-106
-178
-131
3
10
-133
-271
-175
51
78
-90
-207
-105
117
125
-14
-64
127
301
213
63
72
313
460
357
179
235
473
432
178
162
434
576
407
137
186
506
695
404
-17
143
702
898
487
84
120
529
667
351
-99
-37
341
-346
-2184
-3308
-2694
-1891
-2520
-3799
-3027
311
2612
223
-3776
-2955
3026
5731
1144
-4417
-4223
-130
1126
-1273
-3423
-2115
1157
1991
268
-669
1127
2760
1930
372
140
1154
2014
1819
1152
1341
2316
2529
1795
1578
1945
1679
856
529
724
660
240
-135
91
695
961
608
329
259
-243
-1004
-1296
-823
-596
-914
-1106
-1025
-1037
-1151
-1510
-1814
-1783
-1549
-1441
-1428
-1335
-1620
-2018
-2082
-1703
-1211
-746
-545
-828
-1110
-977
-465
26
163
48
229
708
1444
1707
1292
820
1149
2081
2569
2451
2442
2798
2977
2664
2225
2021
1869
1763
1587
1377
1188
1181
1105
421
-431
-536
106
323
-253
-1008
-1408
-1612
-1970
-2601
-3044
-2967
-2690
-2819
-3294
-3496
-3378
-3045
-2914
-2738
-2424
-1941
-1407
-1047
-1000
-1268
-1506
-1000
-336
64
456
928
1157
1102
1334
1784
2426
3059
3575
4290
5087
5690
5426
4113
2341
1544
2346
3404
3247
2295
1743
1649
1146
370
227
122
-299
-836
-929
-891
-1491
-2820
-4065
-4391
-3721
-2712
-2105
-1996
-2336
-2938
-3700
-3892
-3602
-3306
-3440
-3080
-2072
-1327
-1059
-1425
-1850
-2456
-2084
-959
-101
-246
-860
-670
98
870
979
1386
2637
4254
5274
5435
5546
5906
6296
5979
4358
2657
2860
4354
4605
3058
1958
2091
2094
1302
771
719
330
-545
-1290
-1513
-1898
-2596
-3774
-4672
-4618
-3813
-3006
-2708
-2741
-3046
-3355
-3368
-3151
-3454
-4020
-3985
-3284
-2711
-2324
-1853
-1649
-1995
-2197
-1912
-1429
-1105
-948
-845
-461
192
599
901
1517
2477
3364
4432
5501
6299
6948
7633
7964
6712
4433
3055
3599
4311
3559
2369
2400
2871
2331
1205
900
550
-534
-1772
-2046
-1760
-2179
-3262
-4654
-5386
-5326
-4637
-3953
-3587
-3235
-2892
-2758
-2858
-3296
-4023
-4622
-4633
-3958
-3029
-1872
-1097
-1023
-1498
-1837
-1570
-1472
-1591
-1635
-1059
-146
651
1122
1498
2067
2738
3496
4731
6208
7383
8117
8701
8538
6479
4077
3212
3948
3929
2739
2473
3083
3365
2307
1569
792
-682
-2066
-2475
-2160
-2546
-3252
-4087
-5070
-5715
-5425
-4746
-4347
-4109
-3530
-3119
-2834
-2602
-3071
-4294
-5156
-4301
-3252
-2591
-1879
-818
-325
-876
-1258
-1557
-1828
-2048
-1743
-975
8
1122
1750
2177
2615
3275
4192
5313
6530
7541
8677
9292
7872
5415
4019
4350
3945
2577
2303
2939
3338
2753
2617
2035
242
-1618
-2493
-2460
-2967
-3661
-4441
-5285
-5644
-5344
-4794
-4783
-4689
-3908
-3209
-3056
-2949
-2798
-3325
-4339
-4607
-3874
-2812
-1900
-1277
-986
-915
-762
-847
-1289
-1906
-1983
-1505
-487
533
1387
2169
2812
3630
4481
5589
6460
7519
8635
9342
8056
6011
4858
5034
4296
2436
1852
2575
3292
2744
2519
2338
1033
-751
-2116
-2712
-3552
-4367
-4976
-5813
-6074
-5397
-4462
-4561
-4792
-4088
-3374
-3304
-3346
-3288
-3832
-4630
-4437
-3652
-3015
-2471
-1562
-763
-593
-582
-845
-1363
-1999
-2027
-1525
-832
109
1101
2170
3044
3856
4557
5385
6174
7105
8036
8920
8274
6697
5421
5265
4645
2914
1969
2130
2629
2396
2493
2732
1735
119
-1351
-2158
-3103
-4113
-5040
-6102
-6301
-5444
-4346
-4255
-4390
-3721
-3138
-3112
-3134
-3299
-4013
-4842
-4327
-3503
-3086
-2617
-1599
-603
-566
-545
-863
-1433
-2240
-2570
-2258
-1685
-656
404
1517
2620
3877
4627
5116
5480
6320
7254
8211
8129
6916
5977
5803
5612
3856
2458
2083
2188
2026
2030
2681
2109
998
-200
-1016
-2043
-3365
-4610
-6080
-6696
-6093
-5133
-4679
-4384
-3448
-2828
-2668
-2454
-2586
-3586
-4775
-4658
-3934
-3525
-3186
-2287
-1160
-359
5
-290
-1126
-1941
-2374
-2609
-2401
-1637
-513
670
2167
3804
4955
5645
6150
6559
6866
7618
8131
7254
5989
5698
6280
5371
3763
2773
2585
2143
1585
1869
1614
711
-373
-844
-1405
-2711
-4067
-5531
-6575
-6783
-6263
-5721
-5336
-4315
-3154
-2485
-2178
-2029
-2539
-3709
-4468
-4462
-4220
-3969
-3274
-2127
-915
13
382
75
-649
-1503
-2252
-2661
-2409
-1766
-855
525
2493
4513
5759
6542
6884
7359
7685
8079
7306
5840
5029
5446
5700
4416
3476
3178
3133
2318
1896
1893
922
-289
-1172
-1407
-2143
-3252
-4254
-5459
-6151
-6081
-5625
-5489
-5304
-4223
-3230
-2498
-2106
-2038
-2599
-3500
-3703
-3879
-4055
-4058
-3369
-2239
-1301
-432
-83
-90
-409
-990
-1520
-2037
-2123
-1994
-1138
456
2432
4158
5642
7055
8169
8864
9135
8994
7460
5731
4711
4955
4215
2911
2470
2757
2905
2313
2613
2327
1034
-464
-1290
-1892
-3333
-4602
-5734
-6632
-6697
-6037
-5294
-5015
-4155
-2996
-2358
-2013
-1786
-2159
-3296
-4031
-3882
-3880
-3958
-3625
-2595
-1536
-739
0
133
-85
-547
-990
-1457
-1921
-2042
-1724
-634
1025
2837
4461
6007
7448
8535
9138
9406
8889
7198
5457
4751
4733
3455
2099
1780
2265
2054
1763
2281
1964
624
-609
-943
-1759
-3515
-4989
-6139
-6937
-6968
-6283
-5561
-4981
-3801
-2559
-1773
-1234
-1232
-2115
-3416
-3925
-4027
-4373
-4512
-3938
-2842
-1780
-645
177
337
108
-162
-473
-1070
-1730
-1956
-1577
-529
957
2655
4403
6154
7714
8963
9649
10080
9376
7562
5816
5034
4647
2781
1351
1053
1393
1132
1105
1931
1439
261
-382
-406
-1452
-3590
-5006
-6264
-7214
-7478
-6974
-6309
-5699
-4132
-2564
-1329
-529
-458
-1238
-2453
-2956
-3539
-4381
-4834
-4416
-3440
-2382
-929
116
574
797
999
874
40
-723
-1203
-1183
-612
501
1914
3545
5491
7422
8955
9952
10715
10104
8391
6390
5452
4277
1856
77
-504
-268
-641
-136
979
856
321
283
728
-558
-2757
-4304
-5814
-7161
-7979
-7672
-7269
-6612
-4817
-2733
-942
61
465
21
-878
-1651
-2785
-4050
-5004
-5080
-4476
-3351
-1908
-777
173
1183
1965
2001
1380
749
149
-288
-255
253
1155
2315
4170
6150
7906
9140
10248
10479
9117
7408
6219
5116
2391
-79
-989
-1279
-1896
-1951
-607
-262
-514
90
1086
519
-1498
-2686
-3949
-5737
-7171
-7509
-7495
-7581
-6269
-4166
-2240
-939
59
685
405
-85
-982
-2219
-3597
-4536
-4622
-4220
-3458
-2721
-1602
-125
1207
1989
2253
2350
2084
1690
1382
1225
1233
1535
2637
4028
5602
6908
8384
9451
9154
8226
7265
6627
4226
1417
-224
-1088
-2229
-3384
-2534
-1962
-2010
-1410
148
795
-418
-973
-1572
-3089
-4928
-5816
-6250
-7281
-7144
-5753
-4192
-3020
-1767
-301
235
385
317
-240
-1344
-2645
-3226
-3639
-3753
-3691
-3153
-1999
-790
467
1445
2388
2879
3007
3059
2840
2626
2282
2560
3129
3954
4980
6057
7523
7907
7690
7252
7119
5996
3309
1500
330
-969
-2797
-3264
-2718
-3140
-3040
-1764
-405
-669
-1058
-666
-1371
-2919
-4047
-4468
-5631
-6733
-6266
-5316
-4556
-3813
-2407
-1249
-721
-137
123
-97
-929
-1589
-1971
-2392
-2803
-3060
-2614
-1851
-1080
-203
923
1926
2458
2937
3355
3431
3269
3369
3706
3989
4421
5151
6084
6773
6638
6306
6104
5938
4476
2489
1421
475
-918
-2263
-2195
-2375
-3125
-2772
-1574
-1212
-1820
-1517
-1193
-2186
-3260
-3474
-3915
-5256
-5609
-4860
-4389
-4249
-3372
-2164
-1724
-1337
-546
-171
-621
-1161
-1161
-1302
-1734
-2119
-2039
-1708
-1356
-711
136
947
1381
1935
2587
2898
2906
3009
3477
3776
4071
4679
5344
6074
6287
6132
5740
5443
5081
3555
2115
1162
245
-984
-1921
-1794
-2322
-2800
-2275
-1449
-1424
-1845
-1356
-1449
-2489
-3159
-3282
-4042
-5248
-5173
-4534
-4497
-4359
-3245
-2275
-2077
-1449
-486
-279
-788
-798
-512
-890
-1372
-1417
-1275
-1250
-1051
-337
233
563
919
1542
2101
2233
2405
2880
3386
3703
4169
4915
5388
5749
6070
5882
5367
4921
4664
3379
1949
1235
452
-684
-1627
-1492
-1894
-2525
-2134
-1460
-1488
-1888
-1523
-1574
-2613
-3101
-3134
-3841
-4909
-4810
-4226
-4339
-4235
-3199
-2400
-2234
-1636
-743
-559
-850
-641
-372
-716
-1053
-925
-763
-860
-762
-285
42
183
463
989
1330
1470
1894
2615
3135
3560
4176
4979
5285
5669
6039
5742
5119
4630
4558
3307
1945
1365
644
-349
-1320
-1119
-1470
-2240
-1936
-1455
-1433
-1892
-1626
-1666
-2590
-2925
-2929
-3474
-4402
-4378
-3909
-4004
-3913
-3184
-2541
-2411
-1862
-1095
-844
-912
-700
-333
-447
-576
-455
-359
-403
-491
-296
-163
-198
-71
262
582
764
1271
2139
2818
3310
4081
4857
5278
5584
6012
5781
5015
4574
4459
3532
2089
1455
946
16
-953
-972
-1111
-1944
-2023
-1523
-1426
-1945
-1931
-1678
-2299
-2846
-2764
-2902
-3727
-4049
-3588
-3419
-3655
-3283
-2614
-2435
-2217
-1516
-962
-994
-910
-298
-63
-212
-193
6
-48
-348
-351
-305
-561
-697
-412
-54
98
533
1453
2315
2878
3694
4534
5078
5334
5763
5812
5117
4603
4393
3881
2567
1691
1326
511
-418
-860
-828
-1533
-2033
-1676
-1484
-1872
-2142
-1760
-1917
-2605
-2566
-2381
-2900
-3527
-3251
-2893
-3265
-3347
-2763
-2498
-2585
-2061
-1307
-1152
-1188
-530
91
-29
-85
162
188
-245
-461
-412
-753
-1138
-992
-564
-387
-122
710
1741
2386
3117
4070
4799
5096
5390
5838
5489
4817
4433
4237
3318
2077
1617
1080
160
-657
-710
-928
-1765
-1774
-1439
-1529
-1964
-1780
-1440
-2013
-2274
-1953
-2007
-2745
-2950
-2512
-2693
-3178
-2966
-2558
-2713
-2629
-1913
-1458
-1512
-1161
-327
-141
-307
-121
107
-172
-602
-601
-748
-1239
-1364
-1034
-768
-677
-130
863
1626
2284
3238
4173
4681
4999
5607
5865
5304
4775
4590
4174
3000
2049
1674
890
-96
-575
-511
-1087
-1736
-1493
-1197
-1538
-1750
-1305
-1271
-1895
-1813
-1392
-1809
-2546
-2386
-2103
-2677
-3057
-2652
-2564
-2954
-2659
-1896
-1810
-1895
-1240
-537
-649
-714
-296
-173
-605
-852
-738
-1014
-1481
-1431
-1082
-980
-894
-188
794
1466
2158
3247
4154
4627
5119
5862
6003
5365
4995
4921
4325
3104
2274
1881
925
-7
-314
-416
-1164
-1660
-1331
-1153
-1540
-1510
-1064
-1154
-1594
-1292
-995
-1557
-2172
-1949
-1963
-2653
-2966
-2706
-2901
-3314
-2911
-2309
-2410
-2377
-1622
-1037
-1213
-1090
-542
-530
-963
-1000
-807
-1222
-1637
-1413
-1094
-1216
-1030
-146
718
1218
2058
3288
4083
4567
5298
6132
6081
5578
5491
5408
4633
3441
2825
2230
1100
243
-58
-405
-1320
-1615
-1233
-1232
-1534
-1285
-786
-953
-1162
-717
-591
-1277
-1737
-1581
-1897
-2687
-2987
-2953
-3372
-3737
-3326
-3012
-3135
-2967
-2207
-1752
-1784
-1445
-948
-889
-1097
-951
-836
-1186
-1422
-1191
-1006
-1117
-858
-95
611
1137
2026
3172
3919
4559
5411
6198
6238
5998
6052
5883
5134
4164
3456
2655
1477
645
90
-527
-1349
-1648
-1454
-1467
-1557
-1255
-814
-800
-842
-478
-426
-994
-1468
-1500
-1922
-2763
-3176
-3286
-3756
-4211
-3947
-3656
-3812
-3678
-2935
-2417
-2398
-2006
-1332
-1155
-1225
-938
-659
-911
-1089
-760
-588
-745
-549
137
719
1176
2024
3077
3805
4498
5437
6260
6481
6406
6499
6362
5767
4872
3984
3081
1889
903
119
-589
-1412
-1887
-1802
-1696
-1723
-1446
-972
-742
-776
-463
-320
-764
-1353
-1507
-1894
-2756
-3381
-3571
-4059
-4657
-4636
-4320
-4475
-4452
-3776
-3110
-2951
-2532
-1683
-1227
-1116
-714
-228
-296
-419
-126
85
-146
-109
420
892
1202
1910
2883
3617
4304
5277
6184
6593
6684
6832
6746
6293
5519
4573
3550
2372
1287
317
-524
-1340
-2009
-2140
-2031
-1976
-1810
-1392
-996
-918
-700
-428
-666
-1232
-1534
-1784
-2548
-3348
-3733
-4150
-4839
-5117
-4925
-4995
-5096
-4589
-3814
-3427
-3031
-2079
-1308
-942
-475
160
385
269
488
723
493
308
607
1023
1189
1649
2520
3319
3946
4849
5804
6437
6688
6888
6912
6605
6009
5169
4103
3018
1856
816
-190
-1013
-1822
-2288
-2306
-2224
-2211
-1935
-1491
-1209
-1116
-794
-713
-1122
-1571
-1726
-2237
-3116
-3761
-4130
-4793
-5416
-5453
-5403
-5612
-5395
-4579
-3900
-3481
-2607
-1447
-746
-226
537
1116
1129
1176
1452
1369
953
938
1257
1385
1532
2161
2980
3582
4277
5237
6003
6436
6650
6825
6679
6301
5645
4750
3707
2671
1564
541
-437
-1269
-2063
-2410
-2478
-2551
-2570
-2271
-1907
-1759
-1585
-1268
-1345
-1725
-1971
-2143
-2819
-3620
-4111
-4589
-5332
-5755
-5720
-5824
-5878
-5285
-4361
-3757
-3046
-1778
-627
43
778
1620
1963
1902
2079
2192
1790
1417
1523
1677
1635
1898
2609
3198
3720
4500
5371
5925
6244
6470
6541
6331
5974
5311
4389
3431
2452
1399
302
-663
-1571
-2376
-2767
-2951
-3163
-3212
-2925
-2608
-2478
-2200
-1870
-1946
-2202
-2239
-2465
-3162
-3822
-4165
-4717
-5397
-5632
-5555
-5651
-5451
-4631
-3767
-3148
-2158
-812
163
805
1634
2333
2482
2496
2660
2565
2093
1894
1987
1956
1922
2259
2825
3240
3725
4486
5136
5593
5865
6081
6092
5939
5627
4952
4068
3212
2222
1134
-42
-1037
-2080
-2917
-3363
-3674
-3976
-3960
-3626
-3341
-3155
-2704
-2344
-2394
-2478
-2357
-2637
-3286
-3728
-3939
-4518
-5084
-5068
-4937
-5011
-4659
-3736
-2984
-2420
-1352
-74
668
1250
2111
2718
2750
2824
3056
2864
2404
2319
2393
2211
2121
2466
2862
3080
3531
4233
4737
5102
5415
5676
5647
5570
5307
4654
3760
2953
1949
767
-483
-1495
-2624
-3486
-3987
-4300
-4620
-4545
-4160
-3838
-3585
-3040
-2628
-2603
-2573
-2356
-2562
-3080
-3350
-3445
-3939
-4362
-4231
-4069
-4159
-3814
-2950
-2349
-1898
-904
223
820
1372
2248
2824
2839
3023
3324
3126
2711
2698
2730
2440
2295
2599
2818
2902
3295
3923
4291
4598
4921
5185
5122
5101
4834
4204
3332
2567
1554
363
-857
-1883
-2999
-3822
-4324
-4662
-4940
-4822
-4466
-4145
-3788
-3224
-2840
-2688
-2471
-2213
-2359
-2625
-2711
-2811
-3232
-3435
-3335
-3350
-3445
-3053
-2471
-2104
-1625
-676
158
703
1430
2282
2711
2902
3290
3508
3251
3035
3074
2880
2532
2477
2649
2624
2694
3127
3546
3778
4124
4468
4573
4501
4546
4249
3520
2771
2068
1055
-155
-1205
-2158
-3249
-4022
-4406
-4745
-5029
-4876
-4471
-4175
-3821
-3207
-2743
-2561
-2222
-1877
-1899
-2089
-2076
-2131
-2504
-2726
-2677
-2785
-2911
-2640
-2195
-1920
-1481
-631
123
685
1417
2226
2688
2968
3353
3541
3353
3187
3154
2915
2586
2483
2540
2484
2529
2849
3155
3388
3671
3906
3977
3960
3948
3594
2968
2335
1642
672
-369
-1298
-2238
-3242
-3880
-4274
-4665
-4912
-4711
-4394
-4157
-3740
-3087
-2678
-2435
-1969
-1568
-1596
-1709
-1599
-1673
-2075
-2280
-2257
-2453
-2640
-2388
-1999
-1836
-1428
-580
158
648
1388
2241
2705
2966
3399
3621
3427
3238
3237
2990
2587
2441
2489
2357
2304
2553
2837
2998
3167
3393
3473
3468
3400
3092
2553
2001
1326
469
-470
-1327
-2260
-3110
-3679
-4108
-4523
-4653
-4464
-4233
-3996
-3475
-2904
-2567
-2205
-1670
-1382
-1428
-1397
-1283
-1487
-1845
-1942
-2031
-2311
-2403
-2119
-1897
-1767
-1243
-447
129
664
1469
2219
2593
2957
3413
3520
3316
3240
3200
2856
2483
2389
2331
2116
2100
2340
2500
2614
2800
3015
3023
3074
3014
2720
2201
1786
1153
340
-534
-1255
-2151
-2918
-3435
-3817
-4241
-4328
-4135
-3957
-3761
-3245
-2742
-2462
-2090
-1566
-1366
-1412
-1296
-1183
-1455
-1745
-1757
-1886
-2190
-2174
-1885
-1779
-1615
-992
-285
162
768
1604
2216
2528
2998
3404
3378
3200
3218
3080
2665
2362
2291
2103
1878
1934
2126
2199
2317
2557
2722
2735
2817
2783
2459
2020
1642
1040
214
-573
-1265
-2103
-2845
-3301
-3662
-4026
-4098
-3898
-3749
-3540
-3073
-2604
-2357
-2000
-1537
-1371
-1404
-1264
-1178
-1450
-1687
-1654
-1774
-2051
-1974
-1683
-1599
-1401
-749
-111
270
874
1695
2195
2459
2920
3255
3152
3002
3037
2850
2438
2218
2171
1970
1802
1937
2108
2191
2328
2558
2675
2716
2781
2649
2302
1924
1491
828
65
-655
-1395
-2195
-2782
-3221
-3608
-3875
-3859
-3757
-3632
-3347
-2920
-2605
-2325
-1914
-1585
-1476
-1396
-1234
-1273
-1476
-1574
-1573
-1741
-1865
-1744
-1542
-1438
-1114
-528
-9
420
1038
1721
2144
2441
2822
3032
2949
2849
2809
2602
2299
2143
2083
1919
1878
2027
2195
2289
2433
2589
2670
2723
2698
2445
2080
1735
1226
525
-183
-833
-1616
-2321
-2768
-3154
-3578
-3744
-3647
-3587
-3503
-3138
-2728
-2538
-2245
-1768
-1532
-1536
-1378
-1189
-1353
-1581
-1537
-1552
-1808
-1830
-1576
-1447
-1348
-866
-258
126
580
1282
1855
2111
2450
2824
2881
2744
2731
2692
2430
2203
2166
2109
1962
2029
2235
2382
2418
2533
2674
2726
2661
2491
2205
1835
1362
803
165
-519
-1257
-1912
-2409
-2853
-3275
-3501
-3535
-3534
-3484
-3218
-2890
-2693
-2444
-2023
-1725
-1686
-1563
-1349
-1374
-1604
-1608
-1570
-1742
-1873
-1633
-1455
-1414
-1083
-429
-4
323
965
1642
1917
2174
2633
2826
2662
2654
2756
2569
2261
2267
2298
2119
2097
2326
2513
2506
2577
2725
2753
2678
2528
2263
1882
1442
916
332
-311
-1003
-1694
-2162
-2573
-3018
-3317
-3349
-3377
-3422
-3232
-2899
-2758
-2617
-2193
-1874
-1884
-1791
-1534
-1528
-1773
-1771
-1692
-1859
-1983
-1723
-1517
-1484
-1171
-527
-71
246
843
1493
1819
2079
2516
2740
2645
2626
2756
2631
2388
2332
2419
2298
2262
2432
2654
2674
2687
2779
2801
2712
2508
2246
1853
1421
887
370
-263
-920
-1598
-2030
-2422
-2836
-3146
-3205
-3234
-3298
-3153
-2896
-2769
-2683
-2303
-2028
-2040
-2013
-1754
-1732
-1982
-1991
-1860
-1971
-2101
-1806
-1523
-1463
-1177
-489
-17
272
847
1524
1826
2033
2485
2738
2616
2582
2765
2675
2421
2426
2550
2462
2402
2639
2835
2828
2781
2887
2825
2700
2425
2171
1726
1296
757
263
-375
-1001
-1632
-2036
-2407
-2794
-3050
-3120
-3151
-3206
-3047
-2836
-2735
-2662
-2307
-2128
-2165
-2131
-1915
-1968
-2182
-2135
-1996
-2108
-2164
-1802
-1536
-1421
-1065
-370
49
404
1017
1647
1890
2140
2582
2761
2630
2630
2788
2657
2487
2538
2661
2560
2598
2843
3028
2942
2914
2966
2897
2658
2348
2043
1576
1060
514
19
-639
-1304
-1851
-2167
-2563
-2904
-3021
-3015
-3092
-3056
-2794
-2624
-2641
-2483
-2180
-2190
-2284
-2196
-2095
-2345
-2431
-2301
-2237
-2398
-2173
-1803
-1573
-1345
-726
-138
247
760
1441
1868
2080
2444
2738
2728
2611
2690
2675
2493
2422
2537
2583
2580
2746
3037
3144
3075
3103
3147
3001
2591
2261
1885
1329
633
143
-428
-1170
-1843
-2123
-2453
-2883
-3021
-2893
-2938
-3000
-2711
-2428
-2478
-2448
-2122
-2070
-2290
-2286
-2149
-2407
-2640
-2525
-2412
-2608
-2503
-2060
-1774
-1611
-1033
-332
91
551
1261
1815
2038
2361
2733
2793
2642
2671
2711
2540
2400
2499
2608
2614
2756
3075
3268
3219
3249
3337
3245
2805
2430
2057
1502
722
156
-408
-1167
-1904
-2220
-2495
-2932
-3114
-2941
-2882
-2957
-2689
-2337
-2314
-2350
-2042
-1914
-2140
-2248
-2128
-2334
-2653
-2660
-2534
-2711
-2722
-2322
-1944
-1772
-1294
-560
-1
434
1087
1718
2012
2287
2667
2830
2685
2649
2741
2668
2487
2544
2700
2755
2836
3166
3367
3306
3292
3436
3347
2882
2509
2172
1575
765
213
-384
-1213
-1951
-2231
-2544
-3004
-3133
-2949
-2930
-2979
-2624
-2291
-2302
-2274
-1911
-1822
-2062
-2112
-2047
-2327
-2660
-2624
-2606
-2846
-2834
-2414
-2110
-1909
-1367
-637
-129
367
1084
1671
1955
2266
2671
2778
2676
2680
2778
2650
2554
2643
2789
2803
2961
3276
3348
3314
3354
3531
3244
2867
2521
2194
1433
741
147
-558
-1437
-2000
-2281
-2753
-3115
-3111
-2965
-3067
-2901
-2509
-2273
-2299
-2033
-1720
-1781
-1924
-1893
-1975
-2341
-2498
-2499
-2645
-2867
-2670
-2349
-2147
-1849
-1234
-628
-163
432
1088
1550
1848
2245
2527
2589
2556
2664
2695
2623
2613
2746
2857
2938
3141
3256
3289
3275
3425
3283
2989
2622
2369
1795
1135
504
-130
-944
-1578
-1955
-2418
-2854
-3007
-2926
-3017
-2958
-2641
-2381
-2345
-2112
-1765
-1718
-1812
-1774
-1771
-2059
-2223
-2238
-2371
-2621
-2502
-2248
-2109
-1917
-1411
-871
-470
49
653
1102
1402
1820
2148
2268
2315
2495
2590
2603
2628
2806
2901
3042
3140
3250
3243
3290
3283
3124
2866
2574
2247
1712
1188
605
-12
-708
-1197
-1656
-2104
-2458
-2595
-2704
-2812
-2714
-2525
-2433
-2372
-2090
-1927
-1898
-1893
-1762
-1876
-2022
-2053
-2037
-2231
-2295
-2108
-1971
-1892
-1626
-1156
-853
-509
-37
441
710
1035
1427
1635
1738
1951
2173
2250
2334
2572
2757
2907
3072
3217
3246
3257
3337
3181
2931
2639
2405
1917
1434
936
421
-221
-689
-1057
-1505
-1881
-2071
-2172
-2369
-2387
-2290
-2241
-2299
-2126
-1982
-1985
-2030
-1920
-1935
-2066
-2079
-2012
-2084
-2165
-1956
-1760
-1660
-1492
-1073
-771
-528
-185
211
439
627
942
1160
1242
1357
1604
1760
1874
2084
2389
2612
2826
2981
3171
3223
3300
3162
3005
2714
2441
1989
1541
1045
514
-19
-455
-806
-1221
-1482
-1661
-1786
-1946
-1918
-1863
-1905
-1969
-1838
-1777
-1892
-1975
-1937
-2023
-2168
-2182
-2132
-2210
-2206
-1941
-1704
-1581
-1317
-859
-544
-327
12
360
489
602
836
955
917
971
1165
1257
1316
1570
1896
2148
2358
2647
2903
3036
3125
3076
2954
2687
2400
1963
1520
992
465
-39
-413
-790
-1146
-1316
-1442
-1551
-1624
-1493
-1459
-1518
-1488
-1326
-1383
-1568
-1588
-1635
-1847
-2048
-2018
-2107
-2260
-2183
-1896
-1791
-1666
-1243
-797
-566
-275
190
465
572
760
992
969
940
1041
1138
1046
1118
1357
1552
1658
1837
2158
2316
2474
2509
2596
2439
2291
2001
1719
1264
794
357
-23
-409
-820
-1005
-1177
-1316
-1432
-1317
-1286
-1322
-1267
-1079
-1067
-1220
-1193
-1189
-1350
-1571
-1568
-1681
-1848
-1870
-1677
-1653
-1611
-1288
-903
-708
-478
-39
240
405
599
874
883
903
1018
1157
1071
1115
1280
1416
1464
1545
1755
1831
1919
1884
1948
1793
1674
1432
1255
905
543
229
-14
-321
-674
-790
-923
-1060
-1187
-1090
-1120
-1185
-1122
-949
-1022
-1131
-1017
-970
-1148
-1252
-1167
-1238
-1376
-1293
-1121
-1164
-1097
-786
-543
-494
-272
57
201
264
462
652
646
726
906
998
993
1141
1358
1454
1449
1563
1677
1695
1577
1501
1406
1236
990
782
572
262
-14
-178
-334
-624
-768
-777
-850
-994
-993
-902
-993
-1021
-926
-878
-1055
-1036
-927
-995
-1137
-1072
-950
-1018
-970
-763
-598
-575
-345
-68
29
89
294
451
417
428
536
573
516
601
742
800
879
1102
1302
1347
1418
1543
1630
1467
1350
1228
1052
698
463
228
-85
-415
-568
-666
-927
-1033
-999
-959
-1088
-1022
-901
-887
-940
-843
-785
-937
-967
-901
-939
-1105
-1047
-912
-884
-829
-577
-320
-183
68
360
555
634
817
934
907
817
845
841
728
697
724
806
819
999
1083
1173
1186
1360
1353
1216
1060
957
744
389
147
-127
-437
-766
-863
-1045
-1244
-1314
-1240
-1257
-1302
-1172
-1038
-1024
-1003
-847
-846
-918
-896
-840
-947
-1008
-910
-812
-806
-658
-380
-178
20
328
642
786
979
1187
1296
1253
1300
1342
1279
1193
1184
1214
1164
1217
1193
1197
1140
1207
1105
933
757
622
402
106
-107
-369
-614
-854
-952
-1135
-1277
-1334
-1338
-1397
-1440
-1340
-1310
-1303
-1279
-1137
-1140
-1141
-1088
-1005
-1037
-998
-856
-755
-696
-518
-241
-65
111
383
663
796
971
1162
1278
1298
1415
1510
1527
1529
1654
1728
1728
1750
1769
1712
1580
1492
1255
977
661
422
54
-261
-537
-768
-1023
-1163
-1219
-1324
-1367
-1359
-1320
-1377
-1311
-1295
-1306
-1366
-1291
-1318
-1408
-1430
-1374
-1383
-1395
-1251
-1118
-994
-782
-449
-217
4
326
639
811
966
1165
1244
1277
1358
1435
1430
1443
1585
1683
1754
1836
1930
1913
1906
1865
1699
1437
1154
885
487
146
-210
-547
-885
-1064
-1197
-1354
-1429
-1428
-1397
-1392
-1312
-1279
-1290
-1260
-1207
-1239
-1363
-1374
-1400
-1439
-1480
-1406
-1342
-1236
-1032
-784
-552
-309
25
310
545
748
970
1104
1228
1341
1439
1493
1559
1661
1750
1823
1832
1845
1827
1797
1681
1475
1267
1016
753
448
194
-128
-399
-593
-712
-871
-1000
-1023
-1041
-1057
-1083
-1055
-1097
-1104
-1109
-1119
-1247
-1319
-1336
-1362
-1428
-1440
-1365
-1280
-1169
-998
-780
-596
-370
-112
121
265
441
637
800
904
1022
1190
1294
1418
1556
1694
1706
1713
1740
1720
1573
1369
1196
951
683
410
193
-103
-346
-500
-580
-725
-827
-778
-762
-771
-765
-646
-650
-645
-620
-563
-674
-755
-732
-773
-904
-948
-878
-897
-889
-794
-638
-594
-461
-250
-129
-80
70
267
332
417
574
752
850
985
1180
1299
1318
1369
1406
1323
1164
999
795
531
251
34
-187
-436
-617
-690
-758
-823
-804
-725
-684
-632
-520
-400
-371
-325
-235
-204
-262
-265
-246
-302
-344
-322
-279
-285
-213
-80
29
74
189
317
353
368
414
426
388
392
451
471
476
569
648
639
641
662
616
460
325
189
-12
-254
-413
-549
-726
-848
-883
-888
-941
-887
-821
-740
-721
-579
-481
-408
-358
-228
-169
-176
-125
-51
-22
-40
66
154
239
330
534
682
784
921
1046
1092
1090
1135
1108
1011
924
917
848
756
671
597
461
314
190
-33
-280
-524
-703
-950
-1145
-1298
-1376
-1472
-1455
-1405
-1360
-1288
-1175
-1034
-965
-843
-743
-607
-544
-405
-342
-264
-197
-86
-17
31
130
239
376
502
706
851
1054
1217
1414
1523
1630
1710
1766
1769
1766
1730
1662
1589
1460
1290
1060
850
550
210
-162
-498
-860
-1209
-1490
-1722
-1947
-2065
-2085
-2104
-2095
-1985
-1843
-1718
-1590
-1386
-1224
-1089
-914
-730
-642
-545
-393
-284
-238
-160
-26
72
181
373
576
753
970
1242
1477
1647
1863
2035
2170
2230
2308
2317
2290
2199
2072
1870
1636
1363
1023
659
271
-96
-475
-794
-1107
-1387
-1582
-1720
-1852
-1964
-1974
-2003
-2014
-2010
-1930
-1904
-1856
-1735
-1600
-1509
-1375
-1155
-992
-827
-633
-412
-264
-85
118
302
431
623
820
971
1115
1318
1501
1656
1815
1984
2138
2241
2314
2317
2285
2177
1998
1741
1451
1121
739
375
20
-334
-648
-879
-1088
-1294
-1413
-1473
-1544
-1620
-1615
-1614
-1646
-1645
-1584
-1586
-1603
-1540
-1441
-1400
-1334
-1174
-1030
-877
-679
-430
-245
-47
236
483
662
837
1067
1216
1333
1453
1549
1603
1615
1638
1611
1548
1450
1356
1191
1038
861
703
524
346
196
75
-30
-165
-244
-329
-400
-523
-600
-706
-827
-960
-1058
-1168
-1301
-1355
-1383
-1394
-1385
-1270
-1148
-992
-830
-596
-392
-184
43
234
388
521
681
760
811
841
891
885
871
842
813
755
692
616
511
413
296
197
86
3
-80
-121
-149
-150
-145
-106
-62
-37
-10
10
-1
-47
-103
-171
-269
-380
-450
-517
-581
-605
-575
-545
-482
-362
-225
-91
30
195
324
444
533
600
628
650
664
605
507
422
345
205
37
-115
-251
-395
-530
-615
-681
-728
-704
-637
-552
-473
-329
-201
-81
-2
95
133
133
123
105
37
-49
-77
-115
-135
-146
-71
-1
114
256
429
579
719
878
993
1063
1090
1094
1028
923
787
614
404
170
-46
-277
-510
-731
-896
-1041
-1140
-1199
-1210
-1173
-1099
-968
-838
-692
-557
-396
-278
-190
-138
-97
-95
-109
-133
-167
-199
-208
-164
-116
-44
61
223
399
581
752
933
1085
1242
1352
1437
1442
1440
1377
1283
1119
924
699
441
180
-113
-377
-652
-855
-1066
-1194
-1304
-1317
-1308
-1238
-1148
-1037
-890
-759
-616
-543
-443
-397
-335
-344
-340
-348
-343
-325
-290
-223
-147
-8
138
328
481
681
860
1047
1188
1296
1363
1413
1417
1355
1255
1105
943
738
529
254
-5
-273
-492
-723
-929
-1083
-1161
-1204
-1182
-1120
-1011
-870
-684
-505
-355
-229
-112
-32
-24
-47
-106
-169
-244
-285
-340
-354
-310
-194
-72
91
299
536
763
962
1148
1266
1350
1366
1305
1178
1010
801
529
248
-35
-314
-606
-828
-1006
-1132
-1211
-1207
-1156
-1054
-889
-707
-534
-361
-179
-51
26
56
60
4
-73
-149
-229
-297
-313
-273
-207
-75
107
336
570
821
1065
1250
1393
1485
1511
1443
1325
1143
910
639
352
36
-268
-561
-810
-1054
-1231
-1346
-1389
-1390
-1310
-1187
-1007
-794
-570
-355
-182
-34
63
94
52
-26
-143
-264
-375
-465
-505
-488
-395
-240
-44
211
483
775
1032
1271
1437
1565
1623
1612
1512
1362
1168
929
645
354
50
-232
-504
-723
-920
-1046
-1111
-1095
-1050
-942
-795
-625
-456
-307
-187
-124
-102
-138
-217
-355
-483
-617
-722
-798
-809
-759
-644
-469
-233
21
301
573
851
1063
1232
1337
1377
1350
1255
1109
902
675
418
175
-79
-297
-486
-621
-707
-729
-687
-605
-466
-294
-103
80
244
371
456
467
424
312
151
-42
-251
-455
-646
-782
-866
-874
-827
-703
-536
-322
-89
158
377
553
690
770
786
730
629
473
289
68
-146
-358
-536
-691
-791
-847
-830
-752
-627
-444
-231
19
264
502
697
858
946
973
926
820
660
466
259
51
-122
-259
-332
-358
-313
-218
-74
82
256
407
537
624
658
626
531
393
186
-39
-314
-573
-851
-1077
-1282
-1423
-1517
-1527
-1459
-1334
-1128
-888
-586
-287
42
320
576
767
906
966
963
906
795
668
523
399
282
228
204
237
300
415
546
674
801
909
972
979
944
844
691
490
249
-18
-299
-564
-819
-1047
-1226
-1347
-1415
-1428
-1371
-1267
-1120
-943
-739
-542
-352
-191
-57
30
80
96
80
50
8
-17
-36
-10
45
135
255
404
576
743
909
1043
1147
1201
1215
1168
1064
921
736
529
293
55
-176
-380
-559
-703
-805
-847
-836
-783
-690
-568
-418
-265
-111
10
94
139
149
103
14
-106
-236
-371
-488
-579
-632
-632
-578
-474
-333
-157
38
242
424
584
693
757
767
723
625
480
312
126
-69
-251
-410
-527
-603
-624
-595
-509
-372
-194
1
210
417
605
751
850
897
882
809
688
528
348
163
-11
-169
-291
-369
-404
-400
-366
-299
-226
-141
-75
-22
1
-2
-41
-110
-204
-319
-439
-568
-684
-791
-866
-910
-913
-884
-807
-686
-530
-348
-143
69
282
487
661
806
916
990
1015
1005
966
913
841
762
687
622
573
529
500
471
445
410
365
306
218
117
-16
-145
-302
-455
-616
-762
-890
-1002
-1086
-1149
-1169
-1168
-1125
-1068
-977
-867
-739
-600
-456
-313
-169
-27
97
214
309
399
474
542
598
650
699
747
798
843
880
910
929
930
905
859
788
694
578
439
285
123
-38
-198
-352
-490
-604
-698
-765
-801
-816
-797
-764
-704
-638
-556
-479
-397
-326
-259
-206
-163
-135
-114
-99
-85
-73
-58
-35
0
50
109
177
251
332
407
474
530
562
581
573
539
477
399
303
191
79
-45
-148
-251
-320
-381
-404
-404
-375
-322
-253
-163
-70
24
103
177
227
262
272
263
234
199
150
101
48
8
-28
-50
-63
-63
-51
-31
-10
8
26
30
27
3
-32
-85
-148
-220
-298
-375
-450
-506
-550
-570
-569
-538
-481
-395
-290
-171
-37
97
231
349
451
534
593
633
641
637
606
579
529
483
430
385
342
304
275
244
222
192
166
132
98
45
-10
-79
-148
-229
-312
-403
-488
-566
-636
-695
-741
-768
-776
-759
-730
-675
-608
-526
-425
-328
-216
-113
-3
97
193
276
353
424
483
537
572
609
629
648
649
645
627
599
567
515
462
389
322
242
162
77
-1
-74
-144
-205
-262
-305
-338
-360
-380
-392
-397
-394
-386
-385
-376
-370
-361
-354
-350
-343
-333
-312
-297
-266
-236
-185
-136
-70
-4
71
148
224
290
351
402
433
453
449
434
393
350
286
232
160
108
49
12
-19
-39
-46
-44
-27
-9
17
34
59
71
83
79
68
49
24
-17
-60
-100
-142
-179
-214
-236
-248
-248
-240
-224
-198
-162
-130
-88
-60
-22
-4
21
29
37
30
21
10
-7
-23
-44
-51
-61
-62
-60
-53
-31
-10
18
48
84
118
157
186
217
236
254
262
266
255
241
219
188
157
118
81
41
6
-32
-62
-86
-110
-124
-137
-141
-145
-141
-140
-134
-129
-122
-118
-120
-116
-122
-124
-132
-136
-141
-145
-142
-141
-127
-118
-98
-77
-47
-21
14
47
78
111
133
161
176
188
189
190
178
166
146
125
97
77
49
30
8
-3
-18
-20
-26
-23
-21
-14
-9
-2
7
10
16
13
15
6
4
-9
-14
-30
-35
-52
-54
-66
-66
-74
-67
-72
-67
-64
-54
-51
-46
-40
-35
-27
-26
-26
-26
-27
-32
-38
-42
-48
-52
-58
-58
-58
-51
-45
-36
-22
-3
17
39
63
86
111
136
154
172
181
193
194
192
184
172
155
136
113
85
58
33
7
-18
-41
-63
-78
-96
-106
-119
-125
-134
-137
-145
-143
-150
-151
-157
-158
-162
-158
-159
-154
-149
-138
-125
-106
-87
-64
-35
-5
24
58
88
119
148
172
194
213
223
227
225
220
208
190
170
142
119
90
63
34
9
-11
-33
-46
-59
-65
-68
-74
-72
-68
-64
-64
-62
-64
-60
-64
-67
-74
-77
-86
-88
-95
-97
-101
-95
-93
-83
-74
-62
-47
-33
-17
-5
10
19
31
31
37
33
34
25
23
9
12
0
2
-3
6
4
16
21
39
50
68
78
95
106
118
128
133
142
139
145
135
137
120
121
96
89
60
50
19
0
-34
-57
-88
-113
-144
-167
-196
-215
-233
-248
-256
-257
-254
-245
-227
-210
-187
-159
-132
-97
-72
-40
-16
15
36
64
77
107
119
140
155
175
192
211
228
242
261
270
284
286
290
280
272
250
227
190
150
100
51
-7
-56
-112
-164
-212
-250
-281
-307
-326
-337
-335
-324
-311
-293
-266
-238
-206
-175
-146
-115
-85
-57
-37
-15
8
33
50
72
91
115
139
165
186
210
234
255
273
287
292
295
292
276
258
228
203
162
125
73
34
-15
-56
-108
-144
-179
-203
-226
-240
-246
-249
-243
-235
-220
-208
-191
-175
-152
-134
-116
-102
-84
-73
-54
-52
-37
-28
-12
-4
15
29
50
73
89
114
129
155
166
188
196
208
209
209
202
193
175
153
129
101
75
43
21
-11
-29
-56
-72
-92
-102
-114
-120
-125
-131
-129
-130
-124
-125
-120
-123
-115
-112
-104
-101
-94
-88
-77
-66
-51
-38
-24
-9
6
22
38
52
63
74
84
91
98
98
108
107
113
109
112
109
110
107
100
98
88
86
75
62
51
37
24
2
-16
-36
-46
-68
-81
-101
-108
-115
-119
-124
-130
-121
-119
-105
-112
-99
-100
-84
-82
-74
-74
-64
-54
-50
-34
-25
-6
7
30
44
68
85
104
118
135
148
155
161
155
157
148
139
118