SAMPLES:	8157
BITSPERSAMPLE:	16
CHANNELS:	1
SAMPLERATE:	16000
NORMALIZED:	FALSE
5
2
6
6
3
4
4
5
2
1
0
9
8
4
2
1
3
-2
-2
-5
-4
-1
5
4
4
7
14
17
14
11
4
5
17
14
6
-5
-1
9
9
5
-10
-11
-11
-11
-13
-14
-20
-22
-5
-3
-4
-5
-4
12
17
15
10
18
25
16
6
6
9
17
24
20
16
8
11
13
-10
-22
-18
-1
7
-3
-9
-20
-10
-12
-23
-27
-25
-24
-27
-33
-37
-36
-41
-40
-42
-42
-32
-28
-38
-33
-14
2
3
-1
-7
5
17
15
8
-11
-11
-2
6
13
3
-16
-18
6
9
4
-2
-8
-7
-10
-25
-31
-13
13
29
20
28
33
32
31
-4
-15
-7
23
36
18
24
45
66
74
62
27
36
51
72
66
38
31
44
81
70
24
-19
-17
-15
-16
-22
-30
-44
-21
-4
-18
-33
-51
-61
-50
-25
-14
-6
-11
16
25
43
67
73
67
46
60
66
46
33
27
23
26
59
66
38
40
39
58
67
35
-17
-23
1
16
-38
-131
-162
-166
-131
-215
-378
-674
-782
-877
-1084
-1361
-1840
-1912
-1002
216
235
-734
-1446
-446
1766
2931
1665
-21
86
2329
4094
4059
2417
-136
-1041
1903
4773
3019
-555
-3043
-2700
939
3478
-514
-5164
-4192
-1215
-161
-367
-2069
-3902
-2143
520
-137
-1334
28
1150
659
638
973
1292
2454
3033
1216
-206
746
2100
2066
932
-925
-1828
-752
173
-436
-2162
-3266
-3963
-3809
-2723
-1345
-1832
-3637
-4782
-3538
180
2857
1298
-1863
-1623
1827
5144
5184
2581
896
2822
5764
7271
5011
175
-1466
3336
6744
3371
-2102
-5278
-3497
2506
4140
-3802
-9115
-4948
-154
-363
-2196
-4837
-6029
-1593
2074
-812
-3043
356
2633
1634
1681
1910
1871
3884
4977
1862
-31
2138
3703
2644
844
-1156
-1793
119
1022
-1157
-3577
-3699
-2525
-1140
-1479
-3037
-3519
-2267
-1214
-2233
-3276
-2282
295
520
-989
-2755
-1328
2472
4020
754
-1839
-95
3344
4661
2620
-11
330
3474
5357
3884
1626
2558
2586
-500
-1077
3287
3804
-43
-4227
-5912
-2194
4939
3039
-6689
-8882
-2622
1570
1446
-984
-5801
-5844
802
3819
-67
-1297
1127
1234
1365
3177
2599
1464
3118
2872
-117
313
2770
2529
701
-598
-2150
-1512
952
700
-2597
-4295
-3376
-1894
-744
-2751
-5697
-4888
-916
203
-1604
-4336
-3882
580
3414
937
-2201
-1157
2525
4858
2544
-37
871
4191
5698
4435
2382
3076
6773
5369
-1211
-3295
3812
7337
2365
-5553
-8613
-3170
6538
5517
-7537
-12723
-4593
2852
2198
-1947
-7879
-8399
206
5641
316
-3577
-62
2152
2354
3854
3133
1173
3326
4861
1420
243
3252
3846
1320
-158
-1441
-1657
706
1360
-2203
-5128
-4047
-2890
-3266
-3671
-3265
-3641
-3905
-4056
-3598
-1247
1204
-162
-3344
-2710
1473
4379
3236
83
-1114
1533
5505
6092
3258
1327
2848
5686
6676
6023
2256
-2405
-1801
5189
6796
468
-6392
-7437
-2047
5476
3579
-7587
-11363
-3808
2179
591
-3003
-6744
-6448
50
3978
-494
-3101
922
3000
1910
2687
3021
1855
3477
4717
1360
-55
3144
4262
1615
-60
-934
-1081
886
1384
-2111
-5212
-3716
-2464
-3835
-4638
-3194
-3102
-4109
-4871
-4688
-1778
1769
265
-4476
-4141
1433
5329
3514
-699
-1982
1614
6597
7286
3309
725
3118
7040
7747
6172
3309
-663
-1993
3170
7037
2649
-4877
-8050
-4629
2983
5236
-4001
-12135
-7818
643
1775
-2158
-6297
-7431
-2430
3383
1604
-2687
-542
3172
2803
2282
3111
2929
3448
4746
2746
106
1854
4383
2984
163
-1278
-1670
-171
1203
-921
-5066
-7042
-5329
-2010
-914
-3783
-7545
-8066
-3203
1935
981
-4347
-5915
-1803
3635
4827
1226
-1951
-264
4294
6412
4784
2447
2856
4986
6794
6400
5495
4618
1885
-1075
1430
6018
4303
-2380
-7080
-5648
975
5013
-1476
-10302
-9276
-1969
886
-953
-4612
-7800
-5498
874
2201
-1419
-1396
1047
1295
1994
4132
3595
2342
3501
3275
1441
2517
4616
3137
598
-75
-271
265
1302
179
-3520
-4898
-3408
-3395
-4268
-3640
-3520
-5343
-5723
-4837
-2589
-35
-258
-3669
-4262
198
4381
3681
-102
-1150
1640
5819
6961
4419
2185
4162
7673
8149
6558
3745
446
111
4793
6444
1331
-5169
-6574
-2500
3044
2083
-6430
-11195
-6366
-176
-504
-4031
-7245
-7304
-2702
1812
105
-2663
-709
1811
2113
2999
3905
3094
3279
4311
3108
1970
3515
4499
2506
461
-212
89
1160
1121
-1803
-5996
-6545
-3160
-464
-2525
-6735
-9159
-6159
-111
1480
-3487
-7059
-4079
1596
4087
1750
-1455
-1064
3101
6033
4879
2431
3051
5699
6972
6276
5119
5445
5595
2921
-140
1819
5129
3445
-2570
-6696
-4706
1492
3192
-3718
-10220
-8270
-2007
398
-2048
-6651
-8429
-4289
1186
978
-2211
-2059
191
1663
3081
3788
2508
2216
3701
3617
2484
3227
4167
2798
1127
608
794
1213
1364
-1015
-5489
-6233
-1989
433
-2864
-7523
-9156
-5140
909
1197
-5082
-8142
-3497
2918
3866
51
-2794
-1035
3916
6576
4583
1844
3152
6239
7618
6690
5604
5441
4395
2066
1745
4408
4627
612
-4358
-5424
-1419
2914
16
-7439
-9757
-5333
-1124
-1234
-4521
-8083
-7361
-2201
934
-1045
-2602
-1194
373
1720
3452
3377
2368
3042
3776
2966
3161
4540
4081
1950
953
1243
1503
1487
-492
-4374
-5462
-2166
-356
-3014
-7244
-8291
-4522
-84
-819
-5341
-6914
-2985
1924
2448
-448
-2142
-7
3912
5606
4127
2902
4038
5788
6791
6680
6218
5723
4011
1482
1857
4894
4940
267
-4777
-4945
-393
2851
-956
-7615
-9018
-4460
-719
-1656
-5332
-7809
-6119
-1627
469
-1514
-2886
-1460
593
2166
3046
2483
1870
2788
3714
3449
3238
3622
3295
2248
1531
1127
974
171
-1923
-3619
-2896
-1808
-2717
-5143
-6103
-4254
-1991
-2497
-4632
-4967
-2419
317
305
-1281
-1290
1044
3384
3624
2647
2962
4742
5989
5935
5377
5410
6126
5444
2596
1217
3418
5010
2302
-2638
-4686
-1815
2154
920
-5054
-8612
-5839
-1263
-582
-3952
-7427
-7041
-2874
446
-538
-2765
-2603
-627
1381
2715
2580
1491
1449
2438
3076
3307
3618
3012
1586
1081
1597
1838
292
-2077
-3270
-2350
-1270
-1750
-4340
-6043
-4159
-1285
-1468
-3722
-4618
-3169
-544
883
308
-1046
-471
1995
3787
3820
3682
3864
4361
5454
6166
5947
5050
3311
1698
2593
4651
3885
-115
-3339
-2666
571
1819
-1625
-6178
-6467
-2909
-791
-2278
-5204
-6424
-4427
-1090
-353
-2340
-2999
-1144
764
1498
1520
924
942
2178
2987
2209
1677
2174
2344
1661
1069
825
-389
-1594
-1592
-1087
-1516
-2468
-4000
-4446
-2529
-625
-1774
-4056
-3887
-1250
676
287
-1046
-1212
774
3241
3540
2194
2243
3837
5129
5352
4839
4429
4333
3546
2198
2235
3348
2893
29
-2565
-2220
330
1351
-1323
-5023
-5457
-2583
-593
-1845
-4493
-5521
-3830
-1022
-284
-1698
-2458
-1258
333
1300
1325
704
541
1453
2157
1722
1238
1390
1498
936
529
-108
-1319
-1699
-743
-745
-2335
-3869
-3760
-1918
-179
-1069
-3687
-4115
-1054
1789
1103
-1248
-1645
491
3050
3701
2179
1366
2847
4655
4845
4191
3963
4133
3588
2250
1718
2718
3255
1352
-1838
-2919
-707
1564
221
-3593
-5480
-3502
-545
-184
-2763
-5316
-4768
-1548
417
-796
-2552
-2216
-328
1324
1628
636
134
1057
2056
1767
1075
979
1190
1040
465
-202
-1119
-1707
-1310
-943
-1839
-3234
-3968
-3096
-1083
-562
-2577
-4087
-2642
366
1660
322
-1150
-452
1974
3784
3487
2249
2359
3631
4673
4837
4436
4114
3745
2658
1733
2363
3178
2093
-728
-2701
-1876
534
576
-2531
-5130
-4312
-1660
-417
-2020
-4378
-4600
-2276
-100
-416
-1866
-2019
-580
1032
1720
1044
328
813
1806
1984
1510
1184
1097
829
382
88
-395
-1362
-2081
-1960
-1747
-2317
-3413
-3874
-2906
-1641
-1744
-2792
-2973
-1588
79
465
-49
219
1587
2746
2869
2729
3414
4475
4730
4297
4005
4363
4747
3791
1878
1532
2775
2840
497
-2090
-2398
-523
439
-1529
-4438
-4876
-2869
-1292
-1837
-3499
-4248
-3037
-951
-267
-1025
-1335
-497
494
1257
1639
1331
971
1376
1905
1759
1465
1337
957
469
299
121
-913
-2136
-2354
-1768
-1708
-2831
-4350
-4250
-2207
-957
-2209
-3997
-3473
-852
1040
512
-762
-517
1459
3344
3684
3034
2869
3625
4756
5303
4927
4332
3513
2484
2291
3205
3328
1379
-1254
-2080
-621
703
-541
-3429
-4911
-3686
-1758
-1411
-2942
-4444
-4063
-1870
-379
-722
-1444
-1164
-35
1221
1819
1340
906
1397
2170
2145
1663
1317
1199
1221
1055
508
-612
-1708
-1833
-1208
-1341
-2679
-4215
-4248
-2503
-1197
-2178
-4034
-4016
-1661
386
-21
-1432
-1258
667
2488
2795
2183
2337
3476
4433
4653
4558
4712
4596
3440
2284
2707
3744
3193
607
-1678
-1381
710
1086
-1530
-4359
-4386
-2242
-1021
-2163
-4312
-4912
-3160
-935
-738
-1900
-2160
-921
669
1532
1326
744
913
1765
2295
2108
1745
1503
1302
1120
1097
825
200
-675
-2129
-2787
-1671
-863
-2286
-4607
-5121
-2764
-209
-1034
-4031
-4858
-1815
1651
1562
-970
-2150
-132
3160
4476
2766
1321
2376
4778
5771
4895
3665
2823
2617
3356
3979
2838
651
-731
-534
655
816
-1136
-3482
-3633
-2063
-1287
-2125
-3612
-4314
-3441
-1667
-1098
-1810
-2131
-1224
-50
812
1096
862
805
1387
1945
1973
1752
1524
1347
1257
1191
997
515
-194
-942
-2089
-2491
-1515
-1014
-2472
-4547
-4712
-2157
203
-1151
-4296
-4582
-1042
2204
1484
-1548
-2381
592
4109
4210
1546
555
2871
5620
5772
3757
2253
2516
3626
4135
3182
1369
128
-4
441
794
10
-1789
-2938
-2455
-1594
-1661
-2415
-3327
-3626
-2720
-1515
-1526
-2037
-1756
-887
-107
577
807
530
648
1404
1862
1660
1456
1374
1296
1247
1200
739
-199
-893
-869
-717
-1211
-2313
-3132
-2754
-1737
-1674
-2743
-3484
-2664
-1192
-733
-1391
-1665
-675
782
1325
865
820
1918
3169
3345
2823
2875
3812
4594
4141
2540
1665
2718
3875
2785
204
-1200
-228
1458
1009
-1675
-3624
-2726
-846
-771
-2569
-4050
-3657
-1945
-992
-1761
-2549
-1901
-472
324
259
-93
217
1151
1637
1277
944
1293
1722
1658
1127
569
462
755
506
-548
-1863
-2428
-1739
-875
-1442
-3282
-4311
-2942
-595
-337
-2365
-3623
-2029
736
1548
-51
-1461
-449
2167
3589
2634
1287
1857
3796
4959
4352
3129
2351
2314
2898
3331
2497
653
-633
-457
684
939
-545
-2574
-2951
-1760
-916
-1552
-2929
-3640
-2983
-1653
-1130
-1461
-1691
-1271
-545
167
533
552
437
588
1008
1399
1518
1327
1022
853
935
1039
861
-96
-1169
-1291
-676
-645
-1669
-2868
-2913
-1678
-943
-1727
-2858
-2548
-1105
-306
-735
-1299
-832
540
1403
990
569
1413
2815
3264
2600
2235
2972
4002
4061
2642
1136
1518
3130
3133
797
-1417
-1175
959
1723
-462
-3272
-3310
-1006
247
-1198
-3484
-3959
-2158
-363
-743
-2196
-2349
-961
364
507
-172
-401
378
1274
1254
687
606
1084
1378
1150
601
247
371
564
19
-730
-1660
-2207
-1526
-503
-1060
-2926
-3877
-2235
338
317
-2239
-3661
-1705
1510
1948
-348
-1867
-420
2448
3634
1980
491
1510
3603
4426
3413
2357
2067
2135
2350
2682
2200
849
-374
-548
438
1150
110
-1918
-2644
-1486
-365
-770
-2257
-3188
-2674
-1253
-634
-1292
-1902
-1518
-608
6
109
-108
-95
262
629
716
766
826
772
610
525
532
599
298
-538
-1075
-760
-277
-665
-1768
-2310
-1569
-482
-592
-1735
-2432
-1570
-199
185
-705
-1450
-701
940
1501
575
50
848
2144
2558
2020
1531
2055
3142
3418
2155
843
1387
2888
2898
949
-811
-506
1357
2065
167
-2261
-2162
-91
713
-847
-2801
-3119
-1711
-323
-861
-2490
-2729
-1217
38
-148
-1044
-1310
-449
612
647
-77
-304
275
863
890
556
238
235
538
627
199
-146
-643
-1236
-945
8
-64
-1559
-2740
-1898
122
568
-1239
-2816
-1914
564
1330
-305
-1888
-1150
1141
2287
1121
-135
765
2626
3398
2554
1890
2208
2582
2368
2258
2424
2251
1354
350
455
1494
1653
158
-1533
-1608
-591
-141
-1109
-2684
-3322
-2359
-1137
-1337
-2361
-2739
-1986
-891
-354
-786
-1308
-964
16
581
492
292
334
628
1041
1322
1166
936
563
95
123
736
718
-409
-1583
-1402
-149
259
-1031
-2507
-2376
-792
110
-886
-2427
-2263
-473
795
15
-1265
-887
858
2108
1747
822
1006
2555
3703
3407
2029
1408
2487
3948
3658
1605
73
586
2298
2493
438
-1827
-1765
-210
197
-1371
-3234
-3628
-2439
-1310
-1888
-3200
-3332
-2124
-1082
-961
-1463
-1648
-924
239
709
395
238
717
1377
1768
1742
1419
1261
1458
1591
1306
820
24
-555
-345
156
-303
-1706
-2591
-1843
-523
-764
-2380
-3233
-2081
-435
-401
-1697
-2253
-1080
708
1133
197
-16
1370
2923
3288
2626
2407
3292
3875
3325
2681
2930
3243
2504
1158
637
1343
1626
343
-1606
-2077
-1227
-789
-1787
-3348
-3994
-3135
-2022
-2291
-3278
-3506
-2525
-1388
-894
-1175
-1309
-627
465
987
906
894
1237
1744
2044
1994
1755
1754
1632
1173
732
651
537
-19
-812
-1235
-1105
-1031
-1452
-2221
-2556
-2141
-1603
-1636
-2141
-2310
-1630
-683
-333
-600
-632
178
1375
1953
1853
1864
2542
3492
3933
3736
3069
2682
3154
3825
3338
1737
542
670
1558
1411
-248
-2020
-2115
-1129
-914
-2120
-3600
-3963
-3059
-2135
-2443
-3260
-3236
-2235
-1225
-791
-887
-901
-293
579
1044
1152
1293
1437
1574
1865
2102
2049
1761
1422
1102
991
960
572
-666
-1523
-1049
-372
-1017
-2678
-3464
-2343
-695
-1061
-2974
-3834
-2086
115
58
-1634
-2204
-524
1648
2088
932
621
1976
3639
4054
3237
2741
3403
3925
3290
2512
2620
2786
1819
387
24
805
1041
-332
-2350
-2791
-1557
-806
-1969
-3833
-4366
-3053
-1529
-1685
-2923
-3288
-2006
-404
106
-448
-822
-209
971
1640
1414
1009
1165
1722
2063
2050
1800
1520
1108
693
490
420
168
-542
-1515
-1929
-1394
-918
-1545
-2726
-3070
-2127
-1191
-1314
-2221
-2475
-1430
-103
138
-515
-613
434
1840
2303
1868
1649
2480
3592
3804
3184
2778
2702
2677
2764
2743
2024
851
184
374
825
378
-1076
-2340
-2107
-1214
-1266
-2538
-3690
-3526
-2275
-1499
-2118
-2911
-2546
-1233
-222
-205
-789
-778
286
1432
1529
946
831
1487
2197
2335
1835
1259
1235
1596
1492
798
-95
-915
-908
-275
-282
-1636
-3091
-2858
-1152
-389
-1909
-3630
-3293
-1044
200
-843
-2482
-2155
125
1848
1234
-97
393
2276
3608
3251
2261
2276
3429
4193
3377
1889
1682
2795
3015
1430
-274
-390
769
981
-672
-2667
-2776
-1442
-937
-2263
-3876
-3925
-2506
-1388
-1971
-3083
-2891
-1327
-122
-193
-905
-816
400
1596
1656
1049
974
1734
2471
2441
1892
1458
1520
1643
1405
735
242
-350
-963
-1092
-808
-1024
-2102
-3031
-2684
-1350
-1089
-2372
-3541
-2685
-664
-27
-1197
-2168
-1113
1043
1974
991
264
1361
3167
3712
2809
2228
2899
4043
3912
2395
1309
2107
3178
2242
-58
-1162
-77
1152
328
-2157
-3493
-2415
-815
-1176
-3203
-4379
-3352
-1472
-1088
-2276
-3015
-2013
-278
515
-78
-709
-21
1399
2022
1567
1120
1417
2153
2476
2096
1507
1332
1470
1375
796
177
-289
-938
-1345
-1231
-1148
-1822
-2913
-3170
-2082
-1078
-1720
-3058
-3185
-1459
33
-292
-1606
-1597
243
1977
1744
584
864
2430
3571
3191
2295
2263
3246
3930
3117
1441
944
2162
2768
1291
-882
-1400
-72
888
-396
-2798
-3459
-1928
-651
-1496
-3315
-3868
-2480
-802
-828
-2129
-2459
-1063
471
715
6
-252
546
1667
1968
1408
1078
1532
2073
2062
1587
1135
1009
1054
826
277
-359
-959
-1182
-1105
-1118
-1660
-2460
-2654
-1898
-1238
-1639
-2472
-2483
-1295
-303
-459
-1194
-1101
149
1383
1347
591
719
1895
2861
2629
1925
1872
2634
3158
2917
1958
1098
1224
1979
1883
430
-917
-960
7
322
-792
-2386
-2588
-1376
-682
-1536
-2781
-2822
-1720
-711
-950
-1773
-1726
-582
432
421
-83
-84
711
1495
1505
1016
864
1313
1798
1702
1109
700
762
939
725
119
-463
-922
-1030
-895
-907
-1406
-2104
-2323
-1730
-980
-1136
-1905
-2281
-1488
-354
-88
-815
-1202
-405
856
1223
652
422
1103
2105
2351
1851
1549
2033
2581
2644
2114
1320
1006
1539
1999
1204
-271
-880
-128
671
128
-1512
-2480
-1681
-446
-603
-2033
-2920
-2254
-837
-400
-1255
-1937
-1357
-57
615
246
-320
-40
956
1615
1379
865
899
1452
1812
1525
961
774
921
910
418
-55
-451
-825
-954
-906
-1084
-1701
-2233
-2115
-1355
-1086
-1744
-2489
-2103
-816
-235
-891
-1618
-1062
412
1243
573
-199
415
1963
2725
1974
1064
1460
2764
3386
2676
1300
749
1559
2555
2015
94
-1141
-514
766
692
-992
-2557
-2222
-756
-339
-1579
-2871
-2656
-1296
-469
-1010
-1824
-1579
-327
562
415
-78
100
984
1666
1562
1121
1150
1622
1938
1689
1143
890
1033
982
492
-57
-609
-936
-904
-853
-1320
-2074
-2428
-2070
-1492
-1525
-2109
-2564
-2040
-1024
-615
-1094
-1474
-884
301
917
598
314
802
1807
2339
2054
1695
1931
2531
2722
2440
1972
1479
1151
1326
1553
874
-389
-1078
-574
124
-203
-1575
-2495
-1934
-782
-594
-1607
-2440
-2064
-798
-68
-460
-1080
-834
167
982
1042
614
548
1102
1707
1764
1427
1144
1166
1327
1304
945
520
191
9
-222
-689
-1113
-1246
-1326
-1655
-2046
-2141
-1836
-1642
-1812
-2047
-1885
-1317
-898
-920
-1019
-672
-18
447
463
469
834
1354
1689
1698
1581
1680
2020
2195
2020
1659
1617
1531
1029
597
745
839
119
-805
-1009
-335
70
-531
-1673
-1901
-934
-38
-370
-1468
-1816
-910
274
331
-467
-862
-152
886
1195
645
153
488
1223
1426
937
493
483
793
878
527
-5
-234
-209
-168
-549
-1215
-1466
-1210
-1005
-1372
-1931
-1972
-1298
-902
-1208
-1678
-1461
-679
-259
-467
-731
-413
264
655
460
303
647
1188
1365
1089
949
1301
1743
1685
1197
1004
1335
1400
802
410
715
892
344
-344
-290
316
518
-130
-916
-810
20
383
-302
-1137
-1068
-167
358
-100
-790
-732
43
623
373
-279
-354
275
787
574
72
-80
248
601
537
80
-249
-157
72
-144
-629
-852
-739
-712
-944
-1212
-1220
-980
-947
-1165
-1348
-1121
-792
-759
-938
-908
-629
-318
-183
-207
-80
181
419
543
672
878
1060
1122
1213
1439
1597
1643
1510
1164
971
1328
1725
1277
305
-58
618
1285
859
-377
-1000
-331
532
283
-916
-1665
-1174
-172
-52
-916
-1554
-1151
-229
170
-273
-809
-568
226
664
430
92
173
598
888
765
466
310
379
338
64
-206
-316
-412
-701
-1020
-1087
-906
-991
-1409
-1695
-1494
-1131
-1123
-1432
-1589
-1248
-707
-465
-657
-672
-226
305
568
585
678
1006
1412
1647
1723
1775
1938
2147
2002
1560
1442
1872
1977
1207
293
218
898
1148
299
-929
-1143
-303
228
-501
-1694
-2009
-1203
-387
-633
-1472
-1713
-953
-52
85
-424
-635
-66
690
876
565
370
618
1026
1131
817
495
416
519
340
-166
-499
-505
-539
-941
-1418
-1505
-1176
-1173
-1643
-2017
-1777
-1242
-1120
-1419
-1563
-1163
-516
-172
-312
-333
94
718
1049
1017
1019
1377
1863
2050
1932
1775
1990
2313
2030
1279
1112
1686
1797
866
-184
-175
631
867
-157
-1412
-1397
-386
61
-803
-1915
-1982
-978
-195
-574
-1404
-1440
-529
277
240
-311
-406
211
889
949
527
313
580
955
927
537
189
140
89
-115
-355
-575
-813
-1052
-1217
-1247
-1142
-1252
-1584
-1737
-1424
-1073
-1098
-1308
-1236
-802
-374
-202
-252
-116
281
691
850
864
1010
1343
1629
1699
1715
1755
1869
2016
1807
1274
1109
1557
1663
851
-54
-54
646
879
70
-1070
-1167
-286
212
-500
-1591
-1794
-980
-245
-519
-1295
-1464
-751
-1
64
-392
-575
-138
476
627
321
104
277
633
729
505
214
154
104
-22
-138
-256
-504
-806
-957
-876
-718
-936
-1344
-1472
-1103
-799
-962
-1270
-1189
-755
-390
-381
-517
-307
151
406
406
550
914
1196
1235
1306
1580
1910
1999
1869
1541
1326
1522
1927
1722
751
57
374
1145
1039
-63
-1115
-924
-13
199
-783
-1855
-1850
-1001
-465
-946
-1681
-1690
-916
-274
-317
-741
-786
-220
401
512
230
145
454
875
982
739
469
496
533
409
235
64
-212
-517
-658
-637
-611
-906
-1324
-1495
-1192
-940
-1129
-1512
-1508
-1051
-623
-585
-789
-640
-117
363
472
469
711
1145
1522
1679
1742
1825
2055
2250
1987
1502
1495
1977
1876
975
160
335
1002
930
-202
-1269
-1096
-292
-185
-1176
-2131
-2093
-1226
-724
-1212
-1919
-1772
-886
-278
-368
-766
-685
3
716
775
434
412
866
1314
1274
907
628
598
669
611
277
-199
-513
-585
-578
-734
-1111
-1467
-1566
-1399
-1310
-1449
-1647
-1592
-1268
-933
-811
-780
-520
-96
238
425
664
1031
1359
1498
1587
1877
2272
2467
2271
1749
1447
1808
2323
1891
566
-250
291
1191
925
-554
-1764
-1440
-297
-80
-1291
-2534
-2404
-1224
-523
-1068
-1946
-1884
-846
70
67
-480
-570
143
980
1182
823
589
863
1369
1470
1084
655
474
538
530
214
-376
-797
-845
-716
-875
-1354
-1733
-1723
-1418
-1340
-1560
-1746
-1519
-1089
-750
-667
-602
-264
188
510
675
924
1264
1546
1667
1755
1979
2220
2361
2177
1622
1253
1587
2046
1446
100
-592
81
890
417
-1109
-2034
-1412
-360
-408
-1656
-2574
-2174
-957
-433
-1065
-1793
-1478
-344
403
255
-254
-209
511
1228
1260
830
613
901
1280
1281
898
396
194
276
295
-117
-700
-982
-887
-838
-1088
-1438
-1588
-1447
-1287
-1269
-1339
-1271
-1022
-726
-500
-279
0
217
434
707
1039
1323
1454
1447
1539
1888
2169
2119
1772
1381
1215
1483
1720
1140
-5
-545
7
641
239
-1045
-1839
-1328
-389
-417
-1499
-2343
-1987
-924
-465
-984
-1575
-1309
-385
295
220
-181
-159
440
1005
1021
698
553
743
968
991
683
313
173
257
158
-268
-669
-738
-636
-786
-1107
-1299
-1159
-1002
-1051
-1219
-1183
-841
-506
-412
-430
-165
255
521
582
736
1074
1328
1351
1327
1567
1869
1935
1681
1262
1031
1237
1641
1344
256
-540
-159
681
579
-649
-1718
-1442
-435
-178
-1141
-2152
-2079
-1112
-470
-832
-1515
-1457
-598
140
136
-266
-309
195
746
835
548
385
576
827
839
538
241
187
276
124
-284
-589
-540
-420
-655
-1026
-1144
-914
-722
-786
-1020
-1036
-670
-227
-128
-242
-127
252
619
765
836
975
1171
1339
1447
1537
1617
1724
1561
1042
801
1315
1691
925
-275
-495
390
945
174
-1296
-1786
-896
-20
-503
-1808
-2366
-1635
-599
-508
-1279
-1742
-1197
-255
129
-174
-464
-205
378
724
623
403
424
617
709
576
378
272
255
135
-121
-327
-347
-313
-491
-763
-857
-695
-588
-699
-868
-790
-465
-219
-199
-207
23
305
505
620
787
989
1127
1194
1290
1503
1618
1615
1367
981
841
1213
1449
830
-135
-374
284
724
148
-1014
-1495
-933
-314
-618
-1570
-2097
-1685
-928
-767
-1210
-1535
-1218
-552
-151
-243
-448
-303
135
507
550
408
333
468
679
667
394
175
181
194
58
-186
-330
-332
-360
-510
-653
-623
-543
-544
-619
-600
-440
-226
-65
36
114
215
469
837
1070
1014
913
1135
1541
1772
1676
1342
994
1019
1456
1648
1026
53
-213
370
867
361
-796
-1435
-980
-301
-492
-1446
-2142
-1881
-1149
-864
-1305
-1767
-1598
-914
-417
-460
-712
-633
-159
276
384
264
206
340
579
627
455
282
275
277
174
-8
-110
-120
-190
-366
-489
-415
-319
-360
-535
-561
-334
-17
105
27
7
257
674
977
965
853
926
1288
1630
1683
1465
1134
1018
1244
1597
1392
642
59
284
817
758
-44
-872
-941
-501
-322
-889
-1622
-1881
-1501
-1092
-1182
-1596
-1765
-1412
-949
-760
-889
-921
-711
-348
-90
-43
-110
-51
193
342
317
209
194
183
175
133
89
31
-57
-153
-171
-75
-60
-180
-314
-252
-24
161
140
57
159
477
777
902
829
832
1049
1380
1509
1420
1259
1100
1097
1303
1483
1120
542
322
682
913
584
-110
-548
-416
-163
-317
-930
-1396
-1415
-1082
-988
-1267
-1588
-1555
-1275
-1055
-1009
-1106
-1088
-898
-606
-475
-500
-489
-302
-190
-225
-213
-62
40
-90
-248
-211
75
185
-20
-297
-178
196
347
128
-93
45
430
722
567
318
438
961
1258
1071
781
870
1274
1536
1439
1022
687
793
1303
1417
826
107
86
664
984
505
-365
-656
-217
201
-82
-781
-1215
-1046
-638
-541
-875
-1218
-1204
-916
-696
-716
-883
-988
-896
-718
-583
-580
-633
-767
-844
-685
-369
-348
-709
-993
-750
-219
-68
-399
-717
-480
98
421
209
-91
68
653
1073
972
692
772
1280
1678
1566
1201
1146
1476
1743
1590
1062
647
790
1211
1118
357
-245
-77
479
549
-99
-789
-762
-199
38
-415
-1004
-1049
-600
-258
-409
-763
-827
-538
-262
-264
-462
-562
-434
-281
-310
-461
-508
-571
-681
-748
-674
-719
-975
-1191
-1084
-829
-845
-1073
-1166
-864
-489
-375
-534
-504
-42
534
712
525
537
1081
1757
1929
1552
1315
1682
2284
2374
1768
1123
1113
1678
1826
1113
150
-48
461
762
212
-747
-1111
-747
-363
-640
-1243
-1571
-1334
-901
-740
-916
-1040
-808
-466
-248
-221
-160
-47
52
67
112
209
104
-105
-215
-107
-137
-397
-718
-769
-664
-744
-996
-1176
-1063
-915
-872
-969
-913
-619
-244
-91
-141
78
587
1084
1145
1044
1146
1630
2112
2087
1615
1264
1614
2131
2061
1198
478
571
1179
1207
303
-635
-703
-136
-43
-700
-1479
-1612
-1203
-856
-1054
-1498
-1554
-1130
-703
-656
-789
-772
-480
-147
83
1
-171
-77
312
506
215
-154
-155
180
263
-72
-529
-543
-228
-86
-359
-666
-557
-171
69
-111
-310
-87
467
729
454
207
516
1122
1314
941
463
522
1167
1535
1039
219
108
708
1137
788
-20
-393
-66
357
174
-455
-875
-778
-461
-419
-683
-933
-869
-662
-553
-592
-636
-591
-463
-412
-545
-569
-377
-163
-282
-540
-573
-240
20
-130
-484
-578
-211
138
109
-181
-205
185
639
696
456
473
899
1316
1239
861
848
1250
1566
1224
553
306
772
1173
691
-276
-688
-138
441
165
-832
-1384
-952
-228
-224
-955
-1520
-1283
-536
-182
-528
-956
-811
-228
154
54
-217
-195
78
192
93
20
96
60
-144
-310
-177
14
-166
-617
-796
-491
-199
-293
-635
-684
-260
245
321
63
100
630
1227
1293
1003
961
1433
1951
1886
1258
835
1229
1795
1567
562
-96
223
814
607
-426
-1235
-1097
-542
-555
-1286
-1946
-1906
-1362
-1109
-1403
-1729
-1569
-1099
-795
-770
-752
-527
-339
-214
-77
216
383
269
58
175
580
694
359
-96
-65
279
433
115
-256
-213
194
472
291
83
224
687
938
832
691
883
1293
1377
1010
677
983
1446
1286
531
98
434
975
814
-79
-741
-526
32
-47
-794
-1443
-1399
-946
-776
-1152
-1600
-1597
-1198
-953
-1030
-1168
-1200
-1039
-760
-459
-418
-565
-634
-363
74
249
42
-240
-121
280
550
382
144
211
588
891
875
767
844
1156
1342
1293
1181
1265
1468
1483
1158
816
947
1276
1162
489
2
157
619
550
-186
-884
-847
-352
-249
-818
-1463
-1495
-1050
-782
-1056
-1442
-1465
-1103
-806
-848
-1169
-1226
-822
-359
-401
-814
-939
-449
140
99
-430
-704
-266
331
385
-104
-359
26
640
814
555
422
751
1251
1446
1282
1143
1350
1682
1702
1333
1025
1176
1456
1349
762
302
385
765
720
46
-590
-665
-306
-236
-676
-1274
-1443
-1177
-939
-1081
-1401
-1478
-1246
-1018
-1119
-1266
-1130
-764
-596
-776
-943
-689
-138
72
-256
-620
-432
90
312
4
-390
-294
259
668
546
264
376
915
1336
1304
1063
1099
1476
1755
1607
1191
1067
1334
1524
1237
690
399
547
775
565
-45
-531
-520
-300
-358
-776
-1179
-1272
-1120
-1029
-1131
-1286
-1294
-1247
-1293
-1271
-1042
-757
-806
-1068
-1119
-678
-137
-53
-440
-703
-404
144
351
52
-280
-193
269
619
587
382
417
743
1045
1144
1115
1110
1226
1363
1335
1167
1115
1221
1273
1093
792
620
649
727
568
183
-177
-294
-270
-343
-607
-905
-1056
-1072
-1064
-1092
-1144
-1235
-1282
-1226
-1056
-923
-919
-929
-816
-582
-389
-333
-342
-269
-106
30
47
10
58
183
247
231
225
303
403
503
509
486
516
629
715
683
644
674
725
719
665
622
685
755
690
474
353
451
570
465
177
-57
-64
35
-16
-244
-467
-566
-613
-669
-714
-723
-753
-869
-969
-926
-754
-617
-646
-728
-715
-577
-399
-327
-344
-328
-217
-96
-50
-1
126
305
403
403
413
503
689
831
776
652
630
735
828
785
618
504
527
555
462
271
153
139
109
-34
-211
-329
-337
-327
-392
-509
-597
-573
-469
-396
-432
-493
-472
-349
-221
-169
-182
-159
-94
-9
69
77
45
44
37
19
0
-25
-51
-127
-241
-305
-292
-241
-229
-323
-403
-341
-178
-55
-51
-81
-14
192
406
485
474
513
671
830
878
815
768
808
856
801
646
512
461
419
269
43
-135
-211
-265
-392
-595
-766
-807
-755
-764
-871
-937
-881
-747
-624
-538
-495
-397
-222
-58
53
146
247
302
345
397
444
460
435
361
278
256
242
158
11
-103
-159
-177
-226
-322
-377
-348
-283
-253
-254
-219
-113
15
118
172
217
298
428
526
543
515
510
547
562
524
427
329
274
213
117
14
-64
-128
-209
-300
-352
-346
-336
-375
-432
-441
-371
-287
-280
-333
-346
-272
-176
-136
-139
-137
-103
-43
-10
-27
-40
-7
21
12
-13
-7
35
74
87
66
52
91
152
162
143
138
137
153
175
194
191
166
132
120
135
142
106
32
-13
-1
31
13
-40
-80
-73
-33
-10
-28
-54
-45
2
49
59
51
59
81
102
103
85
75
80
90
59
-2
-44
-45
-75
-141
-195
-218
-217
-224
-256
-299
-300
-256
-230
-228
-214
-172
-126
-90
-52
-2
61
122
158
171
204
271
315
296
255
238
245
245
190
97
57
83
99
41
-47
-81
-48
-31
-67
-148
-200
-178
-121
-107
-141
-185
-193
-131
-54
-32
-73
-92
-49
35
99
117
99
94
128
184
225
230
192
153
154
181
186
139
78
38
28
23
-3
-55
-113
-160
-200
-234
-250
-277
-318
-343
-357
-364
-334
-283
-246
-235
-218
-176
-103
-9
61
92
118
179
255
315
344
352
341
334
337
315
267
217
160
93
41
3
-46
-97
-124
-148
-175
-178
-158
-143
-131
-100
-52
3
67
128
169
207
261
313
336
345
336
307
274
242
188
112
22
-64
-149
-217
-271
-337
-417
-488
-535
-558
-563
-563
-558
-542
-492
-412
-333
-269
-194
-107
-25
62
145
206
253
312
377
424
455
468
469
468
464
441
402
354
305
263
212
155
100
51
15
-13
-41
-70
-94
-99
-81
-65
-67
-75
-73
-55
-38
-38
-51
-68
-77
-79
-83
-111
-148
-173
-191
-211
-229
-262
-295
-297
-271
-254
-260
-266
-244
-196
-144
-107
-87
-70
-36
17
71
101
116
136
184
249
287
297
293
300
323
344
340
311
280
268
261
252
233
186
133
107
95
64
14
-41
-83
-123
-153
-180
-227
-277
-303
-310
-324
-335
-338
-347
-351
-333
-309
-296
-276
-239
-197
-162
-128
-86
-40
4
39
75
106
140
181
219
239
243
256
270
281
291
290
274
266
283
295
277
244
222
216
222
221
191
142
119
125
138
124
79
20
-16
-10
-2
-42
-126
-197
-230
-234
-249
-309
-394
-454
-469
-458
-464
-502
-544
-550
-510
-454
-417
-405
-371
-298
-200
-115
-49
17
106
211
308
383
436
483
532
582
611
607
581
558
539
512
471
405
325
262
218
172
109
51
3
-39
-70
-95
-130
-167
-184
-188
-198
-203
-202
-203
-199
-194
-204
-222
-224
-220
-234
-252
-263
-276
-286
-286
-291
-314
-341
-350
-336
-322
-319
-320
-310
-261
-192
-138
-95
-34
47
128
205
280
352
420
491
566
624
658
684
704
706
689
652
595
532
470
395
305
207
109
22
-61
-147
-234
-308
-362
-406
-446
-483
-514
-532
-532
-514
-498
-489
-475
-447
-410
-367
-328
-305
-277
-233
-178
-133
-104
-82
-52
-5
38
66
82
91
107
139
175
191
193
205
230
261
282
298
304
322
356
384
388
379
372
375
378
364
325
276
240
221
204
160
96
35
1
-16
-49
-116
-189
-243
-266
-287
-336
-401
-452
-472
-463
-464
-493
-527
-521
-474
-425
-401
-390
-362
-297
-200
-115
-79
-60
-3
95
186
234
247
261
311
385
438
434
408
403
425
453
452
406
344
319
326
318
267
199
145
123
108
76
24
-29
-66
-78
-88
-112
-157
-193
-206
-205
-200
-214
-237
-253
-258
-261
-269
-279
-286
-292
-289
-275
-256
-241
-223
-202
-178
-151
-122
-94
-61
-29
-3
24
66
111
139
155
183
214
230
237
230
218
213
212
205
184
165
154
148
137
126
107
86
84
88
80
66
58
56
62
69
62
45
34
36
24
-6
-37
-65
-85
-104
-133
-168
-195
-214
-235
-251
-255
-261
-274
-282
-267
-234
-200
-178
-162
-134
-79
-17
31
58
88
140
203
246
262
272
282
293
295
277
245
211
184
157
117
66
14
-35
-75
-103
-140
-185
-215
-227
-227
-219
-202
-191
-169
-126
-77
-37
4
47
84
123
164
189
205
215
221
219
211
193
160
117
86
60
15
-42
-89
-120
-147
-176
-206
-232
-237
-231
-223
-215
-196
-167
-135
-90
-47
-10
28
72
116
156
186
207
222
233
238
234
218
191
159
123
86
50
3
-54
-96
-130
-163
-198
-223
-242
-254
-261
-255
-242
-228
-213
-196
-163
-120
-82
-50
-9
39
84
123
160
194
218
234
251
259
263
262
246
223
205
183
147
107
69
38
3
-47
-95
-118
-128
-146
-169
-180
-177
-161
-142
-134
-120
-92
-66
-49
-32
-6
25
52
70
80
89
103
122
122
97
72
63
55
26
-17
-59
-93
-116
-135
-168
-206
-230
-227
-223
-226
-230
-218
-194
-162
-128
-94
-51
1
52
101
145
182
221
258
287
307
316
314
314
309
291
266
239
208
177
142
106
72
32
-7
-38
-59
-76
-101
-127
-140
-134
-130
-136
-150
-149
-130
-103
-87
-90
-96
-80
-51
-37
-48
-63
-63
-50
-43
-56
-76
-88
-89
-94
-102
-114
-121
-130
-137
-138
-129
-127
-125
-116
-98
-77
-54
-33
-10
17
47
72
101
134
157
165
182
209
227
227
223
226
234
242
241
230
213
203
201
192
168
129
100
86
69
43
4
-39
-61
-73
-100
-143
-178
-188
-192
-205
-230
-250
-246
-234
-236
-252
-253
-231
-210
-206
-204
-187
-162
-141
-126
-120
-99
-59
-24
-5
7
28
55
81
95
101
108
120
135
147
157
161
162
167
176
186
192
195
199
203
210
214
208
195
182
170
157
136
100
63
42
30
0
-45
-84
-98
-100
-109
-137
-163
-166
-156
-152
-159
-171
-167
-146
-136
-145
-147
-131
-109
-106
-123
-123
-99
-77
-96
-125
-123
-86
-56
-65
-90
-78
-22
29
35
14
22
77
143
163
142
129
176
245
277
255
229
233
267
284
244
175
132
123
107
58
-13
-73
-107
-122
-146
-192
-234
-253
-253
-246
-245
-246
-234
-206
-165
-116
-74
-41
-1
42
84
127
155
160
166
185
196
182
151
125
112
95
58
1
-45
-68
-85
-115
-148
-171
-173
-161
-151
-136
-116
-81
-40
0
31
59
91
128
159
175
184
193
202
201
177
145
121
89
39
-17
-68
-113
-153
-196
-236
-272
-295
-313
-319
-313
-300
-287
-261
-215
-158
-99
-51
0
65
138
190
223
253
288
319
341
346
333
316
310
304
282
236
181
135
111
83
30
-25
-64
-78
-88
-111
-146
-170
-176
-174
-173
-180
-189
-189
-173
-150
-125
-116
-113
-100
-73
-42
-30
-36
-39
-21
6
12
-5
-19
-14
4
7
-15
-35
-33
-18
-15
-25
-40
-42
-26
-7
3
6
14
34
61
84
97
105
122
152
175
183
189
201
219
227
217
198
177
158
140
111
58
5
-28
-53
-93
-143
-183
-212
-232
-257
-279
-295
-303
-302
-296
-282
-261
-236
-199
-147
-98
-54
-7
38
90
140
173
196
221
242
257
266
266
256
243
231
206
177
149
117
79
43
15
-13
-38
-52
-66
-77
-84
-82
-87
-92
-93
-84
-71
-65
-62
-63
-59
-52
-43
-47
-60
-68
-64
-63
-75
-92
-105
-110
-111
-116
-129
-135
-136
-128
-119
-114
-111
-96
-71
-41
-12
10
35
65
107
144
168
187
206
232
253
264
265
254
242
237
228
207
172
135
109
86
58
23
-17
-45
-72
-100
-127
-154
-167
-171
-184
-200
-209
-206
-192
-179
-175
-164
-143
-126
-110
-88
-68
-47
-18
6
19
29
45
63
70
69
53
47
54
55
45
32
29
28
22
15
7
-2
4
18
37
41
46
52
66
93
101
100
96
110
126
134
127
115
105
98
91
77
46
7
-21
-45
-79
-117
-150
-177
-191
-202
-225
-239
-233
-217
-198
-189
-170
-132
-89
-54
-27
15
66
117
154
178
195
211
228
225
207
185
161
151
135
108
69
40
15
-20
-64
-103
-125
-129
-139
-155
-150
-145
-126
-113
-102
-92
-73
-50
-20
8
34
53
67
82
87
97
98
86
70
67
62
41
5
-16
-48
-65
-67
-81
-87
-103
-111
-109
-86
-75
-69
-47
-32
0
30
45
76
112
131
144
154
160
163
154
138
120
105
88
73
60
39
18
12
6
-11
-35
-73
-101
-112
-121
-131
-141
-141
-144
-137
-125
-126
-122
-119
-111
-100
-80
-66
-51
-47
-43
-34
-15
-1
-4
-8
5
40
60
82
75
71
81
103
127
122
127
130
143
150
147
125
106
108
115
106
76
47
27
26
10
-28
-57
-58
-48
-40
-43
-70
-89
-79
-60
-45
-32
-36
-32
-20
-18
-22
-37
-42
-46
-51
-59
-69
-77
-95
-109
-146
-173
-183
-187
-187
-194
-185
-163
-143
-144
-132
-109
-66
-19
22
66
125
176
230
265
284
296
310
315
324
339
330
315
266
226
194
171
126
93
44
-3
-41
-81
-123
-154
-206
-241
-241
-229
-199
-192
-175
-191
-167
-151
-144
-112
-105
-108
-96
-83
-74
-46
-45
-47
-26
-16
-2
31
28
26
33
15
8
24
8
9
39
49
47
38
35
28
68
76
70
79
112
153
157
158
167
205
209
214
228
257
260
289
265
221
212
207
230
221
113
2
-44
-107
-88
-88
-221
-329
-307
-320
-284
-307
-425
-530
-516
-661
-578
-1375
-2708
-1476
-324
204
-33
-816
45
1144
2176
1888
1609
1637
824
228
136
423
491
272
257
213
436
468
477
387
-42
-1498
-2385
-1648
-989
-564
-1055
-1028
-66
898
1459
842
424
879
439
62
-154
-349
354
414
-11
-771
-783
221
513
-284
-717
-1286
-1150
-387
-631
-73
400
742
807
323
181
350
965
868
550
-99
-302
217
608
386
-245
273
189
15
-642
-901
-46
31
243
-718
-972
-962
-394
254
48
-72
-395
-7
328
321
837
804
860
852
239
-195
-171
242
244
224
1
-118
-435
4
288
-396
-283
-643
-670
-679
-1015
-711
-276
298
-220
-416
192
201
350
507
202
299
349
307
283
156
634
770
229
612
6
-1
749
298
-282
29
113
-187
-398
-375
-495
-15
75
-596
-396
-575
-165
145
-268
-90
-185
-70
45
-291
-16
318
116
108
-136
129
290
126
113
97
317
30
-236
186
-277
34
116
-471
182
-450
-205
-62
-147
-168
-19
-126
-274
179
-385
166
246
209
87
-63
203
-5
333
415
597
231
372
269
93
434
41
421
-301
-36
-279
47
148
-441
-374
-539
-123
-167
-288
-536
-50
-125
-99
-287
-398
6
107
221
-426
-431
57
367
317
-89
-19
-189
-157
287
-127
116
333
-222
224
-198
235
404
113
717
100
-98
300
71
130
344
-80
164
101
-363
167
-38
-12
261
-501
-404
-78
-278
336
140
52
-169
-804
-156
-99
-240
-180
-302
-311
-86
267
-9
263
492
346
65
-187
66
66
-44
271
-167
-128
443
98
317
7
-27
53
-258
-114
-525
-556
-173
-142
-43
-126
72
398
362
128
92
35
234
530
142
-144
162
374
431
331
-31
205
193
-175
7
-361
-193
-27
-68
29
-144
-65
-138
225
-35
-605
-122
135
-50
-163
-833
-244
67
-1
527
-78
-362
107
-68
27
287
-151
131
-18
-248
181
-46
187
339
-97
-179
-325
25
169
-64
-70
-19
-63
60
231
0
116
8
41
88
-151
-96
-20
41
204
112
-207
37
-100
-40
369
131
99
41
4
319
215
-37
22
188
156
16
-214
-113
53
-135
119
-201
-300
-134
-230
-195
-413
-192
-156
-365
-104
-235
-90
17
-118
103
-21
142
177
-116
109
225
115
317
132
212
362
229
145
124
112
240
170
-1
-101
-277
-160
48
39
-35
-287
-288
84
23
34
89
75
296
126
-152
-31
169
286
124
-185
-199
-55
11
43
-182
-362
-278
-145
-172
-319
-285
-146
25
29
-176
-144
84
292
324
80
-116
-16
101
146
147
-45
-141
23
79
18
4
37
127
157
36
-25
52
139
317
174
145
229
153
208
323
187
35
-91
-66
140
18
-87
-24
-109
-77
-103
-221
-136
-381
-362
-329
-502
-282
-193
-235
-170
-237
-220
38
129
54
39
70
129
82
-39
58
270
336
282
188
83
109
237
248
243
-70
-205
-143
-131
-202
-238
-131
-70
-53
-148
-218
-64
177
273
29
-58
6
167
367
177
37
169
303
246
144
61
85
184
83
-86
-180
-176
-41
-136
-370
-380
-213
-135
-18
-209
-391
-190
-102
21
-2
-221
-133
-50
-9
121
27
111
222
239
330
177
55
12
40
265
189
49
38
164
352
345
248
126
89
49
-5
-191
-278
-183
-181
-244
-289
-191
-150
-20
24
-3
-146
-122
-24
-49
-80
-24
-21
-12
-28
-20
-17
3
81
123
6
-49
-47
-100
-63
7
35
97
108
21
28
-62
90
146
42
12
-73
-91
24
75
-8
-23
52
162
249
139
49
63
121
205
128
-97
-39
182
200
113
-79
-186
-80
-60
-129
-251
-255
-150
-16
-125
-190
-117
-55
7
-21
-160
-257
-143
-48
-72
-97
-24
-5
-27
-59
-116
-46
162
195
1
-120
-71
91
222
201
91
33
120
158
148
210
198
150
129
38
-122
-87
29
57
1
-121
-191
-187
-22
40
31
27
-21
-21
22
48
69
73
77
85
75
75
91
112
28
-38
22
-49
-115
-141
-166
-107
-93
-117
-113
-110
-70
11
9
-41
17
35
11
-11
-21
19
14
37
70
70
115
124
80
46
81
83
62
4
11
94
76
-22
-142
-189
-117
-5
3
-10
31
17
22
-36
-117
-34
126
193
61
-115
-195
-133
-80
-88
-126
-97
-38
-1
-32
-74
13
78
106
34
-30
-52
47
66
1
-31
23
70
40
12
24
68
73
33
-16
7
108
172
114
-3
-9
53
10
-68
-109
-115
-62
17
-47
-79
-57
16
81
94
93
84
31
-11
-8
0
7
15
15
-65
-63
-61
-38
-33
-51
-86
-91
-104
-162
-108
-66
-74
-55
-36
-46
-45
-16
26
9
2
86
67
23
28
86
135
163
166
114
98
137
168
150
74
46
65
6
-120
-136
-121
-122
-47
-54
-141
-181
-167
-121
-28
-9
-6
-71
-89
-10
52
76
107
104
115
167
139
89
104
118
70
-10
-64
-46
19
44
-60
-167
-135
-18
-8
-58
-95
-84
-3
46
-12
-59
1
63
72
4
-74
-30
60
53
-24
-93
-112
-44
21
33
24
46
102
94
4
-38
7
47
93
70
-6
-21
23
83
97
80
50
56
29
-20
-65
-97
-75
-18
-12
-71
-77
-31
44
34
-32
-86
-110
-102
-98
-117
-105
-25
42
49
-12
-48
46
142
154
84
31
12
43
48
47
32
7
22
-4
-26
-35
-18
-17
-11
-13
-11
-22
-40
-61
-72
-76
-83
-71
-59
-54
-44
-13
10
62
85
77
69
89
104
115
103
72
41
16
5
-16
-18
-1
5
-9
-36
-74
-83
-99
-102
-60
-34
-37
-44
-34
-39
-18
23
36
45
61
65
55
21
2
22
40
15
-13
-15
-24
-20
2
16
6
11
-1
-46
-68
-26
27
40
14
-16
-33
-30
-4
-3
-23
7
53
30
-34
-54
-27
19
47
37
-24
-45
5
33
-4
-37
-26
-16
-23
-13
27
44
53
68
45
22
76
114
76
37
20
12
25
24
-21
-34
0
36
37
14
-5
-7
-6
1
-13
-69
-73
-25
-21
-39
-26
-32
-44
-16
15
-1
-26
-16
10
8
7
7
-23
-46
-8
21
-6
-37
-37
-20
3
25
9
-28
-51
-40
-51
-83
-82
-45
-14
7
13
-5
-4
17
41
60
72
64
66
67
50
40
43
33
40
69
55
-1
-35
-26
4
36
40
12
-9
-5
-1
-26
-58
-41
15
29
-33
-111
-137
-82
9
48
-13
-101
-131
-96
-55
-25
-6
-2
-5
-20
-52
-60
-5
63
69
38
20
28
75
138
145
104
84
82
67
56
43
29
19
1
-51
-91
-78
-22
39
62
26
-34
-42
-5
24
26
26
21
2
-19
-35
-36
-8
45
70
33
-14
-16
1
5
-6
-32
-52
-46
-49
-71
-73
-54
-29
-12
-23
-56
-57
-24
1
4
5
16
22
18
22
31
38
61
73
42
0
-1
25
48
57
41
-2
-30
-34
-21
-2
22
38
31
1
-28
-37
-24
6
33
38
6
-29
-47
-28
3
26
7
-37
-81
-80
-43
-4
1
-18
-40
-60
-65
-50
-24
-4
18
25
-4
-42
-18
38
67
64
52
20
-4
10
32
22
16
39
34
-13
-40
-26
-13
6
31
18
-33
-53
-34
-23
-18
-1
6
-14
-26
-15
2
13
32
48
45
39
37
22
4
21
51
60
40
15
-9
-4
23
39
22
0
-3
-4
-19
-45
-56
-46
-17
-1
-18
-55
-63
-23
29
