SAMPLES:	8644
BITSPERSAMPLE:	16
CHANNELS:	1
SAMPLERATE:	16000
NORMALIZED:	FALSE
-2
17
20
32
57
62
30
9
26
21
4
-31
-32
-23
23
9
-3
-6
38
28
-11
-8
-18
6
-3
17
-28
9
32
63
15
-22
-38
-15
-3
-21
-47
-53
12
23
15
-33
19
33
54
8
-13
-28
-21
-9
-39
-35
-21
20
24
13
12
12
26
18
-3
-26
-22
-19
-11
3
3
5
3
25
9
-18
-50
-27
-9
-17
-21
3
31
52
55
49
27
6
10
-15
-51
-75
-52
-20
4
4
-4
4
38
50
10
3
4
17
-3
-11
3
11
16
15
8
-26
-28
-5
24
5
-13
-14
-14
-17
-39
-62
-66
-8
32
44
5
-9
41
71
46
-19
-30
-27
-26
-13
6
-9
34
32
1
12
50
65
13
-16
-28
-5
13
18
17
-36
-13
11
38
3
-15
6
8
-5
-20
8
-8
-6
-35
-30
3
33
6
-20
-7
18
42
-5
-57
-32
0
15
-12
-36
-32
13
11
-24
-29
-28
7
0
0
6
41
38
53
29
64
49
-15
-71
-68
-35
-22
-18
-24
8
50
76
66
30
-38
-70
-19
-6
-48
-44
33
93
65
-32
-37
8
28
-54
-80
-101
-9
42
28
-11
34
114
69
35
-32
9
22
33
-44
-47
-22
27
-1
-25
-23
21
42
-40
-30
-35
21
3
13
0
55
103
96
35
-38
-19
-40
-62
-222
-204
-109
-49
-37
-52
14
104
110
72
-26
-8
4
53
-37
-65
17
44
81
24
102
55
82
73
-6
-38
-26
11
-71
-125
-126
10
-9
-32
-54
40
75
88
87
45
45
26
24
-39
-41
-99
-77
-28
-22
-14
32
138
145
90
117
53
60
52
-82
-171
-217
-104
-66
-62
-64
-55
106
82
33
-10
36
-19
30
81
23
87
104
149
67
42
-6
-125
-131
-184
-111
-140
-132
-102
15
111
116
101
37
74
42
60
-6
-19
32
91
82
50
56
26
-36
-162
-197
-191
-154
-218
-118
-19
123
127
182
182
159
114
26
-40
-63
-17
-27
36
23
75
84
20
-47
-47
-57
-92
-174
-156
-45
0
29
-27
136
160
210
58
11
-47
-10
-68
-120
-96
-53
22
-24
11
-2
102
48
48
19
54
10
-40
-32
-132
-110
-62
-8
-65
-41
7
45
108
36
6
-13
66
26
-10
-23
15
9
-44
-66
-75
-69
-136
-78
-72
17
10
90
55
22
42
110
120
77
59
100
43
41
-21
108
10
-65
-75
-129
-135
-232
-135
-209
-85
26
122
86
178
171
153
135
88
-1
1
-31
-52
-57
-29
-46
27
43
28
12
-20
-102
-105
-91
-110
-126
19
48
121
155
223
291
272
118
138
52
-21
-55
-35
-31
-201
-102
-161
-86
-205
-224
-264
-154
-67
-37
18
78
127
152
206
227
223
141
73
32
42
-21
-116
-240
-270
-291
-308
-220
-144
23
52
157
187
239
227
72
104
9
-55
-141
-14
-5
78
58
73
75
13
0
-37
-105
-152
-63
-33
-17
33
129
162
153
65
30
36
-32
15
-41
-47
-37
205
105
-165
-284
-202
-193
-257
-262
-302
-46
106
163
84
218
276
290
168
-6
47
55
-19
-143
-39
50
69
28
22
149
90
-87
-222
-203
-252
-301
-180
-117
27
184
301
375
266
306
205
87
-231
-284
-283
-258
-291
-332
-60
87
195
147
288
205
226
92
14
-53
-124
-197
-181
-136
-180
-62
64
86
213
136
92
93
31
-43
-164
-86
-138
125
115
92
9
151
240
124
-8
-245
-150
-245
-215
-167
-33
188
283
319
160
96
-110
-217
-217
-258
-340
-187
41
99
153
266
288
236
76
85
108
59
36
-35
50
106
-31
-136
-166
-130
-220
-177
-164
-90
34
42
130
67
165
4
13
-114
-114
-97
-69
-43
-2
200
214
116
87
60
26
27
-37
-204
-138
-168
-128
-120
-105
-79
48
115
-21
8
-26
90
51
129
64
94
105
143
122
44
78
-91
-107
-240
-249
-186
-133
-58
-134
2
87
136
145
43
39
-41
92
0
37
-40
198
243
337
187
70
38
-142
-157
-369
-422
-409
-266
-173
3
272
324
480
228
124
38
-27
-252
-292
-189
-134
101
174
181
175
262
258
116
-289
-394
-231
-147
-443
-203
-39
268
350
319
209
208
289
-122
-64
-293
-122
-146
-108
-152
-44
171
9
170
25
171
29
-36
-189
-79
-51
-272
-169
22
164
221
223
142
243
167
23
-192
-137
-170
-71
-163
-174
83
267
254
31
-31
-133
-20
-148
-300
-270
-122
129
109
84
58
192
221
97
31
-110
-124
-113
-46
-156
-32
133
185
246
94
61
131
170
-96
-221
-140
93
216
94
-84
-73
10
16
-180
-300
-228
-39
8
-41
-6
131
99
212
133
2
-25
73
2
-153
6
-124
-68
-133
-4
-64
-19
22
134
75
-39
141
103
-113
-144
75
-74
-202
-159
-133
-179
-61
-3
117
192
144
104
71
185
92
-16
-152
24
190
-29
-252
-11
126
24
5
17
-37
197
69
-142
-210
43
62
-127
-199
27
131
35
97
119
32
39
-4
-5
-103
-208
44
155
66
-82
-65
31
81
183
8
37
63
73
-70
-218
-251
-253
0
-188
-130
31
178
297
274
176
5
189
-237
-117
-137
-191
-222
-72
81
67
105
25
216
80
10
-97
-129
-86
7
82
-38
-5
27
42
-19
-118
-75
-32
92
103
-15
41
204
228
-35
-27
-116
-108
-52
2
6
-20
103
93
92
-65
-39
-118
-163
7
-161
-26
64
118
-47
79
19
0
67
-119
51
192
-104
22
93
49
-108
-48
-127
75
-17
-64
50
24
48
22
108
-61
-12
75
-9
-296
-96
208
98
71
-161
-59
140
133
-261
-162
-54
84
178
-81
-58
158
146
54
-131
-132
-7
76
42
-51
-31
-57
386
57
-38
-41
55
-165
-189
-227
-245
95
-167
54
88
263
160
224
141
175
159
23
-84
-181
-47
-88
-111
-162
14
-99
41
135
-10
102
176
-101
-107
-64
1
-36
-207
-206
234
134
-41
76
160
62
250
-36
-474
-94
18
-27
30
13
-196
-19
-18
-14
-23
-46
-33
286
261
133
121
135
85
11
-401
-303
-153
-199
-153
-42
274
246
285
139
121
-165
-44
-201
-252
-231
0
20
210
223
76
51
-106
-156
-182
-262
-295
-176
42
110
63
201
525
552
43
-150
33
2
-475
-494
-321
116
182
171
166
305
381
310
279
-257
-437
-208
40
-732
-656
-193
236
98
71
390
808
672
172
140
36
-150
-368
-424
-573
-311
-176
-4
202
156
271
414
247
63
-170
-46
-68
-97
-293
-192
152
350
171
-91
168
200
-53
-329
-341
-126
-126
124
-142
-45
-73
425
50
112
149
-53
100
-64
-174
-157
-20
-263
45
185
79
230
202
193
157
8
55
-46
-187
-497
-259
-269
-86
-292
-200
80
327
374
-96
423
413
315
-76
-163
-309
-234
-22
-116
87
75
557
361
233
122
-133
-123
-326
-344
-679
-319
-235
-13
197
270
256
138
194
-12
-128
-300
-96
5
59
182
246
87
160
85
-65
-61
-70
-85
34
-165
-116
337
-52
-297
-36
-76
-1
-174
-259
-6
341
232
350
345
275
450
-108
-169
-266
-246
-806
-376
-198
-72
-232
49
223
389
439
69
-103
79
59
-150
-290
-285
-153
102
56
-47
389
292
292
-26
303
-174
-165
-646
-409
-350
-254
1
480
369
672
863
585
170
-440
-712
-558
-464
-689
-68
-100
767
793
606
201
316
275
-413
-660
-761
-329
-215
64
121
167
314
271
215
45
-152
36
-143
-196
-290
21
-29
89
41
326
223
-36
-57
-106
8
-216
-27
-90
15
-23
78
5
60
67
36
-126
-211
-299
1
-38
261
91
332
296
213
-199
-111
-186
-72
-152
53
127
257
129
290
285
-124
66
-293
-47
-342
-340
-551
30
107
235
99
-41
387
54
-147
102
-12
25
4
140
34
112
-289
83
-42
-343
18
95
-131
-73
-70
135
124
-165
-216
116
-55
-129
196
-158
-70
-153
132
161
296
-103
61
296
316
152
-258
-54
107
-22
-504
-440
-135
14
-179
-324
349
398
303
209
154
115
65
-195
-411
202
290
-242
-223
138
215
-119
-188
-284
-26
-101
-284
52
157
283
27
146
-69
341
-160
-373
-257
8
35
62
-34
227
457
487
-184
-392
-215
-83
-358
-403
160
288
340
193
341
6
193
14
-154
-179
-263
-409
-141
48
-432
220
627
257
190
211
258
408
16
-284
-23
-240
-387
-305
-594
-367
59
460
642
291
258
488
153
-378
-124
-347
-615
-365
-15
-139
65
403
128
220
217
-80
-309
-225
-388
-31
186
-18
361
577
143
90
21
3
-262
-241
-618
-67
-160
152
411
733
338
134
332
-403
-798
-678
-443
-532
69
553
312
502
155
-142
237
100
-825
-589
54
95
131
-25
380
525
450
-21
-50
21
10
-3
-165
-205
-305
-101
-117
-41
-314
-227
247
403
106
65
149
8
18
-141
-310
277
271
188
-11
355
311
31
-86
-398
-433
-465
-336
-570
-139
277
338
564
517
115
-147
116
-448
-665
-586
-115
-44
-71
305
671
659
332
541
-65
-384
-376
-398
-230
-366
-91
184
497
-14
205
385
571
-120
-540
-256
-220
-157
-696
-33
184
274
168
733
624
395
344
-143
-519
-617
-711
-716
-373
-247
161
453
288
328
536
581
405
133
-199
-110
-108
-306
-544
-359
-100
-420
-39
-3
124
145
465
518
662
101
36
179
-187
-467
-593
-273
-207
202
28
409
241
572
220
25
-247
-565
-460
-238
-117
-372
232
335
406
240
236
-118
-209
-46
80
-90
-125
191
287
91
-128
-415
-351
45
-211
-147
-127
188
248
99
-203
-111
-66
-201
-212
-46
311
545
380
263
93
320
17
-491
-488
-319
-176
-20
33
-14
287
399
299
-132
-1
-272
15
4
-319
-318
76
-168
-528
152
299
193
135
517
629
88
-68
159
-231
-656
-548
-609
71
-35
66
581
824
560
502
11
-305
-376
-842
-646
-385
-245
-55
544
675
506
281
371
-37
-196
-357
-425
-416
-350
-216
91
147
93
422
331
170
-157
-224
-172
63
-47
-115
-123
30
290
135
210
-131
-104
-12
-95
-334
-215
28
-186
48
-272
-133
221
412
109
273
350
662
509
-206
-179
-257
-327
-563
-589
-455
360
406
483
388
281
338
5
-319
-493
-476
-168
-53
-10
352
327
213
284
515
-88
-239
-487
-427
-197
-25
-207
32
736
709
-51
-115
134
-210
-408
-621
-559
-248
241
126
81
-222
304
623
633
-223
135
173
-3
-162
-452
-629
-457
-107
-63
68
117
733
692
511
150
-95
27
-99
-534
-735
-247
-267
147
264
249
430
486
122
76
366
12
-126
-495
-207
-463
-325
-479
-26
74
251
259
364
403
167
133
-183
-314
-408
-439
-530
-83
0
68
405
601
488
406
156
-333
-410
-565
-709
-702
7
164
27
429
400
529
511
215
-166
-387
-129
-95
-286
-58
527
472
139
-1
-134
-452
-608
-799
-551
-72
715
578
683
1009
588
-198
-656
-853
-820
-489
-90
377
445
890
859
414
53
-202
-748
-1010
-788
-546
-203
74
627
634
792
644
215
-92
-35
-275
-349
-278
-268
161
-43
-52
374
546
124
81
49
-220
-488
-736
-589
-388
91
218
392
692
568
487
182
146
-61
-544
-640
-320
-331
-252
111
319
437
546
639
227
-103
-188
-384
-318
-138
-407
-227
318
455
38
-250
6
151
0
-238
-45
-70
-33
-98
-4
-551
-466
-193
130
169
162
348
688
638
119
74
16
-322
-818
-583
-202
-156
-198
415
720
339
112
512
-16
-529
-638
-455
-381
-413
-68
510
674
448
491
454
470
-249
-704
-690
-575
-561
-152
94
306
693
592
604
173
-5
83
80
-234
-484
-266
-138
20
-291
-204
184
259
212
229
266
251
90
-288
-355
-368
-463
-384
-170
134
317
294
230
432
340
23
-214
-300
-407
-261
-264
-58
261
391
298
124
29
-155
-228
-520
-558
-426
-334
-20
369
621
593
672
440
162
62
-127
-407
-352
-184
-281
-9
230
301
175
110
85
134
16
-178
-85
-25
34
50
125
-170
-353
-430
-511
-577
-306
124
467
410
535
583
299
22
-231
-395
-476
-589
-337
9
159
510
688
427
187
136
-276
-421
-495
-479
-256
-51
76
239
243
129
141
-59
-60
-114
-120
-203
88
308
416
406
387
303
132
100
132
52
-123
-38
30
35
76
41
99
55
-159
-346
-496
-483
-153
-193
-136
160
527
621
397
252
72
-160
-728
-1019
-803
-433
-339
18
339
602
730
499
123
80
-79
-369
-346
-554
-363
31
28
-227
72
114
0
-79
-103
36
-69
30
-145
-126
151
203
175
336
321
208
246
306
279
323
333
278
291
94
-24
-205
-400
-395
-443
-379
-265
9
73
140
238
180
115
182
330
165
57
78
54
-167
-223
-336
-133
-98
-259
-322
-48
-35
-67
40
16
5
71
207
191
249
201
253
132
-57
-409
-500
-610
-671
-755
-721
-487
-116
286
264
310
421
589
382
163
36
2
32
147
156
194
263
478
481
268
307
270
11
-157
-273
-287
-304
-304
-313
-310
-246
-270
-170
29
151
322
485
480
381
277
106
-84
-181
-292
-395
-375
-224
-134
-61
-7
-189
-183
-80
-149
-342
-440
-341
-215
-25
91
181
422
579
445
349
328
244
73
23
2
89
185
224
379
592
561
370
226
-77
-282
-404
-430
-372
-181
3
187
354
465
412
313
131
-145
-354
-467
-567
-627
-563
-464
-286
-162
-91
-72
-42
-83
-218
-336
-431
-572
-639
-646
-640
-548
-406
-308
-211
-90
-11
41
49
-21
-121
-54
25
-5
37
175
282
401
503
613
681
730
825
867
941
983
1023
1051
1075
1018
1021
1069
1147
1102
1106
1030
840
660
539
236
-2
-205
-353
-389
-470
-578
-659
-628
-664
-838
-936
-1026
-1225
-1314
-1451
-1509
-1600
-1686
-1743
-1706
-1733
-1831
-1884
-1777
-1742
-1760
-1734
-1611
-1428
-1325
-1265
-1113
-848
-591
-298
45
507
963
1397
1785
2244
2562
2744
2888
3131
3237
3284
3449
3621
3764
3943
4061
4084
4035
3924
3649
3242
2750
2017
1350
560
-374
-1296
-2212
-3182
-3953
-4428
-4784
-4952
-4735
-4476
-4120
-3558
-3131
-2836
-2557
-2324
-2304
-2322
-2457
-2628
-2707
-2743
-2823
-2596
-2231
-1859
-1393
-826
-419
-58
236
403
497
642
818
1041
1255
1660
2344
2914
3388
4004
4629
5030
5392
5723
5942
6234
6537
6585
6818
6732
5888
4985
4115
2432
353
-1362
-3138
-5053
-6210
-6712
-6909
-6608
-6035
-5158
-3820
-2574
-1781
-876
-176
-155
-362
-486
-1000
-1588
-2143
-2669
-2930
-2979
-3164
-3012
-2480
-2248
-2237
-1895
-1729
-1892
-1892
-1997
-2234
-2239
-2162
-2105
-1680
-1114
-569
451
1824
2734
3632
4975
6027
6504
6884
7199
7276
7158
6838
6555
6584
6639
6330
5898
5329
4510
3464
1908
-136
-2033
-3815
-5671
-7231
-7987
-8235
-8104
-7387
-6244
-4807
-3236
-1978
-813
230
909
1141
1223
1134
813
369
-162
-725
-1084
-1546
-2063
-2341
-2558
-2891
-3052
-3182
-3478
-3669
-3765
-3977
-4120
-4041
-3905
-3453
-2650
-1822
-809
567
1998
3435
4728
5790
6810
7844
8281
8362
8555
8451
8046
7870
7691
7374
7156
6598
5400
4455
3489
1419
-1087
-3133
-5095
-7335
-9064
-9994
-10213
-9904
-9243
-7861
-5667
-3724
-2182
-532
1190
2249
2883
3210
3139
2861
2324
1442
786
129
-808
-1507
-1733
-2275
-2927
-3147
-3493
-4067
-4435
-4899
-5372
-5513
-5694
-5802
-5166
-4168
-3377
-2039
-248
1305
2973
4807
6160
7202
8221
9023
9541
9806
9601
9304
9199
8681
7852
7476
7339
6580
5159
3776
2616
726
-2124
-4862
-6783
-8952
-11310
-12325
-11898
-11335
-10518
-8543
-5695
-3165
-1044
877
2718
4012
4437
4483
4471
3971
2976
2150
1589
711
-312
-1068
-1604
-2076
-2788
-3460
-3821
-4241
-4904
-5327
-5565
-5983
-6405
-6318
-5942
-5201
-4178
-2968
-1291
632
2345
4208
6132
7607
8542
9420
10121
10290
9978
9451
9078
8613
7528
6635
6552
6386
5324
3771
2627
1499
-721
-3805
-6290
-8151
-10620
-12788
-13000
-12228
-11563
-10262
-7656
-4599
-1933
363
2589
4626
5796
6159
6505
6488
5541
4365
3588
2722
1433
190
-766
-1622
-2537
-3447
-4139
-4830
-5835
-6573
-6817
-7213
-7762
-7762
-7200
-6580
-5669
-4240
-2502
-655
1140
2991
4963
6621
7873
8898
9677
10075
10225
9978
9388
8804
8108
7112
6294
5791
5402
4789
3486
1988
1014
-660
-3778
-6603
-8450
-10822
-13189
-13765
-13107
-12092
-10383
-7775
-4324
-666
2219
4551
7025
8602
8751
8736
8432
7003
5291
3871
2389
1009
-211
-1436
-2206
-2864
-4052
-4718
-4871
-6073
-7529
-7713
-8008
-8962
-9091
-8523
-7971
-6777
-5156
-3413
-1020
1322
2885
4876
7055
7948
8611
9742
9899
9378
9423
9016
7971
7302
6519
5331
4726
4181
3575
3571
3071
1303
346
-320
-2972
-5978
-7629
-9702
-12067
-12791
-12222
-11164
-9193
-6628
-3473
625
3975
6113
8430
10228
10234
9791
9171
7387
5143
3370
1446
-256
-1540
-3011
-4109
-4376
-5104
-6055
-6155
-6380
-7466
-8005
-7834
-8176
-8507
-8057
-7161
-6054
-4625
-2893
-750
1561
3360
4769
6469
7612
7816
8029
8369
7894
6956
6523
6068
5232
4679
4313
3855
3606
3811
4335
4646
4125
3107
2593
1454
-1466
-4409
-6533
-9247
-11875
-12533
-11873
-11061
-9272
-6095
-2296
1537
4733
7232
9478
10723
10392
9508
8297
6099
3466
1360
-527
-2355
-3732
-4627
-5057
-4991
-5065
-5197
-5000
-5027
-5656
-6201
-6569
-7254
-7924
-7944
-7483
-6633
-5313
-3547
-1268
1227
3395
5185
6797
7826
8028
7951
7728
6892
5555
4653
4325
3710
3075
3169
3684
3993
4349
5318
6481
6751
5795
4865
4250
1881
-2126
-5293
-7736
-11063
-13600
-13567
-12369
-10991
-8494
-4531
4
3887
6676
8993
10881
11079
9763
8336
6425
3406
477
-1507
-3090
-4493
-5292
-5328
-4748
-4102
-3851
-3529
-3131
-3618
-4745
-5359
-6095
-7540
-8482
-8287
-7762
-6894
-5197
-2900
-346
2252
4437
6252
7733
8100
7588
7144
6472
5032
3537
2798
2485
2151
2202
2813
3707
4547
5395
6683
7966
8191
7164
6052
4981
2203
-1953
-5347
-8186
-11558
-13929
-13775
-12456
-10873
-8040
-3841
702
4511
7142
9236
10714
10533
8960
7327
5261
2214
-430
-2075
-3392
-4483
-4826
-4542
-3840
-3033
-2560
-2124
-1794
-2383
-3551
-4483
-5591
-7304
-8756
-9186
-8979
-8350
-6952
-4692
-1785
966
3347
5622
7256
7749
7391
6729
5699
4310
2983
1921
1461
1583
1859
2649
4001
5279
6374
7690
9160
10068
9835
8574
7074
5167
1552
-2996
-6537
-9856
-13575
-15493
-14756
-13283
-11410
-7861
-3151
1356
5028
7744
9638
10646
9971
8342
6598
4266
1192
-1146
-2550
-3813
-4590
-4512
-3977
-3159
-2186
-1560
-1006
-864
-1735
-3091
-4212
-5771
-7967
-9517
-9962
-9955
-9275
-7542
-4935
-1949
1077
3890
6316
7942
8419
8066
7391
6134
4453
3109
2095
1431
1411
1951
2847
4193
5754
7126
8574
9987
10780
10765
9555
7373
4761
1244
-3405
-7795
-11321
-14690
-16888
-16477
-14674
-12308
-8686
-3928
906
5009
8109
10060
10982
10552
8872
6763
4221
1086
-1465
-3167
-4443
-5123
-4887
-4191
-3212
-1939
-954
-362
-161
-828
-2089
-3365
-5141
-7263
-8818
-9692
-10025
-9347
-7662
-5404
-2529
748
3693
6222
8036
8767
8711
8055
6638
4802
3349
2187
1221
1073
1764
2739
4043
5680
7258
8483
9408
9975
10009
8962
6502
3778
1137
-2728
-7252
-10512
-12944
-15368
-16123
-14336
-11856
-9203
-5384
-921
3112
6109
8025
9019
9142
8002
6076
4234
2120
-388
-2098
-2893
-3392
-3487
-3016
-2250
-1308
-421
-48
103
-117
-1295
-2681
-3881
-5623
-7389
-8406
-8840
-8731
-7648
-5886
-3665
-808
1923
4115
6211
7487
7612
7381
6702
5257
3799
2978
2244
1644
1866
2636
3356
4305
5291
6131
6703
6846
6757
6806
6152
4076
1892
384
-2169
-5760
-8239
-9942
-11988
-13055
-11982
-10043
-7980
-5272
-1910
1594
4534
6305
7424
8075
7557
6202
4882
3248
1042
-674
-1694
-2476
-2852
-2821
-2653
-2020
-1209
-836
-606
-388
-1079
-2201
-2920
-4067
-5862
-6915
-7354
-7676
-7183
-5795
-4255
-2221
279
2334
4194
5839
6465
6446
6530
5852
4601
3747
3181
2300
1741
1731
1877
2086
2459
2852
3411
4035
4409
5043
5909
5687
4520
3799
2880
227
-2948
-5168
-7515
-10250
-11476
-10761
-9704
-8338
-5815
-2276
1030
3457
5306
6744
7242
6605
5517
4315
2487
368
-1116
-2038
-2738
-3152
-2970
-2416
-1677
-999
-364
221
306
-354
-970
-1568
-2947
-4699
-5654
-6180
-6886
-6897
-5880
-4544
-2986
-964
1166
3075
4560
5384
5791
5931
5196
3851
2837
2066
857
-55
-32
244
567
1528
2925
4342
5686
6962
8308
9493
9348
7853
6610
4972
1276
-2759
-5541
-8594
-12119
-13524
-12759
-11804
-10313
-7425
-3634
-27
2769
4785
6459
7271
6588
5456
4481
2679
445
-887
-1625
-2319
-2500
-2091
-1376
-326
629
1209
1775
1859
860
-303
-1405
-3272
-5576
-7122
-8079
-8837
-8864
-7872
-6244
-4188
-1862
610
2900
4487
5320
5701
5640
4711
3318
2190
1371
592
67
375
1371
2418
3718
5575
7316
8459
9479
10468
10878
10142
8183
5876
3600
169
-4240
-7612
-10174
-13266
-15204
-14387
-12826
-11434
-8833
-4961
-1289
1702
4126
5865
6941
6971
6197
5463
4380
2402
896
369
-164
-700
-497
-17
378
914
1309
1309
999
-8
-1434
-2654
-4167
-6319
-8013
-8703
-9137
-9282
-8499
-6911
-5047
-2912
-583
1737
3624
4839
5679
6204
6082
5235
4311
3705
3156
2568
2392
2927
3685
4356
5416
6662
7379
7613
7769
7870
7484
6088
3814
1629
-387
-3605
-7227
-9571
-11571
-13931
-14721
-13234
-11482
-9710
-6709
-2855
684
3561
5747
7408
8346
8213
7482
6770
5446
3434
2020
1239
277
-492
-628
-625
-580
-407
-369
-554
-1020
-2034
-3175
-4092
-5302
-6831
-7794
-8035
-8069
-7813
-6699
-5035
-3207
-1187
1110
3257
4798
5939
6743
6988
6631
5834
4813
3881
3079
2379
1864
1805
2005
2236
2859
3539
3812
3947
4227
4356
4228
3704
2315
718
-458
-2469
-5246
-7130
-8537
-10477
-11379
-10148
-8664
-7268
-4782
-1624
1340
3950
5968
7231
7964
7891
7104
6240
4962
2898
1338
422
-608
-1492
-1692
-1756
-1780
-1418
-1155
-1188
-1195
-1608
-2338
-2776
-3439
-4649
-5546
-5744
-5983
-6057
-5369
-4248
-2996
-1347
554
2391
3932
5023
5653
5933
5682
4696
3426
2302
1216
291
-294
-528
-360
276
1075
1946
2945
3814
4336
4830
5344
5361
4459
3106
1943
425
-1968
-4356
-5990
-7667
-9331
-9376
-8081
-6899
-5495
-2987
-66
2290
4108
5469
6257
6381
5797
4927
3946
2458
844
-108
-663
-1285
-1565
-1400
-1177
-843
-417
-185
-147
-325
-855
-1413
-1987
-3051
-4203
-4803
-5184
-5588
-5471
-4814
-3979
-2831
-1337
135
1498
2617
3247
3603
3724
3269
2404
1679
1056
521
358
426
672
1335
2175
3002
3850
4580
4959
5220
5531
5619
5196
4064
2706
1613
33
-2342
-4305
-5704
-7462
-8831
-8497
-7543
-6917
-5619
-3368
-1076
755
2335
3575
4413
4743
4629
4400
3879
2795
1878
1428
881
242
22
-10
-124
-53
61
78
28
-316
-947
-1353
-1894
-2969
-3996
-4612
-5230
-5758
-5860
-5605
-5039
-4079
-2905
-1553
-134
1084
2103
3062
3616
3681
3644
3515
3167
2848
2725
2505
2235
2335
2594
2718
2969
3307
3528
3768
4115
4430
4446
3809
2727
1768
556
-1756
-4082
-5645
-7478
-9420
-9745
-8893
-8289
-7173
-4854
-2215
103
2322
4159
5561
6468
6721
6505
6084
4997
3520
2416
1508
413
-365
-673
-837
-784
-499
-225
-52
-90
-582
-1079
-1683
-2846
-4250
-5318
-6227
-6967
-7258
-7033
-6302
-5029
-3454
-1598
453
2233
3623
4873
5676
5780
5500
4984
4148
3187
2370
1580
841
428
451
667
1047
1581
2208
2824
3385
3894
4268
3922
2859
1800
710
-1262
-3654
-5366
-6894
-8646
-9269
-8347
-7241
-6121
-4019
-1189
1349
3361
5056
6379
7004
6930
6491
5809
4537
2894
1617
686
-319
-1078
-1315
-1286
-1129
-811
-447
-204
-269
-735
-1226
-1763
-2812
-4125
-5103
-5868
-6483
-6685
-6393
-5651
-4506
-2994
-1208
701
2303
3502
4611
5299
5239
4789
4157
3177
2034
1125
409
-299
-760
-724
-260
348
979
1794
2736
3510
4028
4590
4939
4356
3131
2173
994
-1135
-3364
-4805
-6239
-7727
-7890
-6827
-5801
-4634
-2537
-26
2097
3724
5036
5832
6039
5715
5089
4176
2826
1391
360
-397
-1091
-1467
-1433
-1220
-866
-408
-9
251
201
-207
-637
-1117
-2151
-3397
-4255
-4949
-5605
-5736
-5429
-4911
-3901
-2458
-978
499
1831
2770
3479
3890
3657
3041
2404
1502
500
-88
-450
-874
-905
-379
358
1084
2000
2966
3771
4443
4911
5226
5252
4473
3156
2055
736
-1448
-3587
-4905
-6337
-7735
-7710
-6664
-5734
-4505
-2404
-78
1887
3456
4589
5313
5543
5188
4532
3770
2611
1326
531
39
-491
-680
-494
-218
141
565
864
959
763
216
-384
-1081
-2248
-3572
-4574
-5365
-6004
-6270
-6083
-5489
-4541
-3306
-1790
-261
909
1868
2750
3138
3045
2762
2260
1555
973
601
345
252
395
883
1612
2280
2892
3621
4216
4390
4441
4552
4214
3105
1815
755
-662
-2649
-4399
-5530
-6704
-7675
-7383
-6168
-5051
-3716
-1569
792
2591
3978
5125
5783
5805
5392
4784
3937
2766
1596
850
350
-144
-386
-283
-49
129
321
531
494
84
-498
-1102
-1886
-2988
-4142
-5061
-5749
-6190
-6364
-6078
-5339
-4373
-3148
-1584
-70
1070
2068
2963
3375
3356
3126
2689
2119
1589
1161
960
871
839
1127
1700
2141
2444
2905
3242
3229
3201
3213
2924
2089
1012
208
-753
-2330
-3808
-4582
-5359
-6200
-5853
-4576
-3538
-2354
-379
1655
3155
4347
5219
5538
5375
4825
4002
3040
1874
662
-124
-550
-1013
-1221
-1044
-750
-499
-178
106
162
-46
-500
-1046
-1643
-2572
-3691
-4509
-5077
-5565
-5759
-5388
-4759
-3927
-2752
-1347
-12
1086
1979
2711
3148
3145
2843
2476
2005
1438
1040
918
800
693
990
1501
1833
2103
2490
2754
2843
2878
2967
2861
2239
1340
683
-84
-1524
-2931
-3656
-4441
-5323
-5067
-3924
-3002
-1968
-240
1564
2887
3886
4493
4571
4225
3529
2626
1709
653
-377
-951
-1091
-1195
-1122
-725
-237
161
521
834
897
609
2
-623
-1291
-2313
-3508
-4362
-4997
-5549
-5699
-5379
-4841
-4088
-2961
-1628
-353
720
1587
2351
2880
2974
2807
2577
2193
1731
1418
1289
1124
968
1173
1540
1761
1941
2221
2444
2514
2601
2769
2773
2264
1530
1042
381
-943
-2174
-2868
-3738
-4610
-4375
-3392
-2694
-1802
-298
1273
2428
3283
3721
3728
3412
2787
2051
1316
436
-376
-705
-702
-695
-546
-137
309
652
895
1074
1014
532
-223
-930
-1728
-2876
-4038
-4884
-5530
-5994
-6020
-5649
-5047
-4182
-3008
-1622
-324
737
1613
2402
2900
2994
2885
2673
2291
1879
1624
1497
1294
1154
1337
1642
1837
2003
2292
2487
2568
2694
2944
2905
2359
1692
1252
452
-926
-2081
-2874
-3885
-4669
-4357
-3589
-2969
-2088
-633
801
1920
2701
3155
3239
3034
2587
2068
1509
769
151
-28
44
30
146
453
777
930
1014
968
650
-68
-955
-1758
-2650
-3823
-4881
-5536
-5997
-6230
-6002
-5368
-4575
-3561
-2231
-788
488
1488
2294
3024
3435
3429
3247
3034
2612
2150
1889
1717
1360
1144
1278
1388
1430
1576
1795
1919
2043
2304
2614
2490
1910
1401
932
-149
-1586
-2546
-3476
-4561
-4866
-4192
-3504
-2721
-1354
255
1642
2762
3503
3797
3794
3399
2742
2127
1390
447
-102
-201
-269
-291
-61
216
397
508
482
241
-288
-1124
-1972
-2680
-3538
-4504
-5160
-5395
-5413
-5186
-4571
-3639
-2617
-1518
-231
1001
1864
2416
2858
3085
2964
2623
2231
1842
1443
1110
977
976
914
963
1221
1476
1632
1805
2012
2155
2365
2610
2397
1815
1338
742
-351
-1543
-2454
-3439
-4378
-4482
-3855
-3197
-2373
-1107
364
1605
2516
3096
3334
3176
2702
2198
1751
1124
454
167
149
169
263
438
526
532
389
179
-113
-674
-1466
-2103
-2562
-3129
-3693
-4022
-4215
-4228
-3927
-3517
-2988
-2292
-1523
-712
186
876
1262
1634
1920
1878
1766
1710
1508
1324
1342
1397
1360
1454
1606
1647
1751
1940
1985
2012
2120
2327
2499
2249
1657
1163
588
-575
-1782
-2586
-3586
-4610
-4580
-3917
-3368
-2553
-1219
126
1247
2201
2739
2956
2926
2567
2139
1889
1482
963
792
865
841
875
973
932
735
429
70
-324
-826
-1501
-2071
-2467
-2865
-3258
-3474
-3612
-3649
-3497
-3186
-2771
-2324
-1817
-1187
-493
35
424
865
1262
1409
1535
1726
1833
1905
2095
2238
2207
2202
2259
2133
1915
1831
1716
1591
1610
1870
1915
1569
1185
799
-49
-1284
-2286
-3201
-4313
-4998
-4678
-4050
-3328
-2250
-830
503
1621
2427
2872
3012
2829
2427
2087
1855
1428
1170
1181
1365
1472
1544
1516
1369
966
413
-176
-830
-1634
-2380
-2829
-3212
-3550
-3732
-3664
-3558
-3356
-3072
-2618
-2141
-1719
-1301
-718
-204
116
476
906
1243
1433
1707
2053
2392
2652
2897
3002
3054
2939
2631
2312
2024
1596
1174
1100
1282
1202
801
518
200
-630
-1786
-2628
-3435
-4536
-5131
-4654
-3929
-3258
-2155
-652
637
1600
2349
2778
2857
2643
2295
2097
2028
1782
1675
1914
2213
2238
2197
2047
1609
842
-23
-924
-1812
-2711
-3463
-3762
-3779
-3796
-3691
-3197
-2713
-2374
-2032
-1593
-1323
-1127
-922
-642
-337
-108
107
526
1105
1487
1834
2333
2857
3171
3315
3345
3291
2946
2425
1992
1639
1129
683
679
831
552
95
-111
-581
-1659
-2719
-3378
-4222
-5031
-4966
-4155
-3303
-2261
-896
534
1669
2375
2661
2707
2543
2055
1599
1554
1639
1644
1956
2498
2894
2937
2747
2277
1454
263
-1027
-2204
-3253
-4149
-4594
-4453
-4070
-3548
-2820
-1951
-1288
-879
-588
-403
-434
-597
-653
-551
-365
-113
292
885
1494
1980
2475
3013
3338
3268
3128
2992
2627
2008
1549
1266
910
574
648
766
382
-122
-542
-1315
-2504
-3393
-4098
-4901
-5332
-4727
-3609
-2407
-1097
302
1572
2480
2853
2637
2233
1673
1068
704
833
1123
1530
2236
3071
3571
3575
3193
2351
1078
-480
-1979
-3249
-4261
-4882
-4871
-4331
-3557
-2674
-1705
-834
-215
62
65
-86
-296
-521
-581
-399
-93
347
981
1627
2066
2384
2621
2736
2562
2263
2047
1874
1551
1353
1401
1467
1428
1539
1602
1112
335
-491
-1601
-3048
-4168
-4944
-5545
-5653
-4824
-3502
-2061
-519
896
1990
2634
2765
2357
1711
978
385
134
382
872
1522
2343
3123
3598
3544
2974
1916
517
-1047
-2425
-3505
-4214
-4452
-4130
-3418
-2520
-1640
-970
-488
-200
-180
-345
-470
-513
-436
-118
391
962
1566
2097
2407
2486
2351
2123
1829
1369
975
894
980
1097
1473
1932
2210
2390
2556
2188
1274
174
-1195
-2822
-4246
-5176
-5847
-6020
-5422
-4101
-2574
-1032
314
1322
1888
1986
1698
1151
628
248
269
684
1430
2210
2926
3445
3634
3310
2414
1190
-251
-1649
-2777
-3426
-3685
-3517
-2968
-2229
-1415
-779
-533
-605
-728
-960
-1246
-1279
-996
-516
228
1197
2058
2700
3057
3079
2802
2355
1830
1283
850
655
691
880
1213
1602
1934
2100
2217
2134
1449
421
-515
-1710
-3182
-4147
-4568
-5006
-5065
-4198
-2966
-1928
-974
-134
421
688
610
397
331
399
520
1052
1968
2772
3266
3598
3622
3133
2150
849
-528
-1838
-2925
-3481
-3472
-3178
-2699
-2016
-1302
-863
-799
-988
-1178
-1320
-1436
-1301
-711
85
922
1839
2633
3042
3049
2820
2465
2014
1632
1448
1462
1647
1881
2130
2284
2277
2020
1573
1200
649
-237
-1025
-1553
-2374
-3240
-3464
-3462
-3718
-3651
-2941
-2170
-1532
-981
-565
-234
1
-35
-81
111
259
475
1049
1813
2313
2579
2723
2622
2195
1381
391
-506
-1373
-2201
-2593
-2563
-2546
-2504
-2235
-1898
-1857
-1912
-1919
-1829
-1640
-1239
-586
279
1194
1959
2647
3093
3145
2828
2511
2231
1998
1969
2088
2403
2831
3151
3154
3084
2772
2034
1306
618
-412
-1460
-2115
-2911
-3773
-4056
-4027
-4154
-3909
-3153
-2295
-1407
-607
-98
318
629
588
491
562
544
559
900
1348
1643
1716
1585
1275
834
76
-748
-1415
-1979
-2347
-2309
-2029
-1842
-1578
-1356
-1275
-1341
-1480
-1666
-1709
-1510
-1119
-464
375
1222
1930
2532
2833
2793
2583
2352
2194
2220
2374
2513
2880
3337
3458
3281
3146
2740
2054
1228
186
-783
-1508
-2423
-3495
-3819
-3791
-4048
-3984
-3205
-2422
-1816
-1112
-550
-136
160
276
386
711
908
1073
1548
2066
2184
2031
1740
1117
234
-843
-1855
-2715
-3385
-3751
-3592
-3131
-2682
-2126
-1542
-1111
-873
-691
-619
-473
-168
247
825
1504
2034
2378
2640
2648
2416
2135
1953
1893
1904
1916
2117
2488
2626
2555
2558
2438
2047
1434
610
-180
-811
-1696
-2674
-2952
-2905
-3163
-3057
-2123
-1297
-821
-268
244
445
429
294
162
219
201
228
564
981
1049
938
779
404
-251
-1073
-1790
-2332
-2802
-3161
-3102
-2892
-2782
-2640
-2315
-2059
-1854
-1642
-1304
-686
71
781
1553
2384
2921
3208
3388
3356
3086
2847
2795
2791
2557
2335
2304
2128
1629
1201
988
658
30
-682
-970
-1185
-1848
-2565
-2573
-2495
-2732
-2489
-1586
-717
-65
620
1231
1693
1846
1720
1691
1760
1576
1310
1417
1431
1001
404
-110
-870
-1935
-2917
-3588
-4039
-4389
-4337
-3926
-3362
-2848
-2318
-1754
-1266
-916
-692
-266
288
775
1209
1791
2223
2404
2500
2599
2624
2613
2769
3028
3142
3149
3256
3073
2466
1839
1313
545
-558
-1473
-1967
-2311
-2867
-3233
-3014
-2748
-2685
-2367
-1605
-940
-475
-40
468
996
1365
1601
1970
2398
2612
2792
2987
2928
2467
1845
1090
109
-938
-1924
-2707
-3300
-3631
-3875
-4023
-3959
-3845
-3816
-3676
-3270
-2878
-2317
-1493
-491
544
1655
2560
3178
3673
3893
3872
3752
3650
3428
3145
2906
2808
2584
2061
1553
1231
718
-450
-1536
-2146
-2696
-3591
-4090
-3876
-3588
-3299
-2600
-1473
-549
157
641
1110
1490
1629
1629
1743
1951
1938
1930
2043
2026
1580
1122
648
77
-652
-1301
-1735
-2019
-2292
-2625
-2552
-2412
-2448
-2419
-2012
-1670
-1480
-1084
-616
-128
268
591
838
1180
1421
1654
2040
2568
3045
3231
3316
3410
3335
2693
2104
1826
1403
354
-713
-1260
-1842
-2790
-3641
-3737
-3773
-3921
-3610
-2700
-1847
-1230
-556
144
841
1273
1601
2096
2674
2845
2873
2999
2795
2070
1213
417
-526
-1474
-2202
-2555
-2763
-3012
-3040
-2738
-2547
-2561
-2322
-1851
-1444
-961
-258
544
1278
1893
2385
2815
3069
3041
2972
3017
3080
2867
2570
2481
2380
1892
1241
956
735
-75
-1162
-1809
-2215
-2984
-3754
-3874
-3680
-3627
-3296
-2507
-1562
-799
-233
299
890
1234
1255
1508
1873
1951
1949
2139
2156
1820
1287
727
96
-644
-1408
-2025
-2462
-2930
-3153
-3133
-2986
-2793
-2445
-2000
-1492
-867
-302
329
974
1492
1864
2299
2716
2956
3187
3504
3892
3905
3728
3622
3478
2854
2059
1600
1007
-76
-1359
-2061
-2570
-3354
-4041
-4037
-3755
-3718
-3429
-2681
-1918
-1494
-1054
-457
194
680
1059
1649
2227
2546
2537
2633
2457
1805
995
320
-291
-1063
-1772
-2350
-2608
-2779
-2981
-2969
-2672
-2456
-2372
-1964
-1371
-880
-380
281
937
1543
2129
2638
3152
3607
3934
4148
4120
3797
3426
3101
2611
2068
1688
1118
82
-837
-1480
-2272
-3169
-3574
-3660
-3770
-3557
-3028
-2428
-1926
-1374
-969
-482
34
334
734
1359
1853
2092
2412
2435
1937
1360
907
238
-492
-1118
-1702
-2150
-2412
-2652
-2786
-2598
-2474
-2350
-1944
-1345
-869
-331
293
829
1334
1787
2132
2445
2816
3149
3417
3466
3314
3160
2973
2574
2161
1944
1426
431
-391
-888
-1635
-2539
-2945
-3037
-3146
-3050
-2746
-2340
-1923
-1525
-1272
-858
-370
-48
222
686
1109
1377
1484
1446
1276
981
639
278
-115
-572
-1072
-1382
-1620
-1914
-2156
-2094
-1857
-1731
-1468
-984
-471
-57
388
882
1288
1656
1993
2418
2909
3329
3432
3347
3319
3122
2615
1991
1563
1199
366
-623
-1206
-1521
-2109
-2714
-2769
-2659
-2555
-2427
-2081
-1622
-1158
-844
-562
-208
174
369
553
776
896
834
752
633
289
-71
-338
-727
-1144
-1431
-1570
-1752
-1822
-1754
-1633
-1458
-1229
-968
-678
-284
106
437
806
1271
1679
2102
2574
3060
3457
3664
3630
3546
3378
3017
2427
1949
1426
475
-602
-1330
-1894
-2623
-3177
-3275
-3215
-3105
-2814
-2312
-1755
-1200
-642
-178
277
680
888
1035
1264
1405
1329
1211
1088
740
190
-400
-940
-1488
-2012
-2397
-2619
-2667
-2606
-2464
-2224
-1878
-1512
-1165
-771
-269
260
823
1440
2057
2645
3227
3698
3870
3800
3703
3557
3263
2894
2580
2196
1494
675
-69
-812
-1617
-2277
-2544
-2647
-2621
-2462
-2178
-1869
-1562
-1279
-1090
-849
-559
-306
-51
288
629
832
954
1005
880
622
294
-41
-422
-748
-978
-1177
-1329
-1440
-1521
-1568
-1559
-1527
-1492
-1373
-1130
-815
-402
77
601
1149
1684
2157
2394
2499
2594
2684
2644
2574
2565
2330
1827
1270
729
156
-461
-867
-1172
-1281
-1231
-1180
-1179
-1174
-1100
-1142
-1203
-1110
-974
-829
-629
-373
-135
13
154
103
-29
-131
-177
-257
-411
-489
-558
-612
-649
-726
-798
-808
-741
-711
-674
-552
-398
-203
46
357
680
1025
1383
1637
1773
1858
1960
1964
1865
1797
1715
1462
1082
637
160
-336
-718
-999
-1231
-1257
-1160
-1019
-922
-822
-739
-725
-666
-583
-460
-279
-103
67
208
334
389
327
205
73
-34
-174
-372
-538
-705
-857
-970
-1045
-1120
-1161
-1093
-961
-803
-617
-410
-213
-15
254
570
819
1037
1271
1450
1569
1656
1677
1589
1510
1444
1290
1083
785
411
148
-51
-346
-617
-704
-620
-582
-602
-561
-498
-504
-572
-593
-600
-577
-485
-324
-135
95
341
505
585
606
560
440
271
61
-157
-351
-510
-667
-824
-962
-1088
-1183
-1261
-1292
-1267
-1183
-1057
-895
-674
-419
-163
112
416
702
951
1172
1367
1503
1581
1595
1545
1447
1305
1118
921
712
494
284
98
-79
-280
-506
-713
-850
-946
-1024
-1055
-1008
-882
-694
-459
-197
67
310
547
757
905
974
957
874
755
609
438
267
92
-113
-331
-542
-788
-1058
-1281
-1431
-1541
-1600
-1578
-1449
-1231
-977
-706
-418
-129
127
362
588
778
923
1038
1136
1226
1290
1297
1252
1194
1092
936
754
549
301
41
-177
-363
-520
-639
-723
-758
-729
-668
-589
-471
-335
-213
-88
55
153
201
244
289
328
369
416
447
445
393
284
115
-79
-273
-436
-546
-603
-602
-573
-514
-446
-365
-297
-247
-190
-132
-80
-23
25
44
46
59
46
9
-15
-12
12
71
117
118
115
125
119
101
150
209
254
310
395
464
468
451
435
415
367
314
291
264
217
110
-42
-169
-294
-442
-574
-631
-650
-657
-636
-624
-595
-523
-434
-366
-272
-109
80
227
395
620
775
799
822
888
871
722
635
639
480
213
58
-73
-321
-560
-707
-826
-951
-1037
-1075
-1091
-1023
-888
-753
-618
-433
-226
-119
9
303
585
701
828
1056
1204
1170
1026
969
1026
874
474
166
88
-51
-433
-754
-807
-758
-868
-1063
-1079
-899
-807
-838
-750
-441
-117
87
274
538
804
917
941
985
1040
1047
1012
935
833
707
534
291
3
-267
-506
-742
-922
-1036
-1082
-1091
-1075
-1005
-876
-721
-590
-403
-135
123
321
509
718
871
910
887
883
856
740
580
443
305
118
-125
-333
-474
-617
-768
-865
-883
-886
-864
-778
-665
-530
-356
-167
-8
147
344
517
617
695
806
925
948
876
803
753
655
424
171
8
-141
-355
-563
-668
-711
-756
-800
-766
-675
-614
-542
-413
-250
-84
68
203
357
496
570
600
635
653
620
556
492
435
341
191
40
-68
-148
-234
-346
-414
-432
-445
-478
-485
-441
-378
-325
-276
-212
-113
-7
29
42
119
258
333
337
351
381
363
245
117
64
5
-109
-176
-169
-161
-178
-223
-260
-243
-207
-206
-201
-128
-12
99
161
211
257
275
238
176
137
128
111
74
55
38
36
15
-62
-150
-152
-85
-56
-65
-10
96
152
136
134
146
154
176
203
207
193
187
170
127
55
-27
-108
-167
-236
-303
-375
-422
-456
-515
-606
-652
-611
-567
-507
-461
-358
-169
-33
14
102
225
351
442
484
523
588
640
660
642
597
550
490
408
313
210
123
45
-80
-206
-289
-369
-472
-498
-446
-397
-367
-302
-180
-42
26
80
172
278
358
385
414
433
429
423
369
231
115
30
-83
-209
-336
-459
-551
-600
-671
-726
-739
-748
-713
-620
-512
-445
-359
-198
-73
-40
12
148
328
417
375
443
651
739
635
566
627
713
641
432
315
380
405
259
90
83
205
139
-111
-204
-77
-33
-185
-269
-149
-112
-233
-310
-295
-230
-216
-267
-251
-128
-79
-159
-221
-138
-81
-143
-203
-166
-59
-51
-197
-245
-142
-130
-245
-321
-229
-148
-205
-268
-176
-22
-21
-87
-39
155
289
175
127
317
478
413
264
323
504
477
311
275
380
416
296
162
189
289
224
85
41
84
88
-19
-100
-131
-95
-102
-200
-263
-234
-213
-264
-330
-306
-261
-288
-329
-321
-317
-346
-358
-355
-326
-303
-290
-291
-241
-179
-157
-139
-60
38
80
89
149
221
240
243
242
267
322
334
309
337
423
486
415
358
449
526
464
348
337
402
380
243
108
72
95
30
-173
-282
-232
-260
-421
-511
-468
-414
-460
-501
-407
-298
-301
-340
-296
-243
-189
-180
-171
-91
-27
-33
-10
27
7
30
86
91
47
22
34
10
-77
-139
-142
-114
-128
-150
-97
-28
4
52
132
149
197
322
401
401
405
494
551
527
465
465
523
527
455
376
363
361
264
90
-10
-39
-108
-237
-353
-397
-434
-539
-646
-710
-756
-806
-814
-779
-759
-714
-590
-452
-361
-232
-72
61
181
320
421
441
459
514
543
513
477
447
446
408
310
215
186
125
-31
-130
-125
-160
-256
-298
-274
-256
-263
-264
-209
-89
-4
30
124
253
326
350
355
385
423
425
387
366
387
373
269
121
16
-73
-210
-360
-441
-444
-471
-519
-557
-571
-568
-563
-545
-496
-400
-290
-212
-177
-127
-43
5
10
51
166
302
368
385
452
525
516
460
418
421
425
378
321
301
282
204
95
40
10
-45
-107
-122
-90
-104
-187
-257
-263
-276
-342
-382
-328
-250
-213
-206
-186
-161
-136
-135
-149
-101
-3
73
96
116
158
189
162
126
120
127
114
97
97
84
33
-42
-98
-133
-170
-228
-257
-220
-152
-112
-93
-43
25
54
34
33
82
149
203
276
382
473
523
523
503
497
461
364
264
211
172
110
19
-64
-129
-214
-328
-446
-523
-571
-613
-640
-613
-563
-551
-564
-541
-467
-399
-349
-263
-119
20
92
139
210
283
296
277
306
360
380
363
352
354
340
273
192
168
167
125
78
75
96
98
69
40
52
78
81
63
72
114
143
129
106
92
78
53
5
-34
-46
-73
-124
-161
-180
-204
-253
-283
-267
-246
-258
-276
-247
-203
-198
-210
-190
-156
-155
-170
-181
-170
-154
-175
-210
-212
-190
-185
-187
-154
-89
-24
43
118
194
276
360
432
489
538
585
623
639
632
627
611
556
473
396
330
233
118
28
-31
-96
-176
-255
-317
-362
-425
-492
-517
-488
-457
-434
-391
-328
-269
-245
-229
-186
-134
-89
-60
-27
7
28
16
-24
-65
-99
-133
-162
-163
-158
-170
-182
-177
-163
-143
-117
-80
-11
86
164
212
249
297
349
380
397
437
497
541
540
507
479
443
368
271
193
148
105
33
-43
-92
-130
-182
-245
-287
-303
-310
-323
-334
-333
-324
-302
-269
-221
-160
-89
-31
12
47
63
60
35
-7
-50
-81
-116
-173
-238
-285
-314
-338
-354
-350
-318
-259
-175
-91
-22
55
153
263
362
450
539
632
703
717
680
630
574
481
364
253
167
81
-24
-136
-240
-334
-417
-497
-546
-555
-537
-519
-496
-461
-412
-351
-280
-191
-78
56
177
274
342
385
397
390
361
319
281
247
196
128
49
-37
-124
-210
-293
-364
-396
-397
-392
-383
-353
-311
-256
-189
-119
-42
59
187
311
406
481
557
618
651
646
624
611
588
506
377
254
135
-18
-196
-354
-470
-570
-675
-770
-822
-822
-791
-750
-680
-565
-430
-296
-169
-42
83
199
310
407
477
529
569
582
570
525
454
373
303
226
133
33
-41
-100
-170
-248
-301
-316
-309
-296
-280
-231
-150
-73
-11
55
129
195
258
325
392
435
448
439
410
348
252
130
6
-106
-216
-330
-420
-487
-548
-602
-635
-632
-602
-549
-479
-389
-277
-156
-44
52
149
239
314
371
422
456
468
456
427
375
299
208
116
37
-37
-115
-177
-206
-210
-224
-245
-234
-187
-126
-70
-5
78
170
246
305
360
408
435
430
409
381
330
241
127
6
-110
-222
-328
-419
-483
-522
-545
-552
-543
-515
-473
-414
-339
-247
-150
-53
46
138
215
276
320
356
384
393
385
372
354
324
278
221
156
89
17
-57
-125
-179
-212
-233
-244
-248
-242
-220
-186
-142
-95
-40
26
99
159
198
224
238
244
231
201
163
127
89
43
-17
-77
-131
-184
-240
-298
-346
-373
-381
-372
-349
-309
-251
-180
-102
-23
54
132
210
276
327
363
387
397
387
356
309
256
194
128
60
-4
-58
-103
-140
-165
-174
-168
-153
-131
-100
-58
-12
28
57
78
91
97
88
67
42
19
-3
-29
-57
-84
-111
-141
-177
-209
-229
-237
-237
-232
-220
-197
-167
-138
-109
-77
-34
16
66
110
150
186
213
228
234
238
240
238
227
208
183
155
122
87
57
38
26
16
8
0
-4
-9
-14
-18
-13
-4
5
7
0
-13
-31
-56
-81
-104
-119
-130
-137
-139
-138
-136
-136
-135
-126
-107
-82
-60
-43
-25
-6
12
24
26
27
26
20
7
-14
-36
-53
-68
-77
-80
-70
-54
-36
-22
-7
14
42
69
93
120
149
177
197
206
212
217
219
210
194
172
144
105
54
-2
-52
-94
-130
-162
-186
-196
-200
-206
-216
-225
-222
-209
-189
-166
-136
-95
-46
3
48
93
140
187
226
252
265
266
254
225
179
126
72
18
-36
-92
-147
-195
-232
-259
-277
-282
-272
-243
-198
-143
-80
-15
55
121
182
232
268
290
298
291
267
229
180
128
72
19
-33
-78
-121
-160
-196
-234
-265
-288
-299
-296
-278
-245
-200
-141
-78
-13
52
114
173
227
274
309
331
341
335
315
280
232
180
123
58
-10
-79
-141
-198
-245
-283
-304
-303
-284
-249
-203
-151
-91
-29
29
83
133
177
213
239
248
242
224
191
146
93
33
-26
-82
-138
-192
-241
-284
-315
-333
-338
-328
-302
-262
-212
-156
-95
-30
39
106
170
229
280
322
351
361
354
334
304
263
214
156
99
42
-13
-68
-115
-152
-176
-187
-189
-181
-160
-131
-95
-56
-14
35
85
131
165
188
197
196
175
135
85
29
-29
-90
-151
-208
-256
-292
-318
-335
-338
-329
-310
-285
-257
-219
-172
-119
-62
-2
62
125
183
233
268
293
307
308
297
275
244
210
170
127
87
52
23
-1
-20
-36
-50
-61
-71
-77
-79
-78
-71
-57
-39
-13
15
43
68
93
110
119
118
107
90
63
32
-4
-42
-81
-121
-164
-204
-238
-263
-283
-292
-288
-269
-234
-191
-141
-88
-29
33
93
151
202
244
277
294
299
291
273
246
208
167
125
88
54
20
-13
-42
-69
-89
-108
-123
-130
-131
-127
-116
-102
-83
-61
-39
-20
0
18
38
50
55
52
43
27
5
-22
-52
-84
-116
-147
-177
-202
-218
-222
-215
-191
-152
-101
-44
14
69
117
159
193
219
238
251
258
259
252
238
216
188
159
129
97
69
38
8
-20
-46
-69
-88
-102
-111
-113
-113
-110
-103
-98
-93
-86
-76
-64
-50
-38
-30
-25
-23
-28
-37
-51
-68
-85
-98
-110
-120
-129
-133
-134
-129
-119
-105
-86
-62
-35
-6
23
49
75
100
122
144
163
178
191
199
198
192
181
166
152
134
114
94
72
52
30
7
-16
-37
-54
-65
-70
-72
-73
-74
-74
-74
-70
-67
-61
-55
-50
-47
-44
-44
-49
-56
-66
-72
-77
-80
-81
-82
-82
-78
-70
-61
-49
-39
-24
-8
5
19
28
38
51
62
75
91
106
121
134
138
139
135
129
120
106
89
73
57
41
23
5
-10
-21
-29
-35
-38
-39
-38
-39
-43
-44
-45
-46
-45
-47
-46
-48
-52
-59
-71
-82
-90
-94
-94
-93
-91
-82
-73
-60
-50
-39
-25
-7
8
22
33
41
50
57
63
67
69
71
71
71
67
63
56
48
37
29
21
16
12
8
8
10
14
17
18
15
13
12
13
15
16
15
14
11
3
-5
-18
-29
-40
-49
-58
-67
-73
-77
-80
-77
-70
-61
-48
-32
-13
6
24
38
49
58
63
64
61
55
47
40
31
20
8
-3
-12
-22
-33
-45
-56
-60
-61
-61
-61
-61
-57
-50
-38
-22
-9
9
31
51
72
89
100
107
110
107
