SAMPLES:	8675
BITSPERSAMPLE:	16
CHANNELS:	1
SAMPLERATE:	16000
NORMALIZED:	FALSE
-1
0
13
11
16
14
7
10
17
13
-14
-21
-3
8
10
6
9
13
16
-6
-21
-10
8
-10
-20
-14
-13
5
1
-26
-31
-6
2
-14
-17
-14
-5
4
-4
1
8
18
27
22
-1
-13
2
18
2
-10
-2
6
13
6
6
6
16
-4
-21
-20
-15
5
-4
-7
30
30
4
-10
-10
-17
-34
-44
-33
-33
-32
-6
13
11
17
35
23
15
-10
-19
6
13
11
18
19
30
43
32
25
38
29
15
-1
-15
-11
-15
-47
-55
-37
-41
-49
-55
-46
-41
-6
14
19
26
38
50
45
45
46
50
56
43
66
87
71
20
23
-37
-79
-49
-20
-28
-27
33
17
50
13
17
11
-43
28
23
17
-4
40
37
10
116
52
269
-366
-848
-539
-23
-167
-301
141
390
588
516
391
276
211
105
-194
-269
-102
-139
-269
-239
69
169
51
-3
-64
-101
-115
-127
-123
-107
-65
88
172
116
194
170
173
81
-869
-1038
-635
-234
-416
-191
142
508
776
657
543
341
459
372
26
-39
163
83
-108
17
228
192
173
63
-84
-229
-142
-30
-51
-89
-5
45
-266
-437
-937
-1262
-1237
-630
-365
-593
-619
23
1060
1384
1052
314
273
684
806
198
-87
-112
543
481
556
401
496
218
-540
-479
-450
-383
-850
-1085
-946
-587
-109
-104
-215
-382
18
432
412
217
499
621
602
707
377
702
327
694
99
-57
-100
422
-155
-481
-717
-802
-543
-198
-422
-939
-545
-349
469
-46
227
79
375
103
459
107
31
512
131
122
391
593
214
-144
-240
-85
-349
-161
-501
-316
-207
-373
-264
-31
44
120
31
-55
422
29
175
234
205
135
136
76
67
-23
-128
-70
-105
-24
355
-123
-447
226
10
-18
-190
67
-367
88
102
-12
93
-403
334
-62
-32
-326
-37
-41
-135
509
-287
159
413
129
19
104
320
-99
110
-189
18
-350
-151
-142
-32
-55
229
-250
-102
77
279
-236
-147
-84
491
15
71
123
98
-158
128
-74
-396
-44
86
-306
-345
283
-136
534
-75
271
-139
245
-12
10
-262
-198
-17
-93
-252
-165
48
93
-60
-83
207
-85
50
108
-41
102
-87
251
88
-147
197
43
-38
312
-6
66
45
194
-89
-90
44
-196
433
-272
-123
-77
221
-254
-215
195
-64
-324
135
-172
-210
229
159
-41
-53
592
80
471
-872
365
191
68
-364
173
-452
-242
471
-382
-197
-301
775
-247
51
-157
449
-326
108
361
-544
174
400
-391
214
-67
-239
154
153
-418
-233
882
-953
590
-5
-44
-45
333
-338
-297
44
-235
427
-336
540
173
-159
-193
511
-47
-299
53
-248
479
-482
-866
516
238
-248
407
403
-70
-253
307
-319
-185
145
191
-457
-449
193
-270
-425
-259
924
59
-192
86
300
-36
261
712
-661
241
827
-310
-494
-230
-39
-569
-8
-108
306
-511
-283
168
469
-5
144
363
29
-121
39
145
330
-197
445
-345
300
-166
-403
-562
-36
281
-120
-210
-46
236
-67
566
-331
268
-26
417
49
-754
-6
-70
599
-509
558
-86
-64
477
507
-276
-338
753
150
-373
-693
245
-451
-456
-176
196
104
354
572
-87
-2
36
278
110
297
138
-194
-66
36
213
-624
-574
-34
64
-874
-837
-107
-298
134
622
498
-8
940
401
-341
436
544
549
153
274
-110
-110
-291
128
-559
-663
204
-577
-1102
-1080
-467
-261
-188
-433
-150
-129
131
463
111
277
1421
1223
771
271
248
88
479
-244
-136
-12
-572
-421
-316
-265
-92
22
-392
-93
136
261
-336
-110
-249
-4
66
155
48
-106
128
59
320
69
394
270
-632
-39
19
-407
-270
639
-34
-507
237
119
-59
-98
38
45
44
6
419
-259
-380
350
82
-227
234
163
-113
-97
-251
229
335
-206
-179
-329
-329
164
149
-268
122
622
112
-226
-52
63
82
252
11
109
-116
-384
20
-71
-409
328
479
-175
74
301
-47
-135
42
128
189
26
-101
9
23
-283
70
179
-242
261
104
-447
-112
435
144
-60
97
-195
-107
-202
166
-298
-821
-15
300
-300
-399
253
154
42
59
274
-13
-78
461
490
-70
-97
326
159
177
13
81
-171
215
136
-322
-459
7
72
-125
-33
-159
291
94
39
-33
17
-208
28
305
-170
-507
-112
179
145
-292
-4
189
-141
177
97
-261
-308
129
172
-117
-412
-169
38
-210
31
167
-154
-118
262
108
-13
-72
-56
355
311
109
46
-103
-286
65
307
-55
-383
-63
64
-39
80
-160
-334
-93
353
163
-310
-319
280
481
267
114
-92
-160
195
341
196
129
-302
-215
4
25
-20
-109
-208
-216
128
-40
-6
-348
-255
34
56
31
-41
10
-146
407
382
-8
-90
263
-3
-7
64
4
123
95
60
-167
-174
-32
461
183
-421
-99
308
-17
-24
155
-181
-82
256
-58
-288
-273
12
127
216
-13
-220
-340
-202
135
-8
20
176
-216
-314
92
83
-183
-118
-35
102
251
-69
-115
74
230
235
258
38
-100
-129
-14
176
325
17
-15
-50
-11
-31
6
-33
182
220
44
-80
-319
46
75
39
-392
-165
150
219
-77
-159
213
63
80
96
-55
-309
-39
56
31
196
-78
-325
-58
253
-74
-231
-168
-7
-90
177
96
-235
-157
35
-34
78
139
-138
-39
150
178
191
187
-150
-19
222
75
-257
11
181
-293
106
155
-211
-149
371
-233
-526
-72
227
83
-142
-107
-202
-264
-120
215
-76
8
276
274
77
21
-29
-54
-158
259
278
-334
-259
235
26
8
104
-145
-317
-12
139
-237
-307
-36
74
-128
89
76
-61
-299
199
236
-26
114
156
14
-99
160
236
666
33
-41
72
84
163
396
-23
-431
35
297
283
-313
-77
11
122
436
423
-262
-642
167
412
-53
-424
144
109
311
584
156
-842
-481
261
-145
-243
-178
-267
-532
31
69
-466
-707
-408
-194
-131
-50
-457
-604
-346
224
161
-8
-145
173
124
-41
22
39
-31
96
413
47
119
-96
59
279
448
389
370
201
356
929
484
46
146
642
467
361
68
240
64
291
405
175
-102
-194
212
92
164
190
91
-527
-267
167
139
-455
-367
-106
-446
-241
-54
-496
-1018
-154
185
-377
-649
-328
-463
-341
-75
-109
-517
-615
-313
-266
-531
-512
-388
-736
-592
-457
-460
-424
-309
-330
105
66
-214
161
494
340
459
828
717
532
705
465
255
899
1204
1084
878
846
638
819
811
751
370
95
90
16
340
380
274
187
426
359
391
119
-385
-129
320
189
-30
84
-158
-576
-675
-64
-132
-863
-737
-499
-937
-1162
-948
-1316
-1349
-962
-1007
-1345
-1650
-1290
-1114
-1120
-1076
-884
-1074
-786
-78
-102
46
375
669
621
695
599
729
751
702
1213
1398
1165
1114
1201
952
1051
1517
1503
1137
754
814
807
729
969
1161
979
711
596
278
523
692
62
-269
339
420
147
-170
-512
-583
115
123
-403
-1056
-1170
-1188
-1217
-1338
-1696
-1845
-1946
-1631
-1838
-1965
-2063
-1958
-1614
-1408
-1193
-1260
-1220
-1041
-395
41
443
490
445
284
190
625
769
642
679
1180
1455
1486
1109
1182
1376
1197
1332
1641
1463
577
591
1020
1169
1015
1353
1606
1306
825
851
1108
695
660
586
565
576
411
-69
-243
84
-10
-226
-359
-572
-1132
-1217
-1027
-1363
-1916
-2058
-1637
-1877
-2183
-2076
-1933
-2082
-1806
-1243
-1375
-1701
-1342
-705
-655
-575
-49
260
189
667
1143
681
67
355
1058
1240
895
690
778
1260
1455
1051
660
769
906
778
957
491
-110
1
919
717
87
499
841
408
326
1036
634
263
297
567
199
50
-77
53
330
237
-5
-133
-160
-396
-564
-495
-504
-904
-888
-831
-1295
-883
-413
-683
-945
-716
-426
-89
-474
-679
146
451
193
-360
-57
765
855
-347
18
1276
868
-773
-543
541
37
-756
-127
675
-196
-561
267
846
-522
-340
278
88
-289
-361
-358
-483
202
12
-147
7
569
105
-335
-44
36
-94
-241
36
-5
74
51
-139
-190
-92
240
175
0
54
353
76
-151
208
312
284
282
524
353
406
516
428
364
454
496
361
350
277
63
86
251
213
152
17
21
-316
-184
64
-270
-403
-73
-197
-453
-476
-460
-648
-413
-132
-339
-511
-495
-177
-417
-395
-220
-190
-489
-359
-205
-570
-411
-249
-206
-355
-143
-171
-185
-127
-146
0
-40
110
71
327
247
221
414
510
524
331
474
469
589
361
543
611
595
357
250
404
398
581
341
68
-5
525
244
-170
47
221
-45
-48
109
-96
-247
-209
17
-35
-270
-457
-188
-149
-327
-395
-48
-218
-450
-429
-196
-312
-380
-159
-133
-415
-506
-1
-226
-330
-439
102
32
-171
-156
54
-43
-127
40
101
146
-79
12
256
265
-24
180
411
199
66
227
318
95
18
177
237
87
127
194
147
-35
137
195
-156
-93
183
109
-233
-107
-104
46
-51
-81
-125
35
263
110
80
-7
123
-144
99
153
-16
25
152
-52
97
381
-294
123
433
-125
-30
287
-339
-393
337
-21
-354
55
66
-375
-254
89
-151
-107
216
133
-673
-472
129
-578
-555
329
302
-472
18
95
-285
198
534
-378
-444
521
-119
-817
-75
383
-389
-431
295
714
-434
-1058
-30
929
-79
-649
-51
352
-186
-149
550
362
-24
-149
307
260
398
260
50
192
686
561
-120
499
894
-216
157
1248
-12
-707
796
510
-322
469
621
-583
-49
601
-253
-495
165
23
-313
-166
-356
-433
-379
233
-347
-714
-92
-156
-555
-238
-695
-499
61
-165
-818
-541
101
-93
-807
-338
205
-330
-374
-249
-131
-96
-24
-88
-161
-52
246
25
125
255
27
293
502
-67
315
501
104
236
964
322
-174
810
844
134
128
534
547
647
35
147
572
491
-30
-64
494
437
-244
-141
552
57
-765
-80
679
-372
-798
47
32
-753
-214
-100
-642
-455
80
-340
-690
-399
-151
-535
-679
7
-224
-575
-307
-141
-504
-31
31
-531
-407
428
-98
-518
271
27
-107
-54
153
107
107
77
211
178
297
261
91
459
239
108
301
594
139
9
494
608
57
149
534
290
188
176
302
312
81
90
267
3
95
188
-68
271
165
-229
-325
233
63
-334
-29
-128
-246
-129
42
-314
-394
-102
123
-355
-340
-226
-440
90
-277
-430
-54
-324
-371
312
-276
-705
97
162
-384
-510
-1
137
-342
-171
135
-26
-208
249
153
-370
-184
461
279
-634
157
922
-397
-396
839
304
-715
395
939
-189
-354
522
484
-303
154
730
-31
-204
360
419
-146
-48
406
60
133
383
32
-602
522
475
-425
34
426
-197
-334
95
-142
72
193
-223
-389
142
465
-625
-919
754
372
-957
-178
371
-497
-165
34
-374
-16
70
-430
-242
466
-530
-433
523
140
-1025
224
714
-621
-534
528
96
-243
146
-161
-112
426
69
-372
91
482
-88
-247
421
220
-419
363
640
-514
0
572
49
103
322
44
-315
250
898
112
-850
448
1100
-304
-575
537
245
-298
391
393
-489
-133
402
191
-301
-128
449
40
-508
-145
203
-277
-505
304
18
-558
-78
-146
81
-59
-513
147
-211
-715
328
-254
-578
316
-62
-561
196
513
-1024
-404
1172
-396
-934
711
-41
-620
-2
651
-127
-643
537
604
-698
-250
969
-102
-835
650
1010
-669
-408
646
501
-334
72
614
47
-393
533
573
-377
110
1090
-481
-424
1899
-321
-1715
1778
882
-2022
279
1517
-1062
-794
1221
-83
-1304
572
491
-1390
-825
993
110
-1729
81
1191
-1780
-788
1623
-867
-1801
1106
725
-1104
-330
217
-155
-35
570
-724
-149
1203
-322
-1007
860
881
-378
-396
1147
463
-917
730
152
-288
1777
-58
-1414
1823
890
-1441
447
1839
-412
-990
1587
585
-1445
221
1663
-598
-683
860
-37
-640
171
-188
-302
-111
367
-132
-1393
324
207
-1798
-69
490
-1347
-273
42
-912
-505
-63
-524
-220
-472
-687
125
134
-182
-637
542
479
-293
46
788
-850
127
1325
-195
-254
914
705
-517
304
1058
295
187
1074
107
192
1023
174
-517
694
860
-333
226
1041
-224
76
680
154
71
311
98
-313
128
-130
-500
145
-156
-915
541
-811
-1165
760
-935
-1658
771
180
-2088
-373
677
-1218
-1306
482
-327
-803
31
-477
-359
740
-162
-1236
772
1100
-892
94
831
-163
99
359
28
662
274
-304
376
779
-428
-324
842
592
-460
-189
830
227
-747
258
1105
-429
-212
674
-235
-347
623
-394
-652
1032
-96
-1035
636
245
-1084
267
356
-858
-105
746
-166
-1289
665
1125
-784
-501
784
-41
-208
169
-90
125
565
-181
-384
670
102
-596
496
851
-245
-240
479
291
-235
324
711
181
71
108
131
42
-27
288
354
180
125
-417
-207
152
-260
-268
-173
-401
-388
-243
-703
-765
-493
-489
-815
-714
-762
-1004
-923
-668
-747
-482
-161
-826
-749
-33
-462
-655
230
62
-369
653
844
-43
597
1427
902
655
1278
1907
1066
937
2281
1946
1039
2029
2256
1194
1430
1823
1265
1235
1009
46
634
957
-227
-704
280
-37
-1209
-1225
-706
-1459
-2366
-2112
-2042
-2542
-2521
-2243
-2923
-2864
-2222
-2332
-2562
-2324
-2133
-1970
-1670
-1523
-1439
-1155
-806
-749
-366
203
36
607
1599
991
821
1753
1435
1322
2167
2446
2267
2803
3434
3385
3505
3937
3978
3735
4280
4213
3146
2627
2250
1558
1705
1911
763
130
185
-433
-1233
-1457
-1808
-2371
-2418
-2371
-2878
-3400
-3371
-3467
-3783
-3399
-2928
-3314
-4062
-4019
-3264
-2857
-2795
-2688
-2436
-2412
-2265
-1929
-1660
-1528
-1288
-835
-469
-471
-450
-142
419
1079
1498
1269
1175
1532
2131
3092
3599
3725
4558
5284
5030
5067
5564
6535
6653
5781
4579
3923
3208
2794
2188
1774
1632
1008
50
-622
-1263
-1994
-2159
-2388
-2865
-3421
-3772
-4430
-4549
-3913
-3141
-2993
-3323
-3725
-3711
-3615
-3411
-3148
-3153
-3131
-3007
-2827
-2908
-2544
-2047
-1869
-1800
-1589
-1713
-1810
-1668
-1185
-777
-278
384
633
987
1384
1917
2621
3518
3759
4312
4806
5471
5916
6129
6411
6818
7095
6851
6316
4147
3028
3587
3936
2006
1063
1051
221
-1200
-1034
-981
-2666
-3542
-2922
-2964
-4287
-4476
-4337
-4632
-4540
-3287
-3035
-3913
-4181
-3414
-2937
-2730
-2405
-2500
-3140
-3406
-2681
-1993
-2122
-2520
-2170
-1796
-1818
-1707
-1475
-1769
-1799
-922
-293
-382
-316
372
1320
2322
3070
3419
3984
4649
5251
5981
6754
6912
6948
7496
7775
7553
6573
5046
3658
4020
4033
2223
532
582
-260
-1481
-1589
-1651
-3294
-4268
-3654
-3867
-4806
-4906
-4778
-5304
-4832
-3574
-3275
-4137
-4246
-3500
-2687
-2238
-2022
-2397
-2898
-2804
-2291
-2243
-2591
-2289
-1986
-2101
-1932
-1406
-1395
-1617
-1342
-857
-715
-428
210
681
1378
2439
3548
3879
4034
4815
6018
6607
6491
6610
7427
7973
7842
7916
7311
5227
3641
4134
4656
2409
295
34
121
-1335
-1811
-1687
-3248
-5135
-4412
-3440
-4600
-5732
-5466
-5419
-5273
-4118
-3604
-4423
-5221
-4233
-2890
-2198
-2522
-2698
-3081
-3083
-2506
-1642
-1784
-2368
-2127
-1510
-1390
-1292
-966
-1152
-1480
-920
-338
-338
-171
436
1259
2159
3132
3588
3921
4521
5198
5779
6359
6735
6875
7409
7412
7650
7735
6386
3758
3661
5036
3897
866
114
235
-742
-1616
-1004
-2289
-4391
-4590
-3718
-4145
-5129
-5274
-5484
-5361
-4567
-3916
-4167
-4863
-4628
-3263
-2005
-2132
-2692
-2826
-2591
-2154
-1580
-1412
-1597
-1557
-1467
-1238
-961
-854
-898
-994
-1124
-1207
-773
-277
3
396
1093
1902
2463
3073
3580
4083
4800
5261
5438
6271
6610
6527
6336
7452
7420
5409
3258
3680
4456
2884
627
536
256
-887
-1287
-1064
-2447
-4488
-3952
-3348
-3969
-4872
-4815
-4972
-5036
-4020
-3233
-3593
-4272
-3806
-2574
-1675
-1600
-1901
-2222
-2127
-1598
-897
-718
-1316
-1619
-1001
-519
-768
-1119
-1071
-1182
-1276
-1105
-912
-793
-573
59
533
1158
1884
2664
3020
3466
4049
4295
4682
5196
5688
5739
5935
6547
6687
5051
2723
2708
4286
3527
493
-458
365
5
-1119
-1068
-1902
-3714
-3842
-2404
-2754
-4271
-4756
-4096
-3581
-3124
-2370
-2712
-3511
-3352
-1545
-586
-1210
-1905
-1733
-1611
-1053
-334
-866
-2210
-1902
-428
-474
-1810
-2023
-1449
-1252
-1456
-1506
-1751
-1797
-978
-24
110
-46
663
2127
2915
2858
3128
3517
3974
4516
5598
5566
5059
5074
6142
6128
4124
2296
2747
3798
2697
348
105
704
-225
-967
-778
-1225
-3351
-3081
-1827
-2311
-3769
-3798
-2942
-2959
-2567
-2048
-2249
-3040
-2556
-1220
-802
-1622
-1909
-1508
-1566
-1454
-926
-1442
-2513
-2058
-681
-1122
-2539
-2426
-1469
-1203
-1654
-1946
-2113
-1702
-700
-28
-145
-383
536
2105
2924
2680
2582
2975
3642
4676
5230
4843
4027
4778
6079
5917
3714
2166
3089
4073
2958
901
713
873
257
-111
8
-1140
-2569
-2228
-1102
-1665
-2997
-3142
-2767
-2663
-2229
-1611
-2298
-3155
-2646
-1345
-1299
-1930
-2076
-1777
-1927
-1913
-1433
-2024
-2547
-1934
-1099
-1808
-2652
-2076
-1271
-1597
-2168
-2293
-1862
-1107
-303
-278
-707
-303
972
2297
2571
1903
2146
2779
3669
3938
4474
3700
3395
4257
5651
5494
3559
1989
2352
4141
3897
1585
-90
990
1287
1204
336
-250
-1662
-1437
-143
-351
-1894
-2950
-2154
-1594
-1521
-1694
-2100
-2713
-2547
-1496
-892
-1816
-2513
-2267
-1548
-2177
-2362
-2031
-2048
-2565
-2438
-1822
-1847
-2089
-1798
-1836
-2317
-2178
-1424
-1036
-1327
-1078
-621
-36
531
1212
1554
1600
1603
2443
2793
2821
2768
3028
3314
3748
4180
4420
4573
3543
2272
2756
4463
3549
999
326
2404
2317
1091
459
366
-574
-455
653
-151
-1969
-2417
-1288
-1072
-1672
-2000
-2030
-2610
-2278
-1466
-1381
-2339
-2568
-1994
-1860
-2753
-3045
-1965
-1794
-2771
-3024
-2050
-1633
-1934
-1922
-1937
-2197
-1805
-1154
-1112
-1564
-1506
-841
-182
258
533
833
1097
1157
1423
2378
2427
2102
2226
2849
3281
3605
4190
4422
4223
3235
2475
3461
4392
3110
1536
1995
2966
2068
1650
1652
799
-173
462
983
-421
-1542
-1517
-1150
-1289
-1549
-1773
-2173
-2568
-2250
-1718
-1967
-2921
-2954
-2434
-2502
-2810
-3184
-3080
-2548
-2434
-2978
-3105
-2243
-1696
-2127
-2616
-2740
-2249
-1581
-1350
-1797
-2139
-1489
-454
511
413
77
322
1241
1839
2155
2263
2053
2398
3315
4095
4289
4186
4652
4619
3816
3699
4617
4803
2813
2080
3635
4295
2641
1570
1905
1390
634
1053
889
-557
-1356
-754
-660
-1659
-1916
-1571
-1880
-2680
-2496
-2154
-2629
-3139
-2841
-2678
-3359
-3305
-3189
-3358
-3078
-2479
-3171
-3912
-3040
-1668
-2122
-3284
-3663
-2751
-1650
-1474
-1824
-2391
-2015
-854
496
613
-145
45
1033
1833
2306
2648
2350
2244
3521
4382
4516
4277
5107
5011
3782
3809
5132
5279
3261
2529
3831
4076
2764
2251
2439
1767
680
1017
948
-110
-753
-613
-962
-1751
-1610
-1332
-2210
-3108
-2853
-2123
-2537
-3293
-3460
-3356
-3260
-3079
-2907
-4133
-4272
-2873
-2312
-3806
-4219
-2534
-1893
-2882
-3489
-2960
-1989
-1517
-1495
-2080
-2247
-1235
221
793
-150
-331
892
2263
2247
2313
2619
2395
2739
4089
4815
4099
4058
5105
4993
3711
4168
5441
4888
2677
2637
4398
4182
2510
1974
2361
1693
822
1334
1183
-413
-1256
-769
-785
-1884
-1913
-1865
-2795
-3660
-2833
-2291
-3173
-3793
-3531
-3318
-3617
-3442
-3527
-3979
-3760
-3015
-3251
-3813
-3026
-1789
-2210
-3119
-2949
-1863
-1294
-1499
-1744
-1839
-1289
-370
428
426
-42
421
1636
2186
2156
2215
2401
2582
3369
3812
3931
3876
4459
5118
4653
3486
3851
5259
5019
2811
2549
3921
3939
2692
2253
2313
1389
924
1303
808
-597
-1181
-1056
-1359
-2238
-2173
-2226
-2978
-3847
-3340
-2634
-3181
-3806
-3670
-3345
-3604
-3278
-2969
-3861
-4275
-2704
-1920
-3141
-3471
-1733
-1034
-2227
-2633
-1706
-1007
-1194
-1318
-1388
-1297
-492
504
628
-74
29
1455
2172
1842
1861
2237
2329
2721
3637
3772
3267
3602
4788
4823
3633
3285
4542
5053
3285
2044
3284
4348
2955
1552
1615
1694
921
896
667
-752
-1773
-1339
-938
-1990
-2822
-2764
-2841
-3418
-3293
-2581
-2779
-3525
-3394
-2729
-2601
-2778
-2741
-3047
-2953
-2181
-1931
-2384
-2237
-1209
-1013
-1712
-1913
-1370
-896
-1088
-1458
-1445
-1174
-668
-185
14
-284
-138
860
1431
1328
1321
1735
2046
2411
2710
2966
2864
3489
4048
4345
3880
3096
3609
4424
4066
2417
2138
3466
3235
1789
1235
1398
1078
327
490
-200
-1192
-1443
-1194
-1440
-2283
-2316
-2059
-2490
-2890
-2349
-1594
-1925
-2642
-2248
-1790
-1778
-1758
-1625
-2243
-2499
-1522
-924
-1561
-2085
-1486
-1036
-1433
-1856
-1731
-1473
-1802
-1903
-1629
-1504
-1417
-939
-548
-814
-488
449
1006
738
971
1524
1809
1872
2426
2982
2850
2998
3684
4318
3500
2821
3461
4262
3141
1705
2279
3482
2450
981
1101
1585
1021
267
306
-158
-841
-943
-547
-1170
-1820
-1473
-921
-1579
-2024
-1281
-705
-1295
-1742
-1384
-1284
-1391
-1193
-1269
-2343
-2544
-1349
-716
-2116
-3075
-2016
-1132
-1921
-2865
-2748
-2358
-2243
-2107
-2197
-2409
-2058
-1169
-686
-926
-644
247
930
883
1157
1801
1923
1995
2635
3010
2932
3188
4002
4262
3226
2700
3590
4140
2726
1579
2507
3359
2201
1053
1500
2010
1150
492
579
364
-55
-130
-202
-854
-1158
-540
-389
-1223
-1629
-944
-591
-1287
-1654
-1479
-1488
-1729
-1639
-2152
-3058
-2782
-1747
-2044
-3455
-3479
-2176
-2014
-3023
-3570
-3009
-2480
-2397
-2403
-2545
-2399
-1736
-722
-493
-760
-367
746
1344
1328
1626
1994
2103
2298
2870
3090
3093
3519
4012
4001
2952
2820
3960
4286
2556
1336
2795
4035
2548
1308
1880
2332
1394
1126
1581
844
23
77
331
-440
-789
-392
-595
-1600
-1803
-1006
-956
-2017
-2376
-2061
-2212
-2625
-2455
-2657
-3758
-3617
-2601
-2700
-3783
-3581
-2457
-2584
-3395
-3198
-2415
-2174
-2416
-2326
-1983
-1554
-948
-444
-438
-429
464
1461
1345
1042
1668
2429
2267
2201
2650
2881
3030
3447
4111
3590
2524
2944
4512
4149
2084
1734
3787
4005
2184
1571
2560
2610
1485
1526
1491
692
74
548
216
-979
-1145
-477
-1045
-2312
-2092
-1276
-1738
-2933
-2787
-2351
-2627
-3016
-2822
-2930
-3807
-3781
-2489
-2128
-3430
-3887
-2443
-1509
-2319
-2814
-2318
-1932
-1704
-1244
-1289
-1630
-1093
-110
153
-39
247
1018
1235
1176
1595
2067
2041
1804
2381
2916
3008
2996
3635
3544
2734
2983
4276
3949
2112
1919
3908
4080
1990
1365
2557
2880
1461
1141
1248
686
-46
319
99
-1211
-1443
-720
-1073
-2361
-2293
-1496
-1791
-2759
-2631
-2364
-2601
-2786
-2439
-2697
-3620
-3344
-2007
-1908
-3212
-3232
-1806
-1462
-2351
-2400
-1897
-1733
-1729
-1375
-1457
-1570
-1013
-203
-139
-297
130
919
1099
1036
1497
1798
1804
1879
2571
2711
2905
3310
3804
3024
2505
3569
4567
3316
1618
2311
4181
3511
1698
1624
2441
2207
1206
1438
1000
164
-190
316
-294
-1275
-1100
-772
-1586
-2309
-1717
-1290
-2016
-2730
-2371
-2191
-2374
-2544
-2509
-3107
-3170
-2420
-2169
-2900
-3098
-2120
-1747
-2384
-2632
-2136
-1720
-1941
-1959
-1799
-1659
-1256
-782
-493
-583
-127
602
940
823
1179
1746
1852
1847
2239
2659
2904
3137
3687
3397
2629
3149
4338
4081
2210
1834
3727
4062
2501
1650
2244
2422
1710
1787
1435
579
-39
477
462
-680
-1068
-744
-1014
-1916
-1836
-1251
-1682
-2575
-2500
-2257
-2461
-2701
-2520
-2766
-3381
-3407
-2647
-2122
-2862
-3414
-2819
-1930
-1988
-2525
-2467
-2301
-1991
-1554
-1425
-1635
-1424
-702
-280
-63
211
524
751
1057
1474
1876
1956
2011
2062
2700
3226
3751
3322
2307
2774
4333
4342
2468
1904
3621
4205
2770
2112
2585
2876
2081
1862
1742
1259
730
712
640
-183
-648
-471
-753
-1612
-1715
-1273
-1681
-2661
-2580
-2350
-2563
-3041
-2962
-3140
-3703
-3311
-2502
-2839
-3794
-3359
-1997
-2071
-2919
-2660
-1990
-1816
-2030
-1641
-1449
-1418
-1011
-537
-409
-485
295
858
672
591
1287
1990
1781
1564
2081
2691
2974
3210
3188
2504
2725
4258
4128
2342
2056
4276
4649
2433
1853
3238
3555
1968
1623
2010
1342
585
918
762
-516
-955
-357
-838
-2064
-2004
-1465
-2036
-3094
-2848
-2443
-2861
-3282
-3117
-3013
-3274
-3442
-3141
-2571
-2533
-2946
-2885
-2216
-1747
-1791
-1996
-2132
-1899
-1107
-747
-1235
-1588
-988
-192
103
38
-39
291
887
1503
1586
1511
1437
2114
2984
3298
3050
2354
2561
4129
4653
3183
2036
3641
5153
3595
2109
2594
3561
2746
1955
1775
1297
872
1040
942
-150
-953
-550
-505
-1604
-2143
-1701
-1520
-2581
-2896
-2526
-2377
-2711
-2665
-2877
-3616
-3076
-1956
-2220
-3406
-3244
-1817
-1563
-2257
-2338
-2087
-1795
-1858
-1489
-1444
-1606
-1619
-1175
-739
-781
-364
-54
-2
83
984
1565
1258
1294
2003
2591
2963
3064
2520
2516
3708
4649
3213
2184
3598
5093
3783
2056
2565
3557
2892
1810
1741
1598
934
840
1038
63
-816
-524
-302
-1468
-2024
-1382
-1250
-2145
-2659
-2340
-2236
-2250
-2335
-2501
-3037
-3323
-2521
-1546
-2285
-3573
-3107
-1527
-1361
-2472
-2649
-2307
-1922
-1670
-1431
-1804
-2111
-1467
-730
-529
-840
-516
78
575
629
1081
1698
1838
1962
2433
3377
3182
2442
2821
4169
4137
2763
2726
4520
4481
2806
2325
3312
3250
2084
1895
1701
1120
702
1032
681
-267
-487
-179
-654
-1338
-1303
-934
-1509
-2289
-2085
-1724
-1873
-2403
-2280
-2429
-2477
-2846
-2728
-2212
-2413
-3232
-3167
-2082
-1744
-2652
-2974
-2482
-2007
-1703
-1822
-1904
-1985
-1348
-819
-528
-545
-407
295
832
959
1189
1868
2372
2302
2815
3278
2649
2518
3641
4287
2760
1886
3781
4873
3066
1404
2586
3550
2125
1144
1456
1243
338
583
948
-70
-722
-104
-53
-1065
-1254
-473
-768
-1873
-2020
-1387
-1208
-1835
-2138
-2066
-2498
-2815
-1872
-1402
-3020
-3972
-2436
-1029
-2076
-3278
-2859
-2092
-1686
-1546
-1689
-2230
-1965
-757
-79
-565
-890
-62
964
1107
1130
1590
1821
2102
2622
3255
2777
2026
2563
3909
3605
1863
1726
3963
4258
1969
981
2439
2950
1408
753
840
589
306
711
396
-583
-490
282
-141
-1229
-1149
-329
-549
-1545
-1672
-1230
-1132
-1502
-1576
-1947
-2193
-2281
-2007
-1757
-2300
-3160
-2959
-1817
-1455
-2419
-2899
-2403
-1681
-1183
-1415
-1869
-1881
-764
56
85
-310
-96
897
1566
1667
1524
1849
2303
2690
3007
2385
1767
2679
3735
2821
1072
1979
3884
3178
1050
802
2175
2015
867
559
463
-47
92
879
280
-937
-612
212
-323
-1129
-755
-391
-1049
-1447
-1135
-943
-1200
-1398
-1544
-1761
-2097
-2191
-1538
-1479
-2795
-3414
-2126
-818
-1570
-2948
-2847
-1730
-674
-855
-1627
-2059
-1105
313
606
-81
-340
676
1649
1933
1759
1824
2049
2557
3141
2593
1457
2043
3568
3148
993
1034
3244
3401
1270
107
1232
1756
852
206
20
-391
-331
463
257
-963
-973
-53
-308
-1172
-983
-399
-817
-1389
-1186
-849
-941
-1136
-1155
-1419
-2109
-1735
-604
-1025
-2867
-3029
-1103
-320
-1699
-2672
-2288
-1299
-620
-589
-1375
-1994
-962
585
889
-124
-251
828
1622
1867
2048
2090
1816
2280
3197
2601
1450
2103
3250
2367
723
1661
3331
2263
76
171
1617
1046
-237
-285
-211
-809
-671
193
-339
-1476
-1127
-344
-705
-1240
-823
-575
-1198
-1324
-684
-378
-999
-1409
-1116
-799
-1086
-1651
-1205
-810
-1511
-2169
-1453
-558
-977
-1979
-1915
-1203
-490
-468
-961
-1360
-799
528
941
328
52
875
1844
2140
2064
2084
2309
2858
2632
1733
1900
3037
2744
864
783
2743
2872
864
-188
562
897
165
-326
-752
-1239
-1145
-444
-510
-1497
-1459
-678
-845
-1652
-1328
-430
-789
-1668
-1609
-814
-391
-615
-1248
-1536
-1320
-1011
-511
-495
-1735
-2418
-1136
338
-384
-2045
-2118
-994
123
25
-727
-1277
-563
939
1365
642
108
1026
2145
2304
1956
2217
2922
3177
2143
1482
2513
3700
2420
193
829
2927
2799
769
-275
49
443
565
-1
-1372
-2142
-1361
-304
-814
-1905
-1948
-1244
-1167
-1480
-1318
-1147
-1399
-1622
-1392
-1157
-1043
-893
-1116
-1477
-1774
-1318
-308
-378
-1937
-2523
-873
600
-318
-1873
-1827
-612
418
341
-419
-928
-85
1432
1902
1146
680
1494
2555
2837
2658
2557
2887
2836
2230
2239
3150
2964
1236
626
2369
3067
1236
-56
423
817
82
-256
-573
-1474
-1791
-1088
-814
-1674
-2049
-1536
-1539
-2023
-1693
-1118
-1579
-2292
-1959
-1326
-1334
-1509
-1651
-1666
-1848
-1795
-1106
-685
-1662
-2587
-1661
-62
-162
-1462
-1878
-1066
102
511
7
-687
-218
1205
2081
1632
1248
1774
2782
3101
3165
3213
3425
2990
2345
2550
3538
3265
1379
760
2481
3305
1548
175
427
732
288
227
-389
-1722
-1961
-714
-398
-1749
-2468
-1776
-1380
-1814
-1854
-1499
-1809
-2327
-2032
-1559
-1628
-1935
-1920
-1932
-2034
-2228
-1732
-1126
-1673
-2687
-2310
-917
-397
-1188
-1818
-1667
-693
485
660
-196
-669
776
2305
2580
1811
1675
2644
3721
4098
3768
3456
2912
2645
3378
4111
2768
933
1422
3390
2839
729
236
1147
861
-132
-169
-487
-1344
-1379
-722
-1151
-2004
-1665
-1146
-1835
-2334
-1673
-1099
-1830
-2521
-2243
-1626
-1489
-1749
-2199
-2801
-2565
-1446
-1174
-2635
-3453
-2068
-677
-1332
-2435
-2153
-1067
-656
-584
-597
-506
18
1071
1625
1305
1588
2593
3186
3151
3464
4136
4204
3284
2913
3711
4427
3136
1436
1830
3394
3038
1250
537
844
823
507
256
-701
-1638
-1300
-390
-833
-1796
-1795
-1352
-1555
-1757
-1449
-1524
-1983
-2062
-1737
-1759
-1887
-1715
-1759
-2080
-2430
-2318
-1690
-1533
-2337
-3032
-2481
-1249
-1026
-1963
-2743
-2154
-553
124
-519
-1229
-484
1087
1977
1834
1545
1943
2950
3971
4388
3817
2744
2889
4296
4677
2951
1539
2566
3822
2826
1244
1040
1526
954
250
38
-458
-1068
-838
-495
-1255
-1786
-1241
-889
-1532
-1838
-1392
-1186
-1596
-1725
-1523
-1568
-1721
-1577
-1523
-1789
-2219
-2272
-1685
-1373
-2015
-2663
-2172
-1321
-1332
-2069
-2351
-1856
-958
-590
-780
-966
-349
825
1351
1241
1278
2243
3131
3471
3386
2948
2710
3471
4244
3318
1673
2145
3850
3412
1433
825
1760
1698
721
186
-152
-756
-830
-342
-729
-1571
-1426
-950
-1301
-1595
-1106
-933
-1532
-1840
-1442
-1070
-1142
-1389
-1649
-1826
-1727
-1757
-1508
-1311
-1801
-2487
-1963
-758
-695
-1989
-2708
-1908
-619
-293
-951
-1413
-832
575
1401
1221
882
1442
2446
3259
3382
2625
1998
2837
3878
3066
1556
1950
3391
2967
1315
931
1747
1691
749
64
-280
-460
-224
-150
-950
-1614
-1127
-511
-1020
-1643
-1367
-970
-1223
-1554
-1408
-1180
-1161
-1447
-1583
-1589
-1952
-1673
-988
-1360
-2512
-2224
-574
-241
-1721
-2535
-1647
-349
-201
-838
-1413
-1025
575
1524
943
115
849
2489
3172
2901
2125
1836
2489
3581
3372
1691
923
2321
3402
2266
681
681
1421
1173
353
-186
-494
-731
-525
-359
-900
-1294
-1016
-861
-1267
-1364
-973
-1024
-1593
-1741
-1242
-956
-1268
-1610
-1644
-1874
-1681
-936
-977
-2280
-2467
-849
105
-1181
-2303
-1584
-243
38
-438
-737
-598
523
1645
1574
736
997
2337
3175
3002
2513
2068
2267
3092
3512
2360
1061
1519
2842
2593
1042
234
685
928
368
-361
-875
-1117
-1039
-749
-1102
-1647
-1623
-1238
-1316
-1659
-1620
-1335
-1492
-1859
-1756
-1383
-1415
-1651
-1667
-1929
-1869
-1160
-820
-1765
-2274
-1263
-244
-835
-1779
-1509
-479
58
-51
-212
-54
818
1749
1968
1621
1832
2853
3685
3707
3023
2527
2957
3883
3600
2116
1407
2331
3001
2061
691
339
741
696
-14
-853
-1306
-1329
-1199
-1388
-1789
-1966
-1901
-1938
-2019
-1899
-1708
-1867
-2252
-2323
-1837
-1489
-1849
-2392
-2418
-1747
-1158
-1355
-1984
-2027
-1227
-635
-1032
-1716
-1596
-726
-207
-308
-480
-107
804
1559
1709
1615
2134
3035
3650
3853
3751
3337
3345
4162
4510
3230
2075
2737
3691
2925
1429
993
1161
940
428
-195
-1020
-1465
-1131
-1117
-1873
-2369
-2101
-1981
-2371
-2559
-2315
-2297
-2570
-2700
-2542
-2515
-2495
-2254
-2454
-2718
-2302
-1578
-1630
-2045
-1903
-1304
-1133
-1332
-1273
-971
-774
-483
14
220
426
1018
1778
2093
2249
2647
3384
4051
3905
3257
3436
4464
4597
3343
2525
3223
3846
3211
2078
1511
1364
1490
1324
474
-790
-1135
-640
-464
-1246
-2083
-2355
-2233
-2009
-1973
-2482
-3263
-3294
-2697
-2386
-2974
-3168
-3137
-3150
-2789
-1966
-2049
-2867
-2787
-1610
-923
-1462
-1898
-1593
-929
-461
75
-51
-267
346
1589
2263
2027
2020
2610
3690
3841
3307
3079
3818
4166
3609
2864
3061
3607
3321
2488
1830
1834
1893
1696
842
49
-95
102
-78
-710
-1182
-1322
-1409
-1636
-1771
-1995
-2358
-2701
-2676
-2869
-2950
-2705
-3087
-3864
-3359
-2078
-2222
-3307
-3414
-2204
-1462
-1719
-2231
-2267
-1638
-554
64
-529
-949
274
1835
2200
1677
1677
2635
3872
4069
3140
2673
3461
4426
3914
2692
2511
3300
3346
2529
1806
1539
1514
1407
1045
328
-199
-262
-46
-276
-728
-1065
-1090
-1110
-1134
-1360
-1760
-2059
-2267
-2263
-2380
-2550
-2771
-2869
-2953
-2768
-2446
-2419
-2774
-2874
-2376
-1875
-1931
-2160
-2031
-1492
-826
-309
-98
46
754
1698
2285
2409
2798
3259
3265
3180
3797
4158
3440
2602
3016
3789
3308
2179
1615
1752
1777
1504
838
-46
-335
-5
54
-659
-1172
-1066
-942
-1112
-1369
-1412
-1459
-1606
-2082
-2061
-1849
-2131
-2434
-2237
-2228
-2515
-2362
-1985
-2098
-2562
-2464
-2020
-1857
-1918
-1728
-1560
-1398
-684
25
165
238
898
1793
2311
2566
2777
2798
2940
3635
4130
3435
2612
3132
3877
3390
2321
1941
1913
1751
1490
1096
258
-327
-121
97
-445
-1045
-1253
-1340
-1386
-1299
-1327
-1873
-2334
-2224
-1754
-1720
-2022
-2462
-2432
-1911
-1493
-1696
-2322
-2462
-2000
-1461
-1656
-2169
-2173
-1625
-979
-776
-832
-666
-22
857
1233
1336
1567
2212
2357
2382
2909
3428
2954
2432
3013
3715
3358
2428
2107
2180
2200
2061
1409
353
32
575
596
-292
-967
-939
-823
-1029
-1249
-1490
-1880
-2039
-1636
-1960
-2418
-2065
-1419
-1965
-2505
-1940
-943
-1117
-2064
-2181
-1615
-1072
-1089
-1426
-2003
-1634
-516
-12
-462
-722
-61
1003
1503
1489
1368
1256
1619
2745
3184
2031
1361
2431
3597
3048
1969
1719
2017
2157
2126
1605
537
221
789
853
10
-611
-754
-869
-776
-851
-1378
-1866
-1949
-1707
-1544
-1637
-2014
-2084
-1822
-1323
-1245
-1600
-1761
-1517
-1093
-955
-1161
-1476
-1275
-711
-493
-472
-531
-365
137
680
841
878
1138
1038
1074
1750
2313
1657
917
1502
2562
2421
1605
1249
1275
1559
1947
1608
390
41
756
1146
400
-391
-686
-539
-369
-586
-964
-1535
-1779
-1474
-882
-1123
-1801
-1980
-1293
-617
-838
-1383
-1560
-1118
-569
-388
-934
-1417
-925
-119
78
-247
-477
-69
626
1059
890
768
871
987
1234
1549
1596
854
704
1454
1971
1379
811
778
748
977
1159
701
-232
-297
329
492
-10
-591
-826
-865
-577
-332
-678
-1703
-2088
-1242
-301
-723
-1868
-2073
-977
74
-210
-1118
-1502
-702
300
341
-599
-1147
-446
547
782
226
-140
271
1046
1552
1332
1000
820
981
1484
1741
1305
449
705
1380
1624
907
539
425
490
682
597
45
-587
-381
-145
-301
-726
-934
-1168
-1184
-886
-847
-1547
-1964
-1529
-975
-1224
-1707
-1625
-1137
-666
-665
-792
-852
-440
67
161
-138
-269
177
567
707
651
645
808
1135
1609
1668
1528
1283
1125
1418
1938
1684
591
285
1246
1827
1214
230
94
416
964
835
-96
-889
-661
93
-114
-800
-1547
-1440
-990
-758
-1241
-1919
-1993
-1617
-1309
-1533
-1848
-1914
-1546
-1058
-933
-1054
-951
-641
-313
-153
-39
-47
193
353
657
917
1065
1178
1290
1715
1918
2254
1751
1430
1596
2271
1850
900
809
1338
1596
914
584
209
360
620
613
-193
-879
-516
-119
-389
-1035
-1199
-1110
-1034
-1273
-1408
-1335
-1277
-1749
-1939
-1524
-965
-1225
-1851
-1810
-1163
-488
-548
-997
-1344
-774
93
227
-206
-409
119
820
1212
1092
918
1439
1919
2163
1642
1626
1871
2287
1807
1145
1151
1679
1714
877
363
336
563
579
173
-414
-882
-619
-376
-520
-1031
-1278
-1323
-1491
-1054
-689
-1013
-1976
-1774
-772
-250
-825
-1585
-1532
-856
33
1
-945
-1547
-817
321
335
-415
-933
-394
528
996
668
179
412
1228
1884
1674
1052
968
1713
2174
1714
1011
1119
1489
1537
975
483
282
446
504
-42
-662
-899
-446
-447
-1117
-1633
-1312
-976
-1239
-1456
-1429
-1099
-970
-928
-971
-887
-568
-282
-280
-545
-343
18
81
-126
-194
-107
87
237
178
71
241
394
523
502
743
843
787
689
828
1275
1311
972
531
940
1421
1211
497
173
497
547
395
-195
-527
-563
-406
-426
-938
-1215
-1293
-960
-912
-1054
-1267
-1154
-681
-558
-649
-713
-278
61
73
-34
-12
266
359
342
123
175
357
432
249
201
327
479
433
349
312
559
616
485
340
439
709
652
540
326
437
398
425
212
-142
-263
-228
-205
-523
-713
-957
-1012
-911
-844
-1047
-1348
-1235
-840
-583
-697
-866
-699
-254
222
364
183
133
548
1067
1081
812
642
890
1086
1155
901
745
763
865
826
701
649
540
462
285
272
266
123
-73
-108
-123
-307
-395
-372
-606
-942
-888
-690
-915
-1331
-1262
-1060
-1053
-1289
-1311
-1283
-1096
-869
-896
-1009
-864
-347
-145
-233
-184
210
614
753
804
842
1036
1340
1544
1471
1260
1412
1631
1731
1488
1360
1321
1445
1315
1143
921
793
607
481
270
33
-190
-366
-593
-872
-967
-1119
-1338
-1598
-1658
-1677
-1647
-1726
-1835
-1850
-1673
-1429
-1367
-1382
-1295
-1067
-752
-460
-397
-411
-248
144
444
546
469
543
756
1129
1246
1131
1039
1203
1453
1507
1536
1371
1464
1498
1641
1542
1565
1425
1286
1233
1173
1098
803
483
134
68
-62
-379
-899
-1196
-1277
-1332
-1599
-1825
-2075
-2115
-2037
-1906
-1967
-2058
-1910
-1664
-1359
-1242
-1046
-882
-642
-428
-178
44
140
265
353
572
798
901
849
835
995
1118
1204
1162
1073
1114
1294
1441
1329
1296
1300
1445
1397
1381
1285
1166
1000
849
739
545
324
-49
-283
-443
-541
-795
-1130
-1371
-1448
-1453
-1548
-1699
-1773
-1747
-1673
-1566
-1359
-1255
-1240
-1128
-895
-600
-431
-375
-365
-198
102
407
445
334
372
648
847
863
754
693
829
1030
1080
977
994
1010
1066
1138
1130
1000
891
910
885
729
513
403
346
218
7
-185
-302
-327
-445
-659
-829
-865
-807
-848
-957
-1096
-1020
-889
-791
-853
-901
-851
-678
-506
-543
-584
-480
-261
-170
-132
-49
73
118
147
222
366
382
402
404
525
565
642
673
678
677
596
659
701
738
508
338
349
465
422
201
20
-77
50
128
-10
-337
-426
-263
-89
-171
-438
-512
-309
-100
-224
-349
-383
-287
-194
-144
-248
-369
-253
-99
-47
-226
-205
-146
11
-28
-112
-158
-61
79
-3
-28
-85
77
124
122
21
31
163
178
150
64
84
45
126
159
94
-11
9
88
132
104
53
-29
-10
85
163
138
37
19
81
236
220
144
60
52
105
155
166
68
-53
-67
67
155
-1
-132
-173
-23
33
-23
-164
-247
-121
-88
-62
-185
-220
-286
-155
-90
-191
-283
-335
-233
-228
-175
-266
-295
-290
-165
-89
-118
-148
-122
-55
9
93
107
43
120
254
335
272
291
383
415
374
370
438
396
364
319
330
337
373
283
168
133
197
250
154
3
-82
31
56
3
-154
-182
-176
-127
-141
-247
-385
-431
-345
-385
-438
-507
-570
-563
-453
-365
-459
-523
-472
-324
-229
-215
-253
-257
-129
8
102
98
90
127
230
316
348
367
332
336
391
479
508
468
447
402
505
531
565
428
402
388
434
434
320
240
139
244
191
91
-93
-104
-63
-168
-343
-514
-469
-439
-484
-665
-771
-671
-515
-474
-624
-705
-594
-382
-306
-398
-462
-399
-225
-66
-58
-131
-156
-29
156
216
133
67
133
296
394
391
327
346
449
555
599
555
500
503
616
693
614
471
416
505
556
437
237
133
188
180
19
-206
-289
-268
-297
-440
-582
-603
-580
-553
-569
-621
-636
-599
-481
-442
-462
-503
-446
-327
-292
-277
-279
-199
-187
-98
-80
-11
-9
12
68
142
243
209
250
268
424
494
508
464
509
661
720
691
574
590
658
716
624
451
369
411
431
279
34
-107
-102
-88
-257
-502
-620
-550
-497
-613
-738
-783
-716
-633
-624
-663
-701
-622
-518
-407
-399
-400
-351
-231
-123
-96
-62
-47
27
111
178
190
215
268
316
350
411
457
485
462
509
597
681
651
579
593
658
742
660
530
423
467
496
406
189
-1
-40
-29
-81
-300
-507
-597
-517
-484
-607
-795
-857
-738
-642
-652
-753
-785
-677
-496
-407
-462
-480
-346
-139
-62
-81
-112
9
146
236
206
174
205
314
416
396
338
334
427
477
516
500
475
458
517
593
613
540
454
459
492
502
403
294
179
143
102
58
-78
-225
-316
-339
-350
-459
-548
-637
-634
-660
-673
-702
-696
-664
-655
-615
-584
-473
-374
-303
-303
-236
-136
2
75
79
72
131
262
335
324
249
306
386
446
385
360
362
407
416
419
400
396
406
420
410
398
389
362
313
286
293
244
167
86
45
4
-31
-116
-226
-331
-373
-381
-435
-569
-658
-641
-609
-611
-640
-676
-653
-524
-401
-373
-411
-353
-202
-56
7
6
26
90
242
340
325
252
280
402
443
391
335
350
371
370
363
341
351
333
297
282
310
347
297
226
190
246
281
226
116
15
48
104
35
-177
-305
-254
-210
-295
-475
-558
-548
-488
-489
-566
-623
-586
-467
-416
-398
-394
-315
-210
-136
-100
-73
28
121
182
147
177
309
399
341
278
317
396
457
423
305
276
362
420
367
301
257
228
254
288
272
170
95
78
115
130
74
-54
-153
-152
-117
-138
-264
-376
-419
-385
-380
-420
-498
-556
-513
-438
-402
-428
-420
-376
-296
-206
-181
-166
-113
15
73
85
107
205
314
344
307
310
413
499
485
435
379
423
465
490
411
298
278
340
362
246
116
74
114
102
3
-86
-133
-142
-143
-186
-275
-332
-321
-321
-371
-447
-486
-478
-427
-430
-484
-518
-453
-369
-321
-350
-361
-311
-178
-92
-83
-74
-26
79
169
251
262
272
336
425
484
488
508
501
502
514
523
517
488
430
376
371
382
312
195
118
113
90
41
-59
-144
-157
-154
-171
-276
-323
-340
-308
-351
-439
-464
-458
-445
-490
-500
-520
-473
-439
-449
-458
-422
-346
-317
-273
-229
-155
-77
-18
36
104
218
314
327
333
398
524
599
580
512
497
589
654
617
498
426
437
482
436
338
233
170
146
130
96
21
-60
-124
-136
-129
-167
-237
-293
-321
-374
-383
-379
-415
-508
-567
-545
-507
-493
-535
-614
-601
-497
-417
-445
-461
-375
-273
-169
-105
-68
-10
115
237
265
302
349
448
524
550
523
507
585
640
611
522
498
499
489
470
412
309
236
240
228
175
98
8
-38
-3
1
-85
-181
-216
-231
-217
-244
-352
-430
-399
-370
-431
-493
-509
-510
-497
-453
-497
-516
-452
-337
-324
-346
-303
-212
-95
-40
-17
-9
75
188
257
286
271
307
364
417
427
426
403
375
422
457
431
333
302
325
343
299
221
158
146
144
132
72
14
-14
-48
-34
-61
-101
-205
-234
-218
-199
-237
-332
-372
-352
-301
-293
-321
-363
-372
-313
-242
-222
-250
-252
-231
-159
-69
-25
-46
-84
3
107
197
158
131
138
193
260
278
256
185
214
257
265
260
238
245
186
177
174
190
171
120
102
36
18
36
81
26
-81
-136
-143
-68
-41
-116
-221
-239
-157
-135
-126
-160
-209
-227
-168
-100
-143
-174
-171
-142
-128
-124
-109
-87
-23
-5
-19
-30
22
106
134
105
40
51
141
209
195
124
123
148
189
192
170
135
105
110
85
80
80
66
24
-34
-32
-28
4
-9
-59
-109
-113
-62
-12
-3
-55
-131
-98
-5
25
-52
-101
-91
-81
-80
-74
-72
-120
-149
-132
-128
-118
-82
-47
-114
-163
-79
44
59
-18
-54
-10
96
160
103
16
30
148
219
168
81
70
146
213
165
64
19
50
116
108
29
-42
-35
23
44
4
-39
-45
-18
11
12
-15
-31
-20
3
-23
-64
-74
-23
-19
-101
-178
-141
-57
-48
-102
-181
-201
-118
3
4
-119
-175
-77
51
69
-3
-36
-9
62
105
104
90
98
128
117
122
152
183
162
129
89
77
118
147
121
34
-1
1
53
93
81
-15
-76
-23
22
20
-16
-47
-91
-103
-69
-58
-84
-144
-174
-182
-161
-152
-159
-175
-198
-175
-154
-150
-150
-99
-57
-95
-138
-97
15
43
20
-8
-1
65
161
209
136
88
145
248
260
211
176
150
171
215
235
169
104
106
143
168
128
70
28
43
80
63
-12
-88
-69
-42
-54
-114
-161
-182
-173
-141
-152
-206
-259
-243
-187
-180
-200
-232
-243
-221
-154
-114
-153
-183
-171
-90
-28
-1
-6
-19
15
89
167
181
149
149
189
271
289
262
214
226
271
271
240
187
186
199
198
158
111
108
107
82
29
-24
-56
-61
-66
-108
-161
-202
-191
-159
-162
-207
-254
-271
-242
-183
-182
-245
-282
-211
-129
-120
-131
-136
-124
-87
1
46
14
-19
20
116
162
163
132
147
214
260
244
209
229
245
234
203
191
196
181
148
122
133
127
68
3
12
49
4
-95
-142
-124
-111
-130
-169
-210
-234
-210
-179
-206
-256
-256
-220
-211
-218
-199
-170
-155
-149
-138
-108
-56
-19
-11
-27
-14
48
113
136
119
111
139
200
253
260
228
199
218
268
287
249
203
181
193
205
185
130
81
62
57
38
-14
-66
-96
-91
-101
-143
-189
-212
-195
-177
-193
-250
-275
-239
-198
-193
-209
-218
-215
-178
-128
-102
-115
-125
-91
-41
3
15
13
18
63
120
153
151
128
155
219
244
203
183
217
234
220
210
206
185
173
179
151
104
86
86
53
-3
-33
-51
-75
-95
-102
-148
-204
-192
-142
-148
-215
-250
-215
-173
-147
-166
-207
-216
-152
-85
-95
-131
-118
-57
-24
-11
-3
5
21
49
83
100
109
115
130
149
167
175
151
147
170
191
172
144
137
137
158
157
110
48
40
79
63
-8
-66
-66
-52
-60
-75
-111
-139
-132
-106
-111
-140
-143
-123
-118
-124
-96
-61
-58
-74
-71
-37
5
21
-9
-44
-10
53
77
35
-15
-8
47
94
68
9
-4
40
70
56
24
15
28
40
38
22
26
48
42
5
-12
8
26
10
-35
-58
-48
-32
-30
-54
-72
-69
-52
-49
-46
-33
-11
-5
-15
-4
21
62
79
58
38
57
103
134
124
88
70
72
95
107
83
36
-4
-4
3
3
-17
-55
-86
-89
-63
-65
-96
-134
-144
-127
-107
-113
-148
-167
-154
-129
-117
-122
-133
-135
-125
-93
-59
-53
-70
-67
-21
30
57
62
55
73
132
185
181
159
180
222
253
258
252
250
255
258
258
253
224
190
166
151
126
86
49
11
-12
-34
-68
-108
-137
-154
-184
-221
-248
-251
-255
-283
-316
-328
-311
-286
-279
-294
-304
-285
-240
-194
-177
-175
-159
-113
-47
3
21
30
64
119
170
198
214
236
271
308
326
332
342
350
351
350
343
317
294
285
274
237
175
124
110
100
60
-6
-72
-108
-113
-119
-169
-245
-295
-289
-263
-270
-325
-369
-359
-317
-289
-297
-314
-306
-266
-219
-190
-172
-153
-119
-75
-26
16
40
58
82
120
171
206
208
204
230
283
315
294
257
260
291
308
280
219
183
193
217
194
119
57
47
60
38
-25
-93
-130
-128
-125
-156
-216
-253
-240
-225
-237
-264
-269
-245
-229
-223
-216
-195
-169
-153
-141
-117
-77
-44
-28
-29
-9
34
66
83
83
91
117
153
187
188
168
167
197
233
228
194
165
175
196
191
158
112
93
106
105
58
1
-19
-12
-18
-63
-123
-148
-136
-125
-150
-194
-216
-195
-162
-158
-180
-190
-162
-130
-109
-105
-102
-75
-46
-25
-13
2
24
42
58
69
83
94
100
105
115
130
135
132
134
145
155
157
146
128
124
128
117
91
67
53
47
34
4
-18
-34
-52
-73
-95
-110
-125
-141
-155
-169
-176
-181
-184
-182
-175
-173
-174
-162
-134
-106
-87
-77
-59
-28
4
26
35
49
75
106
122
124
127
141
158
170
173
170
173
183
185
170
156
143
135
123
109
90
68
50
37
23
2
-24
-46
-62
-81
-102
-120
-143
-161
-166
-168
-180
-194
-201
-200
-190
-186
-192
-192
-180
-160
-139
-125
-110
-88
-62
-38
-11
16
35
49
68
90
117
138
147
154
171
194
209
208
197
201
210
209
195
172
159
155
147
129
102
75
60
51
31
-2
-31
-51
-63
-77
-97
-119
-138
-146
-147
-153
-166
-184
-188
-178
-173
-174
-177
-175
-163
-143
-124
-116
-112
-102
-76
-44
-27
-23
-13
14
44
62
71
78
94
120
135
137
135
142
153
160
159
150
143
141
138
135
121
103
88
79
69
55
35
13
-2
-8
-16
-38
-65
-75
-70
-75
-96
-114
-114
-105
-104
