SAMPLES:	10581
BITSPERSAMPLE:	16
CHANNELS:	1
SAMPLERATE:	16000
NORMALIZED:	FALSE
-2
3
-1
-5
-4
1
1
-5
-9
-5
0
2
2
3
-1
2
2
-2
-2
-1
-1
1
-1
-5
-3
3
3
-1
-5
-6
-4
-1
-3
-4
-4
-2
0
2
0
-5
-3
-1
0
-2
-6
-4
4
9
3
-5
-5
2
9
7
-2
-3
1
5
1
-4
-5
0
7
6
2
-4
-6
3
7
1
-4
-5
-3
2
1
-1
1
6
2
-7
-8
-3
2
-4
-15
-18
-7
3
3
-9
-16
-5
10
9
-4
-14
-11
1
10
6
-2
-3
-1
1
0
1
2
4
7
6
6
8
9
7
7
13
16
15
11
5
4
12
19
17
9
6
9
13
7
7
2
1
5
7
1
-7
-8
-1
4
0
-2
-2
-5
-7
-8
-13
-14
-13
-8
-7
-10
-8
-5
-4
-10
-15
-12
-6
-3
-8
-20
-20
-6
4
-2
-12
-8
1
3
-1
-6
-5
5
13
11
7
2
5
6
2
-2
-3
-1
0
3
-3
-1
3
2
1
-1
-2
2
6
3
-4
-6
-5
5
14
12
-1
-14
-9
3
12
6
-9
-9
3
13
9
-1
-2
4
12
1
-14
-11
1
6
5
-8
-17
-11
7
18
7
-14
-17
3
20
12
-9
-16
-3
8
3
-9
-11
3
15
12
2
-2
1
5
5
-1
-6
-7
-3
-7
-14
-15
-7
3
8
3
-3
1
4
0
-4
-9
-5
8
8
-4
-13
-9
-2
6
4
-6
-14
-15
-6
-2
-3
-3
-1
-1
-4
-7
-1
11
13
9
4
2
7
15
18
16
14
12
12
14
13
15
20
22
19
14
13
18
17
10
-1
2
19
24
10
-7
-13
1
14
4
-15
-19
-9
5
12
-1
-20
-22
-14
-9
-10
-9
-6
-7
-11
-8
-5
-3
0
-7
-18
-22
-20
-15
-13
-17
-20
-19
-12
-11
-18
-26
-20
-5
-4
-13
-20
-15
-7
7
1
-16
-17
-3
9
7
-6
-16
-16
-2
10
2
-11
-17
-11
0
1
-6
-12
-15
-11
-2
6
2
-8
-14
-9
2
3
-3
-10
-11
-3
4
1
-6
-5
3
4
0
0
3
6
10
11
12
16
17
17
21
33
41
35
18
10
21
33
32
23
14
12
22
26
20
9
8
13
13
10
9
11
9
12
10
6
7
12
6
4
5
5
7
6
1
1
11
13
11
7
11
18
22
17
12
15
20
19
14
15
15
17
15
11
-1
-6
-2
-3
-11
-21
-22
-19
-21
-32
-41
-56
-65
-70
-74
-81
-92
-101
-101
-87
-78
-77
-87
-95
-85
-66
-54
-54
-68
-71
-66
-56
-43
-41
-55
-62
-60
-55
-39
-20
0
8
11
25
59
92
111
123
123
133
152
179
190
183
177
183
205
218
213
196
193
202
215
205
187
166
156
161
158
131
93
69
53
39
15
-13
-48
-77
-97
-109
-116
-134
-162
-191
-216
-239
-260
-268
-272
-277
-295
-328
-358
-361
-349
-344
-358
-380
-387
-378
-358
-353
-352
-340
-313
-286
-257
-234
-205
-168
-125
-89
-52
2
59
108
144
186
241
312
364
393
429
489
553
603
620
625
639
672
702
707
689
665
653
651
640
613
583
551
520
476
424
368
327
290
226
148
71
12
-39
-88
-151
-220
-276
-321
-376
-436
-492
-537
-580
-625
-681
-740
-787
-817
-845
-883
-927
-971
-999
-1019
-1023
-1024
-1028
-1027
-1020
-992
-951
-902
-852
-786
-705
-606
-504
-393
-276
-165
-53
58
179
300
424
536
636
732
840
951
1055
1142
1212
1266
1315
1363
1407
1454
1490
1512
1503
1488
1475
1466
1457
1436
1395
1321
1239
1156
1077
1002
910
774
615
462
329
209
79
-91
-287
-455
-586
-712
-854
-1005
-1169
-1326
-1451
-1560
-1668
-1785
-1902
-2000
-2068
-2106
-2142
-2154
-2145
-2126
-2102
-2050
-1969
-1867
-1742
-1592
-1435
-1285
-1123
-942
-754
-572
-387
-194
23
244
430
577
725
900
1091
1268
1395
1482
1558
1659
1771
1875
1956
2007
2037
2077
2113
2133
2136
2124
2091
2046
1996
1922
1820
1702
1597
1490
1362
1204
1015
818
663
526
334
106
-120
-303
-447
-589
-769
-977
-1149
-1264
-1359
-1476
-1602
-1727
-1825
-1893
-1957
-2044
-2114
-2150
-2170
-2217
-2289
-2331
-2315
-2244
-2177
-2118
-2058
-1974
-1835
-1644
-1438
-1255
-1080
-888
-660
-402
-131
118
337
542
731
941
1167
1379
1531
1651
1754
1835
1915
2008
2095
2165
2224
2255
2282
2325
2357
2344
2307
2266
2208
2130
2021
1886
1769
1680
1541
1350
1152
969
789
638
460
229
-17
-217
-387
-545
-705
-896
-1070
-1199
-1298
-1435
-1564
-1655
-1690
-1721
-1786
-1904
-2041
-2080
-2050
-2032
-2139
-2261
-2307
-2243
-2171
-2177
-2265
-2314
-2193
-1992
-1847
-1800
-1717
-1539
-1256
-971
-769
-631
-428
-143
135
361
570
749
929
1113
1297
1444
1596
1764
1886
1954
2004
2092
2191
2290
2332
2327
2323
2383
2453
2470
2394
2293
2228
2201
2162
2051
1883
1701
1565
1439
1273
1044
826
625
430
208
-31
-248
-432
-585
-741
-907
-1071
-1203
-1287
-1347
-1401
-1464
-1548
-1664
-1772
-1819
-1802
-1819
-1921
-2075
-2197
-2211
-2157
-2139
-2231
-2357
-2403
-2333
-2223
-2161
-2157
-2100
-1925
-1687
-1481
-1337
-1177
-934
-637
-373
-188
-50
141
431
743
967
1066
1154
1335
1613
1879
2023
2055
2093
2211
2366
2479
2518
2531
2571
2649
2688
2624
2486
2381
2357
2357
2283
2090
1855
1679
1568
1440
1237
978
742
551
358
114
-186
-455
-625
-716
-836
-1003
-1155
-1231
-1282
-1339
-1401
-1462
-1515
-1528
-1575
-1709
-1870
-1953
-1950
-1936
-1970
-2128
-2306
-2359
-2266
-2193
-2225
-2325
-2396
-2354
-2216
-2106
-2079
-2014
-1834
-1569
-1327
-1149
-990
-755
-449
-200
-81
18
258
624
967
1149
1205
1294
1572
1946
2210
2305
2351
2439
2600
2764
2848
2859
2902
3000
3014
2911
2772
2694
2677
2671
2556
2293
2026
1869
1788
1655
1410
1078
750
496
311
103
-168
-458
-697
-861
-978
-1081
-1186
-1278
-1348
-1428
-1522
-1587
-1603
-1626
-1684
-1792
-1937
-2098
-2191
-2186
-2165
-2218
-2374
-2566
-2661
-2579
-2429
-2373
-2446
-2541
-2536
-2403
-2226
-2096
-2005
-1851
-1616
-1335
-1085
-879
-675
-416
-156
40
228
498
852
1167
1372
1479
1628
1931
2327
2628
2742
2785
2864
3015
3167
3240
3249
3268
3276
3191
3054
2958
2916
2856
2716
2460
2185
2016
1914
1746
1472
1155
842
583
366
98
-203
-477
-700
-906
-1086
-1236
-1370
-1472
-1551
-1631
-1745
-1837
-1895
-1940
-2009
-2088
-2173
-2266
-2376
-2490
-2559
-2559
-2552
-2630
-2778
-2883
-2828
-2647
-2470
-2447
-2504
-2491
-2315
-2069
-1887
-1756
-1605
-1347
-1033
-752
-564
-367
-91
217
477
695
964
1283
1620
1848
1968
2083
2334
2675
2928
3063
3098
3159
3248
3352
3398
3431
3424
3367
3245
3119
3031
2946
2834
2598
2325
2075
1915
1740
1512
1191
844
515
237
-34
-330
-599
-852
-1078
-1309
-1478
-1631
-1741
-1839
-1908
-1994
-2057
-2106
-2162
-2244
-2319
-2385
-2435
-2464
-2541
-2651
-2735
-2697
-2648
-2655
-2735
-2794
-2745
-2530
-2298
-2191
-2199
-2153
-1990
-1767
-1549
-1407
-1265
-1006
-659
-377
-194
-8
269
597
887
1127
1366
1664
2001
2250
2374
2464
2624
2877
3150
3317
3347
3335
3349
3428
3513
3508
3377
3192
3065
3010
2970
2820
2544
2191
1929
1754
1589
1316
996
672
339
6
-330
-660
-951
-1138
-1306
-1516
-1708
-1846
-1983
-2078
-2113
-2143
-2196
-2187
-2156
-2165
-2225
-2276
-2344
-2374
-2331
-2302
-2388
-2506
-2536
-2490
-2437
-2431
-2483
-2474
-2286
-1991
-1802
-1775
-1771
-1673
-1451
-1206
-996
-859
-682
-411
-117
75
238
463
743
1011
1257
1504
1771
2064
2288
2390
2423
2555
2787
3033
3167
3201
3206
3238
3280
3304
3270
3150
2987
2849
2760
2668
2532
2287
1949
1631
1425
1261
1052
779
454
83
-277
-593
-887
-1157
-1355
-1484
-1623
-1753
-1885
-2007
-2113
-2137
-2129
-2119
-2097
-2046
-2031
-2046
-2066
-2099
-2115
-2084
-2010
-2025
-2116
-2194
-2161
-2084
-2060
-2090
-2097
-1975
-1738
-1487
-1377
-1383
-1370
-1244
-1050
-868
-712
-571
-362
-107
99
259
444
718
1009
1249
1432
1616
1868
2130
2280
2281
2298
2458
2747
2976
3050
3000
2976
3027
3129
3185
3040
2768
2547
2508
2512
2417
2125
1728
1387
1204
1078
882
578
231
-101
-424
-750
-1097
-1372
-1546
-1587
-1640
-1738
-1896
-1994
-2015
-2012
-2050
-2104
-2083
-1970
-1867
-1858
-1968
-2115
-2142
-2066
-1971
-1936
-1963
-2045
-2060
-1984
-1914
-1957
-2003
-1909
-1667
-1368
-1182
-1158
-1181
-1068
-898
-765
-651
-491
-243
38
252
353
465
695
1037
1324
1508
1643
1860
2121
2318
2359
2318
2367
2579
2855
3000
2995
2928
2922
2952
3050
2991
2761
2455
2312
2352
2296
2085
1698
1317
1029
944
897
634
230
-154
-470
-774
-1052
-1319
-1540
-1637
-1593
-1584
-1713
-1860
-1937
-1963
-1960
-1947
-1907
-1868
-1814
-1776
-1844
-1951
-2021
-1996
-1915
-1789
-1756
-1865
-1984
-1984
-1852
-1823
-1854
-1844
-1689
-1435
-1193
-1069
-1056
-1057
-922
-699
-541
-451
-315
-105
115
315
480
611
848
1200
1481
1617
1671
1870
2100
2249
2271
2269
2336
2512
2726
2848
2869
2899
2945
2943
2943
2915
2611
2068
1742
1733
1637
1303
1002
782
598
627
765
584
100
-224
-508
-878
-1141
-1237
-1350
-1407
-1205
-1071
-1196
-1382
-1459
-1571
-1692
-1714
-1633
-1617
-1588
-1540
-1590
-1742
-1876
-1888
-1876
-1917
-1973
-2153
-2438
-2627
-2524
-2438
-2463
-2297
-1948
-1583
-1311
-883
-1044
-1688
-1820
-1165
-1192
-1625
-1299
-258
528
939
1325
1503
2090
2690
2675
2161
2418
2872
2835
2762
2925
3111
3283
3634
3716
3489
3221
3366
3497
3425
3400
3415
2608
1195
464
326
-308
-1346
-1724
-1685
-1523
-1015
-319
-446
-858
-780
-665
-1071
-1205
-832
-747
-757
-372
-62
-311
-438
-428
-875
-1611
-1875
-1964
-2153
-2221
-2073
-2129
-2282
-2107
-1836
-1710
-1575
-1247
-1158
-1526
-1929
-2028
-1916
-1914
-1878
-1638
-1300
-876
-424
-230
-245
-160
134
150
70
192
377
449
634
940
1334
1909
2635
3147
3236
3204
3064
2924
2700
2529
2312
2208
2126
2278
2386
2616
2751
3073
3147
3232
3237
2555
552
-1556
-2249
-2249
-2892
-3607
-3180
-2174
-1076
-82
503
204
-7
95
-139
-756
-801
-554
-562
-597
-305
-218
-453
-652
-1077
-1944
-2699
-2857
-2767
-2628
-2293
-1885
-1674
-1486
-1049
-649
-389
-199
4
-239
-1090
-1977
-2277
-2068
-1968
-2055
-1947
-1464
-774
-198
-81
-101
65
517
688
733
856
1042
1227
1485
1784
1927
2282
2752
3001
2794
2333
2036
1817
1889
1813
1736
1555
1862
2280
2765
3024
3392
3822
4033
4119
3704
2103
-628
-2484
-2826
-3029
-4068
-4451
-3399
-1620
-70
887
1000
789
747
663
65
-494
-591
-479
-566
-760
-801
-860
-1042
-1526
-2298
-3195
-3688
-3637
-3187
-2587
-1936
-1423
-1051
-654
-58
422
659
537
112
-533
-1172
-1825
-2394
-2587
-2193
-1665
-1531
-1430
-957
-323
4
109
248
634
1180
1572
1526
1364
1408
1670
1741
1706
1780
2030
2214
2111
1698
1338
1276
1417
1577
1678
1873
2048
2615
3139
3884
3997
4275
4169
4423
3567
1284
-2190
-4136
-4323
-4464
-5326
-5200
-3057
-478
1428
2132
2241
1611
1191
607
-6
-835
-1259
-1407
-1351
-1230
-1350
-1629
-1882
-2027
-2641
-3466
-3998
-3669
-2715
-1491
-614
-263
17
681
1444
1630
1307
757
320
-364
-1581
-2993
-3773
-3648
-3278
-2895
-2245
-1156
-97
905
1474
1810
1858
1956
1826
1631
1333
1063
874
794
883
869
1125
1522
1940
1873
1613
1362
1424
1633
1693
1781
1970
2487
2997
3498
3935
4361
4589
4475
4193
2756
-422
-4328
-6112
-5959
-5876
-6373
-4981
-1678
1670
3297
3746
3440
2564
1532
335
-831
-1857
-2050
-2038
-2070
-2234
-2129
-1879
-1682
-1910
-2603
-3314
-3413
-2774
-1772
-735
92
665
1073
1556
1828
1684
1116
432
-403
-1432
-2459
-3198
-3601
-3817
-3483
-2497
-1079
0
751
1390
2135
2578
2527
2019
1516
1291
1114
710
134
-162
-137
133
446
884
1321
1858
2062
1929
1557
1487
1799
2283
2603
2691
2908
3278
3812
3983
3944
3600
3426
1993
-1143
-5049
-6850
-6806
-6629
-6484
-4341
-404
3068
4819
5138
4510
2839
1009
-682
-1830
-2694
-2873
-2935
-2816
-2608
-2090
-1631
-1393
-1525
-2044
-2485
-2505
-1943
-1104
-148
705
1266
1633
1955
2037
1690
1038
328
-528
-1608
-2701
-3448
-3837
-3823
-3415
-2412
-910
671
1753
2250
2337
2383
2225
1786
1049
512
153
-81
-419
-749
-844
-617
-8
745
1579
2170
2528
2413
1977
1624
1626
1868
1989
2096
2200
2534
2937
3377
3592
3502
3358
1968
-1386
-5397
-7225
-6917
-6632
-6458
-4026
437
4304
5910
6050
5089
2989
439
-1531
-2656
-3263
-3306
-3137
-2789
-2291
-1562
-819
-365
-404
-870
-1394
-1524
-1115
-428
322
1014
1462
1770
2017
2081
1734
1049
277
-552
-1339
-2025
-2903
-3776
-4147
-3576
-2648
-1515
-135
1416
2491
2977
2907
2566
1772
833
-160
-881
-1462
-1851
-2056
-1970
-1478
-600
556
1661
2527
2949
2932
2439
1873
1453
1336
1323
1350
1332
1548
2067
2876
3474
3720
3690
3465
1298
-2793
-6700
-7667
-7128
-6949
-6230
-2515
2566
6083
7035
6713
5152
2342
-740
-2791
-3842
-4143
-3688
-3015
-2252
-1621
-615
205
582
134
-587
-1223
-1164
-522
212
728
1048
1466
1766
1995
1888
1484
667
-222
-1042
-1815
-2391
-3038
-3667
-3867
-3083
-1873
-810
101
1238
2201
2606
2413
1922
1253
458
-379
-1184
-1825
-2163
-2194
-1981
-1459
-580
577
1718
2705
3089
2958
2407
1962
1722
1590
1425
1238
1196
1387
2032
2782
3421
3563
3815
2954
-191
-4553
-6986
-7024
-6864
-6915
-4662
114
4624
6811
7232
6540
4173
765
-2178
-3688
-4315
-4122
-3463
-2459
-1533
-457
604
1233
1026
198
-608
-899
-469
104
560
849
1235
1571
1836
1889
1602
941
16
-957
-1895
-2680
-3333
-3722
-3695
-3030
-1901
-711
232
919
1393
1519
1267
846
495
251
-21
-395
-845
-1243
-1551
-1764
-1706
-1273
-410
682
1841
2658
2956
2627
2171
1951
1825
1594
1281
1109
1108
1637
2261
3033
3312
3663
2588
-624
-4768
-6995
-7170
-7213
-6884
-4093
925
5249
7309
7643
6643
3847
169
-2704
-4054
-4349
-3766
-2881
-1837
-880
280
1215
1520
963
66
-573
-765
-361
100
516
750
1096
1501
1910
2023
1745
1122
257
-654
-1659
-2558
-3269
-3689
-3756
-3244
-2136
-836
211
863
1290
1441
1293
914
601
425
224
-149
-732
-1294
-1756
-2072
-2079
-1646
-702
513
1793
2764
3234
3098
2647
2148
1655
1120
591
393
422
900
1651
2681
3452
4029
3834
1459
-2645
-6206
-7357
-7530
-7482
-5788
-1389
3690
6866
7926
7472
5352
1719
-1847
-3823
-4466
-4139
-3375
-2247
-1085
107
1134
1598
1253
318
-537
-957
-778
-354
77
373
755
1228
1756
2038
1901
1338
547
-413
-1486
-2480
-3200
-3557
-3610
-3115
-2206
-1015
74
807
1090
1045
902
747
694
738
812
688
221
-470
-1223
-1776
-2125
-2089
-1590
-548
765
2004
2862
3211
3178
2761
2251
1620
1037
466
146
140
681
1626
2743
3492
4047
3741
1231
-2876
-6262
-7377
-7632
-7476
-5378
-690
4242
7233
8142
7506
4914
991
-2417
-4113
-4566
-4266
-3468
-2243
-1002
103
991
1381
1113
287
-476
-847
-644
-260
88
414
889
1391
1797
1884
1683
1072
66
-1151
-2237
-2897
-3210
-3277
-3105
-2459
-1326
-49
824
1095
943
726
568
489
541
719
782
579
146
-471
-1236
-1988
-2411
-2306
-1599
-386
988
2210
3011
3446
3377
2982
2352
1626
849
90
-367
-363
394
1577
2863
3687
4302
3732
897
-3380
-6463
-7329
-7479
-7071
-4463
363
5010
7474
8084
7066
4263
436
-2662
-4156
-4663
-4345
-3596
-2352
-1146
112
1127
1668
1433
563
-228
-610
-397
-90
191
394
664
969
1253
1448
1291
680
-337
-1430
-2300
-2833
-3155
-3174
-2719
-1733
-435
614
1135
1078
709
363
168
214
539
890
1035
784
109
-753
-1580
-2099
-2308
-2106
-1383
-98
1323
2460
3172
3504
3423
2898
2121
1221
292
-512
-952
-681
329
1743
3004
3771
4403
3682
633
-3616
-6267
-6836
-6982
-6596
-3962
756
5103
7339
7822
6622
3672
-119
-2976
-4442
-4846
-4408
-3470
-2253
-1107
262
1397
1996
1675
844
68
-335
-288
-249
-298
-299
16
524
1092
1397
1184
358
-727
-1629
-2226
-2648
-2817
-2541
-1833
-786
219
827
909
641
278
-31
-103
149
625
1067
1189
891
197
-717
-1584
-2165
-2456
-2288
-1417
-21
1508
2764
3570
3830
3541
2772
1735
590
-469
-1237
-1399
-906
273
1758
3228
4253
4920
4766
2280
-1993
-5600
-6732
-6822
-6790
-5231
-1176
3743
6906
7858
7123
4663
1115
-2212
-4072
-4886
-4584
-3701
-2493
-1289
59
1496
2266
2164
1223
274
-481
-672
-700
-784
-817
-574
76
838
1372
1222
426
-656
-1460
-1980
-2311
-2420
-2098
-1368
-579
90
493
549
26
-684
-1101
-813
-71
721
1169
1266
1111
658
-61
-1013
-1983
-2601
-2573
-1861
-732
709
2122
3277
3841
3723
3086
2019
770
-578
-1629
-2105
-1621
-436
1258
3015
4468
5111
5152
4673
2381
-1658
-5365
-6718
-6926
-7037
-5744
-1849
3072
6507
7699
7212
4966
1615
-1645
-3760
-4891
-4765
-3716
-2399
-1191
105
1682
2579
2382
1214
116
-664
-1023
-1151
-1212
-1136
-797
-62
753
1237
989
267
-581
-1195
-1512
-1591
-1406
-981
-210
453
627
120
-615
-1200
-1553
-1489
-877
128
1022
1535
1620
1497
1032
262
-882
-1988
-2653
-2606
-1972
-965
318
1712
2936
3532
3412
2616
1498
278
-876
-1655
-1920
-1192
132
1908
3387
4317
4614
4620
4618
2839
-1003
-4975
-6641
-6861
-7071
-6132
-2612
2399
6216
7761
7391
5112
1847
-1252
-3166
-4472
-4596
-3478
-1910
-763
111
1437
2392
2393
1251
-13
-880
-1164
-1172
-1295
-1362
-987
-47
855
1220
938
216
-544
-1078
-1257
-1138
-844
-434
-13
179
126
-364
-1110
-1718
-1750
-1406
-988
-546
20
784
1456
1736
1378
480
-684
-1771
-2578
-2967
-2728
-1749
-324
1135
2197
2845
3020
2667
1806
564
-525
-1169
-1133
-565
371
1451
2523
3457
4170
4521
4656
4368
2168
-1793
-5388
-6595
-6592
-6444
-4958
-1017
3746
6869
7554
6368
3767
747
-1636
-3073
-3906
-3676
-2458
-1252
-524
236
1478
2309
2083
846
-473
-1335
-1463
-1199
-1118
-1050
-582
330
1047
1092
533
-244
-686
-686
-397
-186
-139
-200
-365
-511
-561
-521
-755
-1198
-1449
-1294
-1088
-908
-534
77
664
900
713
135
-574
-1299
-1920
-2194
-1991
-1247
-264
565
982
1189
1338
1444
1328
943
472
274
299
387
617
1078
1772
2596
3433
3989
4096
4004
2665
-522
-4126
-5652
-5381
-5240
-4888
-2562
1448
4770
6063
5617
3941
1699
-81
-1352
-2577
-3344
-2690
-1314
-327
127
912
1785
1905
950
-479
-1418
-1520
-1084
-900
-947
-728
4
742
975
746
374
193
255
360
175
-210
-596
-784
-915
-1010
-1094
-1220
-1318
-1429
-1347
-1027
-632
-624
-748
-553
30
434
369
-19
-404
-643
-948
-1313
-1596
-1574
-1145
-557
44
566
1273
1978
2430
2278
1653
923
457
375
453
793
1234
1938
2525
3000
3119
3348
2975
914
-2049
-3967
-4393
-4913
-5276
-3721
-152
3300
4996
5259
4472
2915
1157
-355
-1685
-2483
-1992
-921
-320
-421
-107
815
1553
1245
108
-1066
-1542
-1178
-656
-447
-458
-228
262
802
1010
820
399
224
284
246
-217
-966
-1700
-2202
-2155
-1724
-1176
-789
-416
-143
-100
-376
-842
-1217
-1322
-1004
-541
-204
-86
-66
-101
-337
-828
-1492
-1918
-1871
-1334
-555
130
691
1365
2123
2621
2483
1815
1044
502
225
130
193
482
1204
2221
3254
3913
4284
3410
721
-2529
-4212
-4456
-4858
-4845
-2779
863
3961
5331
5379
4266
2486
871
-257
-1264
-1915
-1504
-726
-354
-322
263
1095
1442
769
-465
-1366
-1439
-835
-450
-519
-636
-216
559
1203
1288
881
471
317
121
-557
-1583
-2456
-2733
-2505
-1870
-1050
-339
100
240
53
-409
-780
-1023
-1353
-1820
-1977
-1671
-1154
-672
-252
71
216
68
-346
-865
-1293
-1328
-1060
-510
141
956
1747
2218
2178
1698
1099
718
650
636
606
496
830
1551
2460
3145
3584
3670
2217
-371
-2601
-3237
-3506
-3876
-3150
-720
2002
3549
3944
3524
2516
1613
1072
471
-435
-797
-551
-339
-547
-556
27
691
748
-96
-1168
-1688
-1288
-591
-189
-87
53
347
666
709
483
156
-49
-295
-869
-1590
-2105
-2122
-1765
-1022
-156
433
491
171
-247
-823
-1418
-1913
-2201
-2439
-2371
-1694
-608
324
811
966
973
737
122
-803
-1703
-2107
-1966
-1448
-769
33
938
1731
2219
2271
1906
1422
1042
786
516
282
382
984
1954
2829
3280
3498
3398
2005
-469
-2473
-3014
-3352
-3871
-3217
-756
1999
3535
4051
3759
2864
1954
1332
585
-438
-856
-742
-739
-1069
-868
5
790
654
-408
-1471
-1769
-1200
-721
-785
-1051
-818
-47
733
979
585
-11
-355
-444
-681
-1109
-1435
-1343
-905
-404
-204
-436
-924
-1340
-1418
-1455
-1549
-1564
-1279
-969
-874
-763
-287
387
757
617
41
-666
-1167
-1414
-1532
-1496
-1115
-434
206
622
797
969
1104
1303
1353
1314
1334
1377
1318
1088
1010
1255
1856
2480
2883
2933
3006
2494
665
-1637
-2594
-2295
-2291
-2278
-951
1178
2427
2587
2585
2430
2104
1829
1498
627
-352
-730
-810
-906
-904
-347
375
578
-131
-1388
-2230
-2014
-1086
-536
-657
-887
-524
379
1109
1083
482
48
30
-18
-549
-1394
-1944
-1765
-1148
-650
-653
-938
-1091
-928
-770
-980
-1339
-1372
-1044
-872
-954
-980
-742
-370
36
267
92
-253
-502
-642
-838
-1099
-1300
-1282
-875
-185
590
1171
1535
1623
1578
1493
1334
1055
756
736
1018
1634
2222
2620
2680
2815
3091
2321
241
-1734
-2010
-1903
-2502
-2534
-902
1159
2132
2437
2533
2314
2016
1736
937
-310
-927
-790
-661
-743
-440
205
570
151
-1038
-2198
-2397
-1414
-384
-29
-204
-164
397
1074
1211
673
34
-142
-65
-298
-847
-1212
-994
-451
-143
-486
-1228
-1741
-1711
-1515
-1623
-1880
-1770
-1251
-736
-457
-207
207
627
694
284
-364
-856
-1124
-1279
-1345
-1275
-1060
-787
-502
-158
280
729
922
779
641
929
1654
2235
2192
1666
1271
1459
1983
2330
2290
2135
2388
2382
996
-1105
-1944
-1323
-1266
-1788
-1354
209
1358
1641
1670
1475
1361
1541
1561
833
44
-162
-170
-337
-446
-202
70
19
-645
-1620
-2047
-1423
-424
-35
-333
-670
-422
269
741
543
117
45
350
460
80
-550
-962
-916
-766
-1041
-1713
-2218
-2153
-1692
-1426
-1502
-1590
-1316
-818
-425
-201
-23
144
153
-51
-450
-798
-871
-785
-817
-1087
-1305
-1286
-1108
-859
-478
56
608
967
1174
1339
1622
1929
2117
2045
1802
1705
1787
1935
2015
2173
2388
2660
2120
378
-1194
-1124
-391
-1098
-2216
-1728
-78
995
1280
1540
1766
2139
2354
1823
568
-117
123
333
37
-380
-283
57
134
-711
-1771
-1870
-831
143
68
-703
-1120
-565
426
904
671
450
559
756
449
-323
-1004
-1089
-744
-700
-1196
-1833
-2106
-2086
-1946
-1978
-2095
-1901
-1183
-466
-310
-535
-576
-266
-14
-159
-521
-701
-683
-801
-1224
-1639
-1631
-1252
-887
-689
-455
-8
532
892
993
1073
1563
2292
2598
2212
1759
1768
2191
2526
2532
2365
2488
2610
1459
-581
-1469
-921
-1090
-2273
-2154
-534
864
1244
1427
1584
1833
2358
2279
1213
219
435
765
359
-350
-346
248
492
-277
-1578
-2006
-1291
-392
-487
-1230
-1550
-795
460
1120
884
422
351
492
431
70
-322
-496
-504
-832
-1515
-2232
-2611
-2546
-2245
-2026
-1979
-1735
-1240
-846
-775
-706
-427
9
357
337
-43
-463
-720
-961
-1223
-1458
-1453
-1266
-1015
-896
-810
-583
-149
465
1029
1529
1988
2334
2350
2123
1972
2150
2526
2858
2859
2588
2378
2465
1998
357
-1170
-1085
-527
-1370
-2402
-1616
136
963
891
940
1361
2278
2916
2289
835
364
951
1068
285
-430
-244
220
48
-1106
-2105
-1911
-870
-305
-731
-1353
-1218
-186
734
856
458
289
464
624
427
-105
-620
-851
-977
-1407
-2011
-2437
-2488
-2308
-2249
-2454
-2526
-2102
-1437
-943
-628
-295
4
194
144
-167
-477
-587
-729
-1127
-1614
-1821
-1644
-1260
-919
-593
-125
418
847
1048
1145
1399
1858
2280
2334
2275
2487
2898
3084
2822
2391
2307
2781
2487
771
-752
-593
-391
-1693
-2577
-1467
138
717
721
896
1328
2341
2966
2233
860
654
1220
1071
143
-507
-178
316
130
-946
-1752
-1563
-792
-534
-1075
-1532
-1139
-53
610
388
-197
-353
78
591
620
129
-306
-518
-825
-1375
-1870
-2141
-2181
-2152
-2336
-2692
-2712
-2207
-1655
-1246
-837
-461
-125
110
162
-111
-483
-791
-1049
-1248
-1284
-1123
-869
-670
-562
-316
41
369
527
715
955
1238
1560
1777
1878
2007
2317
2583
2751
2858
2809
2731
2722
1960
318
-507
-10
-259
-1839
-2220
-796
377
316
210
550
1266
2290
2602
1651
677
937
1484
1196
389
159
593
768
89
-1011
-1426
-907
-229
-379
-1272
-1786
-1231
-210
212
-78
-478
-409
203
788
699
196
-148
-256
-528
-995
-1504
-1894
-2162
-2482
-2873
-2948
-2528
-2016
-1602
-1299
-1059
-889
-735
-520
-325
-249
-468
-787
-980
-941
-745
-580
-540
-563
-355
26
243
165
130
330
630
870
1141
1552
2014
2339
2477
2548
2717
3002
3165
3179
2418
939
57
424
87
-1719
-2461
-1070
271
220
-31
289
984
1943
2230
1314
387
775
1499
1241
419
229
953
1456
864
-520
-1310
-932
-136
-105
-1061
-1873
-1563
-651
-258
-588
-1006
-928
-193
677
864
367
-141
-358
-564
-856
-1147
-1348
-1525
-1863
-2261
-2386
-2287
-2269
-2206
-1921
-1604
-1416
-1254
-986
-600
-194
-136
-390
-586
-485
-356
-405
-553
-626
-508
-234
4
90
152
395
743
1033
1174
1311
1483
1738
2064
2333
2561
2827
3153
3241
2321
812
303
1050
687
-1205
-1848
-386
785
587
267
389
731
1292
1376
621
145
882
1606
1316
591
604
1332
1723
1122
-46
-568
-157
403
65
-1058
-1753
-1359
-566
-378
-676
-948
-831
-277
197
86
-358
-466
-370
-406
-566
-683
-978
-1410
-1778
-2101
-2528
-2854
-2752
-2370
-2069
-1997
-1947
-1647
-1093
-630
-622
-867
-882
-519
-262
-522
-979
-930
-331
196
302
203
231
536
892
953
781
783
1077
1326
1419
1586
2072
2708
3185
3209
2240
966
824
1605
1019
-678
-900
390
891
255
3
249
723
1200
973
-24
-347
547
1210
841
367
801
1726
2114
1508
482
-49
229
552
90
-827
-1102
-594
-168
-334
-869
-1264
-1126
-455
17
-145
-471
-378
-61
22
-144
-565
-1010
-1182
-1149
-1507
-2213
-2543
-2303
-2032
-1985
-2059
-1922
-1467
-944
-955
-1351
-1523
-1157
-638
-423
-587
-735
-414
139
469
464
398
407
469
422
251
204
527
1047
1422
1549
1648
1918
2550
2951
2270
982
779
1471
1018
-437
-598
426
845
508
517
725
976
1202
762
-315
-636
252
874
572
112
497
1453
2045
1602
621
149
557
1015
608
-288
-675
-369
-16
-95
-670
-1306
-1276
-571
-87
-280
-635
-678
-443
-71
-6
-625
-1317
-1321
-961
-1057
-1515
-1742
-1678
-1472
-1449
-1738
-2005
-1820
-1448
-1449
-1737
-1885
-1548
-1035
-747
-828
-730
-173
535
850
650
344
338
527
422
102
-29
295
837
1216
1363
1610
2202
2679
2122
755
270
1141
1226
-218
-914
102
979
846
700
807
983
1353
1231
73
-933
-448
581
860
440
305
706
1278
1400
869
328
467
1103
1152
420
-208
-61
424
547
55
-689
-893
-325
115
-195
-707
-769
-499
-180
-210
-666
-962
-749
-668
-1075
-1305
-1065
-797
-765
-913
-1089
-1120
-1010
-1199
-1715
-2074
-1972
-1544
-1183
-1086
-1061
-790
-357
-1
200
342
501
690
742
508
274
338
602
914
1067
1119
1196
1584
1671
890
204
618
941
-279
-1332
-568
513
363
-74
204
605
1051
1149
475
-436
-248
511
522
-14
-98
563
1214
1295
641
-6
76
762
973
406
-136
47
542
767
514
-47
-244
216
682
399
-270
-622
-482
-134
-53
-482
-917
-866
-685
-765
-832
-716
-644
-593
-533
-548
-596
-521
-548
-827
-1122
-1224
-1187
-1128
-1072
-1001
-839
-600
-315
-102
29
72
120
147
198
428
743
1036
1134
1068
1049
1439
1826
1302
169
-167
243
-188
-1175
-1008
-8
69
-567
-622
-284
49
331
172
-543
-580
323
788
333
-87
223
880
1387
1149
254
-286
260
972
687
-162
-492
-64
529
726
218
-456
-389
349
764
453
-13
-170
-84
68
88
-169
-583
-738
-468
-155
-261
-629
-786
-559
-203
-49
-226
-446
-436
-272
-325
-540
-561
-245
89
48
-147
-123
246
492
395
108
-17
225
539
627
455
464
738
1236
1582
1207
334
98
630
276
-1051
-1439
-581
-208
-863
-1261
-1146
-749
-359
-557
-1438
-1684
-738
-18
-278
-675
-334
440
1059
997
354
-91
292
836
650
13
-308
-132
167
313
15
-395
-335
186
342
-12
-363
-492
-285
110
139
-467
-695
29
786
743
256
38
166
402
268
-254
-528
-259
54
-37
-152
52
527
882
839
581
536
880
1186
1146
871
714
843
1109
1251
1171
955
861
985
975
386
-217
-27
208
-651
-1696
-1415
-628
-741
-1243
-1150
-823
-601
-582
-1120
-1880
-1817
-1136
-1082
-1571
-1590
-1012
-338
123
43
-471
-579
-52
253
2
-199
-87
144
337
289
-92
-300
-52
162
52
-304
-637
-656
-376
-397
-782
-785
-345
-83
-68
91
407
710
794
544
364
543
731
558
367
466
804
1144
1259
1209
1252
1493
1662
1573
1456
1582
1826
1922
1841
1714
1697
1876
2102
1833
1021
473
590
403
-631
-1318
-1004
-772
-1374
-1846
-1645
-1212
-935
-1097
-1837
-2303
-1689
-973
-1208
-1778
-1654
-1039
-513
-473
-951
-1389
-1120
-576
-662
-1162
-1370
-1115
-761
-568
-696
-991
-936
-596
-407
-554
-653
-555
-445
-535
-574
-399
-181
-79
-106
-124
-124
-53
-61
-130
48
365
522
403
394
665
1143
1539
1624
1512
1586
2058
2507
2478
2180
2167
2459
2751
2865
2786
2556
2591
2589
2061
1384
1403
1399
490
-296
-38
340
-206
-834
-858
-617
-488
-749
-1493
-2083
-1695
-1127
-1421
-2141
-2164
-1529
-940
-740
-1109
-1526
-1370
-861
-1006
-1638
-1879
-1580
-1185
-1046
-1367
-1900
-1934
-1541
-1455
-1775
-1995
-2061
-2004
-1518
-915
-835
-1073
-942
-406
83
259
77
-60
184
529
566
411
373
465
734
1023
1178
1259
1431
1735
1987
2125
2196
2486
2789
2903
2914
3105
3419
3557
3131
2291
2017
2279
1961
935
550
900
865
292
-63
-72
-10
-32
-422
-1099
-1302
-869
-719
-1195
-1464
-1074
-502
-315
-601
-1095
-1172
-699
-479
-980
-1535
-1503
-1194
-1104
-1395
-1914
-2299
-2244
-1969
-1970
-2397
-2827
-2678
-2017
-1640
-1855
-2090
-1815
-1309
-978
-1049
-1215
-1048
-565
-309
-403
-382
-76
332
662
875
937
1192
1671
2004
1947
1929
2243
2644
2755
2670
2730
3018
3071
2625
2022
1889
1830
1315
799
968
1232
894
420
415
670
752
550
41
-338
-161
174
2
-421
-423
-38
284
265
-52
-348
-229
70
-91
-595
-834
-637
-483
-583
-891
-1310
-1555
-1400
-1250
-1607
-2170
-2205
-1749
-1565
-1873
-2226
-2208
-1905
-1674
-1801
-1969
-1733
-1267
-1051
-1052
-973
-714
-300
31
95
121
492
954
1130
1187
1434
1828
2077
2184
2135
2239
2412
2246
1839
1865
2063
1474
743
935
1382
885
110
63
419
636
389
-313
-828
-418
243
22
-728
-904
-331
232
298
-103
-340
48
697
710
149
-141
89
376
303
-187
-889
-1093
-698
-588
-1229
-1693
-1387
-979
-941
-1155
-1279
-1217
-997
-1002
-1213
-1129
-812
-723
-810
-624
-246
52
97
-78
-149
244
793
772
396
309
827
1443
1712
1542
1494
1853
1960
1553
1315
1248
747
308
575
666
70
-277
-4
152
82
-108
-659
-1093
-802
-414
-793
-1198
-1005
-474
-145
-120
-482
-747
-330
261
188
-356
-510
-233
126
37
-415
-804
-757
-689
-835
-914
-929
-934
-835
-525
-364
-395
-523
-723
-725
-422
-138
-244
-382
-251
124
427
511
472
674
1163
1437
1329
1221
1468
1762
1831
1767
1834
2055
2075
1686
1392
1490
1302
603
291
458
310
-182
-354
-325
-309
-280
-509
-957
-1015
-604
-599
-1102
-1319
-1031
-591
-361
-528
-964
-992
-474
-203
-556
-966
-860
-612
-598
-796
-1046
-1238
-1212
-946
-820
-1035
-1248
-1135
-746
-444
-450
-791
-1026
-839
-492
-402
-580
-656
-362
209
529
419
234
500
1087
1422
1380
1337
1644
2036
2207
2161
2180
2189
2028
1840
1858
1635
966
581
840
965
530
223
262
331
246
-22
-495
-719
-455
-348
-725
-1045
-814
-391
-204
-328
-593
-676
-395
-141
-352
-724
-775
-701
-769
-819
-890
-1201
-1497
-1361
-1136
-1198
-1393
-1413
-1210
-925
-808
-1034
-1224
-1002
-582
-444
-524
-428
-20
383
454
256
309
803
1184
1002
717
852
1336
1692
1763
1608
1534
1617
1684
1508
1184
838
744
884
826
350
84
307
450
173
-241
-519
-608
-480
-560
-974
-1235
-938
-506
-369
-444
-537
-475
-234
-32
-158
-331
-276
-220
-217
-241
-335
-645
-695
-420
-305
-519
-764
-695
-479
-264
-405
-744
-791
-426
-120
-202
-274
-59
429
745
708
589
761
1073
1061
896
779
938
1080
1295
1430
1410
1204
1118
1253
1142
603
256
511
639
148
-270
-133
141
89
-248
-729
-911
-665
-645
-1212
-1737
-1605
-1219
-1035
-1157
-1343
-1252
-775
-439
-707
-1239
-1324
-956
-721
-1003
-1395
-1353
-939
-595
-648
-830
-743
-330
-87
-241
-371
-222
71
279
408
531
855
1353
1603
1583
1644
1937
2111
2041
1970
2033
2156
2217
2231
2184
2002
1739
1604
1629
1373
677
220
364
492
23
-432
-469
-259
-182
-411
-955
-1251
-1010
-845
-1195
-1581
-1506
-1179
-950
-987
-1213
-1321
-1078
-918
-1220
-1624
-1630
-1512
-1630
-1806
-1877
-1843
-1741
-1642
-1711
-1821
-1718
-1582
-1578
-1553
-1340
-1045
-690
-350
-9
339
798
1243
1490
1703
1941
2230
2393
2518
2594
2651
2812
3017
3041
2719
2388
2353
2329
1872
1334
1314
1481
1203
709
567
686
690
453
-66
-448
-340
-67
-390
-979
-1130
-737
-388
-439
-852
-1205
-1031
-692
-816
-1591
-2052
-1823
-1519
-1809
-2252
-2193
-1922
-1820
-1998
-2082
-1918
-1645
-1688
-2008
-1920
-1354
-883
-860
-832
-371
382
943
920
784
1040
1655
1853
1586
1453
1733
2082
2245
2288
2029
1617
1738
1986
1575
707
620
1003
948
536
329
424
595
773
407
-198
-305
76
9
-487
-703
-573
-287
-32
-115
-508
-530
-177
-201
-646
-964
-1088
-1145
-1097
-1157
-1535
-1764
-1506
-1283
-1453
-1801
-1944
-1752
-1371
-1153
-1262
-1267
-806
-213
121
231
448
845
1337
1689
1759
1774
1999
2322
2500
2488
2283
1954
1944
2068
1761
1079
851
1046
961
527
176
112
205
212
-241
-849
-960
-618
-600
-1036
-1286
-1108
-673
-451
-581
-929
-924
-537
-441
-871
-1328
-1371
-1258
-1177
-1202
-1369
-1447
-1212
-927
-1046
-1290
-1359
-1283
-1165
-1084
-1077
-1057
-666
-236
44
190
492
845
1144
1390
1426
1479
1685
1920
1896
1909
2211
2196
1814
1652
1894
1769
1198
992
1139
1087
713
527
572
619
572
292
-100
-198
51
12
-413
-670
-561
-395
-371
-544
-940
-1035
-787
-655
-1060
-1485
-1566
-1422
-1287
-1405
-1836
-2060
-1762
-1433
-1609
-1936
-1962
-1580
-1087
-841
-942
-852
-284
336
548
496
749
1246
1732
1802
1696
1719
2050
2238
1929
1468
1359
1433
1198
702
451
469
435
157
-100
-136
39
82
-215
-579
-564
-213
-81
-309
-558
-376
24
261
63
-151
-131
57
51
-151
-430
-619
-533
-462
-611
-923
-1086
-1084
-1091
-1117
-1238
-1288
-1171
-920
-731
-575
-341
-47
230
509
793
1070
1346
1518
1684
1815
1966
2053
1994
1750
1409
1346
1316
951
357
196
318
166
-246
-487
-474
-347
-339
-692
-1081
-995
-667
-750
-1139
-1271
-1020
-705
-604
-815
-1012
-849
-577
-637
-861
-920
-823
-843
-844
-866
-912
-975
-969
-941
-885
-789
-716
-668
-522
-215
88
356
504
737
1081
1493
1715
1807
2006
2293
2541
2570
2424
2146
1982
2013
1902
1452
943
870
913
643
107
-207
-133
10
-127
-632
-1039
-983
-773
-929
-1332
-1501
-1352
-1192
-1140
-1242
-1322
-1285
-1125
-1077
-1127
-1188
-1238
-1222
-1139
-1197
-1481
-1674
-1575
-1413
-1328
-1271
-1145
-934
-531
-141
157
430
781
1120
1494
1865
2041
2178
2333
2521
2548
2635
2532
2163
1852
1840
1655
1074
738
770
685
307
28
-86
-87
-12
-152
-597
-839
-652
-591
-860
-1140
-1288
-1264
-1055
-923
-1245
-1538
-1369
-1038
-1008
-1191
-1412
-1482
-1285
-1105
-1323
-1662
-1618
-1364
-1202
-1219
-1201
-1051
-628
-174
7
100
525
1144
1545
1675
1857
2210
2592
2793
2769
2691
2503
2377
2297
2101
1559
1103
1101
1092
714
258
115
177
188
3
-459
-750
-624
-452
-670
-1053
-1196
-1136
-913
-865
-1182
-1474
-1300
-986
-1102
-1463
-1635
-1527
-1347
-1385
-1686
-1935
-1750
-1420
-1420
-1658
-1579
-1218
-895
-684
-572
-306
206
769
1100
1249
1588
2046
2548
2697
2612
2449
2432
2516
2469
2101
1510
1360
1539
1452
961
535
460
552
519
126
-417
-593
-396
-385
-771
-1136
-1201
-964
-790
-963
-1337
-1384
-1047
-920
-1203
-1512
-1485
-1250
-1123
-1301
-1611
-1610
-1296
-1079
-1172
-1316
-1224
-908
-556
-465
-402
-156
343
706
938
1177
1510
1881
2115
2172
2023
1935
1983
2040
1799
1322
1106
1226
1288
976
615
468
574
627
379
-87
-350
-226
-198
-493
-909
-1028
-854
-687
-819
-1208
-1278
-1056
-873
-1084
-1363
-1445
-1336
-1211
-1253
-1439
-1509
-1318
-1089
-1035
-1025
-879
-631
-377
-202
-40
148
489
788
982
1147
1435
1678
1812
1875
1835
1681
1677
1662
1471
1114
1062
1068
934
728
619
571
585
585
354
65
30
101
-94
-428
-614
-609
-596
-649
-831
-956
-932
-808
-881
-1024
-1084
-1068
-1122
-1200
-1262
-1294
-1287
-1252
-1255
-1278
-1165
-953
-787
-710
-580
-367
-114
150
352
504
656
894
1136
1311
1378
1356
1359
1423
1490
1392
1271
1192
1158
1065
957
828
714
612
495
326
126
-10
-129
-257
-421
-522
-592
-657
-696
-698
-675
-665
-650
-614
-568
-531
-523
-550
-572
-572
-561
-590
-646
-682
-675
-640
-611
-571
-528
-451
-345
-210
-83
32
144
272
424
544
644
710
779
842
926
965
970
996
1033
1026
942
892
853
789
680
530
336
176
82
-28
-207
-402
-566
-665
-721
-765
-868
-981
-999
-957
-922
-945
-968
-946
-883
-806
-777
-758
-695
-581
-446
-353
-275
-214
-108
45
203
332
376
432
533
714
840
892
892
923
1030
1123
1161
1101
1086
1109
1148
1083
989
900
827
718
553
385
229
119
-59
-261
-461
-585
-691
-804
-959
-1107
-1184
-1207
-1244
-1323
-1363
-1377
-1356
-1352
-1323
-1282
-1182
-1033
-886
-759
-603
-390
-174
-6
141
308
504
692
846
944
1041
1173
1281
1352
1352
1357
1339
1354
1331
1290
1215
1144
1063
950
858
761
657
487
315
108
-42
-191
-305
-460
-619
-753
-862
-950
-1049
-1109
-1179
-1234
-1308
-1335
-1371
-1381
-1404
-1396
-1376
-1299
-1201
-1089
-958
-806
-607
-427
-249
-82
126
302
470
628
808
976
1116
1215
1278
1374
1443
1440
1378
1331
1341
1309
1239
1107
1025
988
955
860
699
585
475
350
156
-5
-121
-207
-344
-538
-701
-778
-833
-938
-1124
-1260
-1303
-1318
-1395
-1547
-1615
-1577
-1452
-1397
-1378
-1314
-1101
-817
-589
-454
-290
-30
261
502
630
758
921
1146
1290
1338
1341
1400
1465
1457
1387
1292
1219
1180
1123
1003
864
757
703
592
451
284
149
27
-82
-215
-373
-526
-610
-684
-792
-933
-1067
-1140
-1164
-1183
-1275
-1400
-1482
-1461
-1408
-1393
-1422
-1394
-1262
-1049
-857
-713
-562
-312
1
271
477
651
875
1106
1302
1405
1482
1567
1656
1663
1603
1540
1508
1472
1358
1186
1022
939
869
735
507
297
165
100
-11
-196
-389
-505
-557
-619
-748
-881
-956
-975
-990
-1060
-1131
-1171
-1158
-1155
-1187
-1229
-1238
-1210
-1171
-1130
-1074
-988
-885
-762
-617
-423
-208
-2
172
356
567
792
996
1140
1268
1375
1473
1515
1524
1525
1526
1489
1386
1238
1114
1013
906
728
500
291
134
21
-131
-305
-479
-596
-687
-770
-863
-934
-968
-987
-1004
-1025
-1018
-981
-934
-897
-862
-811
-734
-658
-588
-516
-441
-349
-264
-163
-47
83
194
278
370
494
668
811
904
934
986
1061
1134
1159
1117
1069
1013
962
853
712
551
408
262
91
-96
-280
-417
-538
-641
-744
-825
-875
-909
-924
-933
-913
-884
-855
-831
-803
-748
-681
-613
-558
-490
-411
-322
-244
-175
-98
4
95
172
220
287
376
473
548
605
679
768
862
906
934
956
1016
1060
1057
992
919
869
813
710
539
353
190
55
-102
-290
-486
-632
-737
-832
-946
-1043
-1091
-1077
-1055
-1063
-1075
-1054
-966
-868
-786
-736
-656
-524
-361
-221
-123
-20
117
286
421
501
557
632
738
818
849
834
836
859
875
845
775
710
666
634
570
472
360
263
181
90
-19
-136
-253
-361
-467
-555
-628
-680
-728
-776
-818
-836
-823
-789
-751
-717
-688
-657
-610
-545
-467
-396
-328
-258
-169
-65
52
157
257
360
470
571
657
738
815
895
951
989
1005
1018
1030
1023
993
938
885
820
742
634
510
377
233
85
-72
-229
-384
-544
-708
-857
-972
-1052
-1134
-1219
-1293
-1317
-1299
-1264
-1242
-1218
-1156
-1047
-924
-827
-735
-613
-445
-266
-119
7
141
318
502
651
753
844
960
1077
1169
1209
1233
1258
1299
1322
1311
1271
1236
1199
1152
1081
990
895
769
638
462
289
108
-63
-250
-460
-669
-866
-1013
-1145
-1259
-1391
-1509
-1593
-1626
-1624
-1621
-1620
-1608
-1557
-1463
-1347
-1228
-1114
-975
-806
-612
-416
-219
-19
188
390
576
746
911
1075
1217
1327
1401
1468
1534
1590
1616
1619
1608
1603
1583
1540
1457
1369
1276
1175
1028
833
622
418
236
28
-204
-472
-702
-896
-1046
-1212
-1371
-1525
-1625
-1687
-1730
-1760
-1777
-1742
-1682
-1597
-1525
-1424
-1292
-1112
-935
-761
-602
-415
-201
21
207
361
507
662
819
941
1034
1098
1165
1219
1259
1272
1283
1301
1317
1304
1267
1218
1179
1138
1078
977
851
725
599
465
304
132
-46
-207
-366
-529
-693
-843
-963
-1063
-1158
-1253
-1329
-1371
-1367
-1346
-1324
-1299
-1254
-1164
-1049
-924
-808
-680
-532
-366
-204
-61
78
230
386
521
624
706
796
890
962
1002
1014
1027
1047
1060
1051
1023
991
952
903
840
770
705
634
541
423
297
188
86
-22
-157
-305
-444
-555
-658
-762
-869
-970
-1042
-1096
-1135
-1171
-1182
-1172
-1136
-1095
-1048
-980
-880
-756
-633
-517
-400
-263
-107
48
182
304
426
549
668
764
839
905
959
993
1010
1017
1016
1006
974
922
863
809
755
685
599
500
410
322
232
133
21
-87
-192
-284
-371
-455
-539
-622
-687
-737
-776
-823
-870
-894
-891
-869
-856
-845
-817
-750
-664
-585
-510
-429
-319
-202
-96
0
108
234
350
440
505
582
669
747
779
779
777
792
800
778
726
675
640
605
548
466
395
336
293
221
130
31
-49
-114
-183
-259
-343
-415
-482
-536
-594
-643
-689
-728
-756
-773
-771
-764
-746
-722
-677
-620
-552
-478
-401
-313
-223
-126
-24
90
201
307
395
485
580
669
735
768
776
781
785
773
736
674
613
555
505
440
370
305
255
214
165
102
39
-13
-53
-93
-146
-202
-261
-306
-348
-396
-448
-500
-536
-558
-577
-602
-630
-640
-637
-615
-599
-587
-563
-530
-490
-451
-398
-332
-252
-170
-95
-13
92
206
314
396
462
523
588
641
670
674
665
650
629
597
551
505
464
428
383
332
274
224
181
141
92
33
-31
-88
-130
-169
-212
-264
-308
-331
-333
-335
-352
-370
-369
-341
-307
-297
-299
-297
-273
-241
-223
-217
-208
-173
-128
-83
-52
-18
29
89
141
181
210
232
259
273
275
261
238
205
164
123
84
56
29
1
-30
-58
-77
-84
-83
-81
-89
-98
-104
-97
-79
-64
-61
-56
-44
-19
4
17
27
42
63
72
65
45
38
40
41
18
-23
-48
-44
-24
-23
-36
-48
-24
16
46
62
73
110
154
182
181
175
184
196
178
133
90
69
62
25
-37
-95
-117
-126
-152
-204
-246
-250
-236
-244
-278
-298
-276
-231
-207
-208
-203
-149
-77
-25
-12
-2
42
105
150
153
146
163
197
205
180
146
144
164
169
140
106
94
113
124
119
104
107
127
141
135
116
110
106
97
65
28
-5
-27
-54
-87
-128
-162
-186
-210
-235
-260
-274
-284
-290
-299
-302
-294
-273
-249
-226
-195
-156
-105
-58
-18
21
67
118
167
207
239
267
289
310
321
333
335
324
308
291
274
252
218
176
142
117
94
68
36
5
-20
-46
-74
-103
-132
-165
-193
-219
-236
-245
-250
-256
-260
-260
-258
-249
-230
-204
-178
-162
-159
-142
-106
-70
-48
-41
-27
9
57
93
104
119
147
194
230
248
259
285
313
330
329
320
309
294
267
226
184
141
97
40
-16
-65
-104
-144
-195
-248
-286
-305
-322
-349
-381
-394
-385
-369
-356
-351
-336
-299
-250
-204
-167
-122
-69
-18
28
76
129
174
208
239
264
292
319
340
350
353
353
349
343
337
328
310
288
268
252
225
190
149
113
85
49
5
-44
-81
-115
-158
-213
-268
-303
-323
-354
-397
-433
-442
-434
-436
-446
-449
-427
-394
-364
-346
-321
-274
-207
-150
-114
-69
-1
72
128
165
208
268
327
364
382
411
456
495
503
498
501
519
527
506
466
430
413
389
336
257
189
145
102
41
-40
-115
-163
-206
-264
-339
-404
-447
-474
-502
-546
-582
-596
-584
-574
-573
-570
-543
-496
-450
-409
-371
-315
-237
-155
-86
-21
53
134
218
280
328
371
431
485
515
528
549
583
594
588
571
551
536
516
480
428
373
334
295
248
179
104
37
-4
-44
-109
-186
-249
-278
-305
-358
-422
-471
-495
-497
-511
-540
-568
-571
-553
-534
-525
-520
-500
-451
-390
-348
-325
-281
-200
-109
-49
-17
29
112
192
254
290
327
386
443
478
493
515
551
585
592
579
559
559
552
524
472
424
388
350
294
211
133
66
13
-51
-137
-218
-276
-326
-380
-432
-476
-510
-538
-556
-569
-571
-557
-541
-533
-530
-483
-410
-349
-316
-275
-201
-111
-35
19
76
135
200
237
265
287
316
352
358
369
378
406
432
422
400
393
399
409
393
339
307
288
262
195
122
98
74
31
-25
-84
-135
-151
-166
-215
-273
-314
-335
-377
-438
-474
-496
-508
-503
-499
-495
-468
-412
-369
-325
-283
-222
-155
-83
-4
65
117
168
258
330
384
394
433
476
509
505
475
462
446
442
411
357
330
336
300
267
231
195
151
99
58
10
-28
-58
-85
-134
-153
-170
-192
-248
-290
-314
-357
-417
-446
-481
-556
-601
-617
-605
-589
-557
-514
-520
-476
-383
-312
-279
-232
-139
-48
27
93
178
253
369
474
520
520
572
588
604
611
636
637
592
564
529
472
411
380
353
294
244
219
174
127
89
27
-24
-91
-105
-105
-123
-177
-225
-274
-290
-349
-418
-469
-486
-499
-562
-612
-644
-619
-608
-597
-639
-603
-537
-454
-405
-348
-273
-157
-42
63
139
229
338
441
471
463
475
552
634
638
611
645
700
726
666
610
573
557
526
409
276
181
163
91
-3
-143
-204
-197
-184
-233
-306
-352
-338
-310
-364
-454
-514
-509
-491
-542
-592
-640
-550
-450
-437
-495
-442
-316
-227
-238
-239
-199
-106
-18
55
77
123
258
376
406
389
467
526
576
558
583
556
590
599
625
560
539
464
464
407
363
143
-41
-35
-34
-126
-356
-383
-312
-228
-289
-384
-409
-296
-253
-437
-557
-489
-344
-393
-490
-502
-462
-340
-332
-376
-415
-296
-187
-174
-297
-302
-117
-4
19
-6
84
248
420
411
381
382
530
687
642
476
523
623
689
514
391
392
513
490
323
194
180
254
110
-30
-154
-99
-151
-200
-320
-282
-297
-230
-323
-414
-422
-375
-412
-446
-449
-441
-378
-435
-423
-440
-367
-305
-205
-295
-268
-199
-111
-44
-22
10
103
148
199
282
291
328
379
392
393
381
351
377
399
388
377
344
356
375
343
259
213
167
115
49
37
-21
-59
-130
-131
-147
-170
-216
-262
-247
-252
-301
-334
-347
-399
-381
-368
-349
-321
-280
-215
-177
-172
-143
-81
-50
-17
-10
12
75
121
113
118
180
204
230
209
228
215
206
210
217
224
187
200
143
169
194
233
175
187
142
123
107
92
70
14
-13
-23
-77
-167
-204
-224
-256
-296
-309
-322
-290
-249
-158
-189
-182
-190
-122
-93
-108
-190
-128
-70
-51
0
-63
-3
86
202
170
128
71
205
258
154
60
15
140
186
154
58
72
141
236
178
50
62
137
158
57
-56
-64
8
69
3
-106
-101
-24
-30
-158
-238
-190
-178
-210
-251
-269
-210
-83
-45
-110
-143
-83
10
36
-18
-103
-39
70
128
5
-85
24
229
224
80
35
153
296
239
87
69
189
248
132
-53
-21
129
165
44
-73
-39
106
162
23
-67
6
152
84
-44
-131
-7
13
-12
-142
-206
-151
-54
-81
-202
-241
-190
-39
-104
-137
-161
-30
7
15
-54
-51
-18
18
1
-50
-9
34
42
16
24
10
11
86
93
67
8
-63
45
88
58
23
51
36
87
11
-8
0
2
-11
-27
-48
-39
11
-6
37
22
37
21
15
1
35
-38
-48
-42
-30
-21
30
7
-21
25
52
109
64
78
52
94
38
84
55
19
71
72
18
-64
-37
-42
-1
-81
-86
-75
-80
-81
-54
-107
-148
-108
-135
-160
-158
-133
-113
-77
-82
-21
-18
-9
17
64
59
15
16
65
110
93
52
56
124
169
110
70
114
141
173
134
82
73
91
59
55
22
-1
59
62
38
51
57
31
49
35
-22
-32
-51
-57
-75
-195
-192
-105
-129
-171
-140
-145
-135
-128
-186
-134
-105
-121
-74
-65
-105
-58
9
11
47
50
54
94
86
58
89
125
121
144
93
67
135
140
152
153
107
82
132
127
71
-16
-14
47
78
-23
-70
-56
38
99
1
-99
-121
-12
6
-85
-228
-192
-105
-72
-119
-193
-182
-88
-51
-132
-202
-175
-68
-38
-107
-161
-80
59
88
24
-27
77
182
175
23
-8
111
200
181
30
61
162
218
113
92
94
143
157
60
12
38
116
85
42
-52
42
123
60
-19
-42
-3
-1
-19
-62
-54
-61
-79
-122
-191
-169
-138
-179
-179
-148
-153
-127
-99
-122
-94
-102
-77
-26
-45
-84
-42
10
6
24
28
41
69
48
74
102
75
75
108
99
91
100
88
129
151
130
101
108
88
92
84
73
59
65
50
76
33
18
62
109
50
-21
-57
-68
-27
-75
-108
-145
-96
-98
-64
-92
-89
-69
-50
-62
-86
-128
-157
-98
-82
-62
-123
-90
-48
-1
-20
-52
-29
-2
30
-2
-4
-35
-4
49
18
6
29
55
64
100
63
49
82
61
76
60
20
40
66
60
84
89
58
104
135
81
88
55
17
31
23
24
1
12
16
61
37
-33
-66
-33
-52
-95
-127
-142
-105
-95
-161
-157
-104
-85
-75
-122
-116
-88
-31
-102
-114
-100
-51
14
-12
-20
-14
94
91
75
10
34
121
139
50
-16
91
117
165
96
39
69
142
146
65
47
10
102
102
43
16
44
94
78
56
-18
58
31
-35
-103
-93
-99
-98
-74
-134
-95
-122
-94
-133
-109
-132
-114
-95
-150
-107
-115
-102
-93
-47
-79
-3
51
40
55
46
71
97
74
58
91
125
98
118
101
111
152
149
105
127
145
101
96
57
59
74
75
38
5
-34
-49
-10
-28
-92
-103
-87
-73
-107
-157
-152
-102
-106
-153
-166
-153
-122
-144
-157
-165
-133
-89
-94
-83
-77
-37
1
14
4
41
66
80
96
100
154
203
212
187
204
226
228
196
160
168
210
209
157
109
106
123
123
78
5
-15
-31
-51
-126
-178
-162
-88
-102
-222
-238
-227
-164
-190
-236
-289
-222
-141
-156
-172
-221
-150
-76
-72
-140
-101
-76
-35
5
-57
-59
29
69
66
79
76
188
261
189
153
199
227
300
278
199
225
284
276
233
152
122
205
182
72
33
31
34
31
-70
-139
-106
-90
-132
-182
-235
-220
-152
-199
-288
-267
-225
-175
-194
-269
-272
-162
-147
-169
-184
-166
-81
-13
-55
-80
1
71
116
77
56
129
225
221
187
163
211
296
306
232
228
280
307
264
191
139
174
181
103
34
1
43
37
-34
-104
-112
-105
-110
-141
-202
-222
-233
-225
-256
-278
-286
-267
-238
-242
-223
-211
-179
-152
-134
-99
-79
-46
-43
-2
29
80
95
117
145
154
192
183
214
222
253
237
237
224
221
225
196
230
205
176
124
110
103
77
32
-18
-14
-26
-30
-100
-132
-124
-120
-138
-205
-231
-234
-204
-240
-265
-271
-252
-203
-230
-240
-235
-169
-147
-121
-136
-118
-26
-3
14
-6
56
122
159
138
154
204
230
254
211
197
243
290
257
213
181
206
242
200
143
117
109
89
68
18
-12
-17
-30
-45
-96
-126
-121
-99
-115
-168
-196
-208
-182
-185
-224
-246
-211
-186
-172
-178
-198
-170
-146
-133
-126
-118
-87
-40
-6
-5
14
65
111
158
175
169
194
234
238
223
207
220
255
254
229
212
228
230
233
200
131
88
83
55
5
-31
-59
-60
-75
-119
-148
-139
-160
-203
-237
-248
-216
-207
-251
-262
-227
-202
-201
-228
-216
-161
-135
-143
-146
-128
-75
-38
-40
-33
-2
38
77
94
102
141
174
195
201
194
209
246
256
239
224
214
234
243
206
170
171
166
138
94
42
32
23
-14
-54
-85
-99
-96
-107
-156
-181
-193
-191
-200
-224
-238
-221
-189
-187
-195
-202
-181
-160
-143
-135
-129
-108
-77
-43
-36
-15
10
54
76
94
106
113
126
134
154
164
185
180
197
200
210
212
210
197
181
175
147
129
92
76
59
43
14
-9
-24
-31
-52
-79
-99
-116
-123
-147
-165
-173
-171
-175
-157
-162
-164
-163
-153
-141
-141
-145
-133
-96
-85
-68
-56
-35
-5
17
29
35
55
74
86
83
84
100
105
112
116
120
123
127
122
118
118
112
110
90
75
74
78
62
46
41
41
37
12
-20
-24
-19
-29
-44
-67
-66
-57
-59
-71
-84
-92
-84
-90
-109
-125
-110
-76
-74
-90
-79
-47
-27
-13
-34
-34
-7
7
-5
-16
-15
0
19
18
14
16
29
42
43
34
31
34
33
14
11
20
31
34
24
21
33
43
49
51
37
42
47
38
24
12
4
15
10
-2
4
7
9
18
11
-7
-2
-4
-6
-18
-31
-19
-5
-2
0
-11
-14
4
5
-8
-17
-17
-11
-6
-12
-21
-24
-13
-12
-18
-38
-48
-43
-45
-63
-70
-59
-47
-38
-46
-51
-39
-12
0
1
-2
7
26
31
28
31
52
73
70
57
70
87
85
72
52
53
67
57
33
28
38
48
34
16
20
23
18
-6
-20
-14
-4
-19
-40
-55
-47
-39
-53
-74
-80
-66
-60
-69
-90
-90
-73
-50
-51
-70
-65
-34
-14
-19
-28
-22
3
22
25
22
37
68
77
66
57
67
85
90
75
63
67
78
71
51
41
46
55
47
25
8
5
4
1
-11
-30
-34
-28
-31
-47
-57
-57
-60
-67
-74
-78
-75
-61
-58
-63
-63
-44
-28
-28
-38
-37
-23
-8
-10
-16
-6
11
28
32
28
25
47
72
69
45
38
55
72
68
45
37
52
65
48
22
5
8
14
2
-22
-33
-27
-24
-31
-46
-51
-54
-52
-59
-68
-80
-76
-64
-61
-70
-72
-61
-46
-27
-26
-28
-12
17
30
24
23
38
56
62
58
59
77
86
84
81
79
83
91
88
80
81
90
90
72
49
39
41
43
30
10
7
8
-4
-32
-50
-56
-59
-76
-96
-104
-106
-108
-113
-118
-123
-121
-116
-120
-125
-117
-95
-77
-68
-59
-41
-21
-8
-2
12
29
46
56
60
76
94
105
110
116
120
124
129
126
113
113
116
115
106
92
78
74
77
60
32
17
15
6
-12
-37
-50
-50
-53
-67
-87
-94
-91
-91
-105
-124
-128
-118
-115
-124
-127
-122
-108
-97
-88
-82
-69
-53
-38
-31
-18
-1
14
22
29
33
42
57
70
74
75
80
85
91
96
97
94
94
94
93
90
83
74
67
63
56
47
36
24
7
-4
-19
-36
-51
-65
-74
-81
-90
-98
-101
-98
-97
-103
-104
-98
-91
-84
-80
-74
-63
-50
-37
-24
-9
5
22
40
52
59
63
69
75
81
85
84
85
89
89
86
86
88
86
80
77
75
66
50
40
34
22
8
-8
-15
-18
-27
-41
-53
-64
-72
-76
-80
-89
-95
-95
-96
-99
-95
-88
-85
-81
-80
-71
-53
-39
-33
-23
-10
2
14
30
39
46
52
59
67
78
83
81
78
82
88
86
78
73
71
63
56
53
47
38
31
23
12
5
-3
-17
-30
-38
-47
-49
-49
-53
-57
-56
-58
-69
-83
-93
-93
-86
-83
-82
-78
-73
-68
-56
-44
-42
-36
-21
-6
2
6
21
40
51
57
62
71
80
82
80
76
75
74
71
70
75
78
68
59
59
59
52
35
24
17
7
-2
-13
-27
-32
-38
-50
-56
-57
-61
-72
-81
-77
-74
-78
-84
-87
-87
-82
-66
-50
-46
-46
-38
-22
-16
-14
-8
6
23
31
34
46
63
75
79
82
90
93
88
84
80
77
71
64
63
67
66
55
43
35
36
35
23
10
-3
-16
-25
-35
-44
-50
-52
-52
-54
-56
-64
-73
-76
-79
-84
-90
-93
-91
-84
-79
-78
-75
-68
-60
-49
-40
-30
-20
-5
10
17
22
37
57
69
74
76
83
90
96
99
97
92
92
95
92
78
63
56
51
34
15
-2
-14
-22
-33
-42
-52
-61
-64
-66
-73
-78
-84
-87
-88
-90
-88
-83
-80
-72
-66
-63
-56
-52
-50
-41
-31
-20
-9
4
14
22
33
46
57
64
73
77
80
87
92
96
96
98
101
100
88
82
81
79
71
60
50
44
29
12
2
-6
-16
-31
-44
-51
-56
-61
-66
-72
-76
-80
-83
-83
-81
-82
-80
-78
-75
-71
-71
-71
-61
-52
-45
-34
-25
-14
-4
7
18
28
43
54
58
59
61
64
70
71
68
70
74
76
75
72
72
71
58
48
46
41
32
24
21
18
10
-3
-12
-20
-26
-34
-43
-53
-58
-58
-57
-67
-71
-68
-63
-58
-53
-50
-49
-48
-48
-48
-43
-31
-20
-15
-6
3
9
14
16
20
23
27
30
37
41
41
44
44
42
38
34
30
21
16
12
6
3
0
-4
-4
-2
-6
-8
-6
-5
-12
-24
-26
-23
-29
-36
-35
-29
-23
-20
-19
-19
-17
-12
-10
-10
-11
-10
-8
-10
-9
-3
2
4
6
15
23
29
35
35
33
34
39
39
36
31
25
21
16
8
9
16
14
8
4
5
9
2
-7
-13
-19
-24
-30
-36
-32
-28
-24
-26
-31
-29
-25
-29
-34
-36
-36
-34
-27
-24
-20
-15
-7
2
4
5
13
19
21
18
14
20
30
34
38
39
39
42
43
41
37
31
28
33
31
24
18
13
10
9
0
-6
-8
-11
-16
-23
-24
-24
-27
-26
-21
-18
-16
-13
-9
-9
-14
-17
-18
-19
-20
-14
-11
-11
-2
4
5
5
6
8
7
2
6
13
13
7
4
10
18
19
18
18
