SAMPLES:	11205
BITSPERSAMPLE:	16
CHANNELS:	1
SAMPLERATE:	16000
NORMALIZED:	FALSE
-16
-48
-6
40
51
13
3
10
22
-31
-19
-2
4
15
-20
-8
4
3
4
14
40
-1
-33
-11
2
-16
-38
2
22
3
-27
-22
6
31
4
-3
8
20
-6
-35
12
46
15
-5
-21
36
-13
-11
-22
-4
54
-14
-30
11
22
-27
-24
1
12
-31
-4
33
22
21
-17
-9
-3
-13
-3
-12
45
11
-22
-13
-23
-27
-18
13
21
5
0
-10
-3
7
-23
-29
43
25
7
-7
7
25
-21
2
-13
-2
20
12
48
-10
-8
20
-19
-30
-15
-16
62
61
-8
-18
-47
53
-1
-24
17
-22
21
27
-66
-52
23
56
-16
-13
25
5
3
-32
-41
15
7
3
-7
-27
61
1
-29
-47
-18
16
-11
-17
8
42
44
-22
-38
16
23
8
-45
3
36
28
1
-24
-31
-10
10
-21
-8
23
70
23
-20
-4
-24
-68
-4
-35
-4
10
15
33
9
2
-2
9
-20
8
-21
-25
10
12
7
8
-11
9
20
20
-11
-36
38
-21
-24
14
-16
19
-12
-9
49
-34
0
7
-9
0
-32
-48
27
1
-35
21
22
2
-33
-16
-15
33
-46
14
9
34
30
-27
12
41
-23
1
17
8
58
-10
-2
10
5
-10
33
-5
-14
5
-28
2
68
-32
33
44
-43
38
-74
17
34
-57
0
5
36
-14
-14
-21
19
3
-30
-57
49
4
-12
-18
-62
63
-46
-1
55
13
12
0
-23
-5
-43
-29
-27
47
42
15
-39
12
51
-34
-75
7
31
31
-9
-27
38
79
0
2
-7
0
-17
-51
-16
28
2
-53
91
-41
-17
72
15
-12
58
-83
-40
-68
14
56
-33
10
13
86
-66
47
16
-85
78
-74
-67
39
-61
34
80
54
37
11
13
-11
-63
-8
-104
-56
52
-51
48
24
-39
81
30
-36
21
-42
28
-31
-20
46
-98
61
62
-86
77
-11
62
39
-59
58
-127
99
-81
-232
94
21
49
119
-131
32
13
-4
-56
-34
76
-110
54
48
-1
11
95
78
-67
-58
-16
15
126
-56
5
-164
-100
134
-62
-6
-23
104
67
-10
4
-169
-63
44
-155
-18
123
76
107
76
-84
24
97
-29
12
-120
57
-161
28
98
44
76
-38
87
-1
-138
112
-95
-77
149
-86
125
-107
33
49
-194
137
-107
-35
42
-24
76
-178
161
-16
11
183
-214
118
-173
-55
169
-160
163
161
-142
-21
80
-153
80
98
-136
-104
88
-77
-47
197
61
66
90
-19
15
151
-27
-62
-87
-110
-127
13
-86
179
10
-7
18
-85
117
-91
-156
149
-18
-15
106
-143
179
84
-69
77
45
-113
97
-125
-51
-6
-118
75
-103
-143
93
-54
131
-112
178
-97
39
120
-252
356
-348
182
-144
-125
357
-306
132
48
13
-92
-41
-2
-14
207
-219
23
-2
136
165
-219
23
-77
-35
-11
-7
71
-21
-61
101
-70
130
197
-152
133
-144
1
-89
10
-119
99
190
-184
138
-66
5
125
-171
-35
137
-260
321
-113
-207
42
102
104
-154
125
-69
45
43
-213
89
-81
36
81
-258
247
86
40
-194
-10
10
197
-51
-348
219
-39
113
-161
-33
281
72
-99
6
27
-19
-127
77
-232
157
80
-111
210
-98
201
-27
-7
40
-273
-43
183
-91
-116
63
15
-81
330
-82
55
233
-293
33
-5
-21
-78
-131
-139
264
49
-12
85
-59
-28
223
-290
57
233
-112
277
-463
82
42
-147
226
-238
37
417
-266
122
92
-350
232
-253
107
-258
-100
283
30
-19
-189
270
-156
130
-30
-29
-41
-116
236
-345
389
-97
-252
175
-51
192
-135
39
128
18
48
-370
204
-110
62
-215
-174
450
-278
289
-44
112
-104
110
-163
-212
232
-304
359
-93
-197
272
-289
253
278
-432
106
112
-41
-177
-34
115
-130
84
-76
-39
304
93
-181
65
-68
78
121
-451
281
-215
73
141
-41
-9
59
99
-185
313
-32
-282
343
-285
-83
49
-359
381
12
-329
634
-499
372
65
-429
611
-511
162
-279
-188
348
-308
196
281
-193
256
-116
120
101
-66
60
-366
-100
34
-180
70
159
-46
12
114
48
118
-68
26
-185
68
-11
-152
343
-207
60
62
-124
300
-94
152
-143
-158
282
-250
126
-373
124
350
-166
229
-82
-46
116
-61
-304
226
-116
14
-20
-49
100
24
-178
88
-16
-71
179
-284
256
-272
298
-221
42
-105
245
-92
-124
322
-277
321
-97
-337
17
156
-212
300
-284
99
223
-265
499
-431
124
-3
-192
50
-262
233
-125
65
267
-358
362
78
-333
665
-650
308
-10
-779
751
-683
124
431
-239
357
116
-101
326
-268
-224
144
-376
80
-32
-141
365
-62
135
193
-95
-60
-310
380
-233
-143
136
-426
386
-54
-69
113
96
258
-194
-8
-183
150
-77
-173
291
-182
264
-156
177
98
-53
1
-297
199
-133
-174
32
-4
94
290
-214
144
149
25
41
-167
-106
29
-251
-19
204
-108
476
-218
186
100
-218
12
-217
-195
3
-27
-114
61
245
-68
371
75
-191
247
-297
-43
-29
-398
374
-461
98
245
-211
314
-74
-124
401
-115
141
-225
3
128
-91
128
-219
193
-437
374
-464
383
136
-142
174
-354
345
-243
181
-175
-139
78
-289
269
-50
1
403
-296
459
-420
393
-306
153
-230
-326
225
-399
449
-140
421
45
-11
227
-475
373
-527
-103
-52
-376
526
-374
474
71
73
360
-290
50
-172
-46
-195
-5
-112
25
317
-314
409
-150
102
262
-534
582
-618
413
-324
-15
186
-212
326
-260
109
135
-129
92
-268
270
-47
38
349
-742
776
-566
155
-34
-288
233
-233
283
-179
-15
226
-145
343
-490
362
-82
-163
214
-519
312
-373
295
-73
101
206
214
-39
122
-2
-349
144
-215
-73
-122
-38
-75
292
-89
454
-72
60
-83
-64
-143
-53
-230
116
-3
-156
282
-199
452
18
196
-133
29
-270
17
-33
-147
-179
33
228
305
-192
-210
775
-434
253
-528
169
25
81
-120
-216
281
-135
192
-109
28
88
-82
-115
-10
-301
434
-175
-7
164
-160
196
136
24
-148
-103
62
-105
-107
25
-63
105
-163
157
-8
209
-36
83
-83
65
60
-376
343
-592
372
7
91
164
-79
281
-30
-210
206
-170
-137
-28
-90
-78
188
-212
-45
385
-311
559
-469
293
-84
-75
-16
-142
105
-169
88
-188
-9
55
-24
188
-39
150
31
-25
155
-451
255
-469
321
-347
136
78
-285
699
-337
204
-72
3
-173
141
-306
59
-56
120
-123
107
164
-35
111
-191
331
-274
146
-422
280
-159
95
70
-120
109
31
62
-105
70
-8
57
40
-19
-4
-23
-102
40
-94
196
-203
-43
-44
189
-187
381
-406
228
54
-162
428
-454
525
-545
302
23
-65
143
-278
144
-35
46
-110
16
131
-81
114
-288
113
131
-64
84
-156
20
16
-21
39
243
-146
194
-298
-56
28
56
24
-96
-37
19
85
8
288
-419
136
8
-5
105
-124
74
-199
-33
99
-48
75
-62
-15
89
54
-38
-61
-111
265
-208
123
-316
318
-134
105
-115
-115
602
-536
462
-333
99
113
-380
122
131
-50
151
-15
-23
440
-310
132
-326
-89
36
-336
71
-266
230
115
128
253
-3
-52
244
-143
-309
-54
-346
147
-33
36
76
66
265
70
-22
-12
-210
214
-316
73
-20
-123
325
-280
221
-18
92
76
79
-174
219
-351
217
-71
-369
492
-468
317
-159
138
-130
312
-39
-234
-36
-155
199
-185
179
-63
175
-29
-136
28
143
-59
-29
-123
-57
32
154
194
-213
306
-226
244
-98
-84
48
-63
17
-102
60
2
48
-101
46
-12
60
-41
-71
-94
51
-173
187
-113
88
273
-279
230
-77
-124
287
-76
-146
-163
28
18
54
-56
-94
118
-57
109
-18
177
-240
89
-190
-57
225
-278
353
-139
73
-118
107
-131
-18
-105
-10
201
-119
213
-129
196
45
-21
-145
51
-96
4
22
-236
184
-292
410
-83
199
-38
-119
290
-437
454
-507
367
-264
-264
354
-166
332
14
223
-172
134
-224
-74
-11
-235
-1
-148
195
133
-57
255
96
89
47
-52
-275
104
-290
15
-106
-70
44
23
248
44
273
-228
252
-348
142
-4
-219
102
-88
-91
125
-55
-116
61
-13
151
90
-2
126
95
-48
32
-525
277
-31
62
-32
-278
272
-56
156
0
81
-41
-44
-75
-2
-60
-108
22
43
15
123
-174
156
-212
129
76
-194
154
-55
237
-118
-41
16
-76
59
94
-46
50
12
-286
225
26
-71
111
-350
155
-279
129
-62
66
-194
82
146
-12
268
-95
170
-53
-20
-203
-14
-146
239
-228
349
-71
48
42
-142
221
-239
15
-357
194
-117
186
57
-142
184
-104
135
-59
-37
136
-31
-175
-30
-29
287
-272
-23
-19
116
220
-87
-84
-164
265
-130
-6
-174
-129
212
-5
-22
154
-21
179
-13
67
-347
16
150
-118
41
-147
118
152
-27
125
-352
40
108
25
68
-171
278
-16
125
-162
88
-359
427
-105
-24
-33
-383
502
-48
56
89
-134
-83
-22
-116
80
-155
203
-110
281
-171
137
-48
69
61
-566
74
-168
371
-182
-35
-108
490
76
54
-241
-156
265
-114
41
-356
183
-121
296
-196
38
236
-22
68
-165
243
-144
100
-308
304
-173
172
-27
-102
35
256
-217
86
-163
-101
81
-376
297
-360
519
-475
590
-249
240
216
-517
269
-504
133
-336
153
-7
115
173
175
190
45
-90
-73
-175
-214
-217
146
30
-157
432
-414
692
-235
265
-237
-21
115
-445
87
-203
257
-246
148
-38
132
38
77
-234
250
33
353
-412
-117
-34
19
298
-157
-183
239
188
-169
40
-360
356
-35
-47
-307
-13
133
56
-61
-233
-18
-157
329
-56
352
-220
-8
188
31
-5
49
0
-95
192
-341
128
-223
269
-270
-81
-46
72
290
-190
236
-133
295
-430
124
-181
137
-214
-375
357
-76
468
-225
472
-9
251
-23
-277
81
-350
-39
-57
-71
-46
0
330
517
-151
-65
-144
193
-299
-202
-434
64
373
23
367
-219
382
303
-95
-163
-48
-325
-52
-674
16
-314
158
161
-166
343
-62
453
103
129
-70
46
125
278
-176
19
103
-16
-123
-76
-326
143
-343
-62
131
-281
522
-280
318
-286
332
3
126
154
-440
127
-490
196
-2
-60
78
84
-126
64
-225
-141
52
303
165
40
-372
154
195
240
461
-693
554
-130
152
350
-672
156
-445
-22
587
-218
-55
-449
332
82
-115
125
-736
455
-320
598
-253
-208
199
-124
361
-443
273
-256
-180
61
-387
451
-465
282
90
54
300
-513
493
-342
-49
-332
-21
77
65
96
151
40
346
-81
234
-202
77
151
-256
268
-568
-301
56
266
425
-201
35
-434
487
-21
-91
-215
-159
389
-399
341
-605
561
-120
168
-152
-266
421
194
9
-368
-179
-47
-226
-353
494
-246
495
-40
418
283
313
452
-382
-297
-232
-374
-72
38
173
-70
349
137
-27
239
269
181
-604
75
-406
-138
-86
308
-574
147
-34
509
104
-474
581
-325
594
-134
-422
64
-213
51
-144
124
101
71
145
-22
304
38
-587
138
-538
198
-478
-68
138
92
783
-744
663
-323
276
84
-80
-17
-227
-224
47
272
-432
111
304
312
10
411
-355
206
233
83
-265
-562
-269
385
84
-316
-274
-687
343
207
300
-486
-74
927
620
538
-498
-138
145
229
-234
-443
-411
-247
481
63
-49
295
433
822
-741
-1005
-812
-719
360
-1500
-1291
-458
619
858
74
338
638
1366
1025
-474
-224
-472
428
5
-654
-237
258
1165
859
409
-359
113
-77
-1
-930
-478
-370
-343
-150
-73
132
180
349
318
434
-61
-116
43
201
-332
-499
245
-53
436
144
-79
180
71
178
-223
-354
-231
7
-57
-132
37
266
-249
-31
6
404
191
-70
-185
-330
326
-130
198
-391
198
195
-332
74
-194
127
-177
-162
-196
-243
234
175
292
256
275
254
43
31
-17
-516
-144
11
25
-208
195
291
214
490
-169
-125
72
-136
-475
92
-10
-18
-121
42
305
52
-242
164
-300
170
-175
-17
-326
-505
-313
-474
487
162
106
18
209
-327
-10
160
214
119
465
72
378
267
-427
-102
-233
15
-382
-71
286
-202
-180
149
-156
283
83
324
358
-5
326
512
-132
-35
-518
-341
-547
-542
-344
47
410
771
646
-618
595
313
756
-569
-508
63
24
69
-709
-617
239
-15
-130
-385
-243
-219
-143
149
-581
-14
12
291
227
-122
97
-273
-84
119
121
-26
-170
350
302
143
-126
-457
79
-137
314
125
144
786
27
659
-465
130
-34
184
258
-701
190
434
865
102
-349
292
218
534
-174
-358
-572
63
331
-208
-520
22
38
46
-2
-630
-418
-215
496
-455
-306
-310
646
191
203
-438
-156
461
411
-296
-714
-18
17
-220
-736
-553
100
216
-123
-356
-234
841
1007
255
-429
-114
32
675
454
-217
-772
718
601
208
-344
57
361
634
219
-600
-708
251
716
-601
-483
-572
-153
-62
314
41
-409
345
798
442
202
300
201
171
-95
-32
-268
-119
351
-335
-490
-276
300
-113
-103
-479
-316
-156
226
158
-204
104
-12
278
-196
-415
-314
11
-182
-525
-876
-645
-190
-62
-6
181
294
395
732
705
656
226
376
426
492
410
28
162
167
343
-59
-394
-538
-264
-199
-345
-674
-495
-235
-169
-140
-397
160
242
596
349
41
300
61
173
-117
-47
41
-477
-253
-197
-44
-120
-578
-213
-652
-397
-402
-579
-341
-36
249
276
381
396
588
607
190
6
200
55
325
210
489
623
495
396
300
129
261
127
-37
-259
-331
-149
-519
-364
-237
-184
-83
-84
131
57
61
-78
-42
92
36
-80
-14
158
83
-57
-60
28
-161
-130
-403
-281
-279
-57
-215
-478
-425
-396
-400
-376
-502
-627
-310
-256
-356
-425
-215
41
71
56
-92
-36
232
383
454
174
173
394
731
999
1057
1061
982
1307
1266
1206
1084
1144
1234
1102
1059
928
889
580
503
268
291
100
-278
-498
-545
-562
-906
-1183
-1402
-1449
-1373
-1590
-1788
-1891
-1654
-1508
-1620
-1621
-1588
-1584
-1274
-1224
-1431
-1596
-1253
-978
-996
-880
-938
-643
-479
-391
-505
-518
-137
309
707
1025
1208
1255
1637
2414
2976
3092
3029
3237
3916
4517
4675
4711
4798
5045
4911
4269
3590
2742
1865
616
-537
-1334
-2138
-2769
-3612
-4084
-4595
-4762
-4778
-4894
-5001
-5156
-5097
-4750
-4204
-3547
-2984
-2519
-1866
-1298
-994
-764
-478
-195
-27
39
-201
-176
80
167
17
-154
-135
151
548
879
1086
1204
1620
2210
2783
3162
3690
4440
5131
5917
6627
7360
7990
8381
7232
4907
2774
2100
1607
-204
-2692
-4681
-5144
-4597
-4225
-4870
-5594
-5477
-5011
-5263
-5656
-5410
-4535
-2911
-1276
-631
-256
674
1863
2178
1497
410
50
386
261
-1168
-2951
-3518
-2948
-2509
-2819
-3972
-4653
-4248
-3037
-2315
-1903
-1188
411
2095
3288
3923
5076
6781
8084
8259
7809
8043
8893
9684
9500
8965
8034
6035
2602
138
-860
-1936
-4959
-8159
-9448
-8644
-7308
-6821
-7257
-6839
-4953
-3459
-3380
-3322
-2102
-186
1803
2889
3007
3000
3589
4123
3568
2202
672
-393
-1195
-2008
-3434
-4950
-5447
-5429
-6116
-7040
-7041
-5786
-4523
-3924
-3482
-2134
464
3231
4834
5726
6622
8035
8936
9457
9013
8279
7950
8343
7977
7124
6445
6216
5034
2261
-1770
-4361
-4761
-5152
-7669
-10397
-10514
-8146
-5665
-4349
-4019
-3179
-1271
284
549
520
1476
2815
3980
4317
3885
3105
3010
2656
1213
-808
-2628
-4077
-5506
-6352
-7039
-7211
-7339
-7312
-7131
-6056
-4466
-3228
-2561
-1427
361
2261
3750
4906
6136
7722
9001
9057
8388
8200
8113
7709
6722
5458
5084
5046
5097
3853
1260
-1928
-3652
-3563
-4061
-6566
-9281
-9226
-6648
-4249
-3144
-2981
-2058
-252
1314
1047
502
1073
2435
3471
3395
2560
1749
2083
2254
936
-1441
-3455
-4705
-5364
-6280
-7467
-8482
-7521
-6499
-6146
-5969
-4205
-1969
-509
102
375
1418
3434
5262
5878
6259
7274
8071
8012
7504
6942
6821
6621
6097
4720
3915
4138
4933
4350
842
-2999
-4188
-2870
-3477
-6738
-9627
-8870
-5564
-2692
-2167
-2706
-1885
381
1716
998
61
577
2162
3465
3280
1976
1201
1573
1785
364
-2142
-4526
-5945
-5990
-5913
-6884
-8327
-8015
-6133
-4624
-4019
-3453
-1914
-86
1385
1730
1886
3104
5099
6396
6668
6917
7191
7617
7741
7209
6220
5496
5039
4537
4334
3957
4182
3578
1041
-3066
-4423
-3277
-3311
-7022
-10159
-9365
-5547
-2568
-1853
-2416
-1401
1144
2517
1516
463
1046
2570
3712
3165
1700
687
1210
1230
-220
-2763
-4565
-5926
-6846
-7214
-7454
-7889
-7756
-6308
-4445
-3189
-2506
-1354
803
2833
3373
2763
2818
4533
6570
7274
6772
6447
6832
7256
6740
5519
4628
4467
4006
3036
2577
3262
4112
2142
-2111
-4837
-3678
-2467
-4907
-9175
-10296
-7282
-3088
-1234
-1525
-1466
724
2904
2760
1259
818
2029
3486
3559
1982
528
516
971
-119
-2637
-5092
-6198
-6578
-7266
-8173
-8232
-6956
-5539
-4445
-3471
-1919
-231
1573
3169
3950
3828
3783
4486
5657
6537
6649
6165
5901
5909
5489
4686
3840
3376
3001
2571
2290
2578
3690
3872
1221
-2908
-4246
-2519
-2512
-6314
-9835
-9120
-4938
-1485
-504
-1130
-452
1541
2815
1945
514
408
1641
2862
2491
825
-418
-114
75
-1314
-4179
-6389
-7161
-6542
-6358
-7115
-7362
-5989
-3551
-1593
-451
-14
872
2711
4499
4762
3719
3168
4024
5282
5717
5009
4079
4090
4483
4107
2821
2101
2207
3069
3449
3229
3268
4660
4907
1675
-2354
-3182
-1580
-2679
-6650
-9436
-7911
-3966
-917
-611
-1397
-684
1257
1727
601
-502
-24
1433
2525
1831
493
-38
319
-161
-2025
-4581
-6315
-6643
-6207
-5971
-6111
-5470
-3775
-1734
-561
48
954
2296
2971
2477
1839
2109
2873
3314
3093
2935
3260
3798
3632
2943
2523
2858
3229
3057
2790
3244
4675
6123
7258
6840
3746
-732
-2437
-1078
-1682
-6502
-11359
-11065
-6649
-2754
-2033
-2905
-2197
225
1768
683
-551
141
2410
4033
3673
2176
1269
1731
1640
-96
-2973
-4980
-5764
-6056
-6336
-6695
-6154
-4351
-2206
-1189
-1251
-906
571
2434
2902
1790
512
552
1895
3011
3337
3174
3415
3805
3716
3053
2654
3417
4123
4325
3813
4035
5320
7560
8705
5884
542
-3180
-2476
-2219
-5501
-11092
-12991
-9968
-4956
-2320
-2560
-2667
-506
2025
2583
1406
1185
2491
4732
5336
4095
2470
1954
2063
823
-1815
-4838
-6431
-6882
-6722
-7116
-7313
-6704
-5250
-3618
-2375
-1168
226
1951
3096
3319
2958
2791
3156
3350
3222
2762
2589
2924
3403
3417
3234
3644
4674
5401
4984
4222
4595
6268
7037
4082
-1062
-3782
-2374
-1907
-5944
-11296
-12062
-8125
-4011
-2808
-3382
-2641
120
2720
2966
2053
2187
3906
5593
5627
3886
2252
1780
1668
-130
-3282
-6155
-7266
-7307
-7290
-7741
-7689
-6215
-4021
-2681
-2121
-1048
1024
2961
3448
2579
1771
2090
3121
3523
2985
2365
2332
2579
2759
3033
3195
3695
4056
4396
4678
5129
5787
6323
6997
5757
2296
-2159
-3488
-2914
-4473
-9227
-12755
-11414
-6984
-3146
-2175
-2164
-641
2151
4006
3759
3182
3550
5041
5860
4970
3053
1408
810
-405
-2760
-5894
-8017
-8789
-8421
-7940
-7754
-7248
-5610
-3058
-809
461
1433
2864
4219
4183
2860
1584
1899
2810
3074
2055
1320
1616
2917
3723
3613
3481
3858
4270
4018
3893
4485
5733
6853
7485
5802
1733
-2116
-2637
-2540
-5636
-11450
-14246
-11614
-6494
-3317
-2502
-1719
897
3820
4702
3849
3314
4096
5311
5267
3621
1610
486
-129
-1550
-4250
-7004
-8584
-8782
-8432
-8142
-7576
-6186
-4216
-2472
-721
1091
2900
4122
4323
3909
3664
3745
3421
2855
2530
2458
2121
1671
1631
2058
2898
3501
3528
3370
3876
4617
5233
5763
6691
7739
6329
1663
-3225
-4207
-3676
-6316
-11809
-14329
-11340
-6341
-2965
-1988
-1179
1144
3946
4872
3875
3229
3749
4884
4873
3404
1318
-139
-813
-2314
-4589
-7054
-8324
-8645
-8104
-7504
-6611
-5117
-3210
-1293
560
2511
3846
4368
4482
4761
4746
3922
2759
2080
2104
1951
1062
82
121
1192
2322
2661
2654
2925
3720
4680
5414
6048
6806
7654
6300
1998
-2742
-4269
-4179
-6371
-10753
-13171
-11230
-7094
-3496
-1717
-621
1185
3430
4639
4099
3482
3630
4522
4594
3380
1465
-147
-1125
-2436
-4367
-6648
-7904
-8072
-7368
-6589
-5918
-4937
-3099
-447
1635
2684
3155
4008
4936
5066
4395
3130
2253
1701
1521
942
188
-276
126
1183
2039
2174
2001
2658
4092
5027
5030
4936
5780
7180
7105
3785
-1604
-4632
-4188
-4210
-8259
-12830
-12897
-8605
-3993
-1746
-1137
-109
2296
4364
4356
3213
2946
3840
4377
3682
2062
391
-637
-1491
-2954
-4982
-6419
-6909
-6771
-6345
-5828
-5099
-3512
-1055
1252
2545
3232
4123
5323
5869
4845
2582
725
224
322
-226
-1231
-1510
-499
1150
2216
2425
2712
3558
4615
4947
4620
4305
4964
6105
6952
6097
2660
-2089
-4680
-4656
-5740
-10028
-13849
-13106
-8659
-4373
-2170
-1232
581
3337
5258
5015
4079
3976
4642
4797
3604
1799
263
-524
-1398
-2821
-4527
-5882
-6531
-6694
-6191
-5468
-4450
-3326
-1511
784
2801
3762
4167
4713
5001
4375
2688
818
-300
-347
71
10
-276
-173
823
1907
2699
3016
3261
3580
3808
3835
3930
4600
5656
6513
5930
2427
-2601
-5627
-5291
-5865
-9608
-13605
-13282
-9035
-4166
-1234
-121
1282
3703
5735
5756
4826
4446
4776
4817
3808
2149
663
-63
-837
-2341
-4274
-5869
-6716
-7019
-6526
-5732
-4512
-3055
-1260
531
2375
3919
4824
5088
4683
3743
2120
530
-375
-313
-114
-240
-531
-432
421
1485
2136
2320
2350
2550
2775
2689
2778
3524
4912
5641
5776
4332
909
-3490
-5487
-5202
-6596
-10763
-13673
-11749
-6652
-1928
371
1018
2456
4920
6593
6085
4683
4063
4352
4753
3931
2170
267
-514
-1169
-2629
-4926
-6773
-7390
-6919
-6084
-5513
-4772
-3236
-815
1709
3415
4156
4318
4643
4919
4375
2687
890
83
364
721
184
-994
-1813
-1390
-384
550
822
1021
1579
2658
3611
4017
4393
5008
5585
5233
2922
-1096
-4206
-4449
-4537
-7371
-11021
-11202
-7801
-3745
-1129
-120
857
2884
5147
5635
4825
4298
4654
4862
4233
2815
1336
382
-357
-1815
-3845
-5318
-5871
-6018
-5996
-5513
-4594
-3223
-1512
394
2050
3226
3823
4062
3766
3136
2275
1315
195
-470
-497
-79
-246
-1022
-1606
-1273
-132
840
1123
1143
1902
2920
3837
4182
4309
4414
5097
5370
3079
-1824
-5294
-4782
-4201
-7199
-10950
-10872
-6945
-2677
-152
512
1432
3700
5918
5963
4512
3726
3818
4034
3546
2578
1392
754
204
-1127
-3120
-4728
-5322
-5448
-5191
-4921
-4334
-3167
-1338
562
1868
2571
2839
2882
2397
1550
656
14
-352
-543
-508
-524
-664
-993
-1088
-771
71
877
1146
1361
2110
3312
3775
3629
3593
4503
5161
4889
2497
-1299
-4037
-3731
-3359
-6165
-9981
-10148
-6338
-2269
-55
870
1821
3591
5271
5149
3537
2584
2936
3462
3493
2865
2188
1542
884
-416
-2155
-3551
-4152
-4466
-4906
-4770
-4084
-3248
-2407
-1159
316
1210
1271
805
766
996
940
150
-588
-337
277
119
-746
-1185
-803
-7
564
752
1048
1769
2568
3018
2949
2710
2697
3048
3581
4273
4469
2573
-775
-2934
-2520
-2765
-5496
-8520
-7909
-4596
-1476
0
371
986
2487
3976
3726
2391
1779
2565
3744
4190
3617
2516
1623
1042
229
-1334
-2976
-3954
-4524
-4828
-5021
-4896
-4697
-3974
-2841
-1705
-1102
-785
-147
807
1546
1740
1670
1543
1505
1408
950
309
-189
-464
-592
-324
373
1089
1417
1527
1783
1951
1979
2299
3198
4125
4815
5218
3831
699
-1701
-1197
-1004
-3634
-7246
-7657
-5379
-2760
-1271
-782
-604
468
1996
2350
1868
2045
3304
4606
5041
4465
3466
2549
1935
1000
-703
-2838
-4350
-5197
-5486
-5769
-6101
-6341
-5935
-4770
-2966
-1464
-608
121
1384
2816
3557
3113
2223
1928
2132
1701
291
-992
-1218
-453
342
670
545
682
1257
1948
2102
1744
1805
2845
4495
5596
5761
4191
1730
-60
-8
-838
-4061
-7768
-8184
-5922
-3576
-2571
-2223
-1545
115
1988
2590
2110
2156
3458
4977
5453
4771
3748
3076
2626
1607
-334
-2517
-3911
-4677
-5377
-6265
-6968
-7068
-6313
-4943
-3444
-2050
-738
633
1790
2465
2712
2646
2320
1870
1514
1028
463
-218
-621
-441
277
938
1284
1232
1316
1766
2211
2136
2056
2477
3649
4776
5499
4651
2062
-708
-1146
-1134
-3360
-6964
-8234
-6465
-4093
-2478
-1617
-866
304
2075
3051
2578
2088
2724
4038
4760
4613
4013
3277
2592
1638
92
-1965
-3518
-4469
-5290
-6172
-6829
-6770
-6083
-4822
-3483
-2185
-1148
48
1232
1956
2137
2079
1977
1806
1708
1447
791
79
48
767
1421
1676
1763
1904
1994
1806
1467
929
737
1073
2046
2800
3405
4013
3755
1628
-800
-1385
-1416
-3145
-5762
-6367
-4652
-2493
-991
-204
225
825
1772
2006
1377
1149
1930
3085
3513
3222
2568
1990
1404
570
-709
-2191
-3227
-3900
-4396
-4861
-4991
-4742
-4325
-3930
-3304
-2203
-1239
-620
-101
489
916
1138
1385
1572
1782
1940
2075
2086
2118
2188
2238
2240
2099
1684
1051
582
387
264
297
598
1257
2066
2894
3536
2755
637
-1094
-831
-711
-2284
-4422
-4304
-2332
-633
-16
-50
-19
361
999
898
111
-218
538
1626
2032
1861
1577
1257
918
326
-438
-1350
-1922
-2341
-2836
-3388
-3767
-3918
-4020
-3696
-2825
-1718
-1293
-1412
-1262
-459
373
620
716
1061
1710
2200
2306
2083
1940
2145
2424
2450
2061
1502
1023
732
455
124
213
803
1574
2144
2721
3422
2855
894
-754
-276
27
-1590
-3835
-3642
-1742
-291
1
-120
-257
-234
5
-183
-896
-1297
-528
865
1678
1554
1306
1242
1204
908
363
-402
-966
-1352
-1807
-2533
-3312
-3668
-3512
-3125
-2817
-2615
-2428
-2148
-1751
-1348
-781
-25
713
1152
1507
1936
2400
2597
2492
2383
2472
2568
2320
1705
1041
706
667
595
416
387
770
1378
1924
2336
2152
1089
-24
-87
139
-610
-1881
-1939
-744
261
291
-63
-454
-743
-950
-1141
-1490
-1629
-1208
-277
363
359
224
444
838
948
717
320
-14
-467
-1002
-1393
-1578
-1716
-1911
-2151
-2254
-2191
-1980
-1688
-1377
-1203
-1110
-903
-479
78
557
915
1178
1468
1758
1990
2127
2181
2045
1613
966
374
19
-10
169
414
587
866
1407
2083
2677
2666
1924
982
716
693
147
-738
-1002
-498
-82
-198
-581
-960
-1419
-1858
-2148
-2259
-2319
-2221
-1661
-740
75
590
858
898
855
901
1020
948
627
309
133
-115
-559
-962
-1201
-1218
-1050
-891
-1066
-1447
-1662
-1543
-1348
-1245
-1052
-589
3
458
788
960
930
700
501
441
339
72
-119
41
305
345
304
522
1075
1616
1954
2173
2561
2720
2237
1459
1181
1376
1241
513
-263
-443
-303
-300
-694
-1205
-1618
-1834
-1957
-1998
-1992
-1838
-1385
-723
-169
233
634
1034
1242
1136
940
800
713
585
484
346
134
-149
-441
-664
-813
-940
-1172
-1461
-1675
-1729
-1693
-1621
-1392
-969
-567
-395
-450
-559
-528
-382
-238
-113
-29
56
168
294
364
353
444
749
1215
1616
1795
1869
2111
2614
2914
2609
1923
1439
1183
789
164
-398
-683
-752
-630
-380
-254
-553
-1152
-1546
-1447
-1153
-906
-633
-173
389
846
969
777
524
434
546
711
720
484
203
60
-19
-336
-977
-1654
-1976
-1884
-1615
-1534
-1650
-1675
-1403
-1061
-920
-1009
-1105
-993
-751
-554
-421
-291
-110
162
427
546
533
532
612
705
655
455
431
870
1570
2077
2196
2130
2081
1905
1351
531
-74
-280
-259
-237
-188
-43
133
227
233
244
259
255
217
209
219
195
133
157
335
570
717
655
374
-12
-371
-591
-736
-945
-1266
-1578
-1747
-1728
-1604
-1496
-1396
-1231
-961
-694
-591
-648
-637
-451
-232
-109
-73
6
81
71
-21
-62
-30
24
46
29
8
-18
26
217
441
525
465
517
755
1029
1102
1005
851
819
827
744
569
437
410
454
581
784
1054
1222
1310
1354
1410
1290
962
550
309
233
133
-102
-387
-602
-733
-838
-1025
-1296
-1624
-1859
-1930
-1827
-1636
-1419
-1181
-900
-609
-381
-222
-43
238
509
611
527
415
378
303
82
-205
-439
-625
-762
-856
-911
-955
-952
-867
-717
-543
-374
-216
-28
236
441
481
377
285
306
457
607
638
569
550
697
985
1202
1176
1078
1166
1376
1413
1247
1131
1273
1513
1606
1482
1215
803
311
-170
-549
-879
-1228
-1530
-1668
-1682
-1669
-1629
-1533
-1333
-1006
-584
-182
122
345
548
721
823
809
684
482
262
23
-214
-395
-509
-624
-844
-1213
-1585
-1704
-1496
-1154
-871
-604
-246
154
420
421
269
174
163
38
-258
-604
-810
-812
-719
-638
-535
-293
118
559
858
1041
1243
1571
1931
2171
2244
2242
2161
1926
1534
1144
902
740
418
-86
-580
-932
-1239
-1554
-1740
-1631
-1266
-813
-430
-180
11
228
475
621
612
513
467
472
426
272
143
95
30
-204
-578
-905
-1038
-953
-740
-542
-412
-290
-135
-39
-130
-354
-534
-615
-702
-876
-1067
-1222
-1359
-1476
-1508
-1382
-1137
-847
-535
-212
59
317
601
950
1357
1779
2082
2168
2028
1762
1490
1329
1224
973
504
4
-279
-379
-496
-653
-647
-398
-47
194
316
365
427
527
626
654
626
575
546
520
443
321
184
62
-75
-235
-406
-492
-444
-292
-133
-12
69
113
100
15
-134
-325
-506
-672
-841
-1057
-1294
-1488
-1621
-1704
-1710
-1608
-1392
-1113
-838
-606
-381
-81
274
597
790
862
862
845
813
714
533
356
246
192
96
-89
-267
-341
-320
-287
-258
-208
-43
232
525
737
857
900
954
1047
1129
1097
964
834
822
863
812
662
509
419
328
169
-31
-160
-175
-79
24
40
-40
-129
-152
-136
-161
-290
-433
-525
-560
-638
-762
-881
-899
-818
-658
-478
-339
-275
-261
-233
-139
-49
-32
-71
-105
-135
-181
-265
-350
-394
-425
-517
-719
-991
-1266
-1429
-1420
-1272
-1087
-884
-579
-146
325
656
811
896
1059
1224
1308
1250
1136
1058
1102
1184
1218
1126
933
785
730
718
640
513
406
396
386
325
186
62
-6
13
48
79
74
41
-23
-106
-197
-253
-220
-112
27
118
133
94
71
95
155
183
158
61
-73
-258
-470
-671
-818
-929
-1054
-1228
-1449
-1660
-1803
-1836
-1727
-1543
-1330
-1105
-862
-581
-310
-100
45
139
211
285
348
387
404
446
546
679
753
735
665
626
629
620
549
432
345
352
471
591
651
643
679
776
892
908
850
776
747
716
659
569
489
468
503
555
545
450
328
284
302
304
223
105
34
20
-3
-101
-277
-491
-684
-837
-957
-1072
-1192
-1268
-1276
-1226
-1186
-1173
-1155
-1062
-897
-742
-665
-653
-613
-512
-384
-331
-340
-339
-288
-250
-267
-336
-375
-320
-232
-204
-270
-342
-332
-207
-56
40
90
199
377
581
725
816
869
940
1013
1079
1117
1102
1056
1047
1127
1233
1266
1197
1124
1100
1100
1030
879
721
613
538
460
389
320
241
106
-69
-229
-324
-373
-408
-444
-470
-478
-488
-515
-532
-519
-477
-466
-513
-597
-668
-722
-789
-886
-991
-1035
-1042
-1045
-1080
-1099
-1082
-999
-944
-937
-959
-942
-871
-794
-734
-708
-640
-520
-360
-229
-159
-141
-108
10
176
305
335
381
511
760
977
1096
1133
1206
1332
1446
1473
1420
1346
1306
1347
1391
1364
1245
1100
999
934
792
573
361
266
239
191
88
23
56
154
217
164
46
-41
-57
-40
-58
-167
-304
-396
-448
-494
-552
-621
-675
-745
-847
-977
-1075
-1137
-1174
-1216
-1246
-1275
-1275
-1255
-1201
-1118
-1023
-958
-932
-936
-940
-915
-874
-791
-687
-517
-364
-213
-121
-3
125
283
392
492
583
696
796
882
973
1058
1129
1144
1153
1131
1114
1052
1016
1001
1038
1044
1048
1051
1084
1109
1120
1095
1036
935
801
678
580
477
360
277
280
325
295
131
-72
-199
-222
-236
-300
-405
-488
-544
-602
-717
-830
-914
-932
-940
-992
-1110
-1243
-1343
-1397
-1425
-1429
-1379
-1277
-1146
-1045
-979
-919
-835
-732
-636
-573
-559
-569
-550
-509
-427
-347
-264
-201
-124
-65
-8
77
183
311
441
571
716
857
971
1082
1191
1302
1375
1387
1338
1311
1315
1327
1309
1267
1213
1218
1256
1248
1158
1031
922
854
781
673
554
447
354
264
184
106
34
-66
-182
-313
-416
-533
-636
-711
-740
-752
-756
-769
-814
-870
-917
-951
-972
-989
-1021
-1074
-1156
-1257
-1347
-1380
-1334
-1256
-1193
-1134
-1072
-1024
-980
-951
-906
-801
-675
-567
-524
-479
-410
-239
-51
132
237
352
465
604
708
771
826
905
1026
1135
1232
1258
1288
1304
1333
1315
1281
1245
1255
1266
1244
1191
1166
1179
1202
1164
1063
943
819
684
523
364
245
151
67
-16
-108
-226
-321
-388
-428
-455
-517
-600
-687
-721
-748
-776
-841
-913
-981
-1011
-1017
-1058
-1164
-1260
-1279
-1269
-1288
-1359
-1394
-1345
-1197
-1039
-911
-815
-696
-567
-445
-352
-313
-300
-273
-213
-187
-190
-169
-90
-5
98
217
347
449
561
673
805
926
1037
1134
1273
1420
1489
1522
1532
1507
1377
1231
1137
1110
1051
966
920
944
972
917
815
738
712
634
500
349
219
96
-20
-138
-247
-348
-466
-579
-671
-744
-815
-858
-896
-923
-921
-899
-877
-831
-788
-760
-738
-692
-680
-703
-771
-827
-905
-977
-1056
-1094
-1096
-1060
-1036
-1005
-937
-861
-774
-677
-542
-420
-322
-279
-206
-117
-30
45
151
234
314
359
409
466
569
667
749
866
1027
1171
1280
1379
1476
1587
1635
1573
1432
1344
1333
1284
1148
970
887
860
815
674
526
413
304
149
8
-73
-122
-178
-200
-167
-133
-166
-228
-260
-265
-308
-400
-491
-577
-650
-707
-694
-707
-790
-941
-1036
-1060
-1053
-1088
-1139
-1125
-1082
-1078
-1141
-1187
-1185
-1121
-1046
-986
-900
-817
-748
-679
-577
-486
-398
-302
-195
-64
71
166
230
314
397
482
547
605
672
766
862
913
938
973
1055
1119
1161
1193
1292
1341
1263
1114
1095
1151
1129
994
929
1021
1120
1051
832
669
594
480
271
97
7
-66
-143
-179
-158
-156
-224
-326
-383
-421
-503
-576
-580
-574
-606
-661
-723
-791
-878
-957
-996
-1045
-1144
-1223
-1223
-1198
-1189
-1171
-1111
-1031
-988
-979
-946
-868
-773
-699
-615
-507
-394
-320
-283
-243
-215
-203
-184
-119
-15
86
178
274
372
459
571
712
867
1015
1159
1277
1361
1443
1550
1665
1709
1622
1461
1380
1413
1362
1177
1042
1049
1079
1013
865
706
556
367
164
11
-103
-252
-389
-408
-308
-231
-282
-410
-513
-574
-648
-695
-664
-603
-585
-603
-641
-706
-788
-873
-935
-994
-1090
-1161
-1150
-1142
-1216
-1271
-1241
-1175
-1165
-1196
-1197
-1098
-993
-959
-949
-857
-697
-529
-384
-291
-226
-164
-101
-38
97
240
389
555
731
846
958
1063
1222
1378
1524
1596
1685
1773
1828
1875
1921
1841
1573
1361
1311
1316
1122
848
731
848
892
732
451
267
138
-32
-257
-414
-458
-480
-487
-458
-390
-372
-403
-438
-438
-456
-491
-492
-483
-491
-526
-592
-678
-794
-926
-1041
-1109
-1205
-1373
-1534
-1562
-1485
-1447
-1489
-1503
-1404
-1275
-1198
-1162
-1076
-919
-719
-536
-351
-164
-12
120
197
229
241
314
383
447
526
660
761
832
918
1035
1146
1259
1390
1548
1683
1744
1787
1850
1925
1797
1499
1192
1172
1195
1015
621
527
720
826
632
391
275
175
-37
-304
-434
-444
-485
-549
-488
-336
-252
-304
-423
-541
-622
-679
-699
-690
-686
-752
-825
-863
-904
-968
-1023
-1068
-1108
-1178
-1310
-1370
-1292
-1233
-1296
-1334
-1252
-1109
-998
-948
-951
-908
-778
-637
-472
-319
-197
-100
22
126
213
279
349
455
655
800
816
819
956
1143
1322
1457
1606
1793
1952
2052
2140
2265
2250
1967
1527
1270
1249
1058
641
408
571
715
566
226
-44
-210
-432
-747
-949
-956
-951
-920
-749
-458
-241
-148
-130
-86
-57
-105
-142
-107
-131
-262
-384
-480
-641
-853
-1020
-1128
-1294
-1543
-1741
-1748
-1716
-1764
-1784
-1679
-1493
-1287
-1074
-919
-858
-835
-701
-477
-288
-219
-159
12
201
279
241
246
372
560
692
782
844
918
1047
1180
1322
1475
1665
1899
2120
2192
2159
2259
2326
1983
1291
952
1070
963
338
-130
90
480
389
-42
-203
-134
-264
-662
-890
-822
-732
-732
-579
-228
21
48
26
103
149
51
-12
15
-14
-172
-339
-492
-696
-963
-1174
-1298
-1453
-1739
-1956
-1963
-1907
-1953
-2001
-1874
-1566
-1249
-1091
-1026
-959
-824
-652
-460
-305
-175
-29
146
260
313
307
386
555
668
678
778
933
1007
957
1034
1365
1749
1923
1984
2225
2578
2875
2831
2327
1536
1271
1397
1126
168
-388
-124
402
347
-101
-362
-318
-465
-857
-1068
-1026
-985
-921
-661
-250
98
236
304
442
532
476
437
420
300
94
-65
-280
-587
-979
-1290
-1480
-1598
-1879
-2217
-2388
-2332
-2247
-2266
-2256
-2002
-1515
-1174
-1143
-1152
-944
-620
-385
-306
-237
-70
130
259
314
366
514
710
815
875
988
1136
1239
1324
1441
1659
2065
2396
2556
2702
3051
3339
3140
2280
1364
1154
1123
435
-585
-886
-574
-304
-420
-680
-813
-882
-1065
-1191
-1106
-1054
-973
-602
-56
307
547
775
976
1082
1023
953
927
806
519
298
39
-422
-953
-1314
-1591
-1946
-2348
-2664
-2847
-3047
-3191
-3116
-2924
-2692
-2312
-1765
-1387
-1210
-1022
-607
-110
198
284
401
647
788
791
832
967
1094
1067
990
1071
1251
1276
1176
1204
1428
1787
2096
2304
2487
2761
3071
3100
2392
1371
994
1172
631
-586
-1180
-736
-308
-460
-844
-998
-948
-1026
-1151
-1140
-957
-755
-342
142
581
884
1150
1376
1531
1501
1319
1204
1049
725
325
-26
-525
-1129
-1648
-2000
-2333
-2735
-3125
-3326
-3406
-3489
-3442
-3185
-2848
-2391
-1725
-1143
-847
-618
-208
360
809
956
934
992
1035
956
822
789
845
873
808
732
775
816
847
885
1088
1321
1705
2046
2450
2689
2998
3199
2803
1623
874
1106
912
-307
-1269
-930
-372
-296
-617
-759
-847
-887
-985
-949
-936
-839
-438
210
648
899
1140
1351
1449
1391
1185
978
832
595
267
-115
-634
-1226
-1639
-1952
-2338
-2841
-3213
-3372
-3377
-3506
-3521
-3150
-2550
-2075
-1694
-1213
-730
-329
-69
250
628
958
1096
1123
1137
1144
1201
1272
1312
1274
1136
1014
921
834
636
600
836
1270
1613
1968
2401
2882
3388
3326
2231
877
748
1047
258
-1202
-1465
-692
-146
-247
-524
-749
-920
-968
-989
-1139
-1320
-1040
-351
255
612
977
1322
1493
1519
1384
1144
888
665
411
142
-313
-885
-1374
-1746
-2152
-2595
-2983
-3290
-3458
-3544
-3482
-3237
-2864
-2430
-1819
-1125
-643
-396
-164
278
832
1222
1277
1208
1194
1239
1221
1095
943
982
1070
959
732
615
567
549
643
855
1120
1441
1913
2596
3039
3255
3270
2631
1209
577
890
376
-1265
-1957
-1184
-461
-499
-888
-1064
-1038
-956
-922
-898
-1020
-911
-208
556
908
1222
1589
1802
1858
1705
1329
946
668
385
151
-353
-1074
-1629
-1872
-2174
-2616
-3069
-3402
-3435
-3277
-3177
-3126
-2894
-2299
-1491
-815
-535
-306
84
588
1025
1217
1182
1089
1060
995
845
680
589
646
709
639
463
343
450
617
706
658
967
1472
2078
2466
2805
3164
3458
2674
1192
628
890
226
-1308
-1773
-1156
-648
-696
-809
-995
-1110
-1033
-738
-754
-890
-623
196
776
1072
1424
1797
1890
1846
1707
1337
913
583
329
-1
-517
-1152
-1688
-2042
-2347
-2699
-3109
-3517
-3548
-3210
-2890
-2852
-2728
-2161
-1273
-544
-295
-211
80
683
1178
1247
953
719
741
773
581
252
155
403
586
483
223
220
338
583
667
810
978
1461
2032
2800
3250
3594
3793
3359
1937
949
1013
547
-993
-2004
-1465
-787
-674
-1018
-1177
-1281
-1090
-876
-807
-946
-642
172
881
1193
1478
1837
2010
2020
1793
1391
886
490
93
-308
-864
-1431
-1931
-2273
-2570
-2860
-3185
-3415
-3440
-3356
-3096
-2655
-2247
-1955
-1458
-809
-197
186
373
452
756
1104
1155
874
495
253
227
222
19
-79
7
77
78
167
247
389
631
966
1373
1863
2225
2662
3287
3838
4139
4197
3332
1700
887
1055
433
-1345
-2211
-1641
-978
-1080
-1355
-1574
-1618
-1361
-969
-855
-826
-312
604
1308
1578
1837
2074
2140
2095
1921
1345
694
278
-158
-754
-1311
-1815
-2283
-2615
-2884
-3183
-3400
-3469
-3267
-2943
-2659
-2361
-1839
-1359
-1015
-546
124
497
548
591
810
977
886
556
163
-111
-260
-317
-377
-427
-367
-167
50
207
363
624
1018
1483
1931
2362
2604
2983
3598
4176
4212
4061
3224
1765
735
699
-60
-1772
-2719
-2208
-1551
-1420
-1604
-1792
-1693
-1258
-748
-574
-500
11
996
1624
1810
2039
2327
2342
2267
1969
1268
599
173
-348
-980
-1547
-2135
-2719
-3077
-3261
-3348
-3433
-3488
-3288
-2789
-2278
-1935
-1682
-1358
-807
-39
476
488
334
508
926
1111
796
264
-59
-141
-232
-519
-824
-823
-528
-190
2
77
290
832
1549
1955
2182
2393
2819
3302
3885
4080
4045
4055
3543
2058
610
313
-242
-1745
-3096
-2782
-2135
-1809
-1943
-1730
-1546
-971
-404
-31
-24
514
1362
1912
1977
2168
2414
2393
2186
1762
1077
322
-143
-660
-1382
-2107
-2623
-3040
-3405
-3558
-3461
-3223
-2929
-2641
-2283
-1930
-1540
-1217
-848
-431
62
406
445
316
395
603
609
295
-87
-388
-502
-616
-837
-968
-803
-395
-51
76
148
524
1180
1780
2168
2385
2609
2995
3566
3912
4047
4075
4190
3669
2178
485
-44
-306
-1447
-2998
-3188
-2486
-1825
-1730
-1680
-1496
-867
-121
255
287
560
1222
1775
2006
2093
2158
2111
1943
1560
862
88
-463
-1025
-1711
-2312
-2703
-3188
-3540
-3514
-3228
-2964
-2652
-2305
-1926
-1526
-1150
-904
-626
-262
66
246
293
282
266
253
231
132
-86
-479
-808
-993
-952
-808
-593
-396
-146
248
580
904
1312
1963
2430
2649
2683
2911
3322
3863
4132
4071
3860
3169
1635
297
-11
-525
-2114
-3332
-3018
-2286
-1892
-1738
-1477
-1068
-307
247
411
417
810
1402
1835
1891
1918
1926
1833
1560
1115
385
-306
-748
-1295
-1944
-2450
-2800
-3187
-3280
-3086
-2810
-2531
-2122
-1643
-1192
-870
-660
-577
-479
-230
124
93
-221
-324
-43
193
75
-263
-596
-625
-616
-779
-1062
-964
-510
-31
245
327
596
1149
1873
2261
2440
2402
2605
2992
3511
3714
3705
3595
3494
2911
1455
48
-438
-712
-1925
-3075
-3064
-2306
-1788
-1386
-1051
-676
-146
400
557
587
931
1492
1747
1642
1587
1640
1531
1179
676
-4
-680
-1122
-1527
-2063
-2512
-2766
-2921
-2932
-2764
-2483
-2120
-1605
-1150
-898
-749
-544
-344
-261
-170
-106
-112
-245
-283
-332
-393
-468
-500
-612
-794
-873
-915
-861
-712
-349
24
429
733
1013
1409
1998
2466
2584
2637
2795
3084
3399
3725
3643
3410
3119
2209
610
-495
-676
-1299
-2439
-3121
-2641
-2059
-1382
-1033
-592
-343
283
576
716
669
1176
1600
1770
1604
1555
1363
1077
810
287
-521
-1148
-1335
-1714
-2148
-2496
-2605
-2702
-2464
-2251
-2017
-1693
-1173
-838
-650
-622
-597
-460
-308
-373
-444
-399
-436
-646
-695
-590
-576
-721
-876
-908
-879
-826
-783
-549
-146
372
718
860
1091
1593
2187
2425
2566
2604
2818
3070
3506
3519
3273
3068
2956
1923
213
-774
-762
-1171
-2392
-3011
-2499
-1637
-980
-526
-329
-103
458
928
876
787
1191
1640
1688
1461
1297
1121
933
656
27
-728
-1267
-1444
-1737
-2085
-2412
-2527
-2505
-2260
-1992
-1766
-1477
-1037
-674
-592
-661
-627
-531
-550
-577
-595
-559
-638
-672
-759
-663
-576
-567
-786
-940
-985
-823
-575
-232
118
616
1029
1360
1509
1745
2153
2640
2765
2607
2606
2975
3339
3266
3079
2674
1663
128
-582
-690
-1315
-2532
-2846
-2200
-1401
-894
-533
-249
169
822
1052
805
650
1172
1665
1709
1402
1190
956
781
522
-85
-910
-1393
-1453
-1619
-1932
-2241
-2314
-2260
-1891
-1638
-1461
-1372
-930
-614
-398
-522
-621
-693
-550
-429
-489
-712
-918
-917
-836
-721
-793
-905
-1014
-925
-787
-699
-604
-275
242
714
1034
1138
1238
1527
2050
2303
2311
2158
2497
2904
3242
3015
2975
2847
2090
460
-577
-658
-959
-1944
-2544
-2018
-1327
-661
-366
-52
117
774
1071
920
587
933
1358
1517
1328
1130
863
688
548
49
-719
-1291
-1400
-1529
-1725
-1934
-2046
-2065
-1783
-1443
-1298
-1299
-1072
-713
-443
-470
-685
-831
-726
-558
-627
-841
-1077
-1004
-761
-541
-738
-942
-940
-658
-551
-598
-654
-343
210
752
957
977
1146
1586
2000
2007
1956
2032
2426
2665
2879
2832
3039
2677
1524
-5
-494
-568
-1235
-2253
-2276
-1418
-665
-294
-211
-30
247
846
964
718
480
901
1245
1346
1215
1165
994
770
413
-174
-794
-1165
-1305
-1463
-1603
-1707
-1817
-1791
-1534
-1264
-1266
-1242
-1043
-748
-606
-551
-672
-920
-983
-685
-463
-777
-1137
-1041
-553
-312
-416
-787
-911
-712
-379
-418
-514
-300
322
839
1029
1025
1125
1469
1790
1848
1615
1706
2111
2639
2760
2906
2739
2050
760
-14
-346
-824
-1699
-2055
-1652
-955
-419
-142
-46
-9
322
571
559
398
605
872
1085
1171
1279
1201
1064
811
367
-234
-645
-889
-1172
-1418
-1545
-1609
-1682
-1560
-1398
-1314
-1361
-1290
-1154
-905
-792
-937
-1188
-997
-535
-398
-648
-739
-532
-295
-175
-289
-558
-684
-518
-420
-500
-527
-235
201
561
667
734
944
1313
1459
1367
1303
1567
1977
2327
2462
2558
2399
1784
880
348
25
-627
-1410
-1556
-1081
-623
-331
-125
47
150
283
221
29
45
457
815
902
885
998
1129
1179
980
493
-36
-313
-467
-750
-1072
-1262
-1332
-1287
-1172
-1117
-1229
-1330
-1327
-1299
-1271
-1190
-1099
-1047
-878
-603
-397
-393
-388
-260
-79
4
-49
-196
-319
-321
-297
-317
-332
-214
-3
181
260
302
395
518
601
627
672
790
983
1268
1619
1867
1763
1322
955
885
801
375
-105
-251
-84
163
357
374
235
154
186
112
-146
-314
-231
9
260
454
516
525
600
683
602
400
209
30
-129
-254
-405
-614
-734
-720
-714
-819
-951
-1119
-1298
-1390
-1332
-1269
-1254
-1180
-955
-712
-592
-563
-502
-307
-53
50
-127
-376
-476
-433
-464
-572
-645
-622
-524
-384
-265
-150
3
158
237
293
407
572
742
1000
1253
1396
1368
1356
1412
1474
1431
1307
1134
1042
1072
1159
1151
1000
793
646
594
522
328
54
-108
-53
163
301
303
226
200
233
256
161
-45
-262
-397
-463
-560
-702
-836
-892
-924
-1000
-1179
-1376
-1503
-1533
-1491
-1420
-1328
-1196
-1042
-937
-865
-765
-608
-461
-407
-469
-613
-736
-766
-712
-674
-666
-597
-411
-163
51
207
345
504
688
840
910
937
967
1078
1251
1474
1645
1702
1676
1620
1560
1492
1440
1367
1243
1051
850
681
556
427
291
150
20
-94
-202
-271
-253
-140
2
102
136
106
48
-10
-78
-195
-364
-527
-666
-793
-908
-1002
-1120
-1278
-1451
-1570
-1583
-1510
-1441
-1442
-1443
-1325
-1086
-833
-645
-537
-454
-357
-245
-186
-213
-262
-280
-258
-195
-103
40
240
490
715
871
973
1056
1116
1141
1121
1052
995
1025
1130
1218
1223
1168
1136
1146
1130
1002
796
633
583
563
447
222
18
-50
-23
-21
-114
-246
-317
-297
-235
-187
-135
-73
-21
-41
-134
-250
-329
-369
-446
-594
-803
-1021
-1203
-1304
-1313
-1285
-1289
-1365
-1447
-1451
-1351
-1200
-1060
-936
-787
-600
-394
-203
-36
102
196
242
270
306
353
384
402
456
580
792
1014
1186
1263
1261
1205
1146
1127
1117
1070
937
768
650
641
689
707
643
528
406
284
168
70
24
20
20
-20
-99
-175
-207
-198
-178
-172
-172
-172
-179
-202
-234
-243
-194
-124
-113
-210
-371
-505
-590
-662
-799
-998
-1166
-1217
-1163
-1100
-1116
-1198
-1240
-1181
-1041
-921
-858
-788
-632
-400
-175
-16
121
307
537
733
825
844
868
951
1055
1120
1131
1115
1121
1178
1267
1325
1302
1185
1014
854
740
648
533
366
182
33
-35
-45
-56
-122
-235
-316
-316
-256
-192
-169
-175
-156
-119
-86
-97
-137
-174
-206
-249
-314
-391
-452
-474
-470
-488
-556
-662
-766
-826
-845
-874
-949
-1054
-1131
-1135
-1084
-1029
-988
-945
-876
-783
-701
-642
-556
-387
-129
145
382
575
770
1010
1280
1510
1648
1694
1654
1580
1517
1491
1481
1425
1291
1109
967
900
874
785
587
304
29
-173
-314
-432
-565
-692
-755
-717
-629
-550
-512
-497
-440
-323
-207
-138
-125
-128
-105
-79
-95
-178
-298
-404
-479
-548
-651
-780
-889
-926
-899
-848
-834
-855
-870
-834
-744
-645
-566
-516
-479
-445
-400
-350
-281
-176
-43
98
214
322
449
649
902
1153
1339
1432
1485
1555
1667
1783
1832
1762
1596
1398
1224
1084
930
730
479
226
6
-175
-326
-473
-604
-705
-761
-785
-803
-823
-838
-815
-742
-641
-559
-523
-521
-520
-489
-442
-410
-405
-419
-431
-444
-476
-542
-628
-703
-749
-782
-816
-849
-852
-801
-719
-644
-587
-524
-424
-281
-138
-36
46
147
287
428
533
603
700
868
1060
1189
1199
1151
1161
1288
1453
1524
1452
1319
1247
1277
1324
1263
1064
814
603
443
271
40
-217
-403
-485
-515
-581
-709
-827
-861
-797
-713
-688
-733
-797
-832
-841
-855
-887
-896
-865
-817
-811
-872
-957
-991
-935
-849
-794
-794
-792
-719
-583
-454
-389
-386
-373
-297
-185
-83
-6
77
212
397
566
680
772
900
1090
1288
1402
1402
1355
1340
1386
1439
1410
1273
1099
972
919
905
853
725
557
403
286
202
119
21
-77
-153
-205
-246
-292
-352
-419
-479
-528
-567
-604
-646
-711
-803
-917
-1018
-1051
-1021
-977
-977
-1066
-1188
-1259
-1237
-1167
-1106
-1089
-1079
-1007
-864
-694
-562
-459
-350
-198
-17
143
266
377
506
643
752
827
909
1043
1217
1361
1409
1390
1376
1432
1519
1537
1437
1264
1115
1054
1033
961
793
562
345
173
28
-118
-265
-372
-426
-451
-490
-556
-607
-610
-561
-499
-468
-471
-486
-499
-519
-561
-621
-682
-734
-789
-866
-969
-1074
-1159
-1219
-1249
-1245
-1189
-1079
-951
-831
-728
-618
-472
-294
-121
17
123
232
364
503
635
753
869
1014
1187
1345
1455
1497
1484
1458
1444
1434
1384
1273
1125
986
897
851
790
662
484
301
154
42
-66
-193
-311
-395
-439
-477
-550
-632
-696
-714
-689
-671
-698
-752
-806
-850
-896
-968
-1054
-1106
-1085
-1018
-976
-1004
-1078
-1105
-1041
-904
-772
-704
-676
-615
-491
-330
-161
-9
147
331
513
666
776
869
989
1152
1321
1448
1505
1487
1438
1405
1405
1404
1360
1246
1075
927
848
820
771
651
455
247
82
-39
-152
-286
-416
-513
-561
-586
-612
-638
-643
-615
-587
-599
-650
-692
-703
-706
-756
-868
-996
-1065
-1062
-1053
-1112
-1225
-1313
-1321
-1250
-1167
-1120
-1068
-955
-773
-578
-401
-237
-33
229
493
696
818
916
1036
1193
1348
1469
1547
1594
1616
1602
1573
1546
1520
1468
1354
1187
1030
940
899
834
685
461
235
76
-22
-124
-264
-418
-529
-570
-568
-567
-590
-617
-620
-615
-628
-674
-741
-804
-866
-935
-1008
-1058
-1055
-1035
-1052
-1132
-1229
-1273
-1238
-1162
-1119
-1109
-1072
-955
-773
-595
-464
-354
-202
5
222
387
498
617
780
979
1154
1258
1308
1356
1437
1538
1612
1615
1543
1433
1335
1265
1205
1117
976
817
669
550
427
278
113
-26
-106
-146
-192
-256
-316
-357
-384
-422
-484
-538
-568
-601
-682
-811
-934
-976
-939
-902
-946
-1076
-1207
-1263
-1240
-1199
-1186
-1190
-1150
-1039
-893
-752
-626
-474
-277
-60
116
227
313
431
599
776
920
1008
1064
1109
1152
1198
1244
1276
1264
1186
1062
954
899
877
822
700
544
413
337
284
216
127
49
2
-23
-54
-102
-154
-194
-226
-252
-282
-323
-384
-480
-599
-694
-735
-734
-744
-815
-937
-1046
-1092
-1082
-1070
-1081
-1090
-1045
-929
-780
-633
-502
-355
-182
-9
123
219
324
461
617
747
830
881
916
944
972
1004
1040
1047
981
848
707
624
599
560
448
291
161
91
51
-15
-112
-178
-193
-181
-186
-224
-248
-227
-182
-159
-173
-202
-219
-228
-270
-348
-423
-466
-479
-506
-583
-676
-737
-740
-714
-709
-724
-711
-625
-472
-309
-179
-72
53
213
375
496
574
647
750
861
933
935
893
873
901
953
962
877
723
564
454
400
339
227
66
-100
-223
-303
-373
-459
-535
-580
-586
-583
-597
-616
-611
-567
-503
-444
-410
-395
-399
-423
-454
-479
-483
-483
-504
-555
-603
-614
-586
-552
-536
-523
-459
-329
-162
-9
112
230
385
572
743
873
973
1078
1204
1304
1333
1289
1224
1204
1234
1257
1203
1060
875
724
625
536
403
210
-8
-202
-362
-510
-652
-782
-870
-916
-951
-993
-1030
-1032
-989
-925
-874
-840
-809
-772
-746
-743
-750
-738
-702
-669
-671
-705
-727
-706
-649
-595
-560
-517
-422
-265
-93
57
179
308
476
672
849
980
1093
1222
1366
1480
1520
1495
1475
1507
1565
1578
1487
1320
1170
1080
1021
910
710
462
243
83
-59
-236
-444
-631
-751
-816
-879
-966
-1053
-1097
-1084
-1051
-1047
-1080
-1120
-1139
-1139
-1141
-1158
-1169
-1154
-1114
-1075
-1048
-1028
-985
-902
-790
-671
-547
-409
-242
-52
140
320
487
651
812
969
1112
1233
1326
1386
1409
1417
1437
1467
1488
1458
1366
1249
1153
1085
1009
878
689
493
335
220
99
-55
-231
-381
-476
-538
-607
-699
-788
-845
-859
-871
-902
-949
-993
-1022
-1048
-1091
-1141
-1163
-1137
-1077
-1023
-998
-974
-917
-804
-654
-502
-361
-218
-50
131
305
451
575
708
853
996
1105
1164
1178
1179
1188
1210
1236
1234
1196
1128
1047
978
912
830
718
577
428
286
151
15
-122
-249
-358
-458
-557
-660
-747
-804
-839
-870
-918
-970
-1009
-1033
-1054
-1084
-1117
-1125
-1100
-1057
-1022
-994
-951
-868
-745
-611
-484
-352
-185
18
231
416
557
685
833
1006
1167
1283
1341
1364
1380
1402
1421
1418
1385
1320
1233
1140
1045
945
830
686
519
352
189
31
-130
-298
-453
-577
-677
-761
-841
-913
-963
-987
-993
-997
-1000
-1004
-1011
-1031
-1055
-1078
-1081
-1061
-1036
-1017
-1002
-976
-930
-861
-775
-672
-540
-379
-202
-29
130
294
481
692
903
1082
1215
1316
1399
1473
1532
1574
1601
1603
1573
1503
1413
1321
1237
1140
995
802
584
376
193
17
-163
-342
-501
-631
-744
-860
-970
-1050
-1079
-1067
-1062
-1092
-1145
-1185
-1181
-1148
-1122
-1120
-1123
-1105
-1057
-1001
-954
-911
-839
-720
-568
-409
-264
-121
31
196
364
523
684
839
975
1066
1105
1119
1150
1215
1281
1302
1259
1185
1135
1126
1125
1077
964
819
686
583
480
347
189
41
-70
-157
-256
-382
-515
-616
-673
-707
-759
-838
-929
-1001
-1050
-1087
-1125
-1157
-1170
-1157
-1131
-1104
-1069
-1014
-922
-796
-645
-482
-311
-137
35
205
367
530
686
826
930
988
1008
1009
1018
1041
1064
1054
1003
929
866
835
816
768
672
548
438
355
279
184
61
-51
-127
-179
-234
-314
-405
-472
-507
-532
-576
-634
-688
-730
-771
-825
-888
-932
-941
-924
-904
-889
-868
-830
-766
-684
-583
-446
-278
-103
55
189
318
465
625
766
861
915
950
989
1025
1044
1042
1019
996
969
926
866
794
716
636
539
413
274
139
25
-80
-180
-286
-385
-456
-510
-554
-596
-632
-652
-649
-637
-650
-682
-725
-751
-748
-735
-732
-735
-729
-703
-668
-644
-627
-589
-497
-363
-228
-119
-32
71
206
356
482
576
648
721
795
854
893
921
944
961
961
938
904
867
824
756
654
527
391
257
123
-9
-136
-248
-342
-428
-511
-586
-640
-666
-663
-649
-634
-626
-630
-631
-621
-595
-557
-521
-495
-477
-453
-420
-386
-355
-322
-266
-186
-88
0
72
146
235
334
417
472
508
550
607
662
690
685
666
655
662
663
642
597
538
475
402
309
193
64
-49
-142
-220
-299
-388
-474
-544
-587
-608
-610
-601
-586
-568
-550
-531
-507
-465
-408
-352
-307
-270
-244
-207
-161
-112
-65
-14
46
113
182
237
281
342
430
514
561
554
526
538
600
656
643
559
471
449
481
486
411
286
193
166
153
76
-72
-225
-309
-331
-362
-451
-570
-655
-679
-677
-696
-733
-743
-705
-645
-610
-604
-585
-517
-411
-324
-281
-256
-203
-111
-10
61
103
154
234
335
420
471
507
558
628
689
712
696
674
681
708
716
676
596
523
490
476
443
372
280
196
131
69
-12
-102
-186
-256
-322
-400
-486
-561
-619
-664
-711
-754
-779
-777
-761
-748
-741
-719
-666
-592
-517
-461
-412
-345
-254
-152
-63
8
78
162
255
341
411
470
526
576
617
643
657
663
667
660
646
623
594
566
537
505
473
440
398
344
284
221
159
104
45
-24
-100
-182
-261
-334
-408
-483
-556
-621
-673
-712
-741
-762
-770
-761
-736
-699
-657
-612
-556
-490
-406
-313
-221
-131
-46
42
133
227
315
388
452
505
550
585
614
624
625
620
605
584
560
532
505
483
461
439
405
359
306
254
206
156
97
31
-38
-105
-171
-246
-326
-403
-467
-517
-569
-622
-668
-695
-700
-691
-681
-667
-640
-598
-547
-494
-437
-369
-289
-204
-126
-56
18
96
178
251
311
365
421
470
507
527
538
547
556
559
550
535
522
518
514
507
489
462
429
397
359
314
261
197
132
64
-7
-83
-165
-247
-323
-393
-460
-527
-588
-636
-669
-689
-708
-715
-708
-684
-652
-621
-586
-534
-466
-392
-320
-260
-192
-112
-27
52
120
184
257
335
401
446
479
512
548
574
583
577
575
580
585
578
556
531
510
488
455
412
363
317
271
218
153
85
22
-37
-96
-163
-234
-302
-358
-409
-461
-514
-562
-598
-619
-629
-642
-652
-656
-646
-622
-589
-557
-522
-479
-423
-362
-298
-233
-165
-90
-6
76
155
227
298
362
422
471
507
539
569
595
612
621
620
617
609
593
568
536
504
467
429
382
333
284
234
185
128
67
7
-54
-112
-172
-235
-299
-357
-408
-452
-494
-535
-572
-603
-623
-639
-648
-650
-645
-629
-606
-573
-536
-490
-438
-377
-311
-241
-164
-89
-14
58
128
193
258
316
370
419
464
503
538
565
586
599
606
606
600
590
573
553
529
501
469
433
387
339
285
228
166
101
33
-34
-100
-163
-225
-286
-342
-398
-448
-496
-536
-572
-600
-621
-633
-639
-638
-628
-610
-586
-555
-518
-473
-422
-368
-314
-255
-195
-130
-66
-3
59
121
183
242
301
354
403
446
487
524
553
574
591
603
611
611
601
589
571
543
507
465
416
364
310
251
189
126
63
2
-59
-122
-187
-244
-299
-347
-393
-437
-473
-503
-527
-547
-561
-570
-570
-562
-549
-532
-508
-478
-444
-404
-360
-316
-265
-212
-158
-100
-43
16
73
131
185
239
289
334
374
410
444
472
491
506
515
517
516
503
483
459
433
404
367
324
277
234
188
139
84
30
-19
-63
-110
-159
-207
-248
-283
-316
-350
-381
-403
-414
-423
-429
-433
-429
-418
-400
-382
-363
-335
-302
-265
-227
-189
-151
-103
-57
-12
31
73
115
157
194
228
256
281
305
325
338
346
349
346
342
331
317
296
272
247
219
189
156
120
82
51
19
-19
-56
-92
-124
-150
-183
-213
-237
-253
-267
-280
-290
-295
-292
-286
-276
-268
-252
-231
-206
-176
-151
-122
-88
-49
-12
24
58
95
130
165
195
220
243
266
285
297
306
308
311
308
300
285
267
247
222
193
163
131
97
63
25
-10
-44
-80
-116
-151
-184
-212
-240
-267
-291
-307
-320
-330
-338
-340
-337
-328
-318
-305
-286
-263
-236
-207
-177
-144
-107
-67
-26
14
53
93
134
172
204
235
264
293
317
335
347
356
364
368
363
353
338
320
305
281
250
216
183
149
114
75
35
-5
-44
-83
-121
-156
-194
-228
-257
-283
-305
-325
-342
-353
-360
-363
-361
-355
-346
-334
-314
-294
-267
-239
-208
-173
-138
-97
-58
-18
20
59
99
137
170
204
237
263
287
309
328
341
347
352
353
349
340
329
312
292
270
245
217
186
152
118
83
46
9
-27
-63
-98
-132
-164
-193
-219
-245
-264
-283
-299
-309
-316
-320
-319
-315
-308
-296
-280
-262
-241
-217
-192
-163
-131
-101
-70
-38
-6
27
58
90
117
144
169
191
211
230
240
251
260
265
265
263
259
249
237
224
208
189
167
144
122
97
71
43
17
-9
-35
-59
-83
-106
-125
-144
-162
-175
-188
-198
-207
-212
-215
-214
-212
-206
-197
-187
-176
-162
-145
-128
-110
-92
-71
-50
-28
-7
15
35
54
75
91
106
118
131
143
153
159
165
168
167
168
165
162
153
144
136
129
116
104
89
77
62
49
33
18
5
-10
-21
-32
-45
-57
-68
-78
-84
-91
-98
-103
-105
-105
-104
-104
-104
-103
-99
-94
-89
-84
-78
-71
-62
-54
-44
-38
-31
-24
-21
-15
-8
-3
0
6
10
15
18
19
22
24
25
24
28
28
31
33
31
33
35
37
39
38
40
43
46
50
51
51
52
55
56
58
57
59
60
59
61
60
59
54
49
44
42
39
32
26
20
13
5
-3
-12
-21
-30
-40
-51
-62
-69
-76
-85
-94
-101
-106
-110
-118
-122
-123
-123
-122
-122
-122
-117
-113
-103
-98
-90
-79
-67
-56
-45
-35
-21
-4
10
21
34
49
62
76
89
100
111
121
131
141
147
152
155
156
156
158
157
155
150
144
135
129
119
106
93
79
63
48
34
15
-2
-18
-36
-52
-65
-83
-99
-113
-129
-141
-152
-161
-168
-173
-178
-182
-179
-177
-173
-170
-165
-156
-143
-132
-120
-106
-88
-70
-52
-37
-21
-1
20
37
53
67
81
97
111
120
129
140
149
154
157
154
153
157
153
147
139
131
124
116
104
93
81
71
58
46
35
21
9
-4
-15
-25
-32
-43
-52
-59
-65
-69
-71
-76
-80
-81
-83
-82
-82
-84
-81
-78
-76
-71
-67
-61
-58
-54
-51
-46
-44
-41
-35
-31
-25
-22
-19
-15
-11
-8
-6
-3
-3
-1
0
3
7
11
12
10
11
14
17
20
19
18
20
24
25
27
26
27
31
34
38
39
40
40
42
43
47
48
48
48
48
50
50
49
48
45
46
45
39
34
31
28
22
14
8
4
0
-8
-17
-24
-31
-35
-42
-50
-57
-61
-66
-70
-75
-79
-79
-80
-81
-82
-80
-79
-77
-73
-68
-63
-57
-51
-44
-37
-29
-20
-12
-3
5
13
23
30
35
44
54
61
64
68
73
80
83
83
83
83
85
84
78
75
73
68
65
59
53
45
39
32
22
10
2
-5
-11
-18
-26
-30
-40
-48
-54
-61
-64
-68
-74
-77
-77
-76
-76
-75
-74
-71
-66
-64
-61
-56
-49
-42
-34
-27
-21
-11
-2
4
12
22
30
35
39
44
51
58
62
