SAMPLES:	9127
BITSPERSAMPLE:	16
CHANNELS:	1
SAMPLERATE:	16000
NORMALIZED:	FALSE
-16
-14
-25
-32
-29
-18
-6
0
-8
-6
8
19
18
11
19
39
45
35
38
40
39
34
19
16
14
8
4
13
10
5
6
6
-3
-3
-1
-3
-5
-11
-12
-5
1
-5
6
18
22
14
7
1
5
6
-24
-36
-26
-25
-45
-47
-43
-32
-37
-53
-63
-54
-51
-57
-51
-39
-23
-19
-19
-20
-7
10
22
21
25
37
40
40
48
53
60
69
68
61
58
65
64
44
25
22
17
6
10
17
14
18
20
14
5
-5
-12
-22
-21
-21
-37
-45
-15
9
-6
-23
-18
-4
-7
-23
-32
-33
-26
-31
-36
-37
-32
-40
-40
-28
-30
-27
-23
-16
-18
-4
0
-1
-3
0
8
15
19
10
21
28
25
6
-15
-27
-4
8
-3
-16
-17
1
10
15
9
13
20
25
23
21
29
34
28
13
15
14
4
6
2
-6
-7
-6
-5
-9
-18
-20
-18
-21
-23
-27
-24
4
18
6
-4
9
18
17
11
12
16
20
20
9
2
19
32
30
23
16
20
20
13
14
16
12
12
10
12
5
1
-7
-26
-17
-21
-30
-35
-22
-25
-45
-57
-57
-57
-52
-55
-41
3
8
7
-4
11
44
73
66
43
40
61
82
62
30
19
41
42
31
5
-16
-33
-28
-11
-14
-18
-12
4
18
41
44
10
6
26
53
73
69
32
18
44
62
35
-12
-58
-58
-34
-31
-48
-93
-80
-30
-2
-22
-64
-65
-38
-34
-8
-19
-31
-29
-23
4
14
-15
-67
-86
-61
-10
-2
-52
-90
-43
55
89
53
-11
-31
33
116
121
35
-90
-141
-72
-13
-75
-288
-514
-556
-476
-528
-771
-1324
-1552
-836
121
-4
-1086
-1643
-469
1406
1782
668
-230
-50
1188
2910
3409
2279
355
-380
1654
4496
4117
368
-2339
-1287
2065
3177
348
-3074
-3407
-1395
229
-80
-2301
-3768
-2622
-746
-789
-1486
-1223
-615
-287
105
271
204
876
1780
1414
294
387
1338
1864
1595
716
-421
-385
212
-414
-1310
-1324
-1505
-2400
-2843
-2490
-1422
-843
-1620
-2311
-1694
-342
727
1093
683
490
1484
2858
4066
3348
890
874
4649
6755
3175
-1525
-1448
3285
5456
1791
-2847
-3937
-1970
735
1224
-2825
-6347
-4546
-784
-794
-2586
-2794
-2259
-1679
-132
722
-534
-468
1608
2159
739
756
1833
2255
2386
1961
527
207
1671
1952
525
-627
-816
-795
44
-919
-3517
-3380
-958
-833
-3344
-4861
-3841
-622
456
-1730
-3388
-2264
496
2504
2001
-100
244
2833
5169
4981
3997
2672
1729
3173
6550
6382
603
-3204
-520
4313
3815
-930
-4728
-4653
-2083
176
-736
-4823
-6815
-4099
-918
-1720
-2987
-2085
-1190
-987
301
1042
359
1238
2984
2364
774
1585
3087
3198
2659
1639
187
493
2155
1926
-157
-1448
-1544
-985
-340
-1863
-3992
-3382
-1339
-1891
-3928
-4293
-2486
-581
-784
-2231
-2877
-1387
920
1837
433
-460
1114
3436
4363
3847
3554
4290
4993
3474
2063
3469
5547
3751
-867
-2770
212
3626
1988
-2683
-5497
-4612
-1728
126
-2097
-6235
-6729
-3344
-1012
-1464
-2092
-2059
-1750
-498
1356
1632
996
1709
2515
1842
1699
2959
3338
2613
2036
1368
930
1707
2255
942
-735
-1275
-856
-603
-627
-2448
-5271
-4522
-926
-206
-3980
-6918
-5027
439
2310
-1795
-5296
-3561
1135
3931
2400
-1427
-1042
3492
6601
5364
3379
3760
5335
4732
2805
3231
4880
3886
-106
-2537
-840
2545
2136
-1984
-5397
-5453
-2881
-410
-1605
-5791
-7179
-4422
-1546
-993
-1441
-2008
-1928
-428
1654
2089
1325
1700
2668
2392
1996
2814
3413
3010
2448
1761
945
1335
2122
1463
-699
-2769
-2955
-1291
88
-1880
-5497
-6174
-2744
-94
-1345
-4164
-5329
-3374
-29
1207
-1083
-2958
-1410
1978
3671
2969
1895
2350
4592
6278
6152
4310
2288
2213
4780
6383
3269
-1762
-2632
1463
3846
836
-3811
-5454
-3937
-1437
-768
-3698
-6977
-6130
-2610
-1481
-2678
-2985
-2068
-1184
-5
1046
798
751
2178
2963
1892
1605
2886
3547
3118
2539
1528
1065
2108
2564
917
-1962
-2999
-1744
183
-529
-4233
-6696
-4252
-304
-678
-3820
-5492
-4017
-928
1008
-697
-3125
-1834
2003
3737
2477
1666
2952
5477
6725
6325
3994
1871
3023
6775
7115
1489
-3502
-1949
3606
4450
-573
-5520
-5933
-3112
-153
-828
-5629
-8397
-5390
-1425
-1655
-3311
-3206
-1980
-689
836
1117
161
836
2971
3065
1404
1539
3006
3502
3183
2442
977
768
2233
2300
230
-2449
-3478
-2109
63
-801
-4976
-7167
-3925
391
-431
-3944
-5297
-3284
154
1878
-252
-2722
-966
2902
4366
3057
2279
3822
5978
6860
5693
2706
1343
4510
7910
4257
-3017
-4464
1423
5398
1858
-4375
-6890
-4732
-708
1024
-3155
-8515
-7580
-2150
-297
-2210
-3289
-2757
-1521
652
1970
596
-247
1697
3303
2156
1142
1927
2719
2989
2929
1509
-1
902
2183
1171
-1267
-3911
-4029
-968
1007
-2889
-8064
-6780
20
2622
-2258
-6426
-5004
-8
3612
2414
-2650
-3650
1773
6597
5594
2041
1779
4796
8005
7615
3429
22
2842
7976
5749
-2507
-5595
125
4972
2397
-3872
-7267
-5622
-846
1661
-2536
-8800
-8336
-2160
710
-1311
-3310
-3377
-1871
1309
3136
1134
-722
1097
3311
2793
1863
1996
2000
2103
2530
1828
392
515
795
-950
-2429
-1889
-1391
-2827
-4349
-4338
-2854
-1977
-2601
-3457
-3229
-1791
-382
34
-573
-504
586
1986
2785
3220
3661
4153
4941
5687
6221
5085
2767
2154
4735
6109
1952
-3662
-3418
2042
3820
-735
-5768
-6437
-3686
-194
-19
-4690
-8421
-5911
-968
23
-1828
-2804
-2326
-709
1992
2930
1017
217
2203
3304
2269
1895
2370
2195
2007
1927
849
-182
520
556
-1762
-3432
-2772
-2074
-3094
-4256
-4506
-3611
-2663
-2354
-2671
-2789
-1795
-297
373
15
208
1177
2448
3462
3943
3850
4073
5323
6600
6766
4836
2075
1728
4840
6423
1827
-4450
-4293
1530
3671
-764
-5942
-6950
-4164
-320
82
-4571
-8225
-5701
-917
43
-1568
-2337
-1919
-372
2126
2903
1226
804
2576
3164
2051
1954
2518
2220
1768
1485
492
-360
116
-411
-2601
-3597
-2643
-2573
-4133
-4996
-4102
-2606
-2441
-3084
-3267
-2363
-621
707
313
-583
422
2555
3769
3715
3776
4273
5211
6101
6524
5811
3653
2258
3443
5426
3545
-1553
-4001
-575
2871
655
-4214
-6280
-4869
-2107
-467
-2866
-6952
-6957
-2733
-238
-1188
-2237
-1991
-1054
913
2757
2033
637
1632
3230
2698
1911
2316
2369
1872
1808
1228
5
-388
-876
-1913
-2634
-2463
-3152
-4490
-4654
-3228
-2390
-3053
-3527
-3261
-2093
-606
139
-410
-367
879
2417
3332
3632
3904
4478
5427
6078
6322
5513
3655
2391
3598
5389
3417
-1715
-3801
-223
2925
618
-4254
-6419
-4869
-1786
-513
-3209
-7008
-6663
-2527
-179
-1221
-2369
-1998
-735
1213
2526
1713
623
1671
3235
2780
1780
1895
2246
2101
1881
947
-271
-593
-932
-2138
-2643
-2052
-2826
-4982
-5308
-2606
-862
-2327
-4503
-4333
-1860
732
1024
-745
-1426
578
3373
4423
3924
3332
4034
5573
6704
6454
4607
2534
2602
4814
4958
976
-3069
-2064
1715
1902
-2096
-5359
-5263
-3094
-1184
-2122
-5364
-6652
-4051
-1301
-1290
-2273
-1999
-842
509
1706
1751
1165
1634
2831
2827
1975
1883
2206
2128
1730
1325
453
-141
-420
-2142
-3248
-1977
-669
-3250
-6726
-5914
-1014
933
-2764
-6206
-5014
-508
2486
1209
-2423
-2382
1777
5127
4542
2520
2491
4669
6548
6485
5281
3586
2882
3775
5023
3652
-44
-2377
-476
2214
844
-3018
-4989
-3987
-2103
-1312
-3182
-5717
-5573
-2898
-1309
-1893
-2553
-1960
-577
915
1665
1118
703
1727
2937
2679
1811
1563
1816
2003
1952
1173
236
-602
-1634
-1775
-892
-1088
-3734
-5706
-4137
-788
-687
-3852
-5588
-3693
-312
981
-946
-3103
-1534
2204
3707
2147
1082
2655
5033
5562
4645
4180
4680
4848
3887
2921
3271
3469
1418
-1011
-707
1050
648
-1809
-3648
-3710
-2703
-1720
-2299
-4443
-5251
-3389
-1526
-1643
-2197
-1913
-1085
219
1452
1333
606
1184
2449
2464
1766
1742
1926
1816
1591
1219
351
-43
-676
-2130
-2482
-1039
-1157
-4305
-6060
-3342
156
-976
-4769
-5713
-2597
909
1208
-1658
-3335
-600
3416
4070
1967
1123
3002
5479
6023
4725
3780
3934
4129
3832
3669
3208
1381
-442
-91
1312
660
-1552
-3055
-3150
-2487
-1820
-2407
-4072
-4651
-3331
-1966
-2016
-2297
-1957
-1057
-23
786
823
605
1185
2157
2311
1819
1685
1906
2066
1945
1367
551
140
-687
-1477
-1342
-793
-2037
-4364
-4699
-2147
-434
-2327
-4937
-4915
-2053
571
125
-2722
-3258
-34
3122
2978
1155
1021
3092
5163
5354
4273
3771
4446
4519
3385
2923
3732
2975
395
-826
471
1275
-83
-2172
-3385
-3238
-2128
-1503
-2963
-4754
-4340
-2468
-1748
-2063
-2155
-1720
-749
520
974
456
525
1678
2531
2223
1648
1542
1891
2230
2038
910
6
-489
-1208
-1353
-605
-890
-3454
-5182
-3467
-282
-524
-3911
-5750
-3727
-161
1100
-1190
-3676
-2039
1915
3586
2039
778
1910
4181
5280
4692
3776
3882
4522
4004
2958
3198
3585
1859
-277
-174
983
570
-1116
-2571
-3234
-2930
-1995
-2084
-3744
-4633
-3511
-2219
-2055
-2100
-1875
-1331
-290
667
632
392
1082
2119
2231
1772
1593
1745
2077
2183
1546
446
113
-450
-1347
-1393
-680
-1539
-3856
-4579
-2442
-378
-1650
-4223
-4760
-2503
-17
128
-2022
-2861
-544
2219
2595
1434
1505
3062
4434
4524
4185
4138
4581
4352
3248
2786
3792
3688
1189
-808
28
1412
528
-1639
-3200
-3427
-2515
-1473
-2352
-4509
-4988
-3220
-1804
-1816
-2174
-2202
-1514
-46
1059
739
264
955
2125
2384
1977
1585
1641
2083
2255
1554
478
102
-409
-1128
-1297
-862
-1775
-3783
-4370
-2422
-705
-1849
-4165
-4592
-2463
-183
16
-1864
-2714
-680
2115
2690
1579
1418
2813
4377
4843
4476
4114
4437
4480
3632
3025
3684
3490
1214
-612
162
1286
267
-1772
-3051
-3204
-2544
-1835
-2710
-4472
-4621
-3084
-2183
-2336
-2370
-1988
-1202
-75
520
260
457
1595
2348
1943
1486
1688
2211
2501
2171
1099
367
505
206
-583
-1016
-1342
-2571
-3518
-2884
-1720
-2196
-3743
-4029
-2801
-1504
-1187
-2009
-2676
-1437
831
1598
684
316
1747
3881
4668
3784
2939
3758
5547
6101
4097
1896
2264
4302
4027
928
-1544
-775
985
673
-1627
-3719
-3865
-2422
-1461
-2747
-4613
-4695
-3150
-2039
-1996
-2246
-1952
-1013
88
638
636
997
1795
2207
1974
1774
2118
2541
2403
1592
920
750
862
460
-1043
-2280
-2130
-1279
-2065
-3989
-4608
-2755
-1397
-2391
-3908
-3712
-2014
-483
-433
-1457
-1276
466
2052
2273
2153
2765
3749
4213
4379
4630
4884
5020
4292
2804
2454
3701
3469
637
-1535
-628
859
67
-2067
-3444
-3561
-2672
-1798
-2728
-4541
-4581
-2962
-2037
-2106
-2034
-1604
-884
169
881
869
1044
1779
2159
1946
1907
2063
2064
1986
1777
982
129
96
309
-337
-1920
-3008
-2728
-1792
-1927
-3332
-4399
-3641
-1849
-1337
-2459
-3176
-2086
-281
544
187
22
871
2218
3053
3216
3168
3535
4209
4637
4515
4333
4001
3225
2532
2719
2762
1153
-844
-943
205
-24
-1665
-2897
-2978
-2506
-2147
-2593
-3651
-3931
-2967
-2051
-2030
-2029
-1376
-486
129
435
565
870
1592
2150
1867
1276
1327
2004
2320
1733
665
138
131
90
-305
-1043
-2139
-3150
-2930
-1827
-1544
-3055
-4417
-3614
-1335
-310
-1672
-3257
-2515
183
1795
996
-390
102
2348
4164
4041
2724
2363
3524
5030
4992
3822
2694
2229
2243
2798
2786
847
-1519
-1540
394
682
-1381
-3224
-3244
-2371
-1571
-1856
-3341
-4067
-2834
-1254
-1150
-1663
-1518
-669
266
877
793
475
864
1715
1932
1415
1085
1306
1642
1536
888
196
36
98
-243
-1478
-2431
-2209
-1407
-1851
-3303
-3592
-2115
-966
-1577
-2529
-2492
-1354
-133
111
-614
-694
675
2030
2141
1689
2072
3114
3695
3361
2808
2942
3609
3941
2916
1304
914
2209
2808
850
-1702
-1671
318
866
-883
-2828
-3193
-2095
-793
-1016
-2673
-3572
-2506
-1001
-622
-1101
-1494
-1155
-155
739
715
254
370
1001
1313
1123
904
899
1017
992
652
200
-229
-461
-522
-680
-1270
-1888
-2064
-1681
-1325
-1445
-1947
-2318
-1929
-956
-534
-1080
-1431
-832
128
611
601
623
1035
1614
1987
2202
2328
2527
2709
2772
2661
2862
3094
2408
1296
1420
2422
1874
-90
-856
229
814
-70
-1267
-1877
-1794
-1117
-891
-2015
-3126
-2762
-1802
-1586
-1820
-1816
-1555
-1020
-381
-138
-278
-23
583
757
574
642
987
1271
1287
872
484
661
1027
717
-502
-1331
-789
154
-532
-2423
-2857
-1099
98
-1150
-2896
-2675
-905
89
-796
-2148
-1805
33
1181
521
-349
423
2209
2946
2162
1542
2227
3543
3893
3158
2196
1880
2506
3524
3189
892
-813
305
2324
1724
-971
-2643
-2110
-813
-451
-1953
-4094
-4280
-2456
-1303
-2102
-3128
-2884
-1663
-537
-328
-914
-1023
20
1074
1181
820
845
1394
2080
2151
1647
1166
980
1063
1039
571
-405
-1006
-856
-507
-944
-1734
-2086
-2026
-1826
-1761
-2024
-2373
-2132
-1530
-1130
-1087
-912
-256
476
847
1009
1443
2080
2547
2668
2750
3128
3589
3928
3660
2788
2305
3156
3757
2142
-231
-390
1197
1276
-759
-2610
-2808
-2025
-1466
-2199
-3907
-4521
-3320
-2150
-2507
-3213
-2929
-1799
-873
-617
-679
-286
720
1516
1518
1232
1520
2323
2851
2509
1740
1454
1860
2058
1494
67
-1037
-814
87
-539
-2646
-3644
-2261
-896
-1794
-3620
-3949
-2442
-904
-1053
-2484
-2771
-938
1011
1072
43
121
1793
3478
3581
2567
2310
3583
4930
4707
3552
2801
2769
3063
3364
2514
305
-1142
-220
1021
-71
-2374
-3358
-2734
-1970
-2010
-3120
-4364
-4198
-2852
-2160
-2598
-2757
-2046
-1045
-307
127
269
555
1242
1837
1976
1973
2107
2296
2416
2279
1979
1685
1454
1030
495
-324
-1112
-1323
-1054
-1609
-3148
-3718
-2342
-1187
-2226
-3863
-3671
-1851
-606
-1136
-2400
-2221
-192
1575
1375
303
690
2619
4047
3631
2588
2611
3796
4697
4197
3008
2435
2495
2540
2484
1877
252
-1267
-954
320
-77
-2191
-3488
-2988
-2087
-1920
-2658
-3768
-3948
-2730
-1624
-1772
-2192
-1742
-711
100
466
554
683
1168
1798
1991
1810
1753
1996
2175
2046
1632
1199
944
762
465
-432
-1386
-1536
-969
-1397
-2857
-3395
-2105
-1085
-1922
-3223
-3038
-1518
-430
-783
-1856
-1739
-22
1439
1239
470
822
2188
3184
3084
2415
2301
3011
3678
3370
2575
2371
2481
2064
1455
1468
1234
-69
-1213
-793
-6
-635
-2018
-2658
-2421
-1941
-1683
-2175
-3046
-3060
-2104
-1419
-1464
-1508
-1194
-672
-87
319
430
653
1095
1341
1312
1386
1711
1962
1843
1371
1017
1100
1316
971
87
-595
-981
-1012
-788
-928
-2216
-3237
-2333
-650
-907
-2766
-3380
-1921
-390
-487
-1711
-2272
-943
946
1302
271
-70
1189
2723
3085
2132
1509
2247
3542
3649
2641
2116
2434
2467
1988
1902
1660
419
-693
-239
531
-164
-1614
-2284
-2093
-1674
-1517
-2157
-3237
-3290
-2236
-1602
-1917
-2166
-1805
-1052
-272
106
79
230
890
1543
1680
1544
1684
2051
2261
2083
1703
1373
1357
1279
906
-64
-1089
-1089
-336
-673
-2536
-3501
-2216
-715
-1618
-3608
-3897
-2206
-733
-1123
-2590
-2790
-875
989
911
-113
84
1664
2931
2894
2234
2192
2970
3752
3634
2954
2769
3178
2951
1975
1519
1837
1291
-289
-1048
-389
-136
-1236
-2457
-2783
-2432
-2010
-2164
-3078
-3603
-2841
-1796
-1698
-1990
-1683
-819
-16
390
458
645
1319
2072
2172
1827
1782
2221
2574
2386
1708
1141
1066
1159
791
-99
-878
-1415
-1718
-1783
-1734
-2325
-3374
-3614
-2499
-1578
-2170
-3229
-3073
-1663
-450
-464
-1253
-1205
223
1719
1872
1219
1335
2478
3423
3289
2655
2533
3125
3514
3064
2348
2160
2024
1460
1028
1000
291
-1113
-1561
-696
-546
-1766
-2732
-2567
-2019
-1676
-1814
-2496
-2806
-1980
-946
-856
-1131
-819
-57
565
885
951
1026
1441
1920
1927
1617
1543
1760
1840
1547
972
529
388
324
-115
-954
-1571
-1489
-1276
-1825
-2662
-2645
-1859
-1639
-2198
-2532
-2042
-1229
-810
-991
-1230
-742
249
789
610
511
1062
1826
2087
1858
1751
2049
2439
2482
2132
1759
1733
2078
2225
1433
197
18
1097
1217
-563
-1975
-1106
316
-45
-1533
-2268
-1697
-678
-331
-1264
-2306
-1887
-585
-190
-753
-986
-510
163
574
518
301
523
1109
1246
829
656
1016
1336
1155
616
195
238
535
395
-283
-910
-907
-783
-1132
-1412
-1158
-1261
-2247
-2506
-1153
-85
-1119
-2629
-2256
-422
629
-229
-1769
-1692
367
1899
1050
-581
-306
1730
3017
2167
647
662
2232
3267
2444
1078
1064
1866
1915
1346
1104
701
-79
-160
610
511
-694
-1305
-961
-775
-952
-1109
-1554
-1986
-1654
-1056
-1090
-1348
-1189
-813
-416
17
191
44
206
804
1172
1070
952
1146
1464
1567
1264
847
779
950
805
67
-579
-568
-306
-668
-1544
-2012
-1675
-1340
-1652
-2260
-2397
-1892
-1338
-1473
-1987
-1849
-967
-383
-564
-740
-237
648
1153
1130
1070
1497
2196
2419
2009
1723
2106
2621
2574
2113
1586
1167
1227
1806
1618
-36
-1342
-471
991
476
-1453
-2359
-1619
-512
-330
-1441
-2697
-2435
-913
-149
-821
-1537
-1125
3
828
784
303
293
1031
1709
1655
1193
1049
1333
1561
1354
880
536
357
148
-197
-512
-745
-989
-1542
-2183
-2126
-1391
-1493
-2843
-3384
-1887
-441
-1122
-2587
-2447
-754
475
51
-1158
-1203
408
1868
1551
417
522
1913
2829
2195
1142
1155
2122
2523
1814
1021
1178
1472
1077
667
909
618
-509
-726
412
752
-382
-1213
-911
-348
-86
-246
-965
-1464
-877
-25
-89
-552
-516
-147
165
375
346
227
348
565
515
392
472
607
511
253
67
4
-28
-152
-422
-691
-790
-970
-1154
-1002
-824
-1359
-1921
-1429
-453
-641
-1678
-1815
-734
-7
-491
-1354
-1377
-377
397
-23
-898
-688
459
1092
607
40
326
1120
1522
1222
803
987
1717
2141
1831
1125
912
1686
2597
1941
145
-83
1719
2568
1009
-660
-528
587
1071
239
-1377
-2018
-887
154
-607
-1953
-1961
-947
-303
-577
-1234
-1357
-586
203
88
-449
-344
394
966
786
269
175
672
1014
679
76
-176
151
224
-257
-817
-750
-692
-1172
-1629
-1348
-1027
-1475
-2164
-2202
-1637
-1215
-1477
-2114
-2145
-1189
-243
-307
-835
-601
548
1548
1575
1058
1166
2158
3016
2949
2409
2476
3003
3072
2613
2544
2638
1887
879
1119
1887
1299
-253
-953
-626
-290
-519
-1456
-2579
-2646
-1623
-1162
-1909
-2560
-2196
-1279
-585
-539
-903
-833
28
866
952
640
730
1271
1689
1586
1136
861
921
970
659
87
-406
-508
-543
-1076
-1671
-1698
-1691
-2311
-2749
-2292
-1851
-2324
-2857
-2490
-1710
-1321
-1451
-1650
-1349
-319
577
605
323
776
1883
2661
2578
2108
2213
2957
3505
3147
2488
2451
2825
2529
1713
1488
1721
1070
-137
-269
491
304
-891
-1541
-1292
-936
-869
-1276
-2033
-2099
-1152
-528
-978
-1408
-915
-93
297
205
24
187
752
1164
941
538
570
918
969
532
-11
-207
-69
-152
-605
-1223
-1606
-1491
-1131
-1370
-2293
-2644
-1821
-1006
-1389
-2272
-2231
-1188
-351
-560
-1229
-1181
-178
679
547
91
356
1240
1741
1535
1251
1526
2013
2045
1684
1496
1706
1949
1902
1549
1096
832
1110
1598
1104
-271
-621
720
1539
422
-989
-892
174
709
145
-1052
-1531
-656
325
-40
-1050
-1208
-446
191
44
-535
-752
-294
196
39
-429
-515
-186
46
-91
-456
-670
-505
-273
-373
-771
-995
-873
-769
-801
-782
-807
-1139
-1238
-669
-121
-476
-1229
-1212
-386
190
-258
-1129
-1191
-201
577
242
-500
-437
413
1109
1032
499
326
886
1644
1743
1272
1120
1707
2239
1897
1226
1434
2169
1838
669
603
1687
1856
694
-151
110
653
633
-188
-1298
-1509
-678
-261
-1079
-1957
-1801
-1007
-538
-810
-1401
-1470
-752
-109
-231
-671
-639
-98
377
356
23
-76
216
429
278
-67
-303
-251
13
-56
-622
-968
-640
-282
-583
-1149
-1299
-1035
-812
-974
-1379
-1567
-1235
-814
-758
-867
-702
-247
161
381
528
761
1044
1309
1543
1746
1922
2113
2274
2311
2137
1880
1954
2313
1990
872
453
1341
1765
654
-529
-453
135
148
-500
-1423
-1860
-1299
-660
-1069
-1881
-1799
-1033
-529
-630
-931
-864
-272
286
242
-52
39
500
792
667
333
175
338
464
212
-215
-407
-458
-504
-545
-710
-1147
-1426
-1184
-855
-1052
-1593
-1751
-1364
-946
-992
-1342
-1465
-1016
-413
-216
-361
-272
223
690
957
1037
1108
1222
1560
1888
1909
1710
1790
2068
1962
1425
1252
1717
1712
664
-3
781
1560
822
-433
-608
87
516
58
-990
-1596
-1024
-157
-322
-1214
-1484
-821
-80
4
-448
-709
-271
349
402
5
-155
112
437
423
88
-166
-78
79
-52
-354
-613
-703
-595
-489
-772
-1188
-1146
-754
-687
-1026
-1276
-1167
-907
-784
-910
-1112
-1068
-720
-422
-387
-429
-215
160
465
597
715
881
1041
1206
1304
1436
1550
1729
1679
1395
1143
1504
2001
1496
262
156
1424
1884
655
-522
-291
570
826
115
-1038
-1432
-605
139
-408
-1374
-1392
-635
-73
-169
-658
-822
-289
271
137
-306
-278
136
373
187
-131
-169
93
174
-141
-437
-523
-489
-443
-464
-814
-1179
-1058
-650
-672
-1093
-1360
-1257
-962
-811
-1002
-1299
-1195
-746
-430
-446
-438
-156
298
626
723
820
1068
1346
1483
1571
1686
1881
1997
1744
1346
1541
2119
1811
558
184
1231
1803
773
-403
-409
284
636
97
-1020
-1540
-840
-111
-508
-1362
-1459
-807
-215
-168
-560
-719
-263
305
310
-23
-49
256
469
365
131
96
254
208
-214
-484
-424
-389
-659
-974
-1192
-1225
-1082
-1010
-1272
-1594
-1517
-1165
-1038
-1221
-1353
-1196
-869
-608
-520
-454
-187
242
574
761
976
1265
1468
1599
1748
1935
1938
1851
1855
1832
1497
1247
1484
1439
662
162
796
1190
389
-458
-325
96
25
-417
-1001
-1235
-735
-196
-574
-1201
-1003
-246
98
-150
-470
-423
121
592
441
-39
-36
470
746
475
32
-93
71
125
-180
-621
-819
-883
-947
-1029
-1164
-1478
-1621
-1374
-1125
-1306
-1617
-1531
-1131
-857
-910
-1021
-866
-369
64
148
80
293
797
1231
1399
1310
1282
1572
2071
2144
1725
1497
1729
1732
1380
1336
1317
611
52
669
1248
406
-745
-662
78
253
-289
-1069
-1446
-855
-25
-249
-1153
-1281
-506
132
131
-268
-527
-169
493
624
127
-183
66
443
438
87
-235
-244
-71
-114
-475
-949
-1084
-848
-710
-1181
-1656
-1414
-838
-861
-1330
-1449
-1044
-608
-558
-786
-840
-401
132
239
109
262
686
1019
1134
1167
1208
1411
1681
1792
1627
1546
1512
1319
1226
1452
1207
283
61
949
1241
135
-704
-296
323
207
-421
-1090
-1200
-515
0
-531
-1254
-1000
-182
141
-172
-552
-513
-14
378
157
-313
-315
102
324
105
-231
-301
-99
-19
-246
-544
-738
-726
-586
-630
-1039
-1237
-864
-518
-757
-1122
-1008
-588
-375
-562
-820
-686
-151
197
63
-109
166
688
1007
1036
916
913
1259
1758
1866
1497
1077
1025
1466
1917
1382
68
-180
1135
1768
456
-903
-602
402
606
-156
-1208
-1514
-674
93
-428
-1412
-1385
-544
-29
-219
-655
-752
-321
154
93
-273
-339
-56
163
81
-114
-145
-1
40
-94
-327
-470
-332
-51
-252
-915
-999
-232
148
-532
-1234
-992
-238
56
-434
-1079
-977
-85
483
58
-541
-256
671
1213
903
356
577
1509
1992
1514
846
820
1437
2042
1613
278
-193
1091
2004
838
-784
-703
397
769
4
-1187
-1670
-872
82
-343
-1514
-1711
-844
-160
-257
-812
-1090
-647
16
59
-379
-506
-134
212
224
43
-38
91
216
151
-143
-275
-51
178
-180
-697
-542
69
93
-559
-944
-619
-110
-88
-615
-1044
-722
24
220
-247
-515
-85
671
1037
761
366
663
1479
1950
1522
752
663
1648
2314
1307
-144
229
1713
1683
114
-766
-249
440
355
-566
-1586
-1525
-530
-263
-1216
-1867
-1359
-555
-360
-742
-1100
-872
-196
103
-247
-566
-315
171
319
92
-127
-33
279
319
-52
-325
-47
207
-164
-645
-435
71
-35
-629
-869
-486
-35
-100
-634
-924
-441
243
256
-224
-296
275
881
1003
753
696
1129
1671
1767
1363
1038
1260
1813
1716
816
333
1014
1563
804
-279
-382
159
256
-383
-1284
-1631
-1122
-638
-1114
-1922
-1874
-1111
-669
-882
-1257
-1179
-596
-58
-111
-463
-421
73
464
412
113
-29
258
536
330
-98
-72
200
106
-240
-280
-85
-126
-404
-582
-513
-355
-345
-545
-726
-548
-145
54
-53
-54
217
585
866
976
1003
1093
1446
1750
1620
1220
1353
1865
1722
850
629
1380
1609
614
-284
-128
332
181
-590
-1477
-1717
-1118
-733
-1387
-2216
-2072
-1272
-816
-1069
-1531
-1518
-821
-149
-212
-707
-721
-65
539
492
14
-111
353
765
539
95
17
217
325
249
62
-153
-207
-97
-83
-265
-428
-447
-424
-342
-220
-136
-147
-56
194
478
629
680
789
979
1270
1445
1292
1033
1331
1827
1493
684
816
1608
1471
468
10
303
501
231
-431
-1152
-1230
-696
-667
-1465
-1979
-1619
-1123
-1095
-1384
-1613
-1429
-908
-634
-869
-1058
-742
-287
-165
-332
-363
-193
55
139
62
-47
47
301
405
241
105
251
435
386
210
146
216
339
345
196
147
375
618
580
458
545
829
1003
972
877
846
842
961
1205
1098
469
254
959
1414
676
-225
-156
423
550
25
-784
-1186
-711
-125
-488
-1382
-1582
-1028
-564
-638
-1082
-1397
-1134
-587
-498
-882
-1071
-870
-624
-552
-574
-735
-842
-662
-351
-364
-580
-515
-192
-45
-138
-115
95
284
341
346
403
613
876
962
867
920
1225
1456
1364
1207
1307
1490
1495
1332
1100
912
1027
1229
863
123
111
755
769
-111
-694
-471
-94
-171
-724
-1336
-1352
-744
-471
-982
-1455
-1219
-667
-437
-603
-866
-832
-444
-153
-293
-576
-580
-385
-226
-341
-646
-800
-575
-421
-682
-994
-900
-599
-539
-702
-780
-581
-242
-47
-112
-133
166
598
779
745
870
1216
1501
1575
1606
1692
1797
1912
1898
1616
1418
1660
1760
1123
522
845
1274
708
-219
-440
-160
-113
-461
-1118
-1632
-1422
-815
-858
-1531
-1811
-1351
-780
-633
-888
-1170
-979
-388
-61
-342
-701
-554
-132
-40
-351
-553
-423
-308
-432
-592
-597
-501
-458
-548
-681
-584
-309
-197
-337
-352
-88
251
452
518
607
773
1028
1290
1436
1421
1432
1539
1545
1443
1551
1676
1283
703
847
1371
1182
307
-154
68
297
98
-462
-1038
-1103
-625
-455
-963
-1388
-1147
-677
-527
-663
-830
-775
-440
-191
-352
-607
-441
-200
-359
-639
-494
-246
-427
-820
-844
-510
-322
-535
-894
-923
-508
-124
-251
-641
-594
-22
462
438
228
342
790
1191
1267
1147
1095
1345
1577
1408
1074
1215
1514
1167
502
572
1134
987
142
-369
-216
62
-3
-577
-1293
-1329
-660
-375
-929
-1409
-1136
-555
-257
-357
-654
-711
-273
151
80
-202
-279
-163
45
242
93
-337
-466
-133
96
-127
-503
-663
-509
-241
-160
-399
-591
-389
16
202
163
170
295
495
754
958
929
792
862
1040
1036
952
967
847
512
482
857
934
312
-268
-191
189
152
-389
-999
-1124
-692
-333
-653
-1240
-1255
-680
-268
-440
-795
-858
-510
-150
-97
-381
-612
-482
-61
80
-251
-564
-372
28
92
-185
-383
-244
75
256
118
2
223
604
742
676
748
972
1125
1107
1121
1208
1237
1159
1036
896
780
853
854
384
-180
-57
433
204
-660
-1122
-863
-545
-677
-1273
-1794
-1663
-1062
-846
-1246
-1529
-1177
-555
-298
-449
-552
-270
183
375
154
-71
126
572
530
-40
-333
55
435
132
-525
-794
-411
55
-24
-630
-871
-294
425
484
116
111
623
1244
1491
1372
1183
1398
1905
2107
1677
1340
1585
1797
1375
881
917
1007
615
-21
-396
-496
-526
-828
-1506
-2053
-1952
-1593
-1741
-2234
-2415
-2078
-1600
-1413
-1564
-1698
-1329
-697
-501
-766
-724
-172
215
119
20
229
555
684
556
365
435
735
827
553
359
547
863
968
838
703
770
1081
1309
1205
932
899
1114
1156
955
842
885
722
467
549
831
657
112
-163
-41
56
-128
-569
-1038
-1106
-743
-638
-1083
-1450
-1264
-888
-798
-986
-1263
-1187
-822
-705
-1065
-1161
-819
-650
-877
-978
-737
-488
-463
-660
-734
-473
-30
29
-222
-241
275
858
1062
961
940
1291
1870
2210
1946
1592
1709
2109
2061
1664
1419
1324
1093
911
961
817
280
-195
-299
-332
-546
-913
-1400
-1714
-1596
-1376
-1525
-1813
-1832
-1567
-1285
-1163
-1205
-1154
-914
-667
-572
-449
-303
-231
-198
-68
119
181
128
24
-10
97
257
189
-11
1
268
536
652
636
631
824
1207
1470
1331
1134
1182
1423
1380
1291
1141
899
642
728
991
769
261
-173
-76
34
-84
-600
-1125
-1298
-1019
-840
-1196
-1568
-1566
-1219
-995
-1013
-1164
-1183
-994
-799
-684
-715
-759
-741
-565
-369
-308
-362
-409
-358
-230
-76
-56
-121
-69
155
451
715
862
888
1010
1419
1849
1917
1713
1639
1789
1931
1935
1742
1337
965
1032
1328
1155
393
-238
-236
11
-141
-829
-1547
-1702
-1324
-1139
-1576
-2095
-2045
-1569
-1279
-1355
-1545
-1532
-1223
-807
-650
-766
-789
-539
-224
-60
-33
-44
-7
105
222
242
210
201
226
293
488
715
753
672
794
1136
1306
1244
1142
1095
1053
1177
1326
1100
581
480
912
1139
731
166
0
185
350
139
-428
-857
-712
-390
-479
-851
-1030
-948
-796
-694
-750
-950
-1028
-861
-715
-784
-892
-875
-790
-727
-695
-693
-712
-669
-568
-476
-426
-339
-163
51
297
518
637
766
1085
1441
1504
1392
1428
1564
1551
1463
1401
1156
820
753
926
818
372
-29
-154
-144
-218
-503
-941
-1187
-1099
-951
-1056
-1255
-1281
-1140
-962
-858
-870
-887
-699
-435
-357
-409
-312
-76
96
89
6
-7
123
258
222
73
34
140
253
351
419
421
406
562
822
934
866
806
810
819
860
898
783
481
326
495
691
504
93
-117
-77
-41
-153
-436
-759
-877
-757
-742
-929
-1077
-1025
-943
-961
-988
-954
-848
-773
-772
-790
-630
-357
-191
-224
-249
-95
178
375
354
248
286
539
779
826
738
722
899
1143
1225
1087
986
1023
1070
950
771
627
514
327
157
117
116
-46
-294
-392
-387
-424
-524
-648
-799
-830
-726
-719
-842
-846
-685
-603
-665
-701
-635
-501
-412
-482
-617
-571
-344
-214
-313
-443
-403
-182
11
38
-38
39
301
532
653
732
852
967
1081
1172
1233
1159
1059
1008
964
835
686
556
395
219
87
15
-110
-317
-498
-558
-576
-625
-714
-779
-799
-776
-717
-639
-585
-546
-484
-377
-239
-123
-76
-68
7
106
146
110
50
-16
-13
-19
-93
-175
-162
-106
-80
-78
-53
39
155
202
153
166
256
321
301
267
251
274
322
310
239
179
179
171
123
72
37
4
-5
5
14
29
38
28
16
59
119
121
68
12
-18
2
29
-18
-150
-264
-270
-228
-232
-333
-462
-512
-446
-364
-363
-422
-446
-358
-197
-81
-54
-45
46
195
308
325
301
314
394
480
505
467
419
427
462
469
416
325
240
203
199
169
87
-32
-94
-78
-53
-102
-200
-265
-254
-204
-186
-232
-310
-328
-272
-208
-226
-298
-348
-324
-260
-227
-265
-320
-326
-277
-210
-190
-213
-226
-168
-83
-23
4
28
66
112
166
204
222
229
235
248
259
255
241
234
221
198
183
176
165
150
136
118
118
153
192
210
212
225
262
314
337
313
280
268
277
285
267
198
117
68
47
7
-74
-184
-290
-358
-405
-472
-574
-672
-723
-734
-731
-744
-751
-721
-645
-563
-486
-399
-287
-167
-53
42
125
219
323
412
456
471
488
519
543
532
474
411
382
362
323
258
191
145
127
109
81
42
17
7
12
17
22
19
26
59
106
142
158
164
167
189
206
186
122
67
31
-3
-70
-173
-267
-313
-328
-376
-459
-528
-537
-507
-486
-499
-528
-509
-441
-370
-333
-311
-269
-184
-90
-33
2
53
135
208
250
281
332
397
447
468
482
512
551
567
547
511
479
461
427
362
284
223
177
131
67
-5
-67
-124
-191
-261
-319
-369
-412
-451
-474
-476
-467
-459
-454
-433
-379
-319
-283
-271
-248
-188
-107
-52
-46
-48
-13
60
109
102
68
60
99
139
137
115
109
136
169
198
218
237
265
285
298
317
360
398
400
374
362
379
401
377
304
238
222
218
169
69
-37
-100
-120
-160
-264
-383
-450
-466
-477
-524
-600
-652
-646
-612
-591
-586
-579
-548
-488
-416
-351
-289
-220
-153
-77
15
111
187
242
297
366
454
528
561
570
599
652
691
676
614
560
548
549
497
392
291
248
247
228
142
20
-57
-64
-63
-108
-209
-303
-327
-295
-287
-341
-424
-465
-442
-400
-411
-485
-545
-533
-470
-432
-461
-525
-532
-457
-365
-343
-386
-411
-354
-228
-129
-112
-118
-49
106
274
372
397
431
546
696
783
778
738
741
793
826
784
696
625
598
577
512
399
286
206
146
73
-24
-123
-203
-264
-324
-382
-433
-478
-516
-553
-580
-587
-578
-575
-577
-564
-520
-464
-416
-392
-375
-334
-276
-222
-198
-180
-154
-110
-61
-25
-1
26
62
99
137
177
218
246
270
295
337
396
447
459
461
479
522
559
556
508
459
445
453
432
359
265
188
150
117
51
-54
-156
-230
-274
-313
-378
-461
-531
-566
-568
-555
-556
-569
-576
-554
-504
-441
-396
-370
-340
-284
-203
-118
-55
-13
37
106
183
247
281
301
326
366
396
410
409
406
416
422
418
399
378
358
335
303
265
230
202
169
124
80
39
12
-20
-66
-127
-178
-210
-228
-245
-275
-309
-330
-327
-314
-307
-317
-341
-352
-337
-309
-287
-285
-295
-284
-242
-188
-150
-134
-122
-84
-19
48
91
113
145
200
266
312
330
335
347
372
386
375
350
325
308
290
257
213
172
136
106
72
35
0
-29
-54
-79
-108
-132
-146
-157
-168
-179
-191
-198
-196
-189
-184
-188
-196
-200
-198
-187
-177
-178
-182
-184
-173
-149
-127
-117
-110
-99
-72
-31
5
31
54
85
132
187
235
264
285
309
340
369
379
362
337
319
308
290
245
182
122
78
40
-14
-86
-158
-205
-231
-262
-308
-352
-370
-359
-346
-351
-359
-341
-290
-231
-200
-187
-159
-98
-28
14
24
36
78
137
172
169
155
167
204
232
221
192
179
193
211
201
168
143
143
149
142
118
98
95
100
93
76
66
68
69
55
31
15
14
13
-12
-51
-79
-87
-95
-126
-178
-223
-239
-243
-262
-298
-334
-344
-328
-310
-306
-312
-306
-277
-232
-188
-152
-120
-81
-28
38
106
163
199
224
263
319
376
400
387
365
369
392
394
354
285
230
210
192
145
69
-5
-45
-61
-83
-125
-173
-197
-197
-186
-187
-199
-204
-196
-181
-167
-158
-150
-138
-124
-107
-83
-55
-34
-26
-19
-2
29
51
51
36
30
44
62
60
37
15
10
17
16
2
-13
-19
-14
-6
-1
10
27
46
63
78
93
113
127
130
129
133
143
143
124
97
85
86
75
34
-16
-49
-52
-62
-107
-170
-206
-199
-181
-188
-222
-245
-215
-156
-115
-112
-124
-103
-33
38
64
53
51
94
159
196
174
134
120
144
169
149
85
23
10
35
44
3
-66
-105
-84
-49
-57
-110
-152
-136
-75
-37
-55
-84
-76
-17
44
56
30
19
50
104
131
114
84
86
121
149
138
102
80
87
99
88
53
23
9
4
-5
-23
-42
-60
-73
-78
-82
-87
-98
-114
-120
-114
-106
-105
-112
-119
-110
-90
-71
-66
-70
-69
-57
-40
-33
-38
-47
-48
-41
-34
-35
-41
-44
-40
-34
-31
-27
-20
-7
8
23
35
54
79
108
129
144
160
183
208
228
233
229
222
219
216
205
182
149
118
98
82
57
21
-16
-46
-66
-81
-100
-122
-145
-163
-171
-165
-156
-154
-158
-160
-143
-109
-83
-79
-90
-94
-75
-46
-35
-54
-85
-94
-76
-55
-62
-92
-118
-113
-88
-77
-92
-111
-109
-84
-51
-29
-23
-12
17
60
106
146
170
191
218
254
292
317
321
318
321
329
332
311
271
222
185
150
101
34
-40
-100
-137
-170
-213
-264
-302
-315
-314
-309
-315
-318
-306
-273
-229
-189
-155
-122
-81
-36
2
30
50
63
73
76
77
76
68
53
37
26
24
10
-15
-37
-41
-32
-29
-38
-40
-21
15
44
59
69
95
135
170
180
172
172
186
201
196
160
113
87
78
64
22
-38
-88
-106
-111
-127
-160
-195
-205
-189
-164
-159
-164
-160
-128
-76
-36
-17
-5
24
73
116
133
131
132
146
166
169
145
112
95
92
86
58
14
-21
-30
-30
-42
-72
-98
-99
-81
-72
-76
-85
-81
-59
-37
-30
-33
-34
-22
-5
3
-8
-25
-31
-25
-24
-37
-60
-76
-80
-79
-87
-99
-105
-101
-88
-75
-63
-43
-13
17
41
62
86
123
163
185
185
186
207
245
260
239
205
199
223
228
189
131
103
111
114
74
15
-22
-24
-27
-58
-115
-165
-186
-197
-212
-241
-276
-299
-306
-299
-292
-292
-302
-306
-290
-254
-211
-182
-162
-139
-96
-35
27
65
80
95
130
185
225
228
205
198
220
248
236
191
147
141
159
155
119
76
67
87
107
97
70
59
81
116
128
110
89
99
132
148
126
82
56
55
51
14
-47
-97
-123
-139
-169
-218
-267
-296
-309
-316
-324
-339
-353
-346
-318
-275
-236
-209
-183
-130
-61
5
45
66
98
150
200
229
235
238
256
281
293
284
261
238
221
204
184
150
108
65
30
9
-9
-41
-86
-121
-138
-142
-154
-181
-208
-214
-202
-185
-177
-178
-163
-132
-92
-56
-30
-13
12
50
87
108
116
119
133
165
178
165
146
137
146
147
117
73
55
61
61
39
4
-6
13
32
26
10
9
31
52
62
61
62
69
75
76
76
71
51
19
-19
-41
-61
-91
-148
-203
-234
-244
-263
-309
-357
-374
-365
-359
-373
-386
-361
-307
-258
-231
-197
-132
-40
33
76
113
181
267
335
366
379
404
445
472
465
440
421
401
370
322
272
228
183
125
60
13
-22
-56
-104
-146
-174
-182
-192
-211
-228
-228
-215
-201
-187
-176
-162
-144
-126
-111
-95
-93
-100
-107
-108
-107
-107
-116
-133
-143
-142
-126
-109
-102
-103
-93
-62
-20
15
31
51
88
135
174
192
206
226
249
266
271
269
263
250
233
217
196
172
143
108
79
55
30
8
-19
-49
-71
-83
-85
-96
-119
-144
-149
-137
-131
-152
-180
-187
-171
-158
-171
-196
-204
-188
-171
-169
-175
-169
-136
-100
-75
-57
-25
19
69
105
135
165
201
235
258
276
287
289
286
281
272
255
227
189
153
121
85
40
-6
-44
-80
-113
-145
-169
-183
-199
-222
-238
-225
-206
-196
-205
-209
-177
-126
-99
-106
-112
-86
-31
-1
-19
-49
-49
-18
4
-10
-41
-53
-34
-9
-6
-23
-35
-28
-4
17
23
23
33
63
104
134
149
155
174
204
233
240
235
235
244
251
247
230
210
190
169
140
101
58
11
-30
-65
-94
-121
-150
-173
-190
-204
-209
-215
-225
-234
-237
-227
-208
-203
-205
-201
-178
-149
-130
-125
-119
-103
-85
-66
-58
-48
-36
-17
-1
8
12
26
48
62
65
66
79
103
123
135
141
156
177
199
213
221
225
236
253
262
256
248
249
251
242
213
179
150
125
89
38
-14
-56
-91
-125
-170
-220
-259
-285
-303
-319
-342
-365
-370
-360
-339
-319
-307
-293
-261
-212
-161
-120
-92
-66
-23
28
70
89
91
97
125
154
166
158
142
143
155
167
159
137
126
139
156
154
135
123
137
159
166
152
140
146
161
165
150
120
99
96
87
63
24
-13
-44
-63
-88
-120
-154
-184
-211
-234
-254
-269
-280
-296
-306
-307
-286
-257
-235
-220
-190
-140
-85
-42
-18
1
44
103
144
156
161
187
237
275
277
262
259
278
285
263
225
199
184
171
133
86
60
31
-3
-45
-83
-105
-133
-163
-189
-195
-196
-207
-210
-202
-173
-150
-140
-134
-118
-84
-48
-33
-34
-21
7
45
59
52
50
65
87
94
77
55
50
57
60
53
49
53
63
67
57
57
52
65
72
64
60
57
81
95
77
58
40
49
55
36
18
-1
-12
-33
-45
-67
-100
-128
-140
-141
-145
-166
-189
-197
-202
-196
-196
-213
-215
-194
-163
-150
-156
-153
-114
-77
-55
-38
-27
3
31
81
117
155
176
200
240
267
279
284
293
296
275
255
256
239
210
171
132
118
88
41
-6
-46
-73
-108
-125
-151
-145
-150
-169
-183
-186
-179
-175
-195
-203
-162
-114
-82
-81
-75
-60
-27
4
16
18
19
23
38
57
63
49
34
49
70
71
73
52
35
41
43
49
31
-1
12
12
31
39
48
36
18
34
42
43
8
-28
-28
-8
33
65
36
2
3
10
30
18
-31
-62
-30
11
13
-17
-65
-43
-23
-31
-40
-53
-69
-78
-92
-85
-66
-63
-59
-52
-51
-28
-6
-35
-49
-14
23
63
76
63
90
118
129
142
155
162
176
170
160
144
132
136
104
70
67
71
27
-36
-95
-124
-127
-136
-177
-216
-238
-239
-204
-217
-219
-211
-185
-131
-108
-104
-69
-7
37
56
52
73
108
119
107
107
85
84
93
67
64
52
8
-23
-30
-67
-76
-71
-75
-56
-25
-24
-20
-15
-4
-10
-4
24
31
45
74
94
94
95
99
77
52
31
-3
21
47
14
9
45
57
69
53
39
97
112
73
84
59
52
85
61
-1
0
-28
-53
-60
-87
-141
-177
-226
-161
-136
-106
-73
-96
-154
-75
-15
-173
-287
-1487
-1811
-62
546
-1014
-1356
960
2568
1738
786
887
807
790
138
-1440
-1061
234
656
-120
429
959
1056
477
114
-370
-1178
-1014
-941
-602
-983
-180
363
708
334
255
560
111
1
-245
-105
-370
-168
-107
288
72
214
46
447
319
-300
-204
-98
329
-613
-696
26
477
-803
-306
72
210
-56
-197
154
-142
165
208
-241
-307
433
294
-30
-107
446
589
-16
-371
558
576
-191
436
289
676
239
275
414
40
-58
-1361
-957
-493
-524
-1029
-674
246
585
1416
739
476
353
380
-230
-714
-436
-301
-798
-413
976
91
-50
-121
299
-73
-293
-2022
-2183
-522
-468
-1564
-2436
-132
1185
1129
1186
554
1416
1495
717
105
-257
-304
-140
515
-59
585
1154
1670
1266
708
-205
-213
71
-495
-1405
-1176
-120
217
-470
30
593
467
-916
-86
471
-573
-1228
-267
503
-270
-342
-115
1116
-428
-57
323
487
-694
-151
803
58
-546
-71
308
454
-238
-390
23
233
211
-108
33
-428
102
408
-22
-997
15
889
83
-586
380
471
283
15
623
553
-946
671
469
287
-891
228
684
32
-257
260
70
-773
695
110
-732
-559
123
622
-256
-500
299
-85
-306
-120
189
-456
-500
289
301
-924
-360
188
-1121
-741
-138
-936
-1317
-298
451
323
-436
242
1514
1046
147
227
1097
506
584
807
656
177
599
921
779
-716
-77
315
-823
-589
-593
-850
-962
-105
68
-949
-610
54
461
-326
-763
626
77
-546
545
507
-341
-197
484
895
-741
-721
1046
325
-985
-148
356
470
-991
-465
957
-238
-1109
443
208
-73
155
-643
263
-40
-60
624
-233
-189
440
785
-162
-418
455
801
-130
128
162
531
475
-393
622
310
-462
-608
296
26
-770
-37
215
70
-487
74
-118
-126
-232
-332
7
-395
-320
458
-148
-377
452
-241
182
98
-245
-95
168
-203
185
324
-530
-57
636
766
-722
-152
925
527
-344
-380
-65
633
224
-701
303
424
28
216
738
-335
162
435
254
-601
-455
488
13
-595
-339
-46
-307
-134
-182
184
-326
-207
168
139
-532
-337
72
395
-717
-69
343
-347
-273
434
138
-234
-229
567
417
-667
9
887
207
-1031
-113
649
-90
-800
71
516
28
-364
756
271
-417
17
382
-232
-408
401
-18
-86
30
948
279
-378
7
842
171
-922
-454
318
70
-1005
75
39
-109
85
92
12
-385
106
91
34
-589
-255
65
44
371
-86
-117
230
985
407
-572
-485
404
746
-822
-531
151
147
-451
84
268
97
129
90
345
-226
-44
1
-1
-377
36
358
8
-140
284
848
-58
-205
229
38
-231
-163
-305
-287
173
-279
-164
-339
-6
548
-239
-741
19
547
62
-685
-155
263
74
-52
-185
-266
216
440
171
34
-2
780
373
-298
-42
154
-132
-272
-108
385
-133
-316
177
266
-236
-89
158
17
-55
-216
131
284
88
-33
101
-101
317
29
-270
-135
-145
-135
-152
68
-389
-183
390
132
-506
-421
507
479
-528
-543
423
626
-148
-212
99
199
262
47
-15
-80
155
257
-444
-102
280
148
-302
-235
-369
480
51
-506
-86
-166
89
162
-15
-429
515
271
-48
18
185
4
101
83
-72
-53
126
124
32
22
64
269
-122
-197
257
-83
-500
16
-58
-44
-231
-28
-69
1
-134
15
100
26
-19
-372
-90
265
206
-310
-174
319
228
-290
-93
274
294
-213
-25
387
6
-267
55
284
-148
-23
77
17
-296
-128
270
59
-214
-405
193
509
24
-382
242
553
237
-153
-435
3
-16
-274
-154
-20
-81
181
271
61
-122
-64
282
73
-541
-210
125
-160
-48
139
166
250
-227
105
285
-42
-59
-160
-114
-59
71
-125
37
46
371
-21
-367
-30
-57
-156
-376
-52
148
95
-207
-1
416
321
368
-81
-28
368
273
30
128
202
85
-48
-109
-62
-138
-194
141
106
-241
-150
28
-153
-86
60
-200
-197
-252
-93
-112
93
52
-33
115
148
12
-142
88
54
-75
-296
146
21
-217
-54
121
23
-320
-69
108
-161
-174
117
140
-222
-206
402
326
-141
-51
320
320
37
-34
34
110
45
111
30
98
323
141
12
210
229
-182
-100
14
-183
-311
-153
-27
-103
-210
-137
97
-169
-172
103
15
-399
-249
106
-74
-93
-138
-111
95
350
150
-255
-122
399
398
-168
-324
131
297
-63
-206
-63
55
-10
-27
-100
-18
135
114
36
19
73
114
19
41
218
66
35
224
187
41
185
323
274
-111
-27
137
-23
-197
-175
-211
-197
-258
-248
-359
-224
121
104
19
-114
125
202
51
-222
-147
-29
-55
-35
-70
-42
139
318
184
101
-71
-132
-88
-215
-254
-240
-361
-231
0
49
103
94
234
353
370
242
24
-105
134
324
-79
-154
74
168
188
128
158
217
54
155
185
-247
-390
-55
-158
-331
-381
-240
-54
-151
-184
-67
19
95
105
-48
68
42
37
21
53
4
-31
123
104
106
59
96
108
59
19
0
-11
-201
-127
-61
-47
-215
-68
11
-120
-46
26
-20
16
166
33
104
3
65
94
72
15
-83
25
20
10
82
-32
-101
15
35
-88
-165
-135
12
-3
-126
30
6
-23
-5
-20
66
117
41
36
166
200
125
116
48
13
-31
-112
-228
-67
16
-240
-111
96
91
-2
129
160
89
-49
-73
31
-62
-143
29
176
42
66
162
231
195
36
-16
10
-117
-155
-83
-9
-34
-134
-81
-37
-46
-109
-76
-48
-198
-126
-24
-123
-69
39
-48
-2
91
85
53
-9
61
247
132
-28
113
160
37
11
118
108
46
-18
-107
-87
-102
-103
1
-64
-134
26
-65
-195
-119
-64
19
18
-136
-70
40
-11
66
45
117
164
148
99
-23
-52
42
78
-48
-143
-118
-20
-34
-61
-6
3
15
92
58
-114
-141
-51
0
72
40
-12
99
169
106
207
214
146
181
8
-107
-35
-10
-39
-69
-142
-96
-53
-191
-152
-46
-37
-15
-7
-57
-68
18
62
101
39
2
42
-4
-27
-80
-75
-100
-47
-69
-162
-61
28
44
55
134
8
-74
-45
-79
-20
-51
19
118
161
170
169
252
250
308
266
142
49
-12
-51
-67
-33
-134
-153
-97
-26
22
-43
-67
-39
38
-15
-86
-95
-185
-137
4
-39
-100
-11
-12
-21
60
4
-6
63
1
-24
-39
-65
9
14
-54
-31
-28
-110
-117
-85
-39
45
56
27
5
27
54
66
14
-89
-8
111
92
72
75
79
177
231
76
-85
-58
49
39
-27
-79
-17
144
179
52
-93
-129
-55
-28
-172
-283
-271
-169
-50
-70
-105
-73
41
128
48
-90
-78
42
44
44
69
27
139
274
193
154
122
22
27
-49
-223
-180
-91
-123
-57
-22
-63
33
101
-12
-46
16
21
64
44
-32
-5
82
131
119
66
-8
3
81
86
9
15
12
-3
40
-33
-110
-100
-87
-86
-39
-10
39
59
-18
52
76
18
31
-53
-154
-106
-58
-79
-62
-38
38
131
95
34
-8
-55
-23
-10
-114
-117
1
47
62
60
48
113
152
147
106
4
18
94
56
-15
-37
-71
-56
-20
-65
-86
-47
-24
-36
-71
-99
-58
-4
5
10
23
27
37
56
19
-22
-29
-25
-18
-23
-18
6
38
56
66
46
-3
-26
-54
-101
-114
-94
-79
-16
45
30
20
27
55
101
85
48
57
73
67
74
80
59
82
122
48
-42
-47
-39
-22
-3
-69
-134
-122
-127
-110
-44
-24
10
63
-1
-54
14
18
-6
13
-39
-63
21
40
-8
-3
6
13
28
-42
-138
-135
-97
-75
-31
-26
-50
23
81
40
59
102
58
56
41
-69
-63
32
53
97
120
43
61
107
54
63
58
-54
-63
-55
-144
-131
-92
-108
-15
64
27
13
-19
-36
44
45
-30
-60
-90
-46
58
66
46
70
112
165
143
66
40
31
38
36
-64
-125
-84
-59
-53
-82
-134
-101
-44
-48
-63
-90
-73
14
38
-11
-58
-64
16
89
87
64
33
56
144
160
115
90
52
61
82
15
-36
-53
-69
-3
17
-57
-51
-34
-52
-6
-27
-96
-42
-4
-28
-13
-44
-47
51
53
-24
-43
-49
2
111
105
52
80
106
107
75
-2
-30
6
14
-31
-100
-109
-21
44
24
-42
-97
-72
5
4
-42
-49
-33
20
61
-7
-61
-26
-10
10
27
-48
-87
-37
-38
-22
23
-4
9
54
24
29
43
-3
5
7
-41
-26
-16
-20
41
52
23
27
-20
-47
-22
-48
-47
-4
-25
-35
-22
-59
-46
0
3
19
40
38
45
48
27
32
61
86
86
63
39
31
65
112
96
56
20
-34
-47
-35
-65
-79
-57
-58
-33
10
-6
-17
-7
-43
-55
-37
-63
-68
-32
-26
-7
30
21
17
39
36
26
23
13
28
59
67
47
6
-21
-34
-66
-98
-126
-138
-82
-24
-10
27
61
84
134
116
44
29
29
23
39
-7
-61
-34
-16
-6
25
14
24
69
36
-20
-41
-78
-62
-21
-55
-75
-42
-6
58
104
80
69
74
57
41
14
-19
-26
-18
-10
-15
-12
15
22
15
20
-15
-50
-47
-89
-127
-101
-101
-89
-36
-48
-54
1
-5
-20
3
-32
-37
29
32
23
53
39
47
103
88
55
60
30
20
47
18
-17
-7
-19
-22
3
-19
-46
-42
-59
-68
-41
-32
-19
24
44
53
69
55
32
15
-1
-5
3
14
32
34
44
62
53
49
34
-27
-52
-52
-80
-62
-42
-62
-15
41
34
56
42
-22
-6
7
