-135
-82
-105
-197
-293
-262
-125
107
286
363
317
232
113
8
-77
-146
-209
-257
-247
-135
45
209
326
349
270
119
-15
-84
-112
-115
-79
-20
58
129
162
180
156
87
-41
-196
-307
-342
-271
-138
16
145
232
250
156
-33
-230
-365
-340
-228
-60
90
186
212
173
108
17
-79
-198
-292
-302
-223
-99
-15
47
93
114
135
136
113
69
-8
-98
-150
-174
-148
-73
13
87
132
162
140
85
-7
-117
-187
-188
-110
6
135
204
227
214
173
104
16
-33
-73
-97
-102
-43
33
82
101
55
9
-35
-70
-82
-96
-90
-46
21
68
90
84
77
85
84
60
12
-21
-35
-36
-57
-55
-37
1
23
7
13
23
38
28
4
-24
-38
-11
15
28
23
10
1
-24
-55
-111
-119
-98
-104
-111
-105
-29
11
-14
-49
-68
-48
-26
-3
-23
-3
44
81
73
32
27
-5
-54
-129
-91
5
131
304
357
358
326
220
15
-238
-241
-58
175
386
470
468
424
368
256
114
55
58
-18
-127
10
302
472
421
242
202
216
185
87
-7
121
325
229
-198
-472
-308
-2
163
34
-264
-619
-1085
-2260
-4838
-6817
-5127
-81
3395
2417
-897
-2278
-544
1310
427
-2045
-2399
-646
822
341
-490
57
1813
3277
3531
3091
2694
2243
1123
-390
-974
178
1677
2558
2906
2943
2735
2145
1528
1008
595
90
-326
-148
570
702
-278
-1210
-1190
-538
-495
-807
-1168
-1441
-1916
-2502
-2700
-2372
-1864
-1930
-2165
-1951
-1594
-1970
-2587
-2563
-1878
-1127
-762
-675
-679
-551
-394
-253
213
946
1480
1643
1830
2124
2314
2404
2630
2992
3163
2409
1059
688
1786
2988
2942
2359
1951
1635
1039
418
-284
-1094
-1819
-1809
-1203
-504
-580
-1696
-2398
-2244
-1655
-1570
-1599
-1551
-1708
-1605
-1296
-928
-1165
-1500
-1567
-788
161
380
-409
-1207
-1339
-1070
-489
49
447
262
218
216
269
215
113
136
538
1541
2305
2392
1988
1668
1686
2092
2639
2395
1245
507
1074
2172
2557
2101
1407
875
481
97
-480
-1130
-1915
-2303
-1856
-869
-416
-1090
-1818
-2008
-1609
-1281
-1196
-1311
-1412
-1188
-892
-544
-508
-862
-1350
-1269
-839
-699
-929
-994
-889
-855
-751
-544
-307
-280
-266
-277
-67
245
439
582
731
1022
1430
2077
2676
2958
3006
3053
2741
1623
508
568
1636
2537
2696
2435
2045
1441
665
-330
-1263
-1961
-2149
-1668
-915
-328
-615
-1160
-1609
-1882
-2126
-2180
-1819
-1539
-1193
-908
-609
-756
-1274
-2058
-2374
-2039
-1308
-816
-492
-406
-750
-1029
-1046
-764
-809
-655
-299
447
990
1226
1078
956
1173
1582
2207
2884
3627
3997
3818
2617
1301
829
1434
2049
2339
2701
3049
2963
2162
954
-626
-1997
-2937
-2773
-1926
-909
-737
-1008
-1248
-1598
-2178
-2912
-3055
-3008
-2421
-1691
-872
-502
-728
-1615
-2505
-2596
-2046
-1545
-1243
-750
-257
104
119
-183
-855
-1220
-943
-182
729
1450
1897
2015
2145
2254
2403
2747
3241
3659
3249
2429
2008
2496
2891
2681
2541
2800
3087
2715
1944
665
-716
-2233
-2991
-2881
-2113
-1690
-1853
-1822
-1640
-1526
-2083
-2736
-3367
-3468
-2795
-1823
-1084
-986
-1203
-1496
-1421
-1245
-1449
-1661
-1378
-902
-604
-392
-307
-564
-813
-666
-298
145
631
1196
1782
2395
2846
2880
2882
3105
3517
3601
2797
1858
1687
2642
3216
3187
2945
2806
2591
1957
1108
-387
-1865
-3125
-3320
-2812
-1985
-1712
-1689
-1528
-1386
-1592
-2149
-2717
-3377
-3364
-2749
-1688
-1046
-792
-1017
-1143
-879
-675
-983
-1554
-1703
-1493
-922
-368
-61
-188
-158
82
355
375
221
355
883
1835
2706
3380
3796
4177
4400
3562
2085
1101
1470
2130
2534
3031
3630
3955
3573
2657
983
-867
-2704
-3708
-3819
-2902
-2069
-1571
-1118
-797
-749
-1389
-2143
-3287
-3990
-3935
-3157
-2229
-1571
-1151
-897
-472
-298
-734
-1516
-1970
-2149
-1957
-1487
-746
-276
102
386
541
582
265
37
-4
651
1485
2484
3370
4205
4946
4969
3801
2074
1153
1327
1757
2344
3221
4093
4627
4503
3755
1787
-571
-2821
-3777
-3769
-3143
-2645
-1895
-805
-123
-214
-1160
-2357
-3780
-4607
-4820
-4356
-3587
-2585
-1706
-716
249
591
-100
-1228
-2084
-2444
-2276
-2020
-1673
-964
375
1507
1894
1609
1098
780
692
760
803
1140
2024
3323
4666
5103
4188
2730
1985
2051
2064
2098
2378
2975
3576
3978
3654
2157
17
-2012
-3022
-3336
-3357
-3573
-3226
-2112
-824
-306
-688
-1559
-2671
-3556
-4141
-4270
-4235
-3812
-2933
-1288
332
1162
819
94
-513
-1037
-1649
-2375
-2554
-2016
-665
729
1774
2148
2250
2250
2007
1471
831
634
1171
2379
3698
4236
3878
3375
3365
3392
2884
2215
1812
1995
2367
2844
2611
1525
-73
-1240
-1710
-2133
-2753
-3624
-3638
-2866
-1772
-1355
-1522
-1954
-2462
-2771
-2993
-3206
-3722
-3970
-3627
-2330
-982
-120
-21
120
118
-186
-814
-1531
-1907
-1965
-1084
-100
1035
1571
1989
2162
2293
2225
1724
1429
1516
2421
3289
3738
3369
3044
3309
3660
3490
2948
2697
2637
2736
2840
2419
1267
-123
-1142
-1691
-2182
-2779
-3556
-3624
-2935
-2061
-1690
-1796
-2156
-2746
-3123
-3368
-3616
-4022
-4163
-3599
-2379
-1133
-369
-39
316
475
258
-470
-1166
-1610
-1633
-1196
-536
314
1018
1799
2385
2827
2773
2375
1992
2089
2535
3034
3104
2782
2649
3164
3855
3829
3436
3212
3351
3364
3146
2356
1053
-371
-1388
-1942
-2523
-3070
-3724
-3644
-3038
-2233
-2014
-2161
-2391
-2780
-3006
-3328
-3618
-4214
-4310
-3732
-2499
-1389
-728
-364
153
578
406
-366
-1163
-1585
-1602
-1221
-763
-216
320
1224
2158
2954
3099
2900
2803
3037
3336
3465
3392
2958
2662
2912
3565
3648
3410
3292
3633
3797
3644
2919
1672
260
-1024
-1865
-2702
-3387
-4140
-4097
-3418
-2487
-2113
-2169
-2308
-2596
-2832
-3304
-3893
-4620
-4831
-4341
-3273
-2172
-1434
-827
-26
687
675
44
-643
-1070
-1237
-1085
-870
-583
-161
653
1662
2545
3021
3121
3370
3747
4096
4167
3999
3402
2821
2830
3258
3315
3098
3238
3772
4125
4056
3484
2350
852
-738
-2037
-3288
-4348
-5299
-5365
-4629
-3515
-2779
-2363
-2046
-2007
-2132
-2610
-3298
-4254
-4798
-4654
-3848
-2884
-2060
-1148
21
1066
1338
1007
504
40
-474
-794
-982
-1014
-780
-63
985
1931
2728
3310
3986
4519
4850
4896
4665
4007
3142
2841
3035
3057
2790
2979
3628
4048
4006
3639
2812
1461
-165
-1545
-2894
-4209
-5402
-5860
-5423
-4624
-3955
-3466
-2803
-2324
-2175
-2343
-2789
-3512
-4209
-4393
-4103
-3641
-3090
-2244
-980
205
918
1193
1290
1159
677
154
-336
-751
-974
-702
-44
716
1552
2474
3486
4394
5041
5408
5514
5062
4176
3525
3410
3145
2564
2376
2876
3399
3586
3639
3340
2467
1191
-1
-1317
-2939
-4586
-5681
-5855
-5608
-5259
-4838
-4028
-3123
-2511
-2138
-2087
-2436
-3043
-3374
-3445
-3523
-3477
-3094
-2243
-1259
-411
293
863
1224
1164
1033
810
356
-176
-384
-189
90
575
1303
2238
3201
4165
5047
5698
5875
5410
4780
4417
4072
3249
2407
2149
2291
2373
2463
2563
2218
1532
742
-4
-1272
-2826
-4329
-5206
-5567
-5701
-5645
-5296
-4551
-3780
-2959
-2317
-2064
-2251
-2435
-2453
-2600
-2843
-2924
-2660
-2180
-1616
-944
-241
338
624
816
1060
1069
775
510
554
620
791
1205
1803
2396
3096
3967
4774
5431
5613
5401
5139
5063
4649
3819
3081
2643
2270
1944
1836
1543
1024
461
55
-603
-1645
-2821
-3879
-4536
-5063
-5394
-5574
-5314
-4864
-4244
-3456
-2814
-2493
-2383
-2079
-1937
-2063
-2335
-2374
-2213
-1903
-1595
-1199
-766
-334
-18
383
683
676
544
616
882
1008
1206
1451
1897
2436
3216
3896
4487
5064
5428
5546
5488
5445
4951
4207
3516
3024
2449
1819
1377
936
531
87
-385
-1105
-2035
-2912
-3687
-4258
-4894
-5406
-5504
-5170
-4670
-4189
-3521
-2914
-2509
-2187
-1806
-1681
-1903
-2112
-2064
-1873
-1615
-1423
-1171
-879
-450
-54
310
499
448
467
751
1149
1304
1427
1745
2241
2830
3436
3996
4457
4959
5379
5518
5423
5232
4774
4090
3449
2871
2199
1548
1124
722
283
-244
-771
-1457
-2199
-2994
-3740
-4393
-4987
-5334
-5327
-5020
-4698
-4221
-3532
-2886
-2471
-2160
-1860
-1757
-1808
-1863
-1862
-1795
-1634
-1471
-1324
-1077
-693
-377
-99
88
276
487
855
1169
1308
1529
1969
2485
2911
3367
3893
4438
5057
5599
5749
5594
5429
5237
4668
3898
3085
2369
1671
1158
715
148
-501
-1103
-1506
-2065
-2712
-3549
-4176
-4619
-4803
-4848
-4792
-4628
-4277
-3581
-2916
-2508
-2348
-2112
-1847
-1684
-1665
-1752
-1871
-1843
-1667
-1493
-1406
-1266
-1043
-736
-339
4
317
642
1024
1331
1685
2157
2582
2914
3296
3858
4422
4933
5386
5583
5512
5345
5200
4743
3966
3133
2434
1762
1101
566
31
-538
-1124
-1537
-1985
-2572
-3257
-3818
-4155
-4381
-4512
-4518
-4361
-4065
-3630
-3042
-2601
-2417
-2257
-1910
-1588
-1553
-1642
-1693
-1658
-1513
-1392
-1347
-1397
-1238
-933
-517
-175
39
327
754
1293
1640
1967
2364
2807
3225
3698
4203
4611
4980
5340
5478
5324
5062
4763
4226
3482
2759
2125
1386
724
229
-195
-765
-1369
-1809
-2267
-2793
-3357
-3714
-3967
-4155
-4227
-4099
-3896
-3683
-3341
-2928
-2660
-2498
-2255
-1967
-1843
-1824
-1795
-1733
-1653
-1555
-1468
-1429
-1346
-1121
-794
-469
-232
-4
373
901
1359
1687
2060
2534
3035
3501
3970
4353
4675
5031
5381
5424
5144
4788
4459
3953
3280
2600
1924
1205
592
194
-294
-961
-1626
-2033
-2400
-2829
-3284
-3618
-3760
-3794
-3727
-3635
-3500
-3368
-3135
-2801
-2573
-2500
-2392
-2217
-2107
-2037
-1900
-1844
-1834
-1670
-1405
-1251
-1186
-982
-718
-456
-192
98
423
822
1341
1838
2316
2774
3251
3742
4211
4583
4821
5031
5202
5207
4939
4524
4072
3580
2986
2341
1706
1036
404
-123
-597
-1175
-1750
-2156
-2435
-2749
-3049
-3261
-3376
-3421
-3418
-3379
-3325
-3245
-3108
-2911
-2740
-2681
-2623
-2469
-2334
-2276
-2197
-2037
-1896
-1699
-1425
-1190
-1033
-814
-523
-260
-8
270
594
996
1487
1978
2428
2879
3336
3790
4184
4503
4700
4826
4895
4918
4733
4312
3820
3395
2923
2311
1657
1001
361
-214
-651
-1107
-1583
-1991
-2198
-2365
-2562
-2783
-2959
-3086
-3165
-3189
-3189
-3212
-3215
-3089
-2882
-2788
-2786
-2698
-2506
-2374
-2272
-2095
-1905
-1692
-1397
-1080
-885
-713
-461
-179
55
288
554
897
1333
1806
2249
2691
3151
3579
3966
4289
4513
4611
4653
4651
4568
4286
3844
3367
2928
2424
1784
1113
433
-164
-656
-1009
-1430
-1818
-2070
-2161
-2274
-2455
-2646
-2831
-2915
-2987
-3046
-3130
-3167
-3140
-3031
-2887
-2860
-2824
-2664
-2453
-2320
-2141
-1867
-1614
-1368
-1035
-720
-521
-340
-91
171
415
696
1000
1340
1724
2164
2586
2947
3260
3577
3866
4053
4148
4199
4189
4110
3990
3742
3326
2848
2405
1871
1224
564
-40
-598
-1023
-1314
-1613
-1908
-2072
-2127
-2230
-2398
-2564
-2714
-2816
-2909
-2981
-3055
-3100
-3089
-2995
-2868
-2824
-2742
-2548
-2281
-2046
-1784
-1455
-1167
-861
-529
-229
-70
66
306
601
877
1096
1354
1664
2026
2389
2688
2900
3070
3292
3506
3609
3633
3629
3631
3626
3604
3385
2970
2556
2173
1672
1018
397
-199
-736
-1137
-1376
-1645
-1944
-2114
-2140
-2186
-2318
-2437
-2542
-2667
-2790
-2841
-2903
-3036
-3139
-3072
-2922
-2836
-2743
-2515
-2216
-1885
-1516
-1142
-844
-568
-226
74
256
393
594
853
1108
1314
1508
1743
2007
2246
2459
2625
2724
2848
2997
3108
3125
3164
3207
3219
3234
3123
2823
2399
2063
1644
1044
412
-141
-633
-1081
-1379
-1617
-1866
-2055
-2085
-2076
-2162
-2257
-2341
-2436
-2567
-2669
-2751
-2860
-2899
-2838
-2702
-2586
-2422
-2167
-1883
-1591
-1289
-959
-674
-408
-115
159
377
550
774
997
1193
1354
1502
1635
1772
1929
2040
2089
2135
2223
2340
2417
2482
2564
2659
2757
2843
2853
2663
2337
2024
1706
1197
555
-2
-471
-912
-1277
-1497
-1702
-1904
-1978
-1914
-1923
-2061
-2183
-2248
-2308
-2397
-2439
-2503
-2528
-2427
-2218
-2072
-2038
-1906
-1668
-1420
-1238
-1040
-820
-565
-231
139
434
627
861
1146
1378
1492
1533
1551
1542
1585
1631
1608
1530
1525
1657
1818
1951
2064
2229
2376
2519
2625
2604
2342
1980
1700
1377
868
301
-149
-563
-942
-1182
-1335
-1583
-1818
-1878
-1858
-1935
-2077
-2140
-2177
-2151
-2073
-1957
-1936
-1901
-1749
-1575
-1527
-1563
-1500
-1398
-1306
-1181
-967
-744
-495
-141
244
539
771
1018
1222
1307
1317
1306
1246
1148
1070
1041
1004
987
1059
1235
1402
1563
1748
1951
2057
2111
2175
2121
1886
1627
1452
1184
788
416
101
-255
-588
-831
-1076
-1378
-1601
-1671
-1690
-1776
-1802
-1729
-1606
-1488
-1348
-1232
-1231
-1219
-1148
-1125
-1256
-1371
-1355
-1320
-1286
-1180
-984
-780
-508
-145
179
385
583
801
927
915
869
831
734
638
605
604
575
621
787
960
1088
1219
1391
1537
1626
1720
1812
1827
1759
1704
1653
1486
1193
867
540
150
-249
-593
-929
-1255
-1430
-1430
-1408
-1418
-1327
-1141
-969
-849
-769
-753
-826
-880
-916
-1014
-1200
-1359
-1411
-1407
-1391
-1337
-1234
-1085
-852
-555
-309
-150
8
193
327
395
435
424
385
394
452
482
461
506
607
739
851
980
1119
1256
1442
1653
1885
2027
2091
2115
2132
2027
1741
1377
985
535
93
-256
-602
-950
-1117
-1091
-1058
-1063
-973
-823
-736
-669
-623
-659
-789
-875
-935
-1044
-1214
-1369
-1449
-1517
-1560
-1560
-1524
-1478
-1373
-1158
-948
-779
-605
-364
-139
43
212
323
364
384
440
447
399
373
405
484
602
768
970
1196
1454
1740
2055
2305
2421
2453
2471
2385
2136
1801
1432
995
564
230
-88
-431
-652
-722
-756
-812
-802
-751
-736
-725
-714
-742
-843
-916
-973
-1067
-1218
-1370
-1489
-1630
-1773
-1881
-1934
-1967
-1942
-1810
-1617
-1404
-1135
-804
-480
-195
60
263
358
402
426
406
354
336
386
476
616
822
1091
1375
1672
1971
2267
2537
2691
2758
2756
2698
2524
2253
1942
1564
1157
768
415
39
-293
-541
-714
-882
-990
-1026
-1039
-1054
-1042
-1018
-1042
-1076
-1118
-1207
-1372
-1564
-1744
-1941
-2158
-2330
-2433
-2463
-2423
-2270
-2036
-1745
-1400
-1006
-609
-275
18
237
373
442
495
499
476
485
578
717
889
1109
1376
1695
2002
2305
2578
2837
3019
3113
3138
3089
2947
2702
2397
2029
1594
1120
686
252
-178
-546
-805
-1016
-1192
-1278
-1301
-1311
-1318
-1301
-1315
-1386
-1474
-1592
-1768
-2014
-2249
-2466
-2660
-2813
-2901
-2907
-2817
-2615
-2324
-1978
-1603
-1195
-777
-387
-52
217
404
535
655
761
811
864
976
1145
1329
1551
1807
2074
2346
2624
2892
3123
3305
3402
3425
3391
3273
3035
2696
2304
1842
1316
812
326
-167
-619
-933
-1156
-1367
-1507
-1572
-1609
-1645
-1662
-1705
-1825
-1952
-2072
-2223
-2431
-2649
-2838
-2970
-3054
-3084
-3059
-2950
-2748
-2443
-2073
-1685
-1289
-859
-431
-36
308
588
795
982
1170
1310
1414
1529
1678
1822
2001
2212
2417
2595
2801
3018
3206
3374
3470
3459
3396
3311
3105
2755
2343
1898
1373
828
340
-150
-656
-1050
-1307
-1531
-1758
-1902
-2001
-2102
-2184
-2246
-2355
-2517
-2614
-2693
-2801
-2951
-3044
-3093
-3108
-3079
-2989
-2849
-2666
-2381
-2008
-1616
-1224
-796
-337
96
492
851
1154
1401
1624
1822
1964
2073
2182
2287
2389
2502
2628
2736
2840
2953
3068
3180
3249
3231
3144
3047
2892
2605
2230
1828
1365
847
357
-106
-601
-1065
-1411
-1686
-1974
-2223
-2400
-2557
-2696
-2788
-2861
-2954
-3013
-3002
-2988
-2997
-2985
-2929
-2864
-2791
-2680
-2524
-2349
-2114
-1798
-1430
-1044
-628
-163
295
725
1119
1471
1766
2003
2196
2333
2432
2501
2550
2593
2621
2659
2694
2727
2751
2781
2816
2855
2855
2790
2697
2587
2403
2114
1775
1387
916
415
-64
-561
-1089
-1555
-1920
-2263
-2589
-2831
-2995
-3133
-3215
-3231
-3223
-3191
-3104
-2982
-2876
-2782
-2662
-2545
-2436
-2328
-2174
-1989
-1774
-1504
-1154
-769
-365
72
534
952
1333
1698
2001
2223
2392
2542
2626
2662
2675
2682
2653
2615
2591
2564
2513
2472
2461
2466
2463
2428
2369
2288
2174
1977
1696
1351
938
455
-52
-562
-1109
-1645
-2101
-2478
-2829
-3123
-3304
-3416
-3462
-3438
-3353
-3254
-3101
-2899
-2711
-2553
-2394
-2226
-2084
-1949
-1797
-1604
-1404
-1172
-862
-508
-154
213
620
1013
1363
1693
1999
2227
2395
2542
2653
2674
2664
2640
2601
2517
2450
2392
2316
2248
2231
2235
2225
2221
2193
2121
2023
1882
1624
1286
900
463
-58
-586
-1111
-1648
-2154
-2554
-2889
-3198
-3414
-3516
-3542
-3513
-3408
-3261
-3084
-2859
-2605
-2375
-2177
-1969
-1771
-1587
-1420
-1229
-1039
-831
-592
-296
7
305
623
972
1304
1596
1880
2131
2301
2443
2560
2613
2588
2562
2522
2439
2347
2279
2199
2110
2047
2014
1986
1964
1912
1815
1713
1593
1378
1067
723
334
-130
-618
-1096
-1599
-2082
-2475
-2788
-3073
-3284
-3389
-3409
-3365
-3251
-3080
-2882
-2648
-2367
-2089
-1846
-1627
-1410
-1210
-1042
-894
-739
-579
-411
-205
38
284
532
826
1137
1425
1686
1942
2147
2302
2428
2509
2525
2503
2468
2387
2280
2176
2075
1954
1830
1746
1683
1645
1586
1491
1380
1279
1123
870
564
222
-175
-616
-1039
-1479
-1938
-2333
-2625
-2873
-3090
-3215
-3232
-3195
-3089
-2920
-2703
-2467
-2189
-1887
-1612
-1379
-1159
-954
-791
-669
-547
-421
-292
-158
29
237
453
693
979
1260
1519
1764
1995
2177
2316
2407
2450
2445
2412
2331
2211
2078
1953
1815
1683
1567
1490
1442
1395
1315
1208
1103
960
746
482
183
-177
-573
-945
-1312
-1714
-2099
-2390
-2610
-2812
-2954
-3001
-2983
-2907
-2753
-2555
-2332
-2080
-1790
-1527
-1288
-1077
-890
-757
-639
-539
-446
-353
-236
-77
110
317
558
843
1134
1408
1665
1921
2122
2264
2358
2407
2392
2335
2238
2098
1934
1776
1635
1498
1371
1290
1256
1238
1176
1084
998
893
710
484
227
-73
-428
-766
-1086
-1444
-1806
-2108
-2326
-2531
-2681
-2764
-2782
-2740
-2613
-2443
-2255
-2039
-1773
-1518
-1294
-1094
-911
-773
-663
-561
-462
-373
-266
-109
88
293
533
820
1107
1371
1640
1890
2066
2187
2281
2314
2276
2198
2085
1929
1760
1610
1463
1320
1214
1151
1133
1128
1095
1024
954
881
735
520
282
14
-309
-640
-945
-1275
-1623
-1919
-2135
-2322
-2481
-2576
-2601
-2571
-2479
-2331
-2170
-1989
-1770
-1541
-1344
-1174
-1003
-864
-751
-643
-522
-399
-275
-108
106
342
578
846
1116
1367
1605
1816
1966
2042
2100
2119
2080
1983
1859
1722
1590
1474
1350
1236
1172
1156
1161
1172
1155
1099
1036
966
817
593
353
88
-234
-573
-870
-1190
-1525
-1809
-2011
-2180
-2335
-2416
-2441
-2418
-2343
-2219
-2088
-1949
-1767
-1571
-1396
-1249
-1098
-951
-820
-701
-564
-426
-273
-93
127
352
581
830
1079
1301
1498
1680
1798
1863
1895
1910
1870
1791
1693
1587
1497
1429
1351
1277
1254
1275
1299
1316
1303
1247
1178
1088
921
679
414
128
-206
-545
-856
-1172
-1486
-1745
-1928
-2086
-2209
-2280
-2297
-2289
-2227
-2134
-2035
-1927
-1786
-1615
-1465
-1335
-1198
-1055
-912
-785
-641
-494
-331
-134
100
319
537
781
1025
1227
1405
1555
1647
1708
1748
1746
1711
1666
1614
1557
1514
1485
1457
1444
1453
1473
1500
1523
1475
1376
1272
1147
927
648
361
46
-298
-620
-910
-1223
-1517
-1739
-1894
-2047
-2158
-2221
-2245
-2251
-2194
-2120
-2043
-1958
-1819
-1667
-1530
-1414
-1277
-1132
-1002
-862
-703
-536
-363
-138
112
337
559
807
1041
1218
1377
1508
1587
1639
1677
1685
1663
1656
1643
1621
1612
1621
1630
1640
1664
1694
1723
1704
1609
1485
1358
1160
882
594
276
-80
-420
-711
-1028
-1355
-1606
-1799
-1968
-2105
-2180
-2233
-2256
-2221
-2153
-2084
-2004
-1906
-1787
-1663
-1553
-1453
-1349
-1235
-1117
-978
-807
-636
-439
-184
74
313
557
810
1016
1202
1371
1494
1569
1643
1705
1724
1736
1750
1745
1735
1754
1767
1766
1780
1819
1838
1852
1790
1659
1510
1356
1100
776
467
138
-230
-566
-848
-1175
-1485
-1704
-1859
-2025
-2142
-2189
-2205
-2209
-2153
-2081
-2013
-1952
-1863
-1761
-1674
-1617
-1549
-1462
-1364
-1249
-1093
-916
-724
-476
-182
83
344
614
875
1093
1297
1471
1585
1674
1771
1837
1857
1854
1849
1843
1847
1854
1859
1879
1921
1964
2015
1999
1872
1708
1556
1324
977
619
274
-108
-480
-776
-1096
-1424
-1679
-1817
-1962
-2100
-2169
-2170
-2171
-2142
-2084
-2029
-1997
-1937
-1859
-1793
-1764
-1734
-1667
-1583
-1491
-1361
-1185
-1002
-767
-461
-156
116
414
722
982
1218
1452
1621
1726
1848
1953
1980
1971
1966
1949
1933
1954
1986
2014
2057
2134
2211
2216
2102
1934
1768
1540
1187
810
450
56
-334
-647
-965
-1323
-1595
-1760
-1928
-2087
-2168
-2207
-2241
-2231
-2181
-2153
-2134
-2091
-2037
-1988
-1959
-1948
-1904
-1828
-1731
-1612
-1432
-1231
-997
-683
-343
-50
250
594
897
1153
1415
1643
1791
1919
2047
2112
2110
2097
2093
2091
2125
2174
2215
2255
2324
2390
2379
2245
2063
1882
1639
1282
901
529
126
-283
-618
-954
-1327
-1628
-1809
-1974
-2141
-2220
-2260
-2298
-2284
-2213
-2180
-2168
-2128
-2064
-2027
-2016
-2012
-1982
-1929
-1849
-1728
-1554
-1368
-1135
-808
-456
-152
172
537
866
1153
1443
1690
1849
1987
2120
2185
2177
2167
2176
2197
2241
2287
2331
2369
2423
2457
2419
2255
2062
1882
1628
1257
893
539
130
-278
-600
-947
-1338
-1628
-1805
-1985
-2166
-2249
-2288
-2322
-2310
-2242
-2212
-2185
-2138
-2070
-2044
-2046
-2036
-1997
-1960
-1912
-1789
-1616
-1431
-1202
-865
-522
-206
148
537
855
1153
1467
1720
1875
2022
2161
2214
2213
2243
2282
2312
2360
2422
2474
2511
2544
2559
2476
2297
2102
1901
1600
1225
867
489
54
-335
-668
-1057
-1442
-1697
-1868
-2085
-2235
-2299
-2326
-2363
-2320
-2257
-2231
-2203
-2135
-2076
-2074
-2070
-2049
-2026
-2002
-1930
-1808
-1657
-1470
-1198
-868
-554
-220
158
524
830
1149
1463
1691
1854
2038
2178
2224
2274
2357
2415
2446
2527
2600
2631
2659
2697
2644
2481
2311
2118
1843
1480
1133
765
346
-80
-440
-816
-1205
-1534
-1755
-1973
-2161
-2260
-2304
-2352
-2357
-2298
-2251
-2241
-2213
-2152
-2120
-2124
-2117
-2090
-2056
-2012
-1899
-1749
-1585
-1363
-1054
-733
-433
-97
267
594
891
1210
1482
1678
1872
2066
2188
2264
2372
2493
2566
2631
2720
2777
2781
2781
2749
2601
2398
2194
1945
1587
1216
871
469
26
-348
-692
-1077
-1426
-1667
-1867
-2070
-2187
-2235
-2272
-2294
-2255
-2204
-2191
-2179
-2140
-2116
-2124
-2124
-2099
-2070
-2040
-1937
-1790
-1629
-1435
-1140
-833
-550
-228
139
448
717
1033
1307
1510
1687
1898
2029
2127
2256
2403
2502
2606
2732
2825
2869
2883
2857
2716
2529
2315
2044
1671
1289
929
535
110
-275
-633
-999
-1323
-1564
-1766
-1965
-2085
-2126
-2149
-2180
-2134
-2093
-2078
-2082
-2044
-2034
-2065
-2088
-2077
-2059
-2029
-1943
-1812
-1644
-1440
-1158
-862
-579
-277
49
350
601
849
1074
1254
1412
1589
1726
1833
1974
2142
2293
2448
2611
2735
2814
2874
2861
2731
2543
2329
2042
1684
1311
921
514
115
-244
-620
-980
-1281
-1491
-1690
-1839
-1940
-1963
-1963
-1935
-1894
-1859
-1848
-1841
-1823
-1847
-1905
-1961
-1964
-1956
-1932
-1855
-1733
-1566
-1330
-1038
-767
-503
-199
115
376
607
809
974
1121
1267
1399
1491
1601
1755
1948
2133
2316
2489
2649
2763
2802
2739
2608
2428
2185
1871
1526
1162
785
404
41
-315
-672
-987
-1243
-1452
-1641
-1758
-1825
-1832
-1835
-1793
-1743
-1703
-1693
-1685
-1691
-1735
-1797
-1843
-1846
-1856
-1814
-1728
-1587
-1420
-1173
-900
-646
-380
-82
202
426
642
811
945
1057
1187
1267
1342
1456
1614
1773
1946
2130
2307
2464
2564
2578
2534
2439
2256
2003
1713
1378
1008
648
290
-69
-430
-745
-1038
-1261
-1450
-1591
-1703
-1732
-1724
-1684
-1642
-1601
-1567
-1538
-1518
-1551
-1593
-1631
-1634
-1632
-1609
-1556
-1462
-1317
-1127
-913
-703
-482
-246
-4
214
393
545
700
830
942
1039
1138
1240
1381
1533
1683
1831
1997
2151
2257
2288
2286
2248
2159
1986
1756
1496
1178
848
516
183
-200
-542
-826
-1064
-1299
-1455
-1564
-1621
-1636
-1587
-1551
-1513
-1459
-1407
-1393
-1399
-1400
-1412
-1405
-1382
-1339
-1293
-1204
-1086
-931
-773
-617
-450
-271
-102
62
227
364
474
604
734
841
943
1073
1189
1322
1469
1622
1740
1865
1952
1974
1986
1977
1901
1751
1594
1366
1100
813
542
196
-133
-425
-692
-944
-1133
-1263
-1376
-1424
-1431
-1414
-1395
-1338
-1309
-1292
-1279
-1264
-1268
-1239
-1204
-1170
-1112
-1005
-898
-782
-636
-501
-381
-246
-107
-13
87
198
295
383
486
598
708
834
947
1050
1179
1323
1439
1527
1608
1633
1651
1655
1602
1482
1373
1219
1007
782
577
305
17
-232
-459
-703
-895
-1032
-1143
-1228
-1260
-1271
-1276
-1242
-1227
-1212
-1207
-1181
-1175
-1131
-1089
-1038
-971
-860
-753
-629
-487
-359
-251
-119
-3
67
136
227
289
354
447
537
624
738
862
954
1065
1159
1256
1315
1380
1364
1361
1347
1292
1165
1073
956
780
610
459
256
4
-174
-353
-560
-752
-853
-962
-1052
-1102
-1114
-1147
-1151
-1142
-1142
-1156
-1146
-1108
-1048
-985
-911
-805
-668
-524
-387
-235
-114
-3
117
212
246
282
343
375
398
455
537
603
709
833
922
991
1101
1195
1230
1208
1189
1155
1083
961
829
707
551
402
266
132
-67
-228
-357
-502
-679
-780
-870
-967
-1036
-1040
-1074
-1110
-1096
-1084
-1102
-1095
-1045
-1010
-945
-844
-724
-613
-460
-298
-137
12
146
266
372
463
511
566
597
606
621
684
734
768
826
901
965
1033
1113
1138
1117
1090
1065
968
822
664
508
326
138
-29
-193
-369
-532
-642
-758
-890
-992
-1035
-1086
-1148
-1161
-1148
-1158
-1143
-1102
-1066
-1045
-976
-885
-786
-690
-552
-404
-251
-91
79
239
363
491
609
707
754
815
864
887
899
936
972
978
999
1037
1066
1087
1126
1149
1109
1056
1001
900
725
552
371
166
-64
-256
-448
-644
-822
-951
-1075
-1198
-1271
-1321
-1352
-1397
-1381
-1369
-1347
-1326
-1257
-1197
-1129
-1037
-901
-768
-627
-447
-264
-89
96
308
479
616
752
886
964
1013
1068
1099
1091
1098
1117
1119
1114
1142
1161
1182
1204
1238
1211
1168
1103
1012
859
673
476
257
23
-211
-418
-640
-835
-1009
-1137
-1291
-1407
-1487
-1539
-1607
-1633
-1628
-1612
-1580
-1513
-1424
-1335
-1216
-1068
-900
-738
-549
-339
-125
80
296
503
680
832
979
1088
1153
1215
1264
1279
1280
1301
1326
1333
1346
1374
1388
1380
1360
1302
1215
1102
976
799
613
413
231
30
-162
-348
-531
-702
-873
-1026
-1195
-1342
-1487
-1590
-1705
-1783
-1840
-1846
-1839
-1786
-1707
-1598
-1464
-1303
-1107
-922
-715
-497
-268
-55
175
378
565
739
909
1036
1144
1240
1318
1372
1445
1501
1545
1593
1655
1687
1695
1678
1616
1508
1379
1215
1001
783
574
364
151
-30
-197
-354
-504
-627
-756
-893
-1030
-1151
-1279
-1409
-1533
-1635
-1722
-1787
-1826
-1827
-1801
-1751
-1652
-1515
-1357
-1179
-966
-741
-512
-277
-49
162
362
552
721
876
1018
1143
1244
1351
1453
1529
1602
1678
1739
1769
1782
1759
1684
1584
1458
1279
1072
860
642
404
196
-8
-198
-380
-517
-655
-785
-896
-994
-1089
-1170
-1242
-1318
-1378
-1422
-1454
-1487
-1489
-1489
-1472
-1429
-1357
-1279
-1172
-1034
-884
-709
-518
-325
-134
85
300
493
676
860
1012
1159
1290
1398
1478
1558
1617
1642
1652
1618
1550
1460
1359
1202
1033
862
688
496
326
161
-12
-165
-294
-430
-576
-689
-797
-895
-991
-1059
-1131
-1169
-1187
-1184
-1188
-1159
-1129
-1083
-1027
-977
-926
-868
-792
-744
-660
-577
-482
-390
-251
-120
22
199
379
537
700
888
1045
1182
1304
1415
1477
1505
1481
1420
1323
1193
1011
831
658
477
308
172
50
-61
-126
-189
-261
-323
-356
-421
-500
-561
-629
-705
-755
-792
-832
-849
-834
-807
-776
-728
-677
-623
-563
-501
-453
-401
-361
-315
-271
-213
-163
-99
-15
70
153
250
366
466
574
690
796
870
926
958
948
902
822
716
586
447
302
150
17
-96
-189
-269
-322
-356
-365
-362
-352
-338
-315
-285
-263
-233
-208
-183
-166
-143
-132
-128
-129
-134
-140
-146
-145
-148
-136
-127
-98
-69
-34
14
69
118
149
187
221
234
236
251
258
242
227
216
201
160
125
79
14
-38
-96
-158
-240
-294
-346
-388
-433
-459
-470
-465
-448
-419
-367
-302
-222
-126
-11
84
183
285
385
448
506
542
549
550
547
514
461
426
394
355
322
310
293
271
240
221
172
125
71
27
-51
-121
-192
-251
-331
-405
-467
-535
-588
-639
-658
-706
-718
-729
-708
-721
-694
-667
-625
-588
-518
-445
-368
-271
-157
-27
89
227
347
487
602
723
814
907
968
1026
1053
1063
1055
1034
996
934
875
799
725
638
558
462
374
278
174
55
-84
-230
-384
-545
-712
-868
-1003
-1118
-1204
-1254
-1280
-1288
-1266
-1218
-1166
-1108
-1027
-944
-867
-773
-661
-557
-455
-333
-201
-73
61
203
343
482
627
764
891
1013
1126
1230
1316
1381
1422
1458
1457
1427
1371
1307
1206
1098
974
850
700
560
403
237
51
-133
-333
-541
-741
-943
-1122
-1295
-1427
-1547
-1623
-1679
-1687
-1674
-1620
-1553
-1452
-1327
-1190
-1045
-887
-713
-559
-389
-229
-62
77
231
363
493
610
735
852
963
1076
1187
1297
1388
1476
1541
1592
1605
1607
1579
1510
1415
1301
1160
982
786
575
349
112
-117
-348
-574
-779
-954
-1117
-1261
-1383
-1474
-1546
-1597
-1624
-1627
-1610
-1565
-1498
-1409
-1307
-1186
-1040
-885
-718
-546
-358
-177
5
179
347
493
639
780
900
1002
1107
1197
1270
1329
1379
1414
1436
1442
1436
1409
1369
1304
1219
1096
943
763
564
338
87
-156
-400
-620
-830
-996
-1152
-1259
-1339
-1382
-1408
-1401
-1370
-1328
-1270
-1204
-1119
-1045
-948
-857
-746
-645
-524
-408
-288
-167
-40
93
216
349
482
616
730
844
942
1033
1096
1150
1186
1208
1208
1198
1168
1122
1053
967
855
718
567
401
219
27
-155
-326
-487
-623
-740
-833
-905
-939
-958
-964
-950
-913
-868
-826
-763
-702
-635
-574
-490
-426
-355
-285
-217
-156
-97
-31
29
98
168
247
316
386
452
519
571
618
655
682
700
711
711
690
664
624
571
496
410
311
198
75
-52
-169
-292
-391
-484
-553
-611
-632
-636
-620
-593
-540
-474
-413
-340
-271
-200
-151
-88
-42
3
30
64
90
108
128
148
171
188
218
246
271
286
306
324
334
330
327
320
295
266
230
186
130
68
7
-63
-129
-197
-253
-316
-362
-405
-432
-454
-460
-460
-449
-427
-391
-346
-297
-238
-174
-104
-37
32
93
154
208
267
305
348
374
406
429
448
457
463
468
462
454
428
403
366
331
287
236
185
133
71
11
-50
-113
-186
-256
-322
-388
-453
-513
-561
-607
-640
-667
-680
-682
-667
-639
-597
-538
-465
-377
-285
-186
-84
16
112
202
280
344
396
443
476
497
512
525
537
547
555
559
564
568
567
557
543
522
493
454
405
343
271
185
97
-1
-105
-212
-313
-410
-499
-578
-645
-700
-740
-770
-790
-798
-794
-775
-745
-702
-646
-575
-494
-406
-314
-217
-124
-30
60
147
223
295
360
422
475
518
557
593
620
644
660
666
671
668
656
634
614
584
550
503
453
391
321
244
163
73
-19
-114
-203
-293
-380
-459
-532
-600
-658
-709
-751
-785
-803
-807
-799
-774
-728
-670
-596
-515
-429
-341
-252
-167
-88
-17
47
101
150
192
235
273
313
358
410
461
514
573
629
678
718
752
771
772
755
722
668
594
511
416
318
215
121
26
-56
-130
-189
-247
-297
-337
-378
-420
-469
-514
-565
-612
-659
-693
-722
-731
-727
-710
-680
-631
-565
-491
-413
-331
-247
-166
-94
-25
35
89
137
185
231
274
322
374
429
485
544
601
654
696
729
743
740
718
682
628
558
483
395
305
215
136
56
-15
-77
-125
-172
-213
-251
-287
-324
-364
-404
-451
-494
-540
-583
-624
-653
-671
-676
-669
-645
-607
-556
-493
-423
-348
-270
-187
-105
-27
44
112
177
234
285
334
382
421
464
500
533
561
588
604
612
611
604
589
562
526
481
434
378
317
254
191
128
66
6
-56
-115
-173
-230
-289
-350
-406
-459
-506
-554
-592
-624
-644
-655
-655
-646
-627
-592
-547
-496
-439
-371
-302
-230
-158
-84
-14
54
117
180
236
294
344
392
432
474
509
538
561
575
590
592
592
579
567
544
514
477
437
387
331
272
207
137
62
-11
-89
-161
-234
-300
-368
-421
-475
-516
-555
-584
-609
-625
-628
-631
-621
-610
-582
-556
-517
-477
-420
-366
-299
-232
-156
-80
0
78
155
232
303
370
424
478
519
553
576
595
601
602
600
591
578
564
543
517
482
444
393
337
272
199
119
38
-44
-129
-207
-281
-346
-408
-455
-497
-528
-553
-571
-584
-591
-596
-595
-592
-583
-566
-545
-514
-477
-427
-371
-305
-233
-153
-67
22
111
200
286
365
436
499
549
589
616
628
633
626
610
586
560
529
493
455
416
374
327
276
224
168
105
41
-26
-92
-160
-227
-288
-348
-403
-456
-494
-529
-557
-576
-589
-589
-585
-569
-549
-518
-486
-442
-397
-346
-299
-245
-190
-130
-69
-6
61
131
207
281
356
424
493
552
603
639
660
666
662
642
608
562
509
450
389
326
264
202
144
91
34
-19
-73
-123
-176
-230
-282
-335
-388
-440
-484
-526
-561
-585
-598
-596
-586
-560
-528
-485
-433
-377
-320
-261
-201
-147
-94
-48
-2
40
81
123
167
214
266
321
378
437
491
538
580
611
628
629
614
588
546
493
431
364
290
218
144
74
10
-52
-110
-162
-209
-254
-294
-332
-366
-400
-426
-447
-465
-478
-483
-480
-469
-449
-423
-389
-352
-310
-268
-225
-183
-145
-110
-78
-47
-16
16
48
82
120
164
206
255
299
345
385
419
447
466
476
474
463
445
421
384
345
300
253
203
150
95
41
-10
-61
-108
-153
-194
-230
-260
-288
-309
-325
-335
-340
-338
-335
-324
-310
-293
-275
-255
-237
-219
-203
-187
-172
-155
-141
-124
-103
-77
-48
-16
21
58
100
140
180
213
245
271
290
303
312
316
315
308
300
289
276
261
244
224
201
177
148
119
85
53
20
-12
-44
-76
-105
-129
-151
-173
-188
-203
-212
-219
-225
-230
-231
-233
-231
-230
-228
-227
-222
-214
-206
-193
-178
-158
-138
-111
-86
-59
-31
-5
20
43
67
90
112
132
152
171
190
208
225
238
250
258
263
261
258
248
235
221
204
182
163
141
121
98
73
48
24
-3
-34
-62
-93
-118
-148
-172
-197
-214
-232
-248
-257
-263
-266
-263
-259
-249
-235
-219
-202
-184
-164
-148
-128
-108
-92
-75
-53
-33
-9
15
42
71
102
134
161
193
221
244
264
281
291
296
297
293
287
274
259
242
224
201
174
149
121
91
58
23
-11
-44
-79
-112
-145
-175
-203
-228
-249
-267
-281
-292
-296
-295
-290
-281
-270
-253
-236
-219
-202
-183
-163
-145
-127
-105
-81
-55
-27
7
41
78
116
153
190
223
251
276
298
312
321
323
322
317
306
293
276
256
233
207
178
149
118
83
49
14
-23
-58
-92
-124
-158
-186
-214
-237
-256
-271
-282
-288
-289
-288
-281
-270
-256
-244
-230
-213
-197
-178
-160
-139
-115
-87
-62
-32
2
38
74
109
145
178
209
234
256
271
283
286
288
285
279
267
252
236
219
200
176
154
126
99
72
42
10
-21
-52
-81
-106
-133
-155
-175
-191
-205
-214
-220
-225
-226
-225
-219
-213
-204
-197
-187
-174
-160
-144
-129
-110
-90
-67
-44
-20
5
33
60
86
111
133
154
174
188
201
210
216
217
216
211
204
194
179
163
145
128
108
87
66
47
28
8
-11
-27
-44
-59
-74
-89
-102
-114
-125
-135
-144
-148
-152
-156
-160
-160
-158
-155
-150
-146
-139
-127
-116
-103
-90
-72
-55
-36
-20
-3
16
34
50
64
79
92
103
112
118
123
128
129
129
129
126
122
116
109
102
93
85
75
66
57
47
38
27
16
7
-2
-12
-19
-28
-34
-41
-47
-54
-62
-69
-75
-80
-87
-93
-97
-98
-99
-99
-99
-95
-90
-83
-76
-67
-60
-51
-42
-33
-25
-16
-9
-1
6
16
26
33
42
50
59
64
71
79
83
89
90
92
92
92
88
85
82
76
71
67
61
54
49
42
37
27
21
13
3
-6
-17
-30
-42
-52
-64
-76
-86
-95
-102
-106
-109
-112
-110
-106
-99
-94
-86
-80
-73
-65
-54
-46
-36
-24
-15
-2
12
24
35
47
58
70
80
90
97
103
109
112
112
109
105
98
90
83
76
67
58
50
44
35
28
20
10
0
-13
-27
-40
-51
-64
-78
-88
-99
-106
-113
-118
-120
-119
-117
-116
-110
-103
-94
-87
-77
-68
-56
-43
-31
-17
-3
11
26
41
55
67
83
93
102
111
117
121
121
120
116
110
104
95
85
76
67
60
50
42
32
24
16
3
-10
-24
-36
-49
-63
-78
-88
-97
-104
-112
-114
-116
-115
-111
-107
-100
-93
-85
-76
-65
-56
-47
-34
-22
-10
6
17
32
46
59
72
81
91
101
107
110
111
111
109
105
97
89
80
71
60
48
36
26
17
8
-2
-11
-20
-31
-42
-55
-66
-77
-88
-97
-103
-106
-105
-103
-103
-97
-89
-79
-71
-60
-51
-41
-30
-20
-12
-1
10
19
29
41
47
56
66
72
82
88
93
96
100
102
98
95
89
83
75
65
53
41
30
16
5
-7
-18