SAMPLES:	7518
BITSPERSAMPLE:	16
CHANNELS:	1
SAMPLERATE:	16000
NORMALIZED:	FALSE
-2
-5
6
2
-1
-1
2
4
1
0
7
-3
-7
2
-2
2
-9
2
8
-8
1
6
3
-11
4
0
-3
0
-6
6
-2
-5
-3
15
-9
3
-19
31
6
-45
39
-26
-20
-15
43
4
-13
13
1
11
-15
6
-11
4
-1
-7
4
-10
11
4
9
-7
13
-9
-4
-5
-4
6
-2
5
-18
5
7
-3
-3
1
1
-2
-8
4
4
-2
-15
24
4
-12
2
17
-10
-3
5
-4
3
4
-12
3
-7
3
11
-25
20
-10
8
5
1
-11
13
-40
-6
101
-108
59
-10
-19
7
-31
64
-74
78
-72
68
9
-67
44
-19
35
-37
22
-17
-28
69
-34
2
7
-10
31
-3
-28
14
-29
75
-22
-40
52
-62
88
-54
-30
39
-36
9
8
6
-24
-1
14
23
-37
18
-45
71
-73
-2
9
-21
56
-83
78
-1
23
-44
59
-23
-38
87
-39
-22
19
24
-29
-53
133
-103
47
22
-52
46
-12
-95
127
-32
-63
84
-52
31
-61
116
-99
-28
164
-137
18
1
26
-66
11
105
-227
254
-192
118
-31
-97
197
-195
150
-94
5
42
-82
91
-76
38
20
-71
152
-181
55
2
52
-76
87
-120
52
39
-145
246
-193
147
-63
-14
91
-94
61
31
-30
11
-48
54
-129
166
-43
-64
113
-172
189
-172
95
-28
-168
367
-280
186
-44
-178
124
-208
169
-102
96
116
-77
111
-48
-147
-53
-83
196
-184
-25
46
5
-83
98
34
-73
142
-118
91
-272
40
134
19
-51
340
-65
36
58
-10
-90
41
121
-298
464
-470
307
-198
-46
83
131
54
-125
164
-286
135
-253
202
-80
26
219
-120
66
-166
159
-133
48
188
-116
-123
-82
18
-73
-40
243
-200
-25
93
-140
-97
-214
106
59
-103
224
-45
-173
99
148
27
39
154
-1
119
86
-59
175
-133
87
7
-74
229
-333
108
-172
-14
120
-91
-204
-6
134
-84
-23
21
77
52
100
-96
57
110
-140
352
-240
-152
183
-301
114
-2
55
6
45
17
-84
-10
192
-276
279
-409
51
109
-185
122
54
308
-159
206
-159
-244
-13
12
106
-110
-26
-315
146
-144
188
176
-252
278
-362
89
-525
-318
117
30
87
439
326
-175
197
192
-25
322
233
-34
-117
-86
-7
-119
-56
11
101
157
-328
-28
-250
-322
52
9
-19
25
298
-208
-142
-128
14
-204
114
269
-200
33
79
335
73
-36
288
92
-84
150
-224
-341
154
136
-241
257
-32
80
82
-118
-169
-84
-26
69
193
-228
-93
157
140
149
11
167
-119
62
-125
42
-424
162
177
-51
38
-10
-36
216
-213
-149
333
-272
106
-133
-305
23
-70
437
-58
-244
290
-92
14
134
65
-201
283
-30
14
7
-331
-111
337
-210
373
103
-290
-233
181
-124
-332
108
222
-6
64
-197
85
-328
-172
638
-43
36
95
357
-524
62
212
79
-470
603
26
-323
-196
80
185
-185
297
168
-354
-252
-147
312
-433
205
264
-296
-161
-74
227
-456
264
457
137
-355
-135
-110
-48
28
516
143
-70
-155
50
-91
-670
534
308
-103
-166
200
-552
-252
323
291
-122
37
248
-302
-184
157
519
-110
138
338
-226
-261
-174
-20
-84
311
100
9
-296
-325
112
109
20
5
450
-255
-109
29
-191
-495
144
-99
75
-195
363
40
-230
222
180
50
-96
284
146
-460
526
-8
-97
48
51
313
-537
99
-140
-19
-27
30
280
-260
-46
114
-121
-119
322
121
169
-139
-30
1
-154
360
-196
48
-280
-38
-70
18
143
-110
524
-36
-518
127
19
-251
103
129
158
-479
-17
155
-613
290
271
446
-276
5
45
-509
64
195
274
-33
-89
239
-304
-142
196
157
222
-353
492
-259
-444
56
106
280
-161
297
-104
-482
-57
-58
13
-20
383
464
-310
-107
39
-214
-34
-138
408
17
-223
128
-201
-185
-11
271
147
-175
0
78
-461
-57
223
-187
51
492
-65
-305
39
108
217
58
104
-51
78
37
45
147
-34
26
302
114
-268
-291
-59
-627
170
426
-430
131
-54
-271
-270
-522
-89
-34
263
-391
273
-148
-524
551
573
221
311
680
0
-176
24
143
-156
248
138
-208
-294
-381
89
-333
-47
298
-94
-415
-22
11
-271
131
320
393
97
142
212
223
-333
384
161
-515
377
-124
-408
-59
47
-40
-86
-145
8
-204
-218
-256
-15
124
-167
178
241
-243
128
91
148
-79
316
204
-80
304
55
-8
-163
52
70
-38
-9
-170
-139
42
74
-50
162
-35
-173
194
260
171
80
-42
315
-128
197
262
-54
-282
-54
-104
-219
93
-146
-3
-374
-360
-238
-574
-497
214
-55
-52
-36
-176
-450
-198
118
84
-5
131
333
-66
-347
-154
-96
-253
99
151
-165
-408
47
19
-24
83
417
287
132
542
378
119
278
710
497
529
529
550
471
591
665
493
140
-172
138
336
351
233
227
12
-43
160
-119
-427
-221
-102
-369
-106
-281
-446
-396
-201
-328
-496
-677
-485
-472
-711
-592
-893
-1219
-934
-773
-895
-932
-911
-895
-911
-665
-479
-433
-469
30
376
169
248
678
954
922
1131
998
461
408
837
926
738
906
1122
1062
1006
1102
804
737
1169
1277
1268
901
707
459
604
646
640
523
182
-30
-136
-243
-256
-448
-711
-769
-898
-1024
-1383
-1553
-1780
-1663
-1833
-1786
-2176
-2357
-2249
-2020
-1805
-1652
-1450
-1376
-1059
-1018
-585
-516
-247
-10
320
508
678
794
960
1034
1146
1350
1219
1326
1468
1921
1845
2125
2235
2208
2192
2315
2329
2158
2314
2255
2063
1865
2042
1751
1476
1300
801
571
94
-56
-839
-1136
-1443
-1554
-2128
-2438
-2794
-2995
-2974
-2915
-3026
-3384
-3451
-3492
-3369
-3394
-3093
-2881
-2339
-1851
-1361
-1026
-764
-389
177
697
877
1061
1233
1482
1673
1528
1246
901
1182
2074
2167
2272
1825
2128
2128
2607
2806
2750
2647
2799
3287
2879
2961
2309
2657
2488
2584
1811
1089
-151
-800
-467
-692
-610
-1213
-1279
-1911
-1967
-2337
-2539
-2941
-2863
-2846
-3413
-3973
-4530
-4436
-4147
-3533
-3337
-3355
-3430
-2658
-1718
-1379
-831
-425
-49
184
744
888
788
1079
1885
2284
2009
1705
1101
1009
1380
2338
2528
2511
2506
3047
3342
3735
3959
3998
3692
4161
4075
3628
3101
2106
1731
752
808
439
80
-797
-878
-1111
-1681
-1731
-2089
-2493
-2862
-2610
-3045
-3706
-4109
-4043
-4046
-4120
-3973
-4276
-4309
-4012
-3408
-3234
-3058
-2477
-1640
-1061
-737
-288
-231
121
871
1483
1515
1281
1704
2036
2266
2206
2158
1686
1606
2088
2618
2651
3240
4013
4583
4687
4945
4781
4507
4502
5005
4482
2963
2292
991
290
31
534
-715
-1387
-1783
-1663
-2357
-2309
-2560
-3364
-3515
-3352
-3324
-4237
-4263
-4512
-4151
-4140
-4049
-4382
-4330
-4139
-3469
-2965
-3128
-2762
-1715
-1162
-654
64
56
85
922
1139
803
1294
1280
2143
2973
2559
1942
1814
1453
1603
2963
3526
4111
4711
5358
4973
5161
5270
5050
5370
5513
4722
2988
1739
356
133
129
348
-318
-1213
-1658
-2343
-2510
-2939
-2796
-3488
-3323
-3736
-4299
-4932
-5014
-4679
-4305
-3711
-3987
-4345
-4496
-3930
-3478
-2861
-2624
-2320
-1780
-1387
-819
-275
83
357
940
997
859
739
1041
1553
2285
2616
2344
2366
1957
2474
3209
3723
4057
4958
5880
6295
5997
6248
5858
6194
5260
4606
2394
837
314
287
425
-1108
-1173
-2248
-2219
-2927
-2572
-3715
-4190
-3720
-3763
-4149
-4962
-4720
-4911
-4000
-3247
-3058
-3803
-4123
-3718
-3613
-3180
-2960
-2687
-2653
-2074
-1267
-908
-560
14
691
653
694
592
417
598
1563
2285
2589
2542
2593
2696
2859
3892
4546
4975
5457
6243
6367
6189
6440
6494
6502
5269
4391
2215
712
-110
163
-178
-1122
-1391
-2436
-2821
-3468
-3395
-3971
-3753
-3485
-3776
-4564
-5068
-4906
-4682
-3858
-3357
-3372
-3765
-3830
-3656
-3456
-3132
-2689
-2281
-2131
-1799
-1349
-1111
-535
168
702
702
448
235
296
631
1276
2022
2380
2754
2816
2978
3050
3488
4229
4752
5356
5451
5623
5466
5578
5478
5505
4686
3593
2228
815
36
-72
148
-665
-1322
-1719
-1938
-2595
-2935
-2897
-3115
-3328
-3330
-3574
-4231
-4465
-3926
-3499
-3294
-3033
-2858
-3068
-3237
-2804
-2514
-2333
-2054
-1556
-1337
-1171
-694
-490
-307
112
591
827
585
356
449
645
1132
1780
2127
2006
2468
2755
2659
2560
2679
3016
3257
3699
3701
3447
2910
2767
2669
2604
2181
1476
666
-142
-283
-407
-278
-586
-625
-789
-1040
-1392
-1946
-2009
-2296
-2010
-1844
-1812
-2228
-2393
-2146
-1952
-1745
-1480
-1248
-1478
-1505
-1422
-1300
-1311
-878
-397
-311
-280
-123
-19
22
284
526
524
361
393
505
436
655
893
1090
1029
1113
989
710
858
918
907
830
1008
724
730
894
876
661
687
666
369
241
64
-3
-4
91
-52
-190
-291
-430
-485
-453
-408
-447
-435
-389
-462
-471
-402
-287
-164
-105
-90
-176
-216
-177
0
98
118
159
179
174
183
237
243
297
414
447
298
135
157
149
170
93
-86
-326
-495
-529
-522
-511
-609
-625
-676
-755
-751
-649
-636
-609
-462
-513
-659
-582
-551
-475
-188
-72
-117
-194
-180
-130
-143
7
164
318
354
408
486
401
500
761
903
879
941
934
815
815
969
1048
1022
1071
1030
966
905
909
881
847
814
766
617
367
287
278
229
163
-96
-372
-579
-726
-722
-833
-1070
-1149
-1250
-1406
-1431
-1406
-1506
-1541
-1221
-1471
-1497
-1419
-1516
-1496
-1112
-927
-1096
-989
-912
-1003
-779
-415
-418
-293
-32
28
2
218
540
804
863
1064
1374
1381
1328
1566
1669
1619
1774
1904
1844
1656
1752
1816
1677
1609
1652
1477
1272
1199
1074
853
745
628
460
125
-78
-164
-422
-547
-620
-783
-1197
-1136
-1284
-1487
-1448
-1528
-1553
-1665
-1590
-1825
-1858
-1795
-1825
-1909
-1925
-1909
-1928
-1900
-1837
-1760
-1703
-1019
-1242
-978
-626
-351
-308
535
641
571
984
1150
1602
1970
2184
1541
2003
2257
2225
2431
2525
2128
2011
2313
2095
1877
1905
1888
1739
1576
1420
969
571
655
553
236
20
-100
-556
-756
-713
-818
-1112
-1241
-1328
-1580
-1653
-1813
-1822
-1978
-1975
-1822
-1949
-2204
-2608
-2151
-2322
-2584
-2091
-1987
-2717
-2377
-1563
-2339
-1616
-124
-79
-169
963
816
165
1444
1898
1552
1670
2770
2161
1659
2434
2829
2741
3061
3539
2902
2378
1889
1804
1792
1880
2216
1941
1342
794
450
148
35
335
147
-301
-694
-849
-1196
-1386
-1206
-1160
-1354
-1525
-1512
-1907
-2278
-2119
-1905
-2004
-1866
-1844
-2373
-2221
-2245
-2220
-1702
-1853
-2020
-1777
-1508
-1923
-1182
-1182
-698
-478
-153
518
187
189
525
1016
1461
1786
1826
1902
2075
2085
2579
2789
2796
3097
3253
2981
2876
2931
1836
1720
1953
2432
1897
1623
1160
418
533
496
378
194
-178
-808
-738
-858
-1395
-1651
-1484
-1489
-1621
-1693
-1956
-2547
-2531
-2157
-1977
-2178
-2270
-2363
-2588
-2290
-1977
-1817
-1989
-1828
-1497
-1668
-1613
-1522
-1336
-1385
-615
-636
-812
-55
-81
53
186
907
1036
1361
1972
2296
2163
2263
2987
2725
3468
3537
3241
3050
2909
2906
2863
3011
2232
1769
1707
1905
1578
1201
753
471
310
-75
-93
-378
-1065
-1279
-943
-1317
-1768
-1740
-1787
-2180
-2050
-1764
-2201
-2548
-2318
-2172
-2172
-2070
-2064
-2231
-2202
-1993
-1738
-1906
-1998
-1405
-1716
-1840
-1134
-1463
-1632
-699
-729
-742
40
72
137
743
1351
1195
1929
2192
2142
2533
2939
2971
3276
3689
2942
3717
3221
3219
3508
2959
1882
1824
1711
1689
1769
866
437
459
95
-579
-271
-507
-1302
-1362
-1007
-1465
-1874
-1836
-1809
-1910
-1838
-1775
-1908
-2512
-2682
-2365
-2278
-2363
-2182
-2156
-2521
-2332
-1969
-1942
-2070
-1675
-1408
-1493
-1405
-1121
-1041
-709
-416
123
382
272
807
1538
1507
1594
2405
2543
2606
3462
3395
2759
3474
3763
3549
3713
4026
3379
3096
2818
1734
679
751
1481
1334
469
-501
-673
-476
-746
-797
-939
-1502
-1871
-1698
-1935
-2423
-2394
-2145
-2061
-2250
-2272
-2679
-3115
-3059
-2388
-2227
-2427
-2392
-2467
-2689
-2406
-1701
-1309
-1032
-712
-538
-797
-877
-481
89
231
571
1018
599
916
1615
1928
2324
2609
2979
3365
3364
3373
3628
3760
3982
4546
4472
4514
4151
3208
1622
932
806
853
1410
805
-737
-1291
-1127
-1053
-1183
-1306
-1994
-2742
-2775
-2633
-3086
-3493
-3016
-2751
-2882
-3118
-3096
-3670
-3566
-2577
-1931
-2312
-2615
-2500
-2554
-1976
-921
-358
-655
-576
-186
-82
-118
223
463
468
739
1016
835
871
1571
2477
2986
3052
3053
2992
3238
3997
4530
4574
4633
4785
4889
5142
4463
3142
1559
484
437
1075
1150
-135
-1267
-1747
-1627
-1707
-1594
-2132
-3235
-3897
-3331
-3209
-3694
-3823
-3470
-3425
-3440
-3111
-3194
-3629
-3265
-2176
-1913
-2095
-2302
-2203
-2046
-1222
-273
32
-413
-445
-32
134
370
651
670
448
624
971
1031
1247
2101
3033
3325
3279
3250
3499
4124
5131
5538
5316
5012
5183
5814
5196
3673
1786
576
526
1323
1546
-395
-2305
-2589
-1841
-1894
-2159
-2808
-4157
-4876
-3925
-3396
-4097
-4415
-3872
-3661
-3774
-3417
-3514
-3812
-3174
-1790
-1545
-2013
-2544
-2318
-1776
-698
134
129
-663
-745
-37
591
798
700
546
368
624
1178
1572
1680
2336
3238
3768
3675
3931
4187
4928
5472
5967
5535
5293
5818
6173
5260
3037
1254
99
664
1532
1123
-1502
-3044
-2891
-2233
-2333
-2446
-3620
-5201
-5260
-3801
-3620
-4471
-4437
-3915
-3830
-3647
-3012
-3414
-3592
-2630
-1432
-1865
-2358
-2439
-2078
-1364
-320
78
-398
-544
-97
354
511
704
658
392
332
738
1102
1534
2252
3023
3476
3568
4097
4444
5079
5546
5925
5917
5807
6327
6510
5467
3596
1578
719
951
1921
1250
-1596
-3262
-3202
-2036
-2151
-2353
-3768
-5398
-5569
-4067
-3601
-4483
-4801
-4276
-4149
-3891
-3164
-3204
-3468
-2756
-1587
-1918
-2434
-2542
-2152
-1433
-205
460
-61
-860
-528
377
1340
1233
538
-267
-132
764
1694
1961
1820
2005
3013
3939
4414
4632
4825
5333
5787
6261
5844
6321
6426
5567
3628
1371
716
961
2410
1190
-1656
-3302
-2922
-1841
-2151
-2220
-4078
-5682
-5235
-3608
-3686
-4788
-4523
-4195
-4183
-3752
-2923
-3123
-3291
-2256
-1635
-2144
-2606
-1960
-1530
-954
-242
60
-677
-801
253
926
867
288
36
-165
189
1197
1404
917
919
2085
3140
3607
4211
4261
4568
5008
5835
5755
5438
6372
6793
5589
3165
1252
813
1705
2753
1204
-2198
-3308
-2238
-760
-1494
-2375
-4488
-5764
-4668
-2726
-3078
-4805
-4877
-4364
-3973
-3509
-2779
-3172
-3409
-2564
-1905
-2364
-2618
-1743
-938
-713
-838
-691
-664
-122
903
1030
257
-582
87
787
1017
856
675
624
1124
2482
3264
3123
2938
3871
4348
5016
5277
5375
4899
5559
6601
5146
3121
957
1129
1856
2719
1174
-2278
-2996
-1583
122
-862
-2438
-4533
-5445
-3729
-1967
-2753
-4899
-5192
-4300
-3418
-2791
-2771
-3528
-3735
-2614
-2003
-2249
-2433
-1639
-1179
-887
-1032
-972
-369
427
994
405
-64
-255
434
1160
1060
631
256
959
1821
2598
2766
2503
2863
3493
4599
4586
4469
4447
4792
5592
5929
4566
2444
920
1270
1962
2344
596
-2195
-2578
-896
384
-993
-2530
-3987
-4563
-3367
-1878
-2675
-4628
-4593
-3469
-3219
-3203
-2709
-2915
-3217
-2537
-2110
-2724
-2723
-1457
-756
-1116
-1541
-1145
-288
664
1106
183
-614
-381
1048
1581
891
190
166
1159
2186
2800
2485
2270
2764
3981
4221
4170
3924
4398
4744
5159
5585
3899
2377
920
1392
1942
2008
594
-2101
-2280
-750
363
-947
-2561
-3521
-4065
-2888
-1731
-2646
-4590
-4422
-3144
-3014
-3054
-2782
-2931
-3306
-2437
-2025
-2549
-2683
-1501
-913
-1363
-1525
-1254
-422
371
885
90
-730
-371
792
1424
776
155
74
910
1979
2515
2403
2096
2684
3826
4257
4223
4030
4468
4687
5224
5569
4290
2607
1457
1569
1877
2068
924
-1377
-2004
-517
251
-936
-2358
-3202
-3691
-2962
-1852
-2758
-4561
-4559
-3255
-3070
-3350
-3134
-3069
-3172
-2539
-1979
-2541
-2809
-1729
-920
-1193
-1674
-1257
-525
237
674
232
-602
-552
759
1435
741
-120
-16
858
1735
2319
1968
1680
2136
3625
4136
3768
3733
3885
4750
4662
5733
4436
3361
2009
1777
2062
2010
2206
-221
-1309
-954
536
-165
-1801
-2527
-3353
-3154
-2395
-2126
-3867
-4696
-3686
-3135
-3505
-3532
-2966
-2936
-2840
-2357
-2533
-2977
-2262
-1055
-1122
-1862
-1675
-725
-94
425
461
-257
-659
94
1146
809
172
67
575
1140
1811
2077
1873
1955
2948
3780
3653
3797
3800
4381
4378
5547
5224
3828
2587
1864
2323
2550
2862
728
-1232
-839
595
594
-1176
-2269
-3293
-3282
-2229
-1993
-3547
-4898
-4130
-3362
-3567
-3802
-3520
-3524
-3203
-2588
-2615
-3168
-2732
-1555
-1396
-1749
-1826
-888
-199
416
384
-233
-471
167
1310
1025
142
-122
514
1349
1780
1895
1503
1685
2623
3656
3641
3456
3758
4032
4520
4834
5804
4449
3539
2173
2133
2619
3077
2725
-235
-1017
-228
1312
267
-1419
-2676
-3617
-3000
-2065
-2466
-4359
-4995
-4059
-3631
-3879
-3815
-3809
-3676
-3433
-2729
-3017
-3106
-2314
-1612
-1661
-2004
-1260
-523
-19
198
32
-192
-11
740
943
386
138
449
998
1292
1460
1693
1728
2320
2972
3380
3321
3617
3902
4323
4513
5149
5415
4131
3427
2003
2616
2818
3579
1821
-560
-444
702
1569
-326
-1712
-2984
-3153
-2169
-1816
-3054
-4840
-4609
-3638
-3639
-3861
-4042
-4022
-3918
-3449
-2945
-3349
-3115
-2508
-1953
-2100
-2006
-1254
-794
-198
-97
-208
-284
249
887
637
280
393
867
1295
1470
1486
1559
2007
2955
3304
3418
3185
3586
4009
4436
4699
4957
4824
3704
2875
2176
2800
3202
3147
997
-641
61
1488
1301
-781
-2176
-2985
-2505
-1516
-1560
-3498
-4896
-4142
-3149
-3328
-3821
-3964
-4149
-3988
-3391
-3082
-3375
-3126
-2546
-2391
-2454
-1949
-958
-652
-524
-570
-287
114
710
885
276
107
698
1310
1374
1110
1286
1720
2487
3249
3053
3002
2966
4046
4153
4406
4027
4585
4448
3863
2748
1875
2572
3160
3069
752
-468
187
1439
1009
-844
-2262
-2836
-2131
-1341
-1812
-3787
-4644
-3734
-2800
-3198
-3785
-3966
-3978
-3689
-3201
-3043
-3486
-2950
-2448
-2489
-2564
-1849
-531
-513
-565
-791
-204
639
1007
751
-214
49
923
1620
1264
661
1051
1948
2983
3087
2783
2733
3259
4101
4197
3814
3795
4578
4809
3529
2192
1897
2685
3499
2651
655
-846
284
1684
818
-1287
-2691
-2554
-1953
-1344
-2101
-3992
-4654
-3474
-2652
-3334
-4129
-4049
-3831
-3511
-3108
-3054
-3255
-2790
-2216
-2302
-2254
-1521
-304
-120
-507
-755
-56
1080
1351
621
-314
-24
1193
1968
1410
390
676
2107
3324
3309
2396
2193
2824
4297
4286
3879
3099
4212
4418
3740
2300
1535
2519
3119
2812
281
-923
90
1451
662
-1527
-2804
-2878
-2003
-1245
-2166
-4291
-4794
-3349
-2545
-3441
-4103
-4048
-3828
-3277
-2744
-2707
-3248
-2637
-1790
-1877
-1788
-1268
-181
-205
-101
-86
199
847
1142
1046
345
289
940
1438
1393
915
1190
1946
2494
2876
2415
2561
2490
3662
3813
3631
3446
4044
4178
3162
2482
1836
2295
2747
2547
478
-890
22
1186
293
-1618
-2534
-2862
-2344
-1770
-2237
-4189
-4679
-3376
-2725
-3438
-4005
-3660
-3620
-3204
-2598
-2365
-2798
-2366
-1568
-1704
-1482
-767
313
100
-214
-32
656
1379
1218
678
58
406
1166
1475
921
374
1038
2167
2657
2338
1872
2108
2696
3669
3620
3244
2990
4022
4273
3398
2206
1487
2276
2757
2513
301
-1089
-245
1002
390
-1663
-2673
-2845
-2359
-1717
-2244
-4001
-4647
-3249
-2426
-3320
-3820
-3450
-3161
-2926
-2248
-2227
-2614
-2309
-1428
-1346
-1348
-400
117
-147
-433
522
1146
1129
650
357
379
693
1377
1072
407
348
1555
2337
2231
1795
1867
2257
2873
3373
3168
2795
3126
4212
3946
2659
1796
1793
2437
2574
1866
-159
-1018
346
1173
-178
-2163
-2538
-2250
-1984
-1721
-2486
-3889
-4001
-2646
-2380
-3451
-3642
-2998
-2797
-2655
-2340
-2120
-2420
-2075
-1351
-1425
-992
-349
-53
-769
-405
884
1170
642
156
435
643
1116
1290
526
46
821
2035
2245
1534
1567
1773
2470
2907
3062
2746
2586
3288
3999
3608
2448
1738
1647
2208
2396
1629
-160
-817
375
972
-263
-2029
-2392
-2199
-1858
-1724
-2370
-3541
-3609
-2438
-2272
-3059
-3263
-2644
-2491
-2510
-2213
-1988
-1967
-1853
-1360
-1442
-1160
-411
-116
-666
-615
502
1004
575
135
267
603
1064
1216
586
94
860
1995
2130
1552
1313
1801
2392
2988
2840
2491
2541
3052
3890
3249
2262
1399
1466
2044
2191
1502
-299
-816
352
972
-343
-1929
-2225
-2038
-1644
-1377
-2065
-3352
-3225
-2014
-1834
-2854
-2963
-2463
-2313
-2299
-2054
-1877
-2294
-1795
-1347
-1219
-1068
-644
-520
-966
-161
817
741
-185
-209
662
1126
1131
625
55
348
1528
2241
1541
803
1323
2200
2755
2370
2234
2218
2763
3314
3520
2587
1787
1689
1727
1894
1719
1195
-86
-312
645
570
-635
-1617
-1694
-1792
-1680
-1363
-1965
-2934
-2763
-1942
-2121
-2722
-2557
-2297
-2446
-2329
-1925
-1727
-1996
-1866
-1565
-1495
-830
-481
-672
-1102
-421
799
736
67
-333
398
1101
1228
745
19
393
1430
2239
1610
929
1258
2213
2724
2593
2217
2159
2703
3321
3600
2188
1574
1270
1844
2101
1611
734
-631
70
855
547
-985
-1868
-1691
-1629
-1305
-1491
-2350
-2972
-2349
-1698
-2246
-2750
-2377
-2151
-2193
-2154
-1767
-1845
-2023
-1495
-1474
-1283
-818
-596
-890
-925
302
602
115
-329
13
701
994
940
199
29
916
1783
1809
1039
993
1724
2321
2662
2319
2236
2488
2868
3590
2859
2049
1465
1509
2023
1829
1508
52
-374
494
893
45
-1504
-1667
-1598
-1355
-1235
-1826
-2633
-2766
-1882
-1805
-2541
-2536
-2184
-2033
-2159
-1988
-1752
-1998
-1681
-1416
-1452
-1300
-810
-577
-805
-415
293
219
-72
-39
373
583
713
697
347
615
1192
1621
1436
1246
1658
2015
2220
2329
2365
2640
2690
3180
3082
2216
1781
1587
1895
1703
1459
553
-359
169
826
256
-1201
-1664
-1441
-1466
-1347
-1558
-2385
-2823
-2172
-1638
-2315
-2685
-2277
-1990
-2120
-2018
-1772
-1946
-1859
-1347
-1162
-1262
-1054
-727
-505
-358
188
135
-75
-39
408
751
596
559
393
748
1142
1577
1387
1271
1631
2084
2305
2173
2318
2503
2752
2833
3140
2293
1828
1313
1707
1804
1441
722
-374
51
701
562
-894
-1646
-1483
-1340
-1297
-1472
-2206
-2823
-2278
-1574
-2009
-2777
-2404
-1986
-1906
-2107
-1813
-2021
-1994
-1438
-1203
-1273
-1301
-893
-648
-509
-22
86
-167
-222
270
722
591
469
437
763
1180
1639
1632
1291
1584
2233
2627
2446
2250
2532
2785
3110
3317
2302
1618
1180
1861
2054
1475
484
-583
179
1023
780
-945
-1870
-1479
-1083
-1077
-1627
-2494
-2879
-2153
-1380
-1939
-2761
-2518
-1945
-1807
-2006
-1978
-2176
-2043
-1532
-1303
-1347
-1400
-1010
-743
-486
-119
-183
-267
-174
287
477
350
394
493
884
1194
1503
1521
1550
1878
2362
2515
2510
2439
2650
2854
3179
3304
2375
1726
1356
1922
2094
1619
542
-431
223
1182
761
-905
-1806
-1357
-967
-946
-1622
-2660
-2947
-2076
-1418
-2174
-2904
-2570
-2001
-2018
-2095
-2216
-2456
-2198
-1571
-1467
-1662
-1539
-1019
-773
-631
-356
-381
-385
-139
240
313
247
403
657
944
1253
1612
1657
1831
2097
2554
2616
2725
2752
2867
2913
3235
3249
2413
1809
1480
2020
2061
1465
448
-207
527
880
371
-1027
-1483
-1314
-949
-972
-1726
-2626
-2797
-1938
-1669
-2366
-2853
-2528
-2134
-2131
-2187
-2380
-2477
-2248
-1774
-1643
-1633
-1521
-1001
-836
-726
-487
-300
-208
-262
127
281
404
493
789
995
1272
1732
1941
2077
2245
2745
2773
3046
2923
3204
3023
3342
2816
2258
1755
1742
2152
1706
1045
16
324
848
520
-409
-1255
-1241
-1239
-891
-1205
-2122
-2772
-2313
-1712
-2082
-2716
-2761
-2480
-2317
-2103
-2281
-2509
-2549
-2093
-1748
-1796
-1715
-1394
-959
-785
-691
-589
-435
-129
74
64
119
427
954
1087
1191
1359
1830
2307
2591
2642
2612
2849
3304
3525
3278
3359
2707
2458
2009
1994
2038
1623
1107
59
252
968
872
-410
-1358
-1128
-962
-861
-1203
-2035
-2741
-2365
-1650
-1985
-2768
-2744
-2487
-2379
-2290
-2255
-2380
-2592
-2111
-1924
-1886
-1803
-1414
-1074
-1086
-734
-556
-412
-241
-50
30
-37
378
864
985
1130
1268
1839
2093
2572
2710
2735
2954
3204
3618
3338
3582
3013
2546
2014
1950
2303
1816
1237
99
141
832
980
-36
-1301
-1399
-994
-622
-1012
-2029
-2720
-2374
-1626
-1745
-2620
-2939
-2672
-2250
-2192
-2458
-2672
-2737
-2108
-1993
-1953
-2135
-1683
-1194
-1134
-983
-910
-494
-310
-99
-125
-133
234
750
1062
1100
1228
1801
2219
2655
2699
2771
3115
3356
3775
3562
3764
3087
2693
2309
2200
2350
1936
1265
163
323
1106
920
-260
-1211
-1140
-891
-729
-982
-1978
-2738
-2215
-1464
-1673
-2698
-2770
-2565
-2371
-2290
-2420
-2577
-2835
-2261
-1872
-2013
-2152
-1650
-1066
-1221
-1342
-1062
-585
-273
-253
-375
-455
42
940
1063
897
859
1738
2339
2759
2570
2629
3007
3512
3980
3629
3615
2912
2889
2438
2456
2485
1924
1121
147
791
1109
729
-486
-1210
-1138
-842
-489
-1186
-2272
-2699
-2010
-1413
-1921
-2556
-2744
-2592
-2390
-2350
-2401
-2733
-2628
-2286
-2097
-2249
-1877
-1238
-1175
-1530
-1503
-884
-449
-260
-522
-763
-479
437
981
729
519
1038
1995
2542
2551
2322
2637
3277
3925
3904
3655
3135
3024
3046
2867
2586
2330
1808
937
749
1322
1167
9
-730
-747
-721
-831
-946
-1584
-2444
-2250
-1570
-1720
-2480
-2636
-2365
-2440
-2534
-2363
-2535
-2739
-2511
-2126
-2239
-2196
-1543
-1249
-1430
-1531
-1125
-810
-725
-651
-801
-663
-164
533
606
392
705
1469
2197
2353
2323
2323
2885
3618
4020
3869
3219
2944
3031
3215
3156
2652
1972
1233
1211
1792
1587
429
-634
-623
-300
-385
-766
-1651
-2283
-2147
-1387
-1554
-2440
-2810
-2525
-2224
-2446
-2382
-2658
-2701
-2540
-2226
-2232
-2252
-1741
-1499
-1582
-1610
-1199
-866
-837
-918
-974
-733
-200
250
341
243
661
1332
1886
2024
2006
2370
2890
3425
3458
3655
3312
3202
3047
2983
2997
2685
2520
1539
1375
1733
1828
861
-191
-214
-314
-290
-531
-1222
-2083
-2097
-1374
-1484
-2233
-2624
-2569
-2428
-2349
-2245
-2685
-2924
-2649
-2282
-2166
-2152
-1973
-2013
-1840
-1365
-1076
-1127
-1223
-1083
-928
-577
-146
-26
-52
190
896
1313
1738
1737
1932
2251
2839
3359
3341
3421
2833
2970
3033
3242
2964
2462
2129
1453
1835
2209
1842
513
-128
217
294
147
-475
-1375
-1914
-1474
-962
-1522
-2392
-2509
-2418
-2262
-2225
-2302
-2678
-2821
-2497
-2345
-2191
-2006
-1832
-2054
-2082
-1462
-978
-932
-1271
-1366
-1061
-454
56
-28
-301
11
885
1573
1674
1512
1696
2232
2974
3230
3177
2834
2561
2806
3025
3034
2697
2200
1719
1499
2159
2317
1343
262
264
746
602
200
-529
-1313
-1308
-814
-777
-1840
-2298
-2165
-2099
-2130
-2327
-2395
-2677
-2610
-2457
-2410
-2160
-2030
-1977
-2218
-1981
-1372
-992
-1111
-1509
-1450
-867
-216
-26
-343
-393
280
1211
1744
1389
1320
1776
2719
3139
3083
2812
2277
2688
2835
2979
2506
2148
1855
1480
2002
2050
1499
631
594
781
584
543
46
-705
-1041
-629
-537
-1278
-1771
-1867
-2082
-2054
-2077
-2177
-2571
-2621
-2532
-2469
-2170
-2018
-2092
-2357
-2144
-1629
-1294
-1319
-1577
-1552
-1086
-502
-281
-496
-416
201
975
1385
1274
1399
1862
2644
2932
2904
2687
2486
2775
2784
2812
2335
2117
1790
1626
1873
1819
1374
658
669
829
779
566
142
-341
-559
-289
-309
-915
-1354
-1525
-1597
-1605
-1799
-1957
-2393
-2418
-2332
-2135
-2091
-2278
-2303
-2303
-1944
-1683
-1576
-1744
-1842
-1510
-996
-716
-755
-758
-388
124
738
998
1002
1236
1700
2457
2606
2783
2477
2369
2439
2579
2656
2297
2083
1519
1466
1769
1830
1118
358
532
682
701
437
51
-491
-467
72
-79
-765
-1126
-1138
-1080
-1146
-1237
-1527
-1944
-1995
-1782
-1544
-1657
-1957
-2133
-2029
-1657
-1366
-1506
-1902
-1985
-1480
-968
-877
-1061
-1049
-600
78
677
616
633
911
1707
2221
2397
2382
1961
2134
2353
2717
2463
2009
1560
1328
1842
2073
1470
374
150
612
787
567
-51
-670
-657
-23
253
-492
-1148
-1149
-834
-598
-851
-1149
-1583
-1540
-1290
-1065
-1148
-1515
-1627
-1614
-1354
-1171
-1227
-1553
-1829
-1548
-1130
-969
-1122
-1292
-944
-466
274
336
148
432
1043
1944
1964
2078
1619
1692
2174
2478
2369
1807
1632
1356
1680
2031
1676
695
216
636
780
563
94
-439
-727
-344
64
-236
-989
-1213
-963
-694
-683
-886
-1149
-1451
-1209
-750
-640
-1062
-1355
-1137
-948
-765
-835
-1100
-1478
-1329
-870
-804
-1091
-1257
-930
-608
-123
87
145
152
612
1306
1605
1667
1291
1277
1533
1955
2073
1670
1269
1003
1449
1887
1550
617
214
626
781
595
111
-455
-645
-217
113
-454
-997
-1133
-809
-709
-716
-883
-1139
-1268
-1050
-543
-563
-848
-1055
-837
-637
-420
-457
-806
-1077
-909
-470
-456
-713
-887
-670
-317
162
120
144
142
786
1165
1400
1352
978
1081
1189
1588
1619
1319
953
609
1193
1456
1302
369
48
327
546
609
49
-543
-771
-288
-4
-484
-1165
-1295
-917
-674
-728
-964
-1234
-1285
-782
-431
-607
-1049
-882
-504
-314
-186
-413
-612
-670
-223
28
-177
-393
-329
34
241
466
449
426
614
1037
1319
1385
1109
800
957
1039
1212
1016
860
516
372
908
993
528
-128
10
234
182
74
-401
-705
-667
-224
-300
-989
-1227
-992
-736
-813
-946
-1056
-1257
-893
-541
-652
-1069
-934
-398
-333
-372
-428
-408
-385
-97
124
-47
-191
67
340
442
591
633
792
792
1263
1365
1441
1368
1092
1039
939
1281
1106
816
376
237
611
782
523
-283
-471
-167
91
-83
-646
-1028
-981
-523
-347
-1027
-1389
-1350
-905
-692
-972
-1130
-1398
-892
-522
-527
-853
-990
-492
-281
-98
-335
-393
-296
-18
269
57
-5
130
493
673
694
807
855
1031
1302
1538
1621
1569
1411
1294
1317
1409
1385
1115
640
283
546
893
548
-306
-712
-399
-167
-215
-741
-1335
-1446
-952
-627
-1260
-1780
-1764
-1324
-1008
-1100
-1328
-1626
-1157
-629
-567
-882
-887
-446
-288
-151
-91
-93
-116
11
275
255
286
450
475
616
651
1042
1116
1147
1246
1524
1876
1839
1519
1258
1451
1630
1705
1343
853
531
878
1256
763
-167
-559
-167
-9
-197
-838
-1382
-1529
-1085
-962
-1562
-2086
-2169
-1669
-1518
-1484
-1760
-1904
-1514
-1127
-958
-1077
-900
-687
-515
-294
-115
13
-3
120
218
325
539
621
528
616
767
1170
1197
1244
1295
1499
1838
1729
1456
1295
1481
1725
1681
1366
887
864
1298
1485
929
107
46
245
420
-3
-725
-1185
-1110
-773
-1092
-1694
-2122
-2006
-1736
-1738
-1972
-2200
-2040
-1677
-1547
-1590
-1413
-1110
-937
-847
-604
-364
-117
25
52
80
380
769
766
727
704
1085
1330
1504
1384
1423
1681
1754
1581
1278
1302
1316
1529
1346
989
788
1177
1535
1047
499
279
617
627
412
-160
-636
-587
-410
-557
-1238
-1667
-1620
-1449
-1486
-1814
-2165
-2106
-1845
-1672
-1813
-1852
-1660
-1398
-1113
-1024
-896
-805
-504
-207
-48
115
263
484
676
943
1081
1268
1371
1505
1676
1832
1828
1486
1400
1381
1438
1429
1245
974
709
1118
1332
1111
545
433
651
720
651
161
-159
-326
-161
-217
-679
-1114
-1217
-1096
-1206
-1482
-1732
-1763
-1767
-1738
-1770
-1794
-1775
-1659
-1507
-1431
-1284
-1143
-930
-820
-601
-301
-63
90
190
497
776
1117
1223
1277
1485
1718
1972
1567
1387
1313
1452
1578
1236
1000
575
1020
1308
1139
555
264
745
783
806
320
17
-175
39
233
-277
-720
-825
-592
-700
-946
-1056
-1257
-1420
-1450
-1340
-1456
-1570
-1529
-1543
-1564
-1372
-1110
-1097
-1226
-1055
-602
-366
-231
-140
10
310
730
1065
1118
1067
1445
1536
1426
1266
1176
1247
1183
1162
777
657
907
1162
880
316
378
634
848
569
196
-72
-53
367
251
-208
-584
-407
-99
-164
-451
-807
-857
-833
-730
-891
-1202
-1325
-1253
-1054
-1115
-1184
-1217
-1162
-1036
-800
-655
-650
-551
-272
42
197
368
631
857
1045
1191
950
899
1001
1026
1002
780
684
458
700
953
759
306
156
517
559
557
196
-109
-132
160
371
-35
-323
-287
11
116
10
-172
-408
-451
-323
-300
-573
-833
-832
-782
-770
-770
-851
-970
-1009
-747
-611
-594
-607
-476
-257
-31
229
386
502
678
967
763
688
702
799
715
617
485
183
330
601
546
69
-107
118
281
306
-1
-323
-406
-34
177
-76
-416
-361
9
243
250
37
-128
-81
147
193
-112
-351
-332
-211
-249
-395
-510
-558
-545
-465
-430
-462
-453
-370
-217
-114
78
199
432
506
724
595
475
591
563
568
351
326
99
111
353
220
-26
-345
-121
-66
-11
-217
-605
-609
-511
-179
-413
-619
-635
-341
66
85
55
-128
8
274
382
240
10
128
226
243
141
7
42
23
83
1
-87
4
25
150
-25
67
227
484
639
492
179
220
453
487
293
97
-108
-148
184
413
-3
-485
-501
-177
-60
-153
-647
-947
-869
-447
-336
-714
-1005
-923
-475
-122
-93
-329
-511
-240
195
405
147
-57
85
412
667
584
392
277
428
699
629
509
301
438
609
526
563
523
619
638
545
273
160
305
186
28
-191
-218
-260
-91
48
-341
-634
-581
-332
-282
-606
-858
-1006
-815
-546
-567
-918
-1117
-780
-424
-337
-558
-679
-549
-235
67
-39
-231
-122
259
521
479
358
373
633
857
883
773
734
931
1099
1107
917
969
990
1159
951
599
357
426
449
145
-19
-303
-335
-342
-101
-362
-894
-873
-687
-547
-838
-1014
-1154
-1046
-797
-724
-885
-1098
-879
-608
-481
-610
-705
-542
-373
-196
-201
-210
-175
53
248
237
254
349
535
609
681
745
906
1034
1162
1195
1217
1366
1440
1420
1304
966
825
932
731
503
214
145
-58
-153
-99
-415
-767
-886
-777
-888
-1005
-1252
-1371
-1345
-1155
-1058
-1238
-1322
-1137
-855
-716
-751
-827
-807
-498
-197
-166
-332
-266
49
297
326
206
200
400
649
732
617
669
827
1200
1245
1215
1242
1310
1577
1507
1252
865
1013
1067
846
607
462
234
111
297
49
-468
-679
-543
-653
-868
-1013
-1217
-1405
-1282
-1091
-1290
-1530
-1429
-1098
-981
-1027
-1022
-993
-796
-546
-375
-463
-405
-132
92
172
169
248
398
520
605
666
680
859
1028
1157
1116
1154
1418
1415
1338
1079
987
938
994
846
563
417
361
375
298
125
-202
-354
-375
-424
-583
-803
-965
-1096
-1051
-1036
-1079
-1285
-1305
-1133
-1001
-976
-1050
-1022
-1001
-801
-586
-532
-563
-464
-243
-43
105
168
190
279
501
745
827
822
917
1117
1267
1407
1396
1390
1233
1233
1118
1017
857
710
579
492
409
272
209
129
-92
-262
-351
-383
-520
-648
-795
-911
-912
-846
-893
-1037
-1038
-930
-822
-801
-852
-903
-875
-732
-601
-632
-665
-580
-445
-291
-217
-126
-107
42
259
410
539
602
759
998
1089
1237
1250
1343
1218
1204
1134
887
923
725
664
442
466
316
144
204
-54
-148
-397
-343
-470
-584
-639
-826
-796
-807
-677
-760
-834
-747
-650
-497
-555
-558
-618
-502
-326
-343
-391
-459
-317
-246
-154
-200
-251
-122
31
165
179
233
415
647
809
832
882
920
997
1093
833
780
632
751
651
582
366
178
299
243
112
-237
-345
-423
-391
-347
-669
-824
-841
-539
-558
-662
-715
-687
-500
-395
-281
-454
-463
-287
-84
-30
-116
-89
-79
56
136
69
-10
-15
109
163
175
223
269
374
481
563
498
539
634
533
412
386
504
343
276
284
117
92
194
125
-248
-278
-218
-268
-386
-450
-533
-668
-456
-342
-459
-599
-495
-296
-280
-259
-273
-246
-173
40
147
73
116
222
355
331
367
306
277
298
369
367
284
291
345
361
331
297
312
167
171
143
62
-41
-79
-40
-212
-201
-230
-258
-335
-359
-370
-460
-464
-471
-494
-494
-466
-419
-436
-357
-296
-264
-248
-192
-112
-74
0
75
122
198
319
426
456
488
523
570
641
602
631
552
610
617
629
555
491
475
385
330
260
129
-21
-62
-109
-228
-336
-371
-427
-490
-566
-593
-620
-656
-665
-717
-733
-697
-612
-593
-587
-532
-464
-370
-309
-284
-261
-189
-83
-15
46
93
170
278
408
503
493
545
624
699
739
735
814
757
814
847
867
767
698
679
550
509
321
222
63
-21
-153
-270
-389
-478
-563
-643
-780
-816
-811
-864
-929
-933
-860
-855
-771
-728
-663
-599
-511
-406
-376
-288
-218
-130
-104
-27
86
131
207
289
390
446
481
591
634
678
753
810
887
864
956
976
936
921
880
852
699
631
517
388
242
123
7
-197
-305
-412
-521
-683
-871
-909
-961
-1002
-1077
-1115
-1103
-1063
-931
-901
-840
-812
-671
-537
-435
-347
-285
-180
-104
27
119
184
242
286
396
474
548
558
578
689
768
835
855
885
916
958
985
931
868
813
796
725
609
483
398
308
196
59
-91
-248
-350
-467
-641
-780
-872
-935
-1020
-1041
-1085
-1122
-1080
-1021
-979
-987
-894
-792
-694
-594
-488
-371
-303
-135
-16
65
115
204
324
422
495
516
593
687
812
869
883
898
949
1009
989
953
854
834
816
768
634
525
481
408
286
184
40
-69
-145
-251
-427
-539
-631
-677
-782
-851
-937
-956
-948
-973
-1014
-1013
-951
-918
-871
-802
-709
-619
-512
-379
-301
-220
-82
46
125
187
299
404
523
642
688
789
863
964
962
993
979
969
977
899
848
783
761
644
540
464
338
276
138
64
-87
-171
-237
-339
-432
-554
-585
-651
-685
-767
-835
-853
-864
-857
-933
-912
-897
-843
-792
-747
-701
-616
-484
-409
-331
-239
-128
8
96
178
275
418
546
627
714
784
855
915
948
950
941
944
930
898
850
763
694
599
539
418
311
206
144
46
-79
-165
-247
-325
-399
-458
-539
-617
-645
-685
-734
-807
-808
-831
-835
-857
-840
-805
-770
-707
-682
-624
-547
-435
-344
-266
-167
-79
57
164
286
366
472
583
666
740
795
847
850
902
935
912
853
842
807
723
658
566
489
387
326
236
120
43
-27
-92
-195
-240
-314
-370
-438
-498
-562
-605
-605
-672
-720
-750
-727
-727
-730
-716
-700
-672
-622
-546
-510
-474
-375
-281
-231
-147
-31
64
148
246
342
413
491
583
637
673
742
778
776
770
747
729
685
658
578
505
452
403
338
241
182
134
62
-9
-66
-128
-205
-259
-311
-365
-405
-461
-489
-516
-534
-561
-599
-612
-608
-569
-563
-581
-570
-504
-439
-397
-377
-355
-302
-210
-98
-21
-12
40
171
287
364
382
426
459
566
654
645
586
561
618
637
623
524
463
425
428
410
310
210
142
112
62
-6
-70
-133
-165
-212
-252
-293
-321
-342
-380
-419
-460
-442
-420
-441
-482
-482
-431
-410
-396
-415
-402
-375
-310
-255
-239
-228
-170
-79
-19
26
62
122
191
262
316
360
394
398
437
481
517
491
471
451
452
464
430
365
288
269
254
224
145
58
13
-11
-27
-82
-133
-162
-172
-184
-219
-235
-255
-258
-268
-281
-299
-298
-288
-315
-347
-354
-316
-283
-283
-313
-309
-262
-190
-144
-149
-159
-113
-32
40
66
69
91
160
250
285
288
281
328
383
396
356
323
327
334
328
278
210
188
186
163
107
45
5
-4
8
-20
-65
-108
-107
-67
-53
-98
-179
-178
-142
-111
-155
-228
-277
-240
-164
-164
-240
-300
-256
-178
-135
-174
-230
-234
-153
-75
-70
-117
-112
-34
44
61
70
86
125
173
196
180
184
217
242
227
211
209
222
230
207
157
147
164
155
124
80
57
41
49
43
15
-29
-51
-24
-18
-41
-86
-103
-111
-100
-96
-124
-154
-164
-139
-121
-116
-136
-160
-161
-129
-118
-136
-171
-153
-115
-90
-78
-91
-84
-36
27
21
-10
-4
41
95
116
84
52
98
174
203
160
116
129
193
238
190
115
99
147
181
144
64
16
51
112
90
-5
-60
-24
22
14
-58
-107
-89
-29
-21
-77
-121
-117
-74
-63
-94
-149
-146
-109
-94
-122
-156
-151
-130
-112
-105
-108
-104
-93
-86
-80
-60
-34
-13
-24
-16
37
87
101
92
83
99
154
185
162
109
106
149
187
160
106
80
85
109
100
59
20
22
30
24
9
2
0
-12
-17
-19
-1
-11
-42
-79
-80
-67
-51
-71
-130
-158
-124
-73
-85
-139
-160
-135
-102
-85
-93
-115
-99
-66
-33
-23
-7
5
24
35
52
87
106
98
81
94
131
159
124
85
90
126
126
85
62
56
67
70
62
30
24
42
55
21
-1
14
22
8
-16
-37
-46
-31
-39
-72
-111
-106
-87
-83
-116
-165
-161
-112
-85
-114
-143
-134
-81
-42
-39
-68
-67
-30
16
42
30
17
24
60
100
113
82
66
88
122
120
98
75
72
84
99
88
54
40
63
75
67
51
32
35
55
58
35
6
-8
7
14
-12
-56
-68
-66
-70
-79
-95
-121
-128
-110
-105
-114
-122
-119
-108
-98
-86
-74
-69
-68
-51
-30
-6
13
32
40
38
55
81
101
96
78
69
86
106
111
101
76
69
89
114
98
57
32
48
70
71
44
9
-3
20
35
16
-27
-54
-59
-46
-38
-56
-100
-117
-96
-73
-79
-114
-134
-137
-109
-88
-96
-129
-124
-84
-52
-60
-76
-55
-20
16
25
15
21
58
87
87
73
74
97
113
113
102
103
113
126
121
98
84
86
94
90
68
36
31
41
38
21
-1
-25
-29
-14
-19
-42
-54
-58
-72
-69
-64
-77
-103
-102
-98
-89
-80
-92
-117
-117
-94
-81
-82
-89
-80
-64
-38
-20
-8
-8
5
34
62
58
55
79
100
107
102
98
110
130
125
106
100
106
109
90
55
44
54
58
40
5
-12
6
8
-20
-55
-63
-48
-28
-46
-85
-88
-59
-47
-68
-91
-102
-93
-75
-75
-101
-111
-91
-66
-67
-84
-83
-54
-23
-20
-27
-16
18
49
54
39
39
68
106
116
99
89
109
132
127
107
88
82
81
75
67
45
20
10
14
14
-2
-28
-42
-47
-38
-29
-40
-72
-79
-45
-32
-54
-63
-57
-58
-59
-48
-50
-65
-67
-65
-74
-67
-47
-37
-49
-57
-47
-28
0
11
-1
-8
15
50
64
58
56
62
80
97
97
83
77
83
88
84
67
50
39
33
28
18
3
-6
-7
-11
-24
-22
-20
-33
-46
-45
-37
-32
-37
-44
-39
-33
-30
-33
-41
-45
-41
-40
-40
-40
-43
-40
-29
-30
-34
-20
-2
0
-5
2
19
33
35
32
35
