SAMPLES:	7510
BITSPERSAMPLE:	16
CHANNELS:	1
SAMPLERATE:	16000
NORMALIZED:	FALSE
-1
-2
0
1
2
1
0
2
2
0
0
0
1
2
1
1
1
2
3
1
0
0
1
2
0
0
2
4
1
-1
0
0
0
-1
0
2
5
3
-1
-4
-3
-1
-1
1
2
3
2
0
1
2
1
-3
-4
0
2
0
-2
-3
0
2
2
2
4
5
2
-1
-3
-2
1
-3
-3
4
7
6
2
0
-5
-5
-4
-4
0
-1
2
5
5
4
2
-5
-10
-2
-3
-11
-10
-1
12
8
3
8
16
11
-17
-28
-8
7
-1
-4
8
16
16
7
-17
-17
5
8
-5
-1
12
12
4
-17
-25
-20
-19
-19
-4
14
32
33
22
19
-1
-20
-28
-40
-38
-22
-15
-8
15
51
52
49
42
9
-24
-45
-65
-54
-28
-19
0
30
48
67
77
43
14
-5
-35
-61
-61
-52
-39
-11
2
26
69
68
34
29
30
-9
-59
-91
-76
-26
7
11
4
44
74
30
-15
-39
-37
-25
-38
-31
24
82
83
42
23
2
-37
-63
-77
-55
-19
32
62
73
69
22
-17
-43
-59
-62
-57
-31
9
58
71
46
24
10
4
-25
-57
-67
-41
2
22
36
55
60
14
-30
-32
-30
-54
-61
-28
14
58
84
55
17
13
9
-24
-75
-73
-49
-29
-3
13
44
97
118
94
30
-28
-50
-93
-132
-113
-39
42
101
146
152
93
5
-60
-116
-160
-135
-46
46
91
122
113
50
-20
-110
-149
-116
-48
21
99
151
135
77
-9
-80
-136
-159
-132
-20
86
110
120
113
97
21
-109
-166
-133
-97
-49
26
100
134
134
102
50
-22
-92
-114
-97
-84
-91
-27
58
93
84
101
96
67
31
-44
-104
-121
-112
-101
-52
-13
56
140
142
101
82
52
-18
-93
-131
-119
-93
-70
-24
50
97
94
82
86
64
11
-39
-89
-92
-87
-106
-83
-45
12
77
113
99
92
96
35
-38
-96
-93
-78
-71
-40
10
66
72
74
65
44
18
-36
-72
-81
-84
-90
-48
18
47
84
108
121
77
-3
-62
-91
-95
-110
-112
-24
70
90
81
74
66
8
-56
-105
-80
-32
-35
-17
39
100
116
51
-38
-88
-98
-120
-121
-37
103
206
257
218
139
68
-57
-166
-253
-268
-191
-44
61
130
207
238
210
131
20
-103
-182
-187
-146
-105
-47
27
110
154
130
59
-10
-68
-92
-106
-76
-8
60
105
108
60
-14
-62
-148
-199
-172
-91
-15
68
134
154
184
135
54
3
-38
-94
-122
-108
-76
-13
16
16
57
112
144
141
67
-1
-15
-54
-107
-135
-145
-98
-9
82
127
107
104
112
21
-118
-173
-165
-121
-44
28
48
71
104
78
20
-48
-96
-74
-21
-3
19
82
118
94
12
-68
-89
-95
-102
-123
-67
41
85
90
83
87
70
12
-33
-64
-67
-41
-36
-23
-12
-9
-9
-8
13
-3
4
67
87
52
42
39
2
-24
-66
-93
-79
-56
-34
-5
32
51
65
84
72
18
-10
-37
-57
-76
-77
-46
-24
-2
12
49
67
51
14
-14
-22
-36
-55
-82
-77
-41
-10
-12
-23
-2
32
43
37
34
41
26
-12
-20
-18
-17
-10
-18
-20
0
14
1
-13
0
21
44
52
31
25
12
-4
-26
-35
-29
-6
38
55
47
64
77
48
15
-4
20
64
69
36
21
28
-7
-80
-125
-123
-86
-40
9
47
77
93
55
-5
-52
-77
-83
-69
-38
-4
38
64
48
31
13
-33
-73
-84
-85
-77
-38
4
52
99
121
111
105
91
40
-21
-57
-70
-86
-94
-82
-46
-1
37
56
66
68
56
25
-24
-71
-90
-81
-87
-84
-38
14
56
80
93
109
97
64
17
-27
-53
-66
-73
-70
-49
-18
19
44
57
46
22
-4
-41
-73
-88
-81
-42
-4
18
63
120
141
121
90
54
17
-20
-48
-53
-18
17
29
27
18
-8
-40
-71
-93
-101
-98
-80
-59
-24
8
19
29
50
53
45
52
49
42
38
30
1
-24
-51
-80
-103
-132
-146
-142
-118
-77
-41
-4
37
69
67
46
24
4
-16
-47
-65
-62
-44
-27
-10
8
35
66
67
44
22
-6
-40
-60
-65
-65
-46
-3
24
37
64
96
111
108
109
123
139
141
133
137
161
164
139
115
94
64
36
13
-10
-3
28
53
65
71
58
32
9
-27
-70
-115
-157
-179
-175
-181
-194
-186
-161
-138
-113
-87
-71
-62
-67
-99
-150
-196
-237
-265
-277
-260
-218
-165
-94
-29
32
82
119
128
120
114
92
73
86
115
155
208
279
344
403
437
450
463
462
442
416
400
373
352
329
278
220
176
123
47
-27
-99
-163
-204
-253
-320
-373
-408
-451
-494
-508
-508
-512
-496
-484
-477
-472
-487
-523
-554
-569
-592
-617
-623
-616
-609
-581
-544
-504
-433
-337
-229
-97
67
222
372
514
614
690
804
903
949
1005
1101
1195
1291
1378
1435
1499
1555
1537
1463
1390
1271
1083
884
681
426
155
-94
-351
-612
-833
-996
-1129
-1230
-1310
-1362
-1372
-1372
-1389
-1417
-1415
-1403
-1415
-1425
-1419
-1432
-1463
-1471
-1468
-1456
-1409
-1308
-1164
-972
-722
-463
-223
3
217
419
621
823
1008
1179
1332
1483
1644
1780
1882
2006
2162
2330
2526
2725
2897
3026
3095
3017
2794
2472
1990
1349
666
-35
-794
-1482
-1970
-2320
-2549
-2553
-2344
-2038
-1664
-1227
-822
-502
-295
-258
-408
-703
-1122
-1610
-2082
-2503
-2834
-2941
-2800
-2549
-2197
-1711
-1210
-827
-516
-298
-223
-205
-188
-205
-201
-75
116
346
670
1043
1404
1806
2225
2560
2856
3183
3459
3653
3838
3971
3982
3878
3642
3207
2610
1874
988
67
-820
-1682
-2422
-2918
-3199
-3269
-3079
-2691
-2184
-1542
-851
-269
166
477
606
512
230
-217
-760
-1302
-1817
-2292
-2631
-2832
-2924
-2824
-2574
-2303
-2002
-1619
-1277
-1054
-858
-689
-602
-514
-358
-163
100
463
855
1282
1761
2185
2547
2915
3238
3446
3650
3866
4000
4059
4114
4048
3794
3407
2857
2095
1184
196
-852
-1848
-2706
-3379
-3784
-3887
-3762
-3404
-2789
-2054
-1280
-499
177
653
975
1112
980
644
201
-339
-927
-1457
-1909
-2257
-2429
-2493
-2539
-2499
-2358
-2235
-2116
-1936
-1762
-1610
-1377
-1102
-869
-574
-195
182
594
1095
1589
2048
2530
2945
3255
3528
3740
3843
3976
4150
4205
4229
4291
4182
3813
3359
2725
1735
595
-512
-1697
-2897
-3816
-4422
-4792
-4815
-4447
-3810
-2976
-1999
-1011
-84
707
1256
1542
1616
1458
1082
602
41
-579
-1121
-1547
-1920
-2174
-2259
-2301
-2335
-2257
-2170
-2248
-2338
-2284
-2248
-2282
-2218
-1933
-1519
-1023
-429
259
1005
1721
2359
2897
3344
3637
3799
3940
4042
4039
4010
4083
4141
4081
3988
3860
3487
2875
2153
1255
102
-1102
-2195
-3223
-4115
-4692
-4900
-4792
-4391
-3702
-2760
-1700
-697
217
1029
1618
1873
1879
1703
1317
790
276
-178
-618
-970
-1168
-1258
-1346
-1423
-1453
-1548
-1806
-2100
-2329
-2633
-3013
-3200
-3149
-3000
-2697
-2129
-1364
-549
315
1187
2006
2692
3200
3537
3747
3789
3672
3575
3513
3387
3274
3318
3378
3353
3344
3227
2800
2179
1456
474
-698
-1781
-2772
-3714
-4364
-4621
-4640
-4384
-3795
-2975
-2063
-1094
-148
714
1434
1915
2181
2298
2196
1856
1450
1043
559
62
-304
-611
-946
-1200
-1356
-1595
-1965
-2290
-2582
-2989
-3387
-3568
-3615
-3586
-3277
-2663
-1967
-1171
-200
783
1639
2417
3067
3469
3693
3755
3638
3492
3386
3208
3068
3129
3236
3282
3354
3329
2993
2442
1731
674
-607
-1809
-2932
-4003
-4768
-5115
-5149
-4827
-4137
-3215
-2151
-1010
116
1153
2021
2629
2985
3137
3019
2637
2163
1632
1005
404
-75
-503
-896
-1134
-1307
-1578
-1906
-2220
-2624
-3150
-3621
-3988
-4281
-4415
-4215
-3724
-3044
-2148
-1056
124
1254
2281
3118
3742
4132
4262
4137
3889
3586
3235
2928
2732
2638
2597
2675
2772
2711
2440
2033
1348
371
-729
-1812
-2866
-3800
-4428
-4708
-4649
-4243
-3499
-2560
-1479
-330
835
1889
2728
3303
3646
3711
3452
2973
2365
1615
755
-36
-736
-1346
-1835
-2182
-2433
-2641
-2828
-3039
-3290
-3584
-3911
-4135
-4199
-4190
-4008
-3458
-2651
-1795
-797
393
1497
2432
3297
3962
4276
4388
4385
4132
3721
3337
2975
2607
2389
2263
2184
2174
2161
1996
1693
1231
482
-391
-1191
-2009
-2872
-3435
-3636
-3644
-3445
-2853
-2054
-1212
-295
684
1582
2293
2791
3080
3119
2866
2381
1811
1132
328
-458
-1123
-1691
-2179
-2492
-2679
-2831
-2974
-3077
-3178
-3362
-3631
-3781
-3769
-3752
-3635
-3148
-2383
-1615
-695
438
1481
2347
3198
3872
4163
4238
4190
3901
3442
3004
2562
2168
1954
1860
1855
2021
2220
2253
2217
2038
1508
739
-21
-861
-1827
-2649
-3198
-3508
-3576
-3357
-2851
-2126
-1272
-389
559
1473
2152
2598
2920
2967
2648
2167
1606
856
-7
-778
-1448
-2061
-2548
-2844
-2999
-3081
-3160
-3223
-3246
-3337
-3521
-3559
-3416
-3307
-3088
-2447
-1602
-859
12
1111
2036
2718
3381
3859
3926
3847
3687
3308
2814
2408
2041
1744
1662
1699
1832
2125
2402
2482
2487
2312
1723
892
79
-864
-1951
-2848
-3445
-3819
-3906
-3592
-2982
-2142
-1158
-72
1035
1988
2675
3138
3385
3230
2713
2072
1323
361
-628
-1449
-2140
-2745
-3109
-3231
-3211
-3143
-3021
-2862
-2759
-2808
-2915
-2880
-2822
-2829
-2625
-2062
-1458
-860
-21
911
1649
2306
2927
3262
3302
3271
3120
2762
2319
1949
1694
1535
1496
1642
1993
2393
2713
3001
3174
2979
2444
1746
871
-227
-1307
-2233
-3051
-3581
-3682
-3453
-2943
-2142
-1150
-123
915
1831
2478
2853
2947
2686
2159
1490
672
-229
-1056
-1793
-2389
-2763
-2945
-2980
-2829
-2584
-2435
-2279
-2108
-2208
-2493
-2604
-2742
-3028
-3057
-2678
-2281
-1811
-991
-75
649
1413
2172
2601
2787
2889
2794
2544
2323
2021
1734
1682
1762
1854
2195
2736
3139
3515
3920
3986
3629
3137
2398
1301
192
-835
-1913
-2793
-3226
-3398
-3288
-2808
-2118
-1342
-452
406
1086
1626
1933
1906
1720
1403
843
196
-374
-953
-1546
-1913
-2113
-2299
-2361
-2267
-2218
-2265
-2312
-2416
-2705
-3050
-3302
-3525
-3679
-3561
-3150
-2598
-1889
-989
-56
809
1599
2256
2652
2855
2879
2739
2534
2306
2048
1879
1904
2027
2244
2661
3183
3661
4135
4546
4642
4385
3890
3087
1968
699
-563
-1826
-2940
-3714
-4117
-4201
-3935
-3353
-2535
-1596
-658
257
1042
1578
1832
1918
1803
1390
845
290
-336
-972
-1465
-1822
-2078
-2203
-2194
-2147
-2093
-2086
-2197
-2338
-2559
-2943
-3251
-3333
-3365
-3320
-2928
-2275
-1643
-899
40
847
1458
2039
2461
2575
2594
2633
2509
2329
2275
2297
2389
2656
3053
3470
3940
4462
4863
5070
5037
4621
3855
2801
1511
94
-1348
-2769
-3968
-4737
-5129
-5218
-4856
-4102
-3212
-2188
-1002
134
971
1614
2091
2238
2075
1729
1236
592
-125
-742
-1237
-1628
-1906
-1995
-1917
-1861
-1872
-1826
-1836
-2092
-2425
-2657
-2944
-3271
-3362
-3203
-2989
-2655
-2039
-1292
-577
161
906
1511
1994
2388
2691
2898
3028
3107
3226
3409
3577
3771
4088
4422
4659
4914
5120
5047
4666
4077
3158
1879
487
-927
-2387
-3743
-4794
-5476
-5797
-5734
-5291
-4512
-3518
-2401
-1213
-49
907
1634
2172
2450
2411
2145
1751
1213
604
20
-482
-916
-1191
-1334
-1393
-1456
-1499
-1584
-1842
-2229
-2647
-3129
-3651
-4022
-4165
-4162
-3931
-3344
-2587
-1757
-778
288
1207
1999
2743
3266
3579
3826
3972
3973
3938
3943
3939
3949
4018
4109
4212
4314
4325
4214
3922
3328
2419
1291
13
-1408
-2816
-4039
-5061
-5743
-5988
-5819
-5300
-4460
-3315
-2068
-798
434
1475
2272
2789
2987
2941
2673
2224
1660
1043
428
-173
-644
-1006
-1307
-1519
-1672
-1853
-2033
-2269
-2651
-3107
-3524
-3976
-4380
-4474
-4337
-4082
-3528
-2619
-1653
-692
433
1501
2313
3010
3602
3918
4044
4144
4134
3973
3846
3757
3608
3504
3453
3357
3259
3167
3007
2737
2341
1744
886
-74
-1095
-2171
-3113
-3849
-4421
-4690
-4481
-3997
-3380
-2498
-1415
-411
508
1395
2087
2495
2706
2750
2570
2229
1786
1285
742
174
-363
-823
-1224
-1620
-1930
-2148
-2446
-2761
-3014
-3405
-3863
-4160
-4361
-4559
-4485
-4050
-3533
-2846
-1800
-731
200
1221
2184
2834
3318
3741
3876
3817
3795
3634
3318
3112
2925
2643
2447
2358
2205
2094
2125
2117
1996
1904
1648
1146
612
-3
-729
-1413
-1946
-2451
-2770
-2758
-2563
-2328
-1851
-1212
-610
-1
629
1157
1501
1760
1888
1849
1676
1351
903
423
-120
-708
-1244
-1740
-2224
-2599
-2822
-3048
-3255
-3365
-3464
-3581
-3632
-3562
-3405
-3155
-2756
-2229
-1583
-843
-74
671
1372
1994
2492
2877
3120
3205
3157
3055
2870
2602
2303
2058
1857
1654
1524
1497
1565
1682
1899
2150
2318
2354
2302
2095
1655
1114
531
-169
-899
-1478
-1882
-2213
-2405
-2341
-2127
-1825
-1412
-898
-389
10
358
651
803
761
583
326
-56
-538
-999
-1419
-1821
-2138
-2289
-2306
-2274
-2173
-2009
-1836
-1734
-1717
-1724
-1736
-1818
-1910
-1824
-1605
-1410
-1079
-492
88
570
1145
1715
2013
2207
2412
2411
2223
2115
1996
1758
1623
1627
1632
1744
2019
2303
2604
3034
3381
3564
3685
3571
3098
2493
1789
830
-234
-1191
-2086
-2922
-3452
-3757
-3926
-3854
-3546
-3145
-2666
-2081
-1516
-1011
-534
-138
123
316
409
376
280
149
-18
-211
-347
-453
-543
-553
-517
-533
-550
-566
-692
-918
-1096
-1291
-1565
-1763
-1774
-1738
-1706
-1469
-1086
-753
-390
58
461
769
1110
1447
1669
1875
2121
2322
2507
2721
2877
3027
3229
3389
3482
3632
3746
3698
3571
3352
2829
2062
1265
303
-870
-1988
-2948
-3872
-4621
-5045
-5232
-5215
-4920
-4380
-3704
-2891
-1980
-1063
-161
632
1289
1822
2190
2314
2265
2115
1839
1470
1113
771
411
118
-69
-251
-498
-693
-893
-1231
-1665
-2038
-2391
-2828
-3152
-3244
-3245
-3174
-2822
-2246
-1660
-1023
-216
572
1244
1915
2526
2959
3293
3575
3709
3767
3792
3726
3619
3583
3517
3397
3331
3255
3031
2737
2348
1707
877
1
-989
-2113
-3133
-4008
-4796
-5320
-5515
-5470
-5159
-4515
-3662
-2705
-1593
-438
615
1576
2394
2959
3314
3474
3375
3060
2641
2098
1460
867
312
-262
-745
-1086
-1409
-1732
-2010
-2277
-2617
-2975
-3278
-3527
-3755
-3893
-3823
-3549
-3163
-2597
-1809
-921
-39
869
1778
2527
3179
3725
4058
4191
4237
4176
3990
3780
3529
3221
2945
2743
2530
2323
2159
1927
1600
1224
712
21
-737
-1551
-2440
-3257
-3902
-4434
-4780
-4816
-4566
-4116
-3408
-2482
-1483
-444
625
1606
2412
3034
3447
3623
3589
3333
2876
2302
1618
873
153
-512
-1152
-1726
-2160
-2473
-2749
-2945
-3069
-3166
-3281
-3347
-3303
-3189
-3039
-2797
-2365
-1827
-1250
-554
242
982
1645
2290
2838
3199
3462
3623
3615
3494
3325
3101
2820
2558
2287
2007
1776
1555
1365
1246
1135
920
688
438
44
-484
-1003
-1541
-2167
-2693
-3062
-3324
-3460
-3359
-3058
-2621
-2030
-1318
-555
230
966
1600
2110
2487
2652
2648
2497
2154
1656
1107
500
-154
-749
-1261
-1689
-2012
-2187
-2236
-2205
-2122
-2005
-1849
-1752
-1700
-1603
-1470
-1408
-1331
-1118
-867
-640
-292
132
500
867
1266
1595
1852
2079
2215
2282
2302
2257
2145
2033
1912
1702
1517
1394
1248
1131
1102
1070
987
910
784
514
145
-236
-712
-1229
-1691
-2110
-2457
-2658
-2714
-2648
-2412
-2016
-1544
-986
-354
247
799
1293
1650
1847
1918
1854
1597
1252
848
388
-80
-492
-814
-1055
-1183
-1188
-1096
-941
-783
-647
-533
-538
-649
-781
-934
-1177
-1410
-1539
-1623
-1644
-1476
-1204
-938
-584
-112
362
782
1210
1553
1784
1986
2125
2126
2083
2017
1856
1679
1586
1507
1430
1452
1521
1520
1528
1512
1343
989
601
140
-466
-1086
-1673
-2218
-2663
-2977
-3142
-3142
-2959
-2615
-2169
-1588
-932
-266
411
1002
1470
1834
2084
2159
2072
1892
1603
1248
894
556
249
-8
-171
-272
-314
-367
-473
-576
-757
-1054
-1403
-1746
-2137
-2523
-2774
-2903
-2977
-2851
-2514
-2081
-1554
-900
-193
495
1195
1820
2303
2689
2963
3073
3092
3007
2807
2562
2339
2103
1894
1781
1712
1637
1594
1518
1309
981
558
20
-612
-1275
-1968
-2621
-3126
-3514
-3760
-3787
-3578
-3229
-2726
-2035
-1224
-401
437
1243
1933
2475
2881
3098
3112
2925
2597
2155
1638
1095
585
124
-275
-581
-785
-918
-1078
-1239
-1399
-1635
-1960
-2275
-2574
-2900
-3165
-3258
-3222
-3067
-2702
-2158
-1510
-771
57
881
1640
2338
2892
3269
3485
3533
3402
3143
2786
2340
1872
1464
1111
823
688
657
678
730
774
710
505
197
-214
-766
-1372
-1987
-2558
-2999
-3313
-3459
-3376
-3068
-2633
-2035
-1262
-392
445
1265
2029
2641
3095
3373
3459
3315
2999
2551
1996
1386
775
220
-259
-658
-955
-1131
-1253
-1383
-1498
-1637
-1878
-2160
-2381
-2632
-2907
-3051
-3029
-2924
-2673
-2200
-1616
-989
-257
515
1200
1798
2318
2672
2826
2858
2751
2487
2150
1751
1324
944
647
439
347
426
616
845
1114
1324
1384
1301
1035
596
7
-682
-1420
-2111
-2672
-3110
-3362
-3333
-3113
-2691
-2051
-1239
-368
539
1438
2218
2844
3316
3583
3593
3388
2992
2457
1818
1121
424
-188
-704
-1118
-1383
-1526
-1598
-1624
-1627
-1675
-1808
-1971
-2137
-2346
-2584
-2742
-2786
-2738
-2558
-2208
-1730
-1191
-575
96
725
1267
1728
2083
2288
2350
2322
2199
1989
1741
1468
1223
1039
934
893
949
1117
1326
1517
1677
1704
1542
1222
780
179
-562
-1310
-2010
-2623
-3075
-3319
-3350
-3147
-2728
-2093
-1306
-410
500
1388
2181
2821
3272
3525
3545
3319
2904
2362
1717
1013
333
-288
-805
-1191
-1429
-1521
-1519
-1463
-1383
-1331
-1343
-1440
-1592
-1813
-2108
-2411
-2632
-2769
-2825
-2732
-2484
-2102
-1612
-1024
-389
228
825
1359
1774
2074
2259
2335
2305
2174
1979
1758
1542
1348
1216
1156
1183
1281
1429
1569
1639
1600
1405
1056
585
-8
-710
-1423
-2074
-2618
-3008
-3183
-3151
-2900
-2417
-1761
-966
-88
809
1624
2359
2946
3322
3498
3454
3195
2767
2232
1620
971
356
-172
-600
-895
-1061
-1137
-1130
-1105
-1092
-1139
-1293
-1547
-1890
-2311
-2765
-3197
-3517
-3723
-3765
-3613
-3265
-2707
-2003
-1218
-379
463
1237
1888
2406
2764
2928
2952
2835
2578
2256
1922
1574
1281
1093
983
968
1085
1251
1388
1492
1476
1275
939
499
-115
-843
-1532
-2170
-2719
-3056
-3155
-3047
-2698
-2085
-1299
-405
568
1524
2383
3113
3647
3947
3991
3797
3390
2803
2098
1327
569
-111
-702
-1166
-1462
-1613
-1662
-1641
-1585
-1565
-1615
-1776
-2060
-2423
-2832
-3267
-3648
-3892
-3982
-3887
-3557
-3012
-2303
-1465
-533
405
1288
2048
2653
3080
3310
3333
3160
2851
2439
1974
1527
1126
796
600
552
613
781
1027
1246
1356
1355
1210
877
392
-178
-822
-1492
-2052
-2440
-2651
-2657
-2416
-1938
-1288
-504
364
1241
2053
2740
3259
3565
3636
3483
3136
2591
1898
1148
398
-307
-918
-1380
-1683
-1827
-1822
-1713
-1559
-1431
-1379
-1427
-1623
-1961
-2375
-2814
-3280
-3680
-3880
-3889
-3720
-3304
-2650
-1869
-975
10
964
1777
2474
2998
3282
3347
3224
2915
2476
2002
1511
1050
716
512
429
509
749
1061
1387
1677
1831
1798
1576
1178
625
-45
-780
-1473
-2033
-2409
-2585
-2519
-2213
-1712
-1034
-239
593
1367
2056
2607
2962
3092
3015
2753
2314
1727
1077
426
-193
-735
-1128
-1381
-1497
-1479
-1354
-1176
-1005
-908
-916
-1069
-1397
-1849
-2354
-2897
-3445
-3863
-4070
-4104
-3911
-3418
-2715
-1898
-953
96
1067
1904
2618
3114
3351
3386
3246
2911
2466
1993
1509
1087
788
599
560
683
920
1214
1550
1824
1923
1875
1627
1178
591
-74
-807
-1512
-2041
-2392
-2586
-2524
-2199
-1722
-1077
-304
485
1196
1838
2351
2653
2745
2662
2394
1972
1465
908
345
-157
-566
-861
-1022
-1076
-1035
-915
-768
-659
-648
-767
-1024
-1439
-1987
-2589
-3184
-3751
-4226
-4464
-4428
-4183
-3679
-2885
-1928
-900
218
1324
2242
2957
3481
3719
3695
3484
3078
2536
1968
1415
921
553
352
287
411
715
1066
1431
1771
1966
1934
1713
1305
717
11
-740
-1472
-2075
-2482
-2689
-2643
-2337
-1832
-1155
-337
515
1291
1967
2523
2855
2945
2847
2579
2139
1592
1005
398
-151
-589
-904
-1108
-1200
-1176
-1063
-927
-836
-858
-1017
-1313
-1747
-2321
-2981
-3603
-4150
-4604
-4814
-4669
-4257
-3621
-2681
-1515
-305
925
2132
3118
3799
4227
4369
4165
3722
3119
2370
1605
908
305
-116
-289
-274
-55
395
944
1464
1937
2274
2316
2103
1716
1101
288
-577
-1401
-2103
-2598
-2854
-2830
-2500
-1914
-1155
-234
738
1585
2296
2862
3164
3155
2948
2563
1965
1259
563
-107
-720
-1184
-1487
-1641
-1654
-1548
-1351
-1136
-981
-952
-1038
-1251
-1643
-2157
-2693
-3232
-3740
-4070
-4154
-4007
-3584
-2882
-1980
-939
218
1348
2333
3118
3641
3857
3805
3486
2921
2242
1530
806
184
-232
-473
-515
-292
141
695
1322
1945
2420
2679
2696
2415
1868
1146
275
-688
-1585
-2290
-2783
-3018
-2927
-2534
-1885
-1049
-110
841
1700
2365
2802
2995
2910
2567
2051
1406
674
-29
-635
-1127
-1455
-1573
-1513
-1323
-1023
-677
-366
-145
-87
-235
-564
-1060
-1693
-2411
-3113
-3715
-4151
-4332
-4190
-3751
-3071
-2136
-999
173
1260
2242
3014
3452
3577
3450
3045
2429
1739
1025
353
-149
-435
-514
-330
104
693
1380
2118
2734
3125
3247
3041
2508
1735
776
-339
-1441
-2371
-3087
-3524
-3581
-3285
-2690
-1841
-818
256
1273
2134
2753
3105
3172
2942
2475
1842
1087
300
-378
-921
-1297
-1447
-1352
-1102
-738
-308
110
420
547
438
69
-496
-1235
-2088
-2963
-3763
-4398
-4759
-4797
-4488
-3837
-2911
-1802
-576
682
1784
2655
3263
3541
3491
3182
2662
1982
1275
628
106
-189
-244
-88
307
932
1613
2267
2855
3224
3235
2922
2320
1400
294
-843
-1974
-2986
-3665
-3975
-3966
-3573
-2816
-1811
-671
501
1576
2466
3101
3407
3394
3118
2592
1879
1118
366
-334
-833
-1101
-1174
-1049
-715
-292
129
511
758
789
571
79
-652
-1526
-2488
-3483
-4338
-4943
-5302
-5302
-4840
-4029
-3004
-1750
-355
965
2097
3009
3583
3793
3697
3305
2698
2014
1295
625
171
-59
-110
83
568
1160
1739
2321
2762
2878
2673
2179
1378
356
-767
-1888
-2864
-3569
-3952
-3952
-3548
-2813
-1827
-653
562
1657
2581
3257
3580
3565
3288
2757
2040
1252
499
-146
-624
-895
-955
-784
-466
-78
325
693
893
884
654
156
-593
-1461
-2404
-3370
-4178
-4732
-5022
-4985
-4558
-3805
-2828
-1678
-459
708
1738
2521
3022
3237
3179
2852
2354
1801
1210
653
257
46
19
185
546
1041
1581
2076
2406
2503
2302
1767
974
34
-1022
-2070
-2933
-3514
-3774
-3651
-3174
-2398
-1398
-283
810
1773
2552
3032
3200
3117
2799
2298
1703
1090
514
55
-238
-348
-286
-104
155
458
735
887
878
692
299
-309
-1052
-1846
-2658
-3425
-4014
-4344
-4456
-4284
-3795
-3048
-2154
-1179
-216
658
1412
1956
2236
2306
2245
2025
1725
1436
1128
842
712
726
781
957
1286
1640
1913
2095
2089
1781
1214
452
-443
-1367
-2219
-2912
-3321
-3390
-3148
-2624
-1835
-943
-49
824
1569
2086
2365
2444
2336
2100
1771
1425
1131
913
745
676
718
791
877
948
939
794
548
191
-280
-846
-1471
-2080
-2624
-3098
-3433
-3526
-3427
-3243
-2869
-2264
-1658
-1119
-512
36
341
541
719
786
775
808
859
1001
1255
1498
1760
2123
2420
2533
2675
2789
2624
2234
1762
1067
108
-866
-1761
-2568
-3172
-3487
-3475
-3092
-2438
-1687
-817
88
808
1288
1600
1660
1444
1145
841
547
357
359
558
935
1410
1894
2329
2653
2707
2493
2076
1392
470
-499
-1447
-2359
-3122
-3614
-3827
-3769
-3453
-2932
-2254
-1534
-897
-338
116
313
265
116
-94
-414
-713
-841
-795
-576
-174
398
1087
1786
2431
3003
3437
3628
3605
3447
3019
2249
1246
128
-1070
-2236
-3174
-3803
-4099
-4004
-3506
-2683
-1678
-666
265
1046
1564
1708
1562
1246
773
262
-121
-299
-239
79
612
1288
2005
2642
3079
3292
3193
2716
1958
1007
-110
-1260
-2278
-3122
-3709
-3995
-3986
-3674
-3066
-2364
-1659
-860
-111
359
666
898
876
626
365
83
-213
-338
-322
-187
172
680
1201
1839
2524
3002
3327
3581
3510
2977
2192
1137
-233
-1627
-2828
-3837
-4485
-4647
-4356
-3639
-2619
-1488
-375
675
1394
1709
1764
1533
1026
472
51
-247
-316
-70
406
1043
1741
2339
2773
2991
2861
2382
1686
796
-241
-1233
-2101
-2808
-3250
-3407
-3356
-3043
-2466
-1864
-1295
-626
-14
344
600
824
915
883
854
823
860
977
1083
1205
1401
1593
1737
1952
2157
2249
2258
2203
1941
1372
517
-519
-1567
-2524
-3354
-3917
-4037
-3775
-3208
-2385
-1414
-513
238
786
993
890
587
183
-221
-493
-548
-329
177
862
1584
2253
2748
2961
2836
2392
1637
658
-391
-1382
-2199
-2799
-3138
-3202
-2973
-2582
-2067
-1428
-758
-168
313
719
1010
1152
1177
1135
1074
1037
1028
1111
1268
1484
1742
2008
2259
2495
2697
2772
2702
2418
1896
1083
8
-1244
-2447
-3449
-4208
-4647
-4590
-4074
-3252
-2185
-1023
65
891
1373
1483
1267
768
99
-510
-920
-1100
-985
-508
183
940
1648
2186
2436
2355
1931
1189
287
-654
-1553
-2274
-2809
-3150
-3157
-2943
-2590
-2030
-1270
-601
-70
541
1127
1498
1717
1864
1953
2059
2125
2103
2054
2111
2127
2116
2168
2225
2317
2425
2456
2271
1874
1176
168
-905
-1939
-2982
-3771
-4095
-4069
-3737
-3048
-2137
-1249
-431
227
597
709
588
288
-2
-197
-307
-232
120
550
944
1309
1514
1453
1125
564
-186
-1006
-1759
-2422
-2885
-3080
-3089
-2864
-2423
-1804
-1170
-611
-121
311
661
884
1043
1194
1380
1620
1923
2218
2518
2763
2939
3048
3044
2914
2716
2596
2412
2082
1653
1074
295
-591
-1449
-2256
-2920
-3278
-3350
-3126
-2623
-1960
-1196
-462
158
571
761
752
599
396
192
44
40
153
365
590
725
707
531
203
-308
-908
-1534
-2121
-2585
-2893
-3036
-2983
-2787
-2486
-2064
-1573
-1152
-808
-415
-14
349
704
1107
1598
2159
2695
3155
3596
3920
4012
3906
3622
3116
2535
1999
1389
681
1
-691
-1416
-1988
-2390
-2674
-2698
-2428
-2007
-1448
-809
-267
152
479
607
514
378
239
161
255
517
901
1387
1858
2153
2228
1996
1403
501
-555
-1683
-2784
-3689
-4352
-4709
-4711
-4385
-3832
-3078
-2179
-1280
-487
145
632
993
1204
1278
1324
1464
1660
1858
2093
2385
2676
2918
3055
3094
3056
2916
2620
2132
1397
399
-740
-1791
-2733
-3541
-3977
-3899
-3441
-2752
-1820
-789
145
872
1396
1701
1759
1626
1479
1421
1452
1541
1721
1969
2135
2147
1934
1540
931
133
-743
-1593
-2448
-3257
-3783
-4038
-4144
-3983
-3449
-2922
-2512
-2037
-1463
-941
-501
-137
304
1014
1790
2372
2914
3529
3903
4029
4066
3858
3360
2859
2386
1753
926
-58
-1118
-2022
-2834
-3707
-4273
-4279
-3983
-3570
-2858
-1956
-1105
-344
320
854
1248
1467
1615
1872
2157
2342
2534
2785
2876
2750
2456
1991
1377
617
-249
-1136
-1936
-2624
-3153
-3402
-3348
-3023
-2601
-2298
-1956
-1465
-1017
-767
-537
-166
321
921
1469
1940
2468
2957
3265
3443
3537
3410
3106
2785
2344
1655
737
-303
-1255
-2111
-3018
-3779
-4060
-4011
-3885
-3515
-2874
-2222
-1652
-1108
-596
-143
246
583
963
1417
1785
2064
2365
2538
2457
2204
1892
1457
894
286
-394
-951
-1390
-1798
-2066
-2122
-2083
-2215
-2327
-2215
-1967
-1676
-1298
-662
215
1234
2203
2991
3659
4108
4233
4155
3952
3545
2934
2410
1982
1331
463
-407
-1093
-1732
-2445
-2985
-3185
-3191
-3219
-3096
-2766
-2465
-2289
-2081
-1751
-1381
-996
-525
102
812
1427
1933
2370
2597
2470
2085
1593
928
144
-688
-1422
-1919
-2187
-2295
-2189
-1791
-1466
-1386
-1287
-1029
-803
-659
-395
35
616
1272
1870
2370
2829
3141
3285
3423
3471
3237
2920
2672
2192
1381
530
-138
-763
-1368
-1816
-1970
-1929
-1896
-1860
-1739
-1613
-1622
-1635
-1520
-1350
-1190
-943
-530
-30
372
638
832
914
783
486
173
-154
-580
-1021
-1247
-1308
-1331
-1254
-1008
-831
-923
-1014
-949
-772
-596
-326
135
791
1487
1978
2320
2550
2583
2412
2266
2070
1718
1427
1268
1013
572
126
-216
-532
-870
-1179
-1316
-1283
-1260
-1236
-1152
-1037
-957
-849
-665
-420
-137
196
598
1076
1422
1570
1561
1353
855
123
-680
-1536
-2257
-2728
-2920
-2782
-2267
-1663
-1308
-1132
-975
-851
-805
-782
-580
-45
770
1591
2314
2955
3442
3684
3607
3394
3165
2740
2137
1795
1568
916
-43
-677
-1091
-1795
-2712
-3259
-3205
-3013
-3005
-2832
-2159
-1414
-1018
-693
-125
450
746
986
1412
1894
2149
2172
2134
2056
1678
958
184
-528
-1228
-1915
-2303
-2348
-2250
-2268
-2333
-2279
-2153
-2014
-1787
-1338
-748
-58
696
1532
2344
2952
3333
3612
3911
3942
3641
3268
2909
2346
1541
785
196
-334
-895
-1455
-1872
-2108
-2306
-2551
-2697
-2626
-2469
-2270
-1947
-1486
-963
-446
93
629
1086
1370
1441
1403
1275
952
438
-35
-381
-708
-979
-984
-752
-660
-897
-1209
-1314
-1280
-1328
-1408
-1239
-732
-123
385
885
1452
1971
2362
2662
2844
2790
2560
2261
1878
1323
732
252
-85
-340
-634
-880
-1002
-990
-1052
-1194
-1229
-1133
-993
-899
-731
-451
-114
181
424
603
696
584
244
-287
-773
-1101
-1350
-1434
-1247
-807
-503
-538
-736
-856
-829
-895
-1003
-911
-448
128
481
769
1142
1584
1878
2030
2182
2271
2237
1991
1665
1273
793
258
-249
-581
-817
-948
-1048
-1091
-1064
-1075
-1082
-1078
-997
-930
-847
-698
-470
-146
211
555
803
1021
1041
832
429
25
-270
-491
-543
-450
-219
-167
-362
-671
-864
-965
-1098
-1163
-1070
-714
-318
17
277
589
973
1278
1567
1758
1840
1710
1459
1162
818
519
237
28
-39
-17
-17
-120
-157
-133
-135
-190
-271
-314
-357
-422
-594
-764
-855
-877
-933
-1039
-1116
-1221
-1340
-1413
-1350
-1161
-860
-462
-39
258
329
284
331
520
690
833
1040
1417
1788
1962
1910
1827
1841
1848
1726
1359
877
346
-196
-862
-1568
-2048
-2190
-2026
-1750
-1463
-1206
-861
-418
-107
65
200
441
714
937
1057
1096
1175
1284
1343
1217
962
591
83
-468
-951
-1347
-1645
-1779
-1832
-1944
-2154
-2358
-2371
-2175
-1848
-1482
-1006
-313
469
1131
1572
1996
2519
3045
3385
3391
3135
2752
2262
1617
811
80
-455
-736
-891
-1023
-1163
-1305
-1379
-1480
-1617
-1730
-1673
-1482
-1219
-938
-650
-302
57
371
557
707
846
967
1084
1157
1169
1016
738
406
93
-188
-431
-609
-709
-647
-487
-339
-276
-289
-352
-347
-274
-287
-376
-385
-215
32
220
294
318
337
346
330
265
204
133
79
69
75
50
-32
-125
-157
-151
-158
-121
4
172
340
429
456
456
442
386
250
98
-35
-120
-177
-246
-367
-522
-641
-689
-689
-670
-647
-559
-375
-167
3
138
249
328
386
449
514
562
589
607
622
628
610
548
438
287
129
-38
-185
-317
-444
-571
-664
-697
-698
-678
-616
-486
-302
-76
149
369
573
734
814
822
789
723
646
538
447
355
278
189
58
-111
-324
-560
-796
-990
-1140
-1232
-1268
-1241
-1174
-1066
-931
-795
-666
-539
-376
-177
36
257
491
709
915
1081
1198
1256
1263
1234
1175
1096
976
785
551
303
51
-208
-471
-686
-848
-899
-890
-813
-730
-627
-490
-357
-218
-75
91
261
466
685
888
1040
1127
1160
1125
1034
896
719
547
336
93
-162
-444
-772
-1140
-1490
-1791
-2012
-2148
-2170
-2050
-1816
-1490
-1112
-719
-337
43
415
723
968
1149
1285
1395
1471
1459
1373
1232
1087
930
741
518
276
47
-160
-339
-496
-636
-719
-745
-713
-617
-495
-319
-134
54
237
411
559
666
725
755
774
772
700
564
412
250
88
-107
-310
-472
-564
-622
-699
-788
-875
-940
-942
-870
-745
-596
-424
-221
-6
202
331
365
326
272
232
178
132
74
23
-62
-133
-189
-231
-246
-229
-140
25
220
390
543
664
718
690
617
532
483
456
452
454
494
476
366
146
-434
-1034
-993
-472
-279
-318
129
737
572
-603
-1587
-1367
-442
-107
-720
-1178
-693
284
637
355
161
546
1077
1032
419
-201
-311
-147
-84
-183
-174
83
271
199
-70
-251
-124
71
25
-214
-244
4
285
389
233
102
78
-37
-236
-193
68
55
-8
458
1222
1226
195
-688
-454
446
678
-122
-897
-766
-170
-107
-622
-1031
-718
-95
49
-471
-934
-764
-256
-71
-213
-49
309
473
364
116
-3
181
477
466
255
205
420
742
692
397
202
322
597
566
274
115
95
91
-135
-317
-328
-663
-815
-736
-377
-102
358
826
1147
1041
360
124
378
673
260
-402
-936
-913
-841
-1241
-1540
-1176
-77
499
195
-666
-771
-338
-188
-518
-851
-554
-65
252
-178
-503
-137
772
1275
973
541
539
753
828
560
127
270
666
862
671
197
-132
-87
-11
-149
-168
-66
-31
32
130
56
-107
-74
-17
108
180
5
-91
-56
8
36
-12
-70
-56
-56
-134
-252
-428
-494
-459
-443
-539
-600
-420
-224
-276
-325
-107
138
136
-123
-214
40
198
-91
-399
-384
-126
29
-91
-139
-29
195
330
337
235
287
405
316
299
451
614
433
234
353
611
643
408
315
444
549
455
175
-121
-154
-173
-395
-665
-744
-660
-623
-739
-796
-448
-131
-39
-134
-145
-5
173
192
4
-135
-90
171
283
174
-32
-8
117
178
139
-14
-84
-1
57
55
-61
-115
21
88
-26
-146
-117
-59
-59
-152
-215
-152
46
166
59
4
179
359
307
70
-72
-20
129
126
-9
-68
28
177
170
83
82
170
244
212
75
-36
-70
-48
-64
-180
-394
-573
-506
-358
-421
-618
-674
-399
-70
23
-70
-22
264
485
475
381
419
446
422
365
378
353
271
204
251
328
202
56
77
203
75
-151
-199
-134
-182
-386
-539
-479
-340
-316
-372
-317
-105
55
100
71
83
165
252
260
188
128
218
284
148
12
19
86
20
-293
-480
-225
-68
-305
-579
-436
-53
100
-140
-383
-195
107
172
43
-3
59
179
286
292
204
160
224
283
407
384
95
-54
151
206
-150
-484
-400
-41
67
-264
-442
-40
246
-13
-280
-243
128
312
35
-171
179
680
670
393
202
461
581
201
-106
-100
-16
-191
-385
-553
-393
-246
-415
-460
-484
-285
-123
-240
-429
-239
88
65
-209
-292
23
173
45
-42
115
284
296
231
297
299
211
121
65
126
95
-124
-242
-163
-101
-197
-237
-120
-30
-106
50
316
383
260
68
204
521
378
-65
-246
-44
314
286
-94
-224
183
521
290
-229
-282
102
254
-55
-272
-67
162
58
-243
-533
-289
-25
-284
-671
-533
-178
-206
-409
-508
-203
80
-67
-95
-33
132
316
218
-141
-54
218
181
71
-30
62
387
623
405
294
455
740
641
225
20
243
327
27
-267
-356
-79
-19
-223
-502
-385
-38
-50
-305
-448
-299
-170
-173
-337
-394
-327
-394
-256
-136
-84
-199
40
501
572
275
187
484
671
581
200
85
331
358
-57
-383
-285
-246
-126
-29
-332
-435
-43
241
109
-130
-274
25
284
148
-99
-151
-3
307
297
-102
-55
531
772
430
49
178
677
504
-250
-590
-334
-98
-249
-850
-1040
-471
-107
-385
-785
-550
-136
-58
-308
-468
-286
-145
40
108
-10
28
71
316
490
355
196
285
572
708
556
203
163
505
741
467
-14
-8
400
582
169
-201
-105
148
156
-85
-328
-394
-57
76
-234
-538
-517
-238
-89
-389
-622
-325
65
-22
-356
-442
-109
-22
-157
70
264
187
-48
83
273
118
-421
-503
134
257
-205
-361
58
294
-25
-285
-173
-18
-160
-271
-169
-46
-114
-190
234
614
297
-147
255
877
768
178
0
604
1096
676
17
-47
562
851
207
-493
-261
307
165
-356
-666
-490
-309
-297
-451
-634
-609
-426
-277
-323
-483
-632
-502
-147
-54
-351
-424
-6
533
519
129
94
549
737
397
182
191
341
345
185
-94
37
364
264
-129
-341
-63
60
-120
-378
-347
-106
-41
-253
-484
-326
-39
-37
-237
-68
406
523
286
197
557
908
776
294
254
544
467
-1
-324
-318
-252
-432
-614
-611
-596
-598
-561
-576
-572
-320
-215
-348
-346
-69
146
148
94
286
614
660
483
562
813
817
414
239
490
489
13
-420
-392
-173
-231
-646
-858
-603
-344
-406
-580
-571
-310
22
190
264
272
398
543
577
582
467
314
402
561
321
-66
-174
-280
-352
-437
-730
-915
-772
-544
-556
-719
-717
-428
-175
-205
-171
73
355
522
522
540
818
1127
1085
875
921
1045
938
641
334
269
167
-167
-579
-550
-480
-748
-989
-854
-535
-500
-788
-800
-331
109
-6
-348
-181
375
625
181
-371
-329
376
604
-55
-539
42
917
901
-171
-866
-201
686
374
-802
-1065
-284
222
-400
-1118
-851
163
655
157
-450
-153
620
718
250
204
802
1224
998
411
262
556
782
605
322
323
316
185
-88
-242
-181
-86
-187
-327
-274
-234
-376
-565
-552
-373
-258
-281
-287
-304
-252
-206
-300
-371
-222
-2
-82
-378
-487
-297
-139
-262
-308
-151
52
47
-217
-276
-122
77
139
189
257
350
377
332
357
338
370
494
606
612
493
343
324
272
37
-162
-67
110
48
-192
-264
-180
-138
-129
-197
-218
-107
-5
-49
-112
-75
-60
-48
74
180
110
-23
-20
61
29
-61
-143
-110
8
-148
-469
-572
-457
-430
-460
-411
-297
-191
-162
-190
-175
-22
157
294
431
625
636
480
515
681
642
368
177
338
474
196
-188
-179
115
149
-165
-425
-293
-73
-181
-476
-503
-214
-30
-160
-363
-344
-83
0
-194
-286
-109
118
61
-186
-274
-54
134
14
-204
-121
112
43
-249
-290
-10
212
183
37
129
388
502
406
300
367
601
714
504
209
147
233
217
-41
-350
-324
-85
-48
-309
-453
-311
-98
-100
-239
-166
49
153
75
13
7
54
84
105
200
241
119
4
-16
-29
-172
-432
-512
-382
-345
-531
-687
-628
-422
-361
-435
-370
-156
-48
-24
53
260
494
542
531
633
759
680
529
516
625
555
279
121
173
164
-116
-323
-271
-95
-68
-285
-459
-363
-155
-136
-222
-201
-31
178
198
42
-58
68
226
193
76
39
121
111
-84
-247
-214
-146
-191
-298
-386
-389
-379
-402
-462
-519
-440
-249
-97
-23
14
108
240
392
489
478
454
492
564
526
384
281
291
332
306
186
-37
-155
-84
-16
-173
-392
-399
-229
-206
-371
-496
-429
-244
-92
-54
-98
-40
130
241
211
197
254
329
387
377
223
67
59
78
0
-121
-229
-251
-293
-413
-537
-551
-470
-352
-327
-362
-301
-121
36
42
116
302
479
541
514
491
552
609
552
478
475
463
379
206
17
-60
-64
-189
-424
-513
-446
-397
-464
-494
-414
-292
-228
-245
-244
-158
-50
-38
-16
125
289
329
236
163
195
280
239
75
-33
1
44
-53
-269
-361
-220
-68
-107
-278
-286
-106
22
-56
-149
-68
183
345
239
129
228
391
353
177
93
187
240
136
47
70
118
68
-39
-85
21
78
20
-28
5
59
10
-106
-164
-134
-83
-94
-142
-163
-128
-91
-122
-164
-164
-131
-113
-140
-223
-295
-323
-303
-283
-266
-227
-165
-82
-10
43
44
49
119
255
322
267
188
234
405
475
323
136
180
380
395
126
-102
-42
158
158
-61
-202
-74
140
129
-78
-185
-47
102
26
-161
-181
-4
112
11
-158
-140
54
111
-48
-168
-99
39
19
-196
-353
-290
-155
-157
-262
-303
-260
-226
-253
-288
-255
-182
-121
-72
4
74
90
107
188
298
331
275
273
365
426
367
243
207
269
296
204
108
137
210
214
136
28
-40
-63
-79
-144
-236
-227
-128
-72
-119
-152
-112
-25
4
-47
-90
-75
-55
-94
-122
-123
-152
-208
-229
-176
-134
-150
-206
-222
-116
-26
-25
-43
49
180
239
200
170
198
228
223
166
150
173
172
104
24
11
60
74
18
-23
4
38
-11
-124
-194
-178
-111
-108
-193
-244
-180
-48
11
-39
-89
-11
127
163
69
-60
-89
-3
58
-13
-157
-166
-30
67
-19
-170
-163
17
150
108
8
35
183
243
153
62
100
190
211
146
110
126
127
90
55
45
37
39
55
78
68
14
-59
-108
-108
-107
-156
-230
-254
-191
-137
-180
-266
-274
-144
14
29
-80
-124
-20
64
-18
-178
-201
-59
53
-10
-143
-137
20
133
76
-17
42
223
308
205
83
108
195
210
128
68
119
205
202
98
55
107
160
158
113
80
66
41
-19
-93
-140
-155
-137
-124
-160
-228
-249
-181
-111
-115
-178
-173
-73
7
-31
-111
-92
-1
59
33
-37
-74
-28
56
78
25
-11
32
106
101
10
-63
-19
65
33
-100
-162
-85
4
-22
-81
-12
163
260
186
110
168
255
220
121
115
195
213
114
16
32
72
-7
-135
-143
-58
-62
-188
-280
-231
-142
-162
-266
-296
-181
-63
-71
-115
-62
33
52
8
20
107
182
170
109
113
190
210
108
15
50
128
117
33
-20
1
21
-17
-73
-57
34
81
46
-3
7
51
50
-20
-72
-22
48
17
-77
-111
-84
-89
-135
-157
-126
-88
-90
-114
-112
-95
-107
-124
-98
-29
18
10
-12
-3
59
113
116
95
96
128
160
144
72
6
23
86
80
-15
-91
-52
30
36
-35
-66
-7
69
55
-27
-61
5
78
73
30
47
122
157
103
26
29
74
65
-10
-66
-70
-72
-113
-164
-172
-152
-159
-190
-194
-168
-157
-162
-135
-79
-17
19
25
41
92
148
153
132
155
214
250
221
159
130
143
129
48
-32
-47
-22
-29
-83
-131
-137
-109
-97
-119
-130
-96
-53
-48
-74
-68
-23
10
2
-13
25
89
98
53
37
98
150
106
15
-1
72
115
50
-46
-51
17
31
-46
-107
-58
41
63
-4
-31
42
107
58
-42
-56
13
52
2
-63
-61
-24
-43
-103
-126
-81
-42
-64
-90
-71
-43
-54
-72
-25
52
64
22
27
97
124
65
-4
-3
41
42
-21
-75
-53
-14
-34
-99
-124
-83
-24
-2
-15
1
70
140
145
101
73
101
161
189
162
144
174
202
172
100
52
52
61
22
-55
-106
-123
-158
-218
-257
-251
-230
-221
-209
-179
-155
-165
-167
-110
-36
-24
-57
-39
44
98
61
2
20
103
140
83
17
31
84
77
0
-43
0
58
35
-36
-45
33
112
110
61
56
121
172
142
80
80
128
143
97
37
15
23
8
-30
-51
-46
-49
-71
-87
-84
-68
-67
-87
-104
-90
-75
-91
-105
-90
-52
-27
-36
-56
-49
-18
-9
-31
-46
-26
12
24
-6
-38
-22
19
20
-25
