-6
-3
-2
3
2
5
3
4
7
11
14
13
17
20
21
19
16
11
12
16
14
15
17
17
14
13
11
7
4
0
-1
-3
0
0
0
-1
-2
-6
-6
0
-6
-4
-8
-6
-14
-9
-17
-7
-16
-12
-23
-18
-27
-24
-19
-24
-14
-19
-5
-20
-4
-19
-7
-13
-3
-7
2
8
14
13
15
15
13
16
15
8
9
7
7
8
4
2
-1
-3
-9
-11
-23
-23
-29
-30
-38
-39
-48
-46
-49
-50
-51
-49
-45
-44
-37
-37
-27
-22
-15
-15
-5
-1
9
13
19
22
27
31
40
48
50
51
51
55
61
62
54
59
59
58
61
55
50
49
48
44
48
46
44
40
45
47
42
41
40
40
40
42
36
34
27
27
25
23
14
8
2
-3
-12
-17
-30
-38
-42
-48
-55
-66
-71
-79
-85
-98
-99
-106
-110
-106
-106
-107
-111
-106
-106
-101
-101
-97
-95
-90
-80
-70
-61
-49
-40
-31
-15
-4
7
14
22
31
44
56
69
77
86
93
106
113
121
126
125
124
130
134
139
139
136
142
144
144
141
135
122
115
108
98
92
75
63
41
27
11
-2
-26
-48
-67
-82
-100
-116
-137
-158
-171
-182
-190
-197
-206
-218
-218
-223
-222
-224
-229
-227
-220
-212
-199
-188
-178
-154
-133
-110
-87
-67
-59
-49
-36
-16
7
29
55
71
91
115
140
147
173
190
213
240
244
259
274
287
298
316
327
347
359
370
364
352
336
316
300
277
252
234
202
162
112
70
30
-20
-64
-122
-159
-204
-237
-296
-339
-378
-403
-420
-442
-456
-476
-485
-496
-501
-505
-485
-460
-441
-427
-404
-373
-354
-332
-311
-285
-249
-213
-171
-146
-101
-61
-11
51
107
168
214
266
304
355
407
463
508
553
604
638
664
692
713
716
714
680
622
582
559
543
539
505
466
408
344
280
195
112
38
-51
-115
-145
-196
-247
-286
-319
-340
-336
-329
-345
-370
-389
-429
-449
-466
-476
-489
-489
-475
-457
-441
-437
-439
-462
-475
-513
-566
-601
-583
-572
-514
-461
-445
-455
-429
-402
-401
-377
-367
-345
-271
-163
-106
-53
24
105
208
338
438
504
552
617
680
716
749
774
778
814
872
874
820
762
741
734
767
784
718
622
576
519
456
384
297
193
118
81
32
-50
-126
-175
-212
-213
-180
-191
-221
-246
-289
-321
-345
-352
-372
-381
-364
-352
-377
-426
-472
-518
-544
-531
-539
-557
-604
-653
-695
-742
-796
-795
-742
-655
-568
-567
-609
-649
-646
-627
-558
-477
-427
-350
-234
-168
-114
-43
68
179
360
502
607
670
754
777
823
894
916
997
1047
1085
1034
1031
972
947
981
1029
993
974
942
836
747
656
568
489
407
341
237
130
28
-65
-168
-216
-238
-253
-259
-266
-343
-380
-414
-446
-439
-446
-459
-468
-517
-561
-609
-673
-706
-712
-697
-712
-737
-803
-881
-946
-975
-967
-925
-904
-874
-869
-866
-863
-842
-808
-750
-680
-578
-469
-416
-341
-207
-45
84
244
383
534
640
697
804
776
892
1030
1128
1182
1289
1251
1197
1194
1206
1202
1275
1314
1304
1240
1180
1028
892
776
664
595
528
477
349
202
60
-53
-163
-227
-249
-275
-305
-341
-402
-449
-523
-555
-568
-569
-585
-591
-645
-702
-770
-820
-832
-838
-848
-861
-897
-993
-1078
-1130
-1118
-1071
-993
-891
-902
-900
-899
-891
-870
-789
-747
-649
-544
-417
-295
-236
-142
-85
93
238
548
473
683
680
690
829
971
975
1059
1304
1215
1329
1290
1238
1166
1318
1371
1386
1399
1356
1229
1144
1013
904
827
748
693
630
501
310
186
-19
-69
-107
-130
-180
-233
-356
-434
-507
-545
-558
-610
-595
-596
-633
-721
-802
-908
-981
-983
-953
-947
-980
-1036
-1174
-1236
-1196
-1181
-1129
-1084
-1022
-987
-988
-977
-974
-962
-881
-744
-628
-433
-409
-248
-298
-122
-96
158
262
347
569
487
779
464
928
646
1123
1138
1420
1353
1445
1466
1264
1439
1348
1488
1490
1583
1511
1468
1391
1297
1154
1096
901
896
702
603
353
237
59
-14
-39
-141
-178
-298
-337
-494
-590
-674
-727
-715
-724
-738
-809
-862
-934
-1000
-1062
-1183
-1244
-1270
-1290
-1305
-1291
-1290
-1307
-1298
-1236
-1234
-1193
-1151
-1130
-1194
-1046
-1066
-985
-984
-791
-663
-506
-141
-303
148
-232
404
99
572
460
542
738
650
1107
821
1400
983
1564
1454
1768
1707
1776
1683
1604
1628
1658
1699
1783
1677
1689
1611
1545
1330
1167
1056
805
813
556
457
216
41
-177
-255
-281
-347
-404
-515
-587
-711
-828
-904
-1045
-1060
-1071
-1035
-1070
-1096
-1206
-1301
-1424
-1533
-1620
-1661
-1608
-1473
-1375
-1365
-1399
-1383
-1365
-1376
-1330
-1276
-1294
-1240
-1150
-1149
-883
-874
-552
-412
-232
8
35
106
78
418
229
653
818
722
988
1156
1221
1252
1593
1542
1746
1983
2031
2045
1916
1806
1765
1698
1840
1932
2070
1906
1903
1748
1534
1315
1143
914
740
718
579
381
229
-33
-157
-312
-317
-406
-581
-659
-776
-900
-1040
-1090
-1233
-1262
-1275
-1262
-1323
-1440
-1562
-1685
-1824
-1915
-1918
-1875
-1723
-1532
-1516
-1567
-1564
-1518
-1537
-1480
-1392
-1360
-1298
-976
-1065
-860
-972
-576
-600
-81
10
79
279
3
517
152
794
486
1058
887
1307
1396
1469
1593
1613
2013
1929
2309
2148
2202
1916
1912
1748
1811
1900
2039
1955
1940
1831
1681
1384
1271
1031
885
878
782
623
332
156
-123
-233
-298
-303
-424
-510
-606
-805
-951
-1135
-1275
-1390
-1433
-1401
-1430
-1508
-1666
-1839
-2101
-2187
-2230
-2119
-1975
-1721
-1704
-1701
-1720
-1672
-1784
-1673
-1607
-1458
-1259
-1087
-1020
-1148
-996
-715
-560
-223
133
-176
341
-90
325
-25
771
215
1126
1049
1376
1537
1522
1603
1568
2162
1786
2491
2134
2397
2067
2123
1700
1904
1893
2113
2135
2250
1928
1927
1623
1498
1262
1198
1064
989
916
671
467
106
-38
-205
-229
-318
-401
-525
-778
-967
-1159
-1296
-1382
-1467
-1449
-1524
-1544
-1738
-1889
-2155
-2306
-2288
-2201
-1998
-1818
-1780
-1841
-1847
-1842
-1866
-1926
-1711
-1547
-1402
-1272
-1293
-1333
-1280
-881
-854
-418
-234
-233
12
-218
171
-191
450
265
788
796
1161
1300
1233
1710
1407
1784
1820
2188
2156
2237
2273
2043
2055
1902
2049
2105
2207
2320
2114
2192
1999
1835
1686
1584
1508
1258
1263
961
880
512
343
64
-55
-77
-200
-303
-478
-647
-906
-1127
-1326
-1434
-1500
-1490
-1510
-1555
-1655
-1871
-2088
-2240
-2291
-2156
-1961
-1813
-1763
-1814
-1854
-1940
-1946
-1767
-1717
-1547
-1614
-1335
-1626
-1208
-1464
-1090
-1134
-491
-545
-223
-278
-179
-159
-47
262
251
526
642
1154
814
1403
1045
1494
1441
1951
1892
2049
2187
2098
2079
1910
1924
1856
2078
2224
2309
2399
2308
2202
2066
1811
1783
1657
1624
1427
1344
1073
830
623
312
150
-26
-29
-182
-358
-575
-910
-1095
-1305
-1365
-1426
-1454
-1440
-1540
-1633
-1785
-1970
-2125
-2158
-2071
-1926
-1748
-1706
-1871
-1881
-1946
-1785
-1724
-1666
-1589
-1625
-1537
-1405
-1633
-1452
-1465
-1182
-867
-388
-327
-330
-82
-410
92
-160
174
63
719
581
1017
1031
977
1208
1394
1595
1637
2089
1823
2022
1979
2055
1920
2002
2041
2116
2296
2460
2330
2285
2121
2072
1957
1895
1779
1523
1318
1121
1002
666
527
279
61
-48
-172
-321
-615
-814
-1029
-1199
-1270
-1380
-1402
-1492
-1487
-1567
-1653
-1751
-1917
-1988
-2076
-1983
-1900
-1768
-1730
-1708
-1796
-1750
-1750
-1713
-1732
-1718
-1634
-1628
-1550
-1623
-1557
-1311
-1169
-725
-558
-361
-234
-190
-85
-270
140
-134
500
390
885
633
961
889
1103
1351
1461
1738
1747
1854
1859
1949
1900
2046
1928
2050
2202
2355
2304
2473
2237
2223
2030
2159
1942
1924
1665
1474
1251
1054
855
546
418
139
-4
-158
-307
-485
-733
-838
-1105
-1165
-1257
-1291
-1336
-1453
-1400
-1608
-1587
-1793
-1801
-1907
-1894
-1728
-1691
-1492
-1643
-1590
-1719
-1640
-1749
-1734
-1781
-1784
-1680
-1646
-1573
-1493
-1297
-1145
-818
-778
-419
-590
-286
-298
-286
-178
-13
65
396
631
535
752
941
913
1307
1364
1443
1586
1674
1784
1839
2002
1933
2120
2104
2187
2142
2254
2279
2217
2304
2110
2104
1982
1833
1693
1447
1293
1103
969
711
489
207
-23
-225
-378
-471
-615
-766
-853
-982
-1116
-1269
-1353
-1442
-1392
-1410
-1432
-1489
-1592
-1568
-1790
-1552
-1759
-1397
-1608
-1319
-1731
-1688
-1622
-1964
-1548
-2025
-1395
-1930
-1188
-1693
-1117
-1353
-1088
-839
-760
-608
-287
-469
-404
-329
-151
-114
521
170
434
802
816
1079
1085
1175
1016
1700
1422
1755
1648
1907
1996
2282
1932
2105
1968
2138
2021
2306
2076
2129
1922
1839
1767
1554
1422
1203
1234
939
861
593
417
200
-92
-264
-356
-393
-632
-694
-930
-996
-1161
-1141
-1189
-1254
-1258
-1247
-1231
-1435
-1465
-1736
-1620
-1742
-1447
-1553
-1498
-1511
-1738
-1572
-2000
-1339
-2058
-1190
-1846
-1308
-1480
-1235
-1267
-1426
-699
-1340
-136
-817
79
-527
18
-224
167
-39
277
375
490
606
993
748
951
1134
1225
1330
1489
1879
1521
2083
1610
2055
1825
2178
1815
1942
1846
1953
1941
1983
1850
1800
1618
1731
1470
1336
1049
904
826
549
522
95
106
-270
-275
-402
-583
-700
-844
-836
-1024
-1038
-1100
-1154
-1137
-1246
-1121
-1363
-1197
-1553
-1462
-1624
-1421
-1531
-1425
-1443
-1578
-1515
-1665
-1495
-1756
-1383
-1779
-1243
-1505
-1226
-1232
-1323
-1163
-876
-733
-504
-159
-524
-18
-88
94
68
323
138
525
567
692
841
590
1059
1018
1426
1390
1637
1487
1682
1632
1644
1704
1669
1886
1475
1791
1653
1776
1715
1665
1600
1520
1570
1289
1277
850
825
514
454
307
224
12
-108
-224
-272
-557
-594
-780
-785
-961
-824
-969
-907
-998
-996
-901
-1077
-971
-1089
-1078
-1246
-1140
-1408
-1119
-1212
-1127
-1202
-1290
-1090
-1391
-1141
-1192
-1370
-1053
-1344
-959
-1179
-771
-1086
-536
-703
-531
44
-489
214
-185
422
-160
663
56
584
480
640
712
697
1013
1001
1294
1237
1511
1307
1545
1208
1596
1295
1754
1299
1545
1267
1705
1414
1554
1446
1222
1319
1156
1133
758
816
364
608
145
339
-82
-46
-271
-372
-489
-603
-751
-740
-781
-910
-863
-984
-890
-883
-925
-1068
-833
-1296
-794
-1294
-1002
-1353
-941
-1216
-928
-828
-1264
-945
-1359
-1036
-1293
-961
-1368
-1030
-1229
-978
-901
-1070
-677
-811
-320
-371
182
-464
369
-278
302
144
388
350
546
767
619
1219
557
1272
885
1505
1211
1381
1215
1429
1375
1487
1383
1632
1382
1545
1359
1574
1297
1464
1099
1035
1068
892
967
562
754
334
403
242
131
-98
-154
-308
-543
-527
-544
-718
-649
-876
-792
-883
-851
-927
-923
-815
-1099
-722
-1000
-796
-1029
-949
-1199
-885
-963
-855
-864
-1037
-816
-957
-988
-860
-1088
-785
-1024
-711
-891
-691
-818
-420
-843
-74
-168
4
19
-100
-68
-34
544
-103
684
54
941
414
1145
492
978
806
1004
1134
1037
1235
1049
1387
943
1382
1052
1227
1017
1313
759
1169
880
884
731
760
620
709
507
349
319
30
281
2
-226
-261
-174
-413
-206
-388
-524
-523
-452
-739
-345
-614
-611
-542
-542
-532
-707
-430
-768
-475
-658
-507
-705
-569
-553
-697
-567
-867
-545
-853
-451
-876
-723
-863
-708
-753
-652
-700
-622
-440
-457
-207
-389
-324
-308
6
-331
205
-111
197
169
502
265
416
586
939
814
965
732
1004
861
1076
846
1061
1099
1154
1064
990
939
568
943
838
756
519
737
309
564
414
184
7
233
-106
0
-200
-193
-466
-192
-465
-403
-310
-487
-310
-503
-434
-606
-255
-644
-225
-471
-374
-620
-224
-760
-579
-863
-197
-701
-494
-415
-810
-445
-922
-362
-1185
-283
-1032
-508
-740
-518
-482
-636
-277
-423
9
-388
193
-285
-51
70
174
193
221
536
437
645
638
714
612
663
1053
855
1137
769
958
876
1187
913
968
840
919
720
731
652
456
597
585
525
455
158
176
197
5
-178
-100
-108
-303
-104
-357
-558
-289
-413
-358
-425
-299
-527
-356
-419
-449
-445
-403
-448
-357
-529
-313
-673
-445
-795
-564
-654
-370
-679
-585
-616
-815
-770
-735
-593
-844
-555
-611
-543
-469
-297
-758
-159
-299
-58
-254
166
-264
408
-91
326
179
429
262
719
777
575
854
530
852
924
1045
630
1017
713
1090
796
1104
758
939
726
724
950
388
883
346
594
224
539
78
287
227
-53
-43
-58
-107
-274
-190
-125
-500
-31
-377
-285
-535
-381
-624
-266
-512
-487
-240
-626
-460
-614
-536
-748
-535
-810
-695
-672
-518
-993
-492
-827
-611
-829
-560
-759
-728
-705
-591
-403
-679
-242
-565
-96
-441
92
-272
66
-10
-47
105
265
302
285
376
797
616
702
658
730
872
902
1025
528
1097
920
999
928
1098
717
1294
715
913
745
857
531
957
295
549
184
340
169
192
-61
-154
-60
-143
-102
-557
-286
-509
-207
-564
-424
-571
-512
-683
-526
-732
-490
-597
-609
-672
-618
-748
-728
-1063
-711
-714
-726
-788
-699
-815
-662
-740
-954
-739
-392
-865
-211
-842
-247
-622
-158
-252
6
307
-42
638
199
458
81
497
360
572
963
235
1078
444
1203
758
1269
562
1341
813
1035
1033
827
1025
961
1038
901
1082
780
721
1007
701
560
716
251
566
150
238
-347
225
-436
-218
-337
-430
-472
-754
-440
-922
-697
-747
-857
-742
-841
-683
-896
-652
-734
-674
-614
-797
-796
-981
-798
-856
-783
-844
-643
-1050
-600
-916
-658
-865
-627
-798
-664
-643
-424
-705
-248
-474
57
176
154
442
334
276
499
552
243
1076
523
709
968
670
1025
839
1164
938
1280
1130
1241
909
1094
973
1254
1158
1059
923
1095
847
1019
1017
563
715
623
574
482
360
211
-70
178
-333
-152
-455
-304
-866
-331
-1114
-492
-825
-806
-837
-898
-1064
-884
-642
-1261
-536
-1250
-692
-1044
-697
-1125
-900
-931
-1047
-651
-1246
-765
-1331
-788
-1150
-579
-1160
-890
-793
-817
-611
-503
-596
-219
5
-37
86
19
312
271
333
324
634
607
814
991
961
1267
1086
1158
1123
1237
1387
1711
1374
1393
1401
1618
905
1562
908
1435
969
1586
976
1281
1115
839
1103
666
768
-52
563
2
109
-573
-164
-467
-243
-471
-608
-934
-652
-1108
-797
-1075
-1191
-1108
-1131
-1042
-1297
-902
-1651
-821
-1446
-1132
-1270
-1205
-1363
-1259
-1498
-1289
-1063
-1279
-1251
-989
-1131
-1142
-468
-1079
-367
-919
-61
-596
303
28
230
146
190
392
309
855
344
1099
646
1285
833
1347
1110
1547
1379
1513
1495
1524
1595
1621
1485
1600
1576
1381
1730
1268
1661
1410
1383
895
1278
875
883
792
534
267
261
98
5
-513
-373
-730
-578
-698
-891
-876
-1077
-971
-1355
-956
-1397
-1153
-1505
-1319
-1527
-1332
-1544
-1459
-1444
-1396
-1401
-1470
-1369
-1627
-1158
-1352
-1404
-1228
-1210
-973
-1084
-883
-1289
-385
-983
-100
-528
181
-59
106
173
145
419
526
779
569
967
956
1210
1160
1481
1265
1709
1721
1738
1676
1910
1489
1869
1346
1749
1427
2091
1442
2162
1299
1703
1266
1498
1162
1125
884
519
812
115
405
-154
5
-172
62
-486
-465
-756
-828
-963
-1087
-1235
-1101
-1410
-1086
-1400
-1486
-1711
-1425
-1523
-1440
-1622
-1808
-1615
-1510
-1620
-1904
-1532
-1851
-1293
-1737
-1371
-1458
-1173
-971
-1265
-732
-650
-143
-365
-226
-401
61
-244
182
209
403
390
1081
791
991
1203
1336
1498
1933
1692
1769
1995
1981
1848
1674
1899
1728
2154
1860
1715
1780
1504
1556
1796
1526
1168
1252
946
806
721
441
277
187
192
14
-57
-227
-544
-586
-617
-738
-1014
-941
-1288
-1194
-1332
-1512
-1445
-1659
-1722
-1902
-1587
-1827
-1874
-2043
-1957
-1875
-1816
-1819
-2021
-1677
-1712
-1319
-1694
-1363
-1248
-914
-808
-510
-327
-380
-77
-266
82
-138
474
-26
759
340
1267
598
1311
1182
1902
1601
2206
1906
1773
1966
1824
1802
2048
2160
2058
2437
1872
2022
1680
1888
1482
1836
1194
1362
1069
845
686
454
353
271
292
105
-24
-452
-536
-494
-521
-718
-846
-1072
-894
-1333
-1281
-1687
-1687
-1680
-1625
-1626
-1747
-1896
-2042
-1955
-2065
-1853
-1991
-1841
-1865
-1684
-1855
-1778
-1774
-1138
-950
-662
-1033
-762
-664
-356
-179
-494
-264
-396
347
228
530
210
1034
1186
1672
1987
1909
1911
2124
1745
1969
2057
2202
2190
2429
1781
1924
1529
1731
1727
1565
1795
1328
1709
1019
943
453
612
461
620
816
559
432
2
291
-171
49
-342
-274
-736
-665
-1146
-1322
-1526
-1421
-1171
-1306
-1389
-1778
-2147
-2230
-2106
-2313
-2252
-2034
-2216
-2155
-2293
-2199
-2131
-1840
-1520
-1453
-1167
-1112
-1030
-1256
-672
-636
-184
193
268
472
412
550
799
1345
1371
1678
1453
1437
1466
1352
1620
1850
1966
2042
2146
2006
1859
1652
1685
1986
1931
1979
1480
1292
1143
1016
911
977
849
953
942
469
355
229
252
166
219
-42
-274
-532
-673
-1036
-1086
-878
-887
-959
-1190
-1826
-1749
-1874
-1680
-1693
-1765
-1957
-2062
-2248
-2210
-1956
-2249
-1759
-1364
-1721
-1286
-1586
-1640
-970
-782
-412
-122
-170
-147
156
219
776
1236
1274
1433
936
1119
942
1627
1586
1682
1428
1677
1572
1585
1621
1522
1585
1363
1541
1361
824
655
521
479
766
846
699
582
416
384
217
342
319
248
169
257
142
-178
-350
-602
-199
-349
-226
-571
-1133
-1153
-1346
-1081
-1251
-1080
-1344
-1329
-1579
-1446
-1417
-1671
-1360
-1097
-819
-1126
-678
-1497
-210
-389
-109
-215
-123
60
400
608
839
997
765
451
400
939
1172
1078
796
277
647
854
707
618
447
353
394
504
15
-48
-549
-108
143
-2
49
-246
-310
38
286
251
156
-104
9
127
-5
28
-304
-429
-262
5
-100
-64
-495
-432
-528
-276
-255
-585
-501
-541
-475
-319
-191
-672
-179
103
203
350
-260
-137
678
580
1202
886
809
1151
1599
1409
1797
1073
412
661
639
1275
1418
866
158
279
209
437
188
-387
-720
-807
-630
-959
-961
-1466
-1388
-1135
-894
-1220
-1460
-1532
-1592
-1135
-918
-818
-904
-1126
-861
-838
-687
-772
-937
-1027
-572
-193
-293
-537
-904
-680
-203
111
-57
-314
-401
78
318
386
373
649
1031
1418
1279
1078
1151
1874
2235
2477
2378
1877
2152
3103
3262
2491
1724
862
1343
2443
2509
1769
932
202
684
1038
621
-7
-689
-887
-662
-777
-1339
-2362
-2189
-1759
-1287
-1620
-2286
-2981
-3013
-2294
-1740
-1648
-2158
-2242
-2217
-1838
-1626
-1974
-2464
-2112
-1435
-934
-1077
-1673
-1910
-1237
-448
-144
-654
-1028
-811
-167
350
479
412
623
1416
1880
2055
1698
1910
2787
3325
3243
2977
2728
3228
4255
3368
2154
1377
2400
3070
3660
2522
1097
543
1224
2088
1518
646
-359
-381
-720
-196
-907
-1940
-2086
-1646
-1246
-1703
-2149
-2832
-2724
-2207
-1464
-1620
-2511
-2642
-2199
-1864
-1618
-1966
-2757
-2795
-1651
-1215
-1512
-2380
-2386
-1951
-845
-430
-1096
-1622
-1377
-147
196
163
-132
434
1213
2140
1847
1761
1893
3225
3725
3614
3078
3517
3857
3327
2445
1659
2450
3217
3613
1973
722
18
1326
1792
1405
192
-926
-1125
-819
-510
-1352
-1841
-2092
-1294
-1146
-1514
-2047
-2235
-1819
-1218
-859
-1448
-1988
-1928
-1323
-1049
-983
-1676
-2263
-2098
-1165
-751
-1124
-1964
-2110
-1632
-668
-517
-1134
-1327
-1004
-76
155
194
-8
964
1583
1894
1527
1784
2524
3447
3669
3192
3207
3705
3633
1912
1556
2644
3729
3623
2271
-133
-692
899
1789
1098
-522
-1814
-1912
-1201
-902
-1470
-2457
-2739
-1923
-1473
-2131
-2838
-2515
-1778
-1144
-924
-1687
-2674
-2115
-798
-702
-988
-1843
-2508
-2000
-507
-25
-1033
-2056
-2149
-1164
-158
-125
-838
-1140
-399
506
731
443
617
1707
2510
2257
1912
1961
3056
4044
4473
3552
3717
3981
3000
1661
2004
3545
3649
3273
1066
-560
-80
2244
2007
203
-1524
-2358
-1626
-822
-760
-2385
-3109
-2921
-1817
-1880
-2728
-2627
-1981
-1560
-1616
-1701
-2660
-2631
-1188
-495
-1193
-2072
-2532
-2827
-1646
-273
-580
-1851
-2757
-2253
-1552
-349
-514
-1089
-1425
-694
323
297
810
1144
2207
2219
2394
1874
2717
4172
5120
4703
3958
4319
3439
2401
2143
3981
4198
3367
1281
-581
-374
1922
2979
828
-1405
-2606
-2166
-1117
-242
-1360
-3041
-3265
-2091
-1537
-2164
-2271
-1814
-1504
-1232
-1311
-2090
-2379
-844
242
-661
-1829
-2486
-2455
-1580
200
-83
-1843
-2982
-2615
-1560
-481
-155
-1438
-1962
-1686
-489
-75
389
811
1507
1534
1270
1638
2590
3904
4591
4329
3290
3759
3582
2474
1865
3630
4298
3318
1186
-796
-765
1685
3175
933
-1918
-3405
-2297
-574
433
-1164
-3340
-3808
-2380
-898
-1178
-1843
-1858
-1451
-1168
-1005
-1322
-1678
-716
491
-84
-1445
-1997
-1709
-725
844
582
-1604
-3020
-2462
-774
606
218
-1671
-2488
-1726
-113
795
606
198
565
1224
1304
1999
2501
3458
3975
3941
3176
3631
3292
2157
1824
3452
3964
2632
461
-1271
-435
2041
2803
-261
-2893
-3819
-2088
-320
-94
-2517
-4584
-4370
-2387
-778
-1544
-2460
-2374
-1564
-1125
-875
-1033
-1377
-179
669
-255
-1471
-1232
-417
520
1446
222
-1674
-2189
-975
464
859
-442
-2085
-1961
-747
499
739
125
70
879
1508
1353
1788
2673
3607
4017
3402
2825
3666
4111
2476
1333
2498
3543
2989
1047
-974
-1114
1588
2480
-99
-2981
-3858
-2371
-576
-213
-2822
-4848
-4660
-2333
-690
-1531
-3118
-3094
-1939
-1282
-638
-1151
-1781
-942
353
-187
-1307
-1172
-565
204
1073
287
-1324
-1914
-678
754
1136
-244
-1838
-1534
-164
1261
1081
219
-4
1164
2226
2080
2138
2451
3396
4012
4031
3443
3815
3396
1934
1700
3354
3943
2233
235
-1111
-94
2133
2120
-1067
-3595
-3298
-1525
-179
-1012
-3641
-5243
-4283
-1931
-911
-2315
-3732
-3082
-1993
-1545
-1386
-1545
-1909
-889
2
-1000
-1841
-1218
-214
24
331
-441
-1384
-1328
-395
366
286
-563
-1303
-784
140
1056
1014
410
522
1586
2376
2251
2478
3086
3662
4010
3994
4151
4627
3745
1902
1766
4008
4746
3056
29
-1523
19
3135
2763
-917
-3937
-3878
-1420
265
-644
-4150
-5716
-4535
-1748
-883
-2531
-4065
-3565
-2141
-1544
-1253
-1928
-2125
-875
-139
-1127
-1941
-1334
-691
80
231
-971
-2151
-1780
-499
280
68
-1403
-2173
-1246
179
872
395
-242
36
1543
2422
2286
2352
2881
3705
4300
4318
4293
4771
3740
2008
2412
4870
5116
2791
144
-774
1200
3798
2527
-1753
-4070
-2868
-339
523
-1296
-4588
-5391
-3386
-779
-817
-3094
-4236
-2868
-1368
-1113
-1233
-1903
-1941
-420
236
-990
-1791
-1011
-450
-223
-291
-1128
-1633
-1479
-618
-367
-800
-1837
-1880
-1164
-565
-168
-508
-687
-51
1261
1456
1296
1796
2470
3516
3823
3684
3987
4620
3300
1614
2835
5191
5119
2419
-168
-720
2172
4510
2438
-1917
-3949
-2199
620
1313
-1411
-4588
-5180
-2768
53
-394
-3073
-4211
-2554
-1234
-667
-759
-1765
-1908
-445
122
-1038
-1297
-668
-447
-416
-379
-872
-1194
-1004
-534
-486
-969
-1609
-1544
-962
-421
-221
-631
-799
167
1323
1454
1002
1148
1871
3169
3789
3268
3285
3650
2592
1245
2612
4760
4311
1531
-750
-630
2304
4321
1797
-2439
-3955
-1599
1119
1213
-1828
-4846
-4942
-2200
521
-328
-3244
-4082
-2390
-996
-579
-746
-1819
-2067
-616
37
-733
-732
-140
-432
-741
-515
-207
-28
-365
-771
-996
-784
-556
-405
-832
-1103
-514
-113
104
466
850
796
856
1433
2246
3099
3177
2745
3018
3552
2543
1454
2704
4563
4078
1348
-721
-279
2610
4141
1475
-2680
-3755
-1085
1475
1090
-2293
-5253
-4782
-1539
831
-823
-4035
-4632
-2317
-438
-200
-1144
-2528
-2368
-446
469
-530
-1178
-722
-566
-454
-80
15
-361
-725
-733
-712
-430
-242
-377
-998
-1036
-464
86
204
376
590
603
1017
1510
2290
2634
2972
2723
3285
3609
2534
1179
2362
4785
4368
1534
-1058
-179
2768
4675
1653
-2733
-3936
-791
2228
1352
-2382
-5507
-4472
-1038
1392
-709
-4299
-4853
-2046
164
-113
-1487
-2932
-2455
-430
434
-712
-1657
-1253
-863
-611
-446
-316
-603
-1160
-1260
-972
-438
-282
-462
-1231
-1346
-499
354
550
325
235
288
1020
1858
2419
2342
2184
2293
3231
3905
2568
744
1517
4275
4665
1973
-800
-570
2488
4732
2461
-2063
-3572
-750
2534
2211
-1504
-4761
-4047
-498
1818
-34
-3811
-4602
-1751
646
261
-1511
-3008
-2560
-442
563
-947
-2116
-1508
-874
-821
-747
-676
-891
-1023
-1308
-1387
-779
24
-234
-1366
-1775
-699
661
901
106
-588
-135
1265
2232
1791
1147
1546
2399
3083
3549
2591
594
548
3298
4995
2954
-263
-1141
1259
4339
3933
-388
-3538
-1923
1998
3193
271
-3688
-4493
-1525
1706
1388
-2415
-4689
-2765
488
962
-716
-2507
-2870
-1136
748
77
-2062
-2218
-987
-371
-605
-874
-1268
-1220
-861
-1010
-1481
-1260
-575
-764
-1470
-1500
-599
305
332
-245
-621
256
1719
1942
988
870
2113
2985
3180
3014
1865
681
1588
4208
4473
1856
-695
-312
2392
4550
2762
-1490
-3305
-674
2792
2575
-881
-4049
-3525
-399
2036
586
-3065
-4291
-1792
857
740
-1028
-2590
-2490
-606
852
-253
-2153
-2085
-925
-429
-644
-926
-1266
-1342
-1219
-1309
-1366
-865
-643
-1281
-1953
-1422
-163
422
101
-795
-614
714
2140
1586
611
984
2321
3027
2879
2809
1617
718
1459
3830
3891
1551
-684
-227
2235
4051
2558
-1458
-2957
-410
2834
2241
-970
-3625
-2895
90
2077
584
-2808
-3709
-1318
1148
742
-1124
-2415
-2068
-295
790
-186
-2013
-1932
-741
-244
-597
-893
-1179
-1503
-1209
-1045
-1149
-1037
-820
-1374
-1914
-1210
-79
233
-424
-1075
-660
920
1903
1167
179
579
1976
2752
2468
2121
1690
875
946
2821
3878
2294
-129
-822
1113
3654
3605
-220
-2878
-1288
2267
3214
524
-2989
-3643
-548
2427
1930
-1854
-4136
-2326
1055
1554
-567
-2507
-2755
-919
1013
604
-1660
-2506
-1684
-522
107
-212
-1535
-2373
-1755
-484
-82
-824
-1854
-2054
-1275
-104
303
-601
-1481
-975
513
1381
1219
244
-144
935
2475
2638
1587
1251
2039
2278
1477
1290
2549
3063
1804
3
-135
1876
3752
2503
-921
-2186
27
2779
2469
-681
-3391
-2536
710
2471
423
-3174
-3921
-1071
1546
939
-1624
-3486
-2821
-200
1274
-284
-2742
-2980
-1418
27
157
-987
-2490
-2781
-1534
-134
-62
-1204
-2394
-2303
-857
494
275
-1229
-1894
-738
1218
1888
806
-542
-201
1937
3298
2605
962
1064
2726
3516
2112
901
2089
3658
3040
788
63
1847
3990
3104
-203
-1939
12
2978
2908
-406
-3288
-2484
678
2310
251
-3419
-4092
-962
1688
458
-2604
-3851
-2383
114
739
-1301
-3350
-2848
-935
-198
-910
-1908
-2485
-2317
-1366
-414
-758
-1796
-2392
-1870
-833
45
-109
-1268
-1631
-567
938
1415
806
-48
70
1482
2850
2711
1543
1179
2545
3368
2295
1150
2268
3708
3302
1232
373
1980
4192
3766
488
-1464
75
3244
3464
234
-3033
-2541
635
2364
529
-3120
-4156
-1522
1146
348
-2361
-3781
-2854
-628
368
-1044
-3268
-3341
-1623
-448
-863
-1911
-2571
-2434
-1494
-638
-892
-1832
-2164
-1735
-1035
-466
-442
-1274
-1745
-943
413
1023
614
-224
-246
878
2483
2667
1642
798
1971
3607
3286
1548
1417
3262
4089
3048
1266
1374
3214
4481
2353
-193
-249
1890
3113
1513
-1381
-2742
-859
1323
1341
-1600
-3913
-2770
109
796
-1291
-3125
-3164
-1359
282
-245
-2340
-3178
-1805
-435
-428
-1503
-2085
-2038
-1541
-1089
-982
-1442
-1919
-1882
-1626
-1135
-840
-953
-1603
-1521
-722
143
426
275
-179
-14
1180
2330
2182
1500
1385
2664
3671
2806
1320
2154
4180
4161
2225
700
1625
3747
4401
1732
-1040
-713
1965
3080
741
-2413
-2848
-368
1450
692
-2072
-3810
-2228
612
843
-1582
-3142
-2590
-780
390
-476
-2301
-2771
-1450
-394
-700
-1825
-2223
-1851
-1447
-1377
-1518
-1671
-1685
-1649
-1827
-1565
-917
-703
-1149
-1389
-837
324
1115
586
-371
-33
1696
2950
2462
1329
1244
2925
4219
3195
1268
1628
3968
4488
2290
317
1365
3662
3968
1227
-1362
-845
1962
3011
404
-2762
-2855
11
1889
629
-2605
-3894
-1609
1173
652
-2138
-3349
-2123
-171
467
-921
-2818
-2832
-930
-28
-1237
-2596
-2370
-1506
-1113
-1327
-1967
-2228
-1600
-936
-1332
-1920
-1517
-614
-436
-800
-850
-217
695
1151
612
168
1047
2494
2692
1892
1652
2691
3818
3254
1547
1456
3579
4530
2625
206
496
2923
4086
1949
-1228
-1589
960
2963
1364
-1955
-3071
-817
1621
1167
-1536
-3554
-2170
598
1101
-1209
-2969
-2311
-619
358
-509
-2135
-2656
-1511
-570
-1159
-2116
-2361
-1884
-1684
-1699
-1888
-1919
-1700
-1491
-1591
-1680
-1131
-621
-695
-954
-656
63
775
1019
628
401
1177
2450
2740
1895
1423
2100
3580
3578
1826
649
2320
4178
3194
420
-454
1632
3834
2946
-331
-1960
-81
2747
2515
-592
-2857
-1543
1237
2059
-1
-2586
-2681
-135
1513
5
-2338
-2700
-1255
39
-160
-1807
-2957
-2291
-907
-851
-2033
-2732
-2318
-1717
-1586
-1803
-2029
-1778
-1240
-1096
-1343
-1073
-408
-177
-462
-465
29
812
1238
1032
576
682
1706
2455
2191
1419
1351
2042
3013
2572
901
448
2334
3492
1929
-65
133
2212
3378
2002
-553
-847
1335
3010
1580
-1083
-1762
100
1868
1381
-750
-2450
-1646
606
969
-1275
-2988
-2350
-995
-402
-1095
-2610
-3181
-2081
-882
-1388
-2480
-2637
-1899
-1449
-1354
-1428
-1570
-1350
-886
-585
-625
-443
-263
-298
-263
157
616
658
595
580
597
1000
1560
1609
916
736
1261
2158
2532
1562
4
386
2828
3607
1610
-570
175
2647
4143
2356
-535
-1032
1517
3606
2262
-801
-2021
-66
1876
1675
-691
-2616
-2032
140
655
-1357
-2910
-2629
-1331
-698
-1207
-2494
-2966
-1927
-910
-1263
-2263
-2115
-1257
-880
-1153
-1322
-1129
-572
-184
-586
-1016
-348
519
272
-660
-735
209
1041
800
-29
-373
285
1384
1472
523
-148
599
1872
2537
1654
-35
21
2489
4005
2253
-302
-103
2634
4545
3096
-60
-870
1459
3811
2748
-385
-1950
-376
1722
1660
-651
-2803
-2321
-109
463
-1500
-3073
-2614
-1446
-897
-1306
-2276
-2665
-1789
-765
-982
-1889
-1791
-897
-612
-908
-934
-933
-648
-58
-87
-791
-787
28
147
-391
-746
-427
-79
158
23
-202
-337
41
742
819
411
327
992
1772
2273
1493
453
1189
3312
3543
1699
383
1447
3508
4031
2023
-124
241
2255
3074
1151
-1182
-1562
140
1167
309
-1716
-2825
-1818
-191
-232
-1947
-2832
-2261
-1088
-485
-980
-2007
-2206
-1159
-260
-443
-1257
-1462
-934
-381
-283
-707
-1210
-1038
-416
-329
-890
-1134
-1040
-795
-672
-692
-958
-944
-492
-51
-124
-405
-84
558
1090
1062
1036
1178
2156
2641
1804
953
2190
3732
3265
1457
827
2124
3707
3419
978
-553
412
2479
2236
-89
-1910
-1372
349
1010
-173
-2376
-2864
-1011
557
-417
-2173
-2422
-1456
-235
123
-914
-2193
-1735
-190
248
-781
-1704
-1464
-763
-268
-539
-1457
-2043
-1289
-384
-789
-1700
-1798
-1312
-802
-664
-1085
-1389
-830
42
245
-213
-328
348
1209
1558
1348
1160
1517
2670
2933
1742
1031
2539
3762
2950
1151
760
2087
3634
2964
305
-980
508
2643
1914
-643
-2213
-1051
802
1170
-444
-2562
-2436
-265
1043
-409
-2206
-2170
-808
390
170
-1249
-2222
-1289
91
64
-1242
-2049
-1471
-604
-556
-1332
-2044
-1939
-1067
-743
-1542
-2020
-1515
-878
-800
-1067
-1230
-928
-164
210
-4
-125
245
892
1245
1330
1229
1388
1785
2587
2646
1489
982
2345
3601
2624
890
445
1859
3340
2786
377
-911
425
2316
2037
-192
-1686
-1004
737
1256
-26
-1903
-2108
-401
821
-142
-1746
-1902
-1020
-159
-196
-1166
-1975
-1499
-588
-614
-1333
-1869
-1621
-1147
-1042
-1513
-1927
-1790
-1093
-806
-1424
-1860
-1244
-470
-511
-896
-1091
-641
103
429
34
-49
366
942
1189
1148
1068
1252
1633
2036
2366
1783
1012
1389
2827
2993
1709
452
868
2508
3343
1774
-362
-386
1423
2634
1405
-780
-1561
-32
1382
1055
-857
-2230
-1505
214
567
-927
-2008
-1844
-949
-370
-663
-1598
-2048
-1480
-858
-829
-1332
-1788
-1727
-1306
-957
-1087
-1430
-1619
-1154
-666
-746
-1115
-1092
-762
-542
-365
-512
-568
-379
96
366
338
147
237
897
1309
1264
985
1143
1798
2391
1774
799
1399
2841
2932
1500
513
1124
2832
3272
1407
-484
-41
1954
2619
937
-1232
-1428
270
1489
717
-1462
-2564
-1281
556
330
-1415
-2296
-1819
-654
3
-733
-2022
-2013
-816
-287
-814
-1450
-1558
-1176
-768
-629
-1033
-1388
-1213
-658
-630
-1051
-1091
-882
-813
-799
-616
-743
-679
-284
-79
-138
-48
197
327
705
994
1104
1028
1256
1877
2319
1633
789
1479
2930
3011
1475
329
995
2885
3330
1358
-680
-251
1771
2578
916
-1390
-1710
-36
1369
687
-1346
-2572
-1460
404
447
-1155
-2210
-1748
-593
166
-435
-1625
-1859
-845
-115
-378
-1165
-1579
-1201
-526
-343
-910
-1567
-1427
-581
-329
-1035
-1572
-1215
-669
-424
-703
-1101
-988
-190
323
52
-228
-183
482
1059
1269
844
811
1298
2064
2424
1629
665
1110
2842
3167
1645
31
511
2519
3504
1665
-731
-716
1338
2656
1363
-1108
-2113
-362
1444
1107
-1052
-2472
-1611
359
829
-823
-2144
-1851
-478
320
-303
-1631
-1885
-881
-148
-467
-1262
-1619
-1233
-694
-679
-1161
-1418
-1294
-1004
-891
-1000
-1087
-1061
-927
-821
-648
-639
-507
-263
-121
-61
227
506
452
540
889
1199
1306
1294
1350
1837
2126
1404
781
1673
2788
2361
889
251
1201
2785
2785
839
-723
3
1950
2374
521
-1479
-1251
428
1411
603
-1322
-2233
-888
807
298
-1408
-2057
-1391
-450
-93
-857
-1943
-1910
-971
-468
-954
-1531
-1699
-1407
-1046
-800
-1052
-1546
-1585
-972
-478
-725
-1135
-1101
-718
-368
-297
-541
-581
-193
238
314
262
98
291
847
1289
1128
809
908
1547
2453
2147
782
457
2109
3434
2551
558
-113
1641
3703
3204
523
-967
311
2577
2723
384
-1854
-1464
655
1730
406
-2003
-2611
-880
674
-69
-1761
-2506
-1892
-653
-216
-1211
-2311
-2047
-994
-575
-894
-1364
-1706
-1506
-848
-458
-863
-1399
-1358
-767
-257
-435
-903
-1022
-719
-316
-218
-572
-722
-277
143
184
95
20
184
895
1229
917
642
1138
1812
2614
2159
850
763
2723
3829
2568
763
340
2067
3824
3310
600
-731
439
2457
2482
278
-1787
-1522
214
980
57
-1974
-2755
-1476
-39
-560
-1821
-2367
-2154
-1288
-672
-1166
-2014
-1844
-1198
-856
-817
-929
-1303
-1394
-939
-486
-553
-912
-1126
-936
-455
-192
-519
-941
-872
-481
-226
-395
-553
-525
-241
37
392
311
98
502
1010
1229
1150
1330
1460
2191
2797
1922
958
1847
3601
3482
1864
537
1076
3048
3957
1993
-629
-808
1296
2708
1414
-1280
-2591
-1307
552
884
-1220
-3371
-2960
-739
67
-1148
-2409
-2798
-1884
-540
-357
-1623
-2173
-1351
-565
-450
-716
-1130
-1344
-813
-291
-525
-1051
-1083
-696
-455
-514
-892
-1040
-687
-326
-353
-803
-880
-441
89
77
-76
101
149
588
1201
1405
1085
1129
1616
2125
2878
2895
1618
940
2323
3972
3517
1514
189
1066
3201
3704
1477
-1031
-992
1139
2371
804
-1781
-2710
-1368
256
337
-1545
-3307
-2585
-695
-216
-1310
-2198
-2315
-1556
-509
-606
-1465
-1623
-827
-417
-591
-814
-939
-847
-598
-503
-905
-1056
-764
-439
-584
-995
-1186
-928
-391
-348
-784
-1221
-894
-105
263
-109
-380
15
532
1031
1179
1156
1288
1814
2094
2140
2742
3073
2129
1347
2306
3600
3379
1927
709
856
2428
3218
1576
-738
-1141
375
1412
600
-1455
-2675
-2027
-562
-1
-1400
-2947
-2703
-1188
-630
-1124
-1742
-2131
-1619
-546
-416
-1222
-1216
-504
-295
-515
-630
-751
-801
-526
-488
-898
-1107
-887
-656
-620
-764
-1075
-1153
-815
-500
-560
-870
-918
-489
-31
214
311
441
391
622
1260
1659
1969
1919
1802
1954
3035
3784
2700
1226
1324
3158
3948
2652
379
-257
1288
2968
2299
-306
-1911
-1060
843
1030
-609
-2607
-2755
-1396
5
-446
-2169
-2874
-1883
-567
-531
-1102
-1747
-1464
-686
-245
-626
-1029
-696
-262
-170
-552
-804
-874
-577
-362
-722
-1266
-1290
-860
-518
-481
-994
-1524
-1250
-480
-215
-526
-1050
-1095
-410
432
593
274
274
470
951
1416
2015
2187
1926
1648
2029
3230
3839
2728
874
941
2901
4044
2655
114
-905
749
2868
2394
-330
-2250
-1487
501
1299
-352
-2541
-2945
-1468
43
-273
-1939
-2877
-1832
-588
-479
-1131
-1680
-1541
-711
-182
-811
-1254
-795
-118
-106
-542
-1027
-1142
-540
-40
-303
-1086
-1327
-906
-240
-66
-647
-1293
-1128
-330
49
-155
-725
-846
-282
466
575
397
482
706
964
1187
1690
2019
2245
1657
1668
2303
3444
3016
1395
627
1732
3325
2867
1108
-615
-25
1669
2526
667
-1378
-1766
-380
680
144
-1460
-2773
-2101
-959
-267
-1431
-2395
-2319
-1288
-863
-1158
-1320
-1646
-1222
-782
-473
-964
-826
-432
-304
-334
-442
-583
-726
-236
-18
-250
-678
-840
-650
-236
-56
-504
-905
-828
-392
-50
-77
-422
-600
-283
231
600
796
660
531
773
1392
2009
2102
1837
1389
1866
2777
3545
2632
973
557
2111
3503
2710
722
-785
-98
1647
2366
437
-1610
-1965
-744
238
-145
-1657
-3053
-2559
-1341
-704
-1714
-2586
-2443
-1523
-1028
-1179
-1480
-1739
-1018
-163
-99
-922
-986
-293
367
595
148
-720
-886
109
813
436
-500
-1143
-882
104
653
-108
-1064
-1130
-414
179
200
-278
-710
-368
262
556
543
713
780
807
1043
1586
2053
2207
1839
1623
2111
3104
3307
2147
630
774
2491
3203
1857
-264
-1033
-89
1662
1402
-679
-2378
-2100
-956
-328
-905
-2595
-3211
-2493
-1350
-1464
-2078
-2453
-2033
-1220
-1010
-1138
-1381
-890
-195
275
-70
-491
-217
475
1114
1024
530
-274
-269
475
1143
727
-298
-1000
-728
301
671
-140
-1203
-1188
-562
126
44
-649
-1090
-575
115
406
443
357
447
642
1028
1312
1721
1828
1618
1641
2213
2946
2991
1943
570
626
2071
2860
1669
-306
-1323
-616
964
1114
-551
-2216
-2327
-1584
-891
-1110
-2284
-3022
-2655
-1754
-1522
-1770
-1985
-1593
-1042
-781
-722
-686
-410
65
602
614
487
552
822
1129
1432
1453
816
232
235
743
1014
620
-313
-909
-559
-52
-111
-726
-1258
-1371
-1023
-692
-904
-1259
-1139
-561
-240
-123
113
130
158
593
1190
1515
1537
1615
1494
1931
2507
3213
2814
1632
381
713
2150
2722
1584
-845
-1797
-917
1008
739
-877
-2507
-2523
-1767
-1109
-1246
-2412
-2812
-2417
-1335
-1303
-1399
-1607
-1008
-245
203
185
-85
178
737
1653
1759
1500
1029
984
1302
1903
1944
984
96
-110
382
640
173
-897
-1435
-1063
-776
-1018
-1590
-1847
-1734
-1410
-1367
-1661
-1749
-1425
-755
-287
-83
-89
-61
220
770
1434
1746
1575
1350
1565
2237
2728
2825
2567
1773
823
577
1402
2028
1470
-237
-1416
-1154
-99
98
-687
-1559
-1944
-1722
-1410
-1291
-1657
-1784
-1621
-1067
-767
-842
-1022
-594
257
726
829
693
731
822
1316
1697
1802
1504
1087
824
956
1227
938
304
-279
-339
-402
-705
-1193
-1439
-1411
-1404
-1623
-1998
-2157
-2003
-1722
-1582
-1598
-1656
-1645
-1357
-837
-268
144
288
232
164
549
1292
1835
1778
1543
1460
1705
2109
2525
2546
1936
920
349
875
1792
1762
430
-813
-877
-35
395
21
-715
-1151
-1110
-814
-564
-799
-1149
-1163
-556
10
31
-361
-430
230
955
1230
1014
792
725
949
1256
1371
1134
767
518
510
566
288
-268
-693
-822
-900
-1160
-1566
-1947
-2041
-1885
-1830
-1986
-2186
-2215
-2149
-1906
-1601
-1440
-1412
-1271
-957
-644
-266
127
375
298
312
786
1330
1533
1262
1038
1173
1771
2008
1777
1585
1632
1280
575
506
1235
1788
1131
-55
-434
348
972
700
-12
-173
94
267
97
-117
-177
-89
187
535
778
566
295
361
901
1272
1235
921
655
585
647
669
455
160
-98
-180
-378
-631
-1020
-1464
-1805
-1780
-1548
-1593
-1932
-2221
-2148
-1909
-1671
-1640
-1717
-1709
-1504
-1245
-1108
-1045
-1008
-895
-645
-346
-165
-268
-326
-149
133
223
103
-23
173
568
593
344
293
655
922
886
762
880
1097
1091
917
954
1418
1814
1790
1496
1422
1680
1914
1880
1642
1518
1597
1652
1507
1228
1064
978
927
891
850
675
373
26
-186
-174
-90
-125
-438
-777
-932
-908
-1014
-1292
-1455
-1456
-1407
-1500
-1675
-1793
-1797
-1701
-1650
-1545
-1444
-1360
-1325
-1225
-1179
-1171
-1027
-892
-828
-841
-845
-896
-868
-811
-768
-765
-765
-719
-576
-412
-423
-431
-302
-121
39
202
328
558
831
1037
1114
1214
1481
1768
1958
2050
2175
2213
2149
2083
2226
2377
2392
2257
2083
1946
1768
1575
1305
1080
987
890
568
127
-118
-202
-331
-570
-748
-812
-836
-932
-1095
-1254
-1322
-1140
-975
-962
-1103
-1114
-1011
-960
-1016
-1147
-1125
-990
-831
-889
-1010
-1064
-1009
-954
-1005
-962
-921
-880
-963
-1016
-1062
-962
-825
-808
-919
-921
-754
-664
-743
-749
-521
-343
-160
-61
7
227
527
703
796
816
1097
1310
1469
1500
1571
1662
1780
1934
2031
2022
1923
1933
1891
1788
1537
1188
955
1133
1288
1058
505
87
29
107
22
-333
-670
-749
-646
-679
-941
-1169
-1189
-1013
-855
-809
-801
-802
-778
-729
-571
-361
-182
-185
-281
-344
-307
-219
-251
-370
-439
-407
-427
-562
-718
-805
-793
-888
-1075
-1043
-846
-650
-753
-1033
-1056
-501
-126
-122
-446
-382
6
294
294
81
338
546
730
758
685
724
982
983
1016
1051
1281
850
696
661
733
1034
790
723
718
721
844
985
812
580
53
-240
4
615
581
-94
-689
-745
-157
47
-218
-527
-407
-264
-315
-493
-662
-607
-510
-360
-257
-86
-82
-232
-372
-327
-82
126
139
-88
-220
-246
-216
-237
-287
-310
-299
-178
-214
-365
-505
-625
-743
-857
-724
-331
-6
-205
-575
-642
-252
192
269
136
46
164
253
301
285
176
-24
-5
323
471
219
-48
-77
176
511
451
59
-6
198
384
474
564
628
690
925
1287
1521
1196
238
-552
-358
762
1603
1131
-181
-974
-599
212
309
-331
-792
-603
-261
-376
-825
-1123
-1007
-675
-426
-191
142
342
72
-424
-586
-71
696
964
558
-31
-119
192
419
190
-141
-116
154
158
-267
-853
-1315
-1321
-1012
-666
-593
-742
-1047
-1286
-1111
-690
-406
-455
-449
-258
-26
-8
-310
-607
-419
121
473
414
345
509
666
687
657
887
1287
1548
1573
1448
1488
1796
2020
2246
2532
2403
1375
-46
-521
240
1200
1060
-234
-1466
-1440
-577
-388
-1112
-1687
-1388
-756
-521
-925
-1372
-1376
-1029
-710
-401
251
858
889
274
-289
-160
570
1165
1040
413
-32
38
210
33
-438
-742
-765
-712
-825
-1378
-2226
-2723
-2425
-1723
-1293
-1327
-1578
-1671
-1366
-889
-605
-494
-191
279
587
636
555
509
606
903
1282
1647
1955
2086
1866
1418
1183
1471
2016
2255
2061
1753
1741
1988
2134
2080
1799
1068
-102
-1002
-784
192
610
-320
-1777
-2276
-1450
-505
-649
-1476
-1773
-1169
-435
-334
-783
-1062
-820
-398
-84
256
774
1159
952
270
-220
4
599
805
341
-374
-710
-531
-376
-741
-1402
-1790
-1698
-1525
-1763
-2440
-3040
-2987
-2302
-1596
-1247
-1109
-924
-575
-227
32
300
647
1047
1318
1461
1508
1505
1433
1379
1473
1773
2165
2294
1974
1440
1147
1288
1604
1632
1447
1323
1491
1762
1923
1866
1382
187
-1247
-1842
-1053
191
498
-506
-1723
-1837
-992
-424
-775
-1223
-971
-158
369
295
-146
-412
-398
-281
-20
563
1310
1471
701
-403
-908
-632
-179
-218
-693
-1070
-1027
-903
-1148
-1707
-2105
-2161
-2032
-1922
-1913
-2122
-2397
-2398
-1974
-1236
-515
-105
-14
152
538
917
1057
1025
1036
1135
1351
1476
1318
1003
784
766
938
1244
1417
1268
912
763
914
1178
1290
1289
1317
1601
1997
2346
2473
2098
824
-720
-1306
-436
798
979
-56
-1090
-998
-219
19
-647
-1165
-824
12
409
258
-68
-191
-366
-728
-888
-339
673
1155
576
-484
-987
-773
-569
-930
-1528
-1694
-1200
-643
-679
-1218
-1692
-1894
-1965
-2010
-2002
-1975
-1967
-1826
-1476
-973
-564
-353
-282
-43
375
706
782
699
609
540
492
395
325
317
322
350
569
977
1267
1195
826
622
931
1558
1948
1946
1938
2309
2908
3366
3311
2545
1148
-109
-479
119
815
802
40
-638
-609
-243
-298
-813
-1104
-890
-446
-133
-26
-54
-184
-488
-818
-768
-129
612
808
343
-176
-290
-202
-449
-1036
-1480
-1473
-1131
-856
-815
-1015
-1274
-1597
-2006
-2338
-2425
-2482
-2614
-2531
-1963
-1165
-654
-647
-853
-710
-305
-9
23
93
291
466
450
291
224
283
318
364
697
1367
1946
2025
1761
1639
1882
2145
2210
2216
2538
3068
3522
3692
3470
2539
899
-636
-1163
-620
-69
-187
-833
-961
-539
-271
-764
-1393
-1486
-976
-378
25
394
774
867
370
-180
-137
587
1073
938
504
423
633
530
-277
-1261
-1779
-1766
-1644
-1630
-1577
-1480
-1534
-1983
-2528
-2881
-3019
-3303
-3474
-3188
-2245
-1214
-649
-635
-609
-248
78
51
-133
16
451
857
961
918
875
868
717
679
1004
1615
2042
2072
1981
2088
2343
2368
2150
1940
2133
2458
2853
3026
2760
1589
47
-1056
-1202
-1021
-1128
-1506
-1494
-760
-26
80
-389
-617
-619
-435
-193
412
1137
1631
1463
996
872
1153
1244
834
356
214
442
445
-72
-911
-1550
-1966
-2325
-2564
-2541
-2368
-2320
-2471
-2684
-2706
-2670
-2919
-3354
-3403
-2823
-1916
-1131
-519
46
609
860
775
580
588
606
542
556
838
1273
1496
1349
1093
1139
1405
1554
1473
1481
1697
1990
2091
2036
2094
2295
2344
2193
2232
2204
1520
177
-855
-1108
-931
-1121
-1669
-1854
-1217
-399
-162
-296
-140
222
253
114
314
963
1479
1425
1124
1246
1660
1682
1060
365
96
97
-108
-591
-1123
-1503
-1940
-2475
-2796
-2790
-2694
-2820
-3009
-3098
-2952
-2861
-2934
-3126
-2971
-2525
-1925
-1321
-600
154
793
1215
1435
1628
1678
1502
1167
1051
1104
1223
1242
1283
1371
1597
1722
1649
1457
1445
1494
1565
1643
1819
1932
2061
2100
2217
2352
2227
1338
43
-801
-999
-1052
-1533
-1957
-1994
-1353
-797
-418
-232
193
315
110
-53
307
877
1065
953
929
1353
1616
1468
915
470
9
-446
-846
-1119
-1389
-1810
-2325
-2698
-2698
-2633
-2803
-3096
-3098
-2959
-2842
-2800
-2715
-2609
-2373
-1979
-1409
-686
14
571
1051
1577
1905
2041
1974
1903
1658
1458
1214
1097
1035
1030
1029
1153
1429
1549
1524
1422
1482
1527
1645
1688
1732
1834
2012
2228
2411
2317
1478
233
-654
-915
-1115
-1641
-2138
-2190
-1649
-1053
-645
-325
193
402
207
74
378
697
656
476
535
948
1292
1332
1041
688
152
-481
-978
-1260
-1586
-2096
-2564
-2730
-2606
-2501
-2505
-2510
-2383
-2382
-2466
-2496
-2472
-2544
-2539
-2146
-1395
-490
193
754
1304
1864
1960
1770
1587
1537
1311
1034
926
1006
1078
1045
1031
1201
1523
1613
1511
1417
1527
1596
1670
1758
1971
2148
2230
2277
2384
2220
1253
-16
-829
-1077
-1468
-2004
-2368
-2198
-1732
-1271
-867
-338
279
368
253
321
730
796
658
548
780
1122
1344
1381
1288
1071
443
-222
-674
-987
-1579
-2206
-2572
-2654
-2626
-2592
-2502
-2350
-2257
-2356
-2435
-2331
-2326
-2527
-2603
-2213
-1577
-927
-323
381
1161
1750
1906
1813
1664
1393
924
590
511
524
534
716
1108
1536
1819
1809
1761
1739
1719
1588
1597
1769
1994
2225
2465
2758
2690
2070
793
-249
-966
-1507
-2315
-2752
-2758
-2272
-1735
-1153
-524
123
498
488
612
898
1051
795
692
828
1194
1455
1663
1736
1644
1232
608
45
-541
-1287
-2072
-2499
-2655
-2671
-2627
-2493
-2307
-2208
-2239
-2349
-2344
-2437
-2652
-2813
-2555
-2080
-1512
-924
-200
545
1224
1659
1832
1822
1564
1158
778
549
269
86
170
601
1140
1599
1883
2072
2208
2166
1973
1802
1687
1602
1624
1956
2370
2489
1945
1026
184
-440
-1232
-2229
-2966
-3184
-2906
-2438
-1719
-880
28
595
943
1268
1626
1632
1340
1114
1108
1274
1477
1737
1927
1995
1773
1377
872
207
-722
-1640
-2257
-2679
-3010
-3092
-2928
-2636
-2441
-2240
-2123
-2035
-2248
-2628
-2893
-2751
-2402
-2011
-1508
-773
97
919
1509
1773
1810
1586
1225
807
514
163
-65
-124
208
722
1284
1645
1902
2127
2273
2269
2166
1964
1704
1610
1763
1936
1762
1186
453
-35
-474
-1091
-1992
-2609
-2957
-2856
-2621
-1936
-1142
-197
538
1276
1921
2348
2349
2030
1740
1469
1352
1342
1576
1758
1808
1650
1464
1096
405
-592
-1547
-2255
-2756
-3120
-3258
-3137
-2865
-2564
-2245
-1940
-1779
-1917
-2188
-2315
-2235
-2084
-1837
-1522
-956
-170
750
1364
1743
1814
1676
1309
868
352
-176
-488
-507
-157
392
1054
1525
1960
2269
2499
2510
2369
2084
1805
1755
1817
1670
1093
453
-15
-309
-802
-1460
-2097
-2450
-2569
-2464
-2105
-1501
-816
-160
564
1401
2129
2435
2397
2215
1993
1716
1499
1426
1417
1323
1171
1077
1009
674
-5
-870
-1687
-2385
-2829
-3015
-3055
-3036
-2863
-2467
-1974
-1614
-1604
-1724
-1805
-1724
-1677
-1483
-1212
-789
-311
297
843
1270
1508
1485
1281
953
542
18
-300
-443
-318
-52
366
808
1358
1970
2382
2581
2516
2377
2154
2155
1990
1527
695
26
-418
-696
-1120
-1713
-2133
-2287
-2191
-2057
-1598
-1100
-603
-244
363
1013
1556
1779
1850
1878
1864
1811
1708
1689
1556
1315
1036
946
783
361
-270
-833
-1341
-1819
-2236
-2539
-2727
-2752
-2560
-2214
-1854
-1653
-1588
-1484
-1278
-1146
-1160
-1132
-966
-608
-125
363
698
942
1047
1044
914
668
233
-213
-489
-518
-392
-108
243
653
1220
1780
2214
2409
2550
2520
2516
2299
1842
1062
408
-88
-476
-952
-1424
-1782
-1934
-1855
-1720
-1441
-1101
-680
-296
242
767
1180
1365
1423
1392
1344
1341
1338
1335
1295
1208
1112
1103
1001
582
-62
-655
-1144
-1580
-1902
-2120
-2263
-2275
-2101
-1822
-1543
-1420
-1442
-1435
-1304
-1169
-1050
-885
-694
-468
-139
217
464
630
669
629
490
260
-126
-414
-544
-566
-493
-230
173
663
1287
1902
2353
2607
2724
2727
2726
2522
1853
875
132
-302
-737
-1264
-1680
-1870
-1796
-1594
-1327
-990
-624
-351
-50
372
706
841
889
1001
1083
1142
1128
1145
1171
1149
1039
977
914
648
217
-198
-560
-1008
-1415
-1756
-1970
-2067
-2004
-1860
-1613
-1398
-1338
-1350
-1261
-1097
-1009
-958
-927
-751
-379
85
354
532
624
639
512
321
-13
-409
-654
-692
-572
-341
-14
366
884
1530
2092
2451
2655
2787
2881
2778
2219
1331
584
42
-492
-1084
-1535
-1799
-1808
-1617
-1288
-863
-361
18
257
524
770
830
770
656
472
380
475
635
735
837
859
874
859
697
266
-185
-634
-1124
-1518
-1699
-1783
-1830
-1723
-1541
-1311
-1144
-1063
-1076
-1034
-1003
-1015
-941
-749
-490
-164
212
468
641
763
791
643
437
161
-171
-445
-591
-592
-486
-283
0
514
1169
1762
2196
2538
2793
2795
2425
1674
897
228
-334
-944
-1415
-1699
-1679
-1466
-1089
-672
-223
142
437
710
903
912
760
576
353
170
45
55
152
327
429
521
603
614
453
218
-125
-564
-967
-1232
-1468
-1671
-1725
-1622
-1368
-1127
-928
-759
-521
-417
-435
-508
-551
-550
-415
-181
59
341
586
768
825
788
535
226
-58
-270
-417
-425
-315
-82
329
768
1201
1593
2014
2258
2174
1687
1052
419
-209
-878
-1529
-1988
-2118
-1867
-1416
-823
-208
407
878
1302
1588
1598
1320
907
506
170
-18
-126
-153
-55
124
261
384
452
365
125
-158
-527
-918
-1221
-1387
-1470
-1469
-1335
-1057
-748
-534
-404
-277
-168
-167
-181
-167
-114
-36
108
193
262
312
370
400
419
353
233
197
227
257
237
275
343
510
686
879
1034
1301
1498
1388
943
456
-30
-583
-1213
-1833
-2265
-2360
-2107
-1666
-1003
-216
531
1190
1810
2194
2203
1981
1620
1123
616
202
-109
-307
-385
-404
-314
-93
50
-32
-222
-418
-721
-1102
-1426
-1661
-1794
-1785
-1605
-1305
-982
-659
-286
130
444
608
626
584
489
394
285
160
62
50
128
234
318
357
437
517
559
553
566
603
724
896
1049
1190
1406
1519
1295
735
134
-399
-982
-1658
-2328
-2720
-2747
-2468
-2014
-1314
-482
321
1070
1859
2476
2690
2562
2278
1901
1457
940
431
31
-222
-393
-405
-299
-250
-346
-493
-680
-990
-1354
-1705
-2025
-2264
-2296
-2089
-1781
-1466
-1067
-527
40
471
732
894
1021
1062
998
846
635
395
234
189
144
72
71
206
378
573
739
913
1116
1319
1418
1442
1546
1510
1133
485
-98
-619
-1089
-1621
-2167
-2586
-2628
-2395
-1994
-1479
-866
-228
486
1267
1889
2219
2287
2199
1971
1687
1302
889
514
258
42
-4
74
107
-40
-265
-519
-864
-1253
-1675
-2076
-2404
-2511
-2406
-2178
-1875
-1479
-981
-431
91
492
808
1039
1113
1047
991
875
632
419
314
227
208
363
578
786
1013
1243
1426
1552
1602
1540
1515
1400
983
300
-309
-782
-1243
-1742
-2250
-2620
-2649
-2332
-1884
-1356
-736
-45
624
1281
1762
1954
1902
1709
1411
1106
829
541
259
89
-2
6
106
152
35
-142
-322
-593
-892
-1190
-1498
-1771
-1806
-1737
-1627
-1473
-1205
-890
-464
-68
211
453
705
803
787
761
627
432
311
253
152
166
278
439
642
912
1176
1454
1725
1860
1933
1933
1637
1003
381
-210
-902
-1639
-2282
-2785
-2938
-2712
-2313
-1773
-1056
-293
434
1165
1669
1847
1829
1700
1402
1068
775
472
213
54
-96
-174
-128
-174
-365
-544
-695
-936
-1166
-1354
-1532
-1617
-1533
-1366
-1126
-795
-471
-126
292
639
864
1048
1126
1038
918
752
450
128
-74
-239
-293
-141
101
368
683
953
1131
1313
1443
1458
1411
1182
662
129
-230
-593
-1056
-1423
-1674
-1765
-1644
-1410
-1120
-766
-385
-22
463
947
1199
1259
1250
1151
917
646
307
-8
-232
-359
-421
-391
-391
-488
-582
-668
-851
-1105
-1339
-1548
-1694
-1722
-1625
-1390
-1035
-609
-87
512
1064
1458
1701
1807
1773
1585
1312
1011
721
454
259
168
225
390
572
659
739
858
933
935
858
566
48
-441
-809
-1172
-1552
-1918
-2218
-2223
-1920
-1512
-1024
-400
252
884
1529
2038
2241
2218
2017
1653
1247
818
295
-235
-614
-888
-1033
-1041
-1024
-1083
-1146
-1185
-1309
-1475
-1655
-1809
-1948
-1915
-1676
-1272
-797
-265
306
860
1319
1610
1685
1590
1381
1137
901
714
558
507
649
888
1155
1420
1608
1672
1681
1613
1458
1176
703
-7
-710
-1248
-1668
-2076
-2432
-2664
-2632
-2291
-1819
-1329
-756
-170
386
941
1443
1757
1855
1769
1565
1347
1116
825
460
154
-81
-206
-269
-393
-679
-981
-1229
-1501
-1797
-2023
-2193
-2292
-2171
-1811
-1355
-846
-317
199
724
1170
1397
1455
1441
1269
1000
794
611
382
263
361
575
840
1137
1413
1708
1963
2095
2042
1794
1214
468
-214
-874
-1580
-2206
-2585
-2758
-2599
-2148
-1492
-735
83
831
1500
2012
2193
2045
1702
1186
571
-3
-499
-912
-1130
-1164
-1102
-943
-795
-787
-851
-925
-1110
-1368
-1613
-1826
-1926
-1790
-1480
-1067
-515
92
658
1228
1645
1819
1837
1718
1432
1091
798
466
238
215
318
480
709
947
1195
1483
1638
1595
1338
868
237
-337
-886
-1491
-2022
-2377
-2457
-2245
-1742
-1132
-413
340
1090
1805
2402
2695
2674
2439
2021
1476
869
229
-415
-944
-1342
-1579
-1713
-1796
-1927
-1997
-2024
-2039
-2085
-2140
-2183
-2111
-1855
-1477
-1031
-541
10
587
1138
1537
1763
1828
1743
1564
1368
1157
911
755
735
841
1023
1214
1431
1628
1802
1797
1602
1103
454
-237
-895
-1563
-2165
-2587
-2731
-2525
-2072
-1450
-758
-24
648
1287
1793
2030
1997
1826
1570
1238
885
522
164
-108
-310
-468
-634
-791
-1000
-1230
-1436
-1618
-1842
-2049
-2143
-2115
-1944
-1643
-1267
-852
-378
143
647
1102
1392
1497
1501
1477
1389
1213
986
765
665
638
614
592
673
806
891
812
543
182
-202
-601
-1041
-1439
-1744
-1804
-1593
-1179
-626
66
817
1531
2138
2513
2608
2454
2081
1502
856
189
-474
-1004
-1331
-1550
-1673
-1624
-1542
-1496
-1424
-1327
-1353
-1459
-1564
-1560
-1432
-1222
-974
-643
-176
296
736
1119
1398
1486
1520
1516
1433
1267
1165
1157
1170
1201
1206
1223
1218
1167
972
621
92
-496
-1042
-1547
-2038
-2438
-2668
-2680
-2467
-2070
-1532
-865
-168
507
1167
1738
2138
2366
2431
2306
2058
1722
1309
857
420
-13
-411
-747
-1033
-1302
-1461
-1629
-1795
-1915
-1886
-1808
-1625
-1330
-1014
-616
-182
215
520
821
1012
1099
1145
1106
1002
969
1046
1101
1183
1252
1303
1370
1456
1415
1162
705
111
-458
-941
-1425
-1915
-2245
-2324
-2168
-1795
-1264
-667
-54
512
1013
1426
1635
1555
1290
924
475
-12
-446
-836
-1138
-1344
-1414
-1389
-1250
-1098
-931
-797
-709
-627
-502
-361
-254
-115
53
299
566
813
1024
1254
1416
1522
1608
1630
1545
1468
1420
1332
1221
1084
937
854
815
617
246
-222
-710
-1149
-1524
-1935
-2332
-2516
-2447
-2189
-1747
-1137
-476
174
773
1279
1644
1821
1739
1486
1138
735
309
-56
-391
-697
-924
-1048
-1129
-1210
-1341
-1490
-1616
-1677
-1695
-1637
-1512
-1324
-1010
-602
-159
233
628
948
1247
1504
1690
1784
1849
1927
1993
2060
2043
1998
1963
1918
1764
1477
1044
468
-99
-641
-1138
-1598
-1942
-2136
-2064
-1767
-1357
-829
-268
256
659
1007
1143
1075
843
498
70
-342
-700
-1031
-1255
-1383
-1422
-1347
-1198
-1154
-1163
-1112
-1017
-975
-910
-831
-706
-463
-128
162
450
732
943
1127
1267
1263
1136
1058
955
868
806
769
711
781
924
1057
1045
864
576
291
12
-341
-697
-1006
-1135
-1089
-831
-470
15
502
929
1267
1469
1483
1282
919
367
-213
-747
-1210
-1593
-1830
-1922
-1886
-1710
-1547
-1392
-1219
-1008
-841
-645
-481
-330
-105
187
446
665
879
999
1107
1179
1146
1022
911
784
702
690
642
575
588
668
696
689
493
129
-239
-552
-889
-1210
-1401
-1518
-1386
-1046
-541
28
689
1209
1600
1918
2045
1926
1576
1102
483
-82
-621
-1106
-1483
-1754
-1901
-1975
-1978
-2018
-1953
-1835
-1662
-1484
-1273
-969
-591
-132
274
699
1024
1339
1596
1800
1842
1814
1761
1671
1616
1526
1395
1255
1169
1055
927
720
325
-145
-553
-932
-1305
-1590
-1780
-1865
-1696
-1349
-872
-354
205
615
982
1264
1366
1270
1047
707
273
-88
-426
-706
-940
-1065
-1238
-1346
-1396
-1405
-1450
-1453
-1465
-1441
-1261
-1025
-759
-454
-43
284
659
1006
1267
1407
1497
1518
1499
1528
1420
1310
1260
1285
1204
1161
1039
745
385
36
-284
-623
-861
-1128
-1245
-1167
-916
-612
-204
192
502
804
1039
1069
920
669
311
-46
-366
-660
-907
-1059
-1190
-1270
-1232
-1183
-1181
-1182
-1173
-1165
-1089
-983
-910
-792
-614
-378
-102
211
435
615
786
932
1060
1184
1238
1226
1222
1281
1325
1332
1270
1090
809
482
179
-106
-333
-565
-700
-695
-537
-324
-34
234
430
600
734
769
651
437
103
-189
-439
-641
-832
-973
-1055
-1079
-1007
-957
-943
-969
-934
-863
-752
-637
-538
-420
-257
-49
127
280
370
394
427
481
542
598
645
676
727
854
949
1037
980
811
525
300
88
-132
-325
-546
-614
-537
-302
-106
126
283
376
468
488
422
246
95
-132
-236
-298
-350
-374
-345
-306
-347
-314
-366
-430
-532
-598
-680
-675
-629
-591
-493
-380
-275
-191
-142
-175
-238
-271
-283
-231
-105
47
220
445
726
973
1199
1312
1332
1201
1011
753
560
359
226
111
90
102
205
308
383
398
287
151
-13
-147
-402
-602
-831
-968
-1076
-1083
-1061
-975
-843
-728
-571
-422
-273
-198
-93
-25
33
108
194
248
280
331
326
303
233
148
90
97
84
50
63
89
145
221
300
320
291
185
37
-63
-142
-207
-230
-181
-75
119
387
635
862
1004
1067
1011
892
649
305
-72
-455
-762
-981
-1072
-1086
-969
-786
-571
-379
-232
-161
-163
-224
-345
-448
-516
-530
-457
-307
-110
139
430
675
825
896
888
811
695
546
350
190
102
61
42
57
51
12
-32
-88
-165
-248
-340
-429
-459
-424
-334
-217
-94
35
141
222
226
174
59
-89
-240
-380
-475
-506
-434
-317
-135
39
196
299
348
345
262
127
-45
-165
-266
-313
-312
-245
-134
-11
132
244
347
405
431
403
387
353
319
301
307
322
354
407
411
426
412
388
306
246
128
9
-107
-206
-343
-479
-610
-750
-842
-926
-992
-1057
-1048
-1029
-959
-835
-665
-494
-288
-60
144
352
529
654
722
775
749
683
604
515
429
371
346
327
332
343
351
323
279
181
72
-33
-128
-236
-296
-314
-277
-195
-57
97
260
413
527
591
584
532
434
323
154
-16
-177
-309
-441
-553
-645
-723
-762
-787
-789
-764
-695
-620
-509
-400
-292
-185
-55
46
118
161
184
204
233
279
332
385
427
484
530
553
531
454
319
159
0
-178
-351
-480
-530
-494
-381
-219
-34
183
369
516
601
618
538
407
266
126
17
-73
-115
-139
-127
-107
-84
-91
-139
-217
-304
-377
-444
-476
-459
-393
-306
-194
-88
7
65
69
34
-16
-54
-74
-61
-11
63
181
307
424
489
510
476
385
256
90
-54
-180
-246
-273
-238
-182
-93
27
142
211
202
173
91
11
-93
-178
-270
-325
-348
-329
-276
-234
-190
-160
-111
-80
-28
39
123
196
272
358
425
454
429
336
196
21
-155
-298
-386
-421
-400
-291
-127
62
232
385
466
489
441
331
176
30
-112
-217
-271
-253
-200
-98
14
101
169
195
149
34
-83
-211
-320
-400
-419
-392
-291
-155
-23
100
193
221
210
168
85
-11
-85
-134
-139
-96
-33
46
127
178
177
138
60
-43
-142
-233
-287
-295
-245
-144
-5
132
224
290
301
266
189
95
-6
-73
-96
-71
6
111
211
290
344
322
232
96
-63
-235
-375
-476
-509
-461
-351
-207
-33
133
242
304
307
246
130
16
-93
-160
-185
-159
-81
25
133
209
251
243
196
115
14
-96
-195
-250
-258
-218
-156
-75
-8
55
94
97
73
28
-25
-76
-105
-124
-117
-100
-80
-71
-71
-83
-109
-143
-163
-168
-151
-101
-22
70
172
279
375
447
478
475
446
401
340
265
198
140
92
51
28
-4
-48
-93
-146
-195
-236
-263
-292
-297
-291
-269
-233
-199
-173
-150
-122
-96
-55
-20
24
69
120
168
198
199
157
87
-12
-129
-261
-389
-493
-556
-569
-534
-452
-345
-220
-88
39
157
253
324
377
430
484
542
607
669
722
758
781
761
704
589
442
268
91
-83
-235
-353
-446
-494
-508
-509
-513
-513
-526
-545
-559
-552
-524
-457
-366
-240
-80
99
251
368
442
451
409
313
177
13
-146
-294
-396
-458
-473
-453
-399
-331
-259
-184
-122
-72
-33
9
52
116
189
273
380
497
599
687
759
786
795
761
686
574
460
321
188
58
-63
-167
-246
-314
-381
-421
-456
-472
-485
-482
-484
-463
-430
-395
-359
-315
-267
-220
-172
-123
-76
-26
19
57
85
103
97
90
54
12
-38
-71
-104
-121
-120
-106
-65
-19
39
84
132
159
181
194
210
222
234
256
284
324
369
416
450
472
477
451
402
324
225
113
4
-106
-200
-276
-335
-382
-419
-452
-485
-516
-559
-586
-604
-592
-565
-501
-411
-295
-160
-20
107
213
307
376
417
435
432
421
405
381
355
321
279
228
174
107
37
-33
-94
-139
-166
-181
-165
-131
-89
-52
1
39
67
85
100
108
114
126
136
154
161
159
146
118
63
-9
-100
-193
-279
-362
-423
-459
-467
-450
-413
-365
-311
-254
-204
-158
-124
-87
-45
5
58
113
179
251
307
349
367
364
347
316
269
219
180
155
142
135
126
116
99
69
24
-34
-90
-142
-178
-190
-169
-129
-64
12
82
144
181
188
163
114
44
-30
-99
-155
-191
-201
-191
-175
-158
-142
-146
-163
-201
-245
-294
-321
-334
-316
-264
-188
-86
24
135
221
300
342
367
363
347
308
280
252
217
188
152
114
70
24
-47
-116
-187
-244
-290
-307
-312
-292
-240
-169
-88
1
83
146
208
249
277
288
291
282