33
36
37
38
37
40
43
44
43
45
46
47
44
41
38
37
38
36
34
33
29
25
20
17
11
5
-2
-3
-8
-10
-17
-22
-23
-26
-31
-37
-39
-43
-45
-46
-49
-55
-54
-53
-53
-51
-52
-53
-51
-48
-47
-47
-47
-44
-39
-35
-31
-28
-23
-17
-13
-11
-8
-4
3
4
8
14
20
23
29
33
36
41
42
47
51
50
53
57
58
59
62
63
61
64
61
56
55
49
47
43
40
32
29
24
19
12
4
-3
-10
-17
-27
-33
-36
-38
-46
-49
-55
-57
-61
-64
-66
-67
-67
-69
-69
-69
-66
-64
-61
-59
-56
-52
-44
-38
-31
-25
-17
-9
-2
5
13
19
25
31
38
44
51
55
61
63
66
70
71
71
67
68
62
63
60
58
54
51
50
47
42
34
27
20
15
4
-4
-11
-16
-22
-26
-29
-32
-36
-41
-46
-53
-59
-63
-69
-72
-74
-75
-77
-74
-74
-75
-70
-68
-63
-56
-49
-44
-38
-32
-26
-18
-14
-3
2
12
21
31
39
44
54
59
68
71
80
82
85
88
88
88
89
88
83
79
76
71
64
58
53
46
42
37
26
16
9
-2
-13
-23
-29
-40
-49
-53
-58
-64
-66
-72
-77
-81
-85
-88
-91
-92
-91
-92
-92
-91
-90
-83
-83
-86
-87
-87
-90
-82
-72
-60
-45
-27
-13
-2
9
20
32
39
51
58
71
83
96
104
116
126
132
133
129
131
125
125
125
125
122
120
114
108
100
89
79
63
54
38
28
10
-2
-17
-25
-33
-46
-56
-68
-74
-80
-82
-91
-91
-96
-100
-104
-108
-114
-118
-117
-119
-119
-118
-121
-127
-126
-131
-132
-137
-134
-134
-127
-126
-114
-106
-93
-82
-65
-42
-28
-5
12
32
48
76
96
118
144
164
185
205
221
235
246
256
265
270
274
272
271
265
259
248
236
218
197
179
153
132
108
86
64
42
18
-14
-42
-64
-90
-117
-139
-159
-177
-190
-210
-231
-253
-270
-288
-302
-316
-325
-339
-346
-350
-352
-349
-346
-339
-339
-327
-312
-295
-277
-260
-241
-211
-174
-137
-99
-54
-7
38
79
118
164
211
261
305
351
392
434
475
504
525
540
553
558
560
559
547
529
510
485
451
416
373
329
276
228
175
125
77
27
-24
-84
-140
-197
-250
-304
-348
-388
-422
-462
-498
-536
-570
-593
-608
-620
-635
-646
-646
-641
-629
-620
-593
-572
-534
-486
-430
-377
-321
-258
-199
-133
-73
-6
67
140
220
298
373
443
516
589
646
707
742
780
806
827
840
842
839
823
806
765
729
677
636
597
546
490
402
329
247
172
85
2
-79
-160
-242
-333
-412
-497
-559
-620
-675
-720
-764
-804
-837
-855
-870
-882
-882
-875
-874
-864
-849
-834
-819
-781
-734
-675
-598
-521
-422
-330
-234
-163
-80
8
119
233
352
458
544
621
700
778
841
914
959
994
1014
1024
1017
1007
991
987
972
964
907
860
796
732
645
561
472
362
285
191
102
0
-75
-155
-221
-274
-316
-349
-395
-427
-475
-518
-575
-627
-681
-750
-803
-854
-883
-925
-949
-973
-1002
-1022
-1040
-1048
-1043
-1019
-992
-959
-919
-849
-786
-685
-555
-428
-307
-192
-77
7
117
225
335
437
556
649
719
805
876
950
997
1035
1056
1078
1104
1109
1110
1088
1053
1014
998
990
985
979
943
868
784
684
589
501
419
340
267
198
126
56
-36
-120
-207
-289
-361
-432
-480
-533
-568
-623
-674
-751
-843
-923
-990
-1029
-1082
-1102
-1133
-1158
-1186
-1194
-1219
-1232
-1223
-1201
-1171
-1136
-1072
-986
-861
-712
-578
-454
-328
-209
-83
32
176
292
408
507
628
719
811
903
995
1086
1165
1251
1308
1344
1350
1346
1328
1331
1334
1339
1345
1334
1271
1199
1097
979
865
751
616
484
368
266
160
63
-16
-82
-147
-227
-297
-396
-455
-529
-569
-628
-674
-718
-778
-868
-999
-1082
-1164
-1216
-1275
-1311
-1372
-1426
-1472
-1528
-1545
-1548
-1512
-1480
-1415
-1340
-1250
-1112
-947
-767
-627
-474
-349
-217
-98
43
190
327
481
617
748
843
963
1068
1151
1250
1340
1434
1511
1596
1626
1634
1637
1663
1672
1666
1664
1624
1557
1477
1361
1225
1096
974
828
661
507
351
200
93
-11
-105
-186
-272
-363
-445
-497
-580
-645
-730
-836
-962
-1093
-1212
-1297
-1339
-1359
-1387
-1436
-1502
-1573
-1662
-1728
-1781
-1797
-1781
-1742
-1678
-1615
-1508
-1393
-1192
-988
-775
-599
-465
-365
-260
-133
34
209
371
535
646
800
888
1019
1164
1317
1447
1568
1644
1732
1770
1814
1828
1861
1876
1902
1932
1889
1836
1718
1656
1516
1409
1291
1167
1013
804
619
384
206
45
-59
-160
-276
-371
-500
-590
-684
-707
-782
-849
-928
-1037
-1168
-1343
-1454
-1565
-1557
-1540
-1457
-1492
-1588
-1690
-1787
-1830
-1870
-1811
-1795
-1755
-1706
-1664
-1581
-1473
-1216
-994
-717
-515
-414
-352
-276
-169
-46
173
333
513
628
766
826
969
1126
1290
1459
1605
1749
1824
1911
1952
1943
1966
1996
2034
2068
2064
2010
1905
1803
1695
1578
1506
1404
1225
997
757
543
343
211
91
0
-105
-221
-326
-456
-533
-603
-651
-725
-881
-1013
-1245
-1376
-1544
-1577
-1584
-1537
-1534
-1677
-1799
-1965
-1994
-2091
-2072
-2081
-2086
-2010
-1986
-1851
-1797
-1537
-1314
-1102
-898
-771
-637
-626
-500
-379
-258
-30
144
355
428
635
702
892
1088
1292
1509
1607
1796
1836
1954
2017
2078
2080
2098
2160
2194
2256
2253
2237
2182
2112
2047
1900
1778
1584
1395
1167
949
769
587
443
277
152
-12
-172
-330
-444
-570
-687
-790
-985
-1179
-1394
-1513
-1614
-1665
-1687
-1761
-1836
-1951
-2054
-2176
-2228
-2253
-2249
-2253
-2231
-2178
-2121
-1935
-1800
-1616
-1442
-1309
-1168
-1076
-938
-861
-719
-640
-524
-353
-210
-72
93
257
451
675
911
1131
1263
1415
1521
1635
1747
1918
2037
2223
2293
2325
2319
2349
2426
2466
2546
2496
2441
2336
2207
2055
1859
1679
1497
1326
1175
934
732
546
354
180
16
-109
-318
-472
-704
-908
-1161
-1293
-1410
-1506
-1548
-1673
-1769
-1928
-2008
-2140
-2239
-2315
-2404
-2525
-2571
-2617
-2529
-2512
-2305
-2146
-1989
-1828
-1667
-1547
-1468
-1343
-1249
-1139
-990
-818
-699
-539
-441
-277
-151
108
372
640
894
1064
1203
1312
1408
1594
1791
2023
2263
2465
2605
2642
2704
2790
2865
2968
3059
3086
3037
2935
2792
2553
2331
2116
1943
1737
1527
1306
1040
791
545
341
110
-92
-295
-566
-893
-1162
-1352
-1473
-1563
-1631
-1761
-1945
-2124
-2235
-2350
-2468
-2500
-2620
-2739
-2899
-2912
-3049
-2964
-2826
-2695
-2456
-2317
-2118
-2072
-1915
-1786
-1665
-1513
-1364
-1161
-1047
-893
-860
-682
-533
-244
-6
290
571
754
986
1143
1368
1500
1693
1887
2094
2373
2604
2828
2914
2997
3065
3150
3233
3292
3340
3300
3227
3122
3040
2868
2707
2525
2316
2051
1807
1553
1243
1039
789
556
251
24
-288
-662
-940
-1198
-1357
-1500
-1553
-1727
-1926
-2150
-2330
-2482
-2648
-2704
-2905
-2973
-3136
-3226
-3325
-3366
-3264
-3140
-2927
-2752
-2560
-2419
-2346
-2223
-2181
-1991
-1854
-1649
-1514
-1373
-1187
-1075
-713
-497
-115
75
365
637
802
1020
1202
1453
1665
1947
2201
2465
2665
2901
3097
3244
3293
3344
3428
3428
3441
3477
3500
3420
3357
3281
3096
2938
2723
2527
2260
2010
1737
1405
1081
747
478
163
-66
-425
-735
-1043
-1320
-1494
-1674
-1746
-1924
-2024
-2212
-2379
-2587
-2781
-2862
-3139
-3270
-3439
-3490
-3601
-3536
-3479
-3377
-3192
-3068
-2863
-2731
-2559
-2355
-2315
-2041
-1919
-1654
-1528
-1333
-1110
-977
-605
-406
-5
165
464
698
936
1182
1418
1739
1956
2232
2430
2635
2854
3060
3283
3417
3511
3484
3470
3454
3448
3522
3543
3477
3371
3240
3117
2925
2777
2564
2329
2068
1764
1419
1005
688
369
94
-197
-447
-781
-1084
-1353
-1543
-1712
-1822
-1934
-2075
-2231
-2378
-2578
-2769
-2983
-3137
-3333
-3447
-3569
-3641
-3644
-3644
-3424
-3280
-3089
-2868
-2646
-2412
-2335
-2163
-2044
-1874
-1613
-1411
-1114
-1018
-739
-473
-308
104
254
666
813
1167
1344
1542
1749
1914
2113
2245
2540
2626
2911
3052
3259
3336
3321
3324
3229
3275
3246
3268
3250
3228
3153
3014
2899
2685
2511
2236
1990
1651
1337
1037
681
401
108
-117
-429
-661
-975
-1232
-1454
-1613
-1734
-1899
-1984
-2197
-2325
-2485
-2660
-2807
-3015
-3082
-3363
-3399
-3548
-3593
-3525
-3421
-3174
-3026
-2737
-2626
-2392
-2286
-2119
-1909
-1793
-1486
-1448
-1095
-1000
-745
-518
-348
1
119
580
685
1065
1214
1482
1668
1754
2003
2055
2346
2462
2691
2760
2952
3084
3118
3144
3093
3146
3122
3168
3202
3092
3054
2953
2836
2593
2408
2223
1904
1676
1370
1108
770
562
263
42
-220
-411
-633
-939
-1131
-1359
-1439
-1589
-1621
-1808
-1959
-2170
-2361
-2526
-2767
-2869
-3014
-3219
-3274
-3379
-3390
-3368
-3187
-2996
-2880
-2538
-2448
-2214
-2126
-1918
-1778
-1721
-1347
-1311
-998
-906
-698
-608
-420
-52
86
483
631
897
1054
1301
1505
1638
1917
2039
2329
2419
2647
2756
2872
2977
3011
3080
3058
3168
3171
3231
3104
2969
2916
2790
2635
2385
2219
1945
1749
1486
1255
891
651
434
170
-61
-255
-391
-643
-878
-1119
-1305
-1471
-1589
-1720
-1746
-1990
-2058
-2362
-2578
-2702
-2926
-2866
-3134
-3068
-3298
-3212
-3170
-3050
-2833
-2725
-2399
-2305
-2037
-1901
-1712
-1645
-1450
-1305
-1207
-1044
-941
-710
-513
-320
-5
231
486
700
987
1222
1375
1554
1765
1904
2080
2285
2473
2627
2762
2898
2931
2898
2904
2966
2962
3006
2925
2825
2678
2571
2453
2272
2111
1935
1743
1493
1261
977
679
477
277
56
-138
-338
-487
-781
-998
-1287
-1382
-1495
-1568
-1596
-1772
-1859
-2158
-2194
-2423
-2422
-2647
-2632
-2791
-2820
-2893
-2894
-2825
-2675
-2551
-2274
-2163
-1919
-1831
-1626
-1610
-1474
-1460
-1297
-1098
-952
-801
-691
-409
-281
148
346
595
813
1021
1220
1355
1571
1708
1921
2061
2212
2392
2471
2634
2641
2639
2607
2670
2729
2686
2676
2576
2519
2433
2477
2336
2209
2056
1873
1645
1349
1208
905
696
460
268
49
-158
-327
-565
-733
-972
-1110
-1239
-1339
-1422
-1437
-1564
-1716
-1854
-2063
-2125
-2321
-2372
-2548
-2642
-2694
-2798
-2814
-2812
-2598
-2464
-2246
-2136
-1882
-1855
-1713
-1612
-1558
-1455
-1327
-1178
-1005
-924
-665
-474
-204
96
247
611
687
938
1095
1287
1411
1586
1708
1844
2040
2126
2268
2354
2384
2417
2435
2532
2508
2561
2604
2566
2487
2444
2450
2284
2162
1960
1862
1609
1469
1223
932
693
503
385
126
-3
-215
-309
-623
-775
-1004
-1108
-1183
-1193
-1271
-1472
-1627
-1808
-1860
-2197
-2232
-2476
-2569
-2719
-2796
-2848
-2901
-2596
-2675
-2250
-2165
-1927
-1812
-1715
-1638
-1714
-1369
-1533
-1162
-1190
-821
-950
-541
-425
-188
242
375
717
640
1075
1004
1316
1381
1514
1696
1796
2121
2096
2297
2290
2277
2311
2379
2518
2428
2634
2533
2566
2384
2428
2323
2148
2133
1875
1786
1479
1330
1042
793
630
453
278
82
-94
-260
-486
-671
-854
-1002
-1024
-1157
-1068
-1308
-1364
-1564
-1800
-1956
-2059
-2148
-2390
-2484
-2595
-2640
-2699
-2620
-2475
-2356
-2098
-2055
-1788
-1874
-1666
-1585
-1473
-1356
-1247
-1055
-1023
-994
-702
-674
-309
-167
143
387
323
720
608
979
962
1278
1448
1450
1655
1744
1946
1946
2162
2106
2159
2303
2316
2397
2424
2532
2359
2386
2396
2202
2157
1941
1886
1578
1481
1224
1025
793
694
530
348
275
-59
-164
-473
-553
-749
-721
-821
-824
-891
-1121
-1273
-1658
-1549
-1860
-1946
-2123
-2300
-2361
-2504
-2472
-2615
-2393
-2227
-2214
-1980
-1964
-1783
-1759
-1484
-1582
-1325
-1228
-1168
-1131
-1148
-835
-834
-599
-507
-192
-145
222
228
438
542
639
985
991
1247
1274
1612
1627
1803
1908
1937
2102
1964
2354
2259
2370
2375
2313
2365
2205
2317
2038
2035
1890
1818
1639
1407
1288
1039
875
672
606
354
318
114
-128
-281
-458
-488
-637
-637
-749
-853
-1050
-1323
-1370
-1682
-1809
-1853
-2124
-2191
-2354
-2215
-2674
-2115
-2486
-1897
-2042
-1741
-1726
-1693
-1524
-1414
-1454
-1352
-1223
-1232
-1133
-1101
-1059
-932
-724
-591
-389
-153
67
151
440
483
774
764
1103
1110
1362
1436
1723
1751
1836
1955
1935
2198
2114
2282
2232
2197
2082
2199
2141
1964
1974
1955
1770
1558
1496
1287
1043
1027
877
755
488
361
147
-3
-233
-301
-417
-511
-542
-556
-787
-1003
-1202
-1247
-1405
-1568
-1739
-1895
-2075
-2271
-2110
-2638
-2249
-2102
-2050
-1680
-2121
-1409
-1804
-1425
-1289
-1888
-1266
-1631
-1137
-1573
-1125
-981
-1009
-641
-538
-269
-275
330
17
523
544
674
981
1003
1261
1197
1818
1709
1618
1838
1700
2003
1993
2295
2100
2308
2166
2058
2255
1904
2179
1863
1878
1750
1532
1518
1154
1235
884
914
765
579
384
72
-1
-197
-364
-436
-541
-545
-641
-750
-1063
-1131
-1386
-1368
-1691
-1770
-2146
-2105
-2254
-2474
-2249
-2362
-2020
-2130
-1979
-1804
-1447
-1866
-1422
-1805
-1466
-1396
-1519
-1005
-1795
-509
-1311
-512
-774
-470
-190
-287
500
-255
842
172
1168
818
1302
1248
1420
2031
1369
1981
1302
1956
1768
2250
2109
2155
2186
1947
2387
1794
2187
1825
1962
1847
1501
1695
1105
1320
910
1021
845
628
593
214
232
-135
-150
-539
-280
-532
-488
-541
-755
-1079
-1119
-1120
-1502
-1530
-1668
-1940
-2110
-2246
-1986
-2509
-2079
-1951
-2000
-1640
-2139
-1436
-1687
-1575
-1153
-1512
-1205
-1532
-1013
-976
-1399
-631
-1015
-428
-555
-44
-25
-7
364
402
813
524
1330
923
1602
1243
1750
1228
1471
1924
1756
2388
1807
2470
1566
2258
1979
1888
2124
1622
1976
1378
1629
1221
1234
1215
851
1035
639
749
258
305
-155
-72
-331
-234
-481
-431
-166
-891
-466
-920
-823
-955
-1360
-1315
-1933
-1799
-1877
-2057
-2254
-2148
-2124
-1966
-1707
-2099
-1496
-1700
-1418
-917
-2036
-702
-2106
-784
-1556
-639
-1050
-1026
-241
-690
88
-408
849
-136
935
205
1094
862
1383
1446
1106
1419
1170
1806
1646
2065
2124
1881
2039
1719
2053
1749
1948
1815
1515
1719
1164
1413
842
993
907
1042
837
573
580
183
371
-21
-242
-405
-741
-235
-420
-134
-841
-663
-845
-979
-965
-1301
-1437
-1937
-1386
-2213
-1691
-2170
-2008
-1700
-1992
-1286
-2109
-1777
-1719
-1885
-1072
-1716
-1487
-1312
-1035
-1202
-353
-397
-99
-96
371
815
399
991
405
1324
1001
1222
1684
1123
1255
1010
1530
1603
1791
2026
1727
1653
1643
1691
1679
1435
1503
1586
1075
1086
1016
750
643
621
820
474
332
315
89
-42
-248
7
-632
-817
-671
-608
-615
-524
-542
-623
-926
-727
-861
-1339
-1363
-1472
-1230
-1764
-1817
-1836
-1767
-1414
-1438
-1022
-1484
-1287
-462
-966
-1060
-804
-588
-894
-95
-344
-637
-240
423
75
619
890
633
1502
1215
1421
1232
880
497
1223
1546
1604
1572
1499
1013
1033
1611
1171
1171
669
945
819
299
674
-105
54
-116
348
147
-171
-72
-428
-205
-211
49
-71
-723
-1040
-942
-864
-642
-328
-330
-579
-693
-764
-606
-798
-828
-944
-952
-1125
-1402
-1187
-1606
-915
-900
-788
-409
-890
-281
-833
108
-62
-65
166
95
320
216
222
535
728
966
1631
957
2016
1687
1489
952
483
1146
1316
1685
1407
705
605
563
1112
1130
710
628
290
14
-260
-242
-341
-777
-481
-239
-577
-651
-959
-477
-620
-124
-41
-444
-837
-1303
-990
-1235
-628
-575
-630
-738
-888
-734
-847
-700
-517
-553
-627
-1146
-1070
-1113
-865
-425
-173
-610
-247
-162
253
146
140
563
69
897
346
677
613
1114
1343
1505
1590
1870
2284
2130
1435
750
1375
1465
1966
1870
1204
453
128
900
1071
563
291
-291
-544
-954
-579
-746
-1237
-1284
-1042
-1150
-1726
-1614
-1292
-1018
-730
-282
-810
-1321
-1903
-1731
-1353
-695
-162
-598
-1101
-1548
-1159
-395
-34
-196
-822
-915
-1022
-944
-568
-607
-383
-307
170
-82
212
360
916
1291
1366
971
568
937
954
1466
1831
1794
1801
2294
2776
2595
1766
1254
1558
1949
2381
1966
1168
238
-97
1165
1482
741
10
-577
-937
-1200
-878
-887
-1706
-1869
-1748
-1725
-2252
-2070
-1467
-1226
-867
-841
-1304
-2002
-1434
-1087
-1330
-1744
-1234
-619
-1069
-958
-1087
-997
-745
-134
-313
-1486
-1326
-857
-205
-301
-127
-223
-317
131
844
1289
588
1297
998
1585
1015
1705
1749
1784
2632
2599
2957
2273
3243
2575
1441
1367
2226
2830
2025
2154
775
-53
370
1532
1630
-256
-374
-1122
-1077
-1476
-570
-1204
-2465
-2338
-1973
-2077
-2932
-1930
-1649
-1575
-1571
-1366
-2105
-2132
-1210
-1301
-1836
-2089
-926
-1164
-1168
-1190
-1173
-906
-790
-151
-1251
-1489
-1191
-72
32
-376
-288
-309
142
882
1844
1286
1277
1531
2174
1901
2118
2535
2474
2641
2901
3263
3457
2741
2284
1506
2072
3086
3082
2200
805
301
455
1408
1371
244
-1078
-1380
-1124
-1085
-1118
-1257
-2095
-2513
-2287
-1850
-2543
-2515
-2019
-1543
-1798
-1989
-2079
-2426
-1528
-1233
-1759
-2792
-2124
-1213
-1292
-1132
-1616
-1546
-1346
-452
-594
-1382
-1215
-668
130
-284
-385
-393
367
1103
2022
1677
1038
1176
2260
3066
2688
2837
2466
2918
3438
4425
4467
2575
1418
1324
3377
3984
3341
1962
252
88
901
2653
1032
-827
-1620
-984
-1345
-1544
-994
-1773
-2769
-2728
-2062
-2772
-3106
-2132
-1376
-1889
-2471
-2097
-2468
-2094
-895
-1033
-2696
-3429
-1379
-811
-934
-1411
-1892
-2147
-1429
-117
-1002
-1880
-1564
-141
-40
-584
-425
-135
626
1569
2362
1509
1126
2076
3320
3068
3124
3208
3342
3453
4600
5342
2914
1166
1374
4245
4315
3060
1603
-247
-203
1723
3805
1111
-1898
-1902
-575
-844
-1462
-1248
-2557
-3555
-2501
-1334
-2667
-3557
-2018
-1222
-2247
-2763
-2331
-2605
-2192
-392
-1231
-3736
-4068
-1169
86
-677
-1427
-2367
-2542
-1315
508
-665
-2492
-2104
-375
-72
-743
-215
224
713
1514
1841
1085
879
2768
4059
3001
2392
2471
3589
4156
5774
5449
1876
404
2203
5788
4887
2875
650
-825
417
3088
4043
-171
-2769
-1873
93
-494
-1149
-1526
-3243
-3600
-2211
-1339
-3103
-3118
-1627
-1560
-2837
-3060
-2338
-2343
-1321
-529
-2848
-5173
-3784
156
409
-1345
-3164
-3610
-2352
148
1053
-1523
-3388
-2059
30
135
-404
-58
150
838
1717
1740
1264
1760
4023
3822
2716
2071
3552
4553
5392
5728
2634
474
1542
6295
6278
3361
506
-479
738
2946
4830
908
-2929
-2701
420
756
-568
-1048
-2731
-3582
-2636
-783
-2282
-3063
-1760
-1139
-2985
-3483
-2102
-1635
-1391
-764
-2559
-5145
-4106
-90
778
-1852
-3815
-4083
-2574
-378
945
-1411
-4158
-3206
-437
396
-658
-808
-600
48
1128
1909
1468
1187
3215
3557
2868
1779
3424
4670
5309
5340
2333
444
1366
6449
6886
3468
108
-503
1640
3993
5335
902
-3341
-2836
1078
1890
-50
-1316
-2824
-3244
-1694
79
-1622
-3143
-1947
-950
-2532
-3129
-1893
-1108
-1365
-1183
-2853
-5076
-3716
371
1171
-2541
-4908
-4425
-2129
177
693
-2222
-5282
-3465
137
1132
-779
-1805
-1474
-428
1322
1875
1380
415
2000
2909
2700
2068
3092
4256
4622
4492
2047
320
1733
6070
6284
2657
-433
-387
2312
4969
5117
273
-3725
-2151
2148
2870
252
-1868
-3338
-2760
-291
1358
-933
-3099
-2080
-689
-1486
-1765
-1053
-1059
-1425
-1004
-2407
-4164
-2638
921
705
-2972
-4716
-3578
-1052
631
-126
-3639
-5668
-2666
1168
1219
-1593
-2871
-1906
7
1960
1908
429
-541
1369
2793
2673
2020
2553
3398
3847
4268
2034
301
1399
5590
5589
1646
-1042
-296
2737
4569
4224
-614
-4072
-1746
3136
3314
-559
-2868
-3340
-2099
354
1794
-997
-3688
-2463
-56
-450
-1107
-742
-868
-1532
-914
-1196
-2904
-2246
335
613
-2890
-3962
-2346
-242
204
-767
-3131
-4790
-2118
1207
885
-2462
-3441
-1460
558
1645
1123
-151
-812
1225
3152
2616
1424
1890
3282
3746
3850
1988
97
1274
5334
5462
1196
-1365
-115
2772
4344
3586
-1175
-4531
-1641
3387
3041
-1297
-3366
-3063
-1720
614
1648
-1418
-4178
-2163
733
48
-1204
-791
-975
-1586
-720
-173
-1776
-2291
-384
195
-1612
-2595
-1206
-550
-858
-905
-1476
-2740
-2050
343
489
-1692
-2376
-786
470
714
749
186
-88
974
2549
2272
1089
1707
2694
3657
3346
1890
30
809
4620
4908
1798
-1150
-221
2110
3858
3627
-746
-4045
-1961
2791
2636
-1126
-3186
-3144
-1990
265
1360
-1464
-4378
-2562
325
70
-1173
-1143
-1261
-1677
-555
8
-1773
-2523
-651
480
-1354
-2327
-1290
-520
-622
-505
-1063
-2499
-1798
599
817
-1344
-2138
-486
656
924
979
331
73
960
2779
2212
1209
1503
2709
3223
3295
2288
370
593
3968
5137
1896
-843
-250
2156
3398
3263
-197
-3626
-2170
2181
2781
-1070
-3202
-2913
-1787
-235
722
-1308
-4205
-3011
-118
-44
-1585
-1700
-1456
-1799
-1123
-298
-1210
-2423
-1641
-568
-968
-1510
-969
-812
-1278
-996
-352
-914
-1559
-651
195
-315
-833
-145
364
318
772
1153
979
964
1811
2112
1586
1873
2564
2900
3149
2720
1122
200
2834
5184
3395
62
-637
1283
3089
4032
1602
-2641
-3328
929
3507
774
-2536
-3280
-2551
-834
1222
185
-3635
-4503
-1500
262
-707
-1674
-2041
-2651
-1951
-368
-699
-2353
-2649
-1596
-1370
-1391
-919
-1173
-2007
-1941
-655
-407
-1133
-1236
-754
-541
-427
199
298
-71
275
1154
1483
1191
1386
1682
1877
2206
2723
2602
2672
3222
2368
816
1273
4359
4511
1748
-210
618
2389
3753
3432
-356
-3215
-1015
3090
2588
-1054
-2830
-2605
-1510
596
1462
-1572
-4561
-3006
124
243
-1234
-2040
-2657
-2599
-910
-36
-1751
-3175
-2628
-1631
-1374
-1052
-1180
-2346
-2629
-1406
-220
-940
-1762
-1595
-884
-399
40
53
-474
-328
820
1608
1168
1027
990
1542
1935
2816
2548
1904
2588
3255
2353
659
2190
4392
3425
1025
302
1602
2763
3792
2357
-1369
-2492
1089
3833
1446
-2076
-2707
-1811
-164
1405
540
-3167
-4446
-1252
1145
-30
-2158
-2816
-2676
-1532
70
-481
-2808
-3624
-2301
-934
-779
-974
-2085
-2922
-2253
-525
54
-1263
-2177
-1884
-620
167
204
-530
-1044
-334
1006
1671
1220
587
525
1264
2252
2544
2057
1597
2618
3072
1901
587
2191
4339
3299
911
63
1607
3178
3950
2075
-1485
-2015
1619
4130
1445
-2206
-2805
-1258
696
1654
-56
-3604
-4128
-565
1484
-451
-2977
-3123
-2161
-904
-68
-1237
-3365
-3631
-1762
-457
-816
-1703
-2408
-2484
-1642
-133
100
-1374
-2361
-1564
-5
398
-6
-627
-970
-386
1080
2000
1039
86
193
1441
2200
2386
1770
1075
1948
2983
2246
358
1405
3881
3514
1027
44
1530
2848
3592
2367
-650
-1909
1080
3949
1933
-1873
-2531
-876
621
1177
111
-2809
-3729
-899
1194
-540
-2962
-2813
-1817
-1132
-732
-1295
-2895
-3058
-1672
-1039
-1617
-1678
-1377
-1982
-2127
-901
279
-518
-1727
-1625
-645
244
645
127
-1173
-1127
797
2227
1650
-85
-155
718
2326
2648
1896
732
959
3227
3016
1249
-86
2547
4056
2601
523
319
2016
3245
3641
1016
-1757
-783
2979
3525
-209
-2744
-1826
-54
1095
715
-1469
-3806
-2614
463
443
-1932
-3226
-2330
-1637
-1072
-987
-2148
-2982
-2476
-1445
-1398
-1330
-1057
-1774
-2396
-1541
260
302
-1161
-2003
-1282
286
1062
553
-988
-1313
270
2123
2184
371
-559
91
2273
2919
2121
364
396
2248
3963
2552
-183
93
3347
4539
1916
-315
267
2756
3995
2925
-392
-1876
662
3744
2423
-1611
-2858
-1039
875
962
-465
-2928
-3619
-1326
731
-713
-3142
-3264
-1921
-1187
-1186
-1721
-2587
-2723
-1848
-1464
-1538
-1402
-1061
-1732
-2127
-1078
203
-22
-1327
-1674
-882
304
759
116
-1053
-1073
658
2138
1573
-230
-518
946
2655
2655
1214
140
896
3224
4161
2069
-521
406
4091
4929
2040
-531
465
3160
4357
2982
-102
-1425
740
3508
2395
-1303
-2550
-749
770
362
-917
-2403
-2989
-1566
-107
-1098
-3046
-2943
-1592
-1382
-1925
-1984
-1842
-2028
-2226
-2084
-1682
-997
-700
-1588
-2478
-1670
360
632
-1256
-2574
-1417
585
992
-271
-1646
-1459
502
2089
1550
-603
-905
940
2746
2300
807
295
1186
2860
3825
2576
155
203
3364
5181
2839
157
433
2926
4068
3386
1045
-749
151
2660
2765
-224
-1897
-997
-2
-221
-483
-1243
-2549
-2508
-1100
-934
-2081
-2350
-1928
-2227
-2251
-1246
-916
-1991
-2702
-2320
-1462
-724
-424
-1532
-2786
-1996
347
782
-1311
-2745
-1746
178
723
-335
-1784
-1879
-31
1662
1266
-562
-1025
510
1982
2064
1070
356
749
2205
3580
3064
1002
227
1997
4522
4076
1776
342
1593
3566
4062
2602
157
-454
1210
2864
1652
-850
-1630
-903
-202
23
-398
-1761
-2971
-2100
-704
-750
-1946
-2518
-2275
-1885
-1011
-806
-1498
-2506
-2136
-1297
-806
-786
-1108
-1793
-2027
-935
103
-369
-1782
-2045
-965
18
-202
-1057
-1473
-891
188
657
253
-328
-171
631
1346
1289
951
751
1396
2039
2729
2624
1502
867
1937
4261
3735
1645
395
1883
3450
3547
2206
155
-449
1027
2647
1474
-1034
-1780
-922
-33
234
-467
-2088
-3058
-1595
-130
-644
-2099
-2440
-1819
-1318
-601
-837
-1638
-2140
-1594
-993
-907
-673
-926
-1716
-2138
-961
265
-257
-1791
-2322
-1276
-4
232
-728
-1910
-1700
-80
1295
668
-759
-1076
311
1720
1702
811
123
940
2100
3141
2744
1396
562
1817
4138
3981
1680
169
1500
3338
3615
2180
98
-629
853
2542
1487
-1128
-1804
-727
-42
-219
-657
-1585
-2520
-1677
-368
-530
-1743
-1876
-1255
-1228
-1052
-773
-845
-1476
-1608
-1351
-1134
-676
-554
-1358
-2329
-1632
-86
5
-1497
-2422
-1606
-382
2
-664
-1704
-1807
-521
874
601
-657
-876
198
1396
1530
1045
448
756
2017
2952
2810
1940
1183
1500
2793
4005
2806
1010
743
2313
3254
2681
1434
5
-144
1083
2050
717
-1227
-1541
-845
-268
-84
-493
-1910
-2713
-1425
36
-210
-1454
-2056
-1780
-1074
-97
-195
-1426
-2283
-1810
-849
-498
-652
-1563
-2356
-2054
-576
135
-891
-2299
-2395
-1120
58
-7
-1366
-2357
-1455
394
960
-260
-1115
-363
914
1586
1282
694
534
1490
2668
2597
2101
1939
1914
1707
2311
3535
2797
1170
813
2244
2898
2392
1543
310
-211
824
2029
883
-1130
-1473
-697
-147
21
-284
-1704
-2562
-1157
381
-121
-1713
-2110
-1545
-814
-183
-622
-1811
-2255
-1410
-853
-1191
-1311
-1365
-1744
-1969
-1200
-394
-821
-1756
-2158
-1546
-597
-88
-658
-1838
-1840
-423
920
630
-532
-702
262
1570
1895
1229
472
850
2266
2880
2453
1783
1415
1474
2203
3383
2903
1293
606
1710
2803
2678
1807
384
-313
628
2046
1420
-686
-1522
-768
84
318
-81
-1248
-2157
-1308
85
30
-1209
-1966
-1776
-1159
-380
-405
-1574
-2449
-1894
-980
-994
-1391
-1622
-1897
-1857
-1292
-713
-1072
-1725
-1890
-1545
-923
-473
-586
-1471
-1678
-538
689
615
-368
-445
354
1295
1630
1303
735
758
1700
2560
2274
1947
1740
1568
1502
2462
3426
2297
808
712
2217
2927
2620
1301
-242
-190
1565
2522
679
-1411
-1312
15
760
432
-675
-1962
-1809
-186
413
-810
-2074
-1864
-1142
-749
-741
-1330
-2041
-1909
-1307
-1219
-1546
-1445
-1455
-1879
-1925
-1320
-782
-1181
-1713
-1896
-1419
-694
-335
-855
-1640
-1281
-130
559
197
-293
-137
483
1227
1453
856
428
984
1987
2001
1428
1665
2311
1958
1171
1680
3007
2789
1561
811
1408
2507
3170
2331
66
-611
1250
2944
1604
-889
-1486
-423
781
927
-237
-1986
-2249
-535
479
-520
-1988
-2150
-1562
-992
-665
-1174
-2028
-2128
-1398
-1161
-1493
-1483
-1268
-1568
-1869
-1539
-839
-824
-1207
-1587
-1517
-989
-351
-295
-1073
-1440
-703
328
443
-129
-371
153
798
1108
727
421
548
1328
1758
1478
1349
1938
2144
1447
1301
2429
3025
2091
1108
1313
2404
3036
2694
1066
-143
672
2410
2192
-19
-1244
-709
345
646
101
-1279
-2262
-1465
-99
-185
-1443
-2135
-1942
-1422
-776
-711
-1569
-2222
-1705
-1161
-1161
-1281
-1058
-1434
-1774
-1475
-704
-511
-1033
-1453
-1532
-974
-314
-158
-908
-1536
-1025
39
448
-131
-676
-384
458
998
739
209
240
1028
1586
1623
1267
1808
2361
2012
1253
1654
3173
3163
2025
895
1460
2722
3483
2476
198
-561
1013
2703
1631
-814
-1868
-1032
337
765
-327
-2293
-2929
-1268
236
-291
-2024
-2689
-1979
-831
-248
-886
-1910
-2050
-1402
-906
-884
-860
-1108
-1650
-1740
-1054
-170
-377
-1244
-1928
-1480
-349
297
-345
-1702
-1924
-619
837
638
-690
-1260
-208
1311
1475
581
-237
350
1667
2434
2032
1173
1829
2448
2495
1715
2299
2938
2577
1801
1411
1958
2341
2779
1606
-51
-336
1228
1876
355
-1249
-1642
-1022
-123
204
-968
-2691
-2578
-869
-151
-905
-1943
-2116
-1742
-697
-222
-905
-1738
-1515
-941
-984
-960
-625
-909
-1687
-1726
-863
-310
-621
-1180
-1714
-1611
-755
176
-341
-1709
-1919
-581
654
491
-369
-769
-134
981
1656
1109
309
525
1782
2504
2134
1883
2347
2488
1860
1806
2869
3331
2395
1199
964
1829
2910
2940
876
-1183
-653
1584
1989
-35
-1981
-2325
-1246
236
508
-1428
-3399
-2751
-528
230
-842
-2095
-2467
-1760
-290
222
-962
-2129
-1690
-893
-718
-815
-754
-1311
-1836
-1442
-627
-409
-825
-1243
-1678
-1445
-415
330
-460
-1658
-1473
-124
908
762
-164
-615
132
1500
1942
1138
409
844
1998
2655
2441
2015
2142
2122
1968
2034
2815
2870
1950
1029
969
1828
2573
2319
369
-1196
-579
1213
1359
-392
-1957
-2292
-1329
74
246
-1551
-3214
-2480
-601
-32
-934
-1991
-2323
-1722
-453
-115
-1109
-1955
-1682
-1131
-933
-763
-862
-1453
-1792
-1315
-687
-536
-597
-900
-1403
-1321
-240
560
-44
-1108
-1063
33
1023
1165
459
-186
152
1496
2260
1763
734
852
1888
2824
2764
2308
2099
1640
1703
2218
3134
2541
1426
697
967
1775
2368
1943
-101
-1335
-551
1059
896
-602
-1905
-2368
-1609
-143
148
-1638
-3237
-2562
-941
-385
-923
-1907
-2618
-2204
-753
-242
-1228
-2088
-1860
-1378
-1070
-778
-801
-1422
-1629
-1219
-702
-446
-256
-418
-1168
-1194
-209
785
424
-507
-919
-255
1007
1650
974
-103
157
1336
2370
1976
1376
1020
1729
2554
2889
2751
2268
1741
1249
1891
2927
2906
1618
472
431
1243
2237
2043
118
-1660
-1213
506
926
-222
-1707
-2676
-2181
-539
324
-1266
-3104
-2909
-1379
-513
-802
-1647
-2589
-2414
-1124
-375
-1042
-1868
-1671
-1319
-1081
-889
-718
-928
-1140
-977
-906
-613
-29
264
-467
-1162
-643
514
956
306
-564
-641
445
1702
1599
485
43
911
2075
2227
1706
1133
1452
2162
2721
2570
2404
1916
1330
1287
2228
2873
2006
770
30
534
1646
2304
910
-1371
-1855
-317
920
347
-1171
-2718
-2813
-1137
393
-663
-2889
-3239
-1799
-770
-823
-1453
-2281
-2439
-1361
-567
-1066
-1647
-1240
-864
-1174
-1310
-914
-447
-401
-650
-1203
-1181
-118
871
349
-973
-1182
-32
1073
1044
76
-711
-199
1248
1935
1101
409
600
1490
1810
1952
1572
1438
1651
2134
2284
2378
2505
1598
768
1102
2687
2661
1337
-84
-186
911
2090
1778
-694
-2158
-1287
552
558
-709
-2190
-2859
-1997
-362
-274
-2106
-3089
-2183
-1129
-1126
-1419
-1756
-1887
-1465
-949
-1264
-1532
-860
-249
-857
-1658
-1335
-395
208
-91
-848
-1403
-613
758
1086
-20
-967
-545
529
1290
971
21
-459
267
1428
1540
994
658
781
1112
1430
1784
1610
1526
1512
1631
1872
2513
2407
1176
409
1359
2575
2233
1085
-77
-93
889
2006
1120
-1060
-1902
-879
250
78
-882
-2310
-2752
-1692
-379
-903
-2377
-2670
-1950
-1358
-1244
-1339
-1797
-1847
-1174
-850
-1247
-1242
-552
-243
-864
-1185
-869
-153
268
215
-396
-938
-192
935
1138
121
-525
-216
651
1230
870
3
-302
396
1077
1085
800
659
639
758
1127
1453
1495
1609
1487
1296
1612
2788
2448
761
24
1485
2714
2198
1031
-423
-556
862
2400
962
-1690
-2288
-926
187
-50
-1019
-2710
-3201
-1763
-310
-1154
-2697
-2644
-1890
-1569
-1381
-1299
-1754
-1701
-799
-653
-1334
-1064
78
374
-550
-896
-564
242
817
848
-71
-836
64
1313
1227
-19
-406
24
620
802
432
-191
-236
468
731
359
280
767
950
723
868
1150
1377
1619
1784
1547
1536
2422
2335
997
269
1521
2614
2039
920
-241
-506
570
1947
936
-1581
-2408
-1381
-349
-365
-989
-2494
-3372
-2373
-829
-1053
-2342
-2504
-2028
-1699
-1366
-935
-1214
-1368
-683
-332
-717
-514
367
605
82
-63
22
127
634
1125
771
-192
-128
468
733
447
291
-107
-425
-23
458
169
-322
-150
141
188
342
786
600
620
787
1333
1030
1343
1582
1810
1753
2100
2306
967
432
910
2501
1843
910
-197
-576
-126
955
1238
-891
-2122
-2025
-964
-861
-813
-1501
-2822
-3009
-1802
-731
-1432
-1987
-1727
-1378
-1227
-810
-469
-721
-448
220
80
-443
-79
795
866
637
298
-203
-253
654
1315
569
-479
-581
41
469
458
64
-592
-579
-16
262
-326
-488
-43
213
104
165
522
411
781
937
1024
553
1106
1604
1625
1592
1806
1840
570
331
859
1957
1486
825
-215
-990
-516
699
1109
-737
-1925
-2067
-1216
-660
-430
-1309
-2637
-2427
-1231
-606
-1274
-1458
-1144
-841
-593
-367
-541
-730
57
854
537
-175
-109
513
946
1197
830
-126
-429
331
1137
748
125
-303
-312
-7
441
332
-385
-538
-316
-164
-412
-357
-258
-174
-1
122
136
-60
351
588
700
457
796
1006
1154
1343
1610
1659
837
310
214
1147
1498
1288
237
-699
-755
91
919
208
-872
-1661
-1353
-869
-464
-831
-1667
-1884
-1366
-740
-1040
-1405
-1290
-556
-62
-153
-670
-931
-231
802
1084
414
3
274
956
1287
1107
495
189
377
807
742
221
9
192
314
-1
-249
-423
-373
-224
-182
-557
-950
-833
-485
-302
-419
-292
-171
-206
-350
-214
25
264
419
316
64
129
693
1089
619
-277
-485
299
1033
999
355
-336
-386
192
786
550
-62
-410
-346
-273
-296
-249
-410
-629
-702
-441
-270
-195
-146
-89
-20
219
577
593
395
402
729
987
1019
935
742
572
645
829
639
179
9
174
385
327
103
-202
-343
-270
-202
-345
-623
-787
-824
-944
-1075
-1168
-1197
-1226
-1223
-1225
-1303
-1264
-1145
-1072
-1112
-1094
-879
-689
-573
-577
-448
-191
-9
35
102
325
486
552
500
532
705
1028
1175
1000
792
878
1123
1109
927
778
761
874
1035
1057
817
680
871
1075
1033
922
959
929
952
1157
1312
1089
761
748
866
854
682
459
161
-12
93
116
-227
-643
-751
-748
-863
-1003
-1151
-1365
-1549
-1560
-1611
-1813
-1962
-1912
-1853
-1880
-1936
-1943
-1936
-1811
-1566
-1472
-1527
-1497
-1182
-924
-819
-791
-707
-552
-391
-165
-44
74
221
424
542
629
842
1050
1123
1031
1053
1194
1370
1523
1594
1631
1610
1660
1667
1662
1718
1788
1710
1502
1494
1616
1685
1568
1440
1319
1262
1303
1255
1036
759
705
703
519
229
53
4
-84
-308
-629
-895
-977
-937
-1004
-1312
-1585
-1673
-1648
-1679
-1737
-1763
-1823
-1858
-1881
-1826
-1749
-1678
-1728
-1852
-1818
-1601
-1406
-1393
-1362
-1251
-1119
-1000
-846
-750
-661
-480
-283
-231
-249
-91
175
334
364
385
447
602
884
1090
1119
1094
1254
1480
1582
1584
1695
1859
1924
1964
1994
2017
2018
2061
2032
1861
1692
1696
1727
1577
1315
1103
972
874
743
572
364
179
41
-147
-357
-532
-605
-691
-874
-1115
-1284
-1271
-1188
-1202
-1404
-1586
-1580
-1386
-1250
-1353
-1531
-1538
-1341
-1182
-1164
-1259
-1306
-1201
-961
-847
-1016
-1188
-1102
-835
-760
-880
-965
-846
-636
-463
-423
-460
-350
-132
56
57
81
245
487
604
611
665
863
1120
1236
1201
1188
1357
1642
1764
1622
1419
1437
1699
1831
1692
1425
1304
1310
1334
1230
1017
780
660
587
402
154
-4
-99
-308
-522
-600
-562
-599
-714
-845
-913
-843
-688
-689
-936
-1077
-866
-548
-549
-740
-823
-684
-519
-430
-505
-701
-757
-570
-373
-493
-702
-730
-556
-426
-416
-498
-584
-531
-416
-366
-420
-372
-223
-166
-206
-191
7
225
332
277
228
385
670
756
601
509
554
687
763
744
655
614
718
767
600
468
543
616
500
350
298
261
224
183
90
-60
-62
24
2
-168
-240
-181
-136
-163
-176
-229
-287
-204
-57
-30
-78
-15
87
136
168
216
148
43
62
85
29
-30
-7
-94
-227
-205
-78
-92
-247
-339
-384
-312
-193
-176
-361
-421
-229
-73
-99
-162
-115
-120
-135
-74
-17
-53
-60
-2
-35
-61
-21
-134
-385
-336
104
489
354
-71
-309
-186
54
71
-205
-475
-441
-342
-420
-638
-962
-1148
-605
540
1142
493
-581
-658
494
1530
1229
137
-186
636
1367
1069
194
3
670
1278
1101
514
173
214
274
166
73
59
39
10
-166
-514
-831
-839
-487
-189
-161
-350
-336
-292
-288
-317
-52
338
507
311
-30
-33
150
228
18
-18
97
243
135
-120
-275
-72
38
-17
-80
-71
-148
-388
-381
-583
-685
-730
-496
-501
-629
-780
-971
-853
-571
-498
-1153
-1265
-466
604
775
378
205
686
1532
2071
1825
1401
1269
1239
993
902
1123
1133
718
182
8
146
162
-229
-605
-662
-457
-339
-585
-1005
-1238
-1113
-749
-407
-290
-399
-400
-244
-30
-12
-100
-93
94
355
348
251
158
147
92
129
221
122
-289
-657
-679
-425
-113
-248
-679
-830
-526
-284
-441
-607
-678
-623
-523
-441
-486
-735
-1018
-869
-74
605
735
166
21
675
1721
1885
1405
1271
1624
1943
1756
1531
1511
1844
2080
1566
391
-348
-151
469
639
319
-511
-1022
-971
-609
-722
-1247
-1412
-1105
-691
-623
-708
-964
-1150
-1132
-849
-324
138
227
-150
-496
-412
-19
142
67
47
53
32
-3
-55
-258
-554
-573
-318
-215
-686
-1486
-1929
-1539
-669
-268
-635
-1178
-1108
-506
-25
-111
-409
-325
209
708
779
495
283
530
1089
1637
2094
2071
1582
1183
1173
1475
1932
2121
1906
1525
1460
1735
1977
1768
1159
193
-658
-501
369
870
309
-909
-1894
-1773
-816
-201
-644
-1523
-1777
-1236
-487
-248
-773
-1464
-1462
-661
238
586
297
-197
-450
-297
65
288
183
-135
-419
-531
-514
-514
-755
-1180
-1417
-1356
-1316
-1707
-2332
-2662
-2293
-1453
-880
-992
-1347
-1208
-597
25
235
232
359
880
1456
1523
1122
874
1135
1642
2192
2431
2157
1619
1357
1550
1831
1977
1942
1821
1776
1980
2353
2340
1593
172
-1013
-1037
207
1341
1042
-576
-2030
-2080
-1131
-402
-597
-1154
-1342
-799
-47
263
-207
-911
-1104
-571
383
1191
1408
902
119
-374
-295
78
283
110
-305
-696
-859
-985
-1363
-1920
-2261
-2361
-2557
-2875
-2996
-2691
-2158
-1751
-1798
-2085
-1910
-1055
-201
34
-69
88
641
1240
1548
1399
1138
1121
1528
2033
2364
2327
1961
1527
1433
1667
1890
1930
1838
1904
2081
2433
2390
1598
-159
-1512
-1565
-198
1073
1104
-181
-1531
-1727
-1126
-630
-921
-1103
-828
88
863
1132
635
-71
-419
-218
507
1473
2235
2089
1214
254
-109
-1
143
-91
-567
-855
-665
-466
-908
-1883
-2759
-3147
-3304
-3275
-3102
-2725
-2317
-1973
-1911
-1968
-1708
-1089
-572
-395
-148
396
1022
1275
1079
676
544
861
1300
1522
1545
1531
1510
1429
1294
1130
1028
1147
1356
1507
1616
1910
2122
1588
33
-1592
-1942
-827
514
753
-146
-1122
-1061
-438
-224
-771
-1157
-785
197
1136
1610
1527
1071
587
258
376
1016
1902
2372
2097
1395
919
849
704
123
-735
-1132
-812
-226
-170
-839
-1745
-2493
-3053
-3641
-3862
-3447
-2334
-1342
-1008
-1309
-1474
-1205
-896
-805
-735
-210
573
1379
1581
1128
377
-53
-74
207
669
938
1017
992
1169
1129
922
506
330
397
921
1766
2314
1976
457
-1176
-1984
-1264
-182
242
-462
-979
-478
531
705
-227
-1165
-1317
-451
741
1703
1960
1835
1435
928
637
842
1256
1408
1353
1333
1518
1740
1633
829
-396
-1262
-1245
-700
-339
-487
-902
-1400
-2005
-2804
-3356
-3464
-2928
-2207
-1480
-995
-438
-76
-247
-796
-1130
-863
-297
406
845
1030
868
636
244
-33
-105
-28
62
375
873
1216
1238
1067
807
655
694
1173
1673
1810
990
-251
-1083
-866
-199
-67
-613
-1209
-819
-20
479
9
-573
-931
-603
28
732
1172
1300
1218
970
952
1150
1357
1189
905
761
997
1419
1529
1015
33
-802
-1149
-1084
-914
-960
-1191
-1544
-1855
-2298
-2703
-3051
-3049
-2638
-1847
-947
-261
123
128
74
-63
-148
-235
9
406
792
911
834
604
423
257
91
-56
196
681
1162
1262
1282
1197
1205
1223
1467
1822
1886
1304
165
-502
-554
-126
-305
-746
-1184
-667
82
505
142
-272
-483
-473
-191
372
1013
1253
1222
1023
1078
1225
1224
803
355
243
516
875
1017
759
105
-734
-1381
-1609
-1525
-1591
-1859
-2114
-2114
-2170
-2388
-2781
-3034
-2911
-2400
-1649
-886
-125
322
547
405
206
-23
2
35
154
407
746
890
772
590
311
98
62
380
727
1202
1519
1694
1638
1650
1802
1957
1954
1310
472
-172
12
206
98
-520
-831
-527
175
564
460
276
112
22
110
531
909
990
908
965
1294
1593
1390
760
242
107
114
128
191
199
-71
-611
-1101
-1374
-1607
-2028
-2495
-2618
-2457
-2339
-2531
-2722
-2796
-2545
-2261
-1824
-1297
-527
81
431
605
629
417
25
-193
-206
12
178
330
405
540
484
230
49
195
505
778
1104
1482
1832
2026
2168
2314
2230
1650
689
176
189
418
140
-265
-499
-153
310
561
567
565
531
330
371
696
986
822
664
832
1377
1732
1621
1133
695
396
99
-43
-7
-65
-467
-906
-1076
-1076
-1317
-1910
-2527
-2816
-2838
-2867
-2852
-2700
-2501
-2304
-2038
-1572
-987
-481
-209
44
417
621
423
88
-52
-178
-321
-349
-116
234
472
418
218
162
326
459
606
997
1522
1994
2184
2497
2679
2485
1459
385
3
95
208
-220
-469
-685
-212
145
469
405
477
365
249
476
814
846
509
524
874
1418
1692
1659
1358
1003
564
232
75
10
-414
-902
-1171
-1025
-1005
-1255
-1826
-2265
-2506
-2695
-2857
-2900
-2703
-2562
-2154
-1650
-1003
-582
-174
170
576
873
894
629
372
193
-80
-398
-374
-46
321
520
536
470
425
436
353
462
756
1253
1635
2065
2415
2527
1969
851
-110
-398
-295
-397
-708
-936
-846
-415
26
233
199
170
183
361
743
909
686
344
395
707
1114
1387
1469
1372
1169
815
426
149
-218
-789
-1293
-1362
-1165
-1052
-1177
-1456
-1744
-1984
-2244
-2512
-2653
-2558
-2262
-1710
-1102
-514
-58
393
801
1145
1260
1123
915
724
429
-86
-452
-498
-238
108
473
700
806
833
803
729
701
809
1021
1328
1806
2333
2371
1682
559
-83
-444
-602
-1017
-1251
-1462
-1156
-644
-145
52
86
53
90
493
853
839
438
248
267
501
731
962
1001
1006
849
741
556
232
-490
-1216
-1654
-1726
-1634
-1539
-1483
-1537
-1450
-1546
-1760
-2151
-2367
-2485
-2222
-1643
-1049
-543
-58
571
1032
1364
1394
1319
1192
1072
659
109
-259
-337
-192
189
624
935
1177
1430
1511
1515
1402
1308
1230
1480
1898
2138
1804
961
267
-106
-294
-765
-1188
-1492
-1489
-1238
-791
-421
-216
-90
-31
288
791
1089
907
628
514
505
567
642
628
547
519
549
578
488
-31
-833
-1565
-1951
-2190
-2285
-2332
-2218
-1994
-1658
-1644
-1897
-2278
-2505
-2450
-2101
-1539
-1103
-471
204
996
1370
1655
1612
1580
1439
1311
918
464
120
1
111
394
699
950
1279
1614
1881
1953
1904
1717
1607
1671
1774
1495
743
4
-257
-299
-493
-897
-1138
-1203
-1009
-746
-402
-145
62
142
365
865
1279
1360
1154
1040
990
1060
1002
774
468
245
103
47
54
-191
-740
-1329
-1690
-2008
-2325
-2625
-2779
-2664
-2336
-2044
-2115
-2296
-2460
-2281
-2022
-1591
-1309
-853
-215
608
1185
1472
1570
1476
1389
1260
1083
589
155
-100
-45
147
390
542
732
1132
1566
1871
1932
1952
1820
1824
1869
1576
747
-234
-608
-728
-677
-958
-1021
-1057
-684
-374
-48
190
340
376
504
997
1416
1565
1430
1396
1456
1574
1511
1253
899
553
210
-24
-182
-463
-966
-1381
-1610
-1791
-2055
-2359
-2591
-2655
-2474
-2203
-2277
-2472
-2556
-2225
-1867
-1428
-1141
-744
-139
661
1275
1503
1599
1466
1323
1161
998
460
-74
-328
-220
-57
146
182
356
712
1204
1426
1612
1698
1720
1757
1817
1460
470
-467
-958
-1094
-1145
-1220
-1234
-1106
-655
-215
137
385
585
650
862
1323
1683
1729
1650
1651
1710
1782
1775
1570
1227
855
437
92
-168
-585
-1162
-1562
-1697
-1793
-1964
-2173
-2378
-2432
-2298
-2105
-2192
-2359
-2442
-2188
-1784
-1307
-981
-626
-51
685
1290
1565
1657
1541
1407
1211
932
388
-108
-403
-365
-222
-47
14
202
507
921
1204
1405
1509
1623
1807
1828
1334
284
-666
-1225
-1485
-1661
-1696
-1598
-1264
-690
-53
306
530
663
751
919
1269
1539
1580
1581
1665
1794
1923
1972
1795
1481
1073
635
209
-189
-746
-1334
-1700
-1803
-1842
-1885
-1993
-2132
-2147
-2011
-1883
-2038
-2301
-2433
-2166
-1728
-1219
-854
-436
168
934
1496
1714
1730
1607
1421
1198
898
386
-133
-380
-359
-197
-33
46
189
547
1038
1291
1469
1543
1739
1906
1872
1103
13
-847
-1356
-1831
-2139
-2177
-2052
-1568
-710
104
560
852
1016
1106
1249
1401
1333
1224
1272
1415
1596
1843
1928
1787
1536
1203
714
169
-432
-1155
-1798
-2160
-2270
-2299
-2225
-2189
-2111
-1920
-1593
-1584
-1880
-2269
-2363
-2153
-1802
-1404
-1037
-389
444
1356
1838
2019
1906
1732
1506
1233
698
108
-266
-305
-215
-12
110
287
609
1173
1565
1757
1816
1890
2068
1992
1430
307
-492
-1071
-1503
-2039
-2242
-2309
-2022
-1364
-499
203
673
993
1245
1529
1695
1526
1213
1052
1078
1218
1466
1671
1712
1671
1517
1212
722
47
-848
-1698
-2270
-2559
-2720
-2735
-2668
-2463
-2085
-1615
-1400
-1554
-1884
-2121
-2138
-2027
-1834
-1664
-1215
-387
639
1452
1953
2144
2148
2021
1691
1064
355
-142
-328
-339
-202
56
415
820
1284
1711
2057
2208
2227
2311
2180
1480
320
-578
-1163
-1635
-2079
-2268
-2215
-1828
-1134
-388
240
745
1142
1408
1690
1868
1745
1419
1169
1076
1154
1316
1447
1501
1551
1543
1400
1057
420
-478
-1400
-2136
-2694
-3049
-3192
-3171
-2946
-2452
-1805
-1573
-1685
-1854
-1781
-1760
-1771
-1822
-1792
-1420
-705
92
728
1320
1704
1906
2008
1784
1053
276
-137
-307
-383
-293
-50
481
1200
1821
2119
2372
2478
2525
2399
1917
879
-180
-925
-1549
-2070
-2371
-2405
-2253
-1611
-743
92
679
1083
1306
1598
1869
1867
1678
1526
1410
1322
1370
1450
1456
1430
1354
1249
1167
935
300
-511
-1207
-1778
-2340
-2831
-3162
-3228
-2964
-2573
-2271
-1987
-1694
-1480
-1284
-1150
-1176
-1213
-1065
-845
-605
-219
197
515
824
1119
1185
1087
944
713
430
216
27
-20
274
724
1247
1778
2318
2575
2798
2709
2028
806
-248
-1059
-1781
-2366
-2767
-2924
-2646
-1830
-941
-109
627
1288
1764
2161
2301
2073
1614
1238
965
896
993
1144
1297
1542
1736
1741
1556
1136
446
-338
-1039
-1641
-2142
-2526
-2781
-2820
-2585
-2398
-2315
-2141
-1742
-1410
-1096
-818
-699
-636
-491
-390
-344
-208
-132
-65
213
526
573
545
657
744
837
914
813
779
950
1209
1318
1571
1814
2190
2437
2174
1228
316
-384
-1281
-2215
-2947
-3348
-3356
-2625
-1680
-767
123
1014
1725
2357
2715
2498
1918
1393
947
613
383
285
342
705
1132
1469
1654
1566
1043
311
-435
-1209
-2021
-2723
-3102
-3066
-2645
-2324
-2082
-1740
-1233
-887
-613
-433
-403
-366
-172
52
120
140
109
134
297
401
267
155
258
369
472
608
726
944
1326
1696
1825
1940
2084
2204
1894
1126
166
-434
-932
-1479
-2086
-2507
-2701
-2476
-1940
-1386
-851
-195
618
1442
2192
2571
2569
2310
1957
1488
970
470
110
-29
9
162
470
764
779
558
267
-162
-799
-1537
-2233
-2744
-2941
-3025
-2962
-2559
-1824
-1131
-455
120
488
657
766
694
474
311
169
65
91
137
58
56
161
280
379
457
492
663
1024
1288
1448
1652
2020
2183
1813
980
171
-482
-1223
-1989
-2644
-3006
-2931
-2277
-1483
-748
-53
662
1296
1902
2226
2158
1951
1778
1566
1364
1178
897
666
594
510
378
352
190
-197
-541
-768
-1046
-1402
-1718
-2026
-2137
-2129
-2166
-2173
-1966
-1655
-1314
-732
-183
302
794
1208
1291
1265
1160
832
486
241
-18
-234
-232
-92
48
276
429
614
966
1336
1437
1524
1774
1708
1147
335
-346
-1045
-1656
-2170
-2610
-2874
-2710
-2098
-1416
-782
-230
400
1097
1809
2242
2363
2278
2050
1770
1506
1129
607
347
417
525
546
613
521
229
-153
-547
-1062
-1612
-2144
-2479
-2509
-2452
-2356
-2030
-1383
-853
-311
277
769
1006
1144
1167
1034
912
705
522
413
359
247
206
227
181
213
337
444
579
862
1123
1269
1530
1539
1023
177
-453
-1062
-1690
-2327
-2857
-3227
-3092
-2462
-1754
-1020
-288
462
1220
2024
2423
2367
2082
1730
1291
940
684
467
395
525
696
841
916
710
215
-262
-634
-1063
-1541
-1924
-2280
-2568
-2552
-2274
-1985
-1618
-982
-216
487
1108
1594
1850
1915
1799
1539
1239
907
441
112
-5
-33
-77
114
381
664
1095
1468
1618
1571
1659
1402
733
-284
-1105
-1773
-2253
-2641
-2872
-2919
-2702
-2176
-1542
-897
-343
174
677
1254
1650
1797
1704
1505
1192
922
660
375
201
212
236
250
303
255
38
-175
-424
-792
-1218
-1583
-2050
-2425
-2513
-2363
-2093
-1507
-725
61
882
1629
1971
2012
1989
1783
1414
1081
725
381
362
520
641
721
938
1143
1421
1640
1651
1568
1567
1456
916
195
-559
-1171
-1824
-2352
-2832
-3097
-3116
-2792
-2248
-1614
-847
-69
744
1439
1970
2112
1931
1547
1084
618
145
-320
-611
-598
-486
-379
-188
-72
-189
-426
-600
-898
-1319
-1834
-2316
-2611
-2506
-2190
-1754
-1076
-250
609
1480
2179
2361
2293
2128
1783
1327
940
505
177
181
352
519
809
1097
1380
1736
2043
2107
2127
2157
1743
953
10
-864
-1704
-2256
-2656
-2933
-2913
-2529
-1848
-1097
-371
141
645
1079
1404
1529
1443
1109
724
461
252
26
-102
-94
-109
-162
-266
-423
-805
-1271
-1744
-2144
-2588
-3037
-3227
-3194
-2899
-2548
-1916
-1206
-334
559
1459
2144
2588
2866
2909
2778
2396
1832
1210
745
369
175
235
434
658
1104
1728
2214
2486
2681
2557
1921
862
-282
-1326
-2240
-2955
-3428
-3433
-3049
-2203
-1162
-107
753
1532
2174
2522
2503
2154
1578
883
287
-168
-522
-811
-862
-708
-497
-336
-242
-330
-655
-1058
-1559
-2223
-2897
-3403
-3739
-3845
-3640
-3244
-2607
-1655
-632
265
1170
2015
2504
2721
2724
2439
2011
1628
1254
860
726
754
955
1363
1823
2212
2573
2920
2951
2670
1893
794
-358
-1299
-2252
-3063
-3524
-3622
-3304
-2511
-1488
-542
411
1364
2204
2798
3072
2926
2539
2035
1493
895
299
-252
-591
-716
-760
-819
-887
-1008
-1283
-1600
-1929
-2297
-2792
-3239
-3481
-3457
-3126
-2560
-1818
-1019
-55
918
1688
2080
2109
1829
1423
934
392
-129
-422
-492
-230
277
878
1489
2119
2775
3201
3408
3013
2193
1155
192
-841
-1763
-2472
-2992
-3070
-2601
-1847
-1114
-314
528
1271
1906
2322
2415
2232
1873
1467
1035
628
157
-170
-259
-230
-121
-36
-39
-317
-666
-1048
-1408
-1993
-2646
-3068
-3200
-3031
-2605
-1969
-1346
-437
630
1561
2153
2493
2439
2143
1783
1199
501
-36
-424
-617
-426
-60
216
616
1090
1387
1279
833
0
-863
-1611
-2276
-2806
-3051
-2937
-2402
-1388
-259
810
1825
2693
3336
3681
3696
3216
2508
1671
860
36
-640
-1078
-1244
-1213
-1056
-877
-775
-713
-670
-778
-1067
-1504
-1858
-2024
-2016
-1938
-1680
-1215
-573
179
919
1461
1801
2037
2123
2044
1786
1446
1094
886
753
686
695
707
785
943
1130
984
552
-89
-711
-1385
-2026
-2649
-3168
-3526
-3464
-3001
-2361
-1716
-936
-23
888
1686
2304
2656
2736
2637
2432
2094
1607
1034
583
220
-196
-606
-874
-1089
-1288
-1340
-1466
-1676
-1830
-1754
-1714
-1561
-1380
-1088
-658
-89
370
765
1156
1365
1538
1656
1680
1552
1548
1529
1413
1351
1343
1363
1412
1552
1537
1280
753
151
-441
-1064
-1778
-2420
-2852
-3036
-2867
-2410
-1828
-1190
-425
330
1020
1519
1742
1640
1374
982
527
1
-548
-983
-1242
-1294
-1238
-1018
-818
-586
-531
-540
-599
-614
-735
-798
-775
-694
-431
-9
401
675
1072
1430
1724
1898
1908
1744
1621
1452
1184
924
733
581
656
882
1008
937
720
427
42
-343
-953
-1535
-2062
-2308
-2330
-2065
-1712
-1267
-626
52
763
1349
1784
1911
1890
1691
1319
782
126
-512
-1042
-1449
-1765
-1904
-1905
-1911
-1896
-1752
-1582
-1470
-1377
-1218
-1107
-934
-678
-458
-273
66
505
916
1368
1737
1962
2191
2398
2393
2320
2226
2048
1916
1961
1897
1652
1236
720
110
-395
-939
-1519
-2060
-2428
-2558
-2369
-1985
-1579
-1052
-430
239
852
1360
1535
1495
1325
1118
739
235
-279
-608
-838
-965
-973
-949
-1040
-1118
-1064
-1070
-1170
-1262
-1223
-1163
-968
-765
-534
-307
-21
276
588
851
923
963
1011
1021
929
898
865
838
996
1269
1553
1617
1467
1088
789
436
-46
-517
-946
-1316
-1498
-1240
-1019
-722
-297
309
809
1325
1685
1707
1487
1117
598
-86
-838
-1549
-2052
-2349
-2487
-2387
-2160
-1899
-1506
-1010
-564
-293
-58
93
263
357
376
386
433
521
691
966
1123
1264
1420
1544
1537
1470
1315
1102
925
768
675
501
166
-335
-637
-931
-1203
-1469
-1565
-1676
-1567
-1201
-744
-246
249
793
1296
1852
2117
2223
2080
1801
1254
665
12
-733
-1336
-1793
-2080
-2365
-2497
-2571
-2479
-2314
-2085
-1857
-1590
-1242
-796
-317
81
454
831
1192
1492
1731
1860
1951
1938
1937
1893
1797
1571
1402
1347
1213
1150
953
637
96
-262
-667
-1056
-1416
-1709
-1870
-1784
-1472
-1125
-674
-161
322
843
1373
1702
1776
1648
1410
992
589
37
-425
-810
-1071
-1291
-1457
-1562
-1707
-1708
-1760
-1791
-1890
-1894
-1791
-1603
-1353
-1024
-575
-137
374
918
1386
1709
1971
2112
2168
2112
2008
1830
1732
1584
1431
1306
1003
570
83
-250
-849
-1337
-1702
-1845
-1858
-1580
-1133
-720
-42
597
1197
1533
1779
1709
1474
1107
563
22
-460
-849
-1091
-1110
-1111
-1039
-815
-630
-605
-601
-717
-934
-1142
-1295
-1477
-1526
-1402
-1165
-780
-300
176
604
1011
1266
1427
1482
1438
1251
1139
1008
981
994
1133
1096
964
776
577
340
-43
-372
-800
-985
-1085
-895
-704
-360
-17
401
847
1071
1137
1011
799
359
-22
-449
-870
-1166
-1367
-1453
-1404
-1228
-1116
-908
-662
-583
-516
-471
-513
-613
-602
-587
-527
-309
-116
125
422
689
853
1059
1187
1130
1136
1099
1076
1036
1096
1019
880
694
438
241
-21
-255
-552
-687
-775
-699
-566
-379
-138
106
406
630
792
770
679
486
269
0
-241
-526
-763
-886
-924
-937
-933
-848
-816
-729
-648
-583
-627
-645
-679
-685
-678
-668
-618
-505
-351
-173
72
292
509
710
900
1020
1159
1280
1383
1439
1378
1213
990
792
546
334
134
-59
-161
-156
-97
-101
-20
32
79
136
157
88
-58
-165
-325
-430
-569
-712
-767
-727
-648
-603
-475
-419
-350
-260
-184
-194
-255
-269
-318
-299
-348
-379
-389
-347
-305
-253
-184
-169
-121
-66
-37
-4
91
222
385
579
751
807
830
794
752
645
559
442
366
326
348
405
473
579
601
647
631
574
374
170
-80
-346
-620
-842
-971
-1016
-983
-889
-743
-634
-542
-441
-360
-364
-392
-432
-421
-396
-345
-245
-118
23
209
389
485
531
544
478
370
268
173
115
118
149
199
289
307
282
197
100
-45
-136
-264
-398
-445
-395
-275
-121
74
223
379
481
526
484
366
186
10
-140
-265
-319
-277
-189
-97
8
88
124
93
7
-156
-344
-520
-677
-768
-785
-730
-614
-402
-123
141
356
506
629
696
722
697
672
625
593
598
625
623
563
512
420
293
142
-11
-180
-351
-464
-556
-582
-591
-569
-557
-544
-563
-573
-584
-631
-669
-662
-615
-517
-344
-141
52
259
433
556
618
597
503
359
191
15
-135
-253
-322
-333
-264
-177
-57
69
200
272
342
368
377
355
351
342
350
365
403
459
508
568
602
629
618
591
527
469
366
235
97
-48
-224
-403
-589
-780
-944
-1071
-1174
-1225
-1192
-1099
-948
-754
-540
-329
-112
70
195
269
281
251
205
171
106
50
29
45
96
158
218
241
278
272
249
164
69
-42
-118
-180
-222
-222
-183
-91
38
203
345
506
676
823
908
963
971
938
851
701
501
265
20
-228
-438
-631
-789
-873
-882
-831
-742
-632
-525
-422
-344
-296
-259
-271
-313
-336
-337
-331
-290
-232
-158
-58
69
204
326
414
466
503
474
407
312
203
66
-44
-124
-200
-228
-216
-154
-70
42
143
271
405
499
559
578
558
491
421
308
168
18
-129
-231
-290
-337
-370
-344
-303
-242
-161
-96
-81
-89
-114
-144
-177
-223
-275
-300
-302
-277
-218
-181
-141
-103
-26
38
111
155
189
222
227
226
189
143
73
39
-6
-57
-98
-120
-102
-79
-22
27
131
228
361
468
571
614
639
619
541
417
244
62
-122
-281
-431
-500
-537
-518
-464
-370
-289
-226
-200
-200
-226
-287
-361
-434
-481
-492
-437
-346
-245
-140
-11
115
221
288
321
325
321
305
273
230
186
157
144
133
96
57
20
-5
-30
-34
-33
6
82
200
341
468
569
638
665
632
541
400
225
32
-142
-276
-361
-411
-407
-361
-298
-221
-157
-124
-134
-178
-261
-347
-428
-487
-520
-500
-442
-348
-232
-120
-39
23
57
46
15
-51
-128
-206
-238
-260
-239
-213
-156
-71
16
88
141
195
223
263
303
362
417
507
623
736
831
877
886
840
743
587
399
192
-16
-186
-309
-393
-456
-465
-447
-410
-370
-345
-339
-337
-333
-336
-316
-294
-261
-201
-114
-36
29
77
116
136
124
75
22
-48
-137
-219
-296
-375
-438
-473
-495
-503
-497
-465
-396
-300
-198
-82
45
185
331
469
588
695
778
847
887
894
868
815
744
658
545
418
285
147
9
-132
-273
-398
-496
-572
-623
-645
-632
-588
-514
-434
-351
-272
-191
-128
-79
-37
-4
25
50
84
115
150
178
191
177
137
80
10
-101
-237
-364
-452
-511
-529
-505
-441
-341
-204
-53
81
193
288
374
436
479
513
548
582
620
654
676
674
648
599
501
364
208
36
-142
-304
-442
-550
-602
-627
-601
-565
-516
-474
-421
-395
-370
-354
-342
-316
-277
-211
-123
-4
97
214
307
382
408
410
341
241
111
-15
-139
-236
-307
-347
-324
-287
-219
-149
-72
-25
42
89
124
168
216
267
338
417
482
559
620
653
673
668
614
539
448
332
213
95
-38
-154
-249
-345
-429
-508
-585
-645
-693
-740
-763
-757
-736
-687
-605
-520
-419
-294
-177
-57
54
161
253
337
402
446
480
492
481
439
382
301
215
112
16
-69
-135
-172
-174
-151
-115
-56
1
46
69
82
74
78
88
103
140
199
287
381
475
541
576
574
530
447
329
190
30
-123
-259
-363
-449
-506
-551
-562
-565
-566
-565
-559
-563
-571
-559
-541
-500
-444
-361
-258
-135
-12
121
245
344
414
456
470
454
420
374
318
264
210
162
125
89
43
6
-26
-65
-91
-111
-115
-103
-57
-3
76
148
215
268
310
313
302
268
210
153
101
56
10
-5
-33
-54
-83
-122
-171
-213
-281
-351
-393
-414
-399
-359
-291
-201
-81
33
133
208
251
253
229
183
116
60
15
-13
-20
-8
6
24
32
17
-20
-74
-136
-197
-241
-267
-265
-230
-163
-79
21
119
206
282
329
349
347
328
297
258
218
179
147
110
75
34
-18
-88
-164
-258
-358
-452
-533
-583
-600
-577
-518
-413
-289
-148
-9
123
226
309
363
403
429
448
466
492
520
538
556
552
523
464
378
256
116
-41
-198
-340
-462
-555
-610
-612
-580
-510
-416
-306
-195
-96
-19
37
67
81
79
71
66
79
106
147
190
231
261
269
242
174
75
-54
-193
-327
-445
-532
-574
-577
-537
-469
-387
-297
-201
-115
-47
16
81
131
187
247
296
352
401
436
466
487
488
485
471
446
413
376
326
283
242
193
151
114
63
5
-55
-123
-187
-241
-292
-333
-352
-349
-334
-298
-258
-216
-176
-138
-100
-73
-68
-69
-59
-60
-59
-53
-39
-30
-12
-5
-3
-15
-36
-77
-120
-163
-209
-253
-291
-308
-309
-299
-281
-243
-197
-137
-69
4
74
143
209
276
341
402
457
507
551
574
578
567
533
478
403
318
231
147
66
-1
-52
-94
-124
-147
-163
-178
-190
-207
-235
-275
-308
-334
-349
-352
-337
-290
-222
-138
-53
25
82
114
119
90
38
-31
-105
-173
-233
-282
-303
-299
-284
-255
-214
-172
-127
-81
-44
-6
28
68
113
169
222
279
341
400
445
473
490
485
458
413
352
275
194
105
17
-68
-135
-184
-219
-238
-246
-243
-229
-206
-194
-187
-179
-164
-144
-113
-71
-22
35
92
147
183
206
209
188
139
80
3
-73
-143
-212
-273
-324
-357
-378
-381
-372
-349
-315
-259
-197
-123
-45
44
133
217
297
372
440
490
526
531
523
505
471
409
336
246
152
57
-42
-145
-240
-319
-381
-426
-461
-483
-485
-459
-414
-360
-295
-211
-119
-28
59
145
216
273
314
336
341
336
313
273
226
168
104
33
-33
-100
-159
-208
-241
-270
-279
-266
-233
-185
-117
-47
24
96
157
207
237
254
253
246
228
213
193
171
148
125
94
61
20
-37
-97
-164
-237
-315
-385
-444
-475
-479
-455
-404
-322
-220
-113
-4
94
171
224
252
257
244
218
184
145
109
82
60
47
36
29
23
17
14
10
1
-2
1
8
22
46
71
98
129
160
186
211
230
237
229
212
185
140
85
26
-43
-115
-181
-244
-298
-347
-383
-408
-415
-408
-391
-367
-327
-273
-217
-153
-80
-3
72
153
224
285
332
363
372
360
323
276
219
152
85
23
-31
-65
-85
-97
-98
-82
-59
-35
-11
14
39
58
74
83
84
87
94
97
95
99
104
103
93
76
49
11
-33
-86
-145
-204