SAMPLES:	11125
BITSPERSAMPLE:	16
CHANNELS:	1
SAMPLERATE:	16000
NORMALIZED:	FALSE
20
22
23
25
24
24
23
23
22
19
17
14
11
10
7
2
0
-5
-7
-9
-12
-14
-18
-21
-23
-25
-27
-28
-28
-30
-28
-28
-25
-25
-25
-24
-21
-18
-15
-13
-9
-6
-3
0
1
3
6
9
10
11
11
14
17
20
24
26
27
28
28
28
27
26
24
22
19
18
16
14
12
9
5
-1
-5
-7
-11
-15
-20
-24
-26
-27
-28
-30
-34
-37
-38
-38
-38
-36
-32
-30
-26
-22
-18
-14
-11
-5
-1
4
8
13
15
20
22
23
26
27
30
31
30
29
27
27
27
27
25
24
23
21
18
16
11
8
4
0
-4
-8
-12
-15
-17
-21
-23
-28
-30
-33
-35
-35
-35
-33
-33
-32
-29
-27
-24
-22
-22
-23
-21
-19
-14
-10
-5
1
8
14
21
25
30
34
40
45
49
54
58
59
60
60
59
59
58
55
52
47
43
40
35
28
23
17
11
4
-6
-15
-24
-32
-41
-48
-55
-59
-65
-69
-73
-75
-78
-79
-82
-83
-82
-78
-73
-70
-66
-61
-51
-40
-27
-15
0
15
32
49
64
78
91
105
115
125
132
142
154
164
173
178
181
185
185
183
178
169
156
142
123
105
85
64
43
19
-7
-35
-62
-90
-119
-149
-179
-205
-227
-248
-265
-278
-288
-295
-298
-302
-303
-302
-297
-290
-283
-273
-263
-250
-230
-208
-183
-156
-127
-97
-63
-26
12
50
86
122
162
203
244
282
316
349
378
403
423
438
447
454
457
456
448
436
419
398
372
340
308
269
229
185
136
85
32
-23
-78
-134
-188
-241
-296
-349
-401
-447
-489
-527
-558
-584
-601
-612
-619
-622
-619
-612
-601
-584
-561
-534
-500
-460
-414
-362
-301
-234
-165
-91
-10
74
158
241
321
401
477
548
615
675
729
776
815
847
871
886
897
897
890
874
850
819
780
733
678
615
542
462
382
300
217
129
38
-52
-136
-217
-299
-382
-462
-537
-608
-679
-747
-812
-869
-918
-961
-999
-1032
-1058
-1080
-1096
-1107
-1109
-1101
-1081
-1050
-1005
-948
-881
-805
-720
-625
-520
-406
-289
-165
-40
92
229
364
493
617
737
853
961
1058
1144
1221
1286
1341
1382
1410
1425
1426
1416
1390
1350
1298
1232
1154
1062
957
845
729
611
487
359
227
99
-26
-147
-269
-390
-506
-612
-712
-808
-901
-991
-1076
-1150
-1217
-1277
-1332
-1380
-1418
-1444
-1458
-1465
-1463
-1446
-1409
-1351
-1280
-1196
-1096
-979
-847
-706
-559
-408
-253
-96
62
216
366
514
658
793
914
1025
1130
1227
1307
1370
1418
1460
1488
1500
1490
1465
1431
1388
1329
1253
1162
1062
953
832
697
552
408
274
149
23
-110
-247
-377
-492
-599
-700
-797
-886
-967
-1044
-1122
-1190
-1246
-1288
-1321
-1349
-1368
-1374
-1365
-1342
-1306
-1255
-1190
-1106
-1006
-895
-775
-647
-511
-362
-205
-42
122
284
443
604
762
907
1035
1146
1248
1341
1415
1461
1487
1506
1518
1518
1499
1463
1423
1384
1336
1261
1154
1035
917
798
671
530
380
231
97
-28
-148
-264
-371
-468
-559
-645
-721
-790
-854
-915
-975
-1032
-1081
-1132
-1192
-1254
-1304
-1341
-1372
-1407
-1453
-1494
-1513
-1509
-1489
-1465
-1429
-1370
-1281
-1164
-1036
-902
-757
-591
-412
-235
-68
93
258
431
597
747
888
1032
1173
1299
1410
1511
1599
1677
1741
1785
1803
1800
1787
1767
1744
1711
1655
1574
1474
1354
1220
1082
942
793
629
456
291
147
26
-76
-174
-277
-377
-467
-551
-632
-710
-791
-878
-965
-1055
-1151
-1253
-1349
-1433
-1508
-1586
-1671
-1753
-1810
-1834
-1840
-1833
-1822
-1795
-1743
-1667
-1573
-1462
-1332
-1182
-1022
-868
-717
-547
-351
-150
38
213
394
595
812
1021
1204
1373
1537
1693
1837
1959
2064
2158
2243
2303
2328
2327
2318
2312
2290
2224
2109
1972
1839
1703
1536
1331
1110
889
676
476
289
103
-92
-284
-449
-577
-685
-798
-931
-1072
-1202
-1320
-1443
-1580
-1719
-1844
-1955
-2064
-2176
-2277
-2344
-2381
-2406
-2431
-2443
-2423
-2370
-2293
-2206
-2113
-2006
-1881
-1723
-1533
-1316
-1096
-879
-651
-405
-147
118
379
626
860
1098
1339
1566
1778
1988
2188
2356
2495
2624
2758
2876
2953
2983
2977
2954
2917
2852
2739
2585
2418
2250
2073
1874
1647
1398
1125
845
577
350
143
-77
-307
-517
-698
-853
-987
-1110
-1225
-1347
-1472
-1581
-1675
-1773
-1893
-2026
-2145
-2236
-2311
-2389
-2475
-2555
-2606
-2622
-2622
-2622
-2613
-2572
-2488
-2374
-2249
-2109
-1934
-1722
-1492
-1270
-1054
-832
-600
-352
-75
215
490
738
978
1231
1481
1729
1965
2168
2332
2484
2640
2781
2886
2962
3037
3108
3161
3179
3176
3149
3102
3012
2849
2613
2353
2114
1891
1640
1336
1004
694
446
232
12
-231
-477
-681
-829
-954
-1084
-1201
-1302
-1390
-1469
-1549
-1633
-1722
-1835
-1970
-2099
-2209
-2322
-2456
-2584
-2682
-2732
-2748
-2758
-2778
-2786
-2761
-2713
-2655
-2590
-2499
-2364
-2184
-1985
-1786
-1575
-1330
-1058
-797
-566
-338
-89
189
478
774
1066
1351
1638
1927
2199
2435
2632
2800
2938
3038
3102
3144
3193
3256
3333
3389
3393
3345
3300
3279
3234
3102
2856
2549
2245
1983
1739
1466
1140
785
465
226
37
-163
-403
-656
-867
-1000
-1087
-1173
-1276
-1387
-1491
-1583
-1696
-1854
-2044
-2230
-2371
-2489
-2645
-2838
-3019
-3133
-3181
-3220
-3288
-3376
-3430
-3420
-3359
-3288
-3218
-3136
-3002
-2796
-2539
-2275
-2029
-1787
-1517
-1215
-897
-582
-281
27
374
757
1132
1477
1799
2095
2370
2649
2923
3141
3283
3371
3463
3590
3735
3846
3893
3883
3879
3918
3979
3995
3911
3737
3519
3309
3096
2861
2571
2217
1832
1489
1224
989
726
393
48
-230
-430
-599
-793
-1008
-1211
-1368
-1496
-1633
-1811
-2044
-2271
-2457
-2631
-2842
-3052
-3214
-3336
-3470
-3639
-3795
-3866
-3845
-3807
-3829
-3909
-3950
-3869
-3692
-3500
-3374
-3306
-3200
-2964
-2625
-2281
-1984
-1726
-1440
-1052
-575
-116
256
599
987
1423
1831
2142
2388
2651
2952
3242
3471
3630
3767
3930
4127
4306
4439
4528
4589
4634
4669
4694
4689
4619
4449
4225
3978
3719
3423
3080
2682
2245
1826
1447
1099
764
418
39
-323
-634
-895
-1146
-1412
-1713
-2005
-2251
-2459
-2659
-2879
-3103
-3321
-3526
-3730
-3920
-4084
-4213
-4331
-4471
-4626
-4723
-4714
-4632
-4569
-4566
-4577
-4518
-4345
-4103
-3876
-3697
-3536
-3336
-3031
-2625
-2183
-1766
-1364
-932
-438
83
590
1061
1495
1933
2367
2762
3115
3446
3766
4071
4349
4588
4797
4983
5151
5305
5441
5565
5670
5746
5760
5712
5644
5576
5464
5245
4920
4543
4158
3757
3307
2804
2283
1759
1249
766
320
-100
-515
-943
-1353
-1708
-2008
-2292
-2597
-2916
-3210
-3449
-3642
-3843
-4072
-4302
-4503
-4657
-4811
-4976
-5144
-5264
-5324
-5343
-5369
-5381
-5330
-5211
-5076
-4971
-4866
-4706
-4457
-4151
-3843
-3567
-3274
-2902
-2439
-1930
-1432
-962
-473
64
632
1169
1651
2099
2554
3007
3417
3767
4076
4362
4625
4878
5100
5293
5446
5581
5704
5823
5918
5987
6035
6037
5972
5843
5683
5505
5287
5000
4637
4212
3766
3306
2825
2320
1781
1213
634
96
-390
-820
-1250
-1700
-2140
-2512
-2806
-3072
-3337
-3618
-3877
-4082
-4235
-4388
-4557
-4735
-4881
-4977
-5034
-5088
-5178
-5289
-5371
-5360
-5276
-5158
-5061
-4989
-4912
-4781
-4556
-4282
-4000
-3746
-3473
-3144
-2741
-2292
-1831
-1362
-873
-349
177
689
1174
1639
2097
2555
2996
3392
3739
4051
4359
4640
4893
5094
5244
5380
5517
5658
5773
5867
5922
5974
6012
6031
5968
5818
5610
5390
5171
4898
4532
4063
3569
3093
2648
2157
1584
972
398
-129
-626
-1121
-1614
-2081
-2506
-2901
-3254
-3562
-3834
-4072
-4280
-4433
-4539
-4620
-4733
-4853
-4955
-5001
-5000
-4994
-5007
-5068
-5134
-5182
-5147
-5032
-4863
-4717
-4616
-4512
-4336
-4042
-3701
-3372
-3093
-2804
-2457
-2017
-1541
-1072
-628
-177
291
746
1185
1604
2023
2417
2774
3090
3389
3674
3952
4197
4395
4555
4682
4791
4891
4994
5078
5142
5182
5218
5249
5278
5292
5273
5178
4991
4775
4573
4382
4129
3777
3323
2849
2412
2017
1588
1076
503
-57
-555
-1003
-1406
-1809
-2233
-2654
-3006
-3288
-3523
-3741
-3943
-4100
-4204
-4278
-4344
-4407
-4455
-4462
-4456
-4456
-4502
-4561
-4596
-4575
-4536
-4518
-4511
-4444
-4294
-4106
-3912
-3721
-3500
-3222
-2886
-2537
-2193
-1852
-1479
-1079
-654
-233
179
581
975
1352
1700
2021
2321
2619
2901
3162
3388
3599
3795
3971
4122
4258
4380
4483
4577
4656
4718
4747
4777
4804
4810
4796
4759
4679
4507
4295
4072
3897
3693
3421
3027
2579
2159
1804
1464
1021
488
-82
-563
-953
-1279
-1657
-2080
-2496
-2812
-3037
-3225
-3415
-3610
-3751
-3831
-3864
-3911
-3967
-4014
-4009
-3978
-3966
-4041
-4153
-4211
-4178
-4107
-4069
-4072
-4071
-3978
-3793
-3553
-3324
-3112
-2895
-2630
-2301
-1929
-1576
-1273
-999
-687
-323
66
429
738
1024
1336
1674
1980
2229
2439
2665
2920
3178
3359
3478
3608
3777
3941
4070
4171
4253
4323
4382
4422
4436
4430
4418
4404
4345
4193
3973
3772
3626
3489
3256
2884
2438
2028
1698
1395
1013
503
-55
-546
-916
-1249
-1617
-2039
-2454
-2799
-3032
-3209
-3383
-3539
-3650
-3685
-3675
-3649
-3666
-3686
-3697
-3658
-3613
-3627
-3729
-3836
-3844
-3761
-3684
-3678
-3705
-3674
-3521
-3312
-3103
-2949
-2785
-2571
-2274
-1948
-1629
-1356
-1108
-835
-521
-198
96
380
679
1010
1333
1606
1803
1991
2250
2576
2872
3057
3172
3302
3504
3718
3895
4029
4152
4275
4374
4452
4505
4560
4613
4663
4648
4533
4335
4148
4005
3877
3668
3321
2861
2407
2047
1747
1407
916
333
-229
-659
-1003
-1333
-1733
-2183
-2582
-2841
-2991
-3126
-3267
-3386
-3425
-3403
-3360
-3349
-3354
-3372
-3379
-3384
-3413
-3464
-3515
-3560
-3602
-3632
-3635
-3592
-3514
-3433
-3367
-3292
-3153
-2933
-2694
-2475
-2287
-2059
-1789
-1480
-1199
-957
-738
-488
-177
158
493
785
1047
1274
1528
1809
2115
2382
2585
2748
2925
3131
3327
3475
3589
3717
3862
4005
4103
4157
4206
4271
4332
4337
4248
4071
3882
3743
3639
3471
3184
2819
2416
2069
1786
1506
1103
587
39
-410
-732
-1018
-1382
-1834
-2232
-2477
-2574
-2656
-2756
-2864
-2914
-2912
-2856
-2815
-2823
-2853
-2851
-2814
-2819
-2887
-2976
-3000
-2981
-2959
-3010
-3073
-3085
-3000
-2892
-2802
-2742
-2668
-2516
-2296
-2057
-1888
-1732
-1544
-1285
-1021
-773
-559
-322
-34
313
658
922
1118
1317
1576
1848
2097
2270
2386
2494
2653
2815
2942
3025
3124
3254
3397
3486
3511
3523
3580
3674
3734
3702
3535
3325
3184
3138
3086
2936
2640
2246
1892
1658
1480
1202
760
227
-221
-522
-750
-1049
-1456
-1861
-2150
-2282
-2339
-2403
-2510
-2592
-2596
-2525
-2446
-2416
-2433
-2436
-2396
-2346
-2367
-2466
-2557
-2578
-2554
-2580
-2645
-2712
-2724
-2688
-2613
-2536
-2465
-2385
-2278
-2128
-1960
-1784
-1616
-1445
-1254
-1035
-817
-589
-332
-48
235
483
701
902
1134
1380
1622
1823
1979
2098
2196
2319
2461
2593
2693
2788
2915
3044
3136
3176
3198
3269
3398
3498
3450
3276
3083
2984
2994
3005
2858
2521
2112
1797
1622
1487
1215
749
219
-183
-431
-622
-887
-1274
-1668
-1935
-2013
-1999
-2026
-2133
-2217
-2189
-2077
-1984
-1969
-1999
-2019
-2020
-2013
-2034
-2141
-2311
-2412
-2380
-2341
-2390
-2474
-2537
-2528
-2420
-2283
-2238
-2235
-2151
-1969
-1791
-1641
-1500
-1362
-1186
-968
-743
-543
-318
-83
146
327
511
726
937
1117
1271
1408
1524
1666
1805
1919
1993
2077
2169
2280
2410
2558
2693
2793
2889
3010
3150
3225
3188
3040
2914
2880
2938
2918
2735
2422
2087
1838
1676
1504
1147
657
185
-107
-285
-487
-807
-1190
-1491
-1613
-1604
-1597
-1631
-1690
-1689
-1617
-1515
-1452
-1459
-1510
-1524
-1485
-1505
-1659
-1897
-2083
-2142
-2123
-2133
-2252
-2413
-2475
-2381
-2235
-2182
-2231
-2244
-2109
-1931
-1811
-1740
-1632
-1478
-1306
-1133
-964
-759
-534
-318
-127
70
249
402
556
745
957
1116
1222
1302
1423
1571
1740
1877
1957
2050
2205
2408
2573
2710
2805
2940
3081
3102
2973
2854
2869
2957
2953
2745
2427
2102
1884
1731
1560
1204
702
229
-43
-173
-330
-644
-1054
-1390
-1553
-1547
-1523
-1540
-1618
-1645
-1583
-1429
-1308
-1273
-1303
-1320
-1310
-1308
-1373
-1536
-1752
-1945
-2011
-1964
-1915
-1989
-2130
-2202
-2140
-2032
-1975
-1981
-1981
-1916
-1784
-1639
-1545
-1487
-1414
-1260
-1033
-809
-609
-398
-157
89
275
396
534
743
982
1149
1236
1325
1465
1616
1739
1800
1831
1944
2150
2358
2516
2630
2759
2934
3109
3146
3003
2858
2904
3069
3060
2771
2326
1967
1789
1704
1493
1037
510
126
-94
-266
-471
-790
-1209
-1555
-1698
-1675
-1616
-1619
-1670
-1659
-1539
-1379
-1313
-1305
-1278
-1229
-1190
-1204
-1304
-1493
-1702
-1824
-1819
-1792
-1840
-1949
-2026
-2012
-1932
-1904
-1960
-1993
-1890
-1710
-1572
-1514
-1501
-1452
-1311
-1109
-966
-873
-699
-383
-46
171
268
361
556
848
1119
1261
1340
1439
1566
1661
1751
1831
1919
2080
2307
2509
2659
2818
3043
3256
3252
3008
2728
2674
2804
2878
2696
2303
1858
1550
1426
1303
990
466
-29
-305
-375
-502
-782
-1181
-1540
-1710
-1709
-1654
-1654
-1673
-1659
-1552
-1405
-1349
-1418
-1433
-1325
-1158
-1078
-1116
-1252
-1460
-1677
-1786
-1825
-1834
-1853
-1870
-1882
-1896
-1837
-1844
-1894
-1859
-1696
-1476
-1380
-1323
-1282
-1255
-1168
-1044
-919
-758
-444
-41
282
469
625
718
885
1109
1392
1564
1659
1860
1978
2025
2051
2122
2248
2406
2637
2853
3005
3229
3457
3436
2953
2314
1942
2011
2167
2066
1605
1168
981
1028
988
537
-205
-871
-1001
-758
-518
-536
-867
-1355
-1634
-1583
-1486
-1552
-1577
-1353
-1070
-975
-959
-1178
-1485
-1573
-1224
-835
-737
-750
-973
-1408
-1979
-2419
-2787
-2921
-2708
-2341
-2169
-2122
-1976
-1916
-1911
-1885
-1675
-1416
-1044
-586
-304
-312
-504
-516
-328
15
524
1050
1415
1587
1706
1698
1546
1577
1906
2388
2771
3087
3107
2787
2541
2544
2665
2932
3477
4097
4545
4890
4465
2706
497
-425
96
-171
-1036
-1322
-723
-563
-822
-784
-1516
-3103
-4076
-3149
-1780
-740
47
-97
-1274
-1878
-1064
-534
-785
-693
415
970
900
661
-397
-2063
-2291
-933
-61
-192
-400
-767
-1855
-2568
-2843
-3248
-3773
-3134
-1934
-1238
-1195
-1049
-943
-1317
-963
-76
421
457
430
504
199
160
516
476
89
573
1718
2177
1824
1633
1691
1526
1920
2634
2971
2835
3185
3341
2953
2719
2979
3016
3124
3842
4759
5360
6133
5802
2364
-2396
-4506
-3485
-3311
-5467
-6989
-5504
-2436
165
839
-1549
-5139
-6032
-2649
1222
2673
2398
1512
384
104
510
-614
-3134
-3470
-571
1953
1401
-1358
-4289
-5938
-4834
-2089
-324
-460
-361
582
918
199
-644
-1116
-1654
-1640
-1033
-469
-787
-1746
-2724
-2620
-944
1594
3107
2306
240
-1024
-559
298
715
434
432
1040
2076
2411
1229
35
678
2864
4596
4925
3904
2712
2339
2983
3397
2915
2415
2752
3663
4036
3928
3887
4815
6154
5343
992
-4564
-7054
-6743
-7311
-8985
-8238
-3891
983
3492
2658
-1240
-5250
-5310
-967
3003
4187
4177
3582
1655
-1224
-3610
-5730
-6703
-4849
-1083
513
-1098
-3594
-5420
-6073
-4870
-1827
1050
2886
3939
3728
1535
-1357
-2838
-2842
-2220
-917
796
1474
489
-1272
-2878
-3672
-2825
-522
1627
2318
2297
2048
1369
477
95
597
1844
3523
4653
4011
2149
439
199
660
1718
3050
4029
4258
3672
3271
2602
2096
2236
3264
4737
6268
7590
8255
6558
1817
-4192
-7670
-8069
-8543
-10512
-10553
-6292
-267
3622
4141
2143
-1311
-3151
-1433
1994
3853
4246
3903
2289
-848
-4216
-6828
-8571
-8126
-5200
-1895
-1069
-2315
-3870
-4614
-4178
-2318
438
2963
4969
6107
5627
3114
-336
-3514
-5315
-5427
-4126
-3086
-3497
-4194
-3768
-2151
-327
1061
1964
2512
3194
4042
4223
3107
1499
682
828
1618
2220
2197
1482
792
581
981
1457
1835
2392
3103
3947
4508
4850
4594
4369
4656
5608
6781
7808
8977
8075
3260
-3740
-8782
-10184
-11313
-13297
-12644
-7087
802
6108
7543
5440
1210
-2329
-2281
780
3519
4993
5080
3450
-489
-5053
-8861
-11344
-11472
-8610
-4023
-910
-138
-1102
-2247
-2847
-2033
185
2896
5307
6656
6481
4114
497
-3618
-6927
-8515
-7655
-5735
-4602
-4272
-3709
-2416
-586
1258
2708
3638
4244
4909
5129
4433
2656
808
-462
-738
-210
420
582
302
214
453
790
1057
1671
2781
4214
5603
6470
6597
6078
5629
5748
6479
7382
8368
8249
4427
-2535
-9162
-11939
-13033
-14811
-14825
-9267
226
8458
11905
10935
6481
901
-2081
-1327
860
2407
3526
3510
1324
-3619
-9032
-13080
-13996
-11516
-6407
-1591
1258
2313
2230
1255
-18
-120
1358
3652
5573
6142
4726
1662
-2114
-6166
-9727
-11192
-9826
-6793
-4401
-2901
-1211
1268
3429
4591
4495
4191
4017
4123
3769
2371
404
-1091
-1909
-2153
-1930
-1663
-1185
-452
706
1587
2089
2328
2944
4062
5512
6600
7199
7183
6610
6155
6138
6304
6616
6473
3567
-2352
-8857
-11917
-13002
-14784
-15210
-10042
428
10451
15151
14904
10920
5000
-534
-3342
-3469
-2000
624
2255
1412
-2423
-7068
-11091
-13358
-13118
-9132
-2938
2843
6117
6591
5218
2928
1056
39
235
1345
2819
3528
2421
-278
-4114
-8308
-11097
-11486
-9159
-5926
-2495
893
3604
5240
5198
3974
2586
1639
1608
1870
1928
1313
276
-1177
-2857
-3852
-3745
-2617
-1045
582
2011
2978
3188
3268
3527
4653
5800
7007
7385
7207
6660
5890
5200
4841
5120
3518
-1183
-7132
-11002
-12510
-14540
-15504
-11422
-1598
9528
16038
17730
14894
8989
1581
-4231
-6739
-6338
-3721
-825
835
25
-2930
-7029
-10600
-12045
-10025
-5022
907
5767
8293
8344
6273
3168
156
-1774
-2161
-1268
384
1675
1621
-392
-4347
-8282
-10657
-10452
-8294
-5081
-767
3522
6896
7897
6065
2976
9
-1470
-1626
-856
120
702
625
-615
-2314
-3797
-4110
-3157
-1209
1089
3283
4614
4711
4249
3919
4266
5064
5894
6331
6270
5910
5450
5249
5330
3734
-226
-5679
-9447
-11460
-13975
-15656
-12686
-3407
8200
16310
19431
17654
11763
3267
-4509
-8634
-9196
-6740
-3138
243
1619
144
-3309
-7320
-9915
-9661
-6246
-1008
4374
8166
9334
7897
4721
1031
-2064
-3816
-3780
-2128
13
1423
1459
-570
-4210
-7699
-9497
-8944
-6991
-3795
382
4478
7303
7393
4945
1613
-1259
-2675
-2782
-1808
-583
370
191
-1013
-2385
-3609
-3820
-2936
-721
1875
4040
5197
5294
4871
4377
4190
4215
4264
4274
4395
4847
5293
6096
5932
2960
-2343
-7811
-10991
-13678
-16073
-15022
-7836
4242
14642
19955
19732
14847
6732
-2473
-8648
-10849
-9217
-5386
-953
2517
2828
233
-4150
-7866
-9482
-7914
-3614
1853
6600
8930
8830
6676
3274
-560
-3627
-4822
-3843
-1399
948
2173
1585
-1000
-4545
-7652
-8940
-8444
-6407
-3018
1110
5010
7137
6684
4281
1320
-1028
-2245
-2393
-1876
-1186
-862
-1087
-1681
-2482
-3114
-3000
-1758
397
2625
4250
4993
4925
4565
4105
3686
3316
3165
3396
4146
5090
6174
6837
4974
361
-5602
-10020
-13092
-16075
-16610
-11649
-733
11079
18360
20181
16766
9882
610
-7236
-11123
-10905
-7322
-2588
2135
4129
2691
-1283
-5594
-8286
-8372
-5440
-690
4321
7720
8679
7532
4679
1105
-2380
-4456
-4445
-2490
125
2209
2960
1437
-1581
-5139
-7574
-8378
-7451
-4779
-1119
2887
5695
6431
5077
2593
127
-1588
-1984
-1650
-844
-288
-324
-877
-1857
-2784
-3258
-2523
-782
1388
3185
4231
4595
4369
3902
3410
3023
2714
2730
3116
4055
5049
6132
5937
2793
-2468
-7716
-11149
-14320
-16850
-15124
-7252
4983
14681
19324
18414
13397
5500
-3462
-9616
-11977
-10022
-5764
-512
3598
4402
1931
-2488
-6222
-8038
-6956
-3490
1098
5323
7524
7792
6113
3145
-557
-3449
-4359
-3211
-673
1849
3492
3488
1549
-2131
-6175
-8970
-9383
-7764
-4611
-355
4011
7283
8038
6225
2959
-267
-2312
-2975
-2270
-1201
-246
135
-279
-1298
-2605
-3156
-2505
-583
1803
3863
4913
4919
4361
3569
3059
2684
2748
3010
3693
4682
5451
5813
3586
-762
-5925
-9553
-12045
-15013
-15478
-10971
-601
10358
17014
18548
15227
9073
626
-6663
-10858
-11146
-8113
-3595
1496
4198
3602
-37
-4220
-7102
-7544
-5284
-1475
2884
5951
7290
6824
4760
1607
-1726
-3625
-3540
-1827
427
2277
3003
1964
-497
-3703
-6512
-8078
-7855
-5855
-2752
593
3353
5102
5623
5186
3811
2032
225
-1202
-1953
-2280
-2273
-2096
-1793
-1637
-1550
-1275
-594
465
1726
3081
4241
4937
5052
4564
3898
3070
2558
2577
3203
4321
5519
5219
1928
-3138
-7733
-10908
-14149
-16246
-13732
-5167
6513
14942
18196
16445
11239
3580
-4482
-9837
-11549
-9378
-5255
-261
3522
4083
1451
-2775
-6118
-7564
-6551
-3523
511
4211
6287
6738
5463
2906
-174
-2533
-3111
-1946
165
2174
3266
2631
380
-2726
-5989
-8522
-9275
-7713
-4178
125
3847
6081
6788
6302
4656
2454
456
-988
-1624
-1788
-1853
-2016
-2180
-2229
-2070
-1520
-529
760
2014
3133
4020
4651
4807
4433
3874
3141
2573
2376
2713
3404
4276
5185
4012
520
-4411
-8290
-11393
-14547
-15355
-11284
-1366
9410
15973
17343
14289
8679
898
-6287
-10736
-11149
-8070
-3581
1245
3796
3109
-502
-4471
-7010
-7324
-5389
-2016
1974
5112
6698
6566
4727
1775
-1314
-3089
-2985
-1412
492
1805
2071
940
-1421
-4463
-7082
-8178
-7249
-4732
-1267
2219
4819
6016
5631
4231
2354
800
-273
-903
-1146
-1362
-1501
-1704
-1877
-1892
-1633
-897
231
1433
2590
3537
4222
4713
4843
4458
3893
3017
2403
2160
2538
3361
4465
5035
3134
-692
-5238
-8725
-12130
-14944
-14228
-7955
2885
12057
16532
16000
12074
5898
-1768
-8010
-11187
-10281
-6640
-1949
2192
3539
1705
-2131
-5378
-6871
-6145
-3643
-290
3170
5374
6124
5160
2894
-8
-2436
-3184
-2191
-259
1508
2300
1555
-522
-3333
-6242
-8458
-8952
-7105
-3429
1004
4662
6689
7103
6025
4006
1631
-488
-1964
-2490
-2267
-1809
-1341
-1182
-1061
-934
-582
200
1207
2295
3333
4292
4826
4947
4529
3848
3197
2638
2415
2530
2998
3698
4388
3506
703
-3329
-6913
-9853
-12764
-13522
-10010
-1445
8014
13981
15296
12726
8029
1386
-5068
-9262
-9909
-7380
-3528
489
2630
1944
-1141
-4527
-6442
-6323
-4315
-1322
2083
4656
5710
5137
3215
614
-1883
-3106
-2614
-924
896
1888
1532
-171
-2671
-5334
-7591
-8632
-7553
-4492
-409
3424
5774
6499
5837
4295
2299
431
-1019
-1834
-1981
-1889
-1720
-1709
-1673
-1363
-667
361
1459
2387
3071
3589
3994
4161
4056
3698
3275
2823
2596
2617
2762
3222
3900
4033
2215
-1228
-4996
-7839
-10606
-12664
-11584
-5486
3936
11335
14237
12994
9416
4195
-2033
-7091
-9242
-7967
-4713
-983
1863
2143
-112
-3459
-5803
-6183
-4705
-2039
1058
3807
5231
5169
3771
1556
-850
-2546
-2679
-1371
372
1400
1240
7
-1878
-3982
-6064
-7364
-7119
-5065
-1918
1206
3627
4970
5421
4981
3701
2046
334
-1000
-1929
-2440
-2595
-2366
-1902
-1296
-549
189
1073
1841
2505
3078
3554
3867
3914
3683
3288
2804
2359
2235
2358
2816
3418
4099
4012
2155
-1274
-5060
-7848
-10421
-12001
-10367
-4103
5079
11721
13837
11989
8168
3068
-2842
-7390
-9052
-7272
-3762
-60
2184
1806
-818
-4145
-6071
-5926
-3902
-967
2043
4363
5224
4628
2705
271
-1896
-2971
-2422
-859
600
996
254
-1300
-3294
-5143
-6324
-6304
-4855
-2467
234
2421
3752
4095
3590
2809
1975
1218
436
-551
-1504
-2221
-2433
-2301
-1847
-1032
-56
1006
1768
2174
2356
2566
2940
3283
3545
3505
3310
2898
2442
2233
2211
2597
3009
3682
3496
1455
-1884
-5301
-7918
-10523
-11339
-8440
-1092
7457
12139
12639
9933
6084
1021
-4315
-7777
-8182
-5540
-2056
897
1831
438
-2388
-4986
-5720
-4573
-2063
688
3018
4375
4325
3141
1147
-823
-2118
-2120
-921
495
1186
607
-818
-2614
-4340
-5554
-5980
-5098
-3117
-702
1371
2675
3282
3089
2569
1911
1393
952
319
-465
-1408
-2100
-2453
-2401
-1828
-867
262
1275
2000
2384
2533
2554
2653
2861
3063
3125
2967
2591
2225
1988
1962
2294
2740
3516
3497
1665
-1513
-4716
-7147
-9595
-10491
-7844
-724
7450
11752
11826
8952
5230
535
-4313
-7311
-7273
-4488
-1245
1085
1383
-300
-3000
-5211
-5427
-3724
-866
1864
3679
4264
3640
2079
95
-1344
-1915
-1273
73
1295
1512
351
-1527
-3613
-5123
-5774
-5390
-4006
-2043
-2
1498
2395
2709
2446
1994
1680
1530
1304
551
-635
-1838
-2585
-2793
-2542
-1736
-580
624
1500
1951
2015
1908
1872
2055
2496
2968
3194
3021
2516
1924
1510
1383
1699
2297
3336
3593
1892
-1236
-4512
-7019
-9506
-10390
-7523
-377
7621
11528
11101
7916
4134
-218
-4447
-6747
-6147
-3201
-204
1438
982
-1153
-3855
-5655
-5350
-3046
209
2882
4210
4100
2907
1158
-526
-1449
-1337
-245
1099
1903
1405
-335
-2584
-4545
-5535
-5345
-4126
-2339
-562
726
1373
1545
1501
1490
1580
1889
2147
1923
945
-602
-2174
-3160
-3248
-2493
-1111
333
1403
1892
1900
1632
1395
1430
1795
2388
2952
3238
3028
2394
1662
1227
1284
1584
2159
3038
3548
2263
-967
-4383
-6772
-8610
-9560
-7483
-1137
6782
11162
10663
7289
3423
-376
-3937
-5924
-5243
-2472
365
1605
806
-1546
-4281
-5926
-5468
-2844
733
3543
4558
3860
2134
301
-1070
-1581
-1018
340
1788
2359
1483
-652
-3234
-5204
-5878
-5125
-3508
-1663
-135
674
848
563
377
704
1549
2498
2923
2405
1004
-801
-2592
-3712
-3762
-2624
-739
1006
1907
1820
1203
540
337
750
1618
2674
3521
3841
3410
2366
1097
349
400
1101
2140
3138
3924
3197
407
-3351
-5992
-7322
-8277
-7542
-3423
3764
9578
10418
7409
3246
37
-2470
-4011
-3955
-2237
177
1444
803
-1613
-4394
-5918
-5400
-2891
507
3423
4532
3620
1659
-149
-1012
-977
-220
1038
2359
2762
1589
-907
-3643
-5396
-5571
-4297
-2340
-585
299
309
-153
-586
-666
-243
895
2449
3607
3486
1906
-404
-2481
-3556
-3489
-2428
-779
746
1507
1198
174
-799
-894
-12
1518
2984
3941
4140
3503
2237
671
-345
-392
624
2108
3343
3906
3644
2309
-583
-3860
-5904
-6233
-6218
-5696
-2611
3187
8404
8921
5610
1565
-794
-1755
-2113
-1931
-1069
352
1111
225
-2379
-5110
-6032
-4544
-1607
1454
3633
4108
2833
702
-927
-1194
-380
827
1932
2665
2381
646
-2160
-4714
-5633
-4615
-2448
-535
379
382
-219
-1143
-1849
-1722
-682
901
2416
3249
3019
1612
-518
-2337
-2959
-2268
-916
155
364
-105
-972
-1858
-2165
-1473
273
2446
4114
4611
3897
2547
1074
-56
-518
-19
1320
2816
3600
3320
2309
1389
369
-1439
-3305
-4010
-3313
-3395
-3744
-1891
2857
6916
6442
3114
3
-832
-602
-394
-515
-688
-113
443
-262
-2704
-5070
-5135
-2641
634
2807
3307
2342
720
-728
-1251
-585
811
2197
2903
2500
799
-1736
-4150
-5382
-4820
-2854
-467
1169
1509
933
-55
-1014
-1573
-1604
-1253
-577
384
1274
1513
828
-277
-942
-697
65
501
73
-971
-1929
-2343
-2233
-1738
-667
972
2745
3834
3668
2495
1033
-18
-289
172
925
1775
2445
2725
2290
1375
764
980
1065
-69
-1508
-1996
-2222
-3596
-4240
-1746
3033
5543
4169
1327
-490
-573
-135
159
-159
-235
434
916
-169
-2577
-3978
-2928
-189
1915
2092
870
-359
-766
-518
146
943
1687
2007
1479
33
-2027
-3754
-4286
-3307
-1406
473
1467
1283
356
-782
-1571
-1871
-1755
-1348
-758
-225
56
150
207
498
798
816
355
-510
-1343
-1945
-2146
-1850
-1025
160
1229
1611
1305
770
463
533
721
929
1151
1465
1642
1623
1407
1346
1540
1871
2204
2430
2492
1244
-769
-2037
-2144
-2887
-4216
-3142
1135
4881
4251
909
-1395
-987
554
1304
773
281
943
1733
952
-1422
-3190
-2879
-948
862
1247
368
-617
-843
-466
16
363
599
714
513
-260
-1484
-2538
-2594
-1472
161
1349
1500
760
-322
-1345
-2139
-2587
-2708
-2481
-1892
-885
136
702
771
701
740
581
68
-675
-1129
-1040
-624
-319
-256
-219
-144
-172
-330
-278
198
860
1259
1269
1092
1046
1172
1393
1667
2130
2733
3058
2814
2232
2050
1683
190
-1660
-2222
-1991
-2832
-3625
-1690
2280
3916
1523
-1602
-1911
567
2719
2462
1003
1036
2342
2059
-676
-3152
-3055
-1158
568
975
125
-1175
-1785
-1433
-704
-245
-111
52
368
508
20
-832
-1149
-426
659
1038
412
-549
-1116
-1240
-1386
-1759
-2132
-2362
-2336
-2082
-1738
-1384
-613
536
1369
1182
238
-340
-116
489
613
-5
-713
-995
-1160
-1591
-1874
-1290
10
1132
1387
884
489
717
1399
2002
2365
2696
3028
3129
2671
1874
1378
1680
1866
790
-982
-1566
-1260
-2312
-3836
-2730
1129
3149
1165
-1605
-1452
1563
3997
3564
1298
393
1387
1620
-180
-1965
-1682
-87
978
504
-1241
-2859
-2963
-1704
-499
-139
-143
137
749
1081
646
-184
-471
29
581
404
-301
-899
-1054
-911
-1030
-1676
-2482
-2778
-2422
-1885
-1538
-1194
-519
351
919
874
616
604
597
206
-525
-1010
-1055
-922
-922
-961
-771
-382
-34
9
13
330
955
1672
2045
1980
1706
1701
1916
2071
1945
1814
1996
2479
2663
1421
-585
-1508
-1020
-1622
-3457
-3417
-203
2658
1828
-864
-1795
250
2863
3231
1146
-447
432
1978
1550
-307
-1356
-841
112
188
-1115
-2657
-2726
-1245
186
387
-133
-454
-154
264
174
-376
-636
-116
702
1038
705
109
-312
-586
-1110
-1958
-2676
-2810
-2417
-1870
-1400
-870
-160
312
193
-274
-385
24
357
154
-396
-698
-531
-303
-445
-706
-619
-221
127
270
421
721
1121
1332
1155
738
650
1123
1822
2359
2512
2508
2446
2507
2630
2095
573
-786
-693
-560
-1834
-2640
-674
2138
2007
-692
-2534
-1530
1146
2729
1638
-447
-451
1303
1858
506
-652
-408
469
868
181
-1204
-1895
-1138
-57
-65
-924
-1599
-1457
-695
-19
45
-263
-208
353
853
685
-83
-826
-1140
-992
-796
-977
-1451
-1656
-1250
-961
-1330
-1959
-1879
-1182
-696
-808
-1062
-697
39
364
-111
-542
-304
182
159
-284
-464
-30
635
859
534
151
250
581
724
667
770
1266
1910
2238
1916
1490
1599
2291
2687
1856
467
181
970
463
-1246
-1519
479
1572
-50
-2230
-2539
-557
1603
1801
-179
-1362
-41
1851
1910
894
413
607
917
859
91
-1062
-1314
-661
-182
-597
-1155
-1283
-860
-213
37
-413
-1100
-1167
-616
-104
-76
-265
-304
-28
348
536
122
-693
-1180
-1168
-1410
-2266
-2600
-1866
-710
-497
-1230
-1780
-1180
114
543
-170
-861
-366
568
830
256
-139
163
770
897
413
77
359
929
915
360
17
437
1153
1367
1071
1005
1652
2567
3053
2390
1354
1224
1707
703
-1316
-1541
328
1221
-433
-2346
-2432
-484
1486
1604
-228
-1237
61
1839
1933
892
282
278
627
807
434
-269
-247
321
444
-241
-1022
-1389
-1336
-1069
-1125
-1630
-1966
-1445
-435
250
348
211
70
120
395
383
-170
-921
-1279
-1421
-1698
-2001
-1891
-1353
-979
-1202
-1759
-1771
-1040
-213
-104
-507
-690
-296
254
400
202
82
318
665
814
744
646
618
519
278
63
90
362
679
1032
1344
1701
2007
2477
2877
2515
1604
1159
1173
130
-1192
-907
791
1008
-717
-1966
-1339
501
1681
1137
-757
-1404
76
1642
1325
298
13
429
1032
1484
1229
397
219
452
52
-1017
-1585
-1472
-1216
-1081
-1202
-1476
-1383
-624
143
212
-126
-385
-371
-117
214
190
-488
-1145
-1300
-1177
-1382
-1569
-1332
-977
-1015
-1506
-1805
-1424
-503
-62
-466
-1101
-997
-132
549
419
-138
-258
244
871
986
609
312
404
579
457
226
374
894
1308
1257
1040
1152
1773
2513
2520
1547
704
945
981
-201
-863
340
1602
712
-1026
-1421
-186
1272
1397
-254
-1845
-1137
947
1693
688
-99
133
869
1459
1401
455
-338
-178
-29
-572
-1038
-822
-443
-338
-543
-1031
-1355
-979
-322
-293
-754
-939
-627
-115
300
126
-681
-1169
-927
-689
-938
-979
-655
-595
-1069
-1576
-1600
-1016
-410
-633
-1375
-1493
-628
127
35
-522
-635
-189
330
417
238
345
751
906
644
479
792
1253
1261
769
389
645
1275
1611
1633
1609
1292
915
983
1032
139
-440
495
1634
899
-709
-1076
-98
1041
1079
-191
-1506
-807
1146
1808
597
-402
-227
518
1019
791
-115
-627
22
683
470
-105
-216
-134
-213
-513
-1064
-1438
-1096
-509
-486
-865
-931
-632
-284
-45
-236
-845
-1087
-580
-160
-480
-916
-941
-785
-867
-1171
-1363
-1061
-468
-428
-1068
-1404
-864
-231
-310
-922
-1142
-608
238
580
358
175
587
1205
1315
1065
918
1088
1138
905
477
397
861
1425
1750
1607
1110
780
1295
1516
470
-323
542
1438
466
-968
-1076
77
1203
1276
-50
-1211
-329
1395
1340
-209
-981
-483
315
821
609
-153
-198
705
1118
475
-163
-284
-302
-387
-542
-916
-1067
-665
-391
-755
-1109
-905
-505
-244
-144
-339
-688
-719
-479
-543
-1033
-1384
-1270
-847
-520
-630
-955
-886
-440
-362
-931
-1404
-1222
-714
-585
-962
-1183
-737
7
316
93
19
531
1202
1344
877
561
767
1124
1020
600
415
843
1450
1767
1589
1128
1039
1518
1505
255
-607
155
1205
581
-683
-791
346
1487
1415
-7
-1179
-401
1224
1185
-313
-1072
-389
715
1219
763
-158
-228
613
975
264
-371
-316
-44
13
-229
-671
-862
-558
-425
-731
-881
-488
-3
140
-92
-670
-1129
-1000
-649
-873
-1317
-1234
-664
-250
-348
-666
-779
-446
-227
-610
-1233
-1273
-717
-381
-737
-1259
-1185
-527
129
190
-75
56
697
1030
715
397
567
1031
1126
817
487
825
1516
1924
1651
1019
825
1209
1194
-10
-809
-60
982
534
-548
-676
233
1136
1042
-295
-1382
-574
1157
1281
-161
-888
-141
969
1345
656
-543
-700
430
1110
351
-467
-388
27
182
-81
-705
-1048
-579
-62
-304
-660
-411
44
84
-282
-852
-1238
-1000
-475
-520
-1140
-1270
-692
-166
-319
-818
-1021
-602
-51
-141
-816
-1212
-859
-412
-492
-932
-1043
-541
126
363
140
23
380
683
547
275
402
870
1178
1102
943
1185
1657
1969
1580
864
674
1094
896
-102
-359
467
842
51
-661
-541
138
663
324
-829
-1220
28
1240
782
-302
-484
221
961
1046
230
-565
-200
772
874
105
-419
-283
107
242
-177
-762
-715
-141
66
-325
-603
-440
-153
-150
-494
-857
-788
-412
-280
-623
-1028
-996
-553
-304
-632
-1111
-965
-214
176
-242
-908
-1014
-536
-169
-398
-865
-749
-34
480
296
-137
-153
294
617
455
199
401
1014
1408
1321
1086
1152
1472
1389
829
550
899
886
217
18
566
613
-245
-817
-587
-91
58
-385
-1131
-1010
185
899
53
-866
-545
445
908
561
-224
-517
246
1028
691
-230
-441
41
467
430
-36
-541
-420
80
100
-440
-760
-564
-236
-143
-330
-621
-593
-212
-11
-332
-763
-733
-310
-95
-431
-884
-815
-188
203
-141
-774
-804
-248
166
-123
-711
-680
52
605
315
-296
-360
203
648
556
338
535
1070
1323
1120
915
1116
1244
857
442
563
796
470
263
564
601
-156
-736
-602
-226
-140
-526
-1236
-1316
-245
632
-63
-1135
-939
58
675
475
-204
-642
-44
912
826
-71
-403
79
546
549
162
-235
-138
265
193
-395
-658
-403
-160
-281
-569
-685
-475
-148
-233
-621
-728
-313
41
-60
-429
-583
-277
128
77
-383
-576
-207
281
289
-155
-421
-83
472
548
93
-185
105
566
651
485
503
920
1364
1386
1129
1093
1337
1163
612
426
672
448
-37
79
438
124
-523
-636
-456
-382
-546
-1053
-1549
-1159
-257
-278
-1098
-1279
-655
-95
17
-243
-680
-526
250
536
-75
-505
-225
275
490
311
-99
-218
199
424
92
-312
-295
-163
-173
-296
-407
-494
-426
-355
-544
-720
-516
-102
-53
-296
-380
-74
368
419
-39
-398
-69
562
663
190
-124
264
859
896
359
39
433
1002
941
434
387
951
1417
1303
949
1030
1411
1447
1008
656
435
227
346
565
176
-636
-774
-267
-31
-434
-1076
-1554
-1322
-632
-528
-1392
-1846
-1176
-347
-254
-696
-1066
-912
-178
249
-203
-792
-582
-31
121
-122
-322
-279
22
247
17
-376
-348
-9
44
-222
-426
-378
-244
-186
-361
-628
-608
-262
-108
-354
-527
-303
128
325
131
-127
6
509
809
640
381
546
1021
1307
1148
838
821
1130
1361
1263
1094
1124
1327
1394
1291
1229
1144
1029
998
935
481
78
318
623
82
-738
-729
-173
12
-489
-1271
-1599
-1031
-359
-754
-1774
-1913
-1068
-449
-714
-1319
-1516
-926
-132
-157
-905
-1212
-675
-94
-126
-599
-888
-607
-52
36
-405
-651
-358
-32
-131
-530
-825
-651
-273
-306
-633
-589
-174
-30
-212
-296
-103
140
123
-173
-300
105
559
463
136
383
1059
1423
1311
1129
1250
1576
1765
1554
1375
1513
1756
1774
1686
1772
1814
1702
1578
1445
987
505
489
634
206
-491
-672
-274
-43
-374
-1037
-1313
-848
-316
-642
-1506
-1644
-944
-403
-665
-1259
-1439
-898
-310
-480
-1225
-1490
-1029
-584
-744
-1236
-1419
-1071
-625
-676
-1077
-1168
-728
-331
-437
-812
-833
-491
-320
-458
-585
-560
-514
-498
-418
-228
-107
-139
-139
73
383
508
378
250
548
995
1079
842
865
1344
1766
1803
1651
1703
1928
2122
2057
1847
1754
1772
1721
1678
1639
1331
1073
1242
1394
843
140
42
240
62
-545
-1213
-1352
-856
-516
-1044
-1752
-1540
-711
-387
-805
-1271
-1200
-564
-58
-367
-1100
-1146
-522
-251
-748
-1375
-1535
-1210
-904
-1159
-1761
-1901
-1349
-979
-1206
-1510
-1478
-1237
-787
-433
-601
-892
-634
-31
191
-78
-449
-440
34
466
229
-302
-149
737
1297
1048
698
936
1618
2072
1890
1476
1572
2068
2239
1974
1815
1924
1962
1898
1787
1448
1098
1228
1488
1060
314
244
663
761
346
-256
-566
-170
336
-42
-1023
-1258
-647
-209
-508
-1157
-1405
-893
-166
-222
-997
-1308
-745
-207
-381
-988
-1285
-1007
-543
-655
-1318
-1665
-1349
-1081
-1399
-1839
-1943
-1759
-1457
-1224
-1377
-1580
-1329
-748
-450
-602
-804
-651
-152
264
207
-104
-9
599
1031
916
708
896
1362
1687
1646
1406
1499
1911
2160
2017
1824
1765
1945
2111
1845
1223
1051
1471
1529
782
90
217
651
621
5
-618
-537
177
418
-378
-1070
-693
78
209
-353
-822
-566
225
479
-176
-819
-596
-35
-31
-677
-1294
-1286
-817
-660
-1192
-1720
-1610
-1175
-1032
-1288
-1696
-1769
-1319
-947
-1225
-1660
-1489
-926
-653
-855
-1153
-1023
-430
-19
-224
-524
-186
545
898
721
566
929
1515
1717
1451
1358
1713
2080
2018
1719
1647
1840
1956
1608
1019
863
1211
1268
607
-23
139
668
690
11
-577
-440
207
337
-427
-1171
-881
-28
160
-463
-925
-525
292
595
34
-582
-390
289
373
-351
-962
-842
-406
-396
-875
-1351
-1334
-960
-827
-1263
-1774
-1687
-1233
-1138
-1498
-1664
-1271
-685
-519
-785
-910
-455
101
54
-374
-387
250
825
839
549
656
1281
1772
1684
1427
1579
2001
2221
2001
1659
1591
1821
1727
1116
746
973
1110
593
64
131
474
470
-67
-660
-664
-148
-76
-817
-1415
-1064
-324
-178
-657
-1031
-665
118
363
-241
-767
-505
85
115
-454
-949
-836
-312
-173
-696
-1240
-1186
-827
-781
-1191
-1628
-1591
-1182
-1026
-1301
-1478
-1135
-581
-435
-692
-800
-440
15
80
-227
-333
120
709
858
711
811
1272
1712
1767
1601
1609
1897
2071
1878
1658
1739
1827
1554
1334
1398
1385
1019
733
697
690
483
60
-405
-492
-220
-270
-832
-1161
-795
-337
-359
-722
-852
-526
-41
-12
-487
-778
-466
-8
-85
-601
-927
-724
-419
-596
-1123
-1424
-1322
-1145
-1208
-1551
-1806
-1639
-1242
-1138
-1363
-1425
-1088
-682
-589
-753
-784
-457
-43
41
-169
-92
401
820
869
809
1008
1466
1839
1820
1641
1688
1946
2086
1952
1587
1283
1353
1698
1592
843
349
676
1171
944
167
-325
-44
606
642
-163
-687
-212
527
511
-111
-517
-244
319
370
-238
-705
-449
25
-31
-568
-919
-766
-483
-619
-1102
-1439
-1337
-1058
-1070
-1500
-1797
-1563
-1124
-1073
-1422
-1650
-1394
-951
-852
-1105
-1256
-942
-430
-247
-433
-433
-6
524
709
644
724
1101
1448
1524
1401
1334
1470
1633
1464
1027
828
1041
1180
745
104
1
472
665
176
-459
-405
218
580
159
-473
-413
292
688
300
-259
-191
448
796
455
-52
-7
495
692
287
-186
-120
173
144
-257
-651
-681
-405
-322
-712
-1035
-899
-582
-604
-914
-1162
-1106
-875
-822
-1030
-1161
-913
-534
-421
-485
-363
18
432
632
605
667
980
1301
1309
1076
901
993
1165
919
400
265
573
568
68
-309
-197
65
-5
-474
-847
-623
-99
-115
-723
-983
-531
-33
-83
-488
-718
-380
185
228
-258
-438
21
490
455
44
-171
88
479
342
-193
-360
-22
220
-2
-260
-222
36
168
-2
-242
-147
164
208
-52
-135
84
315
325
228
259
494
771
787
600
613
892
1021
800
519
500
667
629
257
-2
153
326
75
-298
-294
-24
28
-302
-695
-735
-378
-273
-741
-1217
-1095
-650
-540
-851
-1195
-1114
-675
-412
-667
-1006
-903
-511
-354
-509
-765
-821
-526
-276
-433
-797
-782
-414
-181
-332
-552
-460
-46
287
240
65
270
795
1073
934
787
1049
1473
1596
1387
1325
1599
1832
1732
1526
1541
1614
1495
1226
1007
796
638
597
512
230
-48
-75
70
82
-161
-512
-650
-472
-358
-609
-994
-1050
-806
-641
-785
-1022
-1061
-826
-630
-697
-905
-938
-789
-707
-800
-983
-1114
-1105
-1011
-1065
-1251
-1371
-1297
-1139
-1087
-1147
-1152
-954
-645
-450
-407
-276
81
453
601
640
836
1162
1382
1409
1408
1590
1808
1854
1740
1765
1881
1816
1584
1444
1358
1138
944
897
788
499
285
254
281
209
-12
-307
-329
-134
-106
-410
-630
-545
-354
-350
-534
-714
-693
-496
-458
-641
-792
-773
-750
-784
-918
-1153
-1268
-1144
-1111
-1367
-1522
-1336
-1116
-1139
-1256
-1208
-907
-565
-471
-557
-406
86
466
505
465
675
1079
1363
1339
1207
1273
1480
1564
1494
1380
1260
1213
1251
1188
896
611
600
667
492
162
-15
74
166
41
-246
-354
-167
10
-102
-371
-425
-259
-121
-210
-402
-469
-356
-293
-412
-569
-643
-646
-638
-762
-1085
-1239
-1044
-981
-1320
-1542
-1329
-1027
-999
-1155
-1167
-867
-412
-272
-437
-318
259
695
675
641
952
1385
1599
1571
1488
1602
1820
1881
1697
1539
1491
1472
1330
996
705
709
752
448
50
-102
-55
60
40
-392
-791
-520
-16
-164
-789
-951
-431
-89
-311
-689
-720
-412
-230
-479
-842
-827
-657
-725
-1053
-1263
-1232
-1181
-1266
-1419
-1451
-1355
-1237
-1274
-1318
-1158
-917
-772
-739
-596
-252
145
346
419
623
1027
1373
1467
1452
1554
1810
1983
1990
1881
1804
1793
1743
1511
1203
1081
1140
1012
608
261
262
467
465
119
-276
-255
67
148
-171
-467
-403
-144
-58
-229
-444
-430
-313
-389
-614
-771
-819
-909
-1053
-1238
-1404
-1484
-1456
-1439
-1510
-1618
-1678
-1599
-1413
-1289
-1308
-1310
-1129
-778
-454
-287
-211
-4
368
696
854
931
1080
1311
1485
1544
1579
1618
1610
1528
1380
1194
1032
992
978
783
455
274
368
494
405
165
17
125
302
320
182
102
179
296
292
188
140
210
173
-80
-289
-308
-325
-532
-786
-978
-1085
-1116
-1088
-1117
-1267
-1369
-1319
-1194
-1118
-1087
-1067
-994
-818
-566
-393
-279
-95
173
379
489
633
818
968
1031
1066
1081
1062
1013
942
851
663
451
382
401
276
67
-39
-57
-77
-89
-106
-152
-118
15
90
85
170
333
418
426
426
410
407
438
366
109
-98
-96
-94
-318
-665
-850
-836
-779
-876
-1137
-1264
-1097
-872
-895
-1031
-950
-635
-352
-276
-278
-109
275
586
628
583
750
1038
1170
1075
945
957
1033
1007
796
501
307
330
398
214
-153
-339
-259
-195
-331
-514
-580
-504
-378
-340
-407
-373
-164
5
12
-8
77
151
174
180
126
15
-40
8
-39
-214
-392
-433
-407
-477
-615
-717
-694
-599
-518
-545
-534
-378
-155
-39
8
140
357
552
639
695
780
894
929
900
863
851
800
712
592
457
365
329
268
113
-35
-125
-176
-253
-348
-456
-513
-492
-469
-502
-518
-449
-353
-292
-281
-275
-219
-128
-84
-133
-186
-185
-149
-151
-202
-279
-338
-357
-381
-445
-502
-501
-472
-454
-423
-363
-262
-131
-15
83
214
392
550
661
771
893
996
1055
1088
1095
1096
1092
1058
983
876
774
713
651
520
342
186
37
-121
-264
-419
-580
-704
-758
-810
-877
-921
-926
-909
-886
-848
-810
-790
-751
-679
-629
-610
-602
-578
-536
-485
-455
-454
-470
-452
-414
-357
-327
-294
-223
-124
-20
63
160
271
395
507
605
698
813
910
958
973
1023
1104
1127
1081
1057
1063
1047
1014
980
923
853
803
716
545
370
282
201
43
-145
-282
-373
-433
-503
-624
-750
-798
-782
-813
-890
-959
-959
-945
-962
-1017
-1045
-1036
-1024
-1027
-1046
-1051
-1012
-936
-886
-833
-712
-555
-417
-287
-147
17
179
342
494
622
729
838
939
1016
1069
1100
1107
1101
1123
1135
1111
1058
1041
1043
1018
967
903
811
708
628
540
414
278
169
71
-21
-104
-184
-279
-367
-430
-489
-567
-649
-720
-804
-885
-949
-992
-1045
-1104
-1158
-1197
-1216
-1230
-1230
-1206
-1131
-1014
-889
-769
-615
-422
-210
-20
144
311
491
659
791
899
996
1068
1115
1142
1152
1147
1134
1099
1038
977
931
868
760
645
541
447
340
231
111
-2
-79
-124
-164
-210
-244
-271
-289
-285
-296
-346
-400
-447
-512
-592
-650
-710
-791
-879
-949
-1030
-1115
-1175
-1199
-1195
-1156
-1088
-999
-865
-695
-513
-322
-117
98
308
500
690
863
1028
1183
1298
1375
1436
1498
1546
1556
1519
1442
1360
1279
1170
1003
816
636
473
300
116
-74
-241
-378
-489
-577
-658
-726
-772
-773
-760
-772
-797
-793
-779
-766
-766
-780
-797
-801
-807
-847
-913
-973
-996
-992
-964
-927
-887
-823
-708
-566
-445
-319
-162
20
179
325
462
617
783
942
1069
1167
1275
1404
1531
1602
1617
1603
1591
1579
1523
1415
1270
1118
982
841
672
463
255
59
-111
-269
-440
-619
-759
-841
-924
-1025
-1112
-1159
-1188
-1199
-1216
-1260
-1282
-1258
-1253
-1294
-1317
-1286
-1233
-1161
-1071
-974
-870
-731
-574
-427
-288
-134
30
179
310
431
555
682
818
938
1035
1128
1234
1335
1384
1396
1426
1451
1433
1369
1313
1252
1174
1084
983
855
718
592
440
265
98
-37
-188
-346
-482
-601
-712
-788
-869
-966
-1061
-1132
-1168
-1221
-1290
-1361
-1405
-1418
-1391
-1353
-1308
-1231
-1102
-960
-835
-698
-529
-348
-176
-13
132
270
430
593
724
825
926
1027
1120
1188
1227
1227
1215
1215
1197
1145
1086
1042
979
901
824
755
683
604
512
389
267
167
84
-20
-137
-248
-334
-406
-478
-581
-705
-820
-905
-991
-1103
-1219
-1310
-1367
-1406
-1431
-1421
-1369
-1279
-1175
-1062
-932
-768
-577
-388
-216
-38
158
361
556
725
873
1009
1139
1251
1326
1358
1363
1354
1327
1269
1199
1115
1026
920
804
696
609
525
422
307
188
86
3
-72
-164
-248
-307
-360
-409
-466
-545
-637
-718
-796
-890
-988
-1075
-1153
-1223
-1287
-1324
-1323
-1273
-1204
-1140
-1064
-946
-796
-638
-484
-323
-151
39
238
418
581
753
929
1073
1178
1267
1340
1385
1407
1394
1339
1273
1214
1127
994
863
764
671
566
439
304
176
82
5
-105
-215
-284
-316
-358
-413
-478
-544
-597
-641
-709
-803
-883
-942
-991
-1052
-1112
-1147
-1133
-1089
-1039
-998
-940
-841
-715
-593
-485
-362
-207
-40
114
253
392
550
712
844
929
1010
1099
1172
1201
1192
1165
1136
1099
1023
909
810
743
676
578
450
325
222
144
56
-57
-162
-227
-260
-307
-376
-450
-515
-561
-604
-671
-758
-833
-868
-895
-936
-971
-979
-948
-883
-815
-764
-694
-590
-471
-368
-264
-138
3
144
267
370
479
610
716
784
823
869
911
932
922
882
836
786
729
641
562
500
447
374
281
190
104
37
-22
-96
-175
-227
-251
-283
-325
-378
-437
-490
-528
-581
-654
-721
-761
-781
-812
-842
-844
-809
-750
-686
-623
-554
-456
-342
-239
-130
-5
143
276
399
513
632
748
840
905
942
978
998
999
962
919
862
790
709
617
539
461
383
280
166
60
-33
-127
-220
-310
-388
-443
-483
-522
-570
-612
-658
-704
-742
-774
-809
-839
-848
-854
-855
-836
-791
-734
-670
-593
-512
-419
-317
-213
-112
1
135
263
379
491
604
706
795
870
923
957
971
968
947
923
893
836
762
696
646
597
538
459
371
288
221
130
25
-70
-139
-209
-282
-350
-420
-469
-519
-595
-691
-754
-792
-833
-886
-936
-968
-965
-933
-903
-888
-840
-753
-653
-562
-468
-371
-243
-98
43
168
297
439
566
671
758
845
910
943
938
918
906
896
853
780
706
652
617
570
492
409
343
294
223
119
21
-55
-111
-173
-251
-331
-372
-390
-433
-514
-589
-630
-650
-681
-739
-797
-819
-798
-780
-792
-793
-748
-668
-584
-511
-441
-346
-218
-86
28
142
278
416
538
638
733
821
888
921
925
924
928
919
874
811
756
714
663
595
510
425
342
257
149
23
-105
-221
-328
-436
-542
-634
-694
-737
-776
-827
-866
-885
-884
-888
-896
-898
-872
-828
-777
-731
-678
-601
-500
-388
-280
-178
-73
48
165
277
381
485
596
706
800
875
934
979
1016
1038
1047
1033
1011
991
971
938
883
823
772
727
658
558
438
324
209
77
-86
-261
-418
-547
-657
-774
-894
-992
-1051
-1092
-1136
-1193
-1233
-1245
-1234
-1217
-1198
-1158
-1089
-998
-901
-795
-680
-545
-395
-253
-126
-5
126
256
376
488
596
708
812
897
959
1014
1062
1098
1113
1112
1114
1117
1117
1097
1063
1025
993
956
892
790
672
553
431
288
118
-62
-225
-357
-479
-614
-752
-870
-954
-1020
-1092
-1175
-1248
-1292
-1304
-1301
-1301
-1286
-1229
-1141
-1042
-950
-847
-718
-565
-416
-294
-179
-47
95
228
347
461
576
690
799
885
952
1007
1064
1113
1145
1161
1176
1193
1204
1193
1161
1123
1080
1013
908
778
642
500
349
183
10
-156
-301
-433
-566
-707
-837
-937
-1022
-1104
-1193
-1272
-1320
-1343
-1350
-1350
-1324
-1270
-1192
-1108
-1017
-908
-779
-645
-513
-385
-256
-120
13
141
266
385
501
610
710
797
874
942
1009
1068
1119
1163
1198
1230
1258
1273
1269
1240
1191
1125
1043
939
816
675
529
385
242
95
-62
-220
-366
-501
-635
-773
-908
-1019
-1108
-1193
-1276
-1345
-1381
-1383
-1366
-1349
-1328
-1276
-1189
-1088
-993
-901
-786
-644
-498
-369
-243
-106
41
178
292
397
501
602
687
757
824
896
972
1032
1081
1132
1189
1233
1243
1225
1202
1178
1137
1062
964
858
760
661
542
403
257
117
-16
-162
-320
-471
-608
-730
-849
-965
-1070
-1142
-1191
-1227
-1263
-1282
-1269
-1230
-1177
-1124
-1057
-968
-852
-730
-605
-477
-339
-192
-52
74
184
290
391
477
539
590
645
707
763
805
840
879
915
938
944
933
910
877
837
784
723
655
582
505
426
342
262
169
64
-40
-141
-237
-339
-444
-541
-621
-696
-764
-832
-889
-924
-945
-961
-976
-975
-948
-898
-843
-782
-711
-617
-505
-388
-274
-172
-64
51
163
261
341
412
493
576
651
709
754
803
863
911
931
922
913
913
900
850
767
689
624
557
463
347
236
154
77
-28
-161
-284
-371
-447
-540
-650
-743
-797
-832
-879
-936
-974
-971
-948
-933
-925
-892
-825
-743
-673
-606
-517
-403
-275
-161
-63
35
152
269
361
427
485
556
629
689
725
756
791
829
857
860
845
845
848
833
794
742
697
655
604
528
442
364
296
217
118
6
-93
-181
-272
-379
-488
-579
-662
-742
-823
-907
-974
-1020
-1054
-1085
-1103
-1103
-1076
-1032
-978
-905
-813
-697
-575
-448
-320
-183
-40
98
224
334
442
545
640
720
782
834
883
924
952
958
959
957
947
911
856
804
752
690
606
512
425
351
270
176
76
-12
-83
-153
-231
-323
-405
-470
-528
-593
-668
-732
-774
-807
-846
-892
-920
-920
-900
-873
-844
-806
-735
-632
-529
-446
-370
-261
-127
-9
72
148
252
366
456
516
565
628
699
753
771
771
783
814
825
799
758
737
719
679
606
525
462
410
345
262
174
101
44
-21
-100
-179
-240
-295
-356
-426
-500
-562
-610
-658
-711
-758
-778
-774
-761
-754
-745
-713
-661
-606
-556
-496
-424
-344
-266
-188
-105
-21
58
134
215
294
360
406
446
488
529
557
572
582
606
632
641
632
602
572
556
532
486
425
370
331
292
238
164
95
42
-5
-64
-137
-210
-269
-316
-378
-452
-515
-558
-585
-603
-619
-630
-613
-576
-537
-509
-478
-430
-370
-311
-252
-196
-131
-57
13
70
121
177
231
269
297
318
334
345
354
363
372
380
379
372
368
366
362
343
319
301
294
283
247
211
185
163
135
93
42
-2
-40
-84
-139
-202
-261
-309
-352
-397
-435
-468
-486
-486
-477
-455
-439
-420
-391
-341
-288
-235
-178
-124
-62
5
72
126
174
219
267
300
322
334
340
344
337
324
312
301
283
260
230
214
193
166
134
109
102
93
80
68
57
38
22
9
-11
-35
-60
-88
-115
-134
-156
-187
-220
-249
-279
-301
-310
-321
-334
-349
-348
-332
-324
-315
-289
-254
-213
-163
-119
-78
-25
40
83
110
153
211
258
290
315
333
345
361
375
369
357
350
344
319
292
260
222
182
156
151
133
97
56
23
-24
-72
-122
-162
-192
-221
-251
-272
-289
-314
-335
-357
-360
-357
-356
-342
-317
-286
-260
-251
-231
-185
-142
-103
-54
-7
32
81
135
169
187
226
276
302
320
348
355
334
330
331
311
270
245
231
199
174
169
146
107
81
70
54
21
-1
-18
-37
-50
-74
-118
-148
-166
-202
-256
-276
-256
-257
-290
-303
-280
-262
-255
-263
-260
-238
-206
-192
-197
-188
-153
-132
-137
-139
-115
-55
4
32
56
110
188
229
218
227
282
339
354
337
315
321
350
342
280
237
256
269
222
149
110
92
63
21
-17
-55
-87
-101
-142
-204
-239
-220
-201
-212
-210
-201
-203
-208
-203
-210
-213
-196
-159
-106
-70
-51
-36
-18
7
13
-13
-23
-1
24
27
2
-19
0
35
33
16
29
70
100
93
81
78
74
77
102
116
105
97
118
114
59
15
17
24
-3
-24
-15
-13
-19
-26
-45
-79
-82
-38
-34
-69
-61
-8
19
-2
-8
-5
10
40
59
46
51
114
153
102
30
30
51
46
16
3
9
26
22
-23
-73
-76
-47
-36
-46
-51
-32
-3
-1
-34
-69
-60
-27
-18
-25
-26
-20
0
12
-10
-47
-30
15
24
-22
-65
-54
-24
-28
-77
-113
-95
-56
-52
-96
-109
-64
2
36
-4
-43
-22
42
71
29
0
63
149
168
123
55
45
120
154
96
27
34
86
103
47
-42
-62
18
81
14
-83
-80
9
43
-7
-65
-48
40
111
92
-9
-55
31
115
72
-13
-12
57
83
23
-52
-84
-55
3
0
-66
-110
-106
-74
-54
-83
-133
-151
-96
-39
-82
-174
-174
-76
6
15
-44
-90
-33
38
5
-89
-127
-38
88
122
53
-11
9
86
116
35
-49
-32
73
138
80
-14
21
119
155
119
69
70
129
183
146
24
-24
63
124
72
-7
1
69
108
71
-17
-86
-39
39
12
-114
-149
-66
-12
-95
-198
-193
-118
-99
-116
-144
-158
-112
-87
-120
-177
-145
-46
27
16
5
15
38
36
21
9
46
109
135
118
77
65
45
47
58
84
114
164
169
160
161
127
83
95
152
154
84
53
94
95
15
-63
-66
-23
34
31
-62
-147
-98
-34
-91
-206
-231
-140
-63
-108
-232
-295
-240
-135
-144
-241
-248
-136
-38
-54
-145
-183
-101
36
112
40
-13
81
207
217
148
89
119
214
265
220
127
135
234
265
149
50
55
120
187
193
117
63
134
194
116
-25
-39
51
72
29
-22
-51
-92
-105
-120
-172
-244
-241
-190
-229
-325
-359
-311
-252
-241
-278
-260
-209
-152
-148
-182
-177
-130
-58
-27
-57
-67
-10
93
176
168
163
211
265
297
257
184
211
318
355
290
205
207
298
333
244
168
147
191
193
83
2
44
125
133
48
-44
-28
15
-19
-144
-213
-160
-147
-247
-352
-393
-464
-381
-278
-314
-424
-442
-276
-262
-323
-367
-308
-162
-50
-42
-123
-81
91
176
118
105
217
348
345
256
204
198
236
357
378
270
305
407
379
300
250
282
308
282
244
175
81
65
65
-37
-140
-71
-33
-106
-185
-196
-211
-277
-286
-224
-263
-351
-327
-283
-279
-337
-328
-236
-116
-135
-227
-322
-266
-128
-118
-247
-229
-27
111
114
26
45
139
237
273
221
182
285
409
385
318
278
286
319
350
328
224
171
232
283
174
40
-32
-46
-30
-50
-148
-249
-225
-115
-80
-218
-339
-291
-139
-116
-222
-324
-302
-191
-173
-324
-458
-390
-209
-146
-257
-316
-185
-16
2
-52
-45
83
231
287
150
72
197
356
343
231
259
415
468
338
248
262
390
497
364
184
241
366
316
55
-90
66
210
130
-83
-195
-123
1
-97
-264
-321
-202
-126
-258
-478
-553
-414
-321
-356
-507
-531
-397
-231
-292
-446
-413
-169
-21
-146
-324
-245
29
113
48
-27
98
336
414
242
140
276
503
554
359
262
444
653
580
367
301
452
555
427
202
145
246
293
109
-154
-173
4
45
-157
-309
-225
-55
-85
-290
-461
-389
-229
-207
-404
-521
-379
-240
-338
-563
-606
-459
-268
-270
-353
-377
-193
9
-6
-201
-224
-36
129
124
8
25
208
398
359
201
126
356
596
542
313
250
420
569
486
242
134
293
531
489
182
-21
122
323
210
-85
-220
-70
170
110
-243
-450
-277
-47
-152
-515
-617
-382
-214
-333
-570
-576
-321
-120
-230
-462
-489
-252
-36
-103
-281
-284
-57
111
41
-129
-97
170
373
314
143
171
379
463
321
201
291
491
538
407
280
296
381
432
308
117
77
164
205
107
-46
-61
100
135
-49
-241
-249
-129
-99
-254
-424
-403
-283
-227
-366
-518
-411
-187
-157
-327
-464
-391
-214
-176
-279
-306
-165
26
45
-108
-158
23
235
211
88
120
309
399
299
201
268
460
501
348
232
318
473
443
231
123
222
298
233
60
-5
120
252
164
-16
-106
-27
22
-98
-219
-251
-200
-206
-288
-417
-408
-343
-285
-334
-423
-429
-359
-341
-401
-441
-405
-254
-147
-98
-100
-72
-7
75
51
6
43
139
206
176
155
194
268
314
330
358
403
468
482
419
308
252
266
264
186
155
179
165
91
6
7
17
13
-65
-77
-50
-54
-160
-276
-308
-245
-229
-295
-329
-312
-209
-198
-266
-367
-261
-123
-91
-223
-306
-215
-74
-51
-171
-236
-146
48
75
-5
-60
56
185
217
123
85
187
310
326
267
251
331
414
354
211
138
199
323
334
255
247
248
189
90
22
3
15
13
-12
-30
-49
-78
-137
-212
-208
-178
-205
-261
-302
-342
-361
-374
-368
-355
-338
-296
-274
-312
-320
-261
-185
-132
-77
-21
-12
-17
6
99
137
160
223
298
287
231
219
253
303
333
354
323
309
299
301
251
194
197
247
271
232
139
79
98
110
33
-94
-143
-124
-99
-182
-335
-411
-298
-188
-229
-370
-416
-306
-225
-262
-347
-323
-189
-43
-83
-209
-233
-121
-38
-116
-192
-136
22
97
86
30
71
183
261
248
221
252
264
237
199
198
202
212
215
228
226
205
180
159
169
178
169
91
11
17
59
38
-55
-112
-94
-32
-64
-168
-251
-216
-156
-177
-263
-323
-273
-208
-214
-291
-290
-211
-121
-123
-165
-167
-124
-102
-116
-103
-46
90
154
141
108
130
186
211
192
167
238
322
363
300
210
178
211
205
150
105
127
210
218
157
41
-35
-34
0
-24
-103
-131
-62
-2
-53
-171
-202
-141
-65
-63
-94
-135
-140
-130
-151
-188
-257
-254
-183
-104
-136
-163
-164
-123
-98
-85
-67
-25
9
0
-1
-26
4
39
44
35
96
171
220
210
180
196
228
240
219
191
169
210
219
162
84
94
143
133
25
-39
-4
39
1
-106
-167
-146
-79
-98
-147
-174
-130
-117
-156
-230
-275
-274
-231
-177
-170
-183
-177
-134
-119
-147
-191
-162
-74
-8
-28
-39
11
85
101
90
117
183
219
211
170
138
150
175
204
196
190
222
257
237
188
143
118
128
158
139
61
-4
24
91
55
-56
-98
-44
29
-2
-125
-225
-210
-165
-188
-264
-305
-239
-120
-72
-119
-154
-120
-58
-40
-74
-105
-95
-51
-15
-51
-106
-86
-14
10
17
60
102
96
79
97
136
137
121
127
137
139
130
111
82
72
85
116
115
103
89
74
57
35
-1
-15
-9
-48
-78
-70
-30
-4
-6
-50
-77
-71
-57
-65
-108
-121
-84
-14
-8
-59
-114
-102
-42
-19
-62
-109
-52
36
27
-67
-115
-59
34
47
-24
-46
10
71
49
-24
-26
62
117
67
-1
7
84
117
64
36
80
149
125
27
-20
15
69
59
4
1
39
35
-36
-106
-103
-39
10
-9
-50
-67
-52
-61
-102
-139
-107
-54
-29
-31
-61
-61
-30
9
-6
-54
-57
9
60
14
-45
-18
66
114
107
66
52
73
96
79
20
-2
44
108
84
10
-17
18
39
-1
-33
-22
15
32
27
10
12
28
71
68
11
-8
15
29
-2
-30
-34
-39
-80
-93
-74
-70
-100
-112
-79
-50
-37
-52
-63
-53
-18
16
35
31
41
25
-7
-29
-42
-58
-34
39
65
33
-3
21
35
27
20
56
85
91
84
75
59
35
38
41
51
47
43
38
46
68
50
-22
-45
11
37
-8
-77
-87
-72
-82
-110
-130
-128
-75
-18
-34
-90
-119
-89
-68
-94
-130
-103
-30
21
25
-8
-9
31
81
67
37
30
88
156
161
113
82
108
134
124
74
75
130
171
143
36
-46
-31
11
5
-21
0
36
36
-26
-102
-149
-143
-91
-57
-80
-108
-99
-88
-113
-161
-174
-142
-84
-67
-98
-141
-140
-103
-73
-80
-84
-46
16
47
32
23
23
60
74
55
37
63
97
117
122
118
149
173
167
135
148
185
197
139
86
99
121
112
66
36
46
59
21
-42
-78
-67
-40
-36
-63
-72
-46
-45
-114
-166
-155
-120
-118
-152
-162
-137
-98
-97
-114
-128
-94
-46
-39
-72
-77
-16
17
-14
-61
-38
20
56
58
50
84
131
140
102
78
96
133
147
124
124
149
163
134
62
11
25
82
95
65
35
61
101
55
-51
-110
-62
-26
-49
-84
-75
-42
-36
-79
-131
-136
-101
-62
-80
-123
-138
-128
-128
-142
-134
-83
-18
-1
-24
-48
-55
-53
-66
-82
-62
-18
26
52
52
70
93
103
105
92
84
110
142
150
125
103
104
89
63
47
52
77
111
100
54
21
14
-14
-62
-102
-99
-55
-39
-67
-105
-96
-62
-56
-90
-116
-98
-54
-48
-77
-99
-74
-16
5
-25
-50
-28
13
21
4
5
20
36
45
51
30
18
34
44
37
15
24
46
68
73
69
55
33
29
28
18
11
43
55
29
-3
8
34
22
-3
-1
12
14
1
-26
-48
-36
-9
-8
-27
-45
-39
-38
-44
-44
-41
-36
-30
-39
-50
-44
-34
-26
-31
-11
29
49
32
0
-1
20
36
37
37
41
45
45
20
4
11
37
54
51
36
