SAMPLES:	10399
BITSPERSAMPLE:	16
CHANNELS:	1
SAMPLERATE:	16000
NORMALIZED:	FALSE
-1
-1
-1
-1
-2
-2
-3
-4
-1
-1
-2
-3
-3
-3
-2
-2
-2
-3
-2
-3
-2
0
-1
-2
-1
-1
-2
-1
-2
-2
-1
-2
-2
-1
1
0
0
-1
1
1
0
0
-1
1
1
2
1
2
4
3
1
1
0
1
0
1
1
0
1
2
3
0
1
0
2
2
-1
-2
-3
-3
-2
-2
-4
-5
-5
-5
-4
-6
-7
-5
-5
-6
-7
-7
-6
-6
-8
-7
-6
-4
-6
-8
-7
-3
-4
-4
-5
-2
0
1
1
3
3
5
7
7
4
5
7
9
11
12
15
16
17
16
17
17
18
17
18
19
21
21
20
18
19
20
17
14
13
14
13
8
5
4
5
4
1
-3
-6
-7
-12
-16
-16
-17
-19
-21
-26
-26
-29
-30
-30
-32
-33
-32
-30
-28
-25
-26
-23
-21
-16
-13
-11
-13
-10
-8
-7
-3
-2
0
6
14
16
19
19
20
22
24
27
31
33
34
36
35
39
42
42
38
36
35
35
32
31
29
29
27
24
17
17
15
9
3
-1
-2
-3
-6
-14
-20
-25
-29
-38
-45
-52
-51
-53
-58
-69
-76
-80
-83
-84
-90
-92
-93
-92
-94
-96
-92
-85
-76
-70
-66
-61
-55
-46
-34
-24
-9
4
16
24
36
43
53
66
77
83
92
98
105
113
122
125
129
131
131
132
133
132
134
133
128
119
110
102
92
82
68
56
45
32
19
4
-9
-23
-40
-54
-68
-83
-92
-101
-110
-118
-122
-127
-129
-131
-134
-135
-135
-134
-130
-129
-125
-121
-118
-112
-104
-92
-83
-72
-64
-54
-42
-31
-21
-7
5
21
37
49
66
79
89
99
107
112
119
128
135
143
149
151
154
160
162
158
157
154
148
142
134
124
115
105
93
84
73
59
44
30
12
-5
-19
-32
-46
-62
-76
-85
-93
-104
-116
-129
-137
-148
-155
-160
-166
-170
-171
-174
-174
-173
-172
-174
-172
-171
-169
-167
-158
-149
-139
-125
-111
-101
-91
-77
-62
-46
-29
-13
1
20
46
60
76
89
109
125
143
155
166
176
191
198
206
218
227
238
247
250
242
247
244
243
234
229
218
207
189
171
151
132
114
95
80
59
36
11
-18
-45
-63
-81
-107
-129
-155
-177
-205
-232
-255
-272
-281
-295
-312
-334
-343
-354
-352
-352
-351
-351
-344
-329
-310
-282
-257
-229
-207
-181
-151
-118
-84
-54
-23
9
38
69
98
122
154
186
223
258
290
329
366
388
402
414
429
450
480
506
512
496
489
483
476
465
457
438
412
387
357
315
279
246
202
150
91
38
-24
-94
-177
-245
-308
-356
-407
-459
-512
-544
-584
-628
-667
-697
-714
-734
-742
-756
-756
-767
-762
-748
-732
-725
-713
-688
-662
-628
-584
-531
-479
-410
-340
-262
-171
-74
20
114
198
275
363
464
562
653
737
817
903
984
1045
1096
1135
1169
1195
1208
1213
1229
1249
1243
1220
1178
1133
1083
1036
961
857
750
644
544
428
317
173
45
-86
-202
-330
-464
-615
-778
-924
-1054
-1157
-1246
-1316
-1389
-1458
-1529
-1574
-1605
-1623
-1648
-1648
-1632
-1592
-1551
-1497
-1435
-1358
-1255
-1141
-1023
-905
-771
-632
-497
-375
-253
-96
77
255
414
557
693
837
998
1143
1286
1413
1546
1635
1708
1767
1816
1859
1905
1936
1926
1895
1832
1749
1658
1608
1563
1491
1368
1204
1017
863
733
596
414
229
50
-115
-270
-433
-586
-708
-793
-900
-997
-1095
-1162
-1219
-1260
-1332
-1402
-1450
-1474
-1486
-1540
-1630
-1722
-1738
-1712
-1671
-1687
-1740
-1791
-1774
-1695
-1599
-1517
-1434
-1313
-1173
-1024
-884
-748
-575
-332
-110
56
186
324
489
693
878
1033
1167
1324
1483
1603
1686
1759
1844
1929
1991
2006
2015
2015
2031
2033
2002
1897
1785
1699
1638
1578
1486
1341
1182
1029
875
737
592
437
244
69
-104
-256
-411
-540
-660
-770
-867
-952
-1031
-1112
-1155
-1168
-1182
-1218
-1258
-1310
-1343
-1381
-1468
-1585
-1631
-1582
-1528
-1527
-1615
-1777
-1904
-1877
-1781
-1709
-1662
-1645
-1647
-1568
-1415
-1270
-1114
-891
-635
-422
-283
-165
-3
267
581
834
997
1108
1231
1392
1562
1709
1878
2054
2178
2227
2244
2231
2242
2322
2384
2300
2140
2030
1971
1943
1895
1712
1443
1243
1158
1057
899
678
415
172
27
-87
-271
-448
-572
-652
-748
-846
-936
-987
-1004
-978
-957
-1002
-1078
-1103
-1112
-1146
-1159
-1129
-1141
-1186
-1256
-1447
-1680
-1706
-1509
-1364
-1388
-1574
-1882
-2035
-1866
-1642
-1597
-1648
-1692
-1691
-1551
-1347
-1225
-1071
-759
-451
-279
-171
-50
148
494
839
1027
1098
1181
1316
1501
1684
1839
1981
2126
2257
2326
2321
2278
2271
2289
2259
2205
2159
2136
2102
2031
1856
1581
1350
1245
1185
1047
827
518
234
51
-58
-194
-331
-405
-466
-534
-633
-749
-853
-856
-785
-756
-797
-884
-1004
-1104
-1136
-1143
-1172
-1223
-1273
-1398
-1614
-1835
-1896
-1809
-1686
-1655
-1845
-2135
-2275
-2189
-2061
-1988
-1976
-1966
-1908
-1759
-1646
-1567
-1381
-1058
-734
-514
-373
-244
-11
336
702
967
1125
1251
1401
1540
1706
1889
2116
2315
2491
2583
2632
2636
2642
2623
2588
2613
2660
2689
2608
2444
2155
1917
1747
1657
1506
1306
1028
731
471
250
49
-133
-229
-287
-325
-434
-570
-716
-769
-780
-757
-793
-873
-981
-1106
-1231
-1319
-1377
-1428
-1455
-1541
-1721
-1973
-2134
-2178
-2143
-2146
-2220
-2374
-2482
-2481
-2434
-2450
-2468
-2421
-2317
-2140
-1977
-1901
-1841
-1640
-1359
-1065
-773
-495
-226
114
461
766
1019
1267
1509
1737
1955
2120
2294
2504
2719
2903
3080
3199
3250
3233
3152
3054
3057
3151
3202
3113
2837
2482
2193
2051
1908
1686
1371
1019
681
410
164
-118
-349
-504
-582
-665
-758
-898
-1037
-1108
-1126
-1190
-1279
-1377
-1485
-1608
-1688
-1764
-1856
-1899
-1902
-1957
-2101
-2277
-2458
-2532
-2495
-2413
-2437
-2499
-2553
-2580
-2577
-2526
-2467
-2394
-2239
-2086
-1978
-1894
-1734
-1529
-1226
-858
-510
-192
116
427
745
1083
1429
1728
1994
2191
2374
2566
2787
3003
3218
3422
3567
3693
3710
3609
3420
3398
3476
3583
3592
3388
2976
2575
2355
2187
1986
1687
1307
891
579
287
-60
-414
-634
-764
-845
-967
-1142
-1335
-1438
-1450
-1471
-1580
-1718
-1825
-1934
-2034
-2125
-2208
-2282
-2285
-2253
-2318
-2512
-2722
-2819
-2796
-2735
-2694
-2758
-2815
-2785
-2692
-2662
-2631
-2556
-2399
-2196
-2021
-1896
-1773
-1526
-1172
-806
-511
-203
168
585
960
1288
1585
1907
2247
2555
2733
2872
3068
3309
3526
3715
3859
3953
4035
3992
3790
3579
3540
3591
3629
3502
3171
2706
2337
2129
1950
1700
1340
878
427
96
-213
-565
-902
-1128
-1257
-1342
-1465
-1663
-1845
-1927
-1933
-1951
-2011
-2131
-2244
-2323
-2365
-2415
-2433
-2444
-2404
-2383
-2496
-2691
-2847
-2844
-2709
-2505
-2410
-2459
-2541
-2502
-2391
-2228
-2049
-1911
-1751
-1566
-1402
-1277
-1039
-738
-388
-21
297
566
869
1224
1567
1894
2217
2476
2679
2842
2964
3075
3253
3463
3650
3826
3928
3928
3798
3577
3316
3240
3313
3393
3237
2879
2358
1909
1679
1539
1288
887
436
-30
-388
-714
-1069
-1400
-1528
-1564
-1588
-1706
-1865
-2054
-2123
-2102
-2067
-2083
-2108
-2135
-2182
-2214
-2259
-2273
-2270
-2197
-2131
-2176
-2372
-2573
-2619
-2448
-2207
-2072
-2118
-2246
-2274
-2102
-1875
-1739
-1681
-1595
-1465
-1285
-1102
-927
-717
-384
11
345
615
855
1153
1508
1875
2167
2391
2564
2725
2876
3028
3163
3332
3534
3701
3803
3848
3714
3424
3176
3162
3273
3375
3270
2870
2302
1896
1687
1511
1283
927
500
77
-233
-588
-965
-1268
-1369
-1396
-1431
-1560
-1725
-1903
-1986
-1977
-1964
-1991
-2030
-2061
-2121
-2172
-2255
-2296
-2328
-2281
-2271
-2352
-2562
-2771
-2813
-2695
-2491
-2387
-2397
-2494
-2480
-2331
-2120
-1991
-1884
-1761
-1640
-1473
-1245
-1004
-751
-387
15
354
655
972
1278
1621
1984
2279
2482
2683
2846
2984
3133
3334
3517
3735
3872
3940
3886
3710
3402
3191
3271
3459
3536
3314
2840
2226
1915
1791
1655
1289
889
462
103
-197
-546
-975
-1271
-1317
-1334
-1408
-1555
-1718
-1910
-1953
-1937
-1929
-2005
-2045
-2076
-2108
-2187
-2316
-2434
-2458
-2406
-2390
-2515
-2757
-2845
-2732
-2554
-2529
-2617
-2707
-2630
-2336
-2095
-2086
-2188
-2117
-1890
-1585
-1325
-1139
-902
-542
-146
128
346
618
1014
1464
1837
2090
2284
2483
2658
2838
3017
3188
3387
3642
3805
3865
3884
3764
3458
3228
3266
3438
3599
3526
3123
2501
2081
1913
1772
1505
1159
771
361
65
-275
-679
-1001
-1081
-1100
-1130
-1234
-1421
-1618
-1722
-1727
-1733
-1735
-1781
-1813
-1850
-1941
-2110
-2285
-2406
-2495
-2450
-2501
-2736
-2957
-2914
-2804
-2769
-2793
-2969
-3068
-2857
-2462
-2350
-2370
-2381
-2292
-2096
-1767
-1533
-1325
-930
-472
-137
100
361
644
1068
1507
1867
2120
2382
2578
2776
2995
3184
3397
3697
3950
4061
4186
4140
3820
3456
3425
3574
3779
3839
3515
2903
2421
2231
2056
1809
1456
1061
644
363
12
-459
-856
-1003
-1018
-1018
-1045
-1194
-1368
-1504
-1595
-1687
-1752
-1804
-1816
-1828
-1891
-2061
-2265
-2479
-2633
-2741
-2904
-3046
-3058
-2919
-2902
-3046
-3382
-3606
-3487
-3011
-2671
-2618
-2665
-2726
-2574
-2330
-2090
-1932
-1475
-897
-406
-140
30
194
562
1153
1630
1947
2239
2537
2732
2928
3121
3310
3590
3917
4149
4233
4307
4217
3948
3582
3446
3546
3832
3941
3614
2971
2417
2138
2021
1854
1468
1013
619
341
-56
-524
-959
-1162
-1151
-1022
-1014
-1150
-1330
-1496
-1616
-1683
-1753
-1838
-1864
-1824
-1818
-1961
-2201
-2465
-2689
-2820
-2882
-2914
-2876
-2810
-2867
-3118
-3413
-3549
-3372
-3029
-2718
-2616
-2605
-2575
-2415
-2240
-2047
-1750
-1273
-716
-265
39
207
425
743
1183
1604
2016
2374
2660
2835
2970
3153
3353
3636
3924
4158
4267
4326
4180
3786
3446
3413
3608
3791
3712
3218
2541
2064
1872
1697
1446
1099
757
437
142
-269
-746
-1156
-1231
-1122
-1021
-1059
-1142
-1292
-1429
-1506
-1588
-1679
-1751
-1673
-1585
-1553
-1708
-1982
-2284
-2519
-2660
-2696
-2652
-2577
-2558
-2739
-3108
-3414
-3427
-3217
-2934
-2700
-2609
-2606
-2496
-2294
-2151
-1983
-1654
-1178
-699
-315
-54
72
260
640
1071
1448
1824
2211
2466
2668
2874
3049
3232
3543
3849
4057
4235
4269
4023
3552
3230
3209
3469
3670
3546
3019
2418
2020
1848
1650
1308
904
549
296
25
-369
-863
-1195
-1224
-1094
-1000
-1021
-1107
-1194
-1272
-1334
-1447
-1588
-1648
-1529
-1386
-1416
-1628
-1914
-2234
-2513
-2640
-2701
-2699
-2628
-2626
-2849
-3163
-3370
-3375
-3181
-2920
-2746
-2615
-2464
-2285
-2133
-2036
-1896
-1571
-1048
-531
-140
168
413
662
1020
1441
1790
2161
2508
2769
2971
3227
3426
3595
3838
4039
4177
4277
4199
3638
3083
2934
3251
3522
3507
2925
2220
1838
1826
1670
1288
868
496
208
-48
-430
-920
-1166
-1114
-924
-824
-859
-968
-1025
-1064
-1136
-1296
-1428
-1411
-1321
-1360
-1554
-1814
-2051
-2318
-2918
-3632
-3718
-3131
-2581
-2469
-2755
-3210
-3172
-2650
-2376
-2508
-2427
-2167
-2029
-2084
-2485
-2737
-2122
-925
-69
53
-131
227
1095
1480
1551
1968
2583
3060
3415
3398
3004
3149
4118
5368
6540
6567
5083
3375
2506
1707
706
110
350
720
116
-1231
-1672
-462
731
648
-120
-183
417
485
-852
-2264
-1848
206
1608
1441
788
716
967
760
-89
-984
-1029
-568
-487
-1078
-1727
-1961
-1598
-1004
-760
-1240
-2208
-2995
-3226
-3051
-2971
-3097
-3048
-2447
-1621
-1401
-2040
-2703
-2508
-1822
-1570
-1856
-2107
-1717
-771
-82
-150
-168
698
1960
2585
2274
1816
2008
2825
3239
2734
2179
2730
4116
5195
5275
4728
4396
4044
2353
-814
-2992
-2484
-548
139
-1155
-2706
-2231
-43
1491
1376
1113
1573
1884
1030
-640
-1754
-1053
1074
2632
2508
1358
432
172
323
145
-537
-1168
-1248
-1151
-1337
-1683
-1728
-969
286
982
94
-1774
-3117
-3493
-3539
-3641
-3646
-3281
-2381
-1817
-2433
-3328
-3139
-2291
-1751
-1753
-2103
-2237
-1585
-708
-323
205
1271
2330
2781
2664
2149
2005
2483
2813
2451
2091
2188
2601
3151
3846
4514
5156
5361
3919
498
-2954
-3948
-2335
-428
-464
-1993
-2456
-653
1602
2220
1882
2327
3316
3035
922
-1500
-2073
-261
2052
2812
1749
476
65
368
397
-257
-1144
-1518
-1393
-1384
-1766
-2014
-1452
-132
1006
618
-1497
-3671
-4230
-3329
-2576
-2998
-4055
-4073
-2540
-1193
-1614
-2814
-2901
-1900
-1294
-1946
-2885
-2481
-398
1513
1657
828
909
2184
3251
2962
1767
1175
1714
2250
1684
900
1353
3104
4859
5481
5268
4872
3877
1004
-2817
-4861
-3674
-1313
-556
-1834
-2499
-690
2098
3385
3227
3346
3810
3283
973
-1838
-2936
-1406
1219
2581
2063
793
105
243
439
-1
-872
-1450
-1561
-1600
-1777
-1716
-1039
284
1500
1433
-393
-2844
-4220
-4044
-3330
-3238
-3781
-3793
-2497
-927
-707
-1773
-2450
-1865
-1011
-1117
-2015
-2214
-961
711
1299
791
568
1421
2487
2612
1694
836
881
1314
1234
890
1173
2289
3693
4876
5515
5704
4833
1898
-2474
-5434
-4989
-2650
-1434
-2226
-2734
-862
2269
3942
3805
3843
4666
4514
2106
-1351
-3275
-2336
256
2039
1865
702
58
322
726
452
-452
-1111
-1203
-1160
-1370
-1512
-1067
117
1480
1742
178
-2239
-3787
-4085
-3909
-3983
-4145
-3645
-2203
-854
-685
-1337
-1673
-1451
-1179
-1328
-1801
-1856
-980
205
695
641
760
1332
1918
2039
1504
872
759
903
813
679
1063
2081
3564
4998
5927
6149
5031
1688
-2946
-6004
-5677
-3481
-2259
-2714
-2662
-267
3008
4601
4480
4658
5361
4836
2070
-1615
-3651
-2777
-233
1535
1592
804
433
711
966
468
-604
-1409
-1501
-1289
-1354
-1460
-994
159
1419
1767
450
-1790
-3244
-3571
-3839
-4596
-5009
-4152
-2072
-364
-381
-1330
-1475
-777
-530
-1076
-1758
-1610
-553
411
370
-32
276
1276
2124
2119
1377
733
911
1372
1276
842
1056
2411
4180
5471
5985
6198
5538
2522
-2663
-6921
-7343
-4701
-2697
-2907
-3185
-831
3101
5473
5478
5034
5197
4587
1819
-2192
-4762
-4172
-1348
1115
1737
1054
455
606
980
685
-441
-1546
-1880
-1605
-1389
-1424
-1117
-28
1401
2151
1446
-582
-2784
-4054
-4663
-5148
-5221
-4321
-2436
-382
592
128
-598
-594
-262
-359
-866
-1267
-1017
-251
287
255
318
887
1773
2356
2056
1229
705
1002
1411
1470
1359
1780
3133
4751
5796
6164
6031
4459
343
-5074
-8399
-7606
-4678
-3104
-3145
-2084
1462
5107
6342
5709
5224
4923
3104
-660
-4468
-5758
-4031
-1060
933
1282
881
841
1327
1575
869
-515
-1477
-1523
-1171
-1129
-1225
-922
93
1355
1871
744
-1553
-3652
-4772
-4962
-4647
-4121
-3301
-1913
-161
860
601
-367
-971
-920
-924
-1417
-1849
-1223
319
1658
1875
1276
981
1539
2132
1947
1193
760
986
1398
1675
1970
2901
4369
5723
6313
6102
4835
1551
-3492
-7821
-8663
-6378
-3928
-3020
-2068
993
5092
7193
6618
5394
4695
3163
-357
-4509
-6712
-5676
-2675
24
1107
1197
1370
1947
2212
1384
-259
-1629
-1894
-1544
-1307
-1376
-1160
-313
889
1645
1406
69
-1951
-3689
-4662
-4818
-4577
-4240
-3535
-1858
305
1346
732
-267
-468
-196
-392
-1201
-1692
-997
382
1109
714
167
570
1787
2426
1839
837
678
1481
2325
2668
2762
3308
4426
5514
5960
5689
4245
758
-4281
-8273
-8713
-6127
-3473
-2242
-825
2529
6447
8081
7050
5266
3594
1025
-2721
-6032
-6911
-4999
-1862
619
1744
2060
2299
2530
2204
831
-915
-1980
-2027
-1764
-1721
-1683
-1185
-15
1322
1977
1341
-278
-2092
-3442
-4241
-4708
-4863
-4489
-3183
-1163
584
993
323
-225
-153
-29
-561
-1286
-1347
-476
401
440
-114
-172
668
1591
1724
1250
1053
1482
2147
2391
2336
2561
3438
4536
5020
4968
4786
4097
1418
-3346
-7760
-8737
-6194
-3157
-1697
-513
2481
6271
8148
7227
5078
2809
94
-3245
-6068
-6820
-5174
-2213
546
2215
2804
2852
2588
1888
615
-787
-1692
-1972
-1971
-2040
-2014
-1452
-197
1192
1873
1449
129
-1520
-2933
-3961
-4609
-4744
-4265
-3079
-1461
-16
549
378
147
157
-92
-891
-1606
-1534
-615
256
422
141
284
951
1541
1553
1312
1374
1859
2394
2590
2704
3037
3633
4042
4173
4236
4368
3507
422
-4235
-7743
-7790
-5150
-2671
-1460
25
3161
6571
7965
6823
4498
1899
-1140
-4304
-6353
-6253
-4239
-1449
1017
2599
3251
3180
2569
1513
270
-804
-1481
-1929
-2217
-2263
-1801
-758
562
1497
1629
1097
168
-1065
-2551
-3944
-4687
-4497
-3746
-2793
-1658
-451
334
578
452
82
-563
-1309
-1783
-1598
-935
-273
71
271
644
1109
1389
1345
1281
1391
1795
2312
2665
2881
3053
3250
3496
3859
4367
4653
3474
-80
-4814
-7897
-7403
-4670
-2471
-1443
260
3662
7007
8021
6491
3959
1211
-1821
-4727
-6337
-5977
-3940
-1230
1273
3003
3761
3574
2647
1365
58
-978
-1753
-2299
-2604
-2356
-1488
-275
828
1495
1596
1173
392
-832
-2353
-3754
-4372
-4239
-3790
-3245
-2361
-1059
227
930
794
166
-499
-891
-1061
-1083
-971
-750
-441
-42
450
916
1291
1550
1745
1870
2060
2249
2413
2515
2612
2670
2890
3433
4207
4744
3834
724
-3749
-7080
-7317
-5136
-2970
-1819
-224
2979
6533
8129
7092
4533
1406
-1919
-4830
-6399
-6202
-4409
-1705
1149
3317
4311
4060
2956
1510
146
-955
-1932
-2706
-3126
-2769
-1736
-400
684
1388
1741
1668
1072
-216
-1931
-3583
-4521
-4668
-4326
-3782
-2915
-1532
24
1085
1192
642
1
-389
-612
-795
-952
-927
-683
-275
156
532
993
1542
2003
2329
2478
2493
2460
2417
2409
2410
2559
2965
3642
4323
4121
1894
-2254
-6201
-7307
-5411
-3058
-1956
-993
1666
5466
7930
7616
5200
2060
-1170
-4051
-5965
-6283
-4992
-2520
470
3132
4596
4473
3222
1646
270
-886
-1970
-2871
-3282
-2912
-1932
-728
312
1057
1572
1812
1530
391
-1434
-3251
-4367
-4666
-4612
-4462
-3767
-2239
-328
1000
1257
787
322
33
-296
-808
-1227
-1166
-643
-87
237
501
920
1575
2086
2321
2303
2260
2325
2424
2347
2098
2145
2697
3596
4407
4425
2730
-928
-4964
-6911
-5784
-3551
-2221
-1415
785
4492
7501
7864
5805
2786
-325
-3196
-5435
-6351
-5612
-3394
-332
2712
4619
4785
3609
1979
508
-814
-2083
-3190
-3629
-3224
-2116
-829
302
1130
1711
1985
1755
705
-1061
-2876
-4160
-4703
-4880
-4874
-4330
-2830
-708
1057
1691
1363
757
192
-414
-1040
-1382
-1169
-572
0
354
587
907
1424
1962
2295
2354
2240
2192
2272
2207
2001
1976
2433
3341
4350
4833
3520
-140
-4561
-6908
-5919
-3550
-2249
-1749
96
3824
7228
7928
5871
2768
-248
-2908
-5022
-6076
-5674
-3681
-581
2611
4636
4843
3653
2044
607
-703
-2068
-3285
-3780
-3304
-2085
-690
494
1313
1866
2116
1880
953
-661
-2469
-3923
-4780
-5062
-4941
-4356
-3032
-1109
660
1598
1564
1002
375
-213
-718
-1123
-1268
-1064
-581
-93
248
529
967
1631
2245
2518
2363
2050
1900
1953
1913
1908
2157
2826
3755
4529
4167
1573
-2678
-6114
-6378
-4123
-2222
-1822
-1082
1899
5840
7755
6483
3534
601
-1854
-3919
-5313
-5469
-4068
-1378
1790
4222
4948
4049
2485
1077
-152
-1542
-2901
-3658
-3363
-2240
-852
258
1014
1541
1930
1971
1470
356
-1269
-3110
-4711
-5611
-5567
-4672
-3318
-1767
-225
1036
1669
1538
817
-29
-706
-1187
-1501
-1567
-1345
-874
-287
339
992
1738
2398
2737
2619
2155
1716
1565
1601
1629
1787
2339
3376
4542
5012
3485
-245
-4432
-6352
-5066
-2807
-1930
-1861
-241
3451
6745
7165
4912
1931
-513
-2387
-3937
-4957
-4751
-2929
126
3090
4625
4243
2805
1368
233
-934
-2284
-3310
-3391
-2497
-1210
-144
502
973
1490
1919
1901
1232
-143
-2017
-3932
-5273
-5677
-5081
-3886
-2417
-952
309
1112
1363
1108
526
-184
-867
-1302
-1374
-1172
-897
-587
-197
366
1053
1756
2228
2361
2280
2091
1881
1679
1455
1485
2055
3081
3980
4425
4008
1859
-1887
-5299
-5943
-3986
-2138
-1860
-1560
810
4540
6899
6223
3576
878
-1102
-2635
-3965
-4625
-3844
-1385
1740
3918
4194
3047
1694
671
-185
-1282
-2413
-3013
-2634
-1679
-667
49
648
1345
2038
2345
1913
737
-920
-2709
-4335
-5409
-5630
-4823
-3329
-1748
-584
201
782
1185
1151
574
-328
-1060
-1292
-1190
-1107
-1154
-1002
-440
475
1354
1936
2190
2265
2158
1822
1425
1200
1259
1638
2297
3005
3557
4021
3946
2116
-1512
-4923
-5592
-3617
-1802
-1731
-1760
439
4201
6562
5846
3318
989
-572
-1816
-3136
-4012
-3498
-1328
1387
3015
3013
2140
1367
812
127
-849
-1810
-2271
-2130
-1582
-938
-282
456
1341
2164
2459
1926
647
-956
-2628
-4177
-5311
-5644
-4957
-3494
-1941
-874
-168
458
1047
1190
630
-354
-1081
-1241
-1073
-1077
-1314
-1259
-511
656
1521
1855
1925
1952
1916
1651
1315
1309
1610
2075
2566
3004
3357
3711
4062
3211
216
-3672
-5532
-4244
-2144
-1800
-2338
-864
2912
6076
6208
3985
1587
58
-992
-2236
-3454
-3710
-2315
85
1993
2502
1975
1334
953
569
-130
-1067
-1850
-2103
-1820
-1242
-642
-45
806
1842
2462
2167
1023
-538
-2197
-3802
-5135
-5829
-5536
-4246
-2498
-1125
-288
361
979
1273
906
91
-625
-796
-645
-714
-1035
-1052
-438
430
1071
1326
1431
1612
1765
1864
1896
2003
2165
2321
2522
2882
3297
3707
4058
3150
128
-3731
-5586
-4330
-2284
-2017
-2628
-1160
2657
5831
5873
3668
1570
397
-507
-1844
-3303
-3733
-2416
-48
1797
2162
1587
1108
994
799
132
-841
-1573
-1704
-1416
-1025
-674
-199
738
1881
2475
2044
813
-782
-2368
-3834
-5084
-5833
-5636
-4288
-2338
-834
-227
54
546
1065
1037
398
-299
-504
-370
-454
-794
-922
-531
158
672
874
1013
1315
1704
1953
2026
2198
2626
2890
2821
2729
2933
3508
4082
3327
205
-3868
-5902
-4473
-2020
-1665
-2640
-1644
2071
5419
5667
3603
1726
875
198
-1147
-2927
-3793
-2745
-378
1499
1822
1219
880
1066
1105
544
-368
-1120
-1418
-1422
-1334
-1136
-631
411
1624
2168
1682
589
-777
-2216
-3669
-4959
-5681
-5382
-3997
-2155
-892
-455
-92
607
1183
1061
288
-368
-412
-170
-238
-604
-798
-495
30
337
466
707
1321
2009
2396
2417
2468
2757
3010
3020
2947
3029
3217
3432
2634
-184
-3816
-5539
-4114
-1854
-1502
-2361
-1377
2032
4963
5128
3326
1797
1108
380
-1091
-2834
-3554
-2474
-396
1065
1278
947
950
1259
1248
700
-121
-856
-1274
-1425
-1474
-1328
-751
287
1331
1683
1189
241
-883
-2143
-3309
-4224
-4762
-4755
-3940
-2437
-1038
-434
-375
-27
652
1077
830
162
-203
-41
74
-291
-835
-958
-571
-75
287
638
1326
2209
2775
2841
2748
2874
3030
2743
2272
2096
2315
2653
2600
1062
-1983
-4535
-4514
-2264
-826
-1625
-2382
-456
3047
4921
4058
2296
1390
972
12
-1697
-3153
-3053
-1373
473
1196
945
702
1020
1396
1231
578
-212
-919
-1506
-1863
-1831
-1313
-414
652
1368
1331
748
-135
-1267
-2506
-3458
-4109
-4440
-4176
-3102
-1646
-757
-633
-556
48
808
1117
812
401
351
393
21
-733
-1284
-1154
-470
261
761
1293
2069
2743
2928
2747
2709
2892
2718
2081
1522
1427
1720
2205
1987
-6
-2873
-4259
-2886
-866
-1013
-2572
-2183
1029
4060
4398
2783
1529
1164
696
-592
-2200
-2817
-1817
-45
1043
1043
701
822
1236
1291
872
198
-650
-1523
-2097
-2116
-1577
-723
256
1099
1472
1294
639
-551
-2028
-3176
-3661
-3926
-4084
-3687
-2613
-1392
-794
-821
-662
143
1002
1280
965
569
490
325
-353
-1230
-1511
-869
207
946
1272
1719
2307
2635
2596
2467
2548
2420
1741
1048
981
1512
2224
2561
1445
-1193
-3375
-3127
-1184
-615
-2255
-3148
-863
2730
4211
3109
1642
1250
1268
506
-1110
-2276
-1844
-245
1016
1170
740
609
826
963
779
341
-378
-1339
-2137
-2323
-1774
-905
-31
767
1351
1496
1032
-142
-1743
-2990
-3401
-3559
-3900
-3900
-3003
-1650
-906
-1024
-1081
-304
827
1364
988
389
236
345
18
-716
-1059
-493
543
1147
1193
1341
1856
2261
2200
1962
2023
2174
1843
1206
1026
1579
2471
3161
2485
14
-2604
-3162
-1640
-677
-1981
-3378
-1855
1733
3767
3012
1484
1138
1500
1136
-254
-1518
-1398
-122
994
1101
608
304
434
529
306
-59
-566
-1340
-2122
-2367
-1836
-888
-50
553
1006
1228
951
34
-1356
-2612
-3033
-2982
-3254
-3673
-3431
-2350
-1282
-1062
-1300
-929
174
1055
1077
520
183
368
553
265
-73
64
552
879
847
900
1348
1812
1799
1523
1450
1734
1828
1484
1292
1762
2616
3210
3102
1556
-1051
-2880
-2529
-1026
-998
-2671
-3197
-743
2338
3111
1926
1088
1463
1834
1043
-420
-1028
-285
892
1323
799
43
-190
16
81
-186
-589
-1077
-1720
-2190
-2107
-1381
-442
339
821
1070
974
403
-693
-1967
-2714
-2792
-2889
-3309
-3481
-2905
-1947
-1459
-1577
-1419
-505
497
823
505
298
736
1286
1137
498
189
487
800
684
467
776
1363
1606
1391
1210
1453
1757
1742
1687
1989
2634
3313
3525
2102
-786
-2826
-2217
-365
-451
-2715
-3778
-1376
2007
2901
1471
479
1158
2063
1494
-115
-818
120
1410
1582
607
-383
-551
-143
-16
-408
-895
-1270
-1705
-2153
-2186
-1456
-322
517
828
843
728
345
-485
-1604
-2372
-2515
-2596
-3006
-3302
-2893
-1952
-1406
-1554
-1613
-950
-28
466
388
304
775
1502
1664
1094
516
467
693
722
604
717
1078
1371
1372
1276
1426
1635
1696
1755
2104
2737
3370
3496
2052
-592
-2366
-1846
-318
-501
-2614
-3753
-1781
1234
2176
889
-53
852
2210
1890
93
-788
287
1711
1535
79
-884
-573
141
70
-631
-1115
-1121
-1134
-1560
-2001
-1624
-426
533
670
292
63
103
-79
-904
-1895
-2395
-2538
-2722
-2899
-2663
-2014
-1626
-1809
-1850
-1162
-169
373
353
358
962
1714
1798
1122
485
476
832
1006
865
807
995
1320
1418
1320
1362
1458
1470
1577
2018
2637
3288
3301
1657
-979
-2287
-1191
307
-509
-3126
-3945
-1377
1728
2160
357
-676
564
2333
2019
-66
-1046
370
2103
1774
-222
-1401
-515
922
910
-377
-1292
-1105
-698
-1121
-1994
-1891
-580
580
563
-134
-434
-70
111
-669
-1870
-2541
-2575
-2522
-2643
-2550
-2082
-1799
-1876
-1770
-1154
-422
-18
111
439
1093
1551
1326
719
467
694
954
984
997
1161
1424
1528
1452
1539
1748
1632
1267
1272
1921
2743
3108
2432
569
-1287
-1501
-148
511
-1050
-3100
-2720
-12
1904
1187
-619
-838
886
2179
1230
-596
-610
1207
2296
1037
-948
-1164
358
1313
458
-923
-1207
-581
-452
-1292
-1993
-1416
-154
318
-263
-851
-658
-83
-89
-912
-1906
-2472
-2605
-2506
-2282
-1940
-1812
-2107
-2270
-1671
-670
-162
-283
-291
428
1328
1468
817
380
692
1201
1239
940
958
1429
1909
1916
1657
1675
1843
1705
1385
1432
2041
2816
2852
1414
-697
-1660
-674
757
227
-2145
-3317
-1356
1527
2018
9
-1555
-554
1542
1765
-98
-1120
325
2226
1939
-245
-1556
-456
1402
1451
-205
-1374
-1018
-266
-503
-1486
-1781
-787
260
136
-738
-1084
-515
91
-262
-1479
-2594
-2877
-2357
-1800
-1754
-2047
-2188
-1906
-1310
-851
-757
-783
-433
311
892
867
489
479
986
1371
1192
960
1199
1699
1947
1860
1822
2019
1996
1503
1142
1408
2035
2697
2495
844
-1164
-1554
-200
1032
-34
-2563
-3039
-547
2130
1805
-758
-1919
-224
1670
1059
-1023
-1197
1028
2562
1490
-704
-1295
187
1696
1275
-342
-1258
-888
-228
-381
-1135
-1376
-707
73
111
-556
-943
-521
-11
-369
-1565
-2773
-3120
-2413
-1481
-1389
-2135
-2573
-1908
-747
-344
-851
-1291
-607
608
1006
291
-321
349
1459
1646
972
664
1236
2121
2320
1852
1676
2075
2214
1689
1164
1402
2301
2929
2069
-40
-1491
-883
808
883
-1447
-3390
-2073
1087
2329
487
-1811
-1481
863
1893
166
-1674
-726
1765
2507
761
-1007
-590
1227
1818
405
-1198
-1345
-402
147
-403
-1159
-1095
-426
-10
-170
-572
-608
-252
-194
-1010
-2293
-2937
-2508
-1704
-1554
-2286
-2871
-2253
-907
-318
-897
-1534
-1086
105
659
158
-358
135
1175
1566
1070
791
1284
1864
1960
1794
1932
2266
2151
1539
1220
1766
2594
2863
1858
44
-934
-153
1244
883
-1587
-3544
-2256
966
2194
201
-2042
-1432
1011
1788
-134
-1880
-929
1360
2006
467
-846
-47
1735
2056
483
-1166
-1265
-273
240
-378
-1107
-958
-278
10
-362
-827
-635
56
186
-817
-2103
-2508
-1843
-1132
-1513
-2767
-3286
-2106
-543
-380
-1474
-2009
-979
477
546
-581
-1003
177
1598
1701
813
588
1469
2238
1948
1398
1790
2631
2688
1793
1111
1595
2759
2719
709
-1276
-872
1418
2334
-43
-3288
-3212
165
2469
880
-2175
-2503
222
2240
896
-1731
-1980
300
1905
918
-913
-777
1300
2576
1405
-682
-1290
-174
818
265
-1078
-1455
-519
352
129
-741
-1128
-741
-299
-695
-1668
-2077
-1489
-782
-1100
-2288
-2936
-2078
-765
-646
-1687
-2256
-1382
-40
196
-673
-1051
-122
1045
1184
730
955
1894
2462
2077
1519
1550
1931
2148
2171
2233
2514
2594
1582
-167
-861
189
1460
794
-1510
-2602
-687
1912
1738
-1048
-2830
-1373
1238
1667
-295
-1721
-801
962
1109
-353
-1136
50
1683
1651
193
-754
-183
857
839
-259
-982
-523
290
360
-309
-872
-777
-430
-752
-1805
-2342
-1677
-622
-497
-1584
-2458
-1809
-415
-290
-1653
-2656
-1843
-197
87
-1118
-1764
-641
863
1059
178
-101
926
2120
2172
1477
1436
2118
2402
1832
1272
1612
2712
2998
1533
-342
-476
956
1363
-657
-2947
-2353
692
2390
716
-1900
-1983
352
1734
310
-1777
-1597
467
1614
543
-980
-743
922
1749
773
-609
-674
430
1103
416
-681
-693
273
928
553
-302
-721
-464
-390
-1105
-1878
-1777
-1097
-1044
-1842
-2204
-1179
153
-34
-1607
-2494
-1386
281
277
-1314
-2159
-1110
420
727
58
-127
662
1532
1522
1199
1386
1885
1969
1779
1915
2337
2414
1496
121
-312
752
1760
771
-1601
-2537
-683
1478
1069
-1381
-2528
-743
1689
1690
-529
-1801
-675
1027
987
-392
-878
312
1619
1292
-182
-936
-167
802
606
-494
-1025
-334
688
855
148
-455
-356
-72
-447
-1145
-1412
-1050
-884
-1452
-2041
-1664
-632
-371
-1141
-1774
-1213
-49
243
-676
-1486
-982
192
622
2
-510
-144
734
1301
1339
1249
1221
1358
1545
1645
1761
2015
1896
1053
293
576
1382
1060
-851
-2229
-1167
1087
1444
-589
-2312
-1449
812
1471
-157
-1700
-1040
814
1473
293
-856
-332
1078
1483
522
-330
-43
718
602
-370
-962
-526
268
421
-125
-642
-416
40
-158
-841
-1158
-956
-934
-1347
-1525
-1040
-531
-898
-1692
-1701
-621
222
-248
-1203
-1110
25
747
417
-172
49
824
1248
941
657
891
1288
1344
1180
1345
1845
1835
781
-244
106
1378
1568
-128
-1754
-1017
1236
1689
-562
-2626
-1875
592
1552
-66
-1889
-1360
673
1464
257
-938
-389
1109
1553
571
-370
-101
801
913
-5
-712
-306
437
413
-308
-848
-640
-140
-352
-1187
-1491
-930
-414
-713
-1289
-1186
-479
-273
-983
-1537
-1080
-101
59
-751
-1196
-369
746
819
129
-130
608
1467
1569
1088
908
1219
1524
1486
1336
1304
1025
281
-155
402
1138
487
-1329
-2062
-424
1531
958
-1537
-2610
-748
1598
1407
-1025
-2493
-1282
757
947
-558
-1354
-269
1293
1516
524
-133
361
1065
746
-286
-614
136
864
601
-203
-510
-56
118
-584
-1410
-1338
-709
-678
-1332
-1591
-912
-212
-483
-1186
-1090
-86
423
-310
-1153
-759
443
913
375
-98
421
1337
1743
1327
863
984
1510
1786
1594
1394
1207
731
263
410
867
467
-793
-1557
-700
636
345
-1512
-2515
-1233
525
533
-1118
-2025
-971
737
984
-260
-1043
-308
916
990
48
-553
-72
715
790
245
-46
328
722
495
-72
-244
3
-20
-512
-951
-758
-362
-560
-1196
-1302
-743
-488
-942
-1413
-1083
-286
-90
-735
-1133
-434
680
968
391
32
592
1447
1713
1401
1134
1368
1850
1973
1704
1368
938
330
215
863
1251
278
-1215
-1206
390
1277
-205
-2403
-2586
-522
1035
-33
-2387
-2942
-1019
743
297
-1352
-1764
-341
1210
1131
-76
-566
271
1138
782
-300
-754
-166
497
436
-39
-167
8
29
-282
-536
-533
-559
-797
-917
-649
-401
-491
-729
-709
-423
-322
-524
-561
-152
311
422
254
205
507
958
1251
1430
1623
1765
1939
2121
2170
1811
1161
635
729
1234
1142
56
-1058
-738
516
712
-895
-2372
-1811
-5
657
-834
-2599
-2318
-357
585
-578
-2009
-1723
-120
810
138
-1009
-965
145
818
277
-549
-562
109
603
471
110
-92
-40
-111
-387
-580
-607
-674
-723
-552
-359
-357
-490
-584
-530
-404
-378
-440
-266
172
480
503
430
512
808
1216
1485
1460
1320
1455
1808
2022
1855
1265
608
681
1527
1814
684
-688
-571
802
1289
-225
-2057
-1860
-46
728
-794
-2741
-2646
-772
328
-714
-2241
-2027
-251
865
139
-1200
-1274
14
966
424
-780
-1044
-216
501
315
-406
-745
-331
172
53
-501
-755
-483
-70
-9
-328
-576
-443
-217
-339
-665
-598
-35
393
336
154
342
741
906
734
663
1086
1674
1803
1575
1633
2054
2069
1382
794
1112
1639
1162
-181
-764
148
1105
333
-1434
-1774
-243
905
-112
-2064
-2522
-993
311
-383
-2028
-2187
-558
704
89
-1368
-1708
-575
465
84
-1101
-1406
-476
378
155
-606
-762
-200
222
-27
-519
-653
-426
-260
-393
-573
-527
-357
-313
-368
-323
-135
129
288
421
647
908
941
828
905
1226
1524
1525
1412
1564
1984
2096
1417
574
693
1623
1759
478
-679
-140
1350
1467
-358
-1892
-1101
776
927
-1046
-2670
-2004
-228
137
-1393
-2666
-1875
-19
589
-517
-1560
-1193
-2
450
-302
-1154
-1010
-223
101
-330
-868
-965
-715
-462
-466
-668
-757
-575
-323
-215
-247
-293
-190
52
211
147
141
322
521
569
595
651
692
889
1196
1386
1318
1355
1688
2170
2290
1665
857
874
1642
1742
551
-512
16
1277
1151
-523
-1690
-986
388
300
-1265
-2220
-1261
202
122
-1376
-2182
-1227
149
199
-902
-1568
-1009
-80
-42
-910
-1517
-1127
-372
-142
-461
-799
-769
-447
-205
-333
-695
-846
-609
-317
-314
-494
-572
-468
-278
-154
-109
-14
238
587
867
943
933
1150
1589
1882
1725
1380
1452
2022
2320
1618
590
561
1549
1930
773
-539
-167
1351
1611
-44
-1459
-773
822
839
-966
-2276
-1418
295
384
-1363
-2558
-1646
44
284
-1024
-1960
-1274
102
396
-684
-1608
-1205
-194
20
-699
-1304
-1082
-395
-200
-750
-1243
-1011
-492
-379
-581
-621
-382
-85
63
62
85
259
502
723
962
1108
1059
1073
1351
1638
1532
1286
1445
1950
2037
1421
958
1350
1927
1480
307
7
948
1530
491
-953
-1009
127
546
-584
-1908
-1760
-426
163
-783
-1942
-1664
-411
138
-581
-1425
-1297
-447
-7
-588
-1421
-1427
-743
-463
-963
-1528
-1468
-897
-579
-892
-1271
-970
-330
-219
-620
-760
-304
223
284
21
23
466
935
948
738
819
1266
1584
1585
1536
1639
1819
1963
1947
1656
1377
1508
1800
1533
746
307
726
1241
754
-418
-795
52
702
42
-1160
-1364
-405
314
-254
-1389
-1528
-520
181
-411
-1444
-1663
-964
-364
-717
-1610
-1849
-1130
-570
-942
-1581
-1522
-913
-633
-1058
-1548
-1332
-692
-600
-1089
-1226
-659
-128
-219
-509
-298
385
858
854
814
1217
1765
1875
1651
1714
2039
2177
2038
1809
1615
1597
1683
1481
968
628
810
1114
880
179
-188
186
634
393
-346
-692
-294
198
-8
-702
-982
-525
-72
-255
-769
-920
-615
-367
-575
-1046
-1233
-1048
-885
-1048
-1273
-1343
-1310
-1356
-1452
-1529
-1600
-1686
-1711
-1543
-1263
-1097
-1098
-989
-584
-76
172
182
335
805
1245
1356
1327
1541
1876
1985
1830
1777
1880
1821
1588
1500
1597
1496
1178
994
1080
990
502
110
265
556
279
-430
-747
-322
111
-185
-874
-986
-296
277
53
-564
-650
-106
285
-58
-720
-866
-531
-376
-751
-1208
-1281
-1125
-1143
-1389
-1592
-1648
-1596
-1522
-1455
-1355
-1253
-1129
-891
-482
-184
-125
-67
280
734
919
811
828
1196
1572
1626
1492
1446
1528
1672
1816
1727
1332
986
1122
1431
1182
418
-35
300
714
404
-495
-911
-382
289
80
-776
-1063
-364
360
142
-637
-893
-291
352
135
-707
-1076
-631
-204
-427
-938
-1116
-899
-603
-643
-968
-1213
-1115
-915
-827
-850
-904
-863
-574
-168
-88
-213
-90
348
664
664
593
748
1113
1330
1230
986
940
1153
1318
1170
757
487
616
925
747
17
-428
-57
452
224
-540
-852
-305
398
302
-447
-758
-145
519
321
-372
-597
-104
303
34
-610
-828
-516
-302
-532
-839
-860
-732
-692
-764
-889
-989
-985
-900
-762
-605
-498
-472
-291
82
425
505
535
743
1086
1345
1401
1289
1196
1371
1597
1424
940
711
943
1093
715
151
90
405
250
-418
-795
-479
-174
-496
-1161
-1294
-712
-230
-530
-1112
-1018
-241
235
-106
-625
-496
114
389
-40
-598
-566
-82
99
-301
-732
-719
-426
-358
-651
-1000
-1056
-859
-678
-673
-738
-628
-336
-16
210
429
673
895
1071
1324
1610
1717
1600
1578
1725
1741
1526
1365
1402
1352
1075
787
760
758
380
-208
-430
-253
-266
-775
-1337
-1370
-959
-825
-1265
-1654
-1367
-755
-546
-875
-1192
-1006
-462
-221
-618
-1020
-855
-326
-110
-455
-963
-912
-290
13
-527
-1140
-930
-193
26
-439
-786
-367
438
803
540
305
791
1554
1784
1451
1255
1576
2043
2050
1540
1196
1442
1770
1498
866
648
942
975
351
-303
-317
6
-98
-771
-1294
-1072
-568
-612
-1208
-1432
-975
-429
-517
-954
-1102
-686
-301
-486
-1063
-1208
-731
-437
-785
-1291
-1262
-718
-383
-833
-1436
-1181
-344
-98
-655
-1055
-540
316
590
189
76
722
1480
1522
1104
1125
1726
2150
1871
1313
1279
1814
2043
1497
836
900
1446
1523
741
-50
43
590
493
-416
-1122
-946
-377
-394
-1123
-1603
-1226
-562
-574
-1188
-1517
-1124
-566
-635
-1252
-1580
-1102
-508
-642
-1271
-1361
-717
-227
-487
-1002
-949
-329
99
-143
-511
-270
380
731
621
562
835
1251
1459
1401
1315
1491
1779
1709
1343
1228
1514
1597
1203
751
790
1076
983
329
-169
-6
299
-9
-789
-1150
-804
-399
-671
-1259
-1349
-813
-416
-628
-1123
-1163
-683
-396
-761
-1305
-1238
-752
-630
-1118
-1525
-1304
-829
-770
-1236
-1509
-1121
-507
-432
-808
-771
-66
635
736
572
791
1474
2009
1943
1644
1782
2344
2470
1927
1510
1775
2112
1797
1112
878
1249
1379
687
-123
-159
272
190
-609
-1273
-1108
-538
-548
-1202
-1602
-1197
-616
-643
-1202
-1420
-990
-573
-842
-1357
-1364
-906
-744
-1131
-1507
-1302
-857
-850
-1324
-1515
-1084
-593
-605
-849
-652
-43
475
532
481
760
1368
1716
1565
1403
1696
2116
2027
1581
1412
1722
1954
1647
1131
1070
1415
1397
811
333
414
598
315
-313
-669
-448
-199
-524
-1131
-1217
-801
-590
-920
-1298
-1247
-884
-794
-1073
-1282
-1111
-899
-949
-1112
-1095
-972
-977
-1113
-1161
-1044
-883
-830
-845
-681
-295
35
103
187
490
919
1143
1148
1162
1398
1645
1625
1424
1353
1506
1581
1423
1245
1283
1351
1190
902
772
766
660
327
-22
-178
-119
-221
-603
-955
-925
-747
-815
-1077
-1260
-1188
-1091
-1071
-1178
-1222
-1210
-1163
-1120
-1026
-963
-1019
-1063
-957
-797
-733
-738
-684
-471
-159
113
214
354
647
1033
1230
1246
1302
1505
1671
1566
1378
1323
1388
1285
960
787
976
1103
690
157
192
547
558
-1
-518
-446
62
118
-494
-933
-621
-101
-154
-609
-920
-743
-441
-459
-806
-1037
-974
-909
-979
-1091
-1167
-1236
-1279
-1239
-1206
-1179
-1185
-1123
-939
-630
-335
-159
32
356
791
1101
1240
1375
1581
1764
1815
1781
1757
1762
1650
1403
1354
1475
1375
884
529
558
704
510
-38
-482
-450
-122
-200
-722
-1063
-781
-448
-515
-804
-954
-926
-730
-649
-733
-864
-987
-1040
-841
-573
-687
-1114
-1241
-859
-490
-623
-1072
-1153
-646
-29
-33
-391
-390
249
835
887
615
649
1066
1345
1219
997
1045
1206
1144
987
1047
1215
1058
674
490
640
791
544
16
-298
-73
198
-14
-574
-820
-539
-173
-237
-690
-1017
-799
-331
-284
-750
-1094
-854
-388
-306
-654
-911
-739
-389
-344
-605
-728
-463
-151
-107
-166
-51
171
365
453
489
579
725
705
562
615
828
887
645
457
607
948
972
569
207
324
631
600
104
-288
-229
-1
-74
-485
-761
-694
-461
-519
-827
-1036
-872
-616
-637
-863
-921
-691
-409
-360
-477
-486
-278
-81
-63
-84
11
210
361
438
505
664
844
922
888
887
959
985
849
673
582
612
621
439
195
158
303
313
114
-87
-147
-109
-49
-170
-386
-477
-396
-408
-517
-609
-603
-541
-549
-699
-856
-785
-619
-620
-772
-820
-704
-535
-421
-433
-492
-448
-300
-192
-176
-128
15
207
326
405
493
651
819
934
961
991
1037
1031
996
964
990
976
908
758
646
597
567
460
302
162
31
-83
-216
-329
-443
-520
-599
-659
-685
-699
-746
-821
-854
-853
-855
-907
-955
-969
-933
-857
-785
-775
-744
-644
-520
-443
-379
-272
-119
88
274
416
498
635
783
929
1014
1061
1040
1021
1040
1043
1004
977
983
937
849
732
613
506
432
326
166
26
-68
-155
-267
-367
-427
-425
-429
-474
-560
-590
-579
-562
-594
-682
-776
-794
-772
-828
-915
-957
-939
-922
-901
-911
-924
-824
-637
-447
-304
-129
52
260
482
688
829
924
1023
1092
1152
1184
1246
1265
1277
1224
1132
1007
924
803
643
452
301
149
-2
-149
-291
-399
-481
-520
-584
-620
-642
-639
-653
-661
-672
-671
-654
-625
-610
-607
-603
-586
-572
-565
-565
-565
-524
-458
-358
-272
-150
-51
67
162
295
407
512
592
642
669
709
794
864
924
911
898
840
784
690
600
504
393
290
152
31
-90
-145
-218
-293
-350
-366
-390
-445
-488
-529
-557
-567
-577
-619
-666
-657
-619
-588
-575
-571
-553
-509
-428
-359
-267
-175
-54
39
124
193
281
401
497
544
523
528
535
608
672
712
715
695
676
618
542
445
385
304
209
74
-51
-156
-221
-274
-348
-423
-454
-441
-451
-467
-501
-512
-509
-480
-496
-524
-517
-451
-381
-335
-323
-304
-246
-141
-53
7
80
186
297
369
433
484
579
656
680
573
483
439
476
465
433
356
286
256
215
125
9
-15
-51
-106
-229
-325
-412
-428
-430
-458
-496
-496
-442
-399
-374
-385
-380
-355
-319
-322
-338
-322
-255
-171
-98
-55
-46
-22
52
147
216
288
384
491
574
642
704
778
853
887
839
740
685
692
683
627
500
389
273
189
52
-98
-240
-356
-507
-690
-849
-991
-1069
-1131
-1171
-1232
-1199
-1127
-1031
-981
-921
-866
-775
-672
-559
-450
-335
-181
-27
118
232
355
476
612
744
864
955
1035
1129
1223
1284
1334
1370
1374
1320
1244
1167
1089
1022
929
809
631
459
279
117
-47
-208
-390
-594
-778
-949
-1104
-1254
-1357
-1436
-1491
-1518
-1496
-1452
-1421
-1382
-1341
-1277
-1208
-1107
-993
-874
-749
-598
-430
-267
-96
87
270
444
617
796
947
1070
1210
1338
1468
1572
1659
1653
1624
1616
1627
1615
1549
1446
1283
1136
960
779
575
401
191
-37
-266
-464
-671
-872
-1038
-1187
-1306
-1401
-1442
-1491
-1509
-1533
-1537
-1541
-1502
-1457
-1412
-1338
-1229
-1112
-996
-862
-714
-531
-327
-130
34
215
407
610
778
952
1119
1294
1425
1508
1546
1581
1666
1730
1744
1659
1561
1425
1302
1137
976
782
587
373
140
-79
-296
-500
-726
-893
-1023
-1115
-1221
-1297
-1362
-1394
-1405
-1395
-1380
-1349
-1301
-1236
-1158
-1053
-918
-802
-688
-553
-371
-197
-36
97
238
401
575
733
843
956
1052
1126
1156
1206
1265
1314
1321
1256
1160
1046
966
859
741
577
430
270
111
-51
-205
-348
-486
-599
-688
-757
-813
-860
-904
-924
-929
-924
-927
-915
-887
-840
-795
-737
-670
-596
-519
-431
-335
-240
-131
-43
62
169
315
429
524
598
673
750
824
923
995
1059
1054
1027
957
924
870
810
695
569
422
277
135
-7
-138
-283
-402
-525
-607
-700
-755
-831
-886
-919
-906
-906
-901
-871
-822
-763
-679
-596
-518
-413
-281
-158
-59
47
145
244
348
485
576
673
718
751
758
822
878
908
904
869
802
705
631
530
441
330
215
53
-89
-220
-332
-448
-545
-621
-682
-709
-723
-746
-783
-781
-771
-736
-699
-630
-579
-519
-452
-362
-273
-174
-67
35
113
196
282
361
418
485
550
608
647
664
666
644
666
685
705
654
608
512
438
352
288
190
84
-20
-138
-247
-356
-424
-517
-583
-636
-640
-648
-634
-632
-648
-661
-630
-576
-535
-489
-431
-362
-290
-198
-106
-29
58
141
215
280
360
440
505
560
603
642
656
673
665
674
686
697
670
609
526
439
366
285
190
81
-24
-146
-267
-384
-503
-603
-677
-738
-792
-816
-830
-842
-845
-832
-800
-759
-694
-642
-569
-475
-343
-206
-75
34
148
262
376
479
582
673
754
826
871
906
915
930
918
898
869
852
809
731
622
498
381
271
164
21
-119
-261
-386
-521
-633
-743
-828
-903
-955
-1005
-1020
-996
-975
-946
-923
-869
-809
-710
-626
-521
-405
-262
-135
-18
86
197
321
437
533
607
696
777
829
863
902
923
945
947
928
882
852
820
741
625
517
410
287
148
15
-130
-258
-370
-484
-616
-725
-807
-883
-952
-986
-982
-971
-949
-934
-897
-835
-732
-636
-538
-419
-278
-131
-7
107
210
326
455
562
638
695
760
814
844
854
869
865
861
835
793
722
665
592
506
409
312
203
71
-63
-207
-328
-438
-525
-637
-750
-849
-914
-963
-990
-1009
-1014
-1002
-957
-893
-828
-746
-637
-519
-398
-261
-118
19
153
285
405
528
657
784
864
918
964
1026
1077
1107
1108
1081
1039
982
906
803
711
613
505
356
193
28
-122
-273
-428
-576
-691
-796
-902
-1020
-1126
-1192
-1207
-1212
-1226
-1218
-1165
-1091
-1015
-922
-822
-687
-528
-362
-231
-92
68
233
381
530
684
818
921
988
1050
1109
1188
1244
1251
1211
1170
1126
1051
960
858
760
648
522
361
195
39
-99
-246
-387
-513
-631
-743
-847
-945
-1022
-1071
-1106
-1138
-1150
-1132
-1089
-1032
-975
-914
-828
-712
-584
-464
-346
-217
-93
50
207
362
483
604
711
805
890
990
1073
1122
1159
1157
1112
1056
1023
966
882
778
657
496
348
210
46
-121
-246
-363
-523
-662
-762
-849
-939
-996
-1054
-1099
-1098
-1063
-1040
-1011
-942
-846
-748
-661
-552
-426
-276
-136
-21
87
229
399
527
612
673
761
843
932
983
1014
1024
1016
972
890
840
808
781
665
525
374
276
169
46
-108
-246
-342
-421
-519
-647
-738
-790
-824
-878
-920
-927
-904
-881
-856
-832
-767
-661
-550
-485
-419
-311
-178
-47
63
166
267
384
474
549
615
708
791
854
872
867
850
826
783
743
701
637
544
423
304
192
108
7
-112
-234
-317
-396
-469
-539
-601
-654
-695
-714
-719
-704
-682
-664
-652
-614
-549
-470
-401
-337
-263
-175
-76
7
87
159
266
344
406
450
534
616
677
708
711
708
700
685
627
587
550
515
408
285
158
75
0
-88
-213
-328
-400
-450
-513
-594
-653
-675
-677
-691
-696
-687
-632
-570
-522
-495
-426
-319
-211
-125
-61
19
117
226
294
340
381
436
492
538
576
615
645
653
630
583
537
497
466
424
363
277
183
85
-2
-84
-161
-236
-312
-379
-435
-486
-538
-578
-597
-601
-602
-592
-567
-530
-490
-447
-407
-357
-273
-178
-86
-5
76
153
221
283
334
392
441
484
488
498
525
576
616
633
605
535
462
403
363
323
288
219
117
-7
-101
-174
-230
-290
-346
-409
-465
-515
-565
-606
-630
-633
-629
-610
-583
-543
-499
-451
-408
-357
-280
-187
-93
-5
90
185
282
350
401
444
497
541
581
623
654
676
687
690
662
622
567
501
420
353
284
196
97
-10
-122
-227
-304
-376
-454
-517
-560
-609
-666
-707
-716
-704
-680
-658
-636
-592
-513
-443
-394
-344
-267
-174
-74
15
88
167
266
365
416
441
472
534
588
634
651
668
683
704
680
616
557
525
489
409
320
208
123
35
-53
-179
-291
-361
-401
-464
-550
-608
-641
-657
-679
-693
-699
-669
-607
-556
-538
-493
-403
-309
-244
-185
-117
-18
79
167
227
291
369
443
477
491
541
601
642
636
640
637
645
635
590
517
469
454
399
302
192
110
25
-62
-158
-258
-332
-382
-436
-516
-588
-635
-661
-689
-709
-713
-690
-649
-612
-594
-561
-488
-396
-315
-247
-181
-97
5
105
180
249
330
404
449
485
548
616
659
666
653
642
657
651
598
527
493
470
409
312
200
108
52
-7
-110
-218
-273
-290
-341
-422
-499
-529
-526
-524
-552
-576
-549
-494
-460
-468
-461
-408
-327
-268
-235
-206
-148
-59
14
51
74
127
195
239
265
301
359
408
434
432
433
445
467
468
443
410
380
347
305
257
193
126
74
32
-18
-72
-130
-179
-224
-261
-301
-336
-355
-365
-366
-364
-357
-357
-341
-310
-289
-276
-249
-195
-150
-114
-83
-39
12
58
83
95
116
157
208
231
239
246
261
271
278
282
273
269
251
221
183
160
130
92
50
19
-14
-48
-86
-117
-142
-164
-187
-214
-230
-237
-228
-234
-229
-218
-186
-162
-145
-135
-105
-63
-32
-3
30
75
106
133
146
163
185
201
194
190
207
216
194
154
138
136
139
107
52
7
7
8
-37
-105
-136
-130
-128
-156
-199
-220
-207
-184
-190
-207
-204
-178
-160
-153
-136
-106
-65
-33
-16
5
46
94
115
121
147
186
210
217
215
218
231
236
228
207
196
191
176
151
121
91
64
37
-1
-31
-60
-78
-112
-152
-185
-201
-215
-227
-241
-251
-246
-239
-236
-240
-226
-198
-177
-176
-164
-124
-81
-56
-52
-42
-13
36
78
89
91
125
180
209
197
198
228
262
271
249
228
225
243
243
219
181
164
140
109
78
62
35
-2
-40
-78
-107
-131
-156
-191
-210
-225
-228
-243
-245
-242
-239
-240
-229
-205
-186
-169
-158
-142
-117
-75
-42
-28
-14
22
63
93
110
123
149
182
205
202
199
207
227
233
207
184
173
174
165
139
100
78
67
42
8
-24
-43
-59
-72
-85
-101
-113
-118
-114
-110
-116
-122
-116
-95
-80
-84
-91
-80
-59
-54
-64
-71
-57
-31
-14
-23
-34
-30
-8
13
16
8
7
27
40
40
29
23
31
34
23
11
13
15
21
24
16
10
9
4
-10
-14
4
24
28
36
51
64
87
94
87
87
105
108
94
81
70
57
44
37
20
1
-18
-24
-30
-49
-73
-91
-93
-93
-103
-124
-129
-111
-99
-112
-132
-140
-127
-121
-139
-142
-124
-93
-68
-70
-79
-60
-30
-20
-22
-9
39
89
113
111
118
162
205
223
218
227
246
259
242
208
191
189
171
130
110
103
89
53
3
-33
-37
-55
-82
-115
-147
-163
-165
-180
-196
-204
-209
-206
-211
-218
-228
-230
-231
-224
-212
-187
-157
-140
-125
-111
-81
-36
-3
24
64
117
158
171
186
223
271
311
317
305
312
328
315
292
261
238
234
207
150
97
69
60
41
-15
-74
-114
-133
-160
-199
-225
-239
-256
-269
-270
-275
-287
-298
-301
-292
-275
-266
-278
-261
-218
-177
-150
-126
-81
-32
27
82
123
167
221
258
272
284
318
362
387
386
372
352
344
317
269
216
187
177
148
101
36
1
-46
-78
-108
-111
-126
-148
-188
-224
-238
-226
-224
-258
-283
-271
-246
-257
-269
-266
-269
-268
-246
-238
-212
-155
-118
-118
-115
-54
16
63
99
143
176
201
232
249
268
298
330
316
294
297
294
243
197
187
197
202
157
78
21
20
19
0
-19
0
10
-19
-87
-132
-139
-118
-109
-135
-159
-163
-171
-203
-243
-237
-203
-184
-197
-213
-202
-161
-134
-132
-119
-74
-1
27
13
14
46
103
126
143
158
204
240
225
165
143
156
172
166
134
98
108
95
26
-5
28
71
89
34
-85
-127
-54
-1
-30
-59
-58
-59
-80
-127
-170
-142
-41
-10
-58
-108
-110
-123
-114
-82
-18
42
73
29
-47
-70
-1
82
129
124
102
61
56
46
16
12
47
53
-2
-55
-85
-43
18
36
-1
-3
16
26
-14
-40
-32
14
50
32
-37
-67
-75
-102
-100
-39
4
-16
-92
-149
-113
-63
-46
-22
22
40
7
-41
-29
68
164
166
112
96
139
179
153
111
131
179
149
66
-27
-40
-14
41
63
44
31
0
-70
-112
-64
8
32
-35
-106
-142
-134
-123
-112
-116
-124
-129
-164
-207
-229
-189
-158
-147
-143
-108
-53
-41
-16
-9
12
76
141
156
134
135
142
175
227
246
258
269
263
215
164
137
171
177
127
51
-1
29
79
68
13
-8
5
18
-41
-114
-147
-159
-178
-225
-296
-311
-272
-272
-290
-300
-236
-180
-187
-222
-207
-163
-121
-100
-110
-60
57
118
115
91
156
255
256
185
184
236
282
295
207
151
207
280
257
165
115
160
183
148
104
77
92
121
51
-27
-30
-37
-41
-124
-189
-178
-170
-244
-316
-340
-263
-224
-264
-322
-361
-271
-174
-239
-281
-187
-90
-46
-49
-55
21
114
134
108
117
224
297
235
149
189
278
357
339
295
264
269
215
176
186
235
216
123
11
-20
30
21
-41
-75
-74
-123
-188
-252
-270
-222
-220
-281
-343
-335
-295
-271
-315
-346
-278
-221
-196
-198
-174
-132
-39
2
18
47
109
132
176
174
221
233
234
270
292
281
307
339
321
324
277
235
247
270
242
193
131
127
89
-21
-90
-68
-66
-84
-171
-273
-273
-281
-331
-343
-336
-289
-228
-309
-401
-329
-219
-149
-151
-191
-196
-116
-55
-27
10
76
150
142
98
57
155
264
323
294
233
222
272
324
297
241
228
267
265
206
134
107
116
112
32
-34
-46
-10
-74
-200
-232
-180
-178
-217
-262
-290
-273
-282
-276
-287
-234
-162
-175
-239
-214
-120
-66
-41
-42
-37
19
81
79
37
54
147
216
224
185
197
226
246
196
170
203
260
255
146
67
67
110
120
60
23
5
-24
-96
-180
-202
-87
-19
-99
-180
-235
-222
-145
-146
-234
-202
-102
-60
-110
-172
-151
-24
72
40
-20
-41
61
118
45
-4
88
190
168
88
34
131
238
234
147
94
130
205
148
6
24
104
75
3
-44
-38
3
-27
-110
-144
-115
-35
-54
-208
-241
-162
-143
-194
-191
-178
-104
-75
-162
-199
-90
44
59
-39
-71
53
140
94
23
62
159
247
208
97
106
223
262
179
121
148
198
133
11
9
74
124
60
-58
-90
-8
29
-57
-167
-165
-83
-74
-162
-197
-165
-127
-122
-163
-173
-59
-38
-110
-167
-127
-21
-5
-58
-83
-5
61
87
49
86
149
154
73
38
56
123
174
103
61
98
117
87
92
76
67
5
-64
-91
-60
-44
-61
-101
-153
-108
-74
-77
-75
-70
-103
-111
-93
-67
-47
-36
-44
-56
5
63
75
74
97
81
55
54
73
93
118
130
99
75
60
85
95
122
113
63
19
-4
-8
-5
27
23
-21
-62
-85
-80
-67
-55
-62
-79
-120
-145
-156
-164
-102
-43
-68
-107
-125
-120
-91
-43
-22
-20
-6
-14
-7
1
38
102
138
143
119
110
133
165
160
158
155
140
126
118
92
97
106
119
109
31
-30
-44
-57
-37
-18
-102
-135
-125
-132
-134
-150
-162
-123
-152
-209
-223
-181
-134
-111
-145
-146
-79
-37
-39
-59
-21
41
69
45
41
95
156
153
128
156
228
263
218
157
176
220
217
140
97
121
173
130
29
-20
14
16
-57
-98
-107
-106
-154
-218
-250
-178
-134
-192
-244
-234
-174
-156
-181
-187
-120
-82
-104
-150
-126
-24
15
-3
-14
55
134
159
91
89
198
269
249
199
197
256
256
180
137
154
189
172
73
15
43
70
29
-61
-101
-105
-133
-185
-210
-208
-169
-155
-223
-259
-206
-167
-157
-166
-158
-119
-96
-100
-89
-60
-17
24
22
34
104
144
138
138
139
150
192
215
214
232
242
235
200
184
195
192
177
132
91
73
45
-25
-54
-42
-40
-71
-149
-215
-205
-181
-218
-248
-249
-232
-216
-259
-281
-219
-182
-193
-209
-191
-120
-61
-71
-78
-24
40
80
70
89
161
209
187
163
202
270
313
268
230
255
300
289
221
179
211
211
157
95
57
55
37
-29
-95
-117
-110
-116
-185
-244
-243
-243
-267
-270
-272
-247
-217
-246
-271
-280
-220
-157
-145
-155
-127
-80
-47
-16
10
56
124
171
141
131
157
212
246
240
237
259
284
279
253
236
269
284
222
144
118
117
79
9
-57
-65
-40
-59
-132
-202
-207
-199
-226
-264
-260
-248
-246
-278
-310
-267
-198
-176
-184
-176
-158
-119
-113
-99
-37
47
76
62
67
119
183
208
221
236
266
287
273
241
249
277
275
244
218
221
196
138
82
38
13
6
-10
-59
-94
-127
-164
-186
-196
-208
-222
-242
-251
-251
-265
-280
-255
-215
-173
-169
-186
-168
-133
-111
-106
-68
-14
42
45
25
46
98
166
204
212
240
276
267
229
206
243
290
296
263
218
184
157
127
95
102
113
90
22
-58
-93
-82
-70
-92
-131
-159
-168
-200
-242
-237
-204
-190
-207
-240
-241
-209
-180
-192
-194
-140
-78
-81
-104
-84
-43
8
37
30
48
93
111
106
122
163
215
214
192
179
190
214
203
175
162
178
167
122
75
79
93
64
9
-11
-6
-30
-52
-103
-122
-83
-86
-149
-180
-167
-143
-139
-167
-185
-159
-132
-138
-159
-143
-90
-59
-77
-78
-50
-27
3
9
16
50
92
86
68
93
125
135
135
123
125
149
132
92
77
83
94
80
58
48
39
11
2
2
-18
-28
-45
-61
-64
-65
-75
-78
-63
-54
-62
-79
-70
-53
-50
-50
-35
-13
1
-4
-23
-32
-10
23
35
16
9
28
33
41
43
46
51
48
45
43
40
37
44
44
47
50
36
6
-8
4
18
6
-14
-15
-12
-21
-39
-45
-35
-24
-31
-53
-62
-41
-25
-36
-42
-27
-4
5
-11
-32
-21
-9
-9
-18
-26
-15
-6
-18
-22
-8
18
36
26
9
5
2
2
0
1
17
22
27
23
13
3
7
7
9
16
11
11
4
1
-4
-7
0
25
33
26
16
0
-5
-7
-3
1
17
27
12
-14
-15
7
10
14
24
34
22
-5
-33
-28
8
20
5
-7
-7
-3
-10
-30
-31
-22
-23
-35
-41
-46
-49
-44
-47
-46
-31
-16
-18
-28
-39
-46
-38
-17
-2
10
16
16
16
20
27
43
68
74
71
60
42
41
70
91
86
72
61
57
52
45
39
41
53
43
19
0
-9
-15
-20
-32
-35
-33
-55
-81
-91
-85
-72
-65
-77
-80
-71
-71
-84
-82
-51
-35
-43
-50
-45
-23
-7
-1
13
25
37
39
32
36
71
89
81
74
68
72
81
