SAMPLES:	7742
BITSPERSAMPLE:	16
CHANNELS:	1
SAMPLERATE:	16000
NORMALIZED:	FALSE
0
1
3
-2
-2
3
0
-1
0
-1
-1
1
-1
-3
-2
-1
2
2
-1
1
0
2
2
0
-1
1
2
0
0
0
1
0
-1
0
1
0
-2
-1
1
0
-2
0
0
-4
-2
2
1
1
-3
0
2
2
0
-2
-1
-2
-2
0
1
1
1
-1
-1
1
0
1
1
-1
-1
-2
-1
3
0
-3
-1
2
5
-1
-3
2
2
2
-1
-4
0
3
0
0
0
1
2
1
-2
-1
2
0
0
1
0
0
3
-1
0
1
-1
-2
2
-3
-4
1
-1
2
4
-1
0
3
-3
2
7
5
-1
0
-1
4
-4
-9
2
-3
16
20
-5
-4
-8
4
10
-5
1
13
-1
-5
1
11
45
3
-84
-97
-58
14
61
-57
-32
50
9
9
28
18
68
26
-62
-10
-30
-9
38
36
31
25
-48
-19
-28
-8
-15
1
-19
-48
37
-12
72
-20
18
34
-45
-43
41
-50
95
-76
-49
95
117
61
-4
-81
18
34
-132
-59
-61
35
134
-13
-145
14
-64
-90
-7
-256
-223
180
81
159
-12
-206
34
400
218
142
1
-257
73
198
-145
22
52
-137
226
9
-244
151
-153
73
-6
-176
-34
-165
-82
151
83
26
-99
171
100
-373
-45
-101
134
-142
-410
109
118
65
189
-121
80
214
-162
-190
88
-60
570
-35
321
-374
152
363
285
145
-437
336
-231
347
123
-86
128
412
186
-55
-235
-253
328
-170
-280
-651
-862
-909
-415
178
-127
351
17
20
-412
-52
407
471
336
-73
-986
-198
-56
439
157
1059
768
542
-137
-45
7
143
578
7
-107
-425
-514
100
-180
398
403
261
-29
-196
-265
-501
395
302
-392
-801
-532
-559
267
-303
-369
-191
-284
346
212
-70
645
142
397
290
-124
203
368
-28
874
254
-35
240
176
-198
287
-508
-105
-61
-413
-63
-30
-423
-48
106
-214
477
-133
-870
-175
66
171
-258
-667
-9
-392
389
-238
-946
-432
-153
-118
210
-279
544
14
552
151
663
660
122
822
438
340
602
-239
812
445
340
230
-917
-168
-293
-447
-293
-480
-572
-580
-551
-348
-460
320
-853
-415
-271
-574
437
276
-298
698
403
667
997
-81
29
394
260
599
491
-230
348
593
-16
-355
21
-518
299
450
-1018
-286
-178
-308
695
-634
-904
-23
-535
403
281
-1139
69
95
244
359
-39
35
907
772
-7
108
39
483
395
295
-134
-124
22
-400
282
-198
-499
-100
-181
-18
-102
-350
-914
-435
147
-164
-18
-260
-539
249
-54
-100
610
275
-58
549
239
-48
191
-109
774
718
-270
172
-23
-261
114
-146
-419
6
299
-248
-406
-594
-120
509
-140
148
-198
-237
330
48
86
68
39
-139
109
24
8
334
-94
-110
438
-123
85
404
-205
44
106
-569
-72
9
-317
58
-68
-473
225
-43
-326
287
-20
340
351
-486
15
-43
-218
536
-55
-345
-58
-484
-125
46
-361
212
14
-358
364
-390
-179
249
304
364
50
-114
320
320
20
115
161
6
260
536
-386
-206
40
-438
372
35
-248
35
-223
240
96
-503
-306
185
363
326
-116
-644
392
230
125
37
-477
201
340
-616
157
-254
89
480
-192
79
222
212
-212
-159
-205
-131
409
98
-366
32
-476
-107
876
101
-151
-290
-330
561
230
43
-115
-5
-263
-381
-281
-640
-259
76
-767
-447
-290
-451
774
233
80
800
-172
238
448
90
331
619
662
233
287
-184
7
393
9
379
-89
-754
9
-271
0
117
-565
39
65
-252
283
-441
-463
282
383
176
-65
-290
116
422
191
-131
-124
-49
147
285
-342
-44
-236
-343
11
-129
-103
61
-285
193
145
-469
-136
-271
-45
441
-21
-172
-6
-95
23
390
38
178
379
-185
56
100
-29
509
487
-11
124
-607
-308
67
-26
275
44
-353
-8
-82
-180
213
38
230
304
-220
112
-206
-110
345
135
-163
-35
86
-356
-170
-201
-64
113
-232
-286
-203
-351
-18
134
-141
-741
-629
-97
-54
-51
-498
-870
-308
-116
406
132
-178
300
783
559
377
308
421
1040
649
509
453
754
1057
819
79
-3
562
528
306
-163
-444
-296
67
-190
-384
-356
-388
-114
30
-386
-414
-138
-172
266
164
-349
-38
-223
-164
3
-190
-364
-183
-331
-771
-432
-582
-527
-395
-547
-716
-620
-926
-784
-659
-930
-623
-497
-419
-14
-37
-348
-143
79
765
1069
587
254
274
380
975
1220
826
653
886
820
943
923
617
1194
1306
927
765
128
152
969
848
549
382
184
472
565
259
123
-41
208
275
-74
-269
-449
-355
-378
-501
-708
-884
-1012
-996
-1133
-1419
-1220
-1304
-1534
-1565
-1577
-1651
-1531
-1335
-1402
-1531
-1607
-1153
-729
-609
-588
-464
-90
451
360
194
200
558
1253
1253
933
818
1060
1518
2039
1636
1326
1444
1656
1856
1813
1259
1164
1324
1350
1438
1113
1014
1083
1082
858
694
393
391
625
259
330
104
130
211
-232
-715
-455
-592
-853
-726
-1350
-1789
-1876
-1995
-2031
-2160
-2606
-2449
-2477
-3037
-2921
-2779
-2465
-1955
-2041
-2192
-1826
-1296
-697
-311
-399
-55
242
563
813
1045
1286
1722
2146
2297
2145
1982
2319
2827
2801
2410
2171
2004
1871
1891
1649
1581
1943
1964
1724
1183
761
935
1169
1123
1031
506
249
342
559
439
251
-88
11
58
-388
-864
-1552
-1583
-1664
-1795
-2226
-2562
-3185
-3457
-3442
-3708
-3651
-3814
-3703
-3441
-3297
-3032
-2714
-2360
-1787
-980
-530
-266
-169
60
269
768
1710
1979
2084
1979
2359
2843
3071
2953
2821
2717
2858
2794
2207
1702
1513
1744
1868
1830
1485
1510
1404
1443
1327
1520
1647
1352
1228
1112
1346
1163
1039
672
806
1144
687
179
-848
-934
-503
-681
-1620
-2895
-3463
-3427
-3368
-3911
-4647
-5258
-5038
-4723
-4399
-4445
-4565
-4031
-3071
-2561
-2266
-1969
-1683
-652
576
1030
1036
1021
1348
2461
3035
3463
3446
3187
3423
3443
3087
2768
2847
2942
2656
1936
1134
797
1112
1675
1600
1236
893
997
1246
1425
1750
1890
1925
2106
2015
1748
1512
1596
2079
2274
1474
485
-297
-280
186
-245
-1798
-3078
-3801
-3614
-3736
-4789
-5912
-6433
-6125
-5455
-5420
-5990
-5607
-4685
-3448
-2833
-3034
-2877
-2203
-738
565
1263
1343
1608
1971
2264
3124
3945
4449
4018
3646
3472
3600
3509
3192
3001
2631
2501
2112
1491
788
693
1227
1587
1654
1179
1114
1197
1702
2145
2229
2166
1967
1912
1765
1464
1146
1240
1100
1037
503
-341
-1475
-1943
-2107
-2558
-3006
-4282
-5451
-5933
-5632
-5629
-5745
-6317
-6245
-5250
-4650
-4050
-3870
-3545
-2575
-1551
-861
-312
169
1156
2203
2665
2649
2684
3215
4168
4387
3945
3677
3513
3756
3669
2968
2400
2287
2461
2277
1676
794
571
1129
1700
1919
1349
1009
990
1904
2197
2304
1878
1413
1567
1500
1768
1305
790
294
331
210
-529
-1212
-2404
-2907
-3490
-3636
-4106
-5041
-6121
-6612
-6261
-5846
-5379
-5582
-5454
-5108
-4024
-3213
-2782
-2311
-1731
-518
217
925
1518
1910
2374
2892
3311
3687
4079
4069
4146
3993
3918
3800
3588
3257
3025
2721
2247
2019
1628
1496
1544
1581
1637
1614
1582
1684
1660
1735
1879
1956
1511
1204
796
673
626
580
410
-182
-992
-1504
-1637
-2309
-2841
-3497
-4225
-4484
-4766
-5356
-5801
-6069
-5538
-4894
-4713
-4764
-4521
-3899
-2876
-2122
-1585
-1144
-674
76
802
1481
1884
2322
2247
2263
2467
3412
3883
3449
2972
2739
3318
3340
3278
2759
2450
2607
2633
2397
1725
1830
2200
2955
2813
2474
2199
2409
2887
2785
2122
1332
1511
1424
1238
363
-352
-722
-682
-1153
-1978
-2946
-3681
-3790
-4087
-4751
-5508
-5818
-5736
-5309
-5355
-5584
-5525
-4801
-3853
-3322
-2895
-2662
-1975
-1009
-111
417
790
1150
1948
2874
3018
2596
2159
2264
3236
3990
3722
2908
2185
2568
3101
3279
2667
2204
2228
2296
2302
1710
1545
1685
2379
2904
2677
2033
1809
1788
1826
1926
1442
1096
260
-220
-494
-508
-923
-1562
-1979
-2516
-3154
-3995
-4326
-4514
-4375
-4620
-5230
-5457
-5390
-4638
-4120
-3830
-3718
-3129
-2573
-2102
-1717
-1054
-183
327
922
1322
1862
2466
2779
2623
2480
2367
3055
3846
3700
3175
2430
2507
3160
3560
3146
2347
2184
2261
2728
2209
1934
1808
2228
2462
2321
1986
1327
993
985
1078
724
-128
-932
-1038
-1164
-1409
-2002
-2413
-2858
-3128
-3778
-4436
-4752
-4764
-4569
-4624
-4694
-4875
-4532
-4008
-3310
-2821
-2621
-2273
-1685
-856
-408
-66
323
1052
1862
2347
2471
2728
2983
2955
2670
2636
3010
3414
3437
2889
2577
2430
2842
2894
2895
2556
2386
2338
1891
1732
1485
1915
2030
2119
1680
1011
478
375
530
358
62
-795
-1389
-1719
-1557
-1971
-2708
-2840
-2511
-2636
-3611
-4504
-4760
-4205
-3459
-3109
-3704
-4381
-3916
-2589
-1764
-1835
-1779
-1236
-372
184
402
327
458
1234
2042
2268
1858
1878
2410
2827
2536
1875
1566
1976
2737
2769
1912
1241
1612
2169
2055
1678
1266
1158
1255
1186
842
293
197
663
1012
713
44
-262
-320
-129
-34
-408
-858
-889
-619
-739
-1076
-1418
-1278
-1120
-1156
-1385
-1741
-1924
-1820
-1490
-1266
-1248
-1275
-1289
-1184
-877
-598
-518
-474
-181
38
130
57
26
271
489
639
587
554
472
417
531
734
678
243
87
377
667
600
500
484
248
295
377
264
-14
-244
-115
228
24
-314
-314
-132
131
96
76
-19
267
475
365
158
247
458
492
652
578
465
505
453
363
254
139
191
164
25
-17
-52
-231
-237
-144
-224
-323
-277
-159
-154
-157
-121
-62
-50
-192
-158
-55
-241
-290
-232
-257
-345
-468
-517
-279
-284
-680
-529
-239
-377
-577
-646
-665
-592
-941
-1084
-773
-626
-686
-688
-848
-612
-127
74
108
175
314
603
666
591
925
1142
1195
1270
1334
1391
1415
1241
1138
1233
1343
1198
964
711
596
791
848
645
409
133
133
223
38
-62
-178
-324
-312
-259
-379
-518
-602
-690
-757
-891
-969
-959
-1043
-1199
-1051
-1019
-895
-1046
-1459
-1231
-967
-1035
-1123
-1211
-1177
-961
-908
-1107
-753
-595
-543
-446
-353
8
122
185
227
513
591
789
989
1154
1421
1434
1446
1509
1710
1693
1643
1650
1682
1705
1606
1419
1326
1383
1310
1227
1034
748
577
485
340
153
-68
-277
-463
-581
-718
-782
-998
-1161
-1143
-1225
-1412
-1546
-1519
-1562
-1373
-1286
-1595
-1824
-1626
-1322
-1177
-1446
-1678
-1379
-1185
-1116
-1049
-1017
-982
-820
-371
-96
-437
-442
-85
549
809
534
539
873
1045
1353
1664
1622
1767
2090
2102
2015
2060
1954
2123
2107
1960
2005
1939
1776
1577
1291
1057
998
895
491
99
-11
-129
-386
-757
-942
-994
-1094
-1247
-1419
-1648
-1641
-1469
-1484
-1671
-1703
-1580
-1533
-1613
-1542
-1440
-1547
-1637
-1613
-1367
-1330
-1402
-1209
-1212
-1202
-1041
-803
-643
-634
-437
-147
-90
206
500
728
1023
1136
1280
1513
1726
1800
2187
2171
2248
2312
2319
2408
2102
2115
2255
2209
1811
1624
1429
1206
910
642
581
281
-43
-250
-375
-658
-861
-917
-1007
-1177
-1247
-1388
-1467
-1437
-1477
-1495
-1519
-1534
-1621
-1680
-1640
-1397
-1474
-1699
-1758
-1661
-1578
-1533
-1513
-1522
-1395
-1356
-1173
-1018
-916
-582
-663
-610
31
225
526
963
893
1370
1829
2083
2320
2056
2205
2819
2964
2573
2420
2384
2370
2386
2333
2155
1838
1771
1667
1078
530
397
583
585
138
-195
-520
-631
-685
-605
-851
-1135
-1050
-1240
-1399
-1499
-1498
-1464
-1650
-1763
-1535
-1658
-1953
-1960
-2150
-2193
-1881
-1735
-1840
-2133
-2260
-1851
-1626
-1602
-1395
-1496
-1668
-1452
-1298
-729
104
101
-215
76
895
1923
2343
2019
2437
2796
2945
3203
3226
2765
2932
3583
3505
2904
2376
2381
2560
2516
1893
1439
1004
697
848
676
112
-3
-9
-348
-536
-634
-767
-1141
-1174
-1217
-1350
-1637
-1887
-1755
-1780
-1869
-1829
-1917
-2279
-2182
-1946
-2095
-2246
-2228
-2203
-1952
-1942
-2280
-2064
-1700
-1403
-1503
-1732
-1588
-1209
-785
-1012
-508
117
376
944
593
752
1430
1931
2478
2596
2768
2769
2664
2537
3195
3657
3247
2748
2684
2982
2805
2092
1293
1495
1801
1695
1215
476
51
245
254
96
-246
-670
-813
-943
-1134
-1308
-1453
-1752
-1741
-1528
-1619
-1876
-2009
-2107
-2065
-1942
-1774
-1758
-2060
-2185
-1876
-1772
-1794
-1638
-1609
-1773
-1646
-1366
-1144
-1190
-1549
-936
-473
-435
25
12
250
989
1022
901
1296
1482
1988
2453
2392
2315
2355
2421
2877
2990
2623
2589
2840
2506
1882
1350
1528
1677
1464
1152
734
578
318
201
175
75
-310
-516
-804
-1087
-1098
-1247
-1405
-1446
-1498
-1552
-1707
-1909
-1959
-1966
-1999
-1952
-1827
-1910
-1995
-1925
-1786
-1697
-1641
-1455
-1357
-1395
-1433
-1084
-872
-841
-758
-654
-109
1
160
506
699
968
954
1155
1382
1453
1835
1973
2116
2441
2348
2125
2261
2520
2800
2827
2328
1897
1464
1196
1487
1387
1118
873
619
415
183
242
157
-212
-602
-552
-741
-1167
-1529
-1558
-1511
-1516
-1353
-1466
-1914
-2195
-1933
-1698
-1633
-1635
-1596
-1710
-1609
-1354
-1473
-1804
-1438
-717
-549
-1034
-1342
-1237
-852
-308
-58
-406
-683
-53
367
276
397
472
896
1246
1294
1517
1795
1576
1649
2477
2441
2495
2371
2490
2833
2706
1958
1394
1628
1913
1908
1228
790
581
619
565
510
84
-471
-692
-890
-1178
-1427
-1620
-1858
-1742
-1485
-1528
-1983
-2227
-2063
-1627
-1376
-1357
-1476
-1554
-1453
-1111
-881
-1057
-1093
-860
-826
-1019
-1032
-920
-1007
-793
-615
-615
-707
-822
-399
-107
-188
229
377
253
577
859
1134
1483
1928
2067
2100
2362
2783
3231
3204
2986
2416
1837
2082
2815
2535
1516
1107
1067
906
771
673
204
-366
-585
-666
-1146
-1709
-1841
-1833
-1988
-1779
-1552
-1956
-2426
-2176
-1684
-1420
-1342
-1289
-1465
-1502
-1024
-625
-956
-1420
-1189
-709
-645
-1088
-1448
-1567
-1314
-665
-542
-1250
-1528
-964
-533
-373
-215
-45
399
743
1056
1279
1666
2134
2476
2790
3139
3403
3599
3683
3428
2958
2528
3053
3455
2738
1605
1136
1228
1216
1139
586
-206
-875
-976
-1031
-1599
-2123
-2327
-2409
-2518
-2312
-2212
-2576
-2657
-2188
-1723
-1770
-1784
-1722
-1614
-1361
-845
-558
-967
-1222
-1121
-972
-1047
-1095
-1241
-1456
-1297
-967
-995
-1282
-1344
-821
-313
-271
-19
274
503
1082
1667
2085
2477
2832
3150
3488
3810
4344
4678
4064
3020
2727
3628
4196
3319
1907
1154
1185
1322
1392
748
-525
-1370
-1432
-1431
-2144
-2763
-2944
-3016
-2990
-2710
-2818
-3342
-3421
-2503
-1696
-1790
-2122
-2257
-2175
-1634
-525
-284
-1224
-1679
-1108
-656
-858
-1022
-1051
-1140
-1105
-893
-1110
-1399
-857
47
138
-155
101
758
1203
1673
2228
2583
3069
3458
3877
3880
4405
5313
4772
3255
2433
3708
4473
3679
2130
1124
1035
1115
1611
1004
-549
-1767
-1780
-1719
-2347
-2985
-3520
-3806
-3686
-3131
-3196
-3993
-4047
-3080
-2127
-2190
-2434
-2519
-2320
-1550
-691
-441
-1307
-1499
-971
-342
-307
-644
-1024
-1326
-901
-389
-412
-858
-760
-58
407
723
887
1051
1417
2272
2978
3256
3420
3944
4579
4741
5528
5473
4090
2447
3225
5292
4832
2629
775
902
1237
1807
1722
-265
-2336
-2667
-1753
-2242
-3381
-3948
-4329
-4645
-4236
-3535
-4108
-4732
-3860
-2453
-2439
-2969
-3006
-2598
-1663
-366
74
-1214
-1897
-870
401
287
-369
-709
-1011
-777
-120
-109
-886
-845
270
757
573
768
1210
1658
2158
3006
3075
3258
3917
4621
4855
5497
5734
3827
2312
3656
6140
5218
2117
470
870
1799
2439
1988
-747
-3097
-2621
-1347
-1956
-3656
-4415
-5034
-5147
-4193
-3480
-4521
-5324
-3945
-2576
-2771
-3295
-2789
-2211
-1524
-817
-891
-1391
-747
450
108
-1000
-903
12
214
-113
-340
-868
-862
132
972
316
-255
667
1726
2132
2280
2609
2770
3479
4356
4732
4531
5348
5469
3772
2470
3886
6230
4971
2073
221
956
2278
2772
1676
-1392
-3099
-2471
-1009
-1702
-3692
-4981
-5480
-5057
-4196
-3717
-4758
-5494
-4513
-3210
-3077
-3500
-3298
-2718
-1606
-520
-470
-1623
-1734
-65
1177
568
-832
-1275
-625
565
1235
240
-986
-699
1065
1882
1453
931
1125
1958
2943
3728
3599
3420
3617
4667
5289
6142
5068
3065
2204
4594
6896
4572
853
-662
1605
3128
2859
493
-2707
-3538
-1890
-173
-2071
-4894
-6071
-5577
-4554
-3917
-4112
-5697
-6059
-4378
-2799
-3119
-3918
-3384
-2772
-2140
-1021
-205
-976
-1637
-568
646
538
-182
-387
-367
69
786
562
-325
-249
1133
1697
1164
1056
1768
2435
2653
3229
3622
3851
4030
4623
4857
5741
5355
3684
2249
4095
6690
4964
1258
-380
1818
3195
2856
786
-2201
-3294
-1845
-101
-2059
-4901
-5897
-5349
-4677
-4228
-4217
-5749
-6309
-4680
-2952
-3371
-4150
-3599
-2838
-2577
-1865
-788
-755
-983
-853
-442
-211
334
516
-148
-514
184
946
738
510
822
1056
1168
1654
2081
2363
2451
2894
2953
3816
4328
4631
4270
4965
5824
3978
2398
3084
6524
5759
2048
-333
984
3405
3541
1991
-1768
-3679
-2107
434
-593
-4442
-6132
-5789
-4591
-3812
-3695
-5372
-6926
-5379
-3107
-2951
-4158
-4013
-3128
-2735
-2446
-1557
-717
-350
-637
-1277
-1118
511
1879
894
-1032
-1076
739
2107
1837
686
-21
562
2339
3234
2492
1678
1745
2913
3971
4600
3805
3256
3906
5724
5119
2580
1564
4114
6513
4200
268
-809
2040
3967
3092
-142
-3191
-3191
-534
817
-2082
-5733
-6436
-4789
-3361
-3193
-4374
-6436
-6561
-3985
-2199
-3222
-4583
-3923
-2675
-1844
-1548
-1719
-1633
-379
768
-377
-1655
-409
1909
1788
-197
-1021
-59
1777
2633
1608
-512
-473
2098
3912
3147
1351
1129
2062
4016
4800
3916
2289
2762
5438
5444
2852
972
3393
5935
4214
479
-853
1783
3766
3201
-154
-3163
-2950
-16
1342
-1903
-5682
-6225
-4065
-2480
-2637
-4275
-6452
-6190
-3398
-1593
-2910
-4457
-3803
-2441
-1587
-1194
-1126
-1816
-1299
213
510
-769
-1089
471
1241
706
-357
-532
245
1606
2048
421
-684
435
2620
3076
1922
928
1131
2825
4265
4017
2313
1990
3948
5803
4060
1382
1320
4584
5612
2493
-561
-9
2993
3674
1785
-1540
-2932
-1201
1123
274
-3690
-5721
-4446
-2284
-1990
-3297
-5132
-5951
-4164
-1709
-1646
-3604
-4002
-2625
-1628
-1566
-1308
-947
-997
-978
-927
-714
-199
637
335
-900
-1224
9
1274
970
-65
-698
-22
1415
2403
1842
921
903
2213
3300
3462
2831
2115
2862
4000
5541
4178
1787
862
3732
6301
3714
-468
-1172
2429
4124
2392
-764
-2603
-1694
567
1037
-2288
-5106
-4247
-2071
-2038
-3452
-4339
-4833
-4143
-2428
-1746
-3234
-3827
-2272
-1235
-1736
-1808
-1013
-1069
-1131
-457
-236
-914
-887
31
-19
-605
-639
-282
-73
241
567
-8
-287
792
1909
1870
1135
1359
1867
2754
3352
3333
2629
2549
3827
5077
4473
1781
942
3113
5941
3839
-339
-1380
1839
4159
2534
-767
-2954
-1993
589
1271
-1723
-4908
-4428
-2169
-1559
-2723
-3836
-4439
-4074
-2459
-1600
-2500
-3190
-2202
-1515
-1943
-1764
-709
-313
-950
-1412
-1431
-830
287
549
-1002
-2330
-1287
752
1184
-204
-1353
-1040
740
2352
2012
395
133
1889
3389
3189
2344
2245
2842
3809
4134
4105
3455
2272
1840
3004
4953
3330
-88
-869
2090
3777
1775
-912
-2057
-1192
325
756
-1679
-4409
-3991
-1875
-1596
-2985
-3594
-3768
-3779
-2773
-1506
-1879
-2880
-2326
-1616
-1696
-1487
-377
-491
-1550
-1511
-731
-372
-449
-150
-913
-1853
-1307
220
560
-488
-968
-740
195
1285
1748
832
313
1356
2761
2826
2217
2538
2790
3307
3327
3888
3955
2769
1658
2149
4378
4201
963
-1017
881
3570
2855
7
-1921
-1624
264
1359
-434
-3706
-4239
-1943
-782
-2066
-3444
-3817
-3569
-2418
-1187
-1666
-2978
-2611
-1316
-1094
-1483
-995
-793
-1231
-1245
-760
-622
-698
-395
-862
-1712
-1318
4
181
-794
-1222
-677
31
715
926
377
64
977
2148
2136
1636
1820
2483
2710
2825
2829
3131
3440
2547
1679
1926
3964
3543
770
-595
1474
3537
2249
-213
-1327
-452
949
1241
-863
-3145
-2806
-697
-513
-2308
-3296
-2885
-2173
-1634
-1293
-1969
-2680
-1931
-887
-1117
-1775
-1352
-944
-1112
-1309
-1056
-999
-946
-759
-1280
-1971
-1445
-238
-173
-1161
-1550
-901
48
816
618
-296
-472
1176
2421
2064
1043
1071
2153
2795
3205
2430
2569
2887
2429
1688
2186
4120
2896
64
-196
2461
3725
1780
-215
-682
74
1490
1557
-769
-2921
-2013
-84
-667
-2127
-2346
-2120
-2147
-1727
-981
-1702
-2153
-1433
-1010
-1693
-1754
-504
-532
-1596
-1991
-1237
-603
-641
-1113
-2214
-2366
-885
265
-680
-2212
-1982
-479
444
301
-577
-1048
-146
1536
1884
706
272
999
2283
2405
2188
1686
2145
3316
2438
1133
1594
4218
3837
447
-455
2338
4346
2886
333
-503
226
2101
2634
-5
-2693
-2053
546
486
-1438
-2341
-2232
-1930
-1196
-472
-1403
-2529
-1872
-1033
-1273
-1527
-765
-965
-1952
-1877
-1119
-701
-1087
-1480
-2465
-2722
-1081
273
-760
-2762
-2683
-828
426
269
-979
-1978
-1014
1139
2111
498
-594
232
1992
2683
2030
1603
1570
3231
3127
1770
1485
3749
4760
1605
-157
2310
5046
3964
941
60
981
2433
3004
859
-1841
-1875
608
1014
-1219
-2359
-1987
-1640
-1554
-1085
-1405
-2553
-2275
-1458
-1580
-2025
-1410
-1092
-2033
-2217
-1407
-1136
-1723
-2047
-2075
-2276
-1750
-960
-1352
-2343
-2208
-1049
-584
-949
-1187
-1248
-746
199
835
268
-224
569
1591
1992
1521
1944
2164
3153
3242
2220
1870
3329
5343
3294
516
1499
4919
5309
2236
349
1141
2503
3285
1877
-754
-1915
-59
1415
-438
-2342
-2183
-1429
-1679
-1657
-1340
-2131
-2623
-2008
-1619
-2057
-1819
-1106
-1889
-2934
-2224
-895
-1079
-2287
-2966
-2711
-1670
-606
-1235
-3043
-3218
-1192
83
-906
-2038
-1841
-660
495
800
132
-436
624
1927
2234
1691
1767
2381
3218
3841
2796
2019
3090
5310
4308
1274
1418
4335
5337
2948
898
1217
2236
2979
2089
-326
-1612
-240
1182
-417
-2370
-2237
-1469
-1715
-1940
-1723
-2278
-2654
-2014
-1668
-2254
-2278
-1480
-1726
-2551
-2271
-1399
-1422
-2070
-2326
-2357
-2292
-1592
-1274
-1983
-2732
-2173
-1043
-837
-1174
-1561
-1457
-625
445
741
64
-15
908
1953
2308
2027
2045
2367
3752
4347
2861
1880
3387
5988
4569
1154
1337
4449
5590
2848
534
758
2117
3075
1811
-786
-1927
-229
1042
-888
-2697
-2164
-1270
-1815
-2316
-1911
-2133
-2410
-2017
-2032
-2490
-2207
-1111
-1868
-3492
-2658
-790
-633
-2954
-3903
-2559
-809
-619
-2459
-3825
-2903
-358
309
-1809
-3116
-1696
769
1240
78
-516
322
1936
2699
2517
1644
2055
3127
4419
4295
2749
2307
3599
5650
4656
1654
1329
3813
5251
2921
533
760
2029
2621
1461
-476
-1639
-658
530
-786
-2515
-2292
-1340
-1840
-2595
-2087
-1872
-2185
-2217
-2119
-2326
-2097
-1131
-1541
-2609
-2546
-1538
-1232
-2080
-2373
-2656
-2346
-1553
-1282
-2157
-2993
-1953
-796
-864
-1572
-1583
-773
136
746
549
224
849
2079
2546
2267
2033
2815
3454
4267
3584
2349
2664
4501
5477
2557
685
2235
4736
3935
995
147
1025
2066
1974
306
-1501
-1660
53
151
-1696
-2481
-1737
-1496
-2209
-1975
-1519
-1991
-2229
-1787
-1662
-1923
-1443
-985
-1922
-2376
-1575
-970
-1741
-2401
-2135
-2134
-1878
-1463
-1539
-2380
-2348
-1155
-728
-1138
-1351
-905
-357
269
801
658
359
1195
2158
2442
1947
2178
2900
3283
3969
2833
2038
2517
4744
4501
1079
400
2951
4746
2357
-92
284
1457
2035
1233
-477
-1753
-943
617
-428
-2240
-2033
-1011
-1478
-2284
-1480
-1018
-1765
-2042
-1700
-1516
-1446
-726
-1210
-2590
-2408
-887
-688
-2222
-2621
-2046
-1803
-1863
-1535
-1566
-2150
-1975
-1221
-930
-915
-649
-498
-507
97
1163
1328
934
1111
1823
2410
2466
2746
2721
3031
3296
2716
2304
2944
4291
2945
564
1011
3480
3816
1148
-308
582
1719
1876
735
-902
-1628
-309
700
-624
-2046
-1721
-966
-1376
-1527
-916
-1171
-1963
-1871
-1237
-1147
-1290
-1237
-2028
-2495
-1756
-799
-1360
-2690
-2860
-2294
-1402
-1055
-1792
-2916
-2693
-864
-39
-954
-1930
-1419
32
995
913
213
70
1205
2312
2381
1744
1624
2452
3000
3611
2616
1673
2036
3690
4041
1292
240
2020
4037
2564
56
128
1539
2195
1277
-146
-1019
-458
812
290
-1452
-1712
-606
-464
-1466
-1403
-815
-1173
-1594
-1390
-1163
-1458
-1244
-1245
-2121
-2293
-1344
-915
-2104
-2794
-2261
-1849
-1675
-1704
-1926
-2526
-2092
-803
-642
-1338
-1575
-676
90
403
405
172
323
1254
2000
1700
1195
1615
2584
2806
2953
1984
1451
2027
3631
3482
675
249
2310
3873
2006
144
641
1591
2011
1387
284
-693
-106
1145
330
-1082
-957
-93
-639
-1401
-636
-300
-1169
-1711
-1250
-1134
-1269
-1144
-1413
-2503
-2446
-1145
-946
-2155
-3204
-2553
-1637
-1100
-1585
-2664
-2771
-1466
-71
-732
-1876
-1633
-177
764
431
118
176
987
1820
1922
1599
1333
2194
2702
2929
2154
1417
1921
3036
3511
1330
146
1610
3539
2687
354
240
1417
2089
1629
593
-351
-370
743
783
-611
-1141
-597
-572
-1287
-1002
-481
-1205
-1878
-1571
-1107
-1384
-1508
-1594
-2223
-2220
-1458
-1394
-2445
-2672
-1838
-1675
-2205
-2085
-1559
-1595
-1777
-1453
-1064
-832
-439
-377
-537
-144
1009
1402
764
674
1514
2351
2120
1963
2013
2603
2776
1920
1665
2316
3579
2129
299
1035
3202
3279
841
65
1100
2156
1976
906
-323
-604
559
1039
-364
-1391
-888
-513
-1196
-1266
-665
-1122
-1928
-1795
-1232
-1277
-1420
-1514
-2231
-2652
-1722
-776
-1488
-2885
-3003
-1839
-779
-959
-2272
-3025
-1870
36
94
-1548
-2163
-717
992
1140
131
-297
473
1880
2293
1650
1087
1532
2589
2949
2604
1390
1392
2585
3586
2262
264
1073
3119
3217
1020
91
1300
2239
1872
690
-213
-157
707
891
-526
-1386
-724
-222
-1006
-1519
-981
-951
-1543
-1638
-1309
-1358
-1487
-1411
-1813
-2188
-1674
-1024
-1517
-2435
-2290
-1585
-1235
-1437
-1922
-2177
-1647
-664
-593
-1354
-1472
-564
287
346
46
20
431
1191
1577
1444
1114
1417
2045
2507
2714
1761
1260
1893
3475
3041
790
504
2417
3643
1886
267
694
1797
2066
1181
23
-600
125
901
-41
-1350
-1207
-389
-751
-1442
-1131
-978
-1376
-1551
-1260
-1295
-1426
-1182
-1436
-2171
-1983
-898
-857
-2019
-2720
-1931
-935
-772
-1668
-2643
-2251
-653
137
-1048
-2132
-1413
259
962
334
-331
-125
1211
2214
1933
1041
1091
2282
3202
2894
1383
1139
2601
4013
2460
188
900
3247
3389
950
-102
934
2018
1773
476
-738
-699
572
711
-999
-1923
-925
-171
-1033
-1663
-1229
-1103
-1288
-1199
-1182
-1531
-1321
-894
-1297
-2058
-1722
-634
-912
-1910
-2539
-1752
-697
-592
-1778
-2934
-1979
-130
286
-1410
-2367
-1134
788
1272
111
-772
34
1975
2662
1649
602
1519
2946
3529
2233
974
1697
3470
3802
1174
146
1966
3804
2407
-94
70
1490
2158
1105
-432
-1125
-382
880
110
-1725
-1954
-691
-299
-1187
-1398
-1193
-1303
-1131
-826
-963
-1560
-1181
-856
-1271
-1588
-1318
-833
-1512
-1833
-1898
-1553
-1155
-1303
-1807
-2380
-1516
-480
-603
-1476
-1638
-550
355
589
141
-233
585
1715
2235
1408
1232
2029
2914
2936
1701
1588
2412
3632
2465
604
1107
2943
3208
873
-195
850
1862
1559
153
-917
-914
291
714
-869
-2085
-1410
-321
-607
-1226
-1117
-1221
-1218
-761
-441
-984
-1330
-908
-918
-1254
-1169
-728
-1118
-1864
-2025
-1501
-1005
-1096
-1967
-2594
-1824
-461
-410
-1709
-2169
-1001
450
711
-22
-607
174
1717
2391
1598
835
1584
2825
3380
2184
1260
1908
3523
3363
1118
653
2300
3362
1735
11
351
1324
1635
648
-713
-1301
-373
609
-463
-1969
-1875
-807
-688
-1186
-1143
-1287
-1433
-958
-428
-759
-1298
-1077
-822
-1102
-1259
-781
-864
-1498
-2037
-1648
-941
-863
-1648
-2500
-1986
-615
-139
-1280
-2139
-1175
493
1080
279
-359
326
1878
2633
1857
1214
1774
3080
3155
2024
1665
2588
3483
2301
857
1421
2921
2729
648
-251
687
1669
1202
-356
-1353
-1106
-47
-33
-1388
-2220
-1673
-920
-1163
-1429
-1239
-1317
-1418
-1087
-560
-708
-1030
-1048
-1070
-852
-477
-431
-1301
-1832
-1309
-647
-815
-1620
-2011
-1722
-896
-441
-973
-1653
-1291
-8
668
248
-157
174
1270
1912
1759
1292
1511
2509
3063
2417
1415
1932
3314
3439
1466
462
2006
3446
2251
-68
-264
1086
1763
782
-832
-1611
-931
118
-441
-1979
-2415
-1510
-1066
-1427
-1523
-1400
-1532
-1382
-858
-682
-970
-1014
-980
-1369
-843
-49
-298
-1867
-2181
-600
167
-816
-2336
-2200
-909
158
-253
-1808
-1979
-211
1449
796
-588
-178
1462
2475
2058
1267
1299
2387
3429
2630
1240
1522
3354
3497
1367
497
1967
3263
2037
157
-99
930
1593
698
-970
-1723
-790
107
-812
-2306
-2391
-1463
-1231
-1699
-1845
-1779
-1756
-1410
-1024
-1047
-1260
-1070
-875
-875
-819
-472
-617
-1081
-1142
-828
-530
-767
-1061
-1344
-1085
-430
-213
-647
-1014
-329
527
924
520
355
907
1803
2232
1747
1584
2222
2666
2078
1702
2377
3017
2074
951
1459
2753
2649
952
3
552
1525
1293
-227
-1519
-1365
-216
-206
-1628
-2669
-2226
-1421
-1432
-1831
-2164
-2307
-1877
-1218
-1052
-1580
-1638
-1169
-870
-704
-569
-776
-1229
-859
-160
-324
-1091
-1114
-445
-245
-494
-663
-588
-218
293
452
146
250
1026
1538
1357
1199
1678
2130
2468
2255
1703
1621
2494
3282
2076
646
1259
2969
2772
792
25
892
1615
1110
-53
-1026
-1103
-290
-278
-1566
-2451
-1901
-1347
-1818
-2157
-1976
-2028
-2114
-1753
-1366
-1623
-1659
-1316
-1160
-1031
-698
-616
-1129
-1028
-296
-107
-666
-929
-425
-71
-26
-171
-405
-265
348
870
587
259
722
1403
1679
1542
1483
1713
2168
2437
1683
1331
2079
3044
2064
467
966
2595
2707
828
-282
396
1458
1479
27
-1437
-1441
-80
224
-1396
-2712
-2299
-1293
-1314
-1871
-2367
-2549
-2165
-1467
-1354
-1862
-2029
-1595
-1257
-1049
-720
-953
-1329
-1142
-311
-102
-593
-693
-435
-24
195
333
62
-68
524
1093
1095
815
1182
1584
1699
1891
1995
2255
2169
1921
1616
1984
2949
2559
934
411
2108
3166
1673
-219
-275
1083
1669
795
-879
-1793
-841
258
-395
-2174
-2635
-1725
-1298
-1595
-2070
-2367
-2521
-2071
-1531
-1738
-2147
-1977
-1583
-1443
-1311
-1145
-1192
-1366
-1025
-720
-714
-699
-459
-326
-315
114
478
532
482
770
1248
1561
1712
1720
1725
2125
2500
2560
2276
1852
1869
2328
2939
2361
1045
976
2184
2626
1246
81
202
903
1111
395
-802
-1499
-736
-33
-897
-2221
-2382
-1633
-1432
-1666
-2031
-2473
-2479
-1780
-1323
-1876
-2362
-2052
-1446
-1156
-1164
-1435
-1685
-1279
-572
-664
-1256
-1186
-434
-25
-171
-206
37
464
948
1145
1081
1248
1900
2222
2036
2104
2572
2896
2282
1789
2161
3049
3015
1463
725
1779
3109
2192
149
-328
807
1706
747
-910
-1710
-893
105
-533
-2075
-2768
-1902
-1233
-1521
-2235
-2649
-2399
-1812
-1422
-1860
-2294
-2056
-1468
-1249
-1337
-1435
-1490
-1287
-915
-812
-1121
-1085
-701
-413
-411
-249
109
294
598
844
1187
1451
1778
2018
2030
2373
2849
3012
2253
1920
2699
3545
2925
1288
1242
2526
3149
1891
258
169
1030
1616
664
-987
-1644
-778
35
-919
-2318
-2620
-1948
-1574
-1881
-2352
-2765
-2581
-1919
-1617
-2013
-2393
-2008
-1539
-1329
-1343
-1447
-1486
-1335
-895
-826
-1051
-1047
-691
-377
-255
-64
184
341
608
1041
1325
1443
1615
2004
2332
2537
2653
2572
2194
2495
3160
3217
2047
1370
2333
3101
2487
1000
604
1131
1548
1190
-100
-1052
-931
-119
-439
-1726
-2384
-2227
-1870
-1989
-2204
-2633
-3005
-2571
-2006
-1938
-2354
-2408
-2009
-1671
-1316
-1317
-1579
-1580
-1096
-652
-910
-1071
-850
-430
-142
-23
114
186
643
1133
1342
1344
1488
1948
2333
2635
2644
2167
2030
2663
3384
2960
1617
1389
2497
3336
2370
748
507
1471
2115
1129
-434
-1012
-319
323
-524
-1838
-2445
-1867
-1489
-1882
-2528
-2977
-2777
-2378
-2088
-2385
-2700
-2535
-2061
-1691
-1614
-1600
-1670
-1569
-1146
-737
-759
-1037
-922
-358
132
291
172
278
730
1348
1681
1546
1490
1903
2520
2855
2584
1854
1924
2843
3454
2490
1119
1528
2808
3032
1611
514
761
1619
1842
664
-616
-760
172
312
-902
-1886
-1859
-1325
-1416
-1887
-2409
-2664
-2284
-1988
-2099
-2510
-2483
-2151
-2015
-1776
-1721
-1794
-1934
-1541
-1029
-1035
-1213
-1182
-726
-277
56
130
89
486
1185
1544
1459
1415
1980
2405
2640
2419
1903
2114
2759
3311
2225
1180
1695
2897
2883
1284
520
879
1817
1685
425
-733
-706
379
338
-938
-1996
-1768
-1074
-1096
-1689
-2348
-2490
-1956
-1519
-1759
-2346
-2283
-1797
-1588
-1609
-1735
-1722
-1714
-1415
-1225
-1267
-1216
-1062
-815
-608
-211
97
129
355
885
1304
1443
1556
1922
2181
2401
2156
2023
2456
2893
2624
1486
1582
2502
2714
1769
714
905
1398
1615
760
-362
-565
30
307
-719
-1528
-1581
-1226
-1209
-1587
-1901
-2146
-1991
-1698
-1691
-1875
-1943
-1795
-1647
-1440
-1296
-1478
-1619
-1451
-1058
-1006
-1165
-1103
-869
-501
-248
-83
-31
289
758
1088
1203
1423
1718
2004
2268
2010
1946
2248
2924
2489
1450
1615
2542
2846
1627
788
874
1481
1658
783
-404
-856
71
418
-652
-1806
-1797
-1110
-1045
-1488
-2076
-2350
-1833
-1295
-1425
-2069
-2038
-1339
-1132
-1203
-1369
-1261
-1214
-1036
-788
-966
-1023
-945
-574
-432
-220
-22
-37
215
658
1136
1137
1172
1439
1868
1773
1653
1880
2321
2228
1543
1467
2075
2500
1836
1031
868
1326
1604
1038
63
-520
-83
277
-271
-1277
-1655
-1337
-1092
-1223
-1776
-2206
-2101
-1461
-1147
-1596
-2037
-1797
-1043
-644
-875
-1349
-1355
-673
-109
-353
-1000
-960
-206
318
136
-268
-142
447
965
1021
750
786
1324
1769
1511
1148
1410
2028
1876
1181
1080
1712
2044
1496
793
559
1057
1418
907
-231
-701
-19
360
-262
-1374
-1695
-1287
-865
-1062
-1908
-2332
-1889
-1050
-1086
-1748
-1977
-1430
-721
-665
-981
-1196
-835
-270
-155
-434
-559
-140
200
247
219
385
646
782
914
996
1209
1346
1534
1106
1011
1489
1977
1518
497
725
1616
1929
1062
149
272
948
1421
590
-536
-756
81
445
-513
-1386
-1488
-874
-795
-1200
-1769
-1838
-1272
-1034
-1309
-1670
-1331
-836
-744
-877
-884
-595
-358
-222
-358
-400
-153
151
203
114
368
620
710
726
938
1168
1284
1341
1312
1056
1169
1598
1582
1008
441
776
1404
1285
591
-109
23
618
790
-1
-943
-902
-238
-56
-792
-1433
-1491
-1101
-868
-1092
-1572
-1770
-1390
-1016
-977
-1199
-1245
-1029
-657
-354
-368
-514
-457
-97
250
239
86
65
393
793
822
733
591
1064
1360
1467
1148
1164
1402
1267
1416
1302
1344
827
677
1113
1162
867
91
66
244
462
146
-699
-946
-801
-300
-709
-1348
-1654
-1496
-1111
-1153
-1354
-1874
-1794
-1349
-942
-970
-1403
-1371
-1034
-387
-180
-438
-698
-409
353
551
359
134
446
933
1166
1182
937
1040
1372
1643
1472
1364
1436
1278
1285
1416
1521
1003
621
769
1061
862
371
-36
-183
23
39
-386
-1018
-993
-845
-890
-1101
-1254
-1416
-1583
-1406
-1185
-1237
-1533
-1605
-1391
-1040
-801
-995
-1226
-1032
-385
-64
-348
-545
-274
322
635
514
398
489
1017
1410
1350
1097
1080
1474
1752
1772
1279
958
1261
1799
1678
729
345
825
1388
986
-5
-443
-32
553
56
-922
-1367
-835
-387
-903
-1597
-1780
-1239
-914
-1152
-1581
-1566
-1075
-810
-971
-1246
-1026
-616
-467
-641
-731
-477
-174
-111
-246
-210
106
380
415
390
576
976
1069
1051
1101
1419
1571
1430
1173
1222
1618
1687
1305
728
808
1272
1334
679
-72
-60
343
428
-249
-982
-1180
-793
-522
-928
-1523
-1768
-1267
-883
-984
-1367
-1510
-1162
-770
-583
-797
-959
-738
-296
-102
-273
-335
-219
46
154
186
144
133
343
500
585
519
580
725
858
945
818
789
820
1051
1072
882
706
675
883
857
665
244
95
279
318
12
-546
-643
-465
-338
-647
-1061
-1097
-880
-596
-715
-1001
-1098
-784
-359
-336
-630
-759
-339
125
189
-124
-263
37
421
500
181
3
157
547
627
390
165
271
644
705
436
162
316
551
584
299
65
126
298
294
41
-179
-184
-156
-214
-279
-399
-550
-668
-522
-401
-492
-694
-698
-464
-279
-272
-380
-400
-209
125
201
54
13
251
572
661
505
434
514
765
836
715
527
498
660
714
660
400
286
326
399
356
92
-63
-118
-62
-123
-341
-544
-652
-640
-737
-856
-1008
-1116
-1142
-1139
-1076
-1145
-1193
-1155
-978
-801
-732
-643
-561
-323
-81
143
256
337
520
738
957
1084
1129
1088
1206
1467
1555
1333
1142
1262
1421
1385
1075
853
880
1021
962
515
212
282
453
205
-233
-487
-472
-420
-639
-1002
-1313
-1292
-1202
-1318
-1653
-1821
-1717
-1580
-1566
-1706
-1722
-1563
-1287
-1097
-1063
-977
-727
-381
-148
2
153
391
664
872
1015
1082
1300
1525
1599
1555
1582
1783
1892
1810
1637
1563
1630
1643
1497
1175
1008
1001
922
706
395
201
52
-118
-391
-668
-876
-1015
-1207
-1473
-1626
-1706
-1770
-1938
-2048
-2042
-1939
-1887
-1884
-1809
-1665
-1445
-1224
-1020
-904
-757
-443
-89
96
165
350
650
883
1043
1097
1223
1419
1576
1592
1596
1710
1764
1712
1654
1666
1609
1516
1412
1341
1184
1055
888
696
551
393
162
-165
-327
-422
-575
-862
-1147
-1299
-1329
-1341
-1549
-1805
-1876
-1702
-1547
-1642
-1781
-1722
-1437
-1143
-1068
-1154
-1044
-690
-293
-208
-222
-91
227
559
642
676
732
969
1164
1245
1217
1230
1313
1373
1454
1399
1301
1234
1258
1247
1096
951
823
701
589
492
325
108
-48
-153
-260
-402
-545
-683
-811
-869
-879
-943
-1046
-1086
-1060
-1029
-1052
-1041
-972
-881
-829
-812
-760
-627
-450
-361
-371
-338
-160
71
159
91
124
297
509
572
509
524
671
825
827
754
694
781
816
807
669
589
566
552
454
345
265
176
75
-54
-91
-137
-195
-313
-431
-427
-349
-307
-440
-519
-465
-322
-288
-377
-392
-373
-273
-243
-251
-244
-209
-151
-176
-169
-104
-10
-52
-126
-112
-3
131
91
34
-23
79
242
267
110
-11
141
326
302
122
72
201
297
272
128
51
96
187
145
-12
-62
-24
11
-23
-41
-69
-99
-53
11
24
-43
-34
14
55
81
82
43
52
121
137
74
40
80
79
17
-35
-39
-13
-30
-87
-122
-105
-63
-80
-134
-155
-132
-111
-120
-162
-185
-177
-165
-166
-197
-188
-165
-133
-141
-161
-119
-35
10
-38
-72
28
190
219
113
39
153
337
371
198
58
153
370
404
198
47
142
334
351
181
19
50
190
203
39
-119
-83
2
-4
-116
-197
-198
-154
-123
-159
-223
-248
-210
-194
-221
-259
-268
-270
-245
-230
-228
-235
-209
-150
-118
-112
-76
-18
16
53
112
176
182
184
215
272
310
293
240
208
247
279
264
193
142
141
162
173
160
108
26
10
53
83
24
-59
-114
-108
-63
-33
-96
-211
-239
-151
-95
-154
-255
-281
-218
-150
-171
-237
-257
-197
-134
-133
-132
-132
-110
-82
-2
31
22
-14
54
135
179
154
121
146
195
244
203
147
116
159
191
179
119
36
43
125
179
74
-30
1
122
136
25
-57
-38
46
60
-23
-131
-107
-27
-32
-118
-178
-161
-130
-120
-149
-180
-172
-125
-98
-105
-119
-97
-51
-21
-27
-51
-36
16
46
11
-49
-50
17
62
4
-62
-50
44
87
32
-21
14
100
128
90
64
102
163
168
147
129
164
186
179
152
160
170
152
136
112
119
100
92
49
31
17
-16
-53
-81
-92
-132
-151
-169
-193
-210
-204
-203
-246
-249
-235
-193
-206
-223
-243
-216
-146
-121
-167
-213
-155
-66
-28
-88
-118
-67
37
91
55
12
75
190
245
201
167
214
314
372
355
302
316
390
437
406
341
314
333
324
281
211
139
93
65
0
-79
-144
-188
-252
-326
-365
-385
-429
-485
-514
-508
-477
-454
-476
-506
-468
-351
-279
-299
-322
-250
-125
-46
-39
-64
-35
79
198
206
141
162
282
383
368
311
304
382
470
486
411
358
425
528
533
437
372
401
453
444
340
207
152
172
129
-2
-137
-216
-249
-281
-355
-472
-558
-564
-569
-621
-658
-659
-650
-647
-604
-571
-531
-476
-402
-361
-303
-212
-126
-76
-21
72
128
191
251
311
337
385
433
452
477
511
534
502
495
512
531
513
482
453
434
448
444
397
297
245
239
224
154
51
-34
-93
-113
-164
-249
-356
-417
-445
-476
-535
-592
-629
-641
-636
-646
-649
-614
-563
-541
-511
-435
-350
-278
-225
-175
-116
-13
110
162
160
213
343
437
453
432
455
523
593
591
510
459
494
558
523
409
329
347
375
344
241
138
104
119
99
3
-82
-112
-114
-157
-206
-254
-291
-329
-371
-411
-435
-429
-442
-499
-540
-495
-434
-417
-450
-453
-399
-308
-226
-216
-228
-175
-53
45
74
88
149
227
300
359
375
383
426
494
508
474
452
459
456
431
389
329
273
256
252
196
105
45
21
-1
-36
-93
-171
-212
-200
-206
-261
-314
-322
-322
-316
-315
-337
-374
-367
-326
-308
-322
-317
-291
-271
-234
-179
-154
-150
-114
-49
1
34
79
122
176
236
293
315
336
385
437
437
419
425
438
431
402
363
320
298
280
229
139
80
65
39
-37
-118
-163
-179
-198
-241
-299
-344
-342
-319
-329
-372
-388
-362
-336
-327
-331
-327
-310
-268
-232
-216
-205
-172
-134
-91
-48
-19
4
32
88
147
186
206
231
271
336
376
371
360
385
430
431
384
337
337
365
354
272
172
145
180
175
80
-44
-105
-73
-48
-116
-246
-321
-289
-244
-264
-346
-410
-393
-326
-308
-352
-393
-369
-315
-284
-290
-294
-264
-210
-165
-151
-138
-86
-23
9
24
60
121
177
212
231
254
305
357
377
360
357
385
403
389
362
335
324
319
292
242
199
182
163
119
64
27
-4
-29
-72
-127
-164
-178
-192
-219
-255
-286
-301
-299
-306
-326
-346
-356
-353
-336
-322
-315
-320
-316
-288
-234
-184
-169
-171
-142
-66
18
67
72
81
145
248
316
319
299
314
375
425
421
373
351
374
393
372
326
296
278
261
221
161
119
109
73
0
-63
-86
-92
-119
-178
-248
-271
-246
-247
-302
-362
-372
-347
-341
-370
-403
-412
-370
-334
-342
-360
-331
-267
-224
-212
-191
-139
-70
1
36
64
120
206
258
280
312
368
412
428
427
427
457
489
476
419
398
417
429
381
302
250
240
236
189
94
11
-11
-8
-54
-151
-214
-224
-232
-274
-336
-391
-406
-390
-408
-473
-513
-488
-447
-451
-477
-481
-444
-378
-332
-332
-324
-259
-169
-110
-81
-43
29
116
183
224
251
309
393
442
450
461
503
545
561
553
536
520
526
523
478
406
355
331
285
225
159
91
21
-28
-68
-130
-209
-266
-307
-351
-382
-408
-449
-499
-516
-507
-502
-509
-512
-515
-508
-470
-416
-382
-373
-353
-312
-246
-163
-102
-81
-63
2
115
210
242
246
273
355
456
507
483
450
480
558
599
563
490
454
475
496
443
339
260
231
215
163
67
-31
-78
-86
-119
-199
-260
-287
-296
-314
-343
-383
-406
-396
-386
-399
-408
-397
-384
-373
-352
-322
-301
-277
-249
-224
-184
-124
-79
-64
-38
25
90
134
164
186
215
264
316
331
328
345
373
382
379
369
357
344
327
295
253
229
204
156
92
47
25
2
-42
-101
-154
-167
-147
-153
-203
-256
-257
-226
-200
-211
-252
-283
-261
-212
-184
-200
-226
-219
-179
-133
-111
-113
-119
-99
-51
0
22
20
23
46
83
117
127
114
109
136
175
190
182
172
172
190
206
195
171
152
147
141
125
106
80
59
48
32
12
5
-3
-18
-41
-52
-56
-57
-63
-82
-100
-105
-93
-90
-101
-122
-131
-128
-115
-112
-118
-124
-117
-106
-91
-77
-70
-64
-60
-54
-41
-26
-18
-16
-10
4
16
25
27
26
37
60
70
59
52
68
92
99
91
77
76
98
120
110
76
65
83
99
89
62
42
44
52
50
33
17
11
7
-1
-19
-29
-23
-29
-58
-77
-69
-57
-63
-85
-113
-122
-95
-75
-96
-127
-121
-91
-65
-61
-65
-69
-57
-30
-11
-5
-3
11
22
27
46
78
85
76
75
85
95
115
119
87
62
81
112
