-11
-14
-14
-14
-13
-9
-6
-1
5
9
15
19
23
28
32
34
34
36
37
37
36
34
30
28
23
19
15
11
8
6
2
-1
-1
0
1
2
3
4
4
2
-1
-3
-7
-9
-12
-18
-23
-27
-30
-34
-39
-44
-46
-45
-44
-43
-42
-40
-38
-35
-34
-35
-38
-39
-40
-41
-43
-46
-48
-50
-51
-50
-49
-48
-47
-43
-38
-32
-25
-19
-11
-3
6
15
23
29
35
41
44
47
49
55
64
72
78
84
89
96
103
109
112
113
114
114
111
105
96
87
77
69
61
54
47
41
33
25
12
-1
-14
-28
-45
-60
-74
-87
-99
-109
-118
-125
-128
-131
-133
-136
-138
-138
-136
-136
-134
-133
-128
-121
-112
-103
-93
-81
-68
-56
-43
-33
-21
-7
8
22
35
51
70
91
109
125
140
157
173
185
194
200
205
209
213
218
225
232
239
240
237
232
227
219
206
188
167
146
125
102
73
42
11
-23
-63
-111
-160
-203
-240
-274
-306
-332
-355
-370
-383
-394
-405
-415
-420
-421
-421
-420
-413
-401
-386
-364
-343
-317
-286
-253
-221
-189
-153
-117
-82
-44
-3
39
80
120
157
190
220
253
286
320
351
381
404
424
440
458
481
500
514
524
535
545
553
554
546
536
525
511
490
458
417
374
327
277
221
160
98
38
-23
-84
-141
-194
-250
-304
-359
-411
-462
-507
-544
-576
-608
-637
-660
-680
-693
-708
-718
-722
-720
-715
-703
-682
-655
-624
-587
-545
-498
-446
-390
-330
-264
-198
-131
-65
3
73
141
208
279
355
433
511
587
663
731
793
850
899
938
962
975
986
998
1005
1008
1010
1011
1004
983
946
893
825
741
646
538
428
309
187
72
-41
-153
-265
-377
-488
-596
-699
-799
-900
-1001
-1092
-1164
-1222
-1265
-1300
-1333
-1359
-1374
-1383
-1392
-1394
-1386
-1362
-1325
-1273
-1199
-1107
-1008
-905
-795
-678
-560
-442
-316
-180
-35
115
268
414
551
689
825
949
1059
1160
1256
1352
1446
1528
1592
1647
1702
1753
1797
1836
1866
1888
1893
1883
1852
1794
1713
1607
1478
1329
1174
1004
820
618
398
171
-58
-288
-522
-754
-969
-1169
-1360
-1541
-1710
-1867
-2010
-2134
-2237
-2318
-2381
-2420
-2426
-2407
-2373
-2328
-2271
-2198
-2101
-1982
-1848
-1699
-1531
-1348
-1162
-984
-809
-627
-431
-238
-53
128
317
515
706
882
1051
1226
1403
1568
1725
1866
1995
2106
2210
2306
2399
2496
2588
2662
2708
2742
2757
2735
2679
2584
2455
2294
2099
1882
1636
1367
1087
809
521
226
-63
-334
-591
-838
-1072
-1292
-1501
-1700
-1893
-2082
-2266
-2437
-2570
-2665
-2740
-2813
-2880
-2933
-2958
-2949
-2908
-2844
-2749
-2612
-2436
-2234
-2032
-1820
-1602
-1378
-1151
-913
-680
-462
-262
-67
105
258
405
564
745
937
1123
1293
1453
1608
1754
1895
2027
2165
2318
2482
2643
2771
2872
2962
3042
3089
3084
3049
2989
2894
2758
2596
2413
2181
1914
1594
1230
847
497
188
-116
-414
-680
-888
-1061
-1209
-1360
-1523
-1695
-1868
-2056
-2273
-2483
-2638
-2715
-2767
-2824
-2913
-3012
-3084
-3097
-3060
-3013
-2941
-2792
-2569
-2323
-2079
-1831
-1587
-1352
-1135
-936
-760
-591
-412
-240
-101
19
156
336
554
785
998
1160
1310
1483
1660
1800
1924
2070
2265
2517
2786
3011
3174
3327
3479
3588
3605
3536
3420
3290
3176
3061
2911
2697
2416
2086
1710
1318
911
509
119
-246
-550
-791
-981
-1152
-1318
-1471
-1609
-1759
-1968
-2240
-2507
-2696
-2799
-2886
-3006
-3151
-3270
-3335
-3352
-3338
-3322
-3289
-3192
-3017
-2800
-2574
-2343
-2118
-1878
-1624
-1394
-1211
-1044
-851
-657
-519
-430
-317
-136
104
356
589
797
1010
1242
1461
1641
1819
2030
2268
2539
2819
3079
3299
3508
3709
3855
3926
3930
3862
3727
3583
3474
3370
3203
2950
2633
2274
1889
1480
1032
562
128
-232
-524
-752
-938
-1104
-1254
-1377
-1489
-1614
-1768
-1985
-2275
-2573
-2787
-2906
-2987
-3069
-3178
-3298
-3384
-3396
-3377
-3377
-3361
-3254
-3057
-2829
-2590
-2345
-2094
-1840
-1602
-1411
-1246
-1050
-808
-586
-443
-341
-212
-31
194
442
680
903
1137
1396
1648
1869
2077
2298
2535
2771
2991
3196
3397
3596
3780
3910
3946
3908
3832
3757
3698
3620
3464
3210
2881
2506
2095
1638
1138
636
192
-169
-459
-691
-876
-1026
-1151
-1250
-1346
-1452
-1578
-1736
-1971
-2272
-2562
-2741
-2815
-2867
-2955
-3085
-3207
-3284
-3304
-3336
-3396
-3409
-3309
-3135
-2947
-2737
-2502
-2257
-2024
-1818
-1632
-1430
-1189
-953
-761
-612
-461
-296
-102
117
357
592
834
1104
1391
1647
1846
2034
2249
2491
2733
2968
3191
3413
3659
3897
4039
4064
4035
4028
4026
4002
3895
3693
3406
3075
2708
2265
1755
1226
749
345
18
-242
-457
-640
-779
-885
-999
-1124
-1250
-1378
-1541
-1787
-2110
-2419
-2620
-2720
-2798
-2926
-3101
-3271
-3395
-3473
-3558
-3656
-3700
-3629
-3466
-3267
-3064
-2844
-2622
-2419
-2249
-2076
-1867
-1633
-1418
-1251
-1096
-918
-690
-426
-138
141
426
735
1075
1395
1652
1846
2023
2228
2465
2723
2971
3217
3477
3771
4048
4229
4297
4325
4365
4417
4414
4305
4085
3799
3478
3102
2641
2113
1592
1128
738
412
139
-88
-265
-413
-557
-707
-856
-997
-1141
-1344
-1623
-1957
-2282
-2527
-2690
-2825
-3001
-3208
-3409
-3560
-3670
-3778
-3880
-3926
-3863
-3718
-3525
-3325
-3141
-2969
-2790
-2605
-2426
-2247
-2055
-1851
-1652
-1447
-1237
-989
-684
-333
14
343
676
1029
1355
1599
1769
1920
2113
2352
2618
2878
3137
3427
3748
4039
4247
4357
4424
4496
4576
4596
4513
4337
4077
3752
3353
2887
2373
1863
1384
949
578
279
37
-165
-356
-528
-681
-817
-948
-1101
-1295
-1531
-1805
-2121
-2435
-2688
-2865
-3017
-3186
-3377
-3562
-3709
-3814
-3901
-3969
-3980
-3899
-3763
-3618
-3473
-3311
-3123
-2922
-2726
-2555
-2373
-2138
-1852
-1571
-1327
-1083
-780
-416
-46
285
594
913
1249
1533
1727
1868
2041
2276
2553
2843
3146
3482
3850
4206
4485
4677
4795
4885
4962
4989
4917
4762
4548
4260
3899
3458
2957
2423
1906
1433
1013
641
327
46
-212
-445
-636
-801
-965
-1124
-1298
-1520
-1802
-2119
-2455
-2771
-3038
-3241
-3419
-3592
-3766
-3921
-4049
-4139
-4206
-4254
-4261
-4209
-4109
-3992
-3849
-3675
-3479
-3290
-3093
-2876
-2615
-2298
-1946
-1609
-1304
-991
-637
-257
103
434
740
1042
1342
1610
1826
2015
2238
2513
2817
3128
3470
3852
4250
4614
4892
5066
5161
5228
5272
5263
5165
4990
4749
4459
4102
3669
3166
2631
2114
1632
1193
788
422
92
-208
-476
-725
-950
-1148
-1334
-1539
-1790
-2077
-2399
-2731
-3046
-3297
-3486
-3636
-3777
-3920
-4059
-4177
-4263
-4332
-4382
-4395
-4358
-4281
-4163
-4009
-3848
-3687
-3514
-3306
-3058
-2762
-2401
-1995
-1594
-1229
-872
-494
-112
245
559
847
1125
1406
1666
1877
2055
2266
2543
2869
3216
3580
3982
4394
4753
5017
5169
5241
5275
5298
5285
5204
5054
4844
4571
4233
3823
3343
2816
2287
1777
1306
880
493
129
-210
-513
-786
-1035
-1266
-1491
-1733
-2003
-2308
-2634
-2959
-3247
-3477
-3641
-3767
-3862
-3948
-4033
-4109
-4176
-4230
-4271
-4277
-4249
-4181
-4087
-3983
-3887
-3780
-3624
-3397
-3109
-2777
-2397
-1977
-1530
-1100
-702
-321
44
381
669
915
1140
1353
1551
1729
1900
2112
2402
2760
3132
3510
3909
4316
4680
4945
5097
5163
5196
5218
5219
5174
5079
4923
4690
4381
3995
3538
3021
2484
1947
1433
963
552
179
-175
-509
-821
-1097
-1360
-1614
-1882
-2176
-2495
-2819
-3126
-3398
-3600
-3727
-3784
-3795
-3793
-3798
-3818
-3858
-3924
-4019
-4122
-4209
-4255
-4264
-4247
-4199
-4084
-3867
-3556
-3177
-2759
-2302
-1805
-1294
-808
-379
-6
320
603
820
974
1098
1215
1344
1491
1677
1925
2251
2640
3044
3438
3825
4209
4550
4811
4985
5078
5112
5119
5114
5078
4994
4855
4644
4356
3992
3559
3069
2548
2020
1506
1019
581
191
-178
-534
-873
-1196
-1500
-1792
-2072
-2351
-2628
-2889
-3122
-3303
-3420
-3460
-3436
-3374
-3309
-3265
-3266
-3329
-3465
-3667
-3896
-4106
-4270
-4382
-4424
-4367
-4182
-3876
-3481
-3041
-2564
-2061
-1544
-1048
-598
-222
89
340
526
648
732
802
882
996
1163
1398
1684
2022
2386
2762
3124
3468
3781
4050
4284
4482
4633
4728
4790
4823
4831
4780
4661
4468
4213
3897
3518
3083
2613
2141
1676
1236
817
419
35
-337
-698
-1051
-1387
-1699
-1981
-2241
-2477
-2685
-2849
-2951
-2997
-2991
-2947
-2883
-2819
-2782
-2806
-2918
-3122
-3387
-3682
-3960
-4182
-4327
-4371
-4282
-4054
-3704
-3282
-2824
-2355
-1887
-1433
-1011
-638
-327
-75
118
258
357
442
529
628
764
962
1220
1505
1806
2112
2405
2689
2965
3221
3452
3676
3905
4129
4317
4449
4525
4547
4508
4386
4206
3988
3727
3407
3046
2656
2254
1838
1415
991
571
163
-239
-624
-976
-1294
-1586
-1848
-2070
-2246
-2374
-2465
-2509
-2504
-2472
-2428
-2403
-2391
-2412
-2491
-2652
-2891
-3181
-3496
-3785
-4017
-4154
-4170
-4047
-3781
-3410
-2989
-2554
-2120
-1694
-1304
-957
-671
-443
-251
-90
44
147
236
334
472
656
878
1123
1385
1648
1907
2157
2388
2612
2837
3071
3301
3533
3756
3959
4120
4212
4218
4153
4056
3934
3785
3586
3344
3067
2775
2444
2058
1627
1166
712
267
-154
-546
-892
-1202
-1480
-1719
-1909
-2048
-2141
-2185
-2195
-2182
-2157
-2138
-2149
-2200
-2286
-2427
-2635
-2898
-3195
-3504
-3790
-3993
-4098
-4084
-3931
-3635
-3260
-2855
-2441
-2023
-1627
-1279
-973
-733
-542
-374
-211
-95
-8
90
222
375
552
767
994
1224
1454
1686
1895
2100
2316
2534
2756
2998
3248
3461
3649
3804
3895
3911
3886
3823
3741
3648
3525
3342
3121
2864
2566
2198
1782
1327
859
417
6
-378
-736
-1034
-1284
-1474
-1621
-1723
-1781
-1777
-1747
-1726
-1735
-1775
-1845
-1969
-2144
-2366
-2615
-2887
-3166
-3441
-3681
-3855
-3929
-3889
-3737
-3482
-3146
-2760
-2352
-1946
-1579
-1266
-1014
-811
-643
-489
-352
-236
-114
25
183
347
526
715
918
1130
1341
1550
1732
1909
2083
2270
2463
2673
2880
3082
3281
3473
3633
3714
3723
3683
3644
3590
3491
3320
3106
2851
2545
2183
1763
1291
809
362
-60
-452
-805
-1096
-1318
-1467
-1575
-1643
-1650
-1598
-1537
-1513
-1513
-1538
-1625
-1801
-2037
-2293
-2572
-2854
-3118
-3352
-3540
-3641
-3643
-3555
-3367
-3098
-2768
-2399
-2016
-1671
-1380
-1141
-949
-815
-714
-612
-509
-399
-259
-102
57
223
432
662
884
1095
1311
1512
1683
1827
1951
2091
2242
2409
2597
2823
3062
3292
3461
3536
3546
3541
3529
3452
3318
3124
2874
2579
2262
1867
1412
967
538
111
-277
-587
-874
-1105
-1246
-1328
-1387
-1371
-1304
-1237
-1184
-1138
-1150
-1226
-1359
-1571
-1851
-2163
-2472
-2784
-3058
-3267
-3395
-3450
-3411
-3259
-3027
-2731
-2397
-2043
-1710
-1410
-1172
-1012
-909
-840
-796
-778
-716
-593
-451
-303
-97
150
396
644
905
1144
1351
1535
1701
1844
1979
2100
2245
2429
2643
2852
3039
3220
3358
3421
3408
3382
3329
3203
3001
2756
2460
2091
1701
1277
831
403
20
-346
-642
-848
-1016
-1123
-1116
-1056
-1009
-913
-770
-671
-650
-666
-751
-917
-1139
-1437
-1825
-2229
-2581
-2877
-3109
-3275
-3364
-3352
-3199
-2942
-2652
-2354
-2006
-1639
-1329
-1106
-962
-887
-861
-855
-868
-874
-818
-692
-524
-336
-103
172
480
776
1046
1291
1522
1723
1876
1993
2100
2203
2313
2453
2615
2785
2933
3039
3076
3096
3101
3053
2901
2692
2433
2102
1725
1320
892
444
46
-310
-603
-806
-942
-1039
-1044
-954
-852
-749
-612
-476
-390
-351
-375
-481
-653
-873
-1145
-1479
-1861
-2248
-2568
-2782
-2919
-3016
-3040
-2934
-2700
-2411
-2138
-1857
-1543
-1239
-998
-841
-775
-782
-785
-763
-742
-715
-613
-421
-178
88
369
687
1032
1379
1658
1873
2050
2182
2249
2284
2307
2314
2331
2416
2532
2561
2530
2515
2527
2457
2314
2104
1838
1530
1198
807
389
45
-225
-478
-684
-785
-825
-818
-743
-647
-587
-490
-352
-272
-257
-258
-297
-420
-567
-756
-1031
-1337
-1604
-1873
-2185
-2444
-2623
-2713
-2721
-2647
-2554
-2393
-2138
-1844
-1605
-1390
-1162
-949
-779
-670
-613
-582
-514
-421
-327
-213
-39
213
533
877
1228
1584
1955
2297
2556
2706
2783
2789
2721
2634
2582
2561
2429
2221
2028
1957
1857
1698
1439
1149
851
574
234
-180
-532
-766
-942
-1057
-1059
-1036
-958
-771
-559
-473
-431
-326
-214
-184
-203
-268
-379
-471
-577
-772
-1020
-1243
-1437
-1666
-1933
-2203
-2400
-2479
-2481
-2479
-2473
-2343
-2078
-1792
-1564
-1344
-1091
-836
-584
-393
-287
-196
-8
226
378
506
730
1066
1448
1783
2066
2374
2715
3001
3159
3211
3167
3084
2990
2894
2744
2457
2058
1696
1479
1179
741
291
-52
-384
-696
-1006
-1296
-1474
-1484
-1433
-1320
-1077
-818
-582
-291
8
142
197
292
329
273
174
4
-238
-420
-573
-854
-1186
-1463
-1759
-2102
-2365
-2528
-2662
-2750
-2761
-2706
-2539
-2284
-2045
-1819
-1482
-1110
-840
-646
-432
-243
-59
165
401
641
923
1248
1600
2008
2363
2612
2850
3137
3333
3411
3399
3311
3202
3071
2943
2713
2355
1800
1316
924
500
-164
-840
-1412
-1813
-2142
-2443
-2682
-2677
-2383
-2004
-1595
-1060
-451
77
572
1029
1274
1330
1345
1253
1020
695
311
-146
-507
-807
-1156
-1555
-1866
-2109
-2373
-2637
-2820
-2914
-2972
-2984
-2938
-2803
-2550
-2246
-1961
-1597
-1101
-649
-296
74
429
730
1051
1416
1702
1912
2181
2474
2796
3064
3219
3306
3491
3604
3530
3376
3197
2941
2707
2569
2215
1617
947
474
90
-339
-1030
-1755
-2227
-2496
-2769
-3072
-3153
-2913
-2352
-1678
-895
-91
690
1420
2103
2532
2608
2455
2174
1776
1260
581
-226
-940
-1478
-1900
-2361
-2826
-3214
-3422
-3469
-3472
-3529
-3556
-3402
-3098
-2763
-2423
-2026
-1556
-994
-384
115
443
725
984
1112
1172
1261
1381
1475
1651
1879
2158
2440
2685
2863
3089
3296
3266
3109
2956
2769
2471
2329
2202
1777
1033
452
140
-104
-630
-1408
-2046
-2303
-2410
-2653
-2849
-2688
-2096
-1336
-515
327
1151
1891
2515
2896
2863
2502
1973
1377
718
-31
-880
-1668
-2183
-2466
-2634
-2774
-3030
-3316
-3408
-3239
-3204
-3327
-3476
-3374
-2935
-2296
-1899
-1607
-959
-42
707
1165
1345
1300
1351
1424
1213
890
738
685
815
1241
1617
1821
2231
2786
3230
3512
3548
3269
3089
3016
2733
2374
1917
1140
265
-78
-283
-762
-1444
-2030
-2352
-2251
-2117
-2257
-2145
-1432
-521
321
1234
1981
2527
3001
3232
2966
2377
1578
633
-155
-811
-1584
-2335
-2665
-2662
-2442
-2178
-2237
-2484
-2497
-2385
-2626
-2974
-3356
-3582
-3414
-2873
-2484
-2022
-1204
-229
678
1518
1927
1831
1732
1520
937
277
-145
-529
-632
-320
164
731
1627
2492
3132
3748
4212
4189
3917
3546
2982
2554
2239
1341
70
-605
-679
-874
-1315
-1948
-2405
-2275
-1797
-1725
-1689
-1092
-160
785
1809
2677
3156
3472
3605
3322
2621
1632
451
-553
-1246
-1905
-2519
-2829
-2806
-2574
-2239
-1938
-2000
-2343
-2727
-2909
-3156
-3526
-4012
-4167
-3596
-2463
-1517
-813
177
1461
2492
2885
2539
1711
864
43
-997
-2002
-2573
-2693
-2247
-1041
360
1552
2753
4078
5093
5545
5368
4569
3665
2923
2196
1332
478
-581
-1330
-1279
-784
-767
-1182
-1556
-1526
-1138
-976
-1250
-1271
-504
556
1562
2564
3400
3946
4338
4377
3827
2771
1414
-34
-1215
-2093
-2906
-3614
-3860
-3596
-3055
-2425
-2067
-2136
-2346
-2366
-2399
-2675
-3163
-3529
-3207
-2110
-965
-268
466
1558
2647
3104
2637
1474
237
-830
-2028
-3205
-3888
-3887
-3247
-1888
-91
1591
3145
4551
5617
6043
5803
4812
3522
2457
1662
1049
423
-413
-1233
-1242
-706
-483
-997
-1808
-2304
-2210
-2005
-2178
-2178
-1324
244
1984
3657
5019
5915
6406
6326
5501
3938
1813
-499
-2437
-3750
-4640
-5131
-5104
-4439
-3251
-1871
-735
-271
-356
-654
-934
-1447
-2236
-3157
-3578
-3021
-1795
-760
-26
938
2138
2932
2814
1708
104
-1294
-2508
-3733
-4625
-4670
-3982
-2531
-481
1578
3341
4880
5946
6222
5789
4770
3287
1856
839
280
128
-224
-956
-1469
-977
-461
-822
-2175
-3379
-3774
-3475
-3335
-3260
-2217
-55
2611
5026
7062
8294
8787
8291
6884
4506
1560
-1633
-4292
-5934
-6632
-6593
-5886
-4368
-2374
-220
1467
2303
1908
954
-113
-1135
-2457
-3830
-4673
-4191
-2453
-641
571
1588
2904
3761
3548
1964
-334
-2557
-4051
-5262
-6031
-5829
-4471
-2271
508
3299
5197
6506
7092
6896
5551
3686
1466
-214
-1297
-1509
-914
78
446
114
226
698
487
-1448
-4050
-5893
-5963
-5413
-4793
-3507
-551
3385
7143
9990
11563
11765
10442
7831
4141
-27
-4340
-7842
-9764
-9740
-8438
-6243
-3447
-213
2797
4943
5778
5159
3194
579
-1735
-3450
-4739
-5673
-5627
-3946
-1043
1337
2448
2853
3231
2970
1412
-1400
-4277
-6161
-6657
-6310
-5245
-3302
-523
2571
5484
7299
7571
6954
5591
3690
1196
-1032
-2758
-3026
-2321
-461
1659
2986
2764
1850
1178
83
-2158
-5704
-8373
-8992
-7332
-5153
-2401
1215
5931
10248
13171
14054
12876
9901
5541
615
-4318
-8475
-11427
-12189
-10708
-7380
-3384
605
4045
6645
7864
7495
5714
2829
-799
-3951
-5636
-5919
-5608
-4797
-3127
-375
2434
3739
3174
1874
651
-906
-3093
-5496
-6950
-6820
-5015
-2617
-145
2115
4368
6190
7168
6530
4558
2433
529
-1036
-2533
-2998
-2453
-636
1279
3650
5196
4993
2635
-122
-2242
-4121
-6639
-9388
-9997
-7866
-3807
7
3778
7518
11199
13213
13288
11172
7538
2757
-2163
-6403
-9418
-10996
-10881
-8688
-4979
-668
3014
5738
7202
7400
6177
4038
1554
-1114
-3674
-5144
-4898
-3600
-2328
-1391
-347
1069
1860
1150
-635
-2176
-3115
-3687
-4173
-4194
-3442
-1784
307
2207
3370
3892
3970
3612
2737
1098
-521
-1378
-1310
-1191
-703
241
1978
3539
4605
5009
4359
1814
-1797
-4683
-6213
-7083
-8273
-8688
-6914
-2925
1217
4561
7156
9627
11139
11020
9159
6189
2381
-1618
-5104
-7479
-8698
-8743
-7354
-4555
-1121
1911
4116
5412
5895
5257
3893
2298
928
-752
-2326
-3067
-2583
-1985
-1894
-2259
-2165
-1497
-1208
-1842
-2605
-2512
-1772
-954
-552
-279
121
894
1569
1591
848
178
55
246
188
-387
-450
492
1728
2251
2301
2330
2616
2811
2887
2840
1397
-1553
-4468
-5483
-5224
-5250
-6339
-6434
-4141
-511
2519
4449
6145
7963
9206
8961
7491
4877
1597
-1797
-4565
-6551
-7788
-8022
-6729
-3988
-713
2181
4285
5687
6342
5998
4873
3398
1926
213
-1838
-3433
-4086
-4197
-4370
-4517
-4430
-3611
-2389
-1320
-605
71
869
1717
2232
1933
1026
155
-151
-490
-1333
-2162
-1923
-790
436
1164
1703
2532
3358
3337
2556
1706
1017
682
634
1121
805
-874
-3282
-4209
-3891
-3726
-4978
-6140
-5274
-2435
657
2898
4857
7058
9090
9796
8949
6615
3175
-766
-4348
-7099
-8799
-9234
-7976
-5052
-1213
2565
5576
7485
8092
7480
5936
3891
1532
-861
-3251
-4993
-5853
-5925
-5870
-5351
-4239
-2534
-874
404
1207
1880
2452
2572
2091
1114
99
-728
-1249
-1749
-2255
-2532
-1810
-434
935
1813
2564
3173
3595
3186
2120
879
72
-152
156
1129
1489
295
-2087
-3593
-3913
-3921
-5271
-6845
-6501
-3629
216
3381
5668
7918
10105
10858
9691
6679
2586
-1834
-5713
-8564
-9934
-9764
-7829
-4247
155
4298
7387
8962
8854
7404
5076
2482
-108
-2275
-4068
-5414
-5910
-5371
-4435
-3641
-3036
-2445
-1416
-223
661
1050
1415
1876
2325
2133
1360
379
-483
-1231
-2043
-2835
-3120
-2291
-1107
299
1430
2413
3127
3686
3406
2571
1555
906
1098
1869
2671
1894
-685
-3784
-5055
-5350
-5926
-7720
-8417
-6197
-1464
3049
6151
8290
10351
11714
10964
8068
3762
-941
-5337
-8409
-9922
-9704
-8157
-5078
-941
3429
6695
8324
8108
6683
4649
2475
335
-1531
-2786
-3682
-4257
-4493
-4573
-4810
-4693
-3973
-2694
-1167
167
1432
2807
3896
4185
3517
2086
490
-1103
-2749
-4086
-4893
-4884
-3658
-1459
941
2966
4317
5012
5269
4610
3024
1141
-235
-634
263
1990
2739
1163
-2174
-4586
-5141
-5366
-7199
-9092
-8191
-3721
1817
5884
8303
10354
11992
11879
9406
4966
-231
-5060
-8502
-10109
-9978
-8590
-5783
-1646
2947
6648
8486
8324
6826
4735
2470
308
-1576
-2907
-3481
-3627
-3723
-3823
-3892
-3940
-3603
-2942
-2178
-1215
166
1749
3134
3751
3565
2899
1613
-122
-1984
-3484
-4432
-4612
-4211
-2632
-343
2016
3694
4576
4906
4657
3808
2276
971
171
605
1700
3435
3416
618
-3933
-7006
-7880
-8021
-9350
-9999
-7086
-1066
5344
9432
11351
12346
12603
10682
6783
1477
-3796
-7928
-10078
-10293
-8884
-6544
-3171
969
4800
7166
7759
6770
4852
2650
704
-626
-1391
-1830
-2170
-2404
-2762
-3181
-3942
-4737
-5011
-4328
-2974
-987
1219
3238
4700
5278
4932
3580
1236
-1499
-3694
-5005
-5538
-5422
-4307
-1874
1170
3678
5054
5529
5255
4529
3356
1773
363
-30
669
2094
3261
2066
-1583
-5974
-8609
-8984
-8565
-8743
-7438
-3304
2845
8550
11684
12266
11797
10341
7440
3274
-1672
-6035
-8836
-9684
-8776
-6738
-4199
-1091
2236
4987
6467
6484
5234
3451
1725
472
-237
-551
-1034
-1469
-1984
-2905
-4213
-5604
-6456
-5886
-4220
-2356
-145
2390
4893
6434
6225
4529
2300
-299
-2869
-4972
-6133
-6031
-4735
-2685
-55
2773
4814
5712
5375
4272
2989
1745
300
-563
-465
621
2191
3565
2913
-298
-5132
-8544
-9160
-8219
-7690
-6661
-3226
2700
8676
11957
12281
11264
9722
7088
3298
-1282
-5421
-8210
-9085
-8292
-6346
-4154
-1680
1094
3726
5479
5971
5256
3808
2320
1321
929
452
-452
-1859
-2811
-3578
-4910
-6735
-7774
-6930
-4089
-960
1409
3663
5826
7161
6694
4144
695
-2285
-4553
-5803
-6023
-5401
-3782
-1369
1299
3677
5106
5084
4213
3069
1886
799
-291
-969
-518
761
2154
3463
3484
681
-4098
-8360
-9582
-8194
-6807
-5871
-2943
2538
8582
12245
12409
10750
8746
6087
2607
-1468
-5472
-8156
-8856
-7774
-5751
-3731
-1748
713
3250
5098
5811
5373
4113
2781
1802
1344
686
-607
-2378
-3506
-4007
-4907
-6345
-7356
-6486
-3555
-56
2305
3883
5080
5849
5412
3258
87
-2704
-4541
-5009
-4406
-3460
-2240
-671
1201
2948
3970
3719
2631
1475
767
614
474
265
351
1195
2344
3419
3746
1646
-2811
-7563
-9739
-8696
-6429
-4923
-2760
1588
7249
11567
12472
10556
8012
5485
2551
-924
-4561
-7221
-8121
-7343
-5562
-3567
-1838
-2
2167
4136
5400
5573
4729
3425
2337
1654
917
-446
-2372
-3983
-4704
-4908
-5690
-6738
-6674
-4456
-885
2134
3612
4330
4928
4865
3550
901
-1908
-3772
-4238
-3660
-2643
-1919
-1171
-13
1315
2246
2373
1775
1100
760
730
999
1074
1071
1141
1725
2320
2982
2637
116
-4250
-8047
-8902
-6752
-3958
-2326
-140
3783
8348
10960
10251
7422
4792
2585
317
-2185
-4531
-5925
-5927
-4806
-3178
-1714
-749
368
1958
3682
4776
4810
3924
2857
1958
1181
91
-1536
-3507
-4821
-5224
-5142
-5328
-5491
-4494
-1918
1175
3237
3871
3639
3421
2818
1454
-651
-2551
-3439
-3056
-2264
-1641
-1399
-1042
-321
476
1081
1285
1119
1014
1241
1567
1892
1618
1078
959
1364
1856
2622
2262
-387
-4549
-7469
-6813
-3842
-1908
-1424
278
3900
7719
8970
7239
4683
3017
1756
388
-1429
-3274
-4323
-4161
-3188
-2108
-1589
-1257
-93
1740
3512
4425
4331
3478
2472
1493
638
-589
-2351
-4195
-5079
-4769
-4168
-4043
-4187
-3354
-1104
1560
3012
3152
2584
2243
1955
1020
-699
-2364
-3184
-2758
-1886
-1417
-1444
-1371
-887
2
750
1007
1022
1025
1317
1760
1984
1421
935
967
1866
2762
3748
3283
567
-3737
-6746
-6595
-4483
-3103
-2684
-967
2603
6544
8255
7267
5268
3930
2935
1669
-331
-2383
-3649
-3875
-3537
-3052
-2690
-2115
-791
1222
3287
4526
4560
3741
2691
1670
498
-1141
-3128
-4815
-5334
-4551
-3340
-2827
-2763
-2079
-198
1843
2646
1932
924
614
695
276
-946
-2244
-2598
-1878
-912
-558
-954
-1336
-1074
-382
163
307
99
294
885
1607
1885
1830
1818
2414
3270
4168
4944
3790
-156
-5376
-8457
-7951
-5642
-4367
-3417
-712
3918
8094
9437
8013
5936
4330
2889
1140
-940
-2766
-3837
-4013
-3536
-2870
-2418
-1806
-448
1546
3397
4280
4100
3249
2194
1182
117
-1253
-2873
-4184
-4376
-3328
-2159
-1866
-2230
-1911
-551
975
1358
691
-120
-159
222
253
-495
-1380
-1499
-749
-43
-220
-1115
-1784
-1831
-1453
-1120
-806
-376
286
1247
2336
3008
3195
3087
3063
3638
4033
4339
2530
-1701
-6819
-9271
-8396
-5565
-3667
-2347
501
4760
8402
9251
7440
4999
3465
2357
1266
-94
-1466
-2487
-2946
-3035
-3037
-3169
-3010
-1885
91
2248
3729
4199
3830
3005
2028
860
-595
-2320
-3681
-4003
-3191
-2029
-1778
-2323
-2730
-1994
-716
147
35
-236
82
851
1285
860
84
-301
-184
-153
-718
-1894
-2922
-3287
-2932
-2010
-917
165
1299
2557
3535
4109
3573
2739
2359
2638
3059
3318
2198
-1152
-5418
-8358
-7960
-5632
-3548
-2189
212
3802
7238
8489
7278
5246
3812
3057
2423
1439
-69
-1599
-2901
-3819
-4517
-4942
-4744
-3331
-790
2118
4461
5578
5455
4475
3016
1198
-817
-2715
-4104
-4399
-3696
-2405
-1820
-2277
-2863
-2489
-1290
-226
59
-130
250
1082
1828
1747
955
13
-450
-632
-1121
-2218
-3449
-3797
-3094
-1729
-403
783
1606
2373
2964
3328
3233
2762
2573
2859
3347
3648
2961
-163
-4830
-8550
-8947
-6476
-3641
-1916
37
3181
6633
8403
7488
5331
3873
3418
3171
2437
863
-1207
-3280
-4902
-5843
-6112
-5580
-3716
-666
2783
5573
6917
6583
4938
2709
450
-1463
-3088
-4126
-4317
-3408
-2140
-1459
-1762
-2550
-2658
-1909
-870
-287
43
298
1007
1734
1963
1355
236
-655
-1010
-1454
-2371
-3237
-3514
-2911
-1783
-438
671
1483
1877
2408
3039
3334
3258
3141
3491
3664
3588
2528
-229
-4653
-8656
-9591
-7151
-3614
-1301
489
2878
5821
7556
7007
5144
3789
3511
3611
3189
1672
-736
-3389
-5467
-6574
-6685
-5741
-3494
-163
3325
5996
7093
6474
4449
1943
-308
-1841
-2811
-3363
-3323
-2608
-1516
-1149
-1960
-3152
-3463
-2579
-1251
-371
-40
304
955
1706
1995
1446
463
-295
-635
-1061
-1963
-2992
-3420
-3060
-2176
-899
403
1422
2102
2788
3525
4080
3909
3550
3389
3277
2972
1884
-1032
-5228
-8688
-9038
-6246
-2695
-527
1018
3013
5415
6692
5997
4326
3421
3551
3897
3502
1876
-620
-3326
-5508
-6690
-6646
-5330
-2802
462
3658
5855
6465
5399
3283
981
-723
-1751
-2273
-2572
-2396
-1825
-1112
-1079
-2210
-3606
-4079
-3139
-1685
-521
-88
277
871
1674
2025
1539
597
-37
-252
-691
-1614
-2733
-3361
-3218
-2267
-808
677
1579
1955
2556
3320
3958
3821
3339
3012
2893
2661
2009
-371
-4394
-8064
-8697
-6056
-2423
-388
762
2344
4521
5800
5401
3991
3247
3506
4027
3853
2390
-210
-3116
-5390
-6512
-6303
-4933
-2544
394
3170
5006
5459
4357
2357
460
-631
-1004
-1104
-1234
-1289
-1102
-1021
-1701
-3134
-4439
-4448
-3103
-1420
-436
-128
52
683
1558
1993
1711
1078
696
521
-61
-1364
-2750
-3437
-3291
-2401
-1130
320
1273
2126
2763
3609
3939
3749
3288
3084
2859
2554
1646
-1141
-5025
-8117
-7810
-4850
-1553
-19
853
2099
3820
4764
4231
3184
2981
3816
4559
4244
2409
-414
-3294
-5429
-6335
-5921
-4312
-1910
836
3104
4318
4166
2885
1243
113
-291
-153
52
-77
-500
-916
-1270
-2067
-3482
-4782
-4669
-3160
-1386
-513
-436
-303
532
1668
2352
2248
1729
1356
1056
221
-1347
-2960
-3834
-3609
-2503
-960
493
1527
2302
2960
3665
3848
3622
3071
2709
2447
2482
1494
-1488
-5530
-7826
-6640
-3508
-1089
-338
268
1579
3240
3959
3495
2925
3362
4515
5162
4313
1980
-954
-3529
-5244
-5824
-5180
-3441
-1131
1097
2648
3245
2765
1573
441
40
292
744
789
280
-472
-1055
-1564
-2563
-3943
-4864
-4331
-2820
-1401
-836
-758
-508
453
1788
2664
2623
2052
1549
1104
99
-1592
-3131
-3691
-3072
-1744
-343
684
1522
2113
2821
3216
3276
2950
2802
2751
2852
2751
1056
-2430
-6131
-7186
-5340
-2507
-1084
-649
87
1634
3165
3627
3224
3142
4037
5085
5068
3403
735
-1842
-3748
-4799
-4925
-3968
-2203
-213
1275
1960
1850
1151
418
155
586
1232
1703
1461
538
-662
-1506
-2098
-2971
-3990
-4387
-3681
-2480
-1575
-1252
-1041
-415
752
2001
2717
2626
2088
1464
727
-400
-1745
-2728
-2931
-2225
-1104
-22
544
1018
1569
2302
2783
2823
2684
2737
3051
3311
2777
85
-3801
-6686
-6335
-3944
-1772
-1157
-677
601
2263
3224
3043
2775
3242
4431
4932
4054
1923
-256
-1975
-3153
-3824
-3681
-2621
-1160
64
661
640
183
-250
-171
499
1432
2080
2174
1481
270
-929
-1700
-2342
-3221
-3930
-3926
-3130
-2231
-1644
-1413
-1053
-278
893
1939
2367
2213
1905
1567
881
-229
-1436
-2120
-2032
-1381
-676
-310
-22
522
1426
2203
2525
2488
2641
2926
3166
3121
1779
-1220
-4707
-6110
-4809
-2366
-1084
-761
-177
1210
2509
2742
2236
2165
3134
4147
4107
2762
989
-434
-1396
-2130
-2572
-2512
-1925
-1083
-406
-209
-512
-897
-746
132
1277
2061
2217
1734
736
-331
-1067
-1458
-1985
-2852
-3547
-3440
-2708
-2004
-1636
-1474
-1036
-102
999
1680
1716
1607
1686
1700
1094
50
-1000
-1433
-1318
-952
-840
-744
-235
667
1720
2141
2376
2379
2811
2923
3054
1951
-476
-3669
-5277
-4319
-2239
-889
-806
-364
683
1933
2127
1729
1618
2448
3460
3589
2633
1165
87
-557
-1005
-1477
-1679
-1469
-1038
-741
-787
-1024
-1260
-1053
-280
838
1715
2006
1667
808
-246
-1102
-1357
-1556
-2206
-2859
-2780
-2059
-1543
-1540
-1783
-1504
-658
309
785
927
1212
1694
1868
1305
269
-609
-764
-432
-240
-463
-579
-250
503
1173
1398
1500
1843
2428
2766
2723
1603
-630
-3222
-4197
-3119
-1324
-485
-458
-154
711
1413
1286
942
1197
2157
2942
2904
2003
846
95
-173
-359
-672
-800
-627
-475
-697
-1142
-1424
-1430
-1056
-360
494
1149
1470
1237
582
-290
-767
-958
-1336
-1888
-2082
-1714
-1352
-1358
-1750
-1826
-1334
-519
-58
-21
141
738
1444
1582
1031
250
-93
91
343
291
-36
-225
-13
554
1035
1066
958
1273
1874
2354
1804
113
-2073
-3077
-2433
-1101
-467
-644
-580
142
1012
1089
715
813
1742
2555
2434
1550
591
16
-129
-24
32
42
152
215
-94
-853
-1511
-1607
-1111
-502
8
377
654
659
266
-318
-688
-600
-665
-1059
-1565
-1521
-1242
-1128
-1424
-1607
-1348
-669
-86
40
-103
-110
211
529
567
246
92
387
814
833
645
609
799
887
799
612
570
735
1210
1596
1032
-635
-2276
-2294
-1034
-41
-289
-776
-552
308
837
748
564
979
1864
2338
1994
1056
185
-264
-311
-313
-257
105
696
977
572
-260
-995
-1265
-960
-335
120
208
119
-30
-346
-791
-1005
-928
-756
-656
-569
-569
-782
-1114
-1273
-1169
-909
-643
-414
-215
-41
40
-53
-262
-379
-209
151
468
577
663
874
1153
1306
1218
973
694
545
614
858
743
-93
-1330
-1861
-1197
-92
299
-183
-624
-351
352
694
617
704
1241
1683
1540
957
312
-113
-265
-241
-233
-120
234
714
964
761
247
-245
-398
-230
46
182
128
-126
-538
-1029
-1367
-1448
-1328
-1018
-542
-82
31
-242
-662
-923
-901
-686
-505
-455
-341
-107
15
-125
-447
-666
-633
-376
-114
-44
-5
286
788
1155
1273
1197
1006
726
486
207
-193
-582
-569
-125
304
387
201
62
19
61
184
506
905
1144
1063
752
426
109
-145
-280
-184
12
202
292
327
329
391
449
401
377
511
685
683
564
323
-68
-599
-999
-1280
-1552
-1609
-1189
-484
-79
-118
-349
-511
-634
-752
-837
-829
-710
-537
-462
-536
-619
-594
-465
-409
-546
-790
-844
-584
-170
206
575
976
1337
1496
1397
922
267
-205
-184
161
478
623
564
398
191
133
151
293
547
908
1113
1040
746
375
51
-125
-113
14
228
433
517
409
246
110
72
151
407
705
887
904
815
547
67
-514
-1043
-1408
-1513
-1357
-1129
-1025
-1032
-988
-860
-740
-709
-672
-577
-470
-494
-635
-770
-768
-614
-419
-279
-195
-160
-263
-479
-640
-578
-257
291
959
1447
1531
1237
843
574
462
408
302
178
181
354
488
372
91
-35
175
547
805
800
644
505
454
371
248
176
211
259
250
201
86
-56
-124
-5
229
436
473
374
300
392
462
223
-265
-645
-734
-769
-973
-1330
-1606
-1618
-1327
-952
-726
-607
-394
-144
-86
-303
-564
-577
-350
-115
-46
-92
-56
60
138
43
-207
-393
-237
186
481
572
635
872
1095
1157
963
629
239
-39
-180
-165
0
220
327
252
195
170
135
47
72
173
359
556
693
599
343
108
-41
-139
-114
74
253
330
319
268
74
-154
-247
-157
24
200
287
171
-173
-631
-1059
-1343
-1409
-1277
-1046
-795
-576
-464
-419
-334
-175
12
150
197
124
31
-2
38
91
163
307
471
549
347
-74
-412
-389
-58
381
768
986
986
821
591
270
-83
-323
-281
-95
123
225
209
76
-77
-222
-300
-202
50
315
448
499
424
248
70
67
125
155
153
181
140
10
-110
-246
-399
-447
-247
11
85
-41
-223
-415
-614
-769
-859
-900
-894
-799
-673
-569
-511
-391
-96
281
515
508
404
329
301
254
256
356
563
693
599
286
5
-122
-132
-89
-53
18
136
328
440
424
326
228
103
26
-33
-119
-247
-279
-179
-28
146
284
317
194
80
-8
-90
-122
38
268
414
429
335
104
-172
-323
-363
-369
-354
-194
-17
8
-174
-408
-563
-586
-490
-355
-275
-325
-469
-608
-652
-598
-457
-249
-13
184
353
501
637
698
685
615
562
529
456
353
309
414
522
488
249
-51
-230
-217
-143
-119
-112
-60
5
50
61
-35
-181
-244
-169
-125
-165
-192
-90
58
155
169
150
161
205
194
37
-165
-261
-208
-130
-105
-174
-277
-333
-309
-307
-421
-582
-613
-414
-105
91
92
-21
-146
-254
-315
-283
-179
-30
86
133
105
103
169
287
461
674
868
955
845
542
255
236
419
580
647
659
586
362
66
-218
-382
-405
-280
-141
-55
-98
-247
-434
-556
-596
-563
-415
-191
-7
19
-74
-257
-440
-481
-270
15
196
278
303
147
-228
-661
-924
-906
-635
-271
-70
-174
-434
-612
-648
-599
-453
-172
179
480
600
509
283
155
184
279
385
540
718
757
649
511
459
494
544
567
576
671
788
760
503
203
77
196
419
542
510
422
313
76
-276
-600
-732
-692
-504
-314
-181
-165
-258
-436
-632
-769
-818
-732
-519
-264
-119
-111
-226
-392
-536
-595
-532
-377
-208
-96
-104
-297
-616
-906
-985
-829
-568
-346
-235
-197
-169
-111
-19
152
418
712
895
962
970
957
931
928
968
985
916
737
555
484
562
667
646
498
380
385
412
337
208
122
110
127
164
207
203
132
13
-140
-314
-468
-590
-653
-642
-587
-557
-525
-467
-461
-548
-660
-738
-853
-976
-996
-893
-768
-657
-523
-424
-443
-520
-498
-384
-288
-238
-216
-239
-284
-251
-174
-111
-49
72
212
305
421
591
798
999
1200
1323
1300
1125
926
842
898
1003
1015
926
781
674
556
403
248
178
180
189
182
143
74
-36
-130
-221
-246
-155
16
139
167
110
-56
-346
-648
-819
-869
-852
-794
-736
-792
-943
-1078
-1099
-1064
-1064
-1129
-1214
-1237
-1165
-1011
-816
-595
-377
-201
-81
1
47
74
121
220
338
499
699
873
921
866
816
783
728
621
575
691
947
1143
1135
955
779
740
782
777
689
598
532
508
463
352
181
48
-7
-22
-25
-25
-42
-97
-138
-171
-251
-367
-399
-337
-273
-266
-287
-373
-552
-762
-941
-1084
-1229
-1357
-1429
-1389
-1262
-1125
-1021
-903
-762
-696
-737
-757
-654
-445
-184
106
381
619
799
891
895
859
811
755
697
669
712
849
1037
1103
918
607
442
455
507
523
555
601
617
571
491
389
294
259
265
272
286
325
331
273
146
-35
-244
-371
-384
-349
-387
-526
-734
-929
-1003
-919
-769
-714
-761
-821
-783
-653
-533
-507
-568
-639
-693
-740
-774
-715
-541
-294
-96
4
24
74
198
338
398
373
360
396
533
725
909
938
822
636
516
445
393
345
358
435
531
586
575
510
400
312
259
258
227
180
158
212
238
183
69
15
-10
-74
-226
-420
-553
-573
-476
-392
-404
-546
-699
-801
-833
-848
-825
-781
-700
-598
-472
-403
-398
-359
-198
56
301
498
613
663
635
553
392
201
19
-32
62
248
323
209
22
-59
2
116
253
364
436
424
375
305
215
124
85
126
184
198
150
102
106
140
154
150
181
218
205
82
-142
-417
-625
-653
-530
-418
-415
-485
-561
-658
-802
-904
-887
-705
-414
-83
136
197
177
165
156
150
203
325
477
609
676
621
487
351
298
376
581
765
792
637
424
245
112
-4
-94
-129
-120
-120
-212
-367
-497
-515
-423
-244
-57
67
93
70
24
-43
-107
-88
-1
37
-46
-209
-356
-490
-635
-749
-750
-636
-452
-302
-245
-291
-389
-469
-469
-382
-242
-77
99
229
274
266
269
311
444
643
841
937
939
875
815
809
823
763
604
423
293
247
219
168
81
40
38
38
-24
-110
-197
-214
-162
-85
-38
-52
-100
-184
-289
-428
-570
-667
-709
-737
-760
-751
-708
-677
-710
-789
-807
-712
-562
-442
-364
-294
-225
-190
-191
-180
-138
-65
25
169
362
557
738
909
1025
1003
887
776
737
750
802
823
743
572
407
327
295
281
284
316
344
332
256
153
48
-15
-64
-92
-117
-144
-184
-226
-289
-374
-461
-534
-594
-645
-660
-652
-663
-726
-792
-808
-761
-689
-635
-648
-723
-787
-768
-716
-690
-648
-502
-257
-17
161
309
473
667
865
1011
1079
1108
1123
1100
1029
936
837
719
611
543
541
584
641
629
531
381
236
97
-26
-109
-138
-151
-161
-173
-204
-255
-310
-355
-413
-472
-483
-438
-415
-474
-589
-676
-697
-661
-598
-557
-574
-631
-694
-733
-752
-749
-685
-528
-296
-110
-3
62
176
346
536
710
818
850
811
757
692
638
584
543
517
539
585
600
582
566
546
500
436
371
326
311
307
232
64
-131
-271
-339
-370
-398
-430
-469
-520
-580
-624
-641
-661
-737
-835
-885
-847
-770
-704
-662
-632
-607
-559
-490
-424
-330
-180
-26
53
110
233
460
708
858
865
791
714
655
609
580
572
570
580
602
608
560
498
481
525
585
612
589
531
451
360
245
92
-77
-215
-286
-306
-343
-446
-602
-738
-791
-773
-763
-789
-809
-770
-706
-692
-739
-825
-905
-944
-910
-826
-706
-536
-305
-108
-14
7
46
140
298
500
667
759
806
840
826
764
716
706
704
689
654
627
607
610
618
632
664
660
586
482
394
306
207
120
40
-38
-94
-128
-195
-340
-499
-586
-554
-476
-468
-563
-661
-685
-681
-718
-813
-908
-981
-1003
-992
-955
-897
-788
-647
-529
-428
-304
-87
188
464
653
766
795
766
690
617
581
600
644
702
747
753
690
581
486
435
419
403
423
467
487
414
296
161
35
-69
-130
-172
-208
-230
-230
-260
-324
-397
-445
-464
-458
-436
-432
-472
-557
-645
-699
-704
-696
-678
-638
-555
-470
-412
-378
-299
-140
64
277
456
596
666
665
601
519
454
439
441
431
427
437
422
376
345
381
454
521
547
526
450
335
214
76
-53
-146
-193
-242
-295
-336
-372
-431
-507
-577
-611
-579
-492
-413
-392
-419
-450
-472
-487
-492
-485
-480
-471
-445
-409
-337
-219
-54
86
199
309
445
571
634
609
541
518
569
636
624
549
452
398
355
329
313
337
392
474
531
526
440
294
138
1
-95
-184
-262
-331
-391
-468
-557
-626
-650
-600
-478
-327
-233
-246
-320
-395
-443
-484
-515
-510
-466
-407
-379
-391
-395
-349
-280
-210
-115
19
166
299
389
426
429
457
516
577
586
547
490
456
448
472
523
581
622
630
620
572
482
364
251
129
13
-66
-99
-143
-242
-388
-554
-698
-759
-714
-614
-507
-399
-294
-210
-166
-132
-115
-113
-123
-143
-165
-179
-185
-193
-214
-235
-242
-206
-87
70
181
182
132
75
50
40
44
42
55
99
170
208
210
198
188
202
229
270
290
300
309
327
313
275
198
100
11
-58
-141
-253
-340
-390
-399
-383
-352
-330
-312
-259
-148
-32
50
90
108
147
202
241
202
123
50
22
11
8
41
142
294
435
482
394
243
155
166
198
187
105
-14
-126
-193
-236
-267
-288
-264
-190
-110
-92
-176
-310
-388
-358
-268
-197
-226
-321
-390
-366
-301
-277
-306
-339
-330
-265
-183
-112
-58
30
146
261
345
381
391
373
332
253
184
169
226
311
386
420
410
381
371
393
450
529
590
595
532
452
355
245
107
-18
-122
-205
-271
-320
-341
-336
-315
-295
-299
-338
-393
-437
-455
-475
-518
-576
-629
-671
-678
-647
-585
-503
-402
-282
-159
-41
63
142
195
227
260
288
319
328
327
320
324
325
308
287
282
291
295
297
314
339
370
383
368
319
272
220
159
72
-12
-68
-98
-96
-98
-91
-98
-99
-117
-133
-142
-130
-125
-152
-201
-257
-310
-381
-464
-529
-536
-482
-383
-279
-191
-116
-32
48
113
148
187
238
291
320
314
291
267
242
215
188
178
179
187
203
198
160
98
59
51
46
25
-8
-51
-84
-100
-121
-155
-190
-202
-200
-186
-183
-185
-174
-127
-59
-4
15
10
-12
-36
-51
-74
-115
-145
-145
-115
-79
-50
-33
-23
0
55
127
189
243
273
302
309
315
300
272
233
194
151
113
99
93
83
54
24
-9
-17
-41
-66
-113
-171
-227
-265
-283
-308
-333
-357
-348
-321
-280
-233
-193
-153
-101
-24
75
173
227
208
165
124
111
107
108
98
66
29
7
-1
-20
-26
3
63
138
209
249
246
214
166
117
72
42
27
20
8
-22
-58
-86
-111
-149
-184
-208
-211
-194
-184
-174
-163
-159
-160
-175
-208
-252
-267
-229
-142
-49
40
129
212
278
304
301
289
311
334
340
298
213
122
66
38
17
-6
-14
-17
-24
-8
23
77
127
162
159
130
90
47
-5
-55
-86
-100
-112
-144
-218
-298
-352
-354
-332
-299
-258
-217
-191
-189
-217
-256
-274
-253
-198
-141
-93
-51
17
91
164
210
240
274
357
461
516
512
466
427
391
349
281
202
121
73
61
54
39
28
42
44
44
16
-5
-39
-77
-123
-179
-226
-259
-296
-351
-403
-451
-469
-474
-457
-411
-326
-253
-205
-189
-182
-167
-143
-105
-77
-43
-5
68
122
155
156
172
214
279
372
437
469
454
415
379
355
342
325
295
269
237
185
124
65
35
31
37
30
1
-38
-62
-97
-133
-169
-188
-183
-184
-214
-285
-373
-454
-488
-478
-431
-373
-306
-245
-204
-178
-173
-168
-157
-115
-52
20
80
111
119
115
111
134
194
269
331
370
401
419
424
419
401
388
367
351
319
268
232
188
153
97
41
-12
-46
-73
-117
-177
-246
-288
-315
-329
-325
-311
-307
-308
-328
-350
-367
-364
-356
-341
-308
-263
-222
-202
-182
-162
-110
-49
8
61
98
122
121
125
128
134
160
210
276
348
420
451
462
438
408
385
365
362
363
364
350
319
244
148
46
-36
-90
-125
-164
-202
-237
-268
-313
-352
-383
-387
-380
-370
-355
-361
-343
-322
-286
-250
-235
-232
-229
-209
-179
-132
-88
-46
-3
37
56
62
43
39
64
103
135
134
130
146
172
196
203
206
228
276
332
372
379
364
342
320
304
275
232
182
146
126
98
57
5
-52
-111
-162
-202
-236
-241
-231
-211
-189
-199
-223
-251
-275
-295
-297
-275
-239
-190
-132
-95
-64
-52
-47
-38
-7
11
16
21
26
42
53
74
73
48
29
40
35
31
15
15
14
31
51
52
48
38
55
67
78
68
58
43
50
62
77
68
65
84
87
97
98
78
59
43
22
11
-7
-23
-31
-42
-42
-29
-28
-16
-21
-27
-33
-38
-21
1
23
44
48
39
38
28
23
5
-15
-30
-46
-40
-36
-41
-52
-71
-79
-98
-115
-139
-136
-117
-111
-99
-87
-73
-52
-38
-34
-27
-22
-8
26