-4
-3
-4
-3
-3
-4
-2
1
0
-1
0
1
2
3
3
2
5
5
6
5
5
2
4
4
4
4
5
7
10
9
8
10
8
4
1
0
-3
-1
-1
-1
0
-3
-4
-6
-7
-11
-8
-13
-12
-13
-16
-21
-21
-19
-21
-17
-16
-15
-15
-9
-13
-17
-18
-21
-20
-16
-13
-13
-11
-14
-10
-7
-2
-4
-1
3
5
10
16
19
24
28
23
25
29
24
24
28
30
31
39
42
38
40
34
28
26
27
25
29
31
32
29
19
20
21
16
13
5
-3
-3
-3
-4
-7
-14
-14
-10
-11
-13
-18
-27
-36
-36
-35
-34
-33
-28
-33
-42
-43
-45
-46
-39
-34
-33
-32
-32
-35
-42
-47
-46
-46
-48
-46
-50
-42
-34
-28
-20
-10
-1
-3
-2
-9
-17
-16
-4
3
8
-2
-14
-17
-13
-2
11
13
11
22
31
50
64
73
84
101
105
107
108
100
89
91
107
122
133
134
133
120
120
102
88
82
75
73
73
75
69
55
43
40
24
17
4
-14
-43
-53
-61
-78
-100
-105
-103
-93
-78
-71
-75
-88
-86
-95
-97
-117
-117
-113
-101
-90
-98
-100
-108
-111
-116
-122
-207
-296
-314
-269
-225
-175
-196
-287
-335
-287
-290
-292
-293
-305
-325
-251
-220
-234
-199
-90
16
155
294
340
352
449
564
651
726
728
674
672
733
754
731
670
621
600
617
587
490
356
265
232
217
162
79
8
-17
-26
-42
-107
-185
-221
-221
-220
-235
-287
-382
-420
-478
-621
-767
-808
-796
-746
-672
-776
-928
-978
-964
-1039
-987
-943
-924
-874
-706
-676
-631
-518
-362
-217
16
210
275
377
520
663
759
896
919
919
893
920
902
940
970
988
982
1006
976
891
800
732
698
676
646
571
493
398
365
351
333
280
224
149
92
24
-81
-196
-277
-309
-321
-341
-398
-460
-529
-551
-580
-584
-618
-629
-635
-635
-660
-683
-666
-775
-837
-819
-701
-671
-578
-654
-783
-825
-725
-750
-780
-745
-725
-703
-590
-541
-573
-464
-275
-114
65
257
324
415
511
640
757
979
1104
1204
1169
1076
978
1021
1090
1117
1182
1149
1082
991
938
748
668
649
616
545
530
420
207
105
83
44
26
87
30
-79
-129
-162
-273
-329
-306
-299
-278
-216
-255
-395
-486
-489
-493
-489
-463
-501
-606
-639
-628
-792
-937
-931
-825
-769
-655
-759
-986
-1083
-996
-1004
-1011
-978
-984
-985
-864
-816
-900
-845
-610
-386
-178
35
117
174
352
551
654
781
917
1002
1077
1185
1158
1025
1013
1136
1303
1480
1539
1431
1296
1290
1294
1251
1187
1137
1039
981
940
796
583
434
372
366
409
373
202
11
-94
-115
-139
-184
-248
-335
-367
-401
-483
-618
-734
-797
-796
-786
-852
-957
-1213
-1378
-1450
-1343
-1260
-1132
-1204
-1341
-1379
-1312
-1344
-1388
-1300
-1242
-1156
-1058
-1083
-1200
-1116
-901
-630
-392
-183
-97
1
149
304
343
459
616
808
890
1037
1091
1179
1312
1415
1425
1474
1628
1716
1768
1741
1701
1656
1703
1685
1630
1539
1470
1343
1191
1041
893
715
591
509
380
277
151
12
-141
-207
-263
-296
-359
-426
-547
-653
-702
-792
-872
-927
-948
-988
-1012
-1110
-1296
-1459
-1484
-1458
-1439
-1407
-1432
-1434
-1382
-1285
-1322
-1306
-1295
-1260
-1267
-1235
-1306
-1341
-1240
-1043
-821
-665
-527
-487
-331
-284
-85
-3
118
218
426
564
711
862
922
1106
1336
1518
1652
1702
1588
1540
1586
1721
1891
1975
1989
1931
1978
1962
1861
1694
1576
1429
1318
1236
1014
770
578
485
428
394
290
134
-8
-85
-162
-242
-337
-423
-533
-571
-625
-722
-886
-984
-1073
-1123
-1168
-1405
-1671
-1795
-1777
-1764
-1705
-1722
-1710
-1620
-1490
-1535
-1601
-1655
-1623
-1584
-1417
-1410
-1416
-1392
-1293
-1169
-1011
-893
-748
-578
-431
-274
-255
-72
32
308
455
678
708
968
976
1292
1399
1695
1836
2002
1979
2021
2004
2144
2253
2339
2430
2425
2491
2376
2283
2043
1949
1756
1671
1482
1313
1056
913
711
556
372
266
144
16
-132
-290
-445
-593
-685
-819
-885
-965
-1047
-1148
-1299
-1381
-1543
-1731
-1915
-1999
-2091
-2013
-2012
-2020
-2006
-1940
-1892
-1924
-1902
-1972
-1918
-1863
-1793
-1807
-1773
-1625
-1495
-1291
-1171
-931
-891
-573
-522
-333
-240
-73
167
345
534
617
811
869
1264
1299
1648
1606
1952
1911
2181
2174
2257
2194
2255
2350
2457
2577
2517
2482
2349
2383
2211
2139
1923
1795
1555
1431
1215
992
725
600
414
336
203
92
-146
-366
-525
-653
-766
-865
-949
-1109
-1161
-1230
-1329
-1484
-1668
-1825
-1922
-1920
-1967
-1974
-2072
-2105
-2062
-1955
-1955
-1968
-1939
-1961
-1855
-1853
-1893
-1983
-1924
-1821
-1582
-1437
-1245
-1059
-928
-632
-426
-318
-180
-13
86
298
441
498
659
897
1132
1405
1596
1691
1803
1940
2093
2222
2292
2326
2371
2349
2386
2437
2459
2536
2569
2514
2511
2374
2267
2001
1873
1643
1513
1345
1170
925
649
421
167
-20
-193
-331
-514
-669
-846
-1040
-1189
-1321
-1391
-1471
-1552
-1617
-1763
-1902
-2155
-2311
-2369
-2245
-2091
-2049
-2097
-2148
-2101
-2053
-2036
-2026
-2026
-1985
-1901
-1837
-1964
-1917
-1812
-1505
-1165
-923
-728
-693
-505
-409
-135
-90
138
225
471
659
897
899
1096
1192
1459
1695
1819
1853
1804
1926
1979
2154
2175
2360
2354
2397
2385
2366
2385
2347
2458
2365
2425
2342
2272
2036
1823
1635
1440
1309
1066
856
560
378
117
-89
-304
-474
-640
-831
-971
-1178
-1362
-1449
-1442
-1469
-1491
-1598
-1820
-2002
-2094
-2137
-2203
-2144
-2131
-2126
-2035
-1911
-1942
-1936
-1901
-1810
-1810
-1806
-1940
-2003
-2006
-1855
-1666
-1475
-1219
-1027
-828
-708
-478
-424
-384
-204
-103
197
365
417
551
638
829
1228
1163
1434
1371
1555
1609
1788
1767
1918
2047
2305
2437
2447
2445
2376
2346
2374
2394
2393
2346
2268
2162
2090
1955
1783
1599
1389
1230
983
761
440
136
-130
-239
-366
-494
-660
-902
-1090
-1171
-1210
-1271
-1369
-1459
-1550
-1604
-1682
-1884
-2045
-2011
-1849
-1588
-1483
-1546
-1732
-1713
-1696
-1596
-1711
-1702
-1802
-1814
-1707
-1836
-1794
-1780
-1549
-1260
-928
-800
-675
-743
-450
-389
-80
-116
33
256
393
565
557
653
656
1095
1139
1341
1413
1431
1494
1632
1754
1724
1945
1939
2094
2121
2132
1972
2007
1865
1993
1952
1971
1857
1718
1611
1461
1453
1304
1201
912
807
529
414
200
-60
-236
-338
-423
-547
-702
-924
-1090
-1138
-1138
-1163
-1204
-1245
-1237
-1308
-1357
-1444
-1502
-1522
-1437
-1344
-1303
-1335
-1437
-1484
-1512
-1527
-1522
-1540
-1592
-1583
-1597
-1640
-1646
-1461
-1427
-1188
-982
-865
-744
-556
-630
-388
-363
-113
-11
67
164
237
255
483
479
737
912
1192
1293
1352
1384
1354
1561
1572
1673
1721
1822
1789
1880
1695
1735
1726
1759
1745
1816
1612
1659
1447
1458
1261
1327
1220
1139
978
842
668
438
323
77
-6
-167
-163
-372
-476
-671
-678
-743
-692
-763
-778
-822
-878
-921
-1070
-1193
-1255
-1211
-1202
-1154
-1288
-1317
-1430
-1351
-1488
-1541
-1639
-1706
-1712
-1789
-1802
-1862
-1783
-1731
-1452
-1478
-1206
-1146
-940
-790
-626
-548
-414
-322
-205
-19
-57
245
230
460
596
758
1046
1046
1201
1150
1360
1358
1608
1523
1574
1690
1728
1781
1715
1723
1587
1601
1531
1531
1393
1492
1353
1355
1344
1333
1273
1213
1094
897
865
674
555
393
226
136
-9
-72
-211
-226
-304
-297
-359
-417
-468
-574
-598
-664
-690
-799
-871
-949
-981
-941
-996
-983
-1112
-1138
-1207
-1256
-1426
-1528
-1635
-1728
-1618
-1732
-1613
-1751
-1462
-1451
-1184
-1165
-1004
-975
-721
-743
-543
-572
-465
-328
-204
-57
16
136
187
345
348
572
546
711
744
905
966
1087
1034
1064
1128
1106
1228
1234
1159
1115
1069
994
1056
1038
1219
1115
1266
1181
1257
1116
1126
1092
961
964
830
806
572
525
312
269
159
172
106
31
-34
-107
-164
-180
-250
-318
-316
-356
-477
-593
-667
-746
-733
-702
-697
-798
-831
-872
-985
-1065
-1185
-1274
-1307
-1280
-1359
-1383
-1376
-1375
-1172
-1197
-985
-964
-785
-829
-585
-716
-508
-479
-339
-260
-174
-172
-107
91
-39
244
174
425
443
590
552
669
660
686
715
693
801
689
850
704
820
746
829
804
978
1054
1115
1217
1180
1304
1280
1265
1202
1155
1095
1001
895
813
660
555
471
375
315
268
122
139
42
51
-15
-2
-63
-126
-176
-237
-371
-490
-492
-540
-465
-487
-521
-641
-591
-753
-808
-944
-1093
-1117
-1226
-1298
-1387
-1372
-1463
-1339
-1362
-1261
-1242
-1024
-1081
-949
-959
-889
-781
-743
-622
-600
-459
-455
-338
-387
-213
-119
-48
-9
95
102
232
236
218
361
325
391
446
522
486
572
413
534
662
679
867
1024
1056
1213
1252
1283
1336
1371
1374
1331
1260
1220
1183
1058
974
900
874
791
798
658
648
554
558
524
487
419
392
376
302
253
134
87
29
67
2
-79
-193
-352
-492
-596
-768
-905
-1032
-1218
-1302
-1392
-1421
-1556
-1458
-1517
-1299
-1340
-1202
-1263
-1125
-1117
-1024
-943
-934
-808
-817
-758
-802
-679
-726
-572
-529
-415
-342
-156
-179
-182
-215
-103
-83
-40
35
-18
205
185
357
302
492
443
592
724
845
1014
1055
1132
1256
1336
1356
1425
1356
1401
1360
1397
1290
1215
1081
1075
1001
1001
946
858
821
767
748
715
649
649
554
578
568
479
349
247
149
125
62
-104
-201
-480
-472
-746
-823
-1065
-1151
-1380
-1381
-1510
-1582
-1511
-1659
-1468
-1577
-1425
-1499
-1244
-1416
-1175
-1304
-1099
-1227
-1128
-1176
-1079
-972
-1033
-949
-1022
-678
-805
-524
-740
-480
-507
-270
-324
-269
-225
-90
46
114
245
334
483
598
666
762
897
1094
1322
1388
1573
1608
1740
1760
1827
1758
1769
1715
1650
1609
1466
1369
1310
1228
1131
1240
1172
1201
1098
1020
942
884
864
791
750
670
661
370
385
177
243
25
12
-313
-365
-609
-777
-1022
-1162
-1284
-1386
-1423
-1518
-1633
-1604
-1661
-1607
-1618
-1659
-1555
-1566
-1452
-1534
-1503
-1496
-1447
-1378
-1335
-1296
-1386
-1193
-1233
-1104
-1061
-938
-863
-758
-717
-628
-621
-420
-438
-197
-206
-29
67
225
409
488
608
717
984
1102
1282
1392
1479
1572
1727
1722
1804
1797
1790
1743
1796
1642
1623
1508
1458
1411
1363
1352
1342
1296
1211
1219
1086
1129
1040
1006
895
881
743
625
436
389
291
254
164
-2
-194
-436
-528
-808
-968
-1138
-1191
-1324
-1446
-1592
-1694
-1704
-1660
-1673
-1747
-1536
-1653
-1512
-1625
-1645
-1638
-1492
-1661
-1573
-1534
-1497
-1411
-1364
-1396
-1305
-1062
-1101
-867
-981
-766
-813
-623
-460
-391
-203
-98
-11
288
508
595
715
778
888
980
1149
1316
1442
1501
1650
1726
1738
1812
1789
1819
1763
1740
1644
1556
1420
1359
1379
1252
1275
1193
1205
1098
1105
982
922
877
768
704
644
552
400
403
201
192
180
-9
-183
-317
-534
-618
-779
-950
-1087
-1205
-1374
-1321
-1435
-1518
-1565
-1496
-1437
-1283
-1448
-1505
-1351
-1422
-1403
-1288
-1365
-1210
-1132
-1231
-1124
-1079
-992
-1021
-857
-811
-723
-675
-647
-531
-408
-308
-275
-163
-91
92
227
424
502
581
626
747
806
1035
1119
1222
1281
1316
1413
1435
1458
1396
1382
1389
1364
1347
1245
1118
1136
1052
1006
952
1010
895
946
885
873
804
786
716
696
545
476
405
237
246
179
79
-76
-113
-472
-392
-599
-733
-994
-914
-1204
-1118
-1233
-1362
-1395
-1345
-1403
-1314
-1292
-1393
-1153
-1345
-1089
-1199
-1068
-1115
-976
-1095
-837
-1006
-758
-811
-825
-658
-646
-491
-569
-421
-524
-213
-278
-264
-192
-125
93
130
245
357
492
484
586
732
881
998
1053
1058
1095
1215
1197
1243
1163
1152
1191
1147
1092
983
892
842
775
818
815
777
733
671
800
666
632
537
544
591
480
378
283
289
131
235
-27
37
-125
-91
-454
-442
-707
-699
-769
-982
-924
-1052
-907
-1134
-1059
-1090
-960
-984
-840
-932
-764
-858
-887
-733
-702
-638
-712
-651
-529
-422
-425
-418
-442
-207
-248
-189
-219
-190
-118
-159
-179
15
-36
186
186
166
275
307
447
456
554
618
670
750
715
723
887
867
855
867
769
754
667
606
518
442
456
492
449
388
240
278
345
204
291
208
212
261
166
137
56
38
167
91
86
-56
-102
-249
-174
-433
-390
-599
-584
-707
-571
-744
-780
-766
-834
-638
-690
-419
-677
-481
-604
-469
-505
-346
-475
-483
-281
-270
-132
-240
-299
-164
77
-99
-199
-201
-60
179
24
192
-76
282
62
405
87
278
247
336
311
444
461
564
541
547
598
624
683
616
695
537
536
415
592
250
481
135
367
256
229
22
46
-48
50
-63
-14
-96
58
42
-159
-46
-263
15
-85
-46
-367
-305
-370
-412
-404
-577
-596
-557
-629
-695
-702
-626
-689
-502
-609
-517
-234
-405
-510
-221
-582
96
-254
62
-122
56
-34
314
-42
345
154
444
303
428
400
203
571
316
667
424
641
357
822
344
461
251
453
470
607
560
468
519
570
464
559
454
408
431
314
265
98
91
-132
-73
-130
-225
-229
-199
-518
-453
-611
-536
-520
-562
-630
-689
-650
-806
-618
-748
-481
-490
-563
-784
-710
-709
-727
-667
-794
-612
-543
-508
-750
-589
-674
-270
-289
-264
-376
-123
-173
172
-171
45
171
162
410
479
344
527
750
472
937
1047
1525
986
1095
553
1143
1216
1229
1004
917
1258
928
1071
570
987
621
1229
577
783
339
720
494
558
235
396
145
396
17
-144
-169
-163
-195
-372
-458
-669
-435
-956
-735
-1102
-681
-1201
-929
-1192
-1151
-1411
-1263
-1448
-1129
-1273
-1094
-1187
-1079
-1188
-1187
-1266
-1059
-1359
-916
-1180
-991
-774
-906
-882
-504
-399
-212
-377
-175
-422
302
95
-43
439
247
886
675
842
848
1043
1168
1246
1286
1306
1783
1496
2014
1511
1594
1792
1890
2280
1785
1625
1287
1745
1143
1611
841
1486
1165
1028
666
739
462
560
385
42
195
-63
-445
-388
-664
-621
-490
-640
-852
-1116
-1144
-1350
-1058
-1576
-1332
-1407
-1716
-1717
-1915
-1796
-1737
-1686
-2004
-1657
-1768
-1622
-2091
-1572
-1729
-1636
-1511
-1595
-1259
-1583
-706
-1448
-706
-553
-408
-461
-57
-108
311
344
-13
382
773
1060
498
1699
375
2260
956
2353
1228
2159
1612
2524
2399
2243
2761
2107
2726
2004
2585
1768
2611
1955
2600
1267
1925
1365
1815
1177
1107
682
704
477
89
-19
-144
-292
-369
-259
-870
-699
-804
-1161
-1173
-1113
-1547
-1233
-1590
-1856
-1882
-1836
-1990
-2048
-2024
-2006
-1764
-2449
-2007
-2926
-1992
-2638
-2273
-2469
-2134
-2624
-1829
-2449
-1367
-1822
-1169
-1535
-961
-949
-328
-715
128
-445
254
195
470
775
577
1354
786
1926
1501
1634
2033
2422
1958
3125
2085
3397
2223
2968
2239
3011
2632
2995
2401
2599
1946
2581
2135
2221
1660
1441
1640
1150
1237
514
396
311
454
130
256
-567
-475
-791
-684
-716
-993
-1164
-1483
-1342
-1720
-1798
-2195
-2180
-1808
-2121
-1976
-2289
-2594
-2673
-2363
-2651
-2353
-2490
-2610
-2655
-2238
-2705
-2223
-2261
-2006
-1765
-1691
-1693
-1159
-1105
-745
-702
-584
129
289
475
655
938
1621
1594
1415
2371
2156
2564
2669
2558
2924
2838
2110
2376
2919
3015
2975
2642
1940
2409
2443
2382
2158
1796
1599
1453
1211
834
710
478
540
335
124
-43
26
-389
-564
-608
-705
-760
-474
-1189
-1314
-1753
-1409
-1615
-1795
-1918
-1968
-1586
-2138
-1945
-2746
-2175
-2164
-1967
-2434
-2045
-2471
-2050
-2293
-2241
-1820
-1608
-1474
-888
-1063
-716
-804
-573
144
-165
695
48
99
938
676
969
2178
1086
2305
1842
2263
2216
2081
1606
2109
2482
2863
2543
2156
1737
2076
2486
2288
2347
1303
1028
922
880
901
339
8
132
14
349
-305
-425
-755
-582
-208
-347
-576
-949
-1025
-845
-1251
-1188
-1732
-1824
-1524
-1477
-1557
-1906
-2047
-2075
-1766
-1829
-2030
-2088
-2181
-2338
-1834
-1679
-1914
-1461
-1254
-1300
-452
-630
-876
21
-179
911
793
179
672
488
1000
1723
1394
1942
2067
2063
2438
2610
1676
1974
1660
2350
2602
2500
1744
1550
1745
2061
2101
1763
994
780
624
687
570
21
-234
-140
-128
-74
-250
-858
-745
-794
-191
-318
-701
-1361
-1371
-1189
-1124
-1285
-1848
-2061
-1830
-1565
-1494
-1911
-2273
-2187
-1947
-1764
-2014
-2159
-2670
-2145
-1761
-1511
-1698
-1693
-1196
-555
-77
-470
-713
11
665
947
1361
555
902
1715
1908
2546
2293
2764
2758
3147
2658
1775
1989
2710
3043
3139
2103
1328
1781
1838
2358
2028
1280
935
276
178
377
110
42
-549
-242
-798
-583
-877
-1209
-1101
-785
-462
-988
-1235
-1722
-1278
-1102
-1140
-1706
-2168
-2107
-1732
-1529
-1973
-2224
-2286
-2069
-1807
-2155
-2312
-2654
-2075
-1827
-1725
-1967
-1825
-1435
-632
-238
-186
-178
-23
469
1040
1347
1149
1938
1823
2278
2777
3117
3667
3156
2134
1666
1967
3223
3208
2593
1795
1525
1911
2191
2045
1335
678
592
92
196
-237
-549
-721
-432
-484
-841
-1209
-1176
-1144
-808
-436
-738
-879
-1396
-1078
-759
-831
-1190
-1742
-1585
-1113
-782
-1190
-2047
-2149
-1333
-1049
-1583
-2149
-2202
-1538
-1191
-969
-1591
-1788
-1049
-282
296
-103
-403
-3
655
1769
1638
1089
1224
1642
2464
2948
2570
3000
2696
1576
1297
1888
3025
2988
1926
531
265
1525
2075
1756
556
-468
-655
-565
-327
-742
-967
-1493
-1477
-1545
-1791
-2009
-1832
-1349
-1291
-850
-1275
-1545
-1674
-870
-142
-639
-1460
-2078
-1307
-272
96
-652
-1679
-1453
-360
17
-657
-1431
-1179
-574
-68
-232
-754
-724
279
1517
1262
621
177
1240
1962
2951
2132
1692
1589
2697
3356
4187
3730
2598
1374
705
2371
3586
2842
1282
-731
-181
1225
1906
836
-828
-1396
-1501
-1010
-1401
-2266
-2761
-2677
-2395
-2420
-3189
-3619
-3028
-2487
-1728
-1751
-2555
-2982
-2583
-1398
-653
-1258
-2599
-2518
-1384
-36
166
-1102
-2069
-1236
309
397
-413
-1409
-754
279
910
524
-242
-100
1507
2721
2127
1410
1296
2715
3861
3905
3305
2641
3152
4339
5039
5087
4095
2810
1739
3057
4448
4358
2274
260
-272
1568
2607
1855
-275
-2094
-1847
-1049
-635
-1619
-3267
-3927
-3395
-2567
-3010
-3740
-3959
-3541
-2863
-2408
-2942
-3811
-3611
-2567
-1767
-2347
-3647
-4096
-2808
-1010
-524
-1944
-3609
-3207
-1062
177
-660
-2157
-2069
-877
289
415
-293
-288
1061
2738
2459
1593
1417
2713
4277
4513
3728
3182
3265
5174
5734
6584
4733
2540
1849
3527
6310
5534
2827
-171
-113
2754
4184
2901
-161
-1810
-1439
217
425
-822
-2843
-3547
-2341
-1637
-2092
-3395
-3637
-3071
-2224
-1741
-2836
-3778
-3649
-2086
-1342
-2803
-4448
-4522
-2454
-719
-874
-3374
-4940
-3606
-687
-152
-2066
-3684
-3002
-968
292
-170
-1595
-1275
681
2616
1684
606
835
2639
4218
4103
3135
2364
3561
5667
6323
5766
3189
1576
2309
5157
6880
4099
746
-1273
953
4154
4522
1746
-2091
-2408
-926
1033
655
-1623
-3730
-3717
-1771
-1145
-1939
-3300
-3071
-2437
-1664
-1615
-2760
-3110
-2307
-704
-1183
-3566
-4397
-2724
-5
263
-1827
-4426
-4231
-1026
1322
-420
-3403
-3973
-1660
483
913
-678
-1878
-809
1666
2584
1273
729
1473
3693
3824
3438
2519
3178
4922
6170
6248
3921
1874
1947
4336
6826
5168
1576
-1486
-314
3488
4880
2461
-1943
-3348
-1888
690
1148
-1360
-4518
-5156
-2899
-1226
-1728
-3387
-4325
-3986
-2817
-1760
-2493
-3514
-3329
-2105
-1534
-3241
-4492
-3510
-800
256
-1436
-4354
-4777
-1444
1909
637
-3147
-4557
-2044
1204
2196
306
-1986
-1321
1571
3724
2719
1352
1214
3066
4335
4537
3845
3468
4432
5874
6630
5591
3193
2458
4013
6777
6524
3047
-352
-380
3166
5455
3801
-936
-3530
-2190
871
2217
-267
-4233
-6035
-3859
-765
-642
-2944
-5146
-5191
-3759
-1822
-1903
-3565
-4636
-3749
-2497
-3405
-4441
-4122
-2150
-1462
-2685
-4585
-4884
-2112
608
-444
-3961
-5136
-2516
692
1462
-582
-2902
-2077
1034
3517
2602
502
530
2251
4420
4542
3853
2978
3906
5568
6814
6147
3755
2582
4274
7162
7412
3934
589
495
4201
6549
4712
154
-2574
-966
2101
3649
925
-3133
-5173
-2817
460
624
-1959
-4690
-4782
-2978
-897
-871
-3131
-4615
-3995
-2136
-2615
-4091
-4327
-3053
-1964
-2853
-4462
-5034
-2869
-254
-1045
-4263
-5852
-3251
-91
684
-1364
-3716
-3124
-10
2893
1976
-291
-1024
1047
3429
4242
3236
2036
2303
4245
6136
5939
3543
1702
3026
6223
7349
4306
481
131
3705
6738
5043
525
-2220
-705
2590
3881
1560
-2568
-4220
-2103
1301
1500
-1223
-3976
-4035
-2012
98
0
-2323
-4140
-3378
-1281
-1042
-2963
-4043
-3015
-1480
-1639
-3395
-4400
-3211
-576
-489
-3259
-5184
-3425
-73
574
-1404
-3877
-3223
-141
2684
1876
-894
-1832
440
3653
4238
2748
866
1295
3822
6088
6192
2545
155
1508
5971
7770
4152
-551
-1622
2831
6731
5685
215
-3538
-1773
2206
4285
1573
-2802
-5169
-2604
1491
2022
-1086
-4363
-4205
-1851
603
497
-2151
-4235
-3440
-826
-288
-2361
-3986
-3273
-1252
-921
-2395
-4062
-3315
-772
91
-2378
-4626
-3408
-210
990
-752
-3164
-3185
-147
2718
2413
-519
-1663
374
3594
4427
2833
884
1156
3791
5942
6030
2625
162
1377
5335
7318
4065
-305
-1550
2221
6223
5333
519
-3422
-2068
1724
3773
1512
-2856
-5026
-2899
1184
1948
-998
-4267
-4332
-1782
622
589
-2042
-4163
-3423
-887
57
-1922
-3885
-3511
-1429
-560
-1911
-3706
-3504
-1050
123
-1848
-4276
-3529
-609
662
-728
-2796
-2901
-407
2165
2017
-434
-1403
456
3163
3871
2710
1131
1529
3441
5515
5842
3332
649
1013
4754
7239
4823
146
-1726
1578
6024
5893
1023
-3452
-2638
1386
3705
1686
-2706
-5224
-3432
679
1961
-850
-4260
-4520
-2098
343
669
-1652
-3996
-3655
-920
361
-1322
-3480
-3337
-1418
-279
-1262
-2979
-3231
-1240
216
-1201
-3549
-3435
-822
521
-588
-2561
-2770
-542
1715
1782
-531
-1481
176
2832
3670
2307
986
1081
3110
5224
5925
3605
518
630
4501
7456
5445
313
-1926
1079
6040
6496
1745
-3197
-3094
1227
3908
2396
-2351
-5196
-4000
212
2071
-461
-4166
-5155
-2761
-35
681
-1438
-4082
-4185
-1666
209
-857
-3129
-3705
-2242
-618
-727
-2129
-2873
-1824
-410
-732
-2278
-2597
-1267
-67
-491
-1559
-1880
-538
1127
1302
28
-833
417
2282
3142
2099
1118
1234
2973
4486
5181
3792
1429
832
3435
6491
5858
1428
-1515
244
4944
6500
2871
-2147
-3282
302
3586
3089
-1170
-4650
-4422
-778
1837
289
-3440
-5348
-3597
-624
668
-977
-3663
-4507
-2645
-361
-385
-2485
-4002
-3202
-1118
-418
-1569
-3101
-2657
-862
-90
-1395
-2754
-2048
-394
187
-823
-1764
-1315
435
1476
807
-478
-56
1529
2733
2433
1508
1372
2360
3776
4324
4218
2822
1654
2188
4630
6108
3976
388
-550
2617
5973
5173
565
-2792
-1429
2291
3759
1119
-2980
-4657
-2448
1013
1477
-1616
-4712
-4467
-1846
175
-184
-2444
-4270
-3669
-1400
-174
-1449
-3375
-3771
-2341
-774
-886
-2249
-3235
-2250
-664
-525
-1890
-2772
-1839
-590
-196
-1036
-1675
-1341
133
1082
566
-250
20
1257
2021
2143
1769
1842
2176
3273
4043
4124
2857
1827
2614
4649
5440
3238
382
670
3592
5897
3616
-189
-1920
344
3114
2840
-115
-3407
-3245
-857
1602
349
-2651
-4363
-3012
-653
169
-990
-3049
-3799
-2547
-745
-525
-2065
-3241
-3092
-1928
-958
-1196
-2150
-2997
-2220
-1090
-846
-1929
-2602
-2015
-1040
-555
-1194
-1771
-1624
-277
573
268
-331
-142
843
1432
1745
1871
1888
2014
2524
3301
4099
3715
2514
1868
3361
5214
4514
1611
432
2669
5140
4143
925
-1143
108
2397
2754
368
-2566
-2889
-877
1168
145
-2328
-3730
-2630
-781
-75
-934
-2632
-3274
-2298
-740
-421
-1647
-2765
-2976
-1966
-818
-752
-1846
-2899
-2344
-1186
-660
-1615
-2544
-2355
-1366
-745
-1151
-1894
-1890
-773
186
93
-437
-313
335
1098
1537
1765
1692
1667
2026
2931
3991
4278
2653
1437
2320
4990
5442
2756
307
1149
4200
5066
2639
-538
-994
1245
2693
1539
-1347
-2798
-1836
144
646
-1099
-2945
-3086
-1519
-388
-559
-1757
-2784
-2512
-1192
-227
-708
-2048
-2869
-2193
-924
-264
-1046
-2544
-2898
-1629
-252
-749
-2235
-2874
-1995
-858
-688
-1467
-2269
-1802
-447
334
-162
-730
-392
531
1428
1686
1443
1128
1364
2638
3669
4139
2937
1459
1628
3914
5778
4155
822
-158
2472
5356
4370
783
-1684
-421
2290
2850
590
-2503
-2990
-1246
940
345
-1998
-3513
-2714
-852
-145
-802
-2267
-2857
-1973
-424
1
-1155
-2311
-2479
-1398
-300
-301
-1438
-2668
-2312
-981
-177
-965
-2278
-2577
-1872
-738
-662
-1347
-2182
-1680
-427
255
79
-405
-289
236
1302
1807
1670
1083
1431
2686
3734
3903
2874
1562
1970
3941
5311
3491
675
113
2652
4892
3753
480
-1563
-170
2362
2683
224
-2600
-2842
-861
896
190
-2165
-3437
-2551
-616
-80
-966
-2304
-2650
-1659
-505
-285
-1382
-2193
-2150
-1306
-609
-784
-1573
-2440
-2046
-1024
-503
-1270
-2301
-2240
-1446
-681
-920
-1529
-1927
-1312
-232
258
-66
-430
-95
577
1303
1651
1649
1394
1637
2372
3243
3608
3386
2022
1577
2786
4649
4057
1274
-178
1490
4173
3978
1001
-1380
-594
1943
2606
522
-2112
-2542
-886
683
244
-1761
-2962
-2261
-669
-118
-816
-1837
-2183
-1670
-850
-505
-936
-1649
-2007
-1824
-1120
-694
-990
-1958
-2464
-1876
-787
-580
-1593
-2538
-2238
-1100
-404
-962
-1841
-1901
-837
380
390
-290
-596
184
1266
1929
1689
1174
1202
2077
3177
3495
3113
2134
1591
2299
3691
4093
2224
235
509
2770
4064
2303
-260
-1164
680
2308
1725
-563
-2125
-1568
-185
772
-286
-1873
-2463
-1379
-161
-142
-911
-1764
-2003
-1400
-476
-249
-1200
-2018
-2260
-1632
-780
-545
-1458
-2808
-2779
-1264
-106
-846
-2522
-3060
-1875
-201
43
-1352
-2575
-1833
225
1181
299
-731
-460
893
2025
2056
1310
800
1596
2668
3208
2890
2509
1682
1550
2516
3696
2965
759
-105
1487
3362
3161
728
-835
-335
1785
2231
670
-1432
-1870
-602
544
569
-973
-2113
-1976
-553
180
-272
-1387
-1943
-1724
-756
-306
-690
-1829
-2173
-1981
-1219
-771
-1081
-2085
-2776
-2101
-829
-407
-1480
-2724
-2496
-985
178
-423
-1848
-2112
-747
929
1070
88
-539
138
1563
2384
1999
1099
969
1842
2949
3161
2851
1883
1239
1472
2800
3540
2276
194
-131
1774
3604
2612
55
-1155
284
2119
1867
-79
-1719
-1386
-85
874
27
-1568
-2186
-1286
-136
-92
-907
-1829
-2016
-1387
-577
-527
-1456
-2278
-2261
-1639
-1033
-1111
-1806
-2649
-2563
-1513
-541
-852
-2075
-2673
-1790
-310
178
-805
-1950
-1508
191
1433
885
-313
-320
925
2287
2252
1383
771
1381
2343
2847
2458
2050
1725
1461
1654
2537
3102
2153
357
196
2072
3786
2651
109
-900
688
2580
2080
135
-1472
-1090
173
1078
199
-1494
-2137
-1259
-199
-281
-1177
-1986
-2057
-1531
-939
-1065
-1777
-2265
-2133
-1860
-1686
-1609
-1763
-2265
-2451
-1897
-1003
-942
-1675
-2170
-1745
-576
-61
-599
-1445
-1243
2
856
649
-81
-4
693
1514
1790
1315
892
1085
1806
2312
2034
1818
1719
1676
1599
2066
2730
2351
1277
778
1904
3120
2938
1281
17
736
2275
2524
843
-790
-788
395
1176
515
-993
-1902
-1330
-159
-22
-1075
-2154
-2127
-1509
-1002
-1090
-1745
-2320
-2339
-1905
-1709
-1680
-1791
-2126
-2571
-2348
-1250
-624
-1317
-2298
-2107
-855
49
-273
-1393
-1807
-752
639
852
-159
-697
59
1149
1681
1132
511
479
1322
2025
1996
1498
1662
1733
1633
1691
2726
3029
2026
874
1293
2914
3602
2504
678
384
1743
2752
1947
231
-486
-147
532
699
-99
-1166
-1585
-991
-639
-846
-1394
-1697
-1918
-1819
-1438
-1370
-1719
-2031
-2110
-2108
-1800
-1334
-1375
-2045
-2403
-1609
-570
-544
-1501
-2053
-1450
-291
91
-852
-1812
-1405
4
694
25
-837
-564
456
1148
835
195
174
1013
1508
1282
1175
1757
2439
1854
1158
1707
3207
3461
1809
599
1471
3755
4132
1903
-97
549
2787
3173
1328
-818
-973
389
1376
618
-1363
-2280
-1446
-242
-386
-1491
-2172
-2181
-1740
-1345
-1317
-1685
-2095
-2088
-1955
-1655
-1280
-1026
-1464
-2125
-1943
-882
-79
-582
-1678
-2033
-1055
98
1
-1165
-1860
-1101
147
455
-332
-947
-536
405
854
542
104
256
920
1437
1519
1499
1914
2253
1905
1494
2203
3301
3253
1680
852
2063
3963
3747
1568
74
846
2618
2778
1028
-801
-955
76
829
219
-1317
-2199
-1777
-871
-726
-1387
-2121
-2321
-2053
-1550
-1266
-1428
-1864
-2022
-1857
-1473
-945
-773
-1303
-2027
-1764
-676
32
-663
-1815
-1991
-927
84
-142
-1352
-1959
-1175
115
375
-412
-1118
-736
313
872
752
217
349
853
1551
1936
1993
2138
2109
1885
1985
2653
3565
3050
1732
1051
2430
4022
3559
1415
89
1078
2556
2467
624
-1001
-1042
-10
559
-220
-1691
-2322
-1785
-945
-1014
-1676
-2318
-2292
-1880
-1341
-1184
-1529
-1848
-1739
-1408
-1165
-974
-983
-1393
-1787
-1497
-680
-377
-1076
-1867
-1817
-865
-203
-654
-1703
-1938
-943
103
15
-812
-1044
-217
655
865
424
293
845
1483
1703
1672
1883
2445
2776
2200
1732
2445
3630
3555
1920
1090
2175
3906
3636
1544
141
727
2326
2312
601
-1142
-1202
-118
457
-262
-1745
-2328
-1787
-939
-950
-1582
-2068
-2048
-1716
-1301
-1019
-1163
-1508
-1643
-1527
-1250
-993
-847
-1264
-1957
-1972
-1165
-474
-937
-1872
-2264
-1562
-666
-489
-1357
-2091
-1574
-358
135
-416
-839
-452
359
822
865
667
796
1323
1798
1952
2092
2585
2931
2341
1780
2474
3813
3848
2076
895
1886
3901
3987
1723
-214
215
2133
2517
806
-1232
-1610
-548
387
50
-1492
-2470
-2091
-964
-614
-1218
-1850
-2036
-1726
-1207
-779
-940
-1466
-1676
-1494
-1232
-1062
-947
-1340
-1980
-2079
-1447
-852
-1009
-1689
-2261
-2003
-947
-283
-881
-1985
-1899
-614
393
133
-649
-794
55
1071
1458
1036
649
976
1875
2429
2520
2407
2547
2287
2217
2594
3514
3508
2176
1063
1634
3304
3603
1858
-92
-136
1474
2190
917
-1037
-1707
-893
121
122
-1134
-2249
-2137
-1008
-476
-993
-1710
-1930
-1640
-1152
-754
-928
-1524
-1700
-1462
-1144
-1240
-1280
-1455
-1787
-1963
-1663
-1160
-1049
-1446
-1933
-1953
-1061
-329
-599
-1604
-1705
-617
330
319
-320
-481
127
1088
1506
1114
839
1342
2030
2308
2319
2637
2982
2516
2036
2297
3430
3633
2408
947
1092
2797
3578
2021
-257
-549
1082
2014
943
-992
-1839
-1127
94
253
-1041
-2273
-2055
-915
-476
-1036
-1691
-1907
-1635
-1193
-944
-1201
-1587
-1641
-1464
-1403
-1520
-1493
-1476
-1646
-1909
-1912
-1593
-1090
-1007
-1564
-2093
-1520
-409
-154
-982
-1624
-1021
118
789
409
-251
-115
925
1926
1724
1160
1185
2048
2631
2804
2604
2781
2586
2273
2352
2960
3369
2499
1069
882
2226
3274
2083
0
-700
556
1679
1031
-606
-1824
-1387
-273
302
-708
-2065
-2172
-1261
-576
-949
-1519
-1918
-1878
-1545
-1135
-1160
-1598
-1818
-1703
-1512
-1584
-1534
-1454
-1603
-1842
-1882
-1604
-1156
-912
-1192
-1834
-1611
-644
18
-491
-1181
-1046
-95
777
841
326
0
770
1614
2056
1679
1554
1815
2178
2770
3085
3237
2347
1606
2069
3302
3800
2200
514
637
2400
3506
1917
-211
-915
693
1731
955
-726
-1756
-1196
-358
156
-873
-1909
-2046
-1244
-874
-1239
-1567
-1774
-1808
-1723
-1500
-1420
-1556
-1626
-1743
-1748
-1735
-1590
-1432
-1552
-1667
-1851
-1805
-1413
-803
-750
-1500
-1746
-976
74
123
-619
-1028
-461
763
1389
901
140
398
1539
2333
2158
1630
1480
2006
2815
3317
3149
2043
1335
1895
3425
3802
2089
196
465
2582
3565
1846
-565
-977
764
1854
897
-966
-1793
-1212
-231
-2
-1055
-2134
-2103
-1251
-973
-1460
-1849
-1908
-1741
-1672
-1579
-1639
-1629
-1484
-1514
-1613
-1820
-1694
-1326
-1224
-1398
-1733
-1817
-1349
-550
-318
-1188
-1652
-950
237
457
-302
-816
-461
698
1431
1155
454
367
1334
2112
2188
1724
1551
1828
2459
3025
3198
2265
1334
1593
3127
3843
2374
374
290
2255
3475
2104
-361
-1143
313
1622
968
-817
-1971
-1636
-589
-86
-1046
-2329
-2474
-1612
-1197
-1592
-1953
-2030
-1923
-1762
-1674
-1671
-1648
-1429
-1417
-1622
-1751
-1673
-1238
-1102
-1138
-1511
-1791
-1321
-342
158
-775
-1540
-1068
304
948
288
-633
-684
530
1732
1614
636
164
1016
2233
2464
1992
1316
1562
2472
3341
3443
2163
1229
1675
3250
3998
2415
446
204
2205
3523
2278
-217
-1265
96
1400
1037
-828
-2151
-1994
-918
-262
-1213
-2471
-2742
-1914
-1402
-1709
-2169
-2367
-2062
-1789
-1723
-1928
-1904
-1486
-1199
-1282
-1782
-1904
-1346
-656
-614
-1393
-1976
-1442
-46
543
-479
-1579
-1197
294
1140
523
-621
-796
316
1586
1667
809
292
826
1977
2448
2217
1629
1598
2402
3224
3605
2713
1597
1596
2977
4086
2848
757
180
1763
3247
2378
154
-1279
-348
990
854
-755
-2183
-2219
-1408
-682
-1257
-2449
-2868
-2166
-1513
-1824
-2240
-2353
-2037
-1792
-1681
-1844
-1885
-1423
-965
-944
-1524
-1792
-1285
-485
-291
-963
-1748
-1532
-283
685
-89
-1365
-1355
9
955
528
-468
-841
-3
1190
1513
801
336
719
1793
2196
2157
1834
1841
2319
2966
3528
3112
2238
1711
2483
3641
3465
1712
344
855
2463
2766
1031
-985
-1142
180
828
-165
-1749
-2499
-2001
-1066
-991
-2099
-2881
-2539
-1724
-1664
-2030
-2265
-2099
-1743
-1502
-1581
-1800
-1550
-948
-676
-992
-1598
-1478
-798
-168
-429
-1317
-1724
-1004
302
320
-785
-1469
-722
357
559
-119
-738
-467
629
1269
1012
485
606
1476
2088
2254
1909
1908
2173
3045
3459
3440
2593
1831
2106
3312
3916
2497
545
217
1651
2957
1829
-412
-1574
-665
521
166
-1056
-2395
-2420
-1810
-1090
-1650
-2560
-2681
-2068
-1690
-2034
-2127
-2045
-1666
-1452
-1462
-1771
-1753
-949
-374
-478
-1324
-1720
-1136
-128
158
-786
-1794
-1667
-280
711
-47
-1292
-1385
-223
625
407
-445
-797
44
1086
1270
726
594
1176
1845
2207
2128
2071
2190
2587
3159
3467
3399
2369
1615
2096
3493
3704
1723
-58
17
1854
2558
1066
-1071
-1871
-754
71
-198
-1566
-2614
-2626
-1809
-1201
-1849
-2487
-2489
-1883
-1818
-1926
-1923
-1769
-1391
-1156
-1212
-1583
-1404
-642
-86
-284
-1154
-1582
-1057
7
261
-617
-1697
-1540
-158
704
-77
-1157
-1093
-61
576
286
-406
-443
451
1203
1106
624
869
1488
2175
2100
1985
1908
2258
2759
3123
3268
3024
2294
1668
1868
2994
3151
1694
46
-176
1141
1807
1022
-803
-1692
-1292
-548
-476
-1361
-2240
-2526
-1956
-1636
-1880
-2262
-2157
-1780
-1794
-1875
-1963
-1638
-1231
-875
-1047
-1479
-1393
-733
-58
-106
-797
-1345
-1113
-197
219
-365
-1233
-1196
-248
311
-220
-843
-660
74
337
28
-330
-144
632
1142
1088
764
906
1308
1666
1977
2188
2263
2049
2047
2550
3265
3513
2422
1028
927
2317
3207
1908
-23
-822
341
1522
1120
-472
-1690
-1362
-702
-530
-1186
-1977
-2264
-1920
-1357
-1522
-2028
-2213
-1697
-1294
-1338
-1575
-1746
-1516
-1021
-575
-734
-1102
-1139
-661
-82
18
-504
-1061
-919
-239
130
-235
-813
-775
-87
278
-45
-417
-240
255
422
145
-94
198
753
1109
1038
860
869
1195
1591
1784
1787
1578
1486
1673
2188
2419
2072
1226
634
814
1550
1797
1009
-174
-426
372
933
487
-399
-764
-649
-449
-534
-873
-1304
-1365
-1120
-902
-1143
-1524
-1495
-1121
-826
-922
-1104
-1171
-959
-656
-428
-487
-596
-510
-249
-16
-32
-167
-470
-559
-325
114
131
-288
-507
-177
366
505
194
-148
-50
355
510
301
49
86
283
378
347
295
361
323
191
88
203
388
395
239
44
130
328
431
378
234
52
38
322
570
463
203
263
530
563
376
275
269
307
307
196
-18
-175
-106
-33
-92
-193
-284
-337
-274
-72
-37
-189
-289
-167
-9
81
108
23
-94
-50
215
290
179
112
182
151
28
-12
-14
-41
-73
-97
-216
-313
-252
-231
-385
-560
-590
-593
-613
-624
-712
-830
-845
-604
-458
-551
-760
-778
-617
-496
-421
-477
-562
-481
-206
16
-35
-163
-25
304
505
339
149
213
582
853
810
604
556
778
955
942
789
651
586
612
738
747
621
469
474
563
625
682
563
386
329
540
622
481
396
472
563
506
486
404
314
300
314
166
-28
-43
-24
-168
-376
-449
-493
-498
-530
-652
-934
-1086
-1026
-929
-1043
-1255
-1397
-1378
-1235
-1197
-1321
-1530
-1453
-1148
-916
-1022
-1189
-1116
-830
-576
-539
-620
-675
-442
-116
66
22
11
159
360
517
562
565
562
727
938
1074
1063
1020
1057
1186
1344
1359
1261
1170
1246
1366
1360
1204
1118
1218
1376
1372
1202
1050
1027
1132
1135
955
691
651
714
701
504
237
81
57
83
-103
-393
-629
-687
-751
-856
-1033
-1237
-1382
-1378
-1330
-1488
-1713
-1846
-1762
-1673
-1677
-1814
-1923
-1845
-1609
-1457
-1501
-1584
-1474
-1171
-1006
-972
-991
-912
-771
-534
-334
-315
-364
-260
47
293
388
386
451
631
928
1172
1158
1015
1079
1420
1720
1722
1581
1602
1823
2051
2049
1875
1714
1764
1939
1925
1686
1443
1449
1509
1458
1263
1035
866
799
787
621
336
90
-39
-127
-256
-403
-649
-868
-983
-1021
-1161
-1347
-1464
-1536
-1617
-1704
-1687
-1686
-1693
-1714
-1704
-1715
-1653
-1533
-1497
-1547
-1588
-1491
-1396
-1305
-1198
-1122
-1120
-1066
-886
-731
-631
-530
-386
-279
-175
43
233
313
368
560
732
812
889
1069
1274
1412
1502
1527
1571
1671
1828
1830
1731
1671
1754
1895
1933
1818
1619
1527
1466
1395
1268
1154
977
775
595
435
274
156
61
-148
-400
-568
-615
-665
-737
-863
-1054
-1169
-1130
-1044
-1057
-1168
-1256
-1273
-1203
-1077
-1043
-1152
-1247
-1214
-1128
-1034
-960
-987
-1048
-1017
-880
-761
-743
-744
-703
-672
-580
-452
-394
-365
-288
-175
-104
-44
59
210
360
485
531
570
659
804
878
879
921
986
1076
1123
1144
1134
1161
1187
1114
1029
1048
1125
1063
930
831
780
754
727
646
451
312
221
135
46
13
-72
-232
-364
-392
-389
-401
-462
-580
-622
-565
-471
-489
-581
-705
-744
-705
-628
-625
-714
-776
-787
-744
-924
-1254
-1312
-853
-300
-197
-479
-493
0
417
303
-162
-276
-84
-41
-486
-1247
-1333
-225
1121
1096
-340
-954
358
1955
1550
-351
-915
587
1611
385
-1285
-634
1795
2710
1128
-402
63
1642
2075
644
-786
-604
601
928
-154
-1016
-283
802
647
-535
-914
82
899
414
-722
-750
491
1260
685
-256
-246
523
725
-56
-819
-695
-148
-47
-565
-984
-836
-384
-109
-227
-421
-481
-376
-330
-417
-376
-212
-105
-251
-388
-222
29
-112
-479
-574
-244
132
-86
-466
-316
87
257
136
40
34
145
92
-17
245
171
-131
-235
192
742
443
0
-258
89
692
465
-479
-818
223
1047
689
34
34
1027
1775
1402
487
219
583
995
878
378
3
-153
172
391
334
-117
-422
-147
48
-141
-590
-679
-591
-629
-633
-410
-180
-394
-651
-548
-171
-8
-195
-510
-576
-320
-209
-368
-539
-436
-204
-144
-217
-338
-507
-672
-741
-626
-454
-392
-525
-650
-520
-252
-171
-327
-488
-230
223
21
-472
-310
272
481
95
-33
686
1298
663
-288
168
1614
1864
602
38
1045
2095
1701
811
1147
2034
1438
-321
-603
963
1941
882
-746
-762
459
982
-8
-944
-581
265
129
-840
-1212
-697
-340
-735
-933
-438
131
-100
-723
-821
-253
352
268
-233
-543
-319
-68
-108
-353
-578
-616
-510
-429
-756
-1308
-1601
-1430
-1089
-916
-1098
-1458
-1513
-1177
-779
-646
-656
-633
-474
-235
-57
8
43
261
500
896
1338
1352
1017
787
1097
1846
2210
1902
1528
1669
2149
2426
2388
2120
1481
515
75
646
1457
1212
-115
-1081
-776
136
342
-391
-1060
-908
-427
-344
-671
-933
-865
-604
-301
97
471
517
133
-159
58
579
752
240
-379
-499
-221
-121
-374
-776
-1020
-1054
-1163
-1692
-2434
-2797
-2529
-1966
-1787
-2081
-2399
-2174
-1563
-1220
-1288
-1308
-856
-245
-22
-195
-189
230
821
1323
1696
1888
1720
1386
1325
1789
2320
2463
2189
2111
2445
2824
2862
2426
1538
503
136
777
1496
1156
-199
-1306
-1239
-424
6
-345
-783
-766
-500
-429
-510
-524
-449
-337
-9
565
1070
1055
598
211
378
977
1293
872
131
-233
-249
-344
-661
-1019
-1232
-1399
-1752
-2365
-3010
-3322
-3131
-2794
-2584
-2630
-2639
-2377
-2058
-1833
-1651
-1198
-572
-26
218
298
485
814
1221
1635
1982
2117
1973
1858
2010
2387
2611
2568
2411
2530
2849
3022
2762
1719
151
-909
-531
588
853
-249
-1567
-1781
-999
-504
-886
-1312
-1012
-323
-63
-178
-197
35
113
46
390
1339
2246
2142
1185
436
688
1340
1336
590
-23
-28
120
-171
-881
-1506
-1738
-1946
-2427
-2903
-2931
-2742
-2799
-3142
-3185
-2621
-1840
-1522
-1660
-1565
-921
-171
124
111
250
684
1154
1452
1709
2002
2098
1879
1604
1755
2267
2581
2318
1922
1961
2335
2604
2368
1408
-174
-1458
-1517
-589
-51
-641
-1735
-2089
-1520
-967
-1141
-1518
-1239
-550
-140
-81
158
523
587
270
363
1181
2232
2534
1895
1133
1040
1347
1141
494
24
14
-3
-262
-678
-1093
-1478
-1963
-2537
-2918
-2846
-2609
-2543
-2633
-2467
-1985
-1524
-1376
-1299
-1022
-449
145
553
716
884
1095
1264
1403
1640
1994
2110
1985
1816
1978
2127
1978
1507
1289
1589
2105
2339
2111
1340
-84
-1649
-2286
-1730
-1001
-1128
-1798
-1984
-1301
-750
-1104
-1752
-1670
-901
-279
55
470
928
956
594
488
1076
1892
2134
1704
1327
1403
1522
1042
137
-463
-539
-502
-631
-716
-800
-1032
-1591
-2254
-2762
-2907
-2795
-2589
-2294
-1919
-1477
-1073
-708
-460
-371
-336
-59
517
1116
1393
1453
1493
1690
1879
1909
1653
1419
1473
1796
1953
1812
1589
1500
1496
1436
1523
1703
1517
294
-1380
-2224
-1762
-1211
-1524
-2291
-2266
-1369
-651
-849
-1349
-1316
-867
-598
-378
279
992
1125
737
716
1317
1904
1830
1311
1069
1217
1287
837
202
-196
-416
-732
-1015
-1073
-1120
-1407
-1797
-2020
-2139
-2378
-2779
-2913
-2475
-1763
-1371
-1268
-913
-192
383
438
315
512
957
1258
1298
1389
1704
1979
2002
1826
1634
1476
1305
1215
1279
1427
1489
1469
1525
1588
1684
1425
573
-876
-1933
-1975
-1484
-1474
-1955
-2109
-1524
-869
-832
-1132
-1046
-678
-545
-462
140
1006
1290
917
690
1205
1904
2017
1534
1201
1221
1234
854
318
-88
-374
-771
-1115
-1167
-1096
-1338
-1860
-2193
-2186
-2188
-2491
-2786
-2633
-2052
-1556
-1276
-903
-263
367
686
776
901
1084
1148
1078
1103
1298
1512
1635
1801
1898
1686
1166
808
828
982
935
847
1083
1501
1753
1665
1232
214
-1137
-2059
-2100
-1857
-1896
-2108
-1870
-1156
-560
-538
-720
-608
-430
-419
-162
566
1186
1236
1089
1326
1810
2040
1823
1547
1419
1316
999
600
217
-140
-616
-995
-1110
-1056
-1228
-1610
-1925
-2027
-2079
-2288
-2519
-2486
-2128
-1704
-1389
-1078
-661
-151
348
740
951
1023
1086
1088
1084
1081
1088
1046
1144
1317
1426
1337
1098
867
679
574
565
698
931
1114
1358
1550
1176
-76
-1481
-2116
-2065
-2098
-2417
-2423
-1759
-870
-494
-500
-341
-21
-105
-294
105
959
1312
1118
1147
1818
2427
2416
1977
1683
1533
1232
757
321
-12
-458
-941
-1199
-1101
-1057
-1329
-1730
-1867
-1844
-1987
-2305
-2477
-2351
-2044
-1676
-1214
-664
-121
341
775
1111
1212
1133
1034
1000
1011
980
929
960
1145
1315
1301
1106
837
611
421
334
335
462
674
966
1410
1650
1185
-74
-1216
-1682
-1814
-2147
-2572
-2481
-1716
-848
-407
-152
206
381
131
33
442
872
811
665
1000
1753
2238
2225
1999
1824
1464
912
395
-26
-557
-1173
-1480
-1347
-1127
-1232
-1540
-1700
-1635
-1684
-1947
-2237
-2319
-2278
-2127
-1751
-1132
-498
69
583
1107
1448
1463
1218
985
881
811
722
723
853
1058
1253
1286
1126
846
626
484
447
424
531
775
1229
1712
1850
1252
179
-723
-1235
-1724
-2303
-2642
-2387
-1651
-897
-375
93
544
645
438
430
687
718
483
441
905
1537
1957
2092
2131
2028
1628
1000
375
-309
-1093
-1670
-1791
-1626
-1515
-1569
-1632
-1591
-1599
-1734
-1955
-2224
-2511
-2676
-2500
-2040
-1495
-983
-310
547
1316
1650
1556
1320
1043
747
479
395
404
516
789
1239
1505
1380
1033
834
790
671
470
463
785
1187
1622
1785
1481
619
-187
-736
-1194
-1864
-2372
-2336
-1641
-959
-412
154
879
1200
1170
1179
1338
1201
711
435
697
1257
1592
1785
2040
2231
1940
1372
703
-121
-1142
-1905
-2227
-2210
-2178
-2131
-2029
-1746
-1549
-1558
-1733
-2025
-2452
-2786
-2764
-2444
-2047
-1551
-760
308
1279
1735
1762
1596
1298
825
369
32
-158
-126
252
828
1226
1232
1093
1097
1130
896
505
362
535
846
1273
1530
1330
676
163
-133
-541
-1253
-1883
-1977
-1512
-1008
-538
100
908
1332
1484
1714
1940
1689
1082
687
777
1023
1096
1258
1644
1916
1750
1444
1015
251
-772
-1609
-2093
-2370
-2569
-2615
-2416
-1998
-1660
-1468
-1415
-1535
-1898
-2233
-2348
-2311
-2235
-1883
-1092
-25
864
1400
1683
1761
1572
1096
504
-84
-524
-652
-385
56
378
542
834
1284
1521
1341
1024
868
864
978
1152
1120
670
185
45
67
-267
-930
-1435
-1366
-984
-698
-428
118
710
1032
1338
1762
1975
1668
1213
1033
1158
1160
1020
1060
1327
1394
1262
1119
832
140
-714
-1331
-1705
-2074
-2463
-2657
-2519
-2187
-1928
-1689
-1496
-1533
-1780
-1890
-1870
-1908
-1941
-1633
-952
-79
619
1089
1462
1699
1576
1177
701
187
-292
-480
-342
-173
-79
89
565
1101
1424
1415
1397
1423
1439
1461
1368
854
89
-335
-314
-373
-821
-1298
-1348
-946
-591
-374
-62
445
750
958
1297
1651
1540
1170
988
1119
1223
1115
1043
1191
1314
1175
1021
829
335
-429
-1003
-1316
-1632
-2035
-2338
-2380
-2199
-1983
-1787
-1601
-1523
-1608
-1605
-1476
-1462
-1587
-1507
-1059
-389
192
621
1015
1388
1505
1298
956
542
59
-276
-294
-232
-245
-202
158
721
1164
1342
1456
1690
1844
1901
1877
1516
682
-66
-327
-445
-881
-1409
-1612
-1292
-830
-545
-260
256
661
784
998
1307
1292
921
650
661
798
798
779
976
1240
1207
1067
971
621
-131
-818
-1221
-1564
-1948
-2250
-2339
-2203
-1951
-1735
-1513
-1369
-1413
-1472
-1347
-1260
-1389
-1440
-1140
-601
-63
376
771
1149
1368
1324
1119
780
323
-62
-160
-144
-174
-169
107
593
1075
1367
1583
1883
2106
2241
2233
1913
1088
254
-226
-520
-1009
-1547
-1810
-1539
-1079
-689
-321
192
581
749
965
1244
1189
784
448
451
584
574
543
748
1054
1169
1181
1122
753
26
-632
-1107
-1555
-2065
-2406
-2519
-2356
-2099
-1805
-1542
-1379
-1379
-1341
-1198
-1173
-1335
-1405
-1156
-709
-248
154
554
932
1179
1243
1162
892
464
108
16
-17
-107
-135
125
594
1050
1377
1687
2058
2330
2510
2494
2138
1323
555
35
-442
-1156
-1747
-1936
-1678
-1295
-870
-322
314
749
984
1284
1491
1311
820
476
394
400
302
317
571
900
1075
1245
1331
996
315
-279
-762
-1366
-2006
-2476
-2666
-2611
-2356
-2022
-1715
-1526
-1428
-1218
-992
-1011
-1275
-1373
-1178
-846
-544
-221
150
572
909
1077
1019
803
491
253
165
43
-131
-122
211
682
1093
1433
1781
2162
2488
2698
2544
1926
1083
465
-44
-736
-1583
-2106
-2154
-1863
-1499
-955
-255
429
895
1304
1676
1774
1439
954
640
482
340
239
349
585
822
1077
1369
1378
974
403
-76
-625
-1294
-1948
-2398
-2660
-2671
-2462
-2128
-1902
-1737
-1481
-1082
-826
-857
-990
-982
-850
-706
-567
-341
-13
351
672
873
919
827
707
611
464
226
46
90
349
672
1007
1353
1745
2160
2532
2566
2058
1235
587
39
-683
-1590
-2244
-2445
-2260
-1932
-1406
-653
131
734
1270
1799
2032
1845
1426
1049
756
491
263
239
401
576
816
1178
1380
1191
802
415
-84
-729
-1400
-1976
-2397
-2601
-2564
-2342
-2112
-1923
-1647
-1201
-824
-668
-609
-520
-475
-427
-357
-265
-173
18
260
489
636
723
792
865
857
703
500
439
502
628
814
1070
1371
1745
2142
2201
1717
1006
444
-83
-877
-1807
-2455
-2624
-2471
-2206
-1700
-896
-63
635
1333
1951
2212
2081
1784
1456
1060
598
208
92
173
294
557
960
1177
1057
872
647
193
-514
-1199
-1773
-2205
-2472
-2533
-2427
-2255
-2034
-1689
-1226
-861
-668
-503
-288
-148
-92
-74
-34
-13
9
104
244
341
412
565
778
925
920
881
928
1024
1044
1033
1101
1280
1584
1761
1522
975
557
263
-281
-1160
-1999
-2446
-2499
-2409
-2211
-1679
-864
-57
700
1486
2091
2338
2270
2015
1659
1246
743
292
90
43
61
322
728
876
781
731
607
204
-394
-1019
-1603
-2050
-2340
-2436
-2403
-2313
-2137
-1715
-1198
-839
-642
-414
-163
2
98
100
48
3
22
61
117
138
201
396
703
876
975
1144
1399
1530
1535
1520
1596
1758
1754
1345
715
243
-47
-490
-1208
-1953
-2369
-2393
-2300
-2127
-1710
-1032
-309
432
1220
1899
2260
2318
2170
1933
1591
1110
626
283
40
-87
44
281
361
351
442
445
204
-211
-663
-1167
-1625
-1967
-2195
-2330
-2366
-2190
-1778
-1263
-840
-503
-172
133
350
459
358
141
-14
-59
-108
-182
-230
-170
56
381
657
887
1096
1349
1623
1765
1783
1792
1892
1713
1085
373
-125
-547
-1167
-1893
-2429
-2611
-2515
-2326
-1974
-1369
-631
110
881
1613
2075
2240
2227
2100
1847
1438
970
630
434
258
179
299
362
229
152
185
84
-198
-529
-859
-1157
-1369
-1522
-1696
-1903
-2009
-1821
-1413
-1061
-802
-429
67
513
816
912
797
552
293
38
-218
-454
-600
-537
-287
12
341
773
1229
1584
1799
1956
2092
2179
1914
1150
288
-300
-805
-1546
-2390
-2953
-3086
-2927
-2661
-2230
-1540
-751
25
859
1640
2123
2327
2367
2242
1985
1614
1180
809
563
370
312
416
441
359
351
342
63
-346
-695
-1074
-1475
-1720
-1805
-1885
-1907
-1748
-1403
-993
-694
-426
-18
445
742
934
1087
1096
996
896
720
363
-16
-237
-292
-280
-251
-127
231
739
1174
1507
1870
2244
2311
1838
1014
244
-421
-1266
-2304
-3201
-3665
-3685
-3461
-3064
-2410
-1535
-564
425
1343
1978
2287
2396
2354
2155
1793
1325
886
612
429
338
385
458
429
433
492
366
16
-362
-761
-1253
-1715
-1986
-2172
-2317
-2288
-1970
-1449
-896
-362
229
859
1381
1694
1840
1777
1535
1263
1025
673
241
-8
-11
69
150
281
534
874
1167
1361
1533
1737
1607
1075
456
-7
-553
-1363
-2291
-3055
-3415
-3486
-3454
-3224
-2629
-1777
-826
195
1086
1662
2037
2253
2235
1971
1532
1018
603
356
189
162
315
428
451
572
677
510
138
-306
-818
-1330
-1697
-2021
-2320
-2450
-2332
-1967
-1465
-968
-437
241
950
1507
1909
2148
2171
2055
1846
1489
1029
617
370
237
206
292
549
958
1371
1634
1825
2020
1886
1244
399
-265
-923
-1773
-2637
-3254
-3444
-3327
-3049
-2648
-2047
-1302
-520
273
957
1355
1519
1540
1437
1199
875
456
110
-92
-199
-199
-46
82
110
226
409
431
255
-15
-369
-774
-1133
-1494
-1919
-2237
-2272
-1998
-1592
-1138
-594
111
888
1476
1837
2061
2166
2120
1955
1672
1264
967
835
690
527
562
799
1098
1398
1676
1990
2153
1793
1031
387
-184
-1099
-2207
-3076
-3576
-3714
-3577
-3270
-2704
-1827
-802
253
1254
1904
2194
2308
2196
1721
1041
316
-401
-943
-1279
-1383
-1242
-1011
-804
-497
-73
131
64
-86
-335
-707
-1027
-1231
-1491
-1723
-1694
-1381
-986
-630
-232
319
920
1346
1626
1864
2016
2012
1911
1700
1401
1160
985
834
699
720
927
1232
1529
1794
2063
2045
1605
983
462
-139
-1067
-2077
-2849
-3246
-3413
-3422
-3158
-2562
-1738
-828
165
1106
1768
2149
2321
2287
1974
1456
792
142
-439
-930
-1221
-1351
-1456
-1516
-1378
-1225
-1227
-1281
-1313
-1361
-1449
-1561
-1715
-1789
-1678
-1427
-1034
-576
-70
601
1378
1927
2212
2428
2553
2466
2227
1893
1509
1191
993
845
792
842
1019
1320
1637
1862
1930
1745
1202
556
17
-612
-1467
-2285
-2753
-2907
-2895
-2742
-2367
-1718
-953
-150
714
1439
1862
2059
2129
1971
1527
949
377
-92
-544
-880
-985
-1018
-1093
-1116
-1010
-1031
-1197
-1359
-1541
-1814
-2066
-2283
-2507
-2644
-2558
-2181
-1607
-994
-320
580
1532
2222
2653
2930
3001
2857
2585
2201
1747
1385
1140
1000
989
1087
1274
1556
1858
1961
1759
1257
628
-12
-762
-1701
-2592
-3139
-3320
-3239
-2920
-2307
-1458
-475
520
1421
2153
2567
2678
2522
2151
1539
812
151
-411
-862
-1176
-1262
-1255
-1247
-1156
-971
-822
-861
-994
-1147
-1308
-1560
-1897
-2151
-2318
-2356
-2219
-1883
-1443
-859
-106
596
1166
1661
2060
2264
2310
2208
1972
1735
1538
1401
1385
1419
1505
1736
2092
2234
2064
1700
1266
753
21
-938
-1923
-2630
-3048
-3292
-3272
-2914
-2225
-1309
-257
788
1743
2502
2925
3076
2973
2543
1792
978
230
-504
-1158
-1576
-1815
-1961
-1962
-1757
-1506
-1345
-1209
-1080
-1058
-1190
-1370
-1524
-1656
-1705
-1601
-1337
-960
-491
82
661
1162
1521
1766
1875
1793
1575
1300
1011
738
531
449
519
770
1146
1471
1547
1479
1435
1294
868
189
-560
-1244
-1759
-2119
-2325
-2262
-1921
-1358
-579
325
1156
1858
2411
2712
2737
2486
1997
1363
659
-66
-702
-1139
-1533
-1819
-1853
-1727
-1667
-1633
-1549
-1537
-1556
-1560
-1581
-1629
-1591
-1425
-1086
-617
-175
266
811
1309
1611
1803
1895
1816
1697
1577
1378
1173
992
835
741
742
680
470
160
-254
-595
-868
-1224
-1670
-1997
-2065
-1944
-1681
-1338
-879
-306
320
1001
1630
2085
2324
2428
2453
2274
1913
1407
914
461
18
-377
-714
-1025
-1295
-1406
-1477
-1598
-1746
-1856
-1915
-1960
-1902
-1794
-1652
-1438
-1113
-642
-155
308
739
1184
1579
1852
2039
2132
2126
2027
1923
1772
1571
1363
1206
1122
1006
767
350
-114
-552
-1006
-1527
-2096
-2611
-2938
-3004
-2899
-2705
-2283
-1635
-825
21
868
1633
2244
2659
2830
2829
2584
2142
1570
951
302
-313
-758
-1117
-1413
-1598
-1590
-1495
-1429
-1382
-1312
-1206
-1146
-1108
-1084
-1017
-876
-649
-383
-95
257
692
1174
1572
1874
2134
2362
2483
2485
2387
2212
1982
1762
1526
1098
498
-115
-590
-1048
-1573
-2082
-2445
-2586
-2597
-2452
-2155
-1692
-1170
-593
61
628
1062
1358
1520
1516
1411
1204
846
475
116
-244
-550
-794
-1062
-1273
-1309
-1331
-1418
-1428
-1360
-1262
-1164
-1011
-841
-629
-384
-134
191
478
743
1006
1329
1604
1770
1907
1977
2027
2030
1986
1836
1671
1564
1437
1185
704
174
-282
-690
-1203
-1755
-2233
-2505
-2597
-2536
-2275
-1815
-1211
-514
284
1024
1602
1998
2206
2226
2062
1666
1142
576
14
-573
-1050
-1423
-1752
-1979
-2057
-2031
-2058
-2049
-1969
-1781
-1569
-1363
-1139
-847
-482
-132
244
612
958
1264
1602
1920
2125
2313
2486
2579
2554
2476
2359
2218
2020
1546
895
253
-371
-1037
-1664
-2230
-2726
-2904
-2825
-2587
-2151
-1516
-805
-48
747
1354
1756
1983
1958
1730
1401
940
343
-160
-536
-827
-975
-1028
-1052
-992
-832
-714
-754
-866
-979
-1064
-1145
-1264
-1364
-1325
-1124
-871
-578
-235
124
490
890
1244
1480
1704
1896
2008
2078
2139
2140
2099
2026
1728
1303
879
418
-123
-654
-1163
-1596
-1793
-1857
-1843
-1633
-1249
-802
-299
214
576
822
971
932
733
448
39
-404
-727
-995
-1233
-1302
-1239
-1137
-941
-701
-542
-450
-361
-326
-316
-344
-423
-479
-414
-302
-174
46
292
579
896
1192
1400
1584
1666
1650
1600
1535
1402
1280
1116
739
346
57
-195
-529
-814
-1082
-1198
-1175
-1089
-929
-618
-253
90
525
880
1073
1157
1153
961
634
198
-302
-756
-1143
-1512
-1793
-1933
-2002
-1939
-1761
-1605
-1459
-1238
-977
-747
-513
-321
-110
139
373
554
790
1045
1240
1429
1579
1674
1765
1825
1772
1682
1599
1483
1394
1202
781
350
6
-376
-801
-1135
-1447
-1627
-1589
-1461
-1223
-829
-390
69
623
1076
1365
1582
1649
1504
1274
917
414
-63
-517
-1013
-1429
-1727
-2009
-2167
-2213
-2244
-2221
-2060
-1876
-1644
-1323
-1025
-700
-307
42
335
677
983
1196
1434
1611
1739
1877
2006
2042
2041
2050
1996
1942
1696
1230
721
276
-243
-810
-1297
-1695
-1891
-1862
-1694
-1402
-954
-450
72
606
1001
1239
1378
1358
1189
960
669
296
-39
-313
-574
-786
-940
-1080
-1225
-1322
-1388
-1434
-1485
-1540
-1542
-1434
-1261
-1081
-864
-580
-265
76
397
649
877
1158
1405
1539
1646
1711
1769
1817
1855
1709
1414
1056
669
291
-105
-534
-951
-1157
-1212
-1157
-989
-711
-390
-34
304
549
687
701
585
400
178
-93
-366
-547
-671
-751
-773
-741
-728
-688
-629
-607
-631
-669
-718
-734
-706
-687
-628
-511
-357
-194
26
219
385
576
759
900
1000
1106
1165
1244
1321
1379
1317
1128
861
598
334
1
-329
-630
-786
-836
-749
-601
-357
-85
224
493
680
776
748
602
365
100
-204
-486
-720
-895
-1006
-1040
-1029
-990
-948
-913
-865
-835
-822
-827
-817
-775
-698
-601
-499
-347
-160
45
233
423
602
795
956
1071
1163
1263
1346
1442
1525
1457
1267
1063
859
591
312
-24
-320
-502
-572
-595
-524
-378
-220
-11
187
322
380
374
250
87
-90
-321
-528
-661
-752
-790
-722
-657
-598
-505
-410
-378
-359
-386
-465
-482
-507
-577
-609
-590
-614
-577
-498
-460
-389
-237
-84
39
184
335
546
780
975
1144
1246
1234
1154
1111
1004
827
614
433
319
249
223
223
283
327
374
405
392
292
110
-110
-356
-606
-861
-1054
-1162
-1172
-1095
-942
-763
-581
-367
-169
-33
26
48
59
74
63
38
36
32
22
38
34
0
-37
-51
-86
-150
-214
-215
-148
-71
32
142
211
207
214
222
200
128
25
-14
7
60
146
311
490
644
818
930
961
911
771
547
281
-28
-337
-560
-729
-837
-838
-768
-691
-586
-478
-446
-444
-469
-514
-545
-561
-550
-446
-267
-101
107
341
522
667
795
809
733
653
576
505
446
389
382
438
414
336
281
196
29
-140
-324
-523
-667
-740
-729
-638
-495
-331
-114
75
199
274
275
174
21
-119
-250
-321
-330
-297
-187
-32
113
203
236
183
70
-70
-252
-433
-567
-643
-634
-515
-372
-246
-45
163
304
353
359
355
387
443
480
536
621
748
881
962
934
844
746
588
397
188
-16
-194
-274
-317
-327
-311
-299
-299
-307
-368
-500
-633
-764
-875
-945
-940
-876
-728
-528
-309
-98
74
200
280
316
275
217
180
143
102
77
80
65
53
10
-46
-137
-194
-226
-223
-214
-160
-26
142
310
440
558
606
605
560
507
411
335
304
326
368
439
516
579
599
559
472
293
32
-258
-498
-709
-889
-1033
-1090
-1056
-951
-816
-676
-553
-429
-300
-197
-107
-36
38
120
222
302
378
433
463
438
392
314
236
177
119
52
27
37
44
54
57
42
4
-28
-80
-124
-163
-186
-171
-85
33
137
266
386
477
527
553
504
410
276
141
15
-107
-225
-328
-394
-432
-463
-469
-477
-497
-497
-447
-398
-346
-262
-172
-76
1
44
35
38
12
-19
-56
-74
-43
64
188
286
400
495
570
582
538
417
260
88
-58
-154
-217
-224
-152
-7
171
357
514
611
622
574
460
296
80
-136
-332
-469
-543
-570
-558
-520
-457
-380
-311
-276
-268
-268
-271
-281
-280
-283
-278
-252
-225
-204
-183
-148
-112
-71
-21
50
152
262
370
460
514
530
517
448
321
171
13
-129
-229
-289
-305
-265
-165
-24
142
314
457
556
604
599
547
477
395
290
189
118
74
24
-19
-66
-123
-193
-253
-309
-365
-409
-418
-394
-366
-333
-281
-244
-229
-228
-246
-288
-342
-408
-451
-452
-422
-371
-278
-159
-23
108
208
266
310
327
315
278
236
183
160
156
163
182
226
279
335
396
428
449
441
406
355
306
229
128
45
-23
-74
-119
-167
-220
-247
-262
-274
-283
-285
-264
-243
-203
-171
-146
-129
-105
-88
-71
-51
-43
-50
-54
-47
-56
-70
-88
-95
-88
-78
-82
-82
-91
-115
-141
-162
-191
-225
-243
-223
-183
-122
-16
122
274
417
553
683
774
801
782
732
644
521
402
282
165
61
-24
-88
-149
-211
-271
-331
-407
-479
-539
-590
-625
-622
-594
-538
-468
-371
-246
-114
-13
72
153
199
226
235
240
220
191
158
124
68
-6
-83
-173
-259
-323
-356
-375
-378
-331
-235
-111
16
139
273
410
534
626
687
709
703
699
681
654
606
551
488
428
339
219
73
-88
-266
-436
-588
-711
-808
-862
-863
-814
-742
-655
-546
-428
-319
-245
-178
-122
-63
4
74
144
211
283
349
399
412
376
313
214
78
-76
-222
-341
-424
-471
-480
-443
-361
-263
-160
-51
57
148
233
315
384
461
550
641
730
808
862
904
930
916
849
744
604
431
253
59
-134
-329
-499
-644
-748
-839
-910
-952
-972
-982
-979
-942
-891
-810
-704
-580
-437
-258
-64
117
271
383
471
547
584
566
515
448
371
303
224
133
45
-43
-131
-200
-250
-288
-304
-278
-229
-165
-77
17
104
181
248
299
351
386
413
446
505
556
602
644
680
686
644
574
462
303
109
-72
-244
-405
-543
-635
-695
-713
-693
-664
-652
-645
-633
-596
-550
-527
-511
-448
-356
-236
-98
52
176
299
408
482
518
502
443
365
276
183
112
53
11
-1
12
36
62
66
43
16
-14
-38
-61
-90
-94
-62
-11
48
107
167
219
257
271
262
229
170
113
58
9
-47
-87
-116
-150
-182
-217
-257
-300
-334
-358
-356
-339
-292
-202
-91
29
153
254
303
316
300
256
185
92
-4
-65
-84
-64
-7
58
113
172
230
246
197
93
-36
-159
-260
-339
-388
-389
-335
-216
-48
128
268
370
455
496
467
374
251
109
-25
-126
-211
-270
-306
-321
-320
-311
-330
-367
-385
-412
-440
-448
-429
-384
-301
-211
-111
4
115
218
306
379
424
465
514
565
611
642
661
657
634
574
471
321
144
-46
-220
-371
-492
-564
-570
-524
-449
-350
-246
-149
-79
-29
8
22
24
29
56
99
156
212
280
326
354
347
305
233
125
-4
-152
-292
-410
-499
-582
-637
-659
-653
-630
-579
-526
-456
-374
-270
-153
-36
76
194
316
414
498
553
592
614
613
590
560
516
463
405
348
285
223
154
72
-2
-72
-142
-206
-254
-296
-321
-325
-299
-246
-198
-157
-106
-43
3
28
37
46
62
78
92
106
111
109
101
77
41
-12
-82
-157
-224
-278
-321
-360
-381
-388
-386
-356
-309
-262
-215
-163
-100
-37
10
47
84
121
159
196
223
249
278
313
355
383
388
385
383
370
338
287
229
172
114
57
3
-56
-108
-148
-172
-192
-204
-204
-179
-156
-142
-114
-85
-68
-66
-61
-56
-46
-36
-25
-9
14
36
53
60
45
18
-12
-61
-123
-189
-240
-277
-302
-319
-314
-283
-240
-200
-164
-119
-73
-22
25
76
134
202
279
358
427
475
499
497
478
437
367
284
192
93
10
-51
-114
-163
-191
-216
-235
-241
-257
-274
-274
-269
-266
-236
-193
-142
-72
1
67