42
41
44
42
45
45
46
35
38
31
35
39
34
38
36
42
29
19
17
20
8
1
-10
-16
-13
-16
-20
-25
-25
-36
-38
-44
-47
-55
-48
-52
-50
-48
-47
-39
-44
-44
-43
-31
-34
-27
-32
-30
-20
-13
-10
-10
-2
4
13
6
10
9
14
18
20
17
20
18
23
30
26
17
18
16
21
22
21
18
20
22
24
29
26
28
29
35
32
32
36
34
38
37
30
30
30
30
26
25
23
26
28
28
20
20
16
17
10
8
0
-10
-14
-23
-25
-39
-35
-48
-51
-52
-53
-55
-62
-62
-67
-60
-72
-78
-87
-80
-83
-82
-87
-88
-83
-83
-82
-85
-73
-75
-67
-66
-62
-60
-46
-43
-38
-29
-8
-2
6
10
13
27
29
44
51
69
75
88
82
99
108
107
118
121
129
127
135
144
154
151
153
145
150
146
143
127
117
104
102
91
76
60
46
33
12
-5
-39
-54
-78
-81
-110
-115
-138
-141
-155
-163
-172
-181
-178
-199
-201
-210
-198
-206
-210
-222
-203
-193
-174
-167
-161
-139
-121
-99
-89
-61
-40
-15
24
58
91
133
180
223
268
303
342
371
400
422
443
461
475
484
481
486
473
464
436
433
393
361
315
270
216
175
138
79
35
-19
-85
-157
-205
-274
-332
-398
-452
-508
-552
-613
-656
-709
-741
-761
-771
-771
-779
-786
-796
-799
-811
-807
-794
-764
-733
-690
-633
-578
-526
-465
-388
-294
-213
-124
-38
62
149
252
345
439
553
664
772
855
956
1044
1136
1199
1254
1280
1316
1340
1353
1343
1324
1272
1226
1159
1088
1000
904
795
680
566
425
305
177
80
-43
-145
-274
-381
-481
-568
-633
-699
-736
-799
-844
-903
-942
-976
-985
-992
-991
-1003
-1028
-1055
-1102
-1106
-1113
-1084
-1096
-1098
-1141
-1139
-1126
-1095
-1077
-1059
-1013
-950
-868
-769
-681
-580
-437
-277
-124
-2
142
284
466
629
816
966
1123
1268
1427
1529
1618
1672
1716
1750
1786
1813
1763
1714
1634
1621
1565
1542
1435
1303
1152
1031
912
756
608
428
296
123
-3
-187
-310
-435
-494
-546
-597
-677
-762
-813
-841
-817
-806
-800
-828
-825
-829
-820
-844
-852
-864
-824
-797
-799
-832
-879
-918
-938
-954
-960
-966
-999
-1041
-1118
-1185
-1214
-1157
-1099
-1045
-1062
-1063
-1050
-982
-882
-766
-641
-517
-346
-198
6
194
386
584
797
1025
1204
1368
1472
1595
1665
1775
1840
1879
1877
1825
1770
1660
1625
1559
1579
1551
1503
1364
1205
1065
982
900
765
647
474
318
169
34
-136
-220
-309
-341
-436
-504
-631
-707
-750
-737
-694
-681
-658
-717
-739
-793
-792
-837
-846
-874
-889
-977
-1073
-1179
-1234
-1260
-1280
-1312
-1348
-1384
-1424
-1402
-1409
-1336
-1272
-1182
-1169
-1114
-1099
-1061
-1004
-912
-739
-572
-409
-292
-126
61
305
559
798
997
1234
1393
1543
1633
1771
1861
2000
2069
2135
2117
2024
1945
1880
1963
1959
2015
1908
1790
1617
1532
1391
1262
1107
939
764
581
349
114
-47
-202
-258
-346
-418
-541
-670
-816
-852
-870
-857
-841
-818
-831
-865
-913
-986
-1027
-1041
-1011
-1038
-1058
-1176
-1228
-1327
-1319
-1395
-1570
-1692
-1747
-1632
-1620
-1513
-1627
-1588
-1545
-1392
-1339
-1327
-1310
-1321
-1234
-1139
-993
-906
-716
-531
-245
-36
275
506
704
995
1105
1343
1421
1649
1736
1876
1994
2090
2144
2188
2217
2166
2108
2062
2060
2058
2123
2043
1940
1773
1779
1676
1578
1434
1230
1013
820
628
386
156
-36
-151
-230
-285
-414
-589
-728
-767
-816
-849
-875
-926
-939
-921
-941
-986
-1051
-1107
-1167
-1196
-1301
-1375
-1549
-1623
-1755
-1965
-2021
-1995
-1786
-1758
-1621
-1709
-1653
-1637
-1438
-1423
-1436
-1386
-1395
-1343
-1265
-1149
-1101
-871
-589
-293
-64
105
274
437
644
905
1172
1229
1537
1505
1817
1848
2102
2100
2339
2365
2435
2500
2176
2284
2046
2219
2306
2334
2302
2214
2127
2059
1908
1716
1489
1250
987
770
472
135
-53
-261
-315
-422
-525
-741
-869
-976
-1035
-1057
-1113
-1106
-1175
-1168
-1245
-1340
-1488
-1541
-1538
-1568
-1530
-1682
-1808
-2038
-2261
-2294
-2191
-1970
-1856
-1681
-1757
-1699
-1663
-1519
-1506
-1415
-1298
-1211
-1169
-1177
-1134
-1005
-720
-459
-5
-32
431
268
544
794
883
1391
1147
1677
1514
1870
1775
2065
1971
2356
2424
2556
2643
2237
2460
2017
2377
2261
2396
2319
2283
2148
2059
1878
1679
1492
1251
1058
770
475
11
-209
-484
-437
-574
-626
-864
-1030
-1165
-1274
-1264
-1353
-1278
-1333
-1296
-1439
-1488
-1687
-1722
-1740
-1752
-1704
-1858
-1890
-2203
-2292
-2336
-2031
-1837
-1618
-1552
-1575
-1523
-1448
-1291
-1273
-1173
-1110
-1055
-989
-966
-961
-794
-558
-151
-41
219
112
474
330
789
692
1140
1105
1453
1547
1427
1835
1731
2140
2120
2381
2359
2661
2379
2558
2116
2257
2440
2467
2633
2492
2361
2174
2155
1912
1880
1622
1535
1179
884
468
171
-203
-344
-458
-585
-652
-850
-1042
-1246
-1245
-1324
-1299
-1370
-1409
-1522
-1638
-1743
-1891
-1943
-1999
-2049
-2224
-2259
-2225
-2078
-1947
-1851
-1850
-1824
-1739
-1645
-1506
-1488
-1500
-1511
-1481
-1425
-1304
-1464
-1183
-1152
-731
-599
-448
-289
-279
-47
21
298
556
671
506
837
872
1078
1255
1351
1818
1849
2142
2107
2240
2249
2326
2465
2385
2443
2446
2545
2578
2474
2437
2360
2371
2324
2187
1962
1755
1440
1086
824
528
312
12
-198
-427
-590
-789
-913
-1068
-1165
-1173
-1230
-1359
-1490
-1592
-1652
-1642
-1681
-1733
-1868
-1906
-1947
-2042
-2071
-2050
-1878
-1706
-1534
-1586
-1625
-1644
-1516
-1477
-1365
-1448
-1395
-1635
-1485
-1638
-1510
-1274
-1238
-529
-814
102
-595
41
-184
34
579
284
831
640
939
1038
1049
1503
1348
2071
1981
2359
2337
2237
2382
2322
2490
2648
2443
2542
2427
2571
2553
2603
2382
2346
2233
2138
2034
1665
1364
927
782
424
352
-80
-352
-606
-786
-884
-997
-1203
-1327
-1452
-1528
-1574
-1705
-1753
-1887
-1766
-1864
-1714
-1997
-2227
-2360
-2219
-1951
-1777
-1594
-1738
-1722
-1757
-1630
-1656
-1433
-1802
-1444
-1962
-1475
-2039
-1824
-1918
-1769
-725
-1569
-59
-1265
-239
-431
-252
398
-260
778
50
1104
228
925
877
829
1916
1395
2201
1845
2386
2062
2423
2302
2542
2721
2572
2833
2441
2662
2545
2445
2681
2744
2705
2546
2248
2174
1676
1768
1349
1307
979
698
488
-16
-186
-551
-563
-735
-693
-972
-1165
-1331
-1507
-1591
-1568
-1588
-1635
-1700
-1769
-1843
-2000
-2128
-2165
-2018
-1854
-1598
-1722
-1708
-1925
-1803
-1883
-1695
-1899
-1900
-1944
-2237
-2164
-2448
-2018
-2125
-1460
-1678
-866
-1226
-791
-858
-690
-192
-191
107
-30
344
192
736
328
1274
919
1680
1759
1866
2086
1847
2272
2073
2445
2548
2719
2870
2694
2860
2693
2776
2800
2575
2813
2486
2434
2159
1953
1809
1637
1520
1291
1007
692
387
168
-132
-311
-514
-638
-760
-893
-1073
-1195
-1294
-1314
-1277
-1305
-1368
-1495
-1598
-1597
-1771
-1833
-1911
-1872
-1754
-1620
-1642
-1772
-1785
-1936
-1838
-2128
-1963
-2197
-2162
-2430
-2370
-2397
-2493
-1970
-2012
-1265
-1568
-838
-1191
-558
-503
-258
-267
-102
200
24
802
420
1075
774
1082
1302
1460
1949
1641
2169
1780
2508
2080
2533
2262
2430
2742
2397
2765
2221
2463
2191
2424
2225
2230
2118
1991
1842
1760
1639
1505
1296
1145
918
750
482
95
-116
-417
-465
-617
-696
-942
-1028
-1150
-1183
-1087
-1218
-1180
-1312
-1239
-1346
-1460
-1667
-1747
-1594
-1539
-1419
-1520
-1750
-1731
-1923
-1816
-2022
-2103
-2238
-2295
-2380
-2493
-2416
-2382
-2103
-2020
-1357
-1329
-940
-1153
-644
-959
-86
-489
84
-6
-114
629
12
1048
429
1142
1043
1357
1521
1393
1751
1583
1969
2061
2076
2397
2174
2565
2240
2251
2089
1918
2007
1957
2089
1987
1979
1792
1840
1735
1771
1667
1426
1327
1012
887
646
316
223
-59
-25
-227
-301
-609
-673
-786
-870
-847
-949
-921
-990
-1032
-1033
-1178
-1347
-1410
-1555
-1277
-1484
-1265
-1699
-1849
-1725
-2025
-1902
-2125
-2318
-2270
-2398
-2478
-2384
-2228
-2295
-1811
-1685
-1453
-1112
-1339
-814
-752
-504
-417
-184
-258
69
206
142
529
346
837
816
1484
1211
1539
1332
1637
1726
1938
1975
1763
1942
1930
2236
1984
1865
1708
1686
1711
1909
1861
1819
1703
1544
1776
1598
1687
1507
1411
1257
1056
899
733
581
279
136
75
-107
-196
-366
-543
-574
-643
-631
-695
-661
-712
-734
-799
-896
-1085
-1154
-1207
-1247
-1082
-1499
-1228
-1818
-1428
-1931
-1663
-2028
-1948
-2050
-2268
-1948
-2403
-1654
-2350
-1376
-1877
-932
-1431
-865
-961
-1009
-163
-1024
429
-861
397
-584
537
-118
692
253
996
785
1018
1113
908
1066
1184
1502
1279
1517
1333
1365
1344
1491
1337
1480
1292
1583
1395
1718
1659
1594
1341
1412
1485
1416
1545
1295
1303
1197
1138
866
690
512
321
356
-101
123
-416
-152
-320
-342
-210
-515
-234
-585
-399
-759
-741
-959
-1030
-994
-1141
-1142
-1141
-1505
-1245
-1748
-1529
-1822
-2030
-1952
-2038
-2242
-2062
-2216
-1923
-1904
-1676
-1013
-1526
-684
-1442
-404
-956
-345
-421
-702
48
-457
302
-317
300
193
672
469
738
725
902
688
1123
712
1227
895
1262
955
1226
1315
1219
1538
1141
1623
937
1868
1201
1850
1444
1694
1682
1690
1706
1602
1635
1574
1450
1252
1289
1016
927
450
508
279
382
71
132
77
34
112
45
-11
20
-180
-152
-293
-566
-521
-895
-426
-1053
-527
-1200
-747
-1279
-1251
-1415
-1796
-1390
-2061
-1558
-2300
-1551
-2006
-1449
-1681
-1594
-987
-1541
-641
-1439
-827
-1083
-690
-992
-719
-1045
-524
-763
-501
-694
-314
-467
200
-289
29
364
-107
316
-123
394
85
400
48
590
285
686
611
772
729
1014
830
1192
1241
1328
1456
1348
1646
1635
1905
1680
1813
1566
1601
1559
1204
1294
932
979
827
760
662
486
671
331
588
256
490
275
334
183
133
11
-164
94
-440
16
-587
-277
-754
-624
-1107
-868
-1253
-1299
-1525
-1952
-1393
-2226
-1139
-2266
-1092
-1880
-955
-1439
-1157
-1428
-1076
-921
-639
-799
-984
-995
-981
-537
-1346
-497
-1316
-174
-798
-389
-319
-352
66
-237
47
-66
118
61
187
116
419
435
897
838
1019
981
1207
1216
1195
1565
1395
1896
1786
1918
2007
1897
2073
1921
1934
1731
1628
1569
1267
1171
923
1010
696
931
553
863
426
735
478
644
602
681
449
498
309
279
132
-150
185
-559
-108
-898
-409
-1364
-893
-1584
-1548
-1893
-2065
-1948
-2121
-1787
-1885
-1754
-3479
-2781
-2477
-1334
-1708
-1732
-1903
-1199
-924
-588
-812
-1208
-627
-963
-816
-921
-1092
-965
-753
-837
-680
-668
30
-326
133
-175
-42
177
20
471
257
864
862
1345
1069
1332
1385
1501
1779
1747
1876
1804
2006
2115
2188
2168
2020
2034
1872
1632
1597
1123
1199
1051
845
1009
633
996
595
962
657
815
843
591
911
318
684
318
392
347
-105
201
-464
-261
-620
-657
-1170
-1290
-1470
-1590
-1799
-2120
-1822
-2017
-1674
-1833
-1755
-1412
-1678
-1329
-1659
-1448
-1281
-1232
-1058
-1325
-1051
-1186
-1243
-1032
-1026
-1067
-917
-1095
-689
-754
-627
-643
-561
-462
-84
-404
-23
-61
49
377
245
608
533
934
636
1155
975
1260
1409
1278
1807
1368
1932
1746
1844
1896
1732
1915
1677
1784
1633
1538
1509
1229
1335
1085
1330
1186
1237
1161
1028
1175
952
1117
860
810
632
659
306
412
55
179
-428
-123
-467
-683
-537
-1216
-917
-1468
-1325
-1613
-1777
-1646
-1770
-1799
-1744
-1706
-1817
-1574
-1767
-1602
-1573
-1452
-1604
-1531
-1641
-1664
-1352
-1615
-1348
-1610
-1365
-1580
-1079
-1273
-1108
-1215
-1124
-732
-944
-465
-614
-175
-227
133
-26
394
246
756
669
961
1026
1194
1404
1291
1453
1496
1541
1763
1681
1725
1843
1686
1988
1635
1963
1683
1888
1844
1785
1743
1629
1608
1591
1464
1477
1354
1262
1151
990
914
789
698
475
510
432
183
175
-205
-195
-456
-656
-517
-1043
-803
-1371
-1156
-1516
-1522
-1459
-1869
-1447
-1880
-1530
-1885
-1675
-1711
-1825
-1405
-1601
-1244
-1657
-1371
-1605
-1410
-1524
-1676
-1417
-1693
-1307
-1372
-1135
-1311
-957
-1141
-763
-811
-589
-470
-391
-75
58
151
611
446
1002
589
1336
773
1274
1333
1301
1781
1044
1618
1169
1859
1518
1852
1474
1755
2034
1725
1859
1727
1947
1701
1747
1612
1708
1421
1547
1459
1375
1207
1377
1038
986
915
607
796
350
452
125
74
-125
31
-493
-461
-630
-1038
-738
-1328
-1043
-1469
-1490
-1451
-1587
-1171
-1686
-1551
-1854
-1579
-1498
-1662
-1632
-1846
-1720
-1674
-1889
-1698
-1755
-1567
-1634
-1808
-1571
-1693
-1080
-1608
-1267
-1307
-992
-877
-713
-743
-547
-324
-155
-105
315
161
530
297
643
539
948
877
871
1153
948
1370
1138
1354
1284
1479
1578
1759
1512
1750
1755
1898
1719
1920
1668
1920
1742
1505
1866
1378
1676
1335
1296
1325
891
1045
571
739
362
515
229
133
106
-218
-9
-516
-378
-726
-666
-917
-754
-1130
-1209
-1109
-1059
-1101
-1138
-1269
-1156
-1116
-1385
-1111
-1605
-1222
-1415
-1584
-1373
-1788
-1325
-1359
-1294
-1343
-1223
-904
-936
-930
-1047
-678
-707
-611
-535
-651
-242
-452
-146
-290
188
18
271
214
310
773
391
745
670
950
1051
1149
895
1343
1061
1318
1383
1337
1534
1343
1479
1487
1479
1651
1382
1810
1204
1626
1218
1444
1075
1009
865
686
740
395
550
17
171
-89
64
-296
302
-548
-188
-656
-557
-732
-823
-797
-790
-930
-954
-944
-998
-921
-940
-803
-1118
-811
-1320
-806
-1172
-905
-1174
-1546
-1217
-1166
-1236
-1103
-1041
-830
-794
-1135
-571
-1118
-405
-988
-468
-936
-524
-555
-470
-248
-65
-84
0
90
332
367
194
715
13
795
436
590
957
743
787
1103
964
1085
1371
1087
1306
1008
1082
1209
865
1109
913
1061
989
1040
887
792
1022
460
898
350
628
329
180
82
96
-60
49
138
-300
-211
-214
-220
-445
-403
-517
-237
-651
-253
-626
-321
-793
9
-427
-570
-328
-845
-20
-657
-226
-539
-962
-161
-864
-137
-1239
-581
-597
-524
-147
-692
-304
-526
-554
-553
-603
-542
-275
-147
-195
-95
-404
234
-216
89
-201
-7
538
-105
470
-98
487
799
714
607
393
208
789
267
823
-74
543
263
545
500
22
364
84
542
-50
-151
50
67
490
24
-28
126
-77
272
-139
-344
25
-342
159
-296
-217
-175
-325
-123
-227
-100
-324
-165
67
-236
-278
-237
39
519
-504
171
-637
707
-70
-51
-175
-428
1060
-568
597
-877
789
-440
724
-221
357
142
27
526
-374
531
-316
842
-417
590
-222
382
454
-428
524
-61
189
342
-109
521
-151
444
-83
148
81
682
143
-86
188
85
223
-21
-277
-54
-392
-52
-194
-702
-335
-578
-730
-133
-865
-116
-1068
-178
-250
-694
117
-972
701
-945
-205
-316
-543
259
-927
-23
-420
-939
-491
-1067
-229
-153
-270
46
-249
194
920
436
939
769
17
1139
-197
1139
-8
829
704
593
817
310
809
423
229
1035
323
395
259
329
824
496
641
830
845
759
1048
30
875
-42
897
-6
205
145
29
178
-166
128
23
-131
10
-258
-444
-522
-463
-553
-1146
-636
-787
-617
-905
-1073
-1163
-1475
-1023
-1075
-1685
-1523
-1409
-1120
-1350
-1168
-552
-918
-1434
-654
-1039
-1236
-445
-1158
-373
-1326
-418
-735
-609
141
-712
294
-10
84
923
-136
785
195
1234
1066
1236
1095
1023
832
1817
1413
1302
1115
1301
1978
1541
1846
1508
1953
1783
2320
1719
1444
1926
1205
1802
902
1120
1051
1329
1193
744
995
867
884
289
420
248
642
-38
-718
-353
-336
-545
-1219
-1420
-1209
-1512
-1588
-1757
-2062
-1856
-1786
-1864
-2037
-2203
-2449
-2560
-2169
-1836
-1885
-2127
-2935
-1454
-2193
-2278
-1705
-2211
-1218
-2144
-991
-1871
-852
-1231
-781
-195
-455
531
152
21
294
110
721
922
857
859
853
2234
1618
1681
1716
2001
2638
2313
1618
2145
2773
2186
3091
2371
2938
3166
2636
3343
2310
2210
1909
2468
1948
2099
1795
1649
1166
1080
1468
1522
746
409
-158
-572
-170
-503
-865
-1570
-1193
-1408
-1199
-1904
-1973
-2191
-2228
-2163
-1542
-2534
-2900
-2561
-2958
-2388
-3134
-2644
-2812
-2863
-2479
-3160
-3231
-2526
-2600
-2597
-3090
-1718
-2868
-1797
-2020
-1644
-912
-2136
-190
-775
-100
-635
348
670
608
497
1844
402
1515
1261
1578
1981
2054
2955
1902
2366
2893
3482
3634
3517
3856
3299
3124
3577
3351
3772
3301
3577
3206
2631
2886
2639
2418
2090
1734
1352
969
316
666
172
-121
-289
-442
-622
-1112
-624
-1323
-1287
-1584
-1443
-1529
-1811
-2333
-2310
-2679
-2119
-2505
-2909
-3026
-3263
-2934
-3249
-3105
-3447
-3024
-3432
-3851
-3342
-3093
-3133
-2850
-2667
-1728
-2052
-1760
-1284
-297
-193
-425
-785
-787
679
672
513
22
1065
1270
1819
1420
962
2474
2551
3344
3147
2770
3167
2853
3704
3089
3148
4005
3255
3561
3162
2733
2916
2732
2740
2704
1530
1769
1330
870
1064
491
575
-65
-629
-410
-721
-703
-944
-772
-893
-1062
-881
-1445
-1340
-1578
-1323
-1234
-2225
-2747
-2807
-2249
-2088
-2082
-3036
-3016
-2949
-2738
-2701
-3026
-3115
-2974
-1935
-2392
-2636
-2562
-2337
-1205
-1492
-739
-717
-957
-648
731
223
117
1247
1207
370
811
1069
2036
2265
2938
2705
2469
3049
3480
2881
2018
2327
2994
3236
2260
2208
1902
1980
2761
2986
2093
1272
975
1371
779
639
17
-557
-870
-615
-107
-467
-626
-997
-374
-693
-356
-549
-851
-845
-1122
-1161
-1757
-1260
-1197
-1211
-1823
-1959
-2175
-1774
-2173
-1906
-2153
-2481
-2149
-2337
-2266
-2107
-1799
-1557
-628
-1105
-438
-720
137
679
208
304
554
965
1020
791
1474
2248
1489
1841
1561
2396
2764
3276
3576
2160
1721
1403
2439
2567
2419
2089
1323
935
1365
2078
1870
1003
275
236
-532
-701
-887
-1377
-1820
-1652
-1530
-1869
-2395
-2251
-1671
-1500
-1170
-1535
-1823
-2198
-1438
-1267
-1455
-2204
-2175
-1447
-1410
-1262
-1820
-1710
-1736
-1072
-1286
-2183
-2349
-2363
-1652
-1625
-1404
-1946
-1720
-822
534
927
525
1031
1196
2028
1802
2165
2416
2108
2773
2790
2942
3355
3147
3960
3792
4663
4345
3157
2430
2681
4033
3589
3002
1479
906
1237
2260
2339
837
-202
-681
-552
-695
-735
-1865
-2626
-2539
-2267
-2132
-2792
-2879
-2719
-2222
-1667
-2029
-2433
-2741
-2240
-1561
-1949
-2018
-3822
-3607
-2914
-1562
-1605
-2979
-3017
-3120
-1839
-1570
-1306
-2366
-2761
-1892
-1434
-1041
-1935
-1117
-384
109
1015
769
957
1207
2530
2580
2116
2135
2763
3378
3939
4382
4369
4387
4917
5545
4258
3389
4104
4585
4023
2964
2672
1773
2021
2812
2947
1449
52
-20
-113
-226
-423
-1083
-2313
-2876
-2258
-1744
-2102
-2523
-2273
-2200
-2307
-1684
-1755
-1752
-2013
-966
-2593
-3637
-3204
-1252
-1330
-3028
-3184
-3524
-2480
-1600
-1341
-2911
-3820
-2394
-1482
-1600
-2669
-2165
-1661
-1015
-161
244
-163
-549
618
1384
1619
1271
1792
1779
1811
2666
3275
3801
3344
4185
3932
3393
2579
3032
4135
3637
3155
1813
1120
1278
2425
3342
1652
-329
-1081
-265
-59
-113
-613
-2466
-3038
-2418
-1204
-1394
-1891
-1836
-1649
-1385
-1083
-862
-925
-641
-29
-553
-1819
-2524
-1034
101
-119
-1440
-2367
-2370
-1356
40
-356
-1884
-2599
-1678
-853
-897
-1071
-1085
-855
-129
851
750
316
928
2077
2337
1725
1800
1626
2237
2876
3122
3015
2139
3674
2782
1760
1317
2673
3282
1683
575
-22
99
791
2013
1166
-1578
-2470
-1541
-776
-1307
-1847
-2714
-4152
-3982
-2553
-1981
-2614
-2945
-2640
-2433
-2119
-1377
-726
-1182
-723
-433
-339
-1625
-2403
-277
1095
1512
-1281
-2059
-1711
476
2284
1014
-1496
-2891
-324
1485
1612
469
-594
107
1204
3095
2529
2055
2177
2922
3785
2740
3683
3002
4460
4064
4203
3862
3954
4144
1986
1907
2445
3751
1796
2
-362
-267
777
963
494
-2390
-3559
-2481
-1564
-2357
-3838
-4203
-5164
-4907
-3983
-3314
-4233
-5054
-4386
-3966
-3570
-3288
-2383
-2603
-2590
-2125
-2546
-3129
-2333
90
-76
-1676
-2543
-1574
-121
1002
1070
-910
-2200
-1011
1310
1573
330
-182
198
1159
2545
3722
2951
2475
2922
4250
4472
4570
4942
4713
4690
5016
5922
5693
6450
5302
3431
2524
4265
5607
3139
1366
230
956
1213
2213
1221
-2046
-2978
-2045
-934
-2359
-3333
-4298
-5300
-5207
-4196
-3538
-4737
-5277
-4883
-4246
-4107
-3654
-3136
-3302
-3424
-2803
-2837
-4096
-3855
-1791
-436
-1954
-3319
-3229
-1814
-16
654
-956
-3515
-2765
91
1585
296
-1107
-967
291
2435
3538
2632
1621
2433
4331
4401
3881
4210
4790
4993
5317
5743
5502
6366
5945
4351
3065
4927
5615
3403
1463
1081
1867
2144
2737
1491
-1229
-1786
-393
273
-1498
-2922
-3669
-4251
-4018
-3079
-2766
-4141
-4593
-4056
-3330
-3277
-2796
-2470
-2832
-3197
-2772
-2465
-3264
-3351
-2160
-1371
-2188
-2942
-2778
-1841
-951
-178
-1740
-3401
-2940
-537
570
-576
-1371
-1385
104
1311
2644
1724
1171
1256
3194
3647
3510
3284
3523
4049
4394
5655
5350
5971
4061
3051
2885
5159
5372
2502
640
267
1902
2529
2835
582
-2383
-2192
-467
310
-1769
-2988
-3718
-3980
-3382
-2447
-2548
-3996
-4192
-3547
-2866
-2613
-1953
-1657
-2155
-2461
-1864
-2068
-2727
-1893
-428
-919
-2637
-2504
-1239
-38
205
-530
-2189
-2791
-642
1302
601
-1352
-1476
-191
1196
2244
2325
1202
1182
2427
3961
3672
3100
3421
3395
4175
4472
5268
5101
5366
3731
2192
2982
5372
5228
1686
-224
12
1493
2729
2363
-492
-3733
-2800
-481
-194
-2563
-4340
-5149
-5205
-3948
-2796
-3303
-4941
-5049
-3971
-3276
-2636
-2121
-2215
-3178
-2974
-2029
-1220
-1842
-2500
-1964
-1652
-1159
-1396
-1032
-1334
-869
-48
-572
-1274
-1164
339
487
73
-60
37
1044
2067
3080
2331
2204
2775
3753
4198
4042
4077
3828
4412
5177
5816
5683
5960
4074
2734
3300
6453
5713
1870
40
1025
2692
2951
2588
-583
-3517
-2317
219
-294
-3642
-4926
-5060
-4897
-4236
-3477
-4282
-6000
-5614
-4293
-3908
-3936
-3419
-3154
-3776
-3818
-2357
-2659
-3339
-3012
-1466
-1956
-3123
-2173
-1183
-772
-1030
-1039
-2050
-2127
-1
969
-293
-1932
-843
958
1768
2182
2032
1861
1996
3602
4687
4207
3967
4362
4966
4859
5842
6520
6415
6301
4888
3590
3897
7118
6923
2816
170
1445
3859
4072
3123
-24
-2817
-1997
894
805
-2842
-4975
-4910
-4342
-3648
-3013
-3730
-5780
-6010
-4608
-3556
-3582
-3435
-3610
-4377
-4308
-2854
-1756
-3216
-4031
-3333
-2195
-2438
-2221
-1662
-2039
-2119
-1440
-1206
-1909
-1372
-256
-610
-1431
-973
169
837
1073
1715
1459
1635
2590
3748
3912
3546
3855
4450
4890
5500
5944
6107
6388
4645
3558
4112
7233
6348
2850
866
2070
3991
4246
3310
-76
-2219
-791
1760
982
-2628
-4287
-4250
-3486
-2786
-2552
-3839
-5577
-5398
-3987
-3302
-3197
-3267
-3430
-4177
-3757
-2310
-1660
-2302
-4249
-3958
-2708
-822
-1091
-2620
-3375
-2640
-452
-266
-1476
-2823
-2126
-493
56
-323
-1446
-984
582
2123
2083
1174
1472
2327
3548
4025
3615
3658
3962
5353
5457
5643
6383
4987
3729
3365
6755
6449
3352
1112
1787
3690
3844
3585
567
-2029
-1224
1431
1349
-2321
-4010
-3985
-3338
-2834
-2507
-3301
-5136
-5060
-3881
-3091
-3090
-2944
-3144
-4002
-4009
-2341
-1321
-1835
-3307
-4071
-3219
-1414
187
-1407
-3506
-3615
-985
647
-369
-2028
-2871
-1514
186
1121
-253
-1707
-691
1477
2649
1754
1552
1456
2473
3525
4298
3759
3246
4267
5087
5827
6115
5269
3100
3048
6143
7219
3789
890
1768
4051
4481
3364
777
-1782
-1172
1594
1656
-2007
-4504
-3870
-2786
-2576
-2856
-3596
-5013
-5129
-3879
-3078
-3355
-3461
-3298
-3713
-3984
-2786
-1398
-1866
-2954
-3926
-3428
-1882
139
-420
-3359
-4155
-1743
1021
491
-1673
-3176
-2423
171
1677
524
-2038
-1640
1084
3003
2187
898
945
1926
3572
4191
3826
2859
3486
5061
5772
5879
5157
3598
3224
5112
7274
4788
1682
1512
3806
4645
3522
1760
-548
-954
770
1804
-560
-3547
-3740
-2845
-2501
-2801
-3009
-4084
-4956
-4407
-3250
-2956
-3258
-3502
-3757
-4038
-3169
-1640
-1912
-3508
-3949
-2621
-1731
-1639
-1640
-2201
-2760
-2004
-555
-645
-1727
-1820
-1231
-737
-519
-97
-319
-481
360
1414
1503
993
1478
1986
2619
2951
3251
3274
3271
4329
5027
5358
5440
3834
3328
3913
6871
5822
2561
1128
2937
5023
4277
2772
188
-912
506
2303
1114
-2667
-3817
-2927
-1982
-2206
-2760
-3680
-4905
-4458
-3216
-2647
-3198
-3577
-3738
-3920
-3313
-1948
-1598
-2771
-3610
-3710
-2504
-1278
-298
-1947
-3816
-3376
-753
857
-553
-2289
-3081
-1484
456
1088
-455
-2145
-1059
1132
2421
1367
828
879
2069
3236
3878
3216
2751
3349
4902
5016
5484
4968
3743
2929
4542
6807
4705
1916
1429
3568
4353
3503
2158
-199
-727
801
2089
-146
-3211
-3306
-2290
-1845
-2401
-2840
-3951
-4710
-3801
-2723
-2701
-3468
-3531
-3448
-3430
-2717
-1742
-1898
-2913
-3520
-3035
-2070
-1090
-1031
-2547
-3592
-2659
-258
348
-1078
-2599
-2541
-817
612
725
-962
-1815
-589
1419
2134
1128
557
869
2220
3322
3435
2779
2639
3584
4629
4848
5355
4465
2956
2724
5484
6648
3799
1242
1964
3971
4197
3365
1612
-665
-453
1630
1951
-1244
-3301
-2664
-1946
-2199
-2530
-2826
-3994
-4331
-3267
-2516
-2871
-3256
-3037
-3184
-3187
-2271
-1386
-1725
-3145
-3335
-2371
-1109
-925
-1845
-3005
-3016
-1289
102
-622
-2259
-2556
-1133
119
164
-742
-1329
-825
416
1343
1117
518
697
1597
2371
2735
2637
2711
2612
3453
4386
4682
4803
3934
3025
2894
5070
6283
3704
976
1338
3976
4559
3260
1115
-724
-350
1559
2044
-861
-3446
-3128
-1917
-1688
-2340
-2874
-3886
-4259
-3330
-2389
-2449
-3067
-3084
-3119
-3155
-2253
-1211
-1245
-2805
-3000
-2183
-1624
-1205
-1076
-1607
-3313
-2695
-622
484
-710
-2256
-2258
-1333
418
1026
-194
-2043
-1576
1007
2395
1556
237
560
1716
3028
3525
2960
2136
2708
4172
4589
4372
4265
3437
2740
3797
5738
4544
1931
1477
3055
3680
2942
1977
282
-658
285
1348
-88
-2383
-2792
-2344
-2437
-2553
-2295
-2941
-4087
-4038
-2953
-2340
-2330
-2593
-3160
-3587
-2598
-745
-669
-2171
-3477
-2887
-1364
-95
-484
-2622
-3681
-2123
494
654
-1432
-2828
-2133
-46
997
376
-1441
-1795
-183
1582
1692
747
495
1069
2151
2722
2980
2582
2579
2760
3399
3818
4052
4655
4025
2498
2254
4569
5996
3379
864
1045
3220
3915
3110
947
-1385
-1024
1289
1832
-1204
-3726
-3392
-2216
-1757
-2146
-2973
-4335
-4557
-3206
-2041
-2234
-3093
-3473
-3448
-2713
-1365
-842
-1950
-3189
-2681
-1551
-891
-1044
-1589
-2579
-2670
-1259
92
-335
-1558
-1992
-1263
-111
600
217
-976
-1157
80
1564
1680
1131
717
1239
2117
3102
3412
2708
2471
2626
3904
4149
4471
4311
3210
2263
2919
5471
5123
2285
484
1908
3906
3673
2158
-54
-1098
-54
1585
811
-2271
-3551
-2597
-1704
-1980
-2555
-3179
-4205
-4075
-2798
-2027
-2664
-3423
-3323
-2977
-2278
-1377
-1183
-2288
-3016
-2193
-1300
-1134
-1377
-1652
-2408
-2415
-1031
74
-529
-1832
-2025
-1082
85
600
-90
-1251
-1166
615
1945
1652
586
643
1474
2807
3117
2965
2164
2377
3353
4006
4099
3648
4361
3259
2542
3078
5344
4842
1898
811
2134
3788
3280
1806
-271
-1341
110
1594
466
-2634
-3514
-2344
-1618
-1898
-2549
-3378
-4128
-3605
-2357
-2092
-2786
-3260
-2950
-2711
-2139
-1247
-1220
-2306
-2944
-1807
-1061
-1401
-1762
-1801
-1970
-2220
-1136
-433
-745
-1570
-1635
-1005
-303
440
24
-940
-1018
469
1779
1562
755
648
1467
2497
2936
2827
2117
2275
2926
3879
3993
3642
3775
2959
2700
3021
4814
4301
1874
638
1871
3637
3059
1488
-369
-1047
54
1389
605
-2325
-3497
-2408
-1292
-1601
-2490
-3238
-3857
-3419
-2239
-1850
-2540
-3151
-2830
-2501
-1943
-1228
-1139
-2186
-2692
-1932
-1144
-1094
-1199
-1578
-2249
-2085
-685
217
-636
-1837
-1811
-548
596
633
-434
-1270
-514
1208
1879
1157
369
834
1930
2642
2651
2214
2092
2301
3068
3425
3575
3236
3539
3265
2539
2637
4013
4412
2062
425
1426
3276
3060
1186
-390
-1045
-42
1200
584
-2181
-3627
-2364
-1132
-1613
-2808
-3314
-3439
-3184
-2456
-2108
-2487
-2916
-2760
-2468
-2140
-1431
-1091
-1726
-2586
-2034
-753
-838
-1510
-1811
-1401
-1449
-1142
-542
-537
-927
-1053
-471
-124
127
261
13
-205
175
1229
1545
1180
1017
1542
2143
2396
2440
2394
2333
2694
3035
3408
3060
3542
3551
2801
1982
2986
4335
2971
950
756
2309
2633
1752
563
-678
-854
271
813
-1033
-2992
-2659
-1675
-1739
-2395
-2660
-3141
-3534
-2956
-2221
-2192
-2727
-2794
-2665
-2415
-1761
-1113
-1535
-2418
-2310
-1485
-1034
-1093
-1312
-1980
-2254
-1282
61
-99
-1331
-1663
-719
444
742
279
-636
-588
767
1830
1528
584
971
1633
2309
2312
2415
2279
2089
2608
2879
3267
3104
3264
3365
2626
2194
2625
4109
3404
1146
292
1798
3185
2279
656
-620
-732
364
1055
-175
-2541
-2912
-1630
-1140
-1878
-2636
-2833
-3155
-2954
-2244
-1964
-2397
-2776
-2601
-2398
-2019
-1239
-1179
-2076
-2631
-1632
-406
-1147
-2013
-1976
-970
-1016
-1144
-986
-709
-380
-280
-299
-477
72
795
543
-54
-97
997
1539
1348
1009
1033
1681
2146
2500
2048
1713
2112
2836
3114
2626
2596
3117
2477
2063
2309
3610
2642
1066
821
1899
2512
1672
742
-370
-510
449
899
-396
-2300
-2163
-1312
-1196
-1809
-2242
-2605
-3029
-2581
-1826
-1761
-2351
-2717
-2476
-2123
-1472
-1006
-1451
-2325
-2203
-940
-321
-1230
-1950
-1707
-798
-598
-723
-904
-826
-393
-176
-152
-337
59
371
226
-75
166
904
1162
881
635
911
1577
1996
1761
1468
1273
2113
2404
2650
2024
2166
2658
2198
1792
1903
3127
2236
922
686
1729
2309
1507
604
-430
-247
662
922
-524
-2136
-1823
-1063
-1045
-1692
-2125
-2397
-2528
-2071
-1682
-1707
-2113
-2250
-2054
-1745
-1250
-900
-1218
-1804
-1606
-658
-221
-984
-1472
-1238
-428
-314
-511
-749
-565
-6
202
88
-218
123
418
439
218
256
558
755
798
800
905
1157
1324
1234
1325
1354
1845
1736
1780
1597
2115
2648
1907
1216
1422
2890
2409
963
497
1363
2052
1423
746
-121
-153
495
679
-457
-1801
-1501
-967
-1245
-1867
-1973
-2005
-2334
-2188
-1858
-1809
-1973
-1953
-1828
-1831
-1375
-821
-878
-1493
-1439
-561
-59
-511
-1209
-1022
-357
153
-256
-727
-620
182
615
94
-411
-225
489
542
235
-114
35
467
861
764
459
474
873
1205
1192
1146
1098
1262
1373
1836
1940
2208
1760
1205
1242
2350
2756
1302
275
769
1847
1878
1168
393
-373
-67
624
540
-874
-1738
-1510
-1289
-1359
-1448
-1692
-2378
-2605
-1979
-1395
-1391
-1803
-1994
-1885
-1332
-581
-455
-1086
-1569
-929
-83
100
-547
-1045
-817
-56
371
-145
-659
-390
402
558
17
-306
-6
463
486
161
-190
-52
518
824
512
196
351
851
1139
1176
849
795
1071
1676
1952
1797
1731
1201
1243
1878
2804
2030
620
534
1527
2154
1638
778
-195
-366
560
1005
-42
-1541
-1674
-1208
-1105
-1279
-1507
-2041
-2609
-2276
-1472
-1210
-1491
-1876
-1901
-1566
-718
-156
-542
-1416
-1342
-420
110
-140
-447
-649
-772
-396
275
418
-186
-660
-483
76
521
415
-228
-829
-385
535
751
85
-385
-45
530
870
591
397
340
703
1030
1100
1154
1287
1529
1715
1535
1265
1494
2275
2226
970
485
1448
2263
1651
626
246
264
694
795
-18
-1273
-1405
-671
-802
-1552
-1801
-1504
-1709
-1997
-1746
-1354
-1217
-1328
-1389
-1406
-1021
-301
-142
-748
-1142
-470
284
189
-266
-822
-680
-113
574
37
-936
-839
95
627
-83
-662
-693
-223
149
21
-418
-848
-267
330
332
-143
-54
333
494
758
686
740
746
1318
1461
1466
1910
1631
1040
1078
2503
2517
1014
386
1238
2033
1601
1096
331
-178
265
927
454
-1002
-1282
-819
-746
-1154
-1178
-1232
-1755
-1852
-1281
-787
-882
-1119
-1224
-1193
-717
23
82
-786
-1179
-400
261
-254
-551
-297
-291
-774
-569
69
35
-441
-849
-774
-448
180
114
-862
-1450
-614
499
257
-593
-773
-108
370
498
225
104
186
603
821
785
1047
1376
1659
1492
1022
1151
1935
2614
1580
435
693
2055
2317
1394
421
115
528
1139
907
-351
-1248
-878
-393
-720
-1282
-1385
-1415
-1579
-1417
-1019
-798
-942
-1093
-1117
-831
-277
55
-321
-915
-735
50
348
38
-504
-1072
-623
329
576
-802
-1503
-688
442
383
-673
-1223
-1032
-100
296
-284
-1216
-1092
-2
412
127
-482
-229
145
555
622
364
591
741
1326
1255
1663
1734
1192
1131
1602
2608
1602
917
844
1624
1906
1479
1045
83
271
663
780
-143
-905
-813
-941
-992
-1035
-813
-1257
-1748
-1611
-1097
-634
-647
-929
-1353
-1185
-357
271
-113
-869
-862
-336
-142
19
88
-421
-1126
-923
107
437
-91
-961
-1215
-618
321
515
-594
-1483
-1006
215
473
-315
-819
-539
50
198
203
128
185
321
367
679
906
1606
1441
1431
1140
1130
1679
2241
2375
851
492
1331
2448
2133
1092
505
123
817
1156
748
-707
-1229
-764
-572
-767
-1045
-1152
-1674
-1753
-1240
-841
-859
-1056
-1187
-1284
-941
-139
77
-542
-1045
-686
37
131
99
-732
-1177
-651
447
231
-1077
-1177
-452
240
-148
-639
-956
-802
-121
-10
-515
-1128
-618
53
-6
-323
-431
-8
154
373
381
373
693
1012
1485
1172
1714
1747
1473
1229
2044
2722
1632
1099
1255
2034
2038
1779
1018
116
521
1071
899
-450
-1028
-897
-798
-827
-1050
-1313
-1806
-1710
-1356
-1129
-1053
-1065
-1128
-1318
-1012
-376
-89
-444
-742
-669
-176
-86
-255
-298
-262
-368
-752
-444
-108
70
-382
-944
-991
-432
285
-188
-1046
-1383
-594
144
6
-481
-757
-394
-92
267
368
194
179
329
901
1100
1655
1620
1876
1469
1188
1776
2953
3087
1220
527
1358
2690
2660
1652
322
-413
702
1606
907
-1149
-1754
-1230
-796
-845
-1201
-1670
-2183
-1826
-1279
-1090
-1105
-1001
-1144
-1526
-1080
-117
257
-435
-980
-848
-96
420
563
-524
-1531
-759
716
642
-1010
-1336
-608
218
199
-439
-1150
-1263
-151
69
-655
-1519
-960
-121
-123
-530
-779
-151
95
582
319
291
556
1453
2083
1498
1720
1840
2025
1798
2637
2972
1783
1328
1632
2346
1914
1744
1020
82
152
729
693
-783
-1387
-1432
-1343
-1435
-1386
-1453
-2074
-2097
-1762
-1276
-1121
-947
-995
-1276
-1078
-357
195
26
-394
-465
-205
301
608
-92
-606
-359
331
-148
-636
-441
-127
-111
-580
-752
-921
-346
-182
-673
-1476
-1388
-422
-7
-318
-921
-893
-351
597
832
531
-48
680
1553
2328
2089
2185
2053
1638
2117
3155
3593
1900
1054
1379
2078
2286
1890
883
-684
-292
579
453
-936
-1718
-1789
-1978
-1605
-1481
-1561
-2175
-2182
-1880
-1608
-1141
-770
-662
-1224
-1171
-449
359
422
34
-287
-290
231
869
313
-461
-359
256
-34
-633
-429
-212
-235
-577
-819
-1104
-809
-298
-612
-1463
-1741
-969
-275
-268
-628
-958
-606
230
1010
960
328
699
1385
2451
2484
2733
2468
1663
1835
2842
4004
2427
1144
775
1522
1968
1985
1138
-906
-1061
-156
440
-799
-1753
-2054
-2325
-2054
-1694
-1447
-2071
-2199
-1993
-1750
-1303
-645
-256
-797
-999
-572
223
668
676
286
-95
86
753
626
88
11
231
-171
-818
-479
-92
17
-552
-1168
-1589
-1020
-101
-333
-1307
-2072
-1280
-278
268
-321
-854
-652
246
1289
1286
904
893
1676
2432
2718
2892
2965
2311
1796
2369
3513
3056
1479
677
766
1182
1532
1266
-480
-1576
-1021
-281
-853
-1774
-2184
-2613
-2519
-2070
-1686
-1971
-2098
-1848
-1686
-1429
-886
-224
-265
-551
-421
123
635
860
844
406
216
494
462
380
490
513
-371
-952
-564
14
57
-567
-1294
-1713
-1159
-409
-499
-1254
-1906
-1393
-639
1
-10
-345
-439
-127
1001
1327
1518
1145
1522
1978
2626
3145
3252
2609
1477
1920
2994
3387
1760
610
142
524
1242
1157
-211
-1796
-1523
-1044
-1042
-1718
-2183
-2746
-2952
-1998
-1323
-1664
-2373
-2015
-1667
-1268
-816
-280
8
-115
-28
123
601
1000
1349
1183
641
333
189
385
571
678
-140
-940
-797
-180
94
-401
-1110
-1822
-1535
-872
-546
-954
-1501
-1366
-844
-201
-43
60
-167
196
876
1516
1359
1301
1643
2154
2740
2754
3017
2900
2427
1776
2175
2938
2354
1166
167
-10
182
775
469
-894
-1831
-1816
-1216
-1295
-1676
-2371
-2650
-2510
-2082
-1598
-1572
-1583
-1461
-1062
-900
-554
-26
348
394
357
451
625
990
1186
1185
733
474
7
-146
191
579
62
-1137
-1446
-987
-361
-491
-987
-1703
-1760
-1123
-663
-857
-1396
-1211
-672
-149
-25
-137
117
613
1287
1332
1046
1083
1582
2290
2304
2199
1990
2352
1905
1388
1303
1961
1959
766
-27
-373
56
279
504
-305
-1375
-1634
-1032
-705
-1193
-1556
-1741
-1718
-1555
-1043
-730
-826
-714
-423
-155
-6
378
645
662
744
933
1006
766
670
710
767
608
257
-248
-478
-257
-69
-330
-971
-1152
-953
-670
-683
-979
-1126
-1060
-797
-867
-1019
-1138
-893
-598
-549
-738
-678
-406
-352
-297
-207
-62
-88
158
330
421
528
599
575
640
1022
1135
901
499
458
761
1081
1023
715
433
324
564
845
760
350
152
259
441
512
452
327
232
363
605
749
694
593
602
730
887
940
901
793
753
765
761
626
405
240
133
56
-116
-314
-558
-825
-1016
-1008
-1016
-1192
-1477
-1634
-1588
-1568
-1617
-1720
-1778
-1760
-1598
-1478
-1506
-1576
-1501
-1214
-1016
-965
-1011
-837
-551
-288
-207
-277
-265
-47
273
435
361
200
235
443
739
853
744
516
543
774
1028
1106
1112
1061
1111
1378
1599
1578
1420
1402
1432
1483
1545
1525
1365
1209
1250
1317
1322
1244
1120
921
777
809
802
687
479
312
127
-20
-146
-296
-518
-739
-873
-966
-1071
-1292
-1456
-1579
-1702
-1712
-1598
-1573
-1741
-1837
-1712
-1548
-1540
-1567
-1510
-1401
-1313
-1220
-1243
-1298
-1174
-1013
-958
-961
-812
-711
-730
-780
-728
-683
-504
-235
-76
-150
-205
-23
236
426
561
666
787
1111
1517
1682
1515
1534
1747
2007
2075
2073
2045
2034
2048
2006
1916
1844
1903
1852
1706
1532
1437
1346
1266
1113
861
667
624
530
287
80
-48
-212
-395
-452
-543
-753
-975
-1056
-1052
-1055
-1109
-1213
-1313
-1336
-1274
-1196
-1279
-1425
-1401
-1295
-1235
-1296
-1296
-1354
-1458
-1514
-1422
-1361
-1387
-1501
-1560
-1606
-1496
-1317
-1185
-1242
-1243
-979
-804
-825
-1002
-776
-350
115
98
263
632
1031
1240
1358
1675
1992
2038
1867
1784
1946
2184
2184
2028
1938
2066
2202
2268
2000
1787
1527
1459
1395
1316
1182
957
781
626
529
332
225
141
-26
-288
-464
-484
-523
-596
-716
-822
-862
-868
-847
-859
-877
-1010
-1105
-1057
-970
-1053
-1215
-1329
-1229
-1095
-1197
-1424
-1532
-1407
-1387
-1509
-1527
-1448
-1408
-1428
-1378
-1271
-1251
-1236
-1008
-701
-658
-603
-396
-37
173
246
342
509
782
1041
1118
1147
1221
1389
1557
1586
1527
1506
1599
1660
1643
1549
1493
1461
1275
1092
1142
1161
959
748
669
696
671
511
316
225
203
193
141
165
62
-140
-215
-144
-85
-107
-220
-365
-403
-380
-354
-423
-563
-687
-728
-660
-655
-729
-913
-1113
-1182
-1065
-993
-1116
-1313
-1306
-1168
-1152
-1190
-1204
-1063
-879
-698
-680
-612
-379
-205
-235
-239
-38
242
307
334
411
494
557
668
726
801
748
663
704
833
898
865
714
634
585
557
601
494
348
253
335
463
438
268
211
353
469
395
267
338
552
638
498
358
364
410
356
260
271
327
270
69
-66
-114
-96
-131
-266
-467
-650
-642
-615
-695
-925
-1061
-990
-834
-837
-979
-975
-786
-661
-665
-715
-694
-425
-309
-380
-466
-309
-178
-114
-78
57
139
57
143
39
-261
-282
366
770
247
-538
-280
566
1123
724
-55
2
731
748
-31
-231
279
419
-265
-323
824
1419
465
-575
-99
1447
1866
853
-39
489
1462
1287
189
-138
860
1483
948
32
-103
112
117
55
2
-180
-498
-692
-865
-888
-751
-765
-1009
-1163
-936
-683
-751
-1124
-1321
-930
-351
-113
-331
-631
-567
-281
-20
125
-58
-140
-118
153
276
132
-272
-489
-115
418
358
-136
-452
-352
70
128
-28
15
93
-105
-69
70
193
-84
-408
-23
357
661
286
30
202
638
1015
1331
1014
456
839
1112
1421
1097
1172
1342
1461
1162
538
405
583
775
431
61
-313
-591
-436
-365
-485
-822
-956
-1000
-976
-1067
-1216
-1102
-1022
-911
-848
-545
-266
-347
-622
-518
-25
353
224
-45
-160
-82
-21
-145
-204
-271
-303
-284
-539
-1066
-1231
-958
-989
-1199
-981
-583
-508
-765
-946
-495
339
410
-316
-641
-35
616
633
313
-143
256
1224
1719
1348
721
597
1100
1660
1539
1373
1362
1529
1477
1453
1618
1769
1737
1456
959
463
234
198
242
55
-430
-813
-716
-403
-366
-794
-1025
-762
-561
-754
-969
-884
-652
-574
-589
-354
77
289
46
-228
-149
255
477
227
-244
-515
-543
-584
-761
-993
-1163
-1240
-1291
-1368
-1693
-2220
-2486
-2074
-1303
-928
-1131
-1464
-1319
-680
-47
80
-128
35
508
778
770
769
958
1126
1396
1708
1897
1715
1327
1384
1810
2145
1973
1630
1565
1769
1866
1821
1936
1929
1173
-16
-362
384
918
284
-954
-1393
-713
112
-48
-953
-1337
-812
-218
-242
-463
-424
-259
-257
-230
196
880
1151
616
-50
-39
489
655
91
-624
-792
-561
-628
-1285
-2059
-2312
-2166
-2034
-2239
-2777
-3286
-3180
-2520
-2008
-1985
-2058
-1736
-1026
-320
-172
-440
-318
406
1065
1175
1000
962
1193
1579
1820
1796
1713
1726
1817
1809
1768
1762
1807
1797
1864
2065
2334
2566
2436
1470
83
-391
314
931
390
-869
-1672
-1285
-217
203
-427
-1009
-678
6
196
-45
-232
-207
8
308
777
1434
1845
1443
583
243
703
1138
708
-272
-916
-789
-556
-1099
-2193
-2872
-2724
-2554
-3050
-3790
-3766
-3094
-2789
-3186
-3424
-2726
-1475
-678
-731
-899
-275
754
1179
896
721
1140
1789
2039
1917
1801
1831
1774
1603
1617
1804
1969
1773
1476
1405
1803
2148
2238
2134
1606
396
-769
-709
-8
18
-879
-1716
-1531
-484
228
-254
-1022
-874
42
614
504
230
165
344
471
738
1428
2290
2463
1721
940
862
1202
1022
164
-627
-653
-334
-635
-1698
-2716
-3040
-2965
-3202
-3687
-3686
-3066
-2632
-2878
-3239
-2828
-1709
-759
-545
-481
87
943
1337
1111
826
1009
1570
1995
2063
1939
1816
1594
1385
1197
1180
1199
1244
1223
1278
1456
1722
1976
1807
761
-843
-1570
-841
227
195
-890
-1853
-1708
-686
48
-123
-547
-469
-59
301
497
541
403
199
190
762
1955
2814
2485
1324
611
796
1171
954
187
-416
-510
-447
-800
-1508
-2124
-2547
-2958
-3316
-3189
-2595
-2173
-2404
-2829
-2715
-1910
-996
-599
-564
-277
481
1190
1351
1047
739
745
1121
1570
1892
1883
1625
1268
1047
1029
1050
977
791
812
1115
1584
1973
2103
1650
494
-893
-1347
-819
-266
-547
-1282
-1630
-1175
-389
-126
-483
-827
-656
-255
151
451
495
301
123
273
952
1896
2355
2008
1376
1010
955
858
500
-43
-410
-508
-647
-1018
-1452
-1859
-2296
-2722
-3037
-3024
-2704
-2344
-2376
-2534
-2291
-1564
-868
-492
-339
-76
486
1060
1279
1171
1057
1021
1099
1271
1471
1506
1396
1289
1227
1163
1021
769
648
767
1087
1422
1810
2214
2091
1071
-382
-941
-726
-574
-1065
-1548
-1497
-748
-10
49
-255
-243
11
27
39
219
484
573
488
441
959
1835
2156
1730
1191
975
921
690
195
-300
-519
-626
-1002
-1496
-1739
-1844
-2140
-2669
-3097
-3135
-2791
-2483
-2523
-2635
-2277
-1505
-830
-486
-324
-56
402
850
1016
997
974
977
1000
1157
1340
1399
1301
1222
1236
1265
1202
994
875
867
1139
1478
1986
2322
2119
1045
-133
-526
-481
-758
-1495
-1986
-1932
-1170
-378
-62
-122
-51
50
65
234
515
705
703
670
881
1555
2241
2297
1864
1489
1327
1148
800
280
-249
-603
-894
-1207
-1485
-1720
-2123
-2513
-2756
-2956
-3194
-3244
-2983
-2704
-2438
-2156
-1697
-1084
-438
-83
106
426
821
1057
1100
1067
946
837
815
903
1031
1125
1057
900
914
992
941
735
699
818
1135
1533
2129
2389
1822
512
-400
-585
-738
-1359
-2097
-2199
-1614
-687
-211
-36
160
374
263
108
211
437
555
597
899
1597
2419
2773
2557
2157
1823
1451
1044
646
226
-138
-434
-683
-889
-1162
-1742
-2384
-2777
-2958
-3171
-3354
-3330
-3083
-2679
-2216
-1693
-1153
-635
-323
-95
187
526
790
924
977
995
1009
972
951
964
933
761
664
739
876
858
696
598
625
893
1135
1546
1957
2090
1362
295
-235
-405
-892
-1824
-2352
-2268
-1554
-820
-259
147
575
626
365
253
356
347
237
374
898
1791
2532
2783
2655
2463
2124
1604
1041
443
-196
-742
-1054
-1178
-1253
-1414
-1784
-2155
-2484
-2752
-3043
-3322
-3544
-3434
-2852
-2139
-1478
-948
-411
95
565
793
815
831
862
852
865
995
1061
1088
993
829
756
818
890
806
850
752
717
702
961
1248
1711
2178
2098
1431
605
173
-412
-1133
-1983
-2449
-2519
-2018
-1300
-591
4
334
374
342
429
300
-11
-170
76
662
1486
2171
2530
2634
2561
2265
1834
1248
386
-545
-1190
-1501
-1608
-1586
-1622
-1804
-2033
-2223
-2521
-3044
-3648
-4008
-3765
-3049
-2210
-1459
-662
179
912
1393
1573
1531
1360
1181
1031
988
956
897
894
1055
1271
1358
1301
1117
907
737
585
449
445
686
1151
1814
2525
2754
2230
1333
703
111
-767
-1795
-2494
-2769
-2496
-1783
-888
-101
414
569
585
665
537
100
-323
-371
-58
596
1335
1965
2404
2654
2590
2294
1674
667
-493
-1395
-1997
-2311
-2372
-2324
-2248
-2172
-2178
-2377
-2699
-3184
-3602
-3700
-3370
-2908
-2278
-1468
-437
631
1531
2002
2095
1992
1695
1314
944
598
263
175
400
773
1059
1196
1201
1146
1036
893
674
548
614
979
1586
2363
3018
3049
2471
1799
1344
587
-539
-1697
-2456
-2740
-2422
-1707
-796
-18
443
683
996
1138
747
42
-492
-629
-353
277
961
1561
2070
2408
2498
2300
1629
496
-728
-1703
-2397
-2812
-3032
-3096
-2984
-2736
-2452
-2279
-2342
-2702
-3093
-3231
-3116
-2867
-2497
-1832
-853
281
1270
1918
2220
2227
2001
1600
1116
508
-29
-303
-132
244
624
955
1256
1554
1653
1648
1386
1233
1115
1373
1791
2562
3087
3112
2691
2420
2148
1287
-14
-1366
-2242
-2712
-2539
-2069
-1348
-677
5
616
1257
1502
1155
507
-29
-262
-207
146
541
1014
1475
1979
2296
2305
1726
754
-352
-1352
-2267
-3014
-3579
-3882
-3810
-3463
-2925
-2494
-2219
-2328
-2545
-2719
-2722
-2647
-2478
-2064
-1354
-351
649
1485
2024
2309
2286
2026
1529
846
107
-376
-504
-372
-68
344
838
1335
1840
2154
2182
2061
1891
1897
2031
2422
2676
2576
2194
1903
1766
1171
234
-880
-1671
-2202
-2293
-2135
-1752
-1241
-651
0
705
1171
1204
1001
739
541
444
558
624
761
1013
1419
1776
1893
1591
947
224
-604
-1513
-2414
-3187
-3740
-3902
-3770
-3420
-3045
-2720
-2550
-2427
-2299
-2186
-2053
-1965
-1703
-1194
-443
323
993
1520
1922
2103
2038
1671
1124
454
-69
-334
-427
-409
-211
209
716
1309
1714
2047
2121
2202
2171
2279
2479
2606
2415
1841
1534
1351
1070
273
-542
-1278
-1735
-1905
-1813
-1589
-1247
-794
-234
424
995
1267
1253
1171
952
818
730
710
644
774
1028
1334
1505
1401
980
433
-183
-981
-1822
-2606
-3240
-3678
-3731
-3597
-3254
-2881
-2533
-2301
-2071
-1842
-1723
-1623
-1510
-1201
-697
-49
524
1046
1510
1847
1958
1808
1380
784
215
-198
-494
-678
-696
-435
30
635
1236
1743
2120
2366
2476
2479
2540
2668
2494
1932
1460
1296
1152
645
17
-678
-1218
-1566
-1680
-1687
-1590
-1377
-1007
-365
317
765
984
1055
972
824
720
651
541
556
662
923
1193
1286
1111
798
379
-191
-853
-1575
-2333
-2964
-3313
-3417
-3275
-3032
-2737
-2423
-2128
-1899
-1696
-1454
-1340
-1185
-865
-382
105
572
993
1358
1631
1687
1500
1156
709
258
-58
-302
-496
-534
-238
197
760
1263
1761
2117
2384
2501
2584
2770
2855
2507
1883
1515
1384
1029
317
-374
-1022
-1495
-1843
-1871
-1874
-1699
-1418
-905
-247
365
660
734
709
604
479
452
413
335
430
685
1022
1242
1278
1057
779
381
-181
-873
-1569
-2297
-2838
-3122
-3163
-3092
-2915
-2703
-2431
-2116
-1838
-1576
-1324
-1107
-913
-542
-100
322
664
1042
1319
1517
1529
1359
1015
669
342
57
-175
-354
-322
-84
407
855
1371
1805
2205
2455
2697
2925
3151
3145
2669
2063
1687
1466
782
-50
-850
-1458
-1985
-2156
-2179
-2054
-1819
-1396
-863
-201
272
478
511
480
395
364
387
316
321
531
900
1176
1327
1217
1009
697
243
-422
-1143
-1854
-2515
-2949
-3159
-3223
-3220
-3070
-2793
-2448
-2088
-1773
-1469
-1190
-938
-629
-243
168
468
782
1079
1341
1434
1351
1125
842
574
323
90
-120
-180
-74
276
672
1152
1542
1961
2351
2669
2967
3170
3445
3283
2845
2238
1961
1475
651
-324
-1119
-1814
-2304
-2494
-2473
-2327
-2033
-1527
-890
-232
174
414
485
493
374
366
345
310
318
564
867
1150
1251
1192
1006
692
185
-490
-1173
-1908
-2533
-2989
-3222
-3363
-3334
-3138
-2807
-2406
-2027
-1683
-1322
-970
-670
-389
-51
240
470
733
988
1128
1124
1047
900
747
564
331
159
40
64
203
570
908
1293
1693
2147
2572
2932
3235
3524
3708
3418
2859
2350
1969
1137
155
-820
-1613
-2318
-2663
-2743
-2657
-2397
-1930
-1278
-541
-1
343
558
668
571
469
458
407
366
445
702
990
1214
1262
1186
985
584
-8
-639
-1334
-2080
-2709
-3115
-3377
-3508
-3452
-3224
-2857
-2468
-2087
-1658
-1182
-781
-472
-133
149
349
572
810
924
912
871
817
734
587
383
260
200
186
242
489
771
1088
1441
1865
2267
2626
2925
3220
3551
3513
3099
2526
2142
1506
589
-400
-1332
-2160
-2742
-2903
-2855
-2646
-2269
-1652
-838
-76
413
735
901
897
736
667
559
442
402
551
802
1071
1207
1213
1113
869
412
-138
-762
-1480
-2176
-2697
-3053
-3313
-3412
-3309
-3024
-2636
-2254
-1827
-1319
-856
-470
-160
123
269
446
620
746
746
737
686
630
531
420
326
304
298
308
494
787
1104
1368
1749
2134
2484
2807
3131
3454
3391
2989
2454
2077
1442
485
-483
-1427
-2272
-2883
-3027
-2973
-2782
-2461
-1859
-1025
-209
324
720
939
934
809
809
741
535
427
552
779
1014
1155
1196
1129
931
575
123
-419
-1152
-1876
-2427
-2824
-3165
-3343
-3341
-3152
-2826
-2368
-1863
-1314
-869
-479
-113
190
362
470
614
723
747
715
716
700
649
573
522
437
415
446
557
689
932
1200
1525
1891
2274
2614
3007
3343
3209
2772
2346
2017
1228
208
-791
-1645
-2429
-2866
-2964
-2904
-2722
-2257
-1538
-685
-5
412
734
966
958
838
814
692
490
443
624
849
1007
1081
1115
1117
957
622
206
-341
-1044
-1681
-2133
-2553
-2958
-3212
-3233
-3039
-2694
-2294
-1869
-1403
-943
-462
-14
257
383
552
758
852
852
790
728
690
665
609
505
403
334
407
523
673
884
1168
1486
1795
2196
2562
3003
3017
2653
2200
1980
1467
501
-386
-1224
-1972
-2496
-2617
-2653
-2603
-2269
-1688
-971
-293
105
459
723
805
674
678
627
443
397
555
732
879
987
1041
1053
1019
772
440
2
-623
-1232
-1657
-2059
-2553
-2913
-3032
-2931
-2721
-2440
-2103
-1645
-1158
-629
-128
229
435
644
862
952
928
854
753
632
531
492
463
360
315
418
605
729
900
1174
1447
1734
2037
2433
2799
2716
2296
1932
1771
1202
336
-436
-1158
-1804
-2191
-2260
-2299
-2205
-1892
-1402
-777
-264
43
321
512
497
391
442
374
236
279
492
690
839
932
974
998
936
690
379
-41
-602
-1083
-1434
-1819
-2246
-2479
-2549
-2519
-2420
-2191
-1872
-1454
-1068
-646
-250
86
343
617
810
849
860
881
863
761
666
589
549
471
422
472
614
748
914
1118
1380
1680
2054
2444
2477
2154
1746
1579
1186
415
-360
-976
-1538
-1984
-2042
-1955
-1839
-1558
-1086
-503
-14
294
466
561
518
321
254
158
-22
-94
102
330
469
598
728
823
795
615
330
-10
-487
-949
-1323
-1698
-2091
-2295
-2293
-2226
-2125
-1929
-1622
-1255
-927
-625
-331
-52
156
377
565
672
710
767
829
851
850
821
730
617
566
601
660
685
763
908
1166
1423
1855
2151
2043
1667
1485
1343
759
6
-656
-1226
-1696
-1824
-1708
-1583
-1328
-840
-218
375
741
958
1035
944
617
339
109
-244
-511
-508
-317
-145
42
224
415
552
518
342
45
-377
-829
-1160
-1461
-1795
-2055
-2070
-1936
-1714
-1490
-1194
-834
-556
-330
-79
136
193
263
401
467
517
585
688
788
871
910
909
913
840
842
868
836
766
804
915
1035
1289
1315
1062
815
781
512
-57
-606
-1085
-1545
-1759
-1704
-1529
-1282
-801
-134
599
1192
1542
1760
1806
1605
1235
870
371
-171
-549
-690
-747
-726
-626
-470
-264
-133
-111
-211
-450
-843
-1174
-1440
-1734
-1991
-2094
-2003
-1762
-1407
-1016
-567
-97
258
542
749
832
791
732
628
467
354
316
350
448
557
680
814
954
1099
1211
1297
1228
1209
1184
1207
1194
928
493
92
-32
-357
-839
-1252
-1608
-1859
-1946
-1737
-1528
-1177
-659
-37
682
1275
1724
1968
2058
1952
1717
1452
978
474
91
-146
-363
-532
-655
-753
-788
-809
-917
-1056
-1272
-1535
-1745
-1889
-2038
-2180
-2103
-1930
-1659
-1274
-786
-272
204
624
938
1175
1313
1302
1269
1129
948
762
679
631
612
677
725
832
1008
1213
1370
1475
1515
1474
1526
1484
1080
486
22
-350
-913
-1479
-1941
-2342
-2615
-2581
-2267
-1887
-1404
-759
33
811
1404
1852
2133
2202
2040
1847
1620
1238
826
566
421
236
65
-64
-213
-411
-658
-954
-1332
-1791
-2208
-2472
-2635
-2795
-2810
-2620
-2276
-1821
-1269
-705
-192
311
778
1147
1339
1373
1350
1324
1236
1087
998
1007
1017
1043
1131
1233
1321
1419
1496
1526
1530
1510
1517
1418
999
439
72
-257
-858
-1465
-1893
-2280
-2591
-2579
-2322
-2021
-1617
-1038
-290
454
1014
1427
1746
1845
1687
1534
1373
1014
643
489
439
353
313
327
326
220
14
-260
-623
-1157
-1682
-2059
-2412
-2752
-2892
-2785
-2530
-2133
-1602
-1020
-440
45
444
773
952
925
878
846
729
618
624
714
835
1049
1291
1566
1812
2019
2176
2260
2198
2085
1896
1391
707
195
-203
-797
-1391
-1791
-2084
-2279
-2260
-2056
-1798
-1423
-915
-313
253
676
979
1193
1221
1060
915
778
502
224
128
150
147
158
190
211
173
44
-132
-387
-709
-1038
-1260
-1468
-1678
-1753
-1651
-1479
-1337
-1150
-855
-501
-236
-62
118
222
280
349
433
423
403
513
655
763
828
1008
1218
1407
1558
1750
1947
2087
2050
1791
1419
1081
646
32
-634
-1255
-1812
-2159
-2212
-2147
-1914
-1458
-837
-197
429
894
1200
1333
1257
1024
760
434
40
-258
-414
-508
-550
-521
-478
-446
-458
-567
-725
-905
-1103
-1257
-1348
-1396
-1328
-1105
-809
-480
-92
284
584
826
988
1031
935
735
501
338
189
84
44
91
187
381
602
786
929
1028
1142
1236
1273
1051
698
349
121
-143
-493
-781
-1009
-1155
-1138
-919
-701
-497
-175
208
581
875
1041
1090
1019
856
607
372
70
-260
-456
-549
-643
-743
-752
-799
-872
-973
-1102
-1282
-1470
-1601
-1648
-1585
-1455
-1224
-891
-524
-142
225
537
774
970
1095
1097
1058
1014
1009
1049
1129
1159
1194
1264
1330
1347
1303
1162
975
792
671
537
268
-122
-455
-617
-814
-1075
-1306
-1515
-1659
-1635
-1388
-1120
-795
-372
166
707
1152
1498
1678
1704
1507
1254
930
517
48
-343
-624
-869
-1042
-1167
-1218
-1247
-1280
-1327
-1355
-1399
-1456
-1438
-1365
-1254
-1091
-792
-460
-147
143
436
683
829
904
908
874
783
748
780
831
873
1019
1237
1458
1631
1790
1892
1922
1904
1705
1289
720
242
-253
-776
-1293
-1685
-1995
-2142
-2051
-1806
-1479
-1091
-615
-123
337
691
924
1011
942
772
581
340
27
-250
-446
-608
-760
-854
-898
-933
-970
-1006
-1037
-1091
-1104
-1049
-944
-867
-776
-630
-420
-186
46
261
458
639
793
941
1058
1128
1137
1135
1127
1069
1038
968
929
879
913
928
973
1013
882
715
547
416
101
-202
-493
-777
-973
-1030
-921
-804
-555
-246
171
543
778
926
957
854
526
215
-171
-608
-1006
-1286
-1464
-1607
-1649
-1643
-1568
-1501
-1447
-1372
-1277
-1200
-1114
-951
-776
-601
-367
-104
152
393
587
754
906
1022
1094
1177
1248
1266
1301
1332
1341
1315
1305
1255
1194
1148
1123
1026
763
494
304
151
-137
-383
-623
-850
-1029
-1054
-931
-801
-564
-292
163
535
840
1037
1153
1090
871
662
344
-9
-412
-693
-915
-1099
-1301
-1443
-1514
-1586
-1623
-1624
-1646
-1702
-1640
-1446
-1216
-990
-732
-404
-75
218
490
732
889
947
991
991
953
894
878
887
909
948
1025
1121
1182
1159
1027
765
472
226
22
-193
-399
-530
-534
-379
-135
140
420
667
903
1109
1190
1088
879
586
195
-181
-534
-860
-1151
-1333
-1412
-1398
-1342
-1261
-1149
-1035
-970
-877
-779
-734
-727
-641
-510
-400
-270
-114
53
196
329
476
631
726
770
805
844
836
844
830
815
765
746
707
636
527
318
92
-154
-332
-537
-676
-808
-875
-878
-751
-542
-304
6
346
707
1013
1280
1411
1441
1314
1078
766
413
-1
-395
-731
-1023
-1235
-1346
-1389
-1368
-1319
-1225
-1092
-937
-843
-762
-673
-602
-517
-408
-288
-177
-16
194
410
623
799
984
1170
1299
1361
1412
1437
1398
1354
1286
1136
846
544
249
23
-258
-488
-697
-830
-916
-875
-712
-555
-357
-191
32
160
251
225
124
-92
-374
-611
-837
-1019
-1178
-1202
-1158
-1055
-910
-700
-473
-286
-120
7
87
112
129
155
149
123
121
172
240
304
395
493
576
633
717
814
872
879
896
907
903
909
911
869
686
467
260
123
-92
-288
-450
-580
-674
-638
-488
-322
-136
57
288
465
556
555
481
287
9
-255
-496
-754
-984
-1125
-1206
-1254
-1257
-1205
-1141
-1123
-1112
-1082
-1043
-1015
-942
-822
-698
-532
-306
-30
234
513
775
1002
1199
1354
1495
1574
1584
1537
1509
1491
1470
1405
1313
1172
977
785
598
405
173
-13
-196
-356
-463
-475
-446
-406
-341
-291
-231
-205
-220
-303
-427
-624
-828
-985
-1125
-1254
-1307
-1265
-1191
-1069
-907
-713
-529
-355
-216
-95
-30
2
11
5
-42
-84
-92
-99
-107
-87
-32
22
93
179
274
364
439
514
600
698
788
867
934
962
988
992
1014
1008
992
970
942
890
830
790
710
617
482
336
155
-50
-278
-539
-783
-1019
-1192
-1334
-1436
-1487
-1459
-1369
-1243
-1099
-967
-827
-682
-542
-438
-372
-320
-291
-248
-201
-150
-90
-15
77
166
272
375
477
555
624
691
744
764
784
766
738
674
599
502
391
277
145
39
-75
-144
-192
-182
-151
-75
31
156
312
447
549
598
588
505
394
231
35
-180
-397
-606
-770
-889
-976
-1013
-1019
-986
-916
-813
-713
-605
-488
-369
-238
-109
3
93
183
269
368
464
554
629
717
792
865
907
901
860
766
656
502
340
149
-16
-170
-272
-324
-334
-301
-240
-119
-7
114
203
257
249
189
77
-90
-266
-451
-607
-728
-795
-824
-797
-719
-612
-496
-378
-272
-184
-116
-83
-77
-92
-117
-143
-163
-172
-167
-141
-89
-25
43
121
196
271
341
406
450
484
511
518
519
495
460
415
400
403
423
461
501
547
598
649
662
628
560
449
322
191
48
-112
-251
-363
-446
-501
-551
-621
-697
-766
-832
-888
-930
-970
-983
-946
-853
-733
-586
-416
-256
-110
0
59
71
62
35
1
-28
-44
-19
52
157
270
387
480
562
629
660
663
629
564
483
423
378
353
351
350
356
369
381
374
349
304
234
157
72
-17
-90
-138
-165
-179
-176
-164
-148
-124
-121
-132
-156
-176
-200
-227
-262
-294
-320
-332
-319
-307
-300
-311
-329
-363
-381
-400
-424
-441
-442
-418
-362
-272
-185
-101
-10
80
167
229
268
274
277
283
300
312
332
361
395
443
491
524
529
514
470
409
338
261
176
98
26
-38
-86
-120
-148
-175
-213
-242
-273
-289
-307
-315
-331
-339
-338
-318
-282
-246
-217
-199
-178
-144
-104
-65
-27
-3
19
47
83
119
143
157
168
176
175
166
147
117
84
50
17
-5
-24
-33
-47
-55
-68
-78
-86
-87
-86
-93
-80
-67
-35
-6
30
56
95
126
158
185
202
222
230
246
243
240
222
202
170
138
98
48
-10
-81
-146
-209
-259
-306
-348
-391
-417
-429
-421
-402
-376
-349
-299
-242
-177
-106
-30
42
119
195
261
326
388
436
471
488
484
467
445
412
364
302
235
171
111
45
-26
-103
-179
-240
-288
-322
-344
-353
-344
-319
-279
-236
-183
-132
-74
-22
24
69
104
143
168
194
199
202
190
175
143
101
51
-7
-66
-120
-167
-218
-258
-289
-313
-325
-328
-325
-315
-285
-249
-202
-149
-87
-21
44
112
170
226
274
319
351
374
382
379
362
341
306
260
216
164
121
81
49
11
-19
-56
-80
-102
-116
-122
-123
-114
-106
-88
-74
-48
-32
-12
-2
6
5
7
-2
-16
-35
-59
-86
-110
-133
-155
-181
-202
-223
-236
-243
-247
-252
-245
-231
-207
-178
-142
-99
-56
-12
27
63
97
130
163
188
208
217
227
229
230
221
208
188
167
144
120
100
81
68
58
53
52
49
55
54
57
60
64
71
75
82
82
89
83
81
75
68
57
44
22
2
-21
-49
-77
-105
-137
-163
-188
-209
-229
-238
-249
-253
-253
-248
-240
-227
-211
-195
-168
-147
-118
-92
-62
-37
-7
12
35
53
75
91
107
121
130
141
150
162
170
177
178
178
178
179
175
171
165
159
149
140
133
121
111
99
86
72
62
49
32
17
0
-17
-35
-53
-69
-88
-101
-115
-127
-138
-144
-153
-157
-162
-164
-168
-170
-167
-169
-168
-162
-157
-151
-141
-133
-121
-110
-95
-84
-70
-55
-40
-23
-9
12
28
43
61
79
94
111
125
135
150
161
171
179
183
189
190
190
188
184
175
169
156
145
131
119
103
82
65
47
26
5