SAMPLES:	10556
BITSPERSAMPLE:	16
CHANNELS:	1
SAMPLERATE:	16000
NORMALIZED:	FALSE
-4
-8
-20
-20
-3
11
-10
-34
-41
5
33
37
14
-28
-20
-3
13
17
20
-10
-4
-9
-6
27
6
-9
-23
-28
-14
17
56
55
21
-40
-14
27
20
-10
-37
28
37
32
13
-11
-11
-8
-14
-19
-10
-18
24
14
3
-3
17
32
-11
-40
4
35
43
-27
-77
5
24
19
-5
-42
-11
40
2
15
20
-20
20
-24
-35
0
37
60
-24
-54
-49
21
8
3
4
5
22
-17
12
46
86
8
-39
-91
-22
74
3
-9
-6
35
129
51
-131
-85
-53
9
2
-92
-44
62
52
43
39
37
93
-8
-76
-76
31
114
-6
-149
-71
-15
76
70
6
79
23
-3
-29
-10
27
35
-38
-113
-103
8
128
81
-6
14
-14
-2
-66
-115
-72
-112
-78
-72
27
51
92
137
58
75
-59
29
-14
3
-17
-161
-91
-65
-17
-41
-25
18
149
107
-22
-25
26
95
34
-88
-61
-74
75
94
-19
-13
-83
-15
-33
-83
-65
35
49
50
26
42
200
144
103
-63
-127
-74
-54
-37
-128
-95
-29
147
76
32
86
85
128
61
-91
-160
7
-40
-127
-121
-152
120
125
26
31
49
94
40
-150
-162
10
69
87
-94
16
22
53
-61
-91
71
5
59
-27
27
106
180
86
41
113
83
57
-222
-155
19
-7
-67
-143
-1
187
105
12
-15
-70
40
22
-21
-98
-25
68
-105
-118
-52
-49
21
-38
-87
7
-47
73
139
121
148
52
19
-165
-75
-215
-287
-170
-133
151
116
207
348
303
323
112
-132
-269
-554
-376
-233
-200
-16
72
322
517
468
349
75
-120
-207
-372
-389
-202
-109
-124
66
85
363
308
157
52
-91
-97
-111
75
-113
-55
-147
-171
44
52
-46
46
-16
157
334
120
16
-9
-64
-176
-127
-326
-139
-153
-91
115
137
245
256
210
91
98
-163
-72
-335
-357
-79
-146
153
107
81
230
416
170
158
-194
-239
-34
-253
-199
-228
-87
87
245
131
148
12
114
60
-82
-70
-30
90
-70
99
-35
169
65
-133
-134
-243
25
-23
86
56
155
141
-89
59
-106
50
-235
-210
102
10
134
-108
38
223
139
-25
-16
58
-2
-10
-168
25
5
27
17
-70
33
65
59
-96
-188
-31
150
156
201
23
71
-35
-110
-131
-207
-277
-154
29
116
183
115
178
127
85
-95
-103
-27
-99
-222
-179
-38
20
28
-92
55
176
241
244
-10
-233
9
-132
-162
-196
-236
146
125
16
66
142
214
130
13
-41
-55
-124
-118
4
-155
-86
-29
-2
221
61
229
209
74
-146
-54
-9
-6
-88
-146
86
-2
41
-67
-56
-29
44
-60
-131
-8
135
149
-27
-179
-138
-3
-36
47
113
-38
64
97
-105
41
-85
-73
-31
-137
150
87
53
240
103
181
-79
-279
46
-254
-43
-128
-190
23
137
294
205
153
234
78
-238
-215
-269
-200
-237
-110
288
304
21
155
212
96
53
-173
-179
-210
-197
-119
-141
-22
141
469
254
21
190
41
-71
-290
-438
-69
-11
29
124
126
296
205
2
-210
-206
-92
103
-118
-27
85
63
235
-44
-148
-81
-19
45
30
-210
59
106
-161
279
-100
84
-4
-185
220
-216
-39
-148
60
107
174
246
26
150
-125
-78
-327
-281
-112
-77
24
136
315
128
-1
45
44
-16
-314
-39
13
-83
-12
-59
241
163
-17
-8
129
-133
205
-222
69
-111
-214
267
-254
-95
14
288
138
-109
-346
221
2
-33
123
-203
1
-170
93
60
-22
47
353
37
59
-42
-80
-55
-418
-241
19
225
19
246
372
160
10
-105
-241
-63
-327
-154
-20
-45
171
312
213
197
235
-132
-139
-512
-126
-87
-118
93
127
188
122
315
62
-23
-318
-288
-130
-59
-18
50
269
82
203
-197
64
171
-19
-199
-426
-3
183
147
-61
-74
134
226
-26
-100
-208
85
138
-27
-217
-52
111
250
-13
-225
96
6
210
76
-184
-150
-45
186
119
-224
-170
127
292
66
-182
-96
98
214
-52
-85
-197
103
149
-2
-114
-53
183
40
122
8
-120
-120
-212
-112
191
-193
8
47
-102
275
-180
9
-23
-100
254
-37
74
-21
-133
30
-219
-206
56
78
111
145
294
93
-170
-316
111
96
-177
-63
-112
338
-168
77
143
58
96
-388
-43
-11
172
-11
-1
-182
79
-20
-11
-52
-31
287
103
58
-331
-112
405
137
-179
-471
26
395
-87
-231
-116
209
41
-167
103
119
-15
318
-181
-83
-285
-80
167
-102
-265
118
326
314
82
-252
153
-159
-136
-231
-92
151
259
-63
225
120
266
-61
-204
-183
-224
-108
60
211
104
38
15
482
74
-409
-458
-183
357
-59
-250
101
176
447
33
88
-76
23
-245
-115
-25
-432
150
167
237
-190
-176
563
69
-27
-593
182
91
-451
10
-285
439
-3
147
358
-69
81
-114
-18
-249
-530
-226
221
-24
111
258
53
543
137
41
-209
-292
-67
-257
-327
-53
64
342
505
305
240
-221
228
-87
-644
-734
-446
132
326
24
402
378
251
-90
-57
2
-594
-272
-370
280
115
415
99
341
-31
120
-60
-294
78
-380
108
-294
266
166
272
119
-228
-143
-146
-291
-163
-192
229
256
12
318
461
507
-326
-583
-460
90
-148
-191
142
401
413
270
-89
7
-433
-167
108
-392
4
-135
639
179
4
-54
84
-129
-78
-368
-71
79
161
31
-149
71
310
67
-79
84
-182
408
-434
228
-71
253
34
64
-216
-531
-127
57
140
-316
121
432
415
-112
32
64
93
-292
-129
-98
-89
-305
-97
176
14
243
-57
75
101
17
214
-323
-81
-101
-3
-196
-187
202
-56
128
139
316
326
-396
7
158
-171
-205
-401
196
290
134
-10
40
-45
-117
-272
-175
-56
-53
165
-63
311
159
228
233
-205
19
-556
-125
-518
-216
-138
-63
543
111
706
199
-21
-246
-192
273
-417
-259
-195
29
409
-382
317
52
422
144
-91
162
94
137
-330
0
-623
-399
-95
482
-73
-137
319
481
299
-294
245
256
-72
-402
-480
-52
5
284
156
-92
-46
143
240
-107
-350
-278
258
-79
-131
89
418
53
-50
-106
121
-92
-254
-105
43
-202
184
162
273
308
-232
205
-252
303
-336
-245
-575
-290
-25
494
299
287
314
417
357
-274
-537
-427
-25
202
-175
-40
221
358
186
-104
-127
-278
198
-236
-256
-353
155
350
103
-213
-20
136
104
173
-500
109
304
25
182
-325
553
226
-139
-441
-305
-298
-268
278
318
101
-90
447
592
-253
-448
-547
56
-436
-309
-32
544
511
7
20
-118
596
-282
-318
-787
68
168
145
-74
298
235
54
-62
-280
-314
-206
39
162
-24
186
226
-49
99
-115
-189
-24
-326
175
-2
-77
599
-121
468
-273
319
-247
-130
9
-209
-26
-193
156
-165
449
255
212
-49
-99
-334
-63
-228
116
-238
67
-5
522
175
-123
178
-457
344
-476
-32
-109
-393
385
-380
437
206
-6
214
-215
-63
-217
-58
-54
83
-139
66
365
237
180
-168
226
-397
-211
-56
185
323
-242
-28
-85
124
103
-62
-257
103
-226
330
86
-37
-249
-221
335
-437
263
352
807
-15
-677
-84
-146
-9
-391
-184
181
-51
222
204
-108
389
-219
208
80
31
-170
-331
228
-286
-142
-319
494
165
-185
61
94
448
-242
-38
-25
-57
485
56
10
-537
-184
44
-225
-236
-280
639
255
195
25
232
27
-306
-34
-375
106
-82
-124
128
-112
381
312
26
-12
-392
151
-321
-233
-74
-20
383
-238
398
304
389
-279
-272
-197
-342
-347
-232
293
76
522
211
241
93
-303
21
-43
-374
-598
-77
683
282
-97
-192
586
291
66
-420
-197
-62
-8
-137
-439
69
224
498
-387
-343
-142
447
-184
-514
-630
-40
444
457
429
323
337
277
-140
-777
-230
-362
-68
-526
108
454
520
400
160
424
35
-61
-787
-343
-614
156
229
239
542
481
459
-232
-323
-427
-379
-416
-297
176
229
389
352
450
-221
-92
-220
-235
-497
-174
87
257
426
330
452
-118
-318
-414
-467
-564
112
361
115
176
354
668
307
-478
-583
-218
163
70
-167
-6
316
256
-217
-165
37
543
69
-261
-596
-80
-64
-115
119
238
445
268
279
52
287
-96
-437
-499
-205
24
96
-413
109
678
653
225
-263
-22
-490
-244
-436
-682
-208
-17
520
203
280
309
202
261
-490
-392
-288
49
285
153
29
-534
467
-82
312
-439
-308
10
-51
421
-199
518
16
-220
-262
-138
163
292
-168
45
-242
287
95
13
179
-222
19
-135
177
-288
-23
-455
31
343
226
283
-5
62
8
49
-445
-347
-149
70
412
88
336
41
113
-182
-268
-354
-346
53
232
348
170
296
-243
322
-564
-246
30
-73
-60
-431
718
600
236
-707
-251
-217
-565
-297
285
859
199
496
355
-100
-528
-472
-98
-52
-604
-51
366
785
289
441
396
290
-236
-188
-495
-955
-73
-500
284
-579
816
689
911
-19
-121
395
125
-467
-1127
-530
-34
85
-31
535
361
760
-308
105
289
-3
-437
-1028
-133
-240
498
34
10
-124
436
686
-254
-599
-485
720
148
-152
-529
92
515
-50
-272
-625
668
293
203
-2
-340
-49
-293
604
-99
38
-386
374
207
225
-844
-419
-206
9
341
-70
85
-248
890
319
-765
-364
-76
1312
-216
-489
-170
315
73
-775
-5
-376
648
-421
252
-265
1110
17
206
-370
-502
150
-393
209
-584
677
70
233
-702
138
272
-177
-564
-496
98
148
370
260
956
422
366
-346
29
-412
-657
-82
-665
55
-330
909
919
201
-173
-509
603
-273
-826
-957
141
61
199
13
618
496
432
81
-289
-70
-42
430
-889
-728
-481
399
182
133
-156
260
733
240
-290
-697
-20
197
256
-541
-195
212
745
510
38
-374
-254
408
-32
-378
-624
379
-69
-143
-197
581
468
-136
-403
-394
80
257
398
33
-126
-135
533
-43
-46
-422
-313
-415
106
572
-76
521
408
708
-61
294
-19
-576
-280
-569
-437
-731
131
77
76
33
580
920
20
272
-207
46
-781
-392
-960
-198
-124
221
803
-233
556
37
792
-252
293
20
-558
192
-434
-551
-421
-30
-35
545
236
331
268
600
-138
263
-993
-994
-268
35
129
-404
789
694
744
625
-288
-318
-476
-248
-538
-829
-158
395
610
341
350
970
-36
-139
-562
-794
-977
-785
-123
-98
247
771
1654
1100
263
-440
-114
-453
-931
-1419
-294
-514
52
360
1196
670
460
513
210
-16
-1248
-55
-295
-444
-822
478
687
1320
290
-247
-607
171
169
-201
-360
-1043
710
-62
852
-536
303
162
-441
-263
-630
182
-489
577
84
561
171
800
-381
38
-589
162
-400
-358
84
-51
282
-884
-120
196
801
102
840
257
150
-1120
-588
-166
201
30
433
414
439
672
-118
-966
-715
-149
-256
-409
-271
707
755
484
-70
381
34
-170
-446
140
-530
-364
-518
146
390
401
452
324
415
-111
190
-419
-186
-582
-360
118
-115
68
-245
571
212
600
-249
132
315
241
-1391
-862
-415
296
220
623
797
543
1178
72
95
-1696
-489
-375
-120
-78
321
837
284
378
-583
106
-656
-393
-237
672
-86
2
-55
219
51
-926
-337
1
463
52
58
-136
-232
583
-138
57
-315
-245
-40
348
352
-230
-90
-188
116
-15
383
-45
248
305
289
-326
-189
-228
-389
8
-272
64
-148
63
661
685
-158
-640
469
24
-126
-794
-140
361
330
-462
-290
-76
-189
218
244
47
30
808
224
-285
-316
221
-388
-525
-481
260
27
340
-161
69
424
278
37
-81
-90
-80
533
488
-667
-635
-531
336
376
165
-199
-585
753
413
332
-1110
-159
158
218
-43
-107
620
332
174
-611
124
-550
31
78
261
235
219
891
42
-56
-344
-480
-772
-264
-337
-297
-38
186
795
386
178
-532
638
52
208
94
123
-558
-191
-327
-300
-361
-191
379
267
-116
-287
564
24
205
-61
244
47
211
-441
-55
-276
-160
-329
310
380
54
6
541
980
45
-850
-253
139
-464
-363
420
557
-266
221
-891
-211
-376
341
-612
117
168
703
761
-192
-89
515
-158
-425
-615
-213
-461
-1
341
441
593
24
354
152
358
-892
-312
-1041
-69
-63
20
-244
76
507
450
440
-117
263
150
138
-459
-130
-411
-369
-568
-188
284
302
776
498
760
154
-182
-185
-463
-575
-530
-216
237
-28
639
-71
-256
241
868
167
-653
51
308
82
-83
-302
-367
-81
109
544
31
-51
-93
332
-347
-346
-33
-85
-17
-287
88
-164
268
186
495
176
63
-448
-154
-66
-460
-530
-119
-162
202
451
431
513
-4
-14
-716
-614
-173
250
-33
258
745
848
908
-334
-1070
-274
-518
-652
-933
180
862
1110
212
-160
26
100
-323
-325
84
96
433
235
350
-519
-208
-1288
-309
-517
244
257
768
634
738
-64
-656
212
76
-206
-814
-39
-351
585
-449
-221
217
838
192
253
304
51
136
-226
-34
98
-32
-419
-697
-1080
226
979
702
-56
327
765
586
-365
-1270
-597
-589
-75
-315
29
-42
353
783
216
532
-230
40
-227
516
-175
344
11
-281
-697
-650
153
-192
-240
-366
30
377
428
667
72
277
301
-342
-398
-386
89
123
355
-167
25
-110
376
3
140
-397
341
-361
-234
-64
657
249
-241
206
149
195
-1187
-593
69
717
170
53
159
222
532
-578
-519
-324
384
76
-103
-218
71
357
446
-180
-382
-25
192
-453
-662
-290
117
705
857
306
-53
435
-510
-859
-607
-480
-345
316
414
594
1164
1385
296
-850
-1495
-866
-719
-706
-645
575
734
680
743
464
217
-24
-525
-275
30
-80
-132
-121
141
220
228
-97
474
394
-199
-271
-11
160
-731
-466
-776
-248
-471
259
842
860
176
575
866
341
-301
-621
-848
-1324
-779
-929
-8
695
945
986
1146
623
310
-435
-1418
-1389
-828
-555
46
743
767
937
194
61
116
382
-170
122
-162
121
-206
47
-445
-285
-205
338
521
-193
283
43
285
-506
-473
-138
689
252
150
626
-60
-665
-587
-299
-139
27
491
534
296
96
-157
-559
-266
-564
-273
524
337
-14
503
845
-85
-443
-282
573
-449
-398
-57
-219
-210
-222
-19
59
544
479
582
374
-292
-127
-622
-1146
-340
-40
-585
242
898
1178
837
281
172
160
-548
-641
-981
-1332
-668
-274
240
799
1093
935
1136
733
-179
-1201
-922
-934
-422
-324
118
-48
221
586
823
-199
108
-85
133
443
64
-259
-521
-226
-598
110
-437
313
1089
1128
16
-187
-139
-610
-730
-724
-754
-813
98
611
682
632
707
712
431
-268
-299
-575
-1095
-1156
-233
242
498
946
691
970
707
33
-811
-495
-1191
-1291
-347
-92
554
845
1665
1173
575
-81
-337
-1403
-940
-938
-292
322
517
242
624
848
-55
-273
-326
-118
14
-255
-161
-392
-679
-377
431
320
454
1288
506
554
-262
-947
-961
-560
-670
-51
456
485
915
548
270
-555
-476
-547
-31
102
-221
756
329
602
-182
-244
-230
170
-65
184
-370
-349
290
196
-119
240
54
-557
120
-147
336
-314
200
163
621
-382
-781
-47
-86
261
-185
-364
-277
220
324
741
376
465
227
-392
-1104
-719
-1110
-29
352
702
873
1099
821
404
-526
-1316
-1191
-743
-381
-126
205
576
1103
976
361
131
-381
184
-295
-601
-1407
-256
-400
-151
227
517
747
359
403
27
-25
-247
391
229
16
790
499
-869
-886
-612
-1107
-385
598
428
866
510
575
252
-461
-1101
-42
-222
-551
-206
-471
2
380
551
277
433
423
545
-338
-689
-341
-147
-112
-539
452
290
-3
-87
268
-150
-392
62
56
-417
244
532
29
92
316
-384
-165
-58
44
2
-175
111
297
-64
-250
238
23
169
-51
-15
445
-5
-902
68
-12
-144
-121
442
234
448
165
-93
-573
321
723
-223
-612
-295
-202
-261
0
-37
283
840
847
264
-161
-705
-519
-744
-535
-221
266
547
746
405
108
112
44
-350
-30
-507
-147
176
-360
39
-163
-191
385
379
212
457
348
321
56
678
227
-449
-627
-320
-518
-373
-345
-157
509
319
798
32
-184
-263
284
-433
-890
-60
-171
-172
235
408
-54
27
64
-85
-367
98
322
-208
-526
326
-318
-308
359
125
529
595
80
-487
-425
-343
-95
-597
-242
104
260
508
487
213
605
488
-271
-306
-294
-148
-295
-582
-427
-113
310
-60
525
647
1012
981
200
-175
-626
-598
-893
-808
-820
-299
665
404
736
983
548
656
105
-654
-900
-1088
-1472
-538
-449
-122
653
1523
943
583
94
-107
-427
-824
-617
-82
208
379
632
-15
25
-43
-533
84
-326
-351
-122
547
78
-142
372
246
873
545
537
-73
-399
-1052
-740
-943
-181
429
1051
970
368
556
170
-461
-743
-794
-822
-282
-187
138
557
524
575
272
-131
78
123
-446
-52
249
-268
-55
82
-72
158
130
129
-185
293
308
173
381
465
225
-127
-516
-1169
-699
-798
-358
11
351
863
1193
567
-61
-294
-390
-286
-532
-319
149
134
13
138
-270
-286
-527
-263
51
503
400
435
314
312
-89
-397
-605
-711
-33
-103
-47
-390
569
559
488
-120
-62
203
362
-736
-233
-371
-18
217
727
634
70
-242
-180
38
-1056
-687
-239
580
456
679
396
209
-320
-734
-441
-251
-139
65
897
609
556
508
-140
-441
-387
-494
-433
-433
40
62
582
305
341
910
798
-457
-284
-117
-676
-622
-256
-406
-240
25
168
174
28
288
609
307
-421
-140
-395
-235
-159
-153
-436
298
534
544
548
367
181
-346
-119
-941
-1117
185
271
194
524
739
365
103
-436
-734
-684
-637
-47
-286
218
925
688
518
613
516
11
-523
-832
-917
-912
-686
324
582
745
1402
1076
391
171
-81
-623
-906
-915
-750
-218
-282
-267
704
611
856
584
177
-20
-126
-310
-665
-200
-141
-331
167
485
391
147
-308
-157
-103
-476
-157
328
-17
-16
-181
153
-129
-95
-166
-23
-5
44
191
-105
208
186
-63
-116
138
0
-125
224
27
-255
-177
-90
-342
-511
-30
-43
156
474
1019
722
60
-203
-60
-572
-574
-211
-128
-81
184
550
373
430
259
62
-35
-530
-556
-592
-365
-271
53
568
393
684
632
-20
-537
-720
-840
-564
-223
-115
235
1031
1105
596
194
3
-447
-876
-635
-371
-498
207
824
649
444
704
100
-385
-282
-464
-464
-228
-99
-80
373
587
626
570
524
66
-74
-573
-926
-878
-642
-324
-144
587
848
551
530
74
-193
-509
-675
-442
-526
-234
-117
206
365
561
109
-235
230
34
-316
-193
31
313
274
84
295
157
353
242
-166
37
115
219
8
-172
-70
-98
-50
-25
195
376
114
-188
-108
414
126
-221
89
121
72
-543
-730
-803
-710
-378
235
512
544
692
498
-162
-1075
-1025
-1148
-928
-676
-301
445
1012
947
619
513
-249
-515
-859
-868
-560
-739
-225
326
657
1014
1296
1188
1034
491
-23
-47
-235
-440
-350
235
588
695
1004
1390
1231
644
595
435
-243
-557
-583
-504
-578
-304
197
562
524
536
450
-51
-479
-636
-955
-1325
-1594
-1182
-706
-765
-387
-417
-518
-842
-1078
-1373
-1242
-969
-1041
-595
-330
-135
-325
-359
-242
-336
-553
-159
175
316
115
326
469
475
566
614
1325
1620
1641
1985
2198
2140
2103
2042
2000
1867
1583
1282
1144
1067
1049
1365
1629
1246
912
868
61
-687
-848
-1287
-1380
-1298
-1126
-893
-535
-713
-1351
-1543
-2051
-2497
-3110
-3097
-2926
-2738
-2649
-2106
-1815
-1776
-1461
-1433
-1570
-1564
-1561
-1697
-2032
-2102
-1399
-1021
-732
14
476
971
1804
2294
2469
2734
2938
3194
3316
3206
3197
3544
4051
4198
4268
4566
4668
4123
3680
2902
1986
859
1
-1007
-1692
-1806
-1714
-1463
-1183
-725
-170
-61
-457
-685
-1336
-2101
-2888
-3227
-3697
-3825
-3808
-3669
-3332
-2664
-2256
-2031
-1678
-1819
-1855
-2225
-2528
-2893
-3126
-2638
-2414
-2133
-1611
-1285
-586
93
440
767
1382
1862
2211
2754
3299
3839
4178
4665
4966
4989
5004
5156
5070
5017
4642
3883
3462
2856
1721
686
-35
-742
-1342
-1502
-1510
-1458
-1312
-900
-580
-651
-692
-711
-1018
-1315
-1625
-1853
-2290
-2583
-2698
-2827
-2881
-3014
-2893
-2723
-2697
-2716
-2728
-2692
-2364
-2261
-2400
-2354
-2161
-1931
-1946
-2305
-2083
-1527
-1243
-971
-53
852
1756
2446
3348
4093
4138
4112
4192
4191
3796
4072
4063
4170
4457
4648
4903
4843
4507
3878
3145
1694
222
-921
-1728
-2507
-2942
-2642
-2422
-1974
-1536
-1052
-700
-538
-682
-857
-1201
-1772
-2236
-2522
-2473
-2424
-2258
-1772
-1341
-1104
-863
-826
-898
-1225
-1525
-2179
-3163
-3875
-4461
-4787
-4703
-4308
-3504
-2404
-1198
-16
917
1451
1749
2011
1938
1674
1654
1850
2330
2811
3332
4070
4973
5575
5886
6100
6211
6195
5814
4999
4092
3403
2211
496
-1180
-2296
-3110
-3810
-4037
-3782
-3355
-2642
-1552
-669
-117
173
347
228
-362
-1146
-1871
-2312
-2655
-2901
-2628
-1890
-755
118
873
1262
1425
1460
896
-165
-1859
-3464
-4377
-5189
-6309
-6763
-6103
-4926
-3645
-2026
-200
1282
2147
2523
2623
2284
1540
663
410
464
697
1501
2745
3949
4934
5729
6293
6638
6465
6190
5869
5113
4031
3195
2414
669
-1367
-2347
-3082
-4141
-4750
-4539
-4037
-3399
-2479
-1409
-364
312
750
879
696
-2
-687
-1129
-1607
-2067
-1996
-1100
-139
658
1265
2014
2432
2296
1653
903
-337
-1987
-3712
-5250
-6479
-7524
-8244
-7986
-6543
-4965
-3036
-854
1091
2259
3126
3352
2818
2098
1335
700
471
588
989
2047
3180
4147
5082
6210
6962
7205
7210
6918
5911
4866
3855
2167
-134
-1944
-3118
-4123
-5326
-5872
-5342
-4662
-3834
-2448
-762
384
1313
2004
2203
1861
1216
347
-418
-1194
-1891
-2037
-1491
-797
-122
833
1966
2661
2924
2686
1837
418
-1237
-3050
-5305
-7297
-8700
-9730
-10388
-9642
-7734
-5307
-2702
346
2978
4846
5820
5563
4424
2791
825
-572
-761
-524
218
1769
3739
5133
6526
7900
8671
8994
8810
7679
6387
5134
2995
239
-2086
-3894
-5397
-6522
-6782
-6390
-5871
-4752
-2881
-843
595
1756
2929
3545
3144
2267
1230
-16
-1466
-2519
-2991
-2760
-2000
-905
510
2044
3122
3778
4089
3294
1529
-653
-2733
-5272
-8166
-10360
-11360
-11692
-11037
-9207
-6493
-3513
-548
2460
4871
6067
5987
5093
3630
1613
-304
-1314
-1303
-732
726
3037
5436
7454
9097
10249
10763
10750
9708
8195
6767
4651
1403
-1353
-3257
-5373
-7452
-8065
-7686
-7129
-6119
-4194
-2126
-421
949
2222
3015
2662
1936
1113
5
-1382
-2624
-3008
-2785
-2197
-1182
227
1897
3185
4238
4828
4561
3122
1360
-599
-2923
-5694
-8462
-10430
-11516
-12313
-12353
-10666
-8200
-5600
-2403
1442
4360
6253
7285
7129
5726
3571
1109
-773
-1663
-1726
-588
1920
4772
7147
9435
11392
12471
12722
12148
10289
8252
5985
2728
-885
-3736
-5967
-7988
-9191
-9052
-8347
-7401
-5702
-3514
-1587
-179
1134
2230
2454
1998
1429
515
-739
-1841
-2542
-2503
-1890
-880
318
1753
3250
4353
5139
5283
4277
2517
454
-1973
-4760
-7776
-10486
-12250
-12985
-12890
-11649
-9323
-6357
-3124
350
3359
5547
6860
6919
5660
3739
1641
-346
-1568
-1867
-1030
1074
3968
6717
9166
11228
12326
12686
12711
11353
9100
7101
4663
1118
-2347
-4818
-7002
-9240
-10204
-9656
-8716
-7482
-5417
-2927
-1045
444
1860
2729
2575
1990
1285
310
-914
-1924
-2268
-1884
-1083
-56
1337
3021
4271
5029
5412
5013
3610
1691
-332
-2613
-5120
-7481
-9858
-11509
-12145
-12562
-12443
-10705
-8174
-5451
-2246
1375
4162
5968
7072
6670
5463
3775
1735
-33
-615
-519
873
3350
6111
8400
10755
12816
13850
14213
13302
10858
8525
6058
1960
-2494
-5566
-8040
-10732
-12066
-11327
-10374
-9338
-6922
-3948
-1592
-130
1508
2724
2617
2007
1633
1001
-165
-1114
-1285
-928
-381
528
1646
2945
4032
4642
5124
5056
3705
1848
243
-1706
-4488
-7234
-9525
-11384
-12750
-13326
-12748
-11187
-9276
-6492
-2835
569
3179
5350
6996
7138
6024
4603
3091
1504
305
303
1521
3311
5383
7730
10051
11535
12300
12803
12755
11005
8640
6694
4070
-198
-4127
-6528
-8737
-11435
-12316
-11151
-10237
-9297
-6696
-3614
-1840
-385
1473
2783
2652
2394
2257
1948
905
62
41
554
759
1050
1911
2924
3492
3872
4173
3753
2555
1186
-19
-1864
-4506
-6644
-8055
-9695
-11353
-11810
-11246
-10823
-9908
-7391
-4272
-1544
1253
4291
6541
7316
7343
6858
5731
3847
2049
1252
1271
1591
2741
4644
6543
7953
9531
11089
11812
11546
10358
8733
6784
3433
-1039
-4658
-7470
-10684
-13228
-13203
-12328
-11746
-9782
-6189
-3420
-1388
967
3407
4177
3962
4079
4037
2958
1520
813
468
94
-16
511
1102
1687
2444
3448
4042
3637
2694
2026
903
-1282
-3748
-5608
-7461
-9369
-10896
-11344
-11112
-10874
-9922
-7421
-4332
-1671
1283
4547
6656
7362
7798
7418
5858
3790
1974
648
50
-25
913
2605
4473
6313
8502
10476
11405
11957
11561
9863
7698
4921
485
-4037
-7352
-10428
-13416
-14288
-13295
-12233
-10326
-6761
-3269
-777
1569
3923
5102
4958
4728
4396
3326
1736
691
113
-469
-550
89
716
1538
2765
4037
4874
5049
4317
3248
1965
-71
-2741
-5215
-7270
-9331
-10662
-11201
-11267
-10726
-9505
-7701
-5344
-2752
-170
2207
4198
5354
5793
5848
4970
3429
2093
1026
302
272
904
2112
3633
5571
7635
9323
10671
11474
11957
11291
9300
7018
4203
-103
-4488
-7503
-10144
-12954
-13799
-12482
-11288
-9731
-6498
-3017
-808
1066
3237
4352
4084
3780
3639
2766
1363
690
620
521
596
1351
2198
2986
3776
4613
5070
4794
3724
2359
890
-1092
-3659
-5806
-7436
-9356
-10771
-10919
-10648
-10577
-9645
-7653
-5523
-3553
-1100
1575
3466
4635
5617
6147
5673
4579
3584
2946
2295
1889
2352
3346
4142
5259
6938
8339
9060
9650
10309
9828
8134
6257
3745
-145
-4484
-7456
-9876
-12802
-14118
-12874
-11463
-10176
-7308
-3666
-1378
329
2591
4018
4026
3967
4084
3644
2725
2246
2257
2203
2048
2219
2517
2806
2919
3144
3247
2891
2139
1047
-24
-1335
-3079
-4834
-6139
-7385
-8567
-8957
-8860
-8762
-8385
-7266
-5605
-3724
-1663
571
2578
4116
5287
6266
6560
5894
5098
4520
3770
2887
2360
2137
2063
2391
3226
4188
5105
6042
7041
8179
8166
6940
5704
3779
158
-3795
-6402
-8844
-11900
-13113
-12016
-11250
-10268
-7486
-3980
-1878
11
2780
4595
4703
4961
5440
5015
3776
3094
2805
2140
1450
1339
1293
1136
1175
1558
2019
2058
1758
1356
1040
169
-1363
-2802
-4113
-5669
-7258
-7951
-8055
-8255
-8298
-7214
-5541
-4067
-2278
223
2484
3858
5245
6688
7087
6313
5421
4538
3184
1517
299
-396
-929
-1048
-243
1188
2448
3791
5694
7653
8582
8348
7856
6356
3184
-731
-3740
-6531
-10093
-12452
-12191
-11529
-10967
-8636
-4860
-2164
-89
2980
5466
5868
5826
6169
5648
3977
2654
2059
1199
174
-60
275
483
743
1662
2832
3438
3653
3709
3507
2551
863
-942
-2698
-4836
-6986
-8255
-8704
-9280
-9368
-8193
-6529
-4974
-2885
-411
1566
2846
4097
5116
5220
4322
3134
2058
718
-730
-1598
-1933
-2182
-1912
-733
904
2475
4131
6169
8019
9427
10366
10276
9298
7251
4100
245
-3248
-6295
-9596
-11981
-12058
-11370
-10558
-8357
-5012
-2386
-249
2554
4632
4921
5027
5365
4794
3426
2593
2259
1516
918
1222
1784
1977
2522
3611
4542
4827
4871
4626
3632
2091
248
-1784
-4066
-6396
-8362
-9724
-10375
-10667
-10418
-9284
-7699
-5964
-3692
-1323
577
1990
3420
4426
4545
4063
3267
2126
973
-5
-632
-1007
-1090
-578
763
2309
3789
5460
7301
8697
9648
10625
10208
8601
6477
3496
-700
-4649
-7488
-10426
-13008
-13199
-12029
-10906
-8810
-5396
-2234
46
2799
5279
6165
6197
6530
6209
4824
3618
3027
2224
1437
1573
2070
2351
2911
3901
4752
5006
4851
4165
2799
1066
-1024
-3493
-5987
-8286
-10215
-11487
-11800
-11582
-10905
-9423
-7299
-4897
-2404
127
2148
3491
4489
5115
5030
4279
3190
2035
979
94
-464
-756
-701
-226
831
2153
3431
4734
5939
6984
7571
8077
8033
6729
4963
2750
-173
-3602
-6327
-8298
-10289
-11478
-10591
-9017
-7522
-5119
-1781
849
2689
4868
6439
6492
6140
6119
5368
3852
2910
2699
2349
2075
2482
3150
3526
3938
4477
4649
4038
3086
1817
138
-1843
-4058
-6145
-7979
-9480
-10685
-11154
-10760
-10124
-9293
-7600
-5417
-3435
-1333
1016
2827
3854
4768
5393
5195
4290
3234
2141
940
-175
-849
-1148
-1238
-905
92
1256
2266
3363
4485
5453
6091
6787
6621
5637
4404
2466
-375
-3143
-5022
-6972
-8813
-8956
-7749
-6678
-4915
-2057
665
2346
4289
6186
6622
6061
5939
5506
4004
2641
2205
1715
1052
1147
1704
1896
2143
2880
3382
3248
2804
2179
908
-771
-2717
-4770
-6772
-8579
-10142
-11020
-11006
-10592
-9761
-8110
-5963
-3864
-1526
895
2678
3824
4732
5195
5038
4295
3237
2024
692
-538
-1408
-1994
-2391
-2322
-1514
-411
736
2112
3639
4821
5916
6863
7645
7584
6711
5461
3589
962
-1900
-3801
-5442
-7165
-7579
-6390
-5252
-3926
-1620
859
2128
3315
4732
5087
4378
3887
3407
2310
1211
906
953
919
1272
2181
3020
3435
3933
4364
4170
3232
2029
322
-1708
-4006
-6327
-8329
-9816
-10967
-11539
-11004
-9874
-8524
-6604
-4127
-1926
58
2156
3804
4489
4691
4682
4196
3052
1733
472
-664
-1649
-2205
-2319
-2186
-1854
-1009
260
1374
2382
3458
4467
5136
5693
6170
6656
6369
5631
4780
3328
1182
-827
-1921
-3399
-5017
-5219
-4451
-4210
-3523
-1845
-371
89
1163
2406
2650
2415
2764
2979
2514
2245
2658
3010
2938
3155
3559
3550
3108
2857
2384
1304
-132
-1514
-3119
-4811
-6492
-7801
-8714
-9251
-9435
-9044
-7957
-6720
-5457
-3841
-2185
-837
379
1670
2529
2680
2821
2935
2684
2104
1539
959
201
-511
-820
-1044
-1375
-1536
-1106
-465
41
876
2014
3068
3883
5159
6471
7579
7954
7993
7641
6190
3975
1696
-155
-2557
-4873
-5809
-5748
-6023
-5457
-3701
-1960
-1032
594
2420
3143
3265
3856
4154
3466
2834
2825
2580
1879
1640
1783
1503
929
833
651
-102
-1075
-1787
-2839
-4103
-5312
-6166
-6962
-7570
-7813
-7564
-6931
-5974
-4963
-3668
-2303
-1008
262
1397
2245
2551
2674
2717
2421
1823
1174
401
-398
-1074
-1490
-1785
-1952
-1915
-1462
-654
353
1439
2660
3923
5103
6251
7365
8225
8768
8522
7904
6640
4620
2036
-196
-2141
-4477
-6120
-6383
-6346
-6280
-5154
-3340
-2091
-1116
734
1974
2309
2765
3567
3462
2818
2715
2877
2406
1961
1995
1900
1263
814
638
-4
-1046
-1840
-2694
-3858
-4765
-5325
-5758
-6202
-6207
-5913
-5330
-4546
-3791
-3059
-2208
-1450
-688
44
585
792
979
1229
1349
1286
1167
878
524
207
-70
-322
-629
-838
-847
-486
8
620
1489
2562
3680
4827
6054
7087
7947
8483
8324
7727
6344
4322
1745
-574
-2859
-5262
-6911
-7526
-7848
-7563
-6261
-4389
-2824
-1181
926
2503
3465
4303
4974
4726
4076
3687
3321
2397
1598
1068
477
-282
-615
-806
-1194
-1656
-1872
-2154
-2549
-2961
-3372
-3799
-4303
-4640
-4919
-4976
-4796
-4639
-4249
-3565
-2786
-1961
-1008
46
822
1391
1994
2319
2304
2008
1569
1057
423
-133
-723
-1119
-1330
-1349
-973
-279
573
1628
2880
4158
5334
6412
7400
8072
8558
8309
7484
6165
3972
1342
-1212
-3402
-5767
-7529
-8046
-7874
-7507
-6052
-3974
-2036
-513
1506
3153
3845
4204
4655
4311
3253
2502
2159
1312
408
206
52
-359
-563
-355
-488
-840
-1091
-1230
-1798
-2434
-3056
-3576
-4234
-4752
-5042
-5108
-4992
-4659
-4266
-3573
-2797
-1896
-960
-12
707
1190
1652
1992
1962
1691
1383
987
467
-12
-272
-515
-679
-631
-141
503
1229
2119
3167
4109
5009
5853
6598
7016
7249
7324
6678
5637
4021
1927
-483
-2614
-4419
-6175
-7206
-7243
-6912
-6134
-4640
-2790
-1300
46
1725
2787
3281
3652
3921
3443
2803
2470
2148
1369
919
771
448
-114
-293
-334
-752
-1244
-1441
-1839
-2508
-2987
-3337
-3815
-4336
-4547
-4565
-4557
-4346
-3989
-3586
-3080
-2507
-1740
-1096
-438
121
653
1104
1455
1651
1829
1783
1608
1339
1214
992
689
518
475
611
874
1341
1919
2525
3184
3924
4665
5234
5656
5995
6077
5517
4697
3281
1394
-762
-2438
-4001
-5564
-6363
-6210
-5900
-5178
-3658
-1902
-638
611
2219
3149
3534
3865
4137
3544
2773
2380
1976
988
311
-46
-514
-1191
-1299
-1360
-1694
-2038
-1993
-2189
-2587
-2848
-3004
-3302
-3649
-3753
-3833
-3848
-3839
-3699
-3493
-3135
-2679
-2068
-1425
-664
0
714
1370
1905
2218
2414
2437
2238
1877
1540
1083
545
125
-99
-134
-29
376
985
1658
2443
3381
4271
5005
5584
6027
6333
6023
5401
4290
2680
692
-1127
-2608
-4239
-5465
-5784
-5596
-5214
-4171
-2579
-1189
-156
1280
2388
2898
3071
3343
3012
2215
1610
1247
439
-334
-805
-1136
-1716
-1975
-1892
-1875
-1913
-1749
-1511
-1496
-1476
-1504
-1634
-2013
-2307
-2748
-3096
-3470
-3781
-3974
-3883
-3606
-3165
-2472
-1517
-606
340
1374
2237
2782
3054
3081
2735
2192
1580
938
283
-226
-519
-459
-207
292
988
1865
2763
3682
4586
5256
5742
6065
6171
6029
5380
4423
2975
1205
-699
-2359
-3728
-5014
-5695
-5624
-5273
-4570
-3309
-1930
-873
98
1279
1935
2192
2376
2420
1903
1338
953
514
-190
-632
-873
-1129
-1404
-1354
-1224
-1139
-1032
-827
-776
-843
-971
-1181
-1557
-2083
-2558
-3085
-3510
-3967
-4216
-4261
-4052
-3696
-3033
-2136
-1164
-270
772
1658
2328
2739
2964
2878
2533
2164
1786
1319
856
586
485
513
713
1170
1708
2252
2841
3533
4133
4512
4784
5009
5013
4817
4188
3420
2114
502
-1123
-2411
-3676
-4804
-5297
-5145
-4900
-4202
-2974
-1727
-836
121
1232
1769
1976
2182
2205
1649
1104
821
497
-164
-453
-523
-648
-931
-782
-582
-572
-655
-547
-643
-926
-1223
-1510
-1998
-2623
-3070
-3438
-3777
-4019
-4016
-3854
-3524
-3037
-2345
-1578
-728
19
791
1511
2053
2383
2651
2731
2617
2390
2201
1897
1522
1202
1009
893
857
938
1150
1437
1743
2172
2674
3048
3376
3725
4000
4185
3975
3617
2738
1522
128
-1131
-2329
-3593
-4495
-4823
-4935
-4669
-3872
-2803
-1952
-1040
212
1102
1693
2236
2665
2502
2235
2095
1823
1142
630
216
-242
-828
-1060
-1176
-1371
-1539
-1410
-1325
-1318
-1320
-1289
-1369
-1604
-1829
-2031
-2406
-2764
-3139
-3493
-3661
-3719
-3480
-3116
-2415
-1635
-672
407
1493
2349
3179
3702
3922
3745
3515
2941
2179
1345
637
-9
-455
-644
-512
-212
263
948
1783
2670
3321
4015
4478
4782
4768
4334
3500
2125
467
-1249
-2790
-4174
-5325
-5840
-5753
-5310
-4290
-2825
-1309
-25
1322
2594
3305
3730
3962
3758
3078
2410
1820
1010
100
-539
-1072
-1540
-1805
-1652
-1476
-1282
-938
-476
-248
-110
-76
-231
-726
-1322
-1961
-2649
-3353
-4011
-4486
-4769
-4836
-4481
-3806
-2929
-1851
-513
905
2159
3251
4124
4600
4614
4261
3646
2717
1590
558
-415
-1248
-1780
-1869
-1659
-1227
-491
463
1384
2274
3085
3729
4053
4177
4138
3823
3096
2162
884
-502
-1874
-2830
-3613
-4060
-3964
-3378
-2556
-1467
-219
923
1703
2384
2848
2884
2691
2404
1913
1119
523
33
-525
-1029
-1209
-1316
-1387
-1311
-960
-723
-482
-246
-21
-77
-215
-437
-841
-1478
-2102
-2671
-3304
-3817
-4105
-4332
-4365
-4049
-3439
-2667
-1648
-477
621
1698
2661
3354
3740
3797
3508
2944
2213
1387
507
-240
-896
-1333
-1475
-1345
-1020
-533
67
750
1441
2064
2591
3006
3311
3455
3556
3534
3153
2627
1836
880
-130
-895
-1593
-2261
-2518
-2444
-2277
-1859
-1196
-546
-87
437
999
1276
1474
1575
1547
1180
840
593
255
-207
-426
-580
-739
-836
-637
-474
-380
-262
-104
-172
-362
-642
-1057
-1610
-2216
-2796
-3259
-3725
-4047
-4215
-4214
-3944
-3403
-2596
-1740
-694
355
1348
2238
2952
3305
3428
3206
2753
2026
1353
535
-216
-852
-1242
-1421
-1291
-1010
-525
78
766
1443
2108
2709
3129
3458
3643
3709
3717
3514
3048
2366
1507
539
-457
-1170
-1970
-2523
-2718
-2642
-2394
-1816
-1097
-423
121
850
1353
1669
1825
1884
1695
1313
1024
771
352
-33
-257
-458
-741
-901
-905
-1042
-1188
-1271
-1348
-1569
-1747
-1939
-2188
-2545
-2760
-2966
-3210
-3404
-3521
-3500
-3322
-2904
-2316
-1614
-735
151
1065
1935
2575
3021
3230
3171
2834
2322
1763
1065
422
-125
-552
-783
-793
-628
-346
60
586
1095
1617
2148
2625
2966
3213
3344
3436
3340
3025
2500
1665
713
-292
-1079
-1867
-2499
-2762
-2737
-2474
-1893
-1118
-341
268
1010
1580
1895
2095
2167
1980
1547
1157
782
220
-349
-792
-1243
-1707
-2046
-2161
-2282
-2298
-2216
-2037
-1919
-1742
-1598
-1522
-1549
-1600
-1693
-1939
-2149
-2392
-2586
-2621
-2473
-2152
-1706
-1005
-230
545
1382
2095
2620
2992
3122
2981
2541
2079
1481
845
273
-250
-643
-844
-840
-681
-447
-49
417
986
1559
2128
2616
2974
3240
3446
3567
3313
2922
2187
1316
318
-471
-1253
-1960
-2337
-2338
-2147
-1618
-894
-132
461
1053
1623
1897
2005
1907
1636
1023
391
-149
-772
-1511
-2042
-2479
-2794
-2980
-2816
-2594
-2293
-1907
-1379
-930
-538
-263
-118
-202
-425
-822
-1323
-1869
-2460
-2840
-3026
-2993
-2771
-2177
-1411
-579
334
1348
2098
2693
3075
3209
2973
2538
1987
1326
581
-70
-573
-957
-1193
-1187
-934
-590
-135
467
1149
1802
2419
2969
3334
3559
3727
3785
3516
3031
2352
1523
605
-275
-985
-1629
-1964
-2008
-1802
-1431
-862
-282
207
580
963
1053
1009
843
570
61
-459
-886
-1332
-1801
-2058
-2206
-2297
-2229
-1931
-1589
-1237
-780
-359
-70
81
159
7
-290
-732
-1282
-1900
-2457
-2959
-3235
-3337
-3205
-2865
-2197
-1378
-478
472
1395
2125
2713
3105
3200
2957
2552
2053
1457
822
223
-242
-627
-846
-873
-677
-412
-18
510
1143
1786
2440
2988
3403
3676
3894
3936
3633
3106
2315
1383
332
-584
-1413
-2143
-2570
-2622
-2429
-2032
-1419
-740
-195
271
714
896
922
823
584
86
-420
-805
-1203
-1617
-1843
-1958
-1957
-1840
-1492
-1127
-749
-363
-36
134
167
74
-219
-682
-1339
-2011
-2691
-3288
-3677
-3816
-3713
-3355
-2656
-1709
-680
432
1504
2403
3106
3584
3770
3592
3152
2546
1804
1039
296
-311
-766
-1060
-1088
-923
-564
-65
581
1274
1954
2640
3205
3583
3792
3834
3723
3369
2770
2010
1065
147
-733
-1400
-1984
-2342
-2360
-2110
-1740
-1191
-582
-67
248
567
699
577
370
127
-237
-738
-1072
-1296
-1517
-1653
-1611
-1495
-1318
-1120
-797
-567
-378
-260
-229
-364
-596
-918
-1263
-1764
-2283
-2761
-3135
-3260
-3223
-2952
-2531
-1887
-1100
-236
646
1456
2072
2584
2866
2970
2828
2537
2088
1539
1046
590
239
-15
-168
-175
-61
177
501
887
1316
1720
2169
2532
2860
3060
3179
3216
3079
2727
2140
1388
579
-234
-930
-1590
-2058
-2269
-2274
-2104
-1760
-1284
-871
-541
-180
100
229
285
295
198
-68
-250
-431
-664
-896
-1019
-1129
-1265
-1330
-1272
-1256
-1211
-1159
-1066
-1040
-1047
-1040
-1132
-1313
-1599
-1857
-2097
-2283
-2379
-2314
-2153
-1835
-1368
-740
-93
558
1210
1751
2150
2441
2598
2554
2356
2057
1741
1347
945
588
303
92
2
45
229
480
885
1348
1839
2323
2762
3168
3438
3604
3484
3122
2412
1530
530
-441
-1391
-2221
-2804
-3062
-3100
-2862
-2342
-1740
-1136
-522
125
563
867
1050
1073
823
517
199
-186
-678
-1038
-1330
-1561
-1740
-1703
-1580
-1430
-1214
-936
-692
-537
-436
-408
-585
-913
-1310
-1771
-2183
-2546
-2734
-2815
-2677
-2370
-1824
-1151
-391
336
1100
1744
2263
2591
2761
2743
2587
2367
2068
1699
1322
992
719
507
406
426
540
805
1149
1606
2035
2507
2893
3238
3453
3437
3105
2492
1586
538
-527
-1514
-2449
-3164
-3517
-3598
-3367
-2870
-2176
-1493
-782
-38
578
1003
1302
1381
1236
915
583
190
-272
-714
-1050
-1300
-1457
-1448
-1332
-1205
-1047
-840
-667
-574
-557
-653
-911
-1269
-1699
-2123
-2485
-2722
-2866
-2852
-2660
-2295
-1782
-1117
-421
292
946
1567
2055
2423
2647
2708
2673
2548
2366
2147
1919
1651
1406
1213
1084
1022
1053
1164
1361
1625
1919
2214
2478
2701
2726
2531
2077
1376
527
-379
-1283
-2186
-2881
-3318
-3507
-3435
-3058
-2537
-1931
-1268
-487
166
690
1116
1416
1476
1411
1310
1106
761
437
164
-118
-407
-606
-706
-854
-969
-1038
-1100
-1260
-1465
-1684
-1953
-2310
-2587
-2801
-2931
-2987
-2828
-2556
-2163
-1705
-1142
-569
-35
447
890
1229
1462
1648
1787
1868
1933
2054
2141
2233
2305
2386
2381
2343
2258
2174
2049
1939
1829
1721
1639
1624
1646
1599
1439
1149
725
185
-375
-925
-1493
-2019
-2361
-2539
-2593
-2480
-2204
-1873
-1523
-1066
-583
-159
240
623
901
1072
1239
1386
1424
1366
1264
1109
856
565
247
-118
-519
-909
-1311
-1711
-2120
-2540
-2918
-3261
-3525
-3651
-3575
-3353
-2975
-2444
-1816
-1164
-463
177
697
1021
1223
1285
1244
1135
1045
979
975
1097
1339
1679
2042
2404
2696
2950
3090
3133
3035
2854
2579
2292
2003
1733
1424
1016
547
9
-583
-1149
-1612
-1996
-2271
-2365
-2266
-2078
-1763
-1374
-993
-699
-410
-138
56
172
280
375
429
515
680
824
951
1097
1188
1222
1152
1024
770
424
-30
-591
-1179
-1772
-2440
-3023
-3566
-3953
-4180
-4144
-3914
-3522
-2881
-2141
-1309
-456
339
936
1393
1633
1723
1598
1391
1068
787
585
486
554
751
1048
1411
1846
2299
2697
3015
3221
3275
3246
3086
2868
2557
2111
1515
822
68
-716
-1404
-1938
-2370
-2605
-2608
-2426
-2102
-1637
-1117
-654
-260
86
345
500
547
527
474
392
368
385
453
528
624
706
761
802
771
611
349
-50
-526
-1132
-1730
-2365
-2991
-3451
-3731
-3800
-3696
-3316
-2824
-2199
-1497
-759
-134
434
876
1184
1298
1328
1296
1188
1033
897
865
869
907
1006
1179
1340
1514
1718
1933
2062
2194
2320
2428
2422
2345
2112
1699
1102
457
-191
-784
-1341
-1717
-1891
-1925
-1794
-1527
-1192
-920
-647
-381
-178
-88
0
75
125
172
323
525
717
874
1045
1137
1135
1006
805
479
67
-415
-962
-1493
-2081
-2546
-2904
-3132
-3299
-3244
-2996
-2637
-2159
-1578
-995
-456
56
472
782
938
1039
1056
1066
1034
1029
1072
1166
1278
1407
1529
1622
1685
1719
1726
1675
1578
1470
1388
1274
1149
960
697
317
-56
-404
-662
-900
-1053
-1078
-968
-781
-521
-230
-28
108
210
274
218
117
-16
-118
-204
-176
-75
92
274
484
665
780
798
720
583
284
-140
-652
-1210
-1777
-2282
-2702
-2996
-3108
-3033
-2796
-2373
-1847
-1306
-741
-192
264
577
828
985
1049
1098
1124
1179
1275
1398
1517
1614
1674
1680
1643
1591
1449
1288
1145
1014
901
787
642
363
-9
-473
-928
-1338
-1677
-1917
-1956
-1807
-1500
-1059
-524
-22
415
789
1065
1190
1180
1109
970
805
657
570
517
500
496
492
442
375
248
35
-261
-625
-999
-1355
-1652
-1877
-2027
-2008
-1891
-1718
-1501
-1256
-996
-774
-578
-425
-334
-224
-58
154
376
630
947
1289
1613
1886
2078
2156
2153
2079
1945
1723
1450
1181
948
752
544
318
8
-385
-828
-1261
-1639
-1992
-2236
-2322
-2223
-1987
-1621
-1178
-727
-313
77
388
616
770
871
935
1001
1086
1184
1240
1269
1248
1202
1053
807
422
-23
-486
-968
-1383
-1733
-1940
-2047
-1950
-1725
-1424
-1116
-773
-472
-226
-75
12
35
30
43
89
202
359
625
940
1288
1589
1857
2046
2144
2151
2041
1878
1639
1391
1158
958
696
374
-4
-460
-967
-1431
-1824
-2130
-2293
-2289
-2131
-1834
-1445
-1079
-755
-467
-279
-201
-172
-155
-136
-55
134
362
646
963
1282
1477
1566
1433
1115
645
78
-514
-1101
-1575
-1938
-2045
-1983
-1776
-1484
-1082
-673
-269
95
363
534
640
715
759
837
895
999
1109
1223
1312
1365
1370
1301
1254
1188
1118
1079
1078
1085
1079
1024
851
493
-8
-553
-1087
-1583
-1992
-2181
-2165
-1949
-1586
-1121
-643
-242
54
205
184
15
-226
-479
-708
-816
-800
-637
-351
-24
317
501
569
479
297
-14
-337
-635
-861
-938
-886
-735
-512
-264
-48
158
304
377
357
367
374
489
644
891
1168
1459
1704
1877
1955
1875
1706
1448
1189
866
631
409
246
71
-123
-404
-779
-1143
-1471
-1707
-1890
-1891
-1717
-1370
-926
-414
30
354
563
630
547
305
27
-275
-513
-635
-597
-436
-245
-10
98
94
-71
-373
-753
-1187
-1546
-1842
-1927
-1836
-1609
-1237
-765
-247
220
655
1003
1271
1454
1602
1741
1884
2038
2204
2364
2423
2403
2283
2036
1674
1276
882
504
178
-30
-148
-230
-346
-577
-910
-1294
-1658
-2001
-2235
-2320
-2210
-1912
-1456
-920
-424
-13
297
475
494
371
190
6
-117
-136
-4
181
370
505
469
300
-56
-501
-1026
-1450
-1771
-1895
-1783
-1544
-1194
-796
-410
-107
80
178
208
242
323
445
703
1065
1503
1966
2377
2671
2798
2757
2535
2189
1772
1331
986
748
611
509
371
108
-318
-811
-1307
-1751
-2169
-2405
-2365
-2065
-1583
-983
-392
93
425
592
546
281
-67
-450
-700
-852
-806
-638
-369
-183
-62
-56
-250
-575
-958
-1306
-1609
-1731
-1653
-1353
-950
-470
-12
449
800
1005
1078
1069
1048
1015
1089
1200
1411
1624
1873
2028
2091
2002
1824
1542
1173
847
557
308
-16
-340
-723
-1083
-1423
-1692
-1865
-1947
-1808
-1491
-995
-524
-53
311
600
750
763
633
433
242
116
126
172
248
242
177
6
-242
-648
-1097
-1483
-1772
-1922
-1922
-1792
-1607
-1317
-1033
-800
-619
-444
-280
-55
262
610
1064
1567
2081
2510
2802
2891
2759
2486
2087
1657
1216
884
654
528
374
119
-271
-796
-1362
-1899
-2351
-2668
-2767
-2553
-2048
-1348
-625
60
598
965
1138
1094
908
641
436
316
337
405
455
469
419
253
-90
-479
-879
-1209
-1427
-1488
-1406
-1198
-909
-608
-360
-139
-17
77
176
258
422
658
943
1224
1532
1749
1873
1884
1741
1506
1285
1086
864
711
548
243
-135
-594
-1071
-1547
-1857
-2103
-2238
-2136
-1854
-1443
-1058
-681
-432
-217
-74
-3
38
85
190
352
577
739
818
816
741
558
337
77
-113
-229
-277
-245
-166
-93
-117
-147
-254
-396
-490
-512
-433
-233
113
528
990
1438
1748
1918
1942
1842
1650
1460
1277
1027
852
715
490
104
-416
-989
-1566
-1929
-2152
-2243
-2160
-1906
-1481
-1083
-732
-611
-581
-615
-692
-731
-777
-714
-566
-271
38
275
400
360
229
87
-66
-227
-335
-347
-263
-48
193
358
455
509
584
652
719
795
968
1268
1629
1968
2198
2241
2153
2016
1779
1469
1144
837
575
365
75
-393
-943
-1467
-1863
-2095
-2160
-2163
-2025
-1725
-1342
-968
-702
-585
-563
-529
-541
-545
-530
-542
-476
-399
-328
-305
-348
-495
-669
-722
-740
-692
-606
-453
-236
20
245
320
351
340
412
533
711
922
1195
1589
1977
2309
2415
2396
2243
2117
1920
1740
1538
1359
1154
865
422
-253
-955
-1631
-2046
-2252
-2176
-1973
-1642
-1154
-697
-302
-158
-124
-212
-287
-335
-393
-386
-372
-270
-173
-162
-345
-685
-1045
-1367
-1589
-1739
-1812
-1700
-1455
-1109
-792
-533
-338
-142
131
391
724
1084
1482
1935
2356
2703
2836
2844
2716
2491
2281
2012
1770
1406
1048
586
25
-572
-1162
-1538
-1795
-1888
-1920
-1877
-1743
-1601
-1392
-1258
-1076
-836
-514
-168
137
450
660
848
927
902
688
338
-10
-303
-516
-716
-893
-1010
-1042
-995
-952
-938
-893
-797
-597
-328
-34
250
586
877
1174
1349
1394
1385
1357
1411
1446
1586
1565
1526
1341
961
442
-153
-562
-848
-862
-803
-695
-595
-586
-611
-734
-868
-1031
-1098
-1038
-967
-795
-677
-501
-351
-164
-103
-180
-278
-473
-558
-601
-532
-439
-274
-89
99
231
256
268
352
487
622
831
1099
1325
1529
1701
1773
1752
1603
1439
1317
1155
887
615
363
71
-636
-1000
-1147
-1369
-1547
-1083
-846
-1002
-868
-625
-456
-837
-996
-896
-446
-591
-720
-308
-11
46
61
142
-105
-147
-334
-652
-754
-679
-657
-680
-533
-395
-248
-336
-421
-174
53
59
298
720
972
1235
1527
1658
1677
1633
1527
1543
1625
1473
1290
1075
765
379
-52
-353
-525
-543
-666
-663
-593
-634
-739
-801
-689
-627
-641
-647
-558
-482
-572
-620
-617
-570
-545
-571
-619
-705
-727
-768
-761
-691
-499
-221
73
371
629
763
828
831
852
759
720
746
736
702
543
477
366
343
284
195
71
-208
-493
-802
-924
-844
-554
-183
71
302
311
263
101
-47
-75
20
270
422
540
520
459
337
183
64
-119
-281
-530
-803
-1136
-1484
-1696
-1724
-1498
-1170
-754
-357
19
352
628
896
1163
1484
1857
2223
2459
2470
2305
1986
1646
1247
794
324
-185
-699
-1237
-1634
-1916
-1983
-1884
-1655
-1404
-1256
-1161
-1182
-1227
-1207
-1038
-712
-330
111
484
732
859
887
847
749
724
677
607
413
175
-97
-365
-540
-624
-656
-664
-568
-439
-388
-377
-341
-57
371
773
1164
1490
1776
1855
1890
1771
1512
1200
872
551
171
-184
-444
-566
-573
-664
-803
-983
-1114
-1251
-1408
-1441
-1274
-948
-638
-362
-165
-22
24
-48
-114
-150
-170
-188
-202
-194
-205
-200
-192
-147
-100
-37
44
120
177
234
343
482
588
739
839
934
974
1017
1029
922
967
832
667
302
-40
-321
-617
-752
-856
-722
-613
-539
-598
-685
-711
-802
-855
-823
-610
-322
-85
130
312
497
636
697
721
677
613
409
101
-199
-452
-586
-689
-709
-703
-610
-518
-499
-480
-443
-294
-38
253
515
795
1022
1174
1202
1148
1039
915
786
642
496
359
268
178
135
93
42
-75
-267
-450
-625
-742
-878
-976
-991
-916
-758
-677
-591
-506
-405
-357
-374
-299
-195
-59
3
86
236
390
432
422
519
577
600
548
479
392
344
269
157
66
-46
-49
-80
-178
-311
-414
-452
-492
-528
-564
-562
-427
-260
-113
-25
90
272
406
469
503
566
622
680
744
749
710
707
706
644
500
330
174
50
-120
-358
-573
-745
-877
-966
-1039
-1040
-928
-764
-588
-431
-247
-81
62
199
297
340
343
354
334
258
120
11
-48
-152
-287
-369
-388
-406
-425
-415
-370
-291
-211
-148
-49
71
169
265
354
438
485
531
586
624
614
600
584
569
532
431
315
209
94
-36
-136
-173
-157
-121
-76
-22
35
34
22
0
-20
-47
-36
10
41
50
63
64
22
-80
-188
-278
-381
-476
-543
-585
-653
-673
-659
-650
-629
-570
-481
-378
-249
-114
26
152
235
311
342
317
269
234
204
164
141
139
148
146
144
153
184
242
295
361
433
497
563
602
600
555
497
413
321
222
114
27
-49
-98
-179
-258
-327
-390
-445
-475
-466
-466
-406
-354
-284
-232
-201
-203
-215
-207
-175
-138
-107
-63
8
77
105
108
71
67
63
16
-10
-59
-28
26
35
70
119
171
123
107
95
55
7
-7
75
156
205
181
143
141
127
47
-94
-188
-163
-62
-51
-77
-52
28
78
58
-12
-74
-81
-53
-70
-145
-178
-132
-42
-144
-217
-173
-114
-142
-220
-289
-316
-281
-621
-749
-626
-461
-139
492
1129
1181
701
228
282
691
866
656
532
921
1275
810
24
-318
80
373
166
-269
-322
-109
-141
-535
-959
-850
-295
1
-200
-407
-323
-152
-245
-526
-839
-642
-202
-12
-143
-221
4
241
138
-161
-222
-79
89
-73
-345
-433
-272
-128
-196
-340
-284
41
174
105
64
186
417
553
499
477
578
680
752
653
524
527
531
414
284
194
142
125
237
220
-9
3
200
144
-53
16
-5
-115
-151
-253
-442
-423
-376
-411
-467
-489
-393
-329
-493
-523
-324
-255
-323
-318
-210
-120
-192
-319
-334
-130
-27
-285
-261
-22
118
-6
-91
21
268
295
106
216
446
483
290
287
308
339
258
132
132
158
191
154
132
147
178
254
208
116
170
257
185
69
83
-44
-173
-110
-81
-230
-254
-121
-62
-112
-225
-104
47
23
-55
-60
25
71
42
-106
-159
-55
-72
-209
-323
-286
-203
-200
-251
-316
-207
-111
-114
-141
-60
89
99
40
-18
49
146
150
91
71
146
115
121
141
148
111
111
128
161
63
-84
-42
-13
4
-65
-67
-9
125
113
30
14
176
307
227
145
249
344
343
129
-24
56
133
22
-208
-254
-231
-135
-255
-413
-466
-243
-96
-288
-354
-104
48
-69
-163
-86
13
41
69
17
46
190
201
38
14
84
64
42
52
-1
-30
-9
4
-46
-125
-113
-41
-27
-59
-146
-40
25
56
6
56
147
227
228
162
189
241
302
270
236
145
251
206
22
-18
90
6
-92
-68
-87
-103
-125
-228
-280
-251
-297
-365
-255
-166
-241
-253
-184
-118
-105
-100
-82
-37
83
163
63
26
102
199
102
26
9
113
76
-33
-88
13
160
143
32
21
200
255
149
60
149
264
270
223
149
140
157
127
-10
-69
-24
61
66
-64
-121
-79
-62
-186
-264
-261
-310
-356
-375
-310
-330
-315
-334
-252
-154
-149
-181
-64
92
222
196
64
98
224
185
-45
-54
-60
7
39
-24
-127
40
135
77
72
127
188
280
361
352
354
424
497
351
261
227
237
133
203
129
39
62
121
-26
-116
-77
-150
-167
-205
-202
-307
-306
-363
-353
-475
-479
-393
-379
-380
-332
-307
-192
-8
-84
-158
-21
40
0
-93
-4
60
65
-58
-46
14
28
35
-39
73
251
367
202
354
500
439
329
396
429
343
431
279
134
144
245
72
-10
-48
-82
30
27
-74
-283
-191
-138
-234
-372
-416
-286
-333
-389
-557
-452
-417
-364
-312
-279
-180
-45
69
55
83
156
198
256
278
238
203
233
240
159
70
115
152
69
-18
92
170
116
27
118
237
177
172
157
280
190
144
152
255
143
23
41
73
161
-12
-159
-121
43
-104
-316
-297
-176
-161
-360
-460
-384
-323
-423
-484
-493
-343
-298
-343
-330
-114
-57
-67
-64
8
67
75
100
208
320
277
278
269
295
320
313
252
338
427
468
429
346
264
366
388
368
197
113
231
289
60
-180
26
83
-166
-392
-268
-260
-348
-386
-375
-364
-279
-378
-471
-413
-330
-377
-386
-289
-215
-140
-135
-160
-95
39
6
9
43
127
178
185
175
162
193
260
224
104
86
189
221
77
-43
32
168
76
-69
-64
131
125
-1
17
170
206
156
130
161
169
135
80
111
166
137
37
6
34
35
8
-56
-138
-121
-36
-198
-312
-241
-231
-364
-407
-392
-469
-361
-289
-402
-421
-193
-77
-202
-198
11
189
225
240
399
551
614
487
472
543
431
351
250
220
159
76
-149
-184
-136
-169
-311
-382
-162
-23
-113
-183
-92
9
-2
-70
-66
182
262
179
156
165
236
195
186
43
53
96
108
-39
-217
-237
-244
-289
-431
-555
-622
-510
-416
-463
-520
-437
-113
93
-32
-41
292
517
449
415
501
627
658
530
347
352
282
91
42
72
30
-164
-270
-257
-152
-214
-308
-238
-12
100
-63
-77
47
46
-16
87
160
154
165
110
-47
-80
64
55
-66
-79
46
30
-268
-521
-427
-282
-256
-328
-265
-144
-127
-259
-402
-323
-35
238
261
257
423
547
384
168
210
410
478
344
285
349
284
30
-184
-172
-35
15
-81
-144
-45
-7
-170
-329
-308
-165
-97
-124
-119
-44
-31
-131
-210
-186
-135
-127
-57
-9
27
5
-95
-107
-24
59
27
41
109
146
67
-92
-217
-166
-44
-36
-81
-49
10
21
27
-54
-30
164
384
385
287
321
416
378
239
205
273
362
348
221
79
-4
36
-16
-138
-154
-58
-35
-154
-288
-339
-282
-243
-285
-350
-315
-252
-164
-228
-363
-409
-266
-125
-135
-217
-182
30
145
29
-140
-98
118
210
102
59
150
238
268
235
187
176
226
306
342
282
192
189
296
338
217
115
111
144
81
-35
-101
-76
-42
-65
-143
-263
-319
-260
-160
-110
-102
-103
-107
-84
-83
-128
-165
-124
-44
2
-9
-78
-183
-246
-233
-183
-140
-137
-124
-44
-17
-118
-192
-119
16
98
155
207
261
263
216
185
176
233
289
365
378
334
269
240
217
126
38
39
142
146
8
-161
-165
-123
-190
-336
-363
-237
-137
-142
-223
-241
-181
-108
-98
-96
-108
-91
-51
-2
-58
-191
-237
-172
-84
-135
-267
-300
-165
-47
-42
-75
32
236
347
342
325
322
391
429
410
371
345
336
330
304
174
56
-16
-22
-74
-171
-244
-233
-183
-213
-283
-314
-270
-179
-141
-174
-196
-127
-27
-9
-62
-85
-11
96
132
87
57
100
136
92
-2
-59
-33
-19
-57
-135
-173
-170
-107
-103
-170
-161
-38
80
120
118
124
231
359
422
384
352
362
375
359
298
208
121
87
76
16
-112
-223
-222
-168
-196
-317
-361
-314
-259
-287
-330
-285
-202
-181
-244
-263
-200
-121
-86
-99
-61
-4
-7
-37
-44
-26
38
110
147
136
101
96
92
81
53
80
119
156
116
75
51
45
58
75
113
171
217
210
187
177
182
197
207
210
209
209
174
85
-16
-66
-45
-40
-77
-140
-172
-194
-238
-309
-384
-392
-326
-247
-213
-227
-203
-128
-71
-88
-96
-23
79
103
39
-3
-2
23
29
25
15
78
144
133
28
-90
-136
-134
-106
-100
-76
-18
60
108
88
72
114
244
361
420
416
390
368
303
190
82
51
77
87
22
-83
-157
-198
-237
-272
-265
-211
-132
-96
-116
-152
-178
-118
-25
60
78
61
46
19
-37
-104
-139
-111
0
108
117
51
-9
-45
-84
-146
-159
-106
1
34
-35
-117
-124
-64
-8
40
89
138
163
139
84
33
54
151
239
249
165
88
42
-23
-128
-196
-151
-26
48
-16
-96
-79
14
40
-14
-25
68
174
143
3
-90
-53
8
-13
-93
-146
-133
-94
-114
-192
-209
-124
-43
-55
-128
-171
-138
-71
-15
21
73
156
179
98
21
36
132
206
239
271
312
298
210
116
101
148
160
109
31
-36
-98
-155
-165
-137
-95
-82
-83
-110
-171
-238
-250
-176
-92
-51
-39
-4
23
3
-68
-78
-3
76
24
-68
-76
-21
-8
-92
-166
-137
-19
33
-13
-67
0
107
114
26
-38
4
91
133
107
93
124
169
173
114
89
146
222
245
216
139
76
51
52
21
-17
-1
50
61
-13
-123
-187
-153
-111
-124
-164
-165
-128
-115
-186
-298
-308
-195
-67
-14
-15
-7
25
40
12
-35
-64
-34
9
38
37
13
0
22
66
62
4
-34
12
97
147
155
179
259
350
329
188
50
55
116
87
-17
-57
35
133
84
-86
-175
-122
-52
-112
-220
-232
-166
-136
-158
-205
-208
-125
-17
8
-24
-77
-118
-91
-52
-49
-83
-17
106
182
135
40
21
77
112
47
-3
52
137
146
69
-19
-29
61
155
147
54
-1
57
109
40
-101
-106
55
183
127
-11
-78
-43
-24
-92
-178
-186
-86
0
-25
-123
-188
-183
-131
-106
-116
-149
-120
-52
-21
-79
-102
-53
25
64
37
17
42
100
85
42
69
145
191
192
179
178
186
184
147
98
76
91
100
104
81
56
50
70
74
33
20
-4
-26
-43
-102
-179
-187
-122
-73
-113
-145
-115
-111
-165
-227
-249
-194
-111
-100
-130
-137
-90
-67
-89
-77
-18
56
105
142
177
197
182
169
173
139
74
41
62
88
102
102
110
141
139
76
-20
-52
-15
30
34
-15
-19
38
78
16
-76
-72
-36
