SAMPLES:	8168
BITSPERSAMPLE:	16
CHANNELS:	1
SAMPLERATE:	16000
NORMALIZED:	FALSE
43
48
29
19
22
25
11
-3
-18
-33
-36
-40
-42
-36
-36
-34
-30
-32
-45
-53
-68
-71
-73
-73
-54
-65
-63
-40
-27
-4
6
-1
-3
4
19
35
41
25
30
45
54
77
77
66
67
69
84
76
63
38
22
11
4
1
-6
-16
-39
-26
-14
-15
-17
-41
-35
-32
-56
-56
-53
-52
-53
-61
-53
-26
-21
-33
-45
-39
-32
-38
-41
-63
-62
-43
-32
-9
-1
0
9
25
37
22
-1
9
43
55
33
40
53
44
25
24
11
22
18
1
-2
6
49
66
40
22
49
98
103
64
31
33
62
60
36
-1
5
38
11
-28
-34
-27
-40
-53
-59
-61
-47
-47
-81
-112
-102
-80
-89
-100
-109
-93
-62
-41
-48
-82
-85
-47
-13
-7
5
15
50
86
104
125
130
139
136
129
122
111
98
75
77
79
71
58
59
69
79
101
82
51
84
147
178
167
117
93
126
146
160
170
55
30
55
15
-28
-98
-211
-146
-132
-121
-198
-1126
-1418
-512
25
-273
-979
-1647
-1091
345
610
-143
-888
-969
54
914
637
-61
-426
-297
584
982
522
88
146
344
788
876
396
219
557
874
875
571
243
531
981
917
382
-13
61
508
572
44
-518
-550
-147
68
-317
-868
-961
-650
-422
-550
-878
-1100
-1038
-759
-597
-708
-826
-868
-824
-598
-301
-324
-485
-483
-297
-134
-95
-147
-125
60
397
705
674
652
1174
1893
2065
1835
1685
2202
3090
3623
2775
133
-1325
1157
4377
2856
-2560
-5425
-2450
2542
3085
-1922
-6899
-5924
-359
2675
-370
-4967
-5482
-1982
1630
2075
-361
-2167
-710
1971
2879
1893
1054
894
1536
1191
-1042
-1181
1753
2528
-1323
-5538
-4674
680
3306
-1257
-7110
-7167
-1406
3383
1238
-4786
-5745
-428
4328
4251
1017
-391
2307
5894
6153
4436
3438
5089
5890
2438
-698
2523
6731
3726
-3743
-6888
-2364
3693
3045
-4504
-10460
-7798
13
3062
-2079
-7814
-7473
-2363
2310
2857
-529
-3043
-1050
3076
4953
3748
1919
1314
2337
3567
3729
2484
1344
953
907
-486
-1964
-1338
-1259
-3354
-4978
-4904
-3796
-2505
-3542
-5560
-4657
-1876
-729
-1538
-2643
-1626
946
1958
1432
1357
2026
3394
4590
4317
4024
4622
5040
4961
4774
4111
4408
3707
-58
-1976
1535
4327
400
-6278
-7734
-2354
2632
600
-6100
-9819
-5865
1282
2808
-2537
-6503
-4551
356
3730
3307
252
-996
1328
4255
4951
3415
1842
1622
2332
2550
2104
804
33
-378
-1805
-2789
-2532
-2970
-3922
-4391
-4916
-5090
-4388
-3572
-3020
-3011
-2986
-2097
-950
185
1250
1236
870
2127
3913
4575
4421
4337
4547
4999
4986
4928
5312
5323
4814
2126
-2096
-1932
3851
6115
-1161
-10199
-9754
-174
6092
995
-9497
-13189
-5396
4956
5431
-3790
-10064
-6379
2277
6767
3675
-2311
-3271
1484
6083
5991
2553
174
1024
3118
3457
1804
-27
-50
365
-844
-2682
-3659
-3345
-2253
-2965
-5563
-6814
-4841
-1764
-1158
-3852
-5229
-2484
1145
2316
653
-1149
192
3764
5311
4020
2695
3537
5729
6861
6154
5260
5247
5838
3870
-405
-1117
3654
5558
-1422
-9430
-8348
153
4532
-782
-9836
-11981
-4631
3571
2688
-5307
-9711
-5675
1751
5197
2629
-1831
-2156
2026
5983
5917
3118
1036
1590
3295
3678
2159
485
-67
-36
-709
-1728
-2782
-4119
-4568
-4004
-3820
-4872
-6028
-5623
-3269
-1248
-1395
-2708
-2733
-51
3081
3307
1409
950
2848
5136
5920
5077
4208
4781
5983
6529
5794
5144
3737
367
-1512
1412
4659
943
-6963
-9490
-3334
3202
1618
-6278
-11105
-7060
1005
3650
-1693
-7406
-6596
-509
4279
3843
107
-1597
835
4479
5561
3799
1717
1304
2260
2663
1697
181
-897
-1211
-1209
-2423
-3884
-4505
-4281
-3594
-3715
-5368
-6060
-4208
-2145
-1538
-2242
-2603
-1239
1075
2419
2492
2068
2526
4136
5258
5137
4935
5286
5440
5705
5558
5231
4834
2581
-848
-703
3255
3839
-2174
-8563
-7021
300
3425
-1765
-8818
-9607
-3396
2782
1845
-4138
-7386
-4229
1586
4592
2513
-1182
-1672
1670
4990
5072
2597
609
984
2019
2098
1195
272
-367
-1134
-2663
-3530
-2630
-1770
-3350
-5984
-6562
-4237
-1508
-1988
-4617
-5018
-1847
1170
1415
-366
-583
1887
4355
4471
3366
3306
4749
6337
6004
4794
4827
5936
6543
4752
358
-1734
1768
5617
2307
-6106
-9761
-3657
3982
2464
-6726
-12348
-7461
1817
4188
-2740
-9287
-7313
537
5455
3270
-2066
-3323
1164
6054
6221
2617
31
974
3295
3723
1826
-514
-1259
-753
-1101
-2462
-2992
-3000
-3932
-5236
-5457
-3989
-2564
-3183
-4816
-4827
-2232
908
1439
-789
-1602
1057
4866
5967
3917
2079
3512
6653
7661
5647
3344
4000
6349
6991
3440
-1340
-1614
2956
5183
-40
-7524
-8289
-1364
3548
-28
-7716
-10180
-4804
1849
2041
-3625
-7394
-4801
931
3531
1478
-1590
-1305
1674
4076
3819
1878
720
1570
2564
1755
-134
-1060
-381
-11
-1365
-3375
-4191
-3368
-2027
-2279
-4192
-5451
-4373
-2022
-670
-1558
-3025
-2511
207
2626
2740
1404
1283
3092
5005
5378
4629
3943
4376
5297
5519
5018
4917
4104
1344
-706
747
3711
2357
-3441
-7305
-4412
933
1744
-3143
-8090
-7262
-1783
1828
-454
-4885
-5984
-2333
1700
2419
247
-1183
-119
2382
3762
2756
1169
1145
2162
2022
742
-731
-954
-113
60
-1910
-4546
-4610
-1993
-528
-2839
-6112
-6057
-2518
286
-785
-3740
-4277
-832
2785
2852
475
4
2453
5009
5324
4009
3536
4437
5585
5937
5350
4824
4145
2322
554
1633
3813
2325
-2972
-6084
-3147
1365
1164
-3907
-7699
-6038
-1109
1151
-1486
-5363
-5607
-2074
1361
1535
-670
-1693
-130
2303
3179
2301
1117
1075
2013
2306
1531
170
-1041
-1012
-293
-540
-2424
-4490
-4576
-2379
-1257
-3073
-5426
-5165
-2289
-136
-939
-3047
-2860
-78
2599
2697
1316
1231
3376
5443
5542
4490
3936
4678
6129
6706
5767
3425
1059
799
3095
4480
1367
-4236
-6296
-2322
2040
803
-5122
-8634
-6026
-561
1226
-2213
-6299
-6054
-1791
1885
1747
-997
-2214
-282
2764
3546
2166
762
854
1530
1713
1205
515
-26
-637
-1382
-2034
-1838
-1570
-2296
-3642
-4198
-3592
-2391
-1846
-2629
-3519
-2718
-482
963
540
-159
661
2533
3832
3723
3125
3373
4640
5349
4824
4302
4717
5653
5192
2389
-209
799
3951
3681
-1692
-6386
-4638
810
2510
-1938
-7323
-7415
-2361
1688
26
-4663
-6489
-3423
785
2028
18
-2074
-1567
1080
2964
2473
873
132
519
1083
1217
764
-78
-1026
-1485
-1441
-1105
-1214
-2052
-3186
-3613
-2802
-1595
-1608
-2762
-3196
-1951
-139
556
129
-131
831
2440
3352
3026
2589
3189
4310
4599
3928
3862
4549
5298
4621
2033
-18
1153
3888
3180
-1597
-5578
-3784
908
2213
-1868
-6526
-6521
-2058
1446
-130
-4276
-5982
-3278
427
1600
-196
-1852
-1461
517
2139
2296
1164
15
-216
448
1193
1185
184
-1239
-1920
-1448
-402
-392
-1604
-3174
-3650
-2571
-847
-764
-2518
-3613
-2243
178
1137
312
-574
197
2182
3562
3034
2100
2495
3864
4488
3985
3610
3925
4872
4652
2352
122
1042
3644
3167
-1283
-5015
-3519
615
1892
-1639
-5820
-6019
-2061
1060
-303
-3997
-5504
-3197
156
1355
-165
-1722
-1432
562
2129
2075
1012
212
9
419
1098
1155
124
-1457
-2077
-1106
54
-462
-2305
-3523
-2812
-1245
-874
-2137
-3243
-2616
-872
100
-321
-768
-12
1526
2403
2208
2004
2673
3710
3928
3457
3188
3827
4602
5018
3990
1671
348
1724
3794
2618
-1627
-4712
-2865
950
1650
-2131
-5861
-5343
-1472
804
-992
-4084
-4795
-2426
115
624
-608
-1260
-609
762
1335
1163
1106
1198
734
-126
-484
372
1262
107
-2239
-3148
-1438
510
-204
-3169
-4640
-2882
-244
-85
-2398
-3798
-2125
587
1244
-134
-908
561
2848
3433
2271
1757
2981
4390
4206
3076
2980
3878
4908
4435
1952
-166
902
3571
3182
-1109
-4790
-3371
700
1971
-1393
-5410
-5533
-1672
1247
-349
-3795
-4772
-2427
363
927
-686
-1699
-787
1024
1711
813
103
835
1396
505
-776
-707
622
765
-1316
-3090
-2144
-98
28
-2246
-4014
-3118
-848
-254
-1796
-3173
-2227
-12
921
34
-595
350
2010
2763
2359
1957
2424
3388
3653
3218
2859
3319
3994
4482
3426
1131
41
1850
3775
1985
-2422
-4446
-1653
1808
1384
-2744
-5550
-4033
-152
1099
-1482
-4334
-4094
-1394
687
283
-1349
-1645
-353
1121
1276
399
44
875
1191
209
-996
-673
677
559
-1544
-2869
-1807
-66
-128
-2265
-3765
-2742
-608
-283
-1897
-3029
-1901
151
758
-172
-650
408
1981
2658
2122
1761
2332
3181
3507
3216
2894
3183
3884
4224
3279
1307
451
1903
3403
1754
-2008
-3715
-1301
1661
975
-2731
-5027
-3470
-271
642
-1702
-4111
-3756
-1310
359
-54
-1300
-1436
-370
703
985
499
320
812
846
-50
-799
-325
779
520
-1479
-2733
-1733
82
158
-2009
-3930
-2995
-530
112
-1691
-3236
-2282
77
1008
-121
-1049
-158
1827
2749
2005
1033
1658
3158
3958
3288
2130
2280
3673
4946
4206
1587
-326
1059
3954
3816
-463
-4264
-2918
1475
2871
-801
-5042
-5087
-1272
1517
50
-3570
-4929
-2752
167
776
-938
-2280
-1691
77
1271
1046
-89
-321
423
710
138
-476
-229
338
-100
-1427
-1777
-836
67
-631
-2493
-3121
-1629
-207
-807
-2408
-2834
-1289
470
431
-902
-1063
494
2082
2140
1117
824
1861
3258
3437
2590
1997
2925
4036
4272
3623
2146
963
1459
3428
3271
133
-2977
-1951
1250
2072
-904
-4102
-4067
-1164
909
-740
-3722
-4550
-2404
-342
-290
-1911
-2616
-1607
139
857
238
-408
-123
729
930
653
70
-125
187
445
-81
-853
-1066
-695
-442
-1098
-2061
-2351
-1721
-1181
-1545
-2425
-2406
-1321
-425
-508
-921
-720
268
1320
1693
1342
1263
2038
3076
3492
3079
2748
3199
4098
4791
4311
2253
942
2219
4333
3442
-407
-3120
-1518
1749
2009
-1608
-5038
-4412
-972
674
-1646
-4744
-5087
-2661
-626
-811
-2308
-2681
-1352
257
745
381
229
750
1268
1019
759
890
1180
1060
268
-698
-660
27
93
-1026
-2570
-2900
-1836
-1091
-1880
-3162
-3498
-2269
-774
-600
-1553
-1781
-517
1048
1569
1173
1089
1818
2851
3472
3420
3167
3402
4235
4603
4348
4368
3790
2353
1624
2934
3484
1230
-2122
-2582
-220
1114
-817
-4092
-5096
-3095
-717
-1524
-4256
-5495
-3784
-1623
-1032
-2027
-2644
-1647
198
1224
856
345
768
2006
2477
1707
715
708
1468
1796
686
-1053
-1535
-619
11
-1099
-3117
-3812
-2510
-1312
-1932
-3431
-3803
-2412
-741
-435
-1263
-1456
-192
1461
2143
1784
1602
2379
3554
4241
4079
3643
3719
4400
4849
4849
4566
3250
1500
1286
2963
3269
147
-3687
-3746
-525
989
-1655
-5584
-6303
-3354
-534
-1522
-4628
-5844
-3777
-957
-167
-1319
-2159
-1147
822
2106
1983
1493
1508
2100
2594
2351
1620
1110
985
856
281
-713
-1353
-1417
-1446
-2051
-3143
-3702
-3076
-2337
-2716
-3541
-3493
-2327
-1063
-723
-1104
-989
210
1670
2347
2195
2244
2999
3875
4111
4073
4128
4257
4150
4037
4038
4319
4075
2145
-30
160
2369
2246
-1660
-5423
-4193
-153
862
-2814
-6562
-5950
-1886
651
-1299
-4612
-4962
-1891
895
925
-810
-1270
239
2111
2662
1945
1278
1469
2056
2080
1293
303
20
156
-49
-946
-2029
-2455
-2025
-1812
-2469
-3477
-3802
-3103
-2159
-2004
-2485
-2533
-1694
-375
340
305
437
1285
2288
2773
2786
2892
3360
3795
3763
3492
3345
3509
3451
3121
2654
2534
2582
1619
-148
-736
660
1235
-949
-4035
-3984
-966
752
-1353
-4452
-4642
-1671
974
51
-2838
-3748
-1509
1044
1276
-538
-1527
-305
1539
1966
834
-210
135
1114
1207
289
-786
-954
-402
-249
-960
-1750
-2032
-1759
-1478
-1674
-2099
-2353
-2105
-1487
-994
-997
-1034
-766
-108
611
982
972
1051
1434
1938
2273
2392
2344
2181
2077
2166
2442
2555
2071
1461
1443
1975
2485
2070
275
-1093
54
2316
1974
-1541
-3947
-1959
1711
1989
-1372
-4100
-2979
505
1983
-435
-3563
-3547
-893
859
-78
-2030
-2481
-1085
399
564
-448
-1174
-610
479
593
24
-346
-354
-104
74
66
-218
-475
-720
-622
-470
-356
-504
-928
-1217
-722
15
-85
-739
-999
-342
476
661
45
-330
155
1106
1335
724
257
707
1401
1565
1348
1153
1347
1862
2325
2498
2648
1979
910
1053
2897
3498
1102
-1796
-1283
1850
2938
238
-3123
-3337
-747
1040
-732
-3941
-4998
-3161
-1249
-1454
-3111
-3802
-2614
-991
-375
-867
-1212
-525
689
1166
807
599
1251
1859
1667
1144
1213
1655
1582
623
-190
45
572
108
-1247
-1995
-1392
-548
-965
-2171
-2632
-1831
-808
-849
-1736
-1898
-774
323
339
-151
54
1122
2032
2189
1963
2164
2948
3898
3995
3782
3701
3324
2658
2877
3767
3049
465
-1459
-450
1252
662
-2296
-4513
-4124
-1963
-1207
-3249
-5682
-5640
-3500
-2005
-2333
-3466
-3420
-1975
-182
616
368
203
1030
2246
2792
2637
2420
2707
2944
2586
2010
1824
1860
1404
184
-979
-949
-404
-762
-2289
-3602
-3318
-1978
-1678
-2962
-4058
-3473
-1727
-730
-1263
-1999
-1336
399
1622
1596
1156
1609
2934
3928
3881
3470
3596
4410
5036
4821
4154
3073
2090
2091
2977
2346
-545
-3229
-2723
-372
-94
-2993
-5844
-5612
-3047
-1404
-2895
-5553
-5994
-3571
-1216
-1052
-2204
-2341
-811
1159
2188
2005
1610
2047
3101
3546
3163
2743
2677
2638
2439
1824
995
537
423
-64
-1301
-2371
-2453
-2053
-2538
-3628
-4127
-3509
-2583
-2429
-3046
-3174
-2019
-588
-84
-423
-321
776
2109
2642
2513
2449
2903
3644
4042
3879
3427
3200
3228
3415
3282
2829
1491
117
-35
1251
1233
-1436
-4319
-3831
-832
123
-2504
-5463
-5058
-2016
120
-1237
-3941
-4352
-1749
762
786
-759
-1270
86
1881
2638
2075
1228
1333
2296
2794
2286
1533
1183
1182
1173
929
267
-548
-942
-936
-1250
-2049
-2568
-2536
-2302
-2339
-2657
-2808
-2281
-1435
-1168
-1518
-1475
-562
398
620
343
350
1041
1943
2170
1679
1457
1970
2575
2502
2013
1779
1937
2229
2183
1893
1721
1151
201
90
1203
1312
-651
-2644
-1900
445
912
-1278
-3316
-2864
-600
675
-851
-3164
-3217
-981
607
-66
-1672
-1800
-241
1168
1130
142
-281
596
1778
1788
886
382
890
1619
1563
689
24
148
558
421
-370
-1220
-1485
-1210
-968
-1121
-1784
-2387
-2203
-1301
-837
-1378
-2196
-2079
-910
82
-122
-990
-1058
88
1271
1288
608
409
1166
2101
2406
2015
1664
1917
2660
3084
2987
2475
1445
745
1574
2880
1889
-1066
-2528
-650
1593
780
-2336
-4073
-2747
-202
242
-2194
-4427
-3623
-1023
96
-1026
-2390
-2069
-357
1045
1071
297
97
1089
2212
2315
1717
1470
1801
2161
2115
1649
1188
910
649
153
-358
-724
-1149
-1833
-2378
-2259
-2081
-2465
-3102
-3040
-2387
-1901
-2119
-2492
-2109
-1015
-292
-517
-806
-104
1205
1870
1617
1326
1796
2759
3334
3074
2539
2501
2953
3240
3081
2694
1734
577
486
1668
1760
-556
-2994
-2554
-107
583
-1686
-4174
-3934
-1498
177
-1033
-3426
-3790
-1624
401
258
-1158
-1578
-237
1473
2057
1376
726
1177
2250
2629
2091
1541
1489
1614
1450
1026
613
343
17
-616
-1283
-1522
-1392
-1714
-2599
-3165
-2722
-2063
-2070
-2681
-2851
-1961
-783
-600
-1212
-1175
-31
1118
1081
409
398
1346
2247
2236
1519
1272
1918
2549
2343
1654
1261
1461
1797
1790
1437
588
-341
-314
854
1239
-502
-2520
-2028
433
1387
-443
-2626
-2410
-229
1335
366
-1919
-2553
-733
1055
731
-779
-1364
-432
806
1145
461
-242
55
988
1254
647
167
359
734
820
445
-103
-279
87
241
-369
-1097
-1162
-759
-794
-1363
-1779
-1514
-1124
-1204
-1627
-1564
-854
-483
-987
-1450
-922
67
297
-507
-1114
-442
899
1337
464
-320
288
1664
2218
1489
731
959
2078
2724
2535
1791
997
899
2023
3067
1959
-440
-1220
759
2509
1429
-1345
-2493
-1083
876
634
-1893
-3653
-2626
-513
-198
-1739
-2946
-2252
-583
255
-282
-1116
-840
537
1499
1149
482
688
1535
2083
1883
1243
861
1142
1490
1153
141
-614
-591
-432
-829
-1640
-2198
-2203
-1888
-1976
-2400
-2502
-2093
-1804
-1923
-2012
-1651
-1073
-757
-751
-737
-262
537
1078
1064
988
1435
2095
2492
2485
2433
2483
2699
2884
2946
2835
2035
1081
1233
2383
2068
-133
-1759
-653
1166
695
-1740
-3183
-2236
-419
-131
-1959
-3564
-2856
-828
-125
-1176
-2116
-1456
104
979
685
114
321
1361
2129
1853
1155
1091
1593
1812
1399
696
307
362
395
-97
-864
-1357
-1410
-1510
-1857
-2187
-2310
-2323
-2319
-2241
-2083
-1818
-1608
-1516
-1370
-980
-532
-313
-344
-222
190
631
844
822
848
1196
1635
1769
1611
1615
1878
2047
1897
1835
2010
2209
2024
1153
427
1101
2362
1727
-624
-1667
156
2121
1226
-1505
-2692
-1153
1062
1064
-1407
-3252
-2148
244
769
-876
-2288
-1702
16
896
237
-889
-922
295
1264
867
-87
-220
444
922
711
99
-232
-37
272
163
-360
-701
-762
-809
-903
-875
-1055
-1509
-1723
-1368
-949
-1130
-1653
-1798
-1364
-849
-752
-1139
-1322
-897
-310
-152
-258
-104
384
839
1006
1157
1518
1997
2204
2181
2219
2578
2941
3036
2694
1942
1541
2219
3040
2059
-63
-741
830
1990
712
-1683
-2462
-1167
261
-221
-2336
-3575
-2490
-738
-687
-2035
-2782
-1923
-514
68
-419
-996
-630
563
1307
972
409
551
1156
1515
1345
843
488
567
759
531
-51
-485
-694
-999
-1392
-1578
-1658
-1894
-2260
-2513
-2416
-1965
-1667
-1923
-2247
-1863
-898
-301
-456
-775
-484
416
1273
1437
1080
1082
1824
2645
2758
2378
2226
2497
2777
2773
2555
2311
2275
1978
1180
780
1516
1843
274
-1654
-1314
718
1158
-914
-2945
-2531
-434
709
-684
-2968
-3161
-985
681
-116
-1879
-2128
-582
907
896
-244
-952
-179
1179
1391
351
-415
-105
624
834
270
-540
-735
-264
46
-423
-1090
-1335
-1281
-1126
-927
-1036
-1580
-1829
-1329
-574
-467
-863
-1173
-884
-125
440
140
-487
-461
254
843
774
363
170
582
1252
1540
1166
849
1136
1719
1930
1767
1601
1665
1997
1907
1320
1170
1949
2089
734
-450
343
1831
1493
-539
-1760
-891
650
735
-1135
-2875
-2425
-596
-76
-1562
-3036
-2669
-1088
-244
-881
-1976
-2016
-754
384
148
-759
-855
47
926
957
406
98
475
1111
1220
647
202
271
441
382
64
-365
-639
-553
-485
-768
-1240
-1307
-1092
-1050
-1280
-1471
-1463
-1218
-1001
-1039
-1055
-764
-269
23
167
471
1000
1470
1727
1893
2157
2566
2863
2927
2819
2911
2991
2468
1746
1918
2509
1768
-75
-839
351
1188
-152
-2267
-2709
-1464
-397
-1101
-3044
-3889
-2579
-918
-1116
-2576
-3054
-1805
-320
10
-623
-1063
-404
951
1574
1001
459
918
1757
2000
1567
1007
864
1131
1261
751
-79
-534
-490
-474
-861
-1523
-2022
-1964
-1596
-1582
-2102
-2405
-2040
-1477
-1285
-1437
-1473
-1075
-394
34
83
174
697
1383
1765
1818
1865
2145
2579
2799
2574
2257
2380
2680
2692
2113
1180
765
1435
1921
631
-1343
-1455
309
994
-657
-2580
-2504
-801
347
-615
-2617
-3029
-1278
251
-350
-1897
-2156
-832
480
496
-445
-946
-150
1059
1197
353
-98
395
1022
1019
472
16
40
377
364
-126
-610
-655
-549
-779
-1060
-1099
-1042
-1210
-1345
-1297
-999
-828
-980
-1239
-1122
-598
-188
-331
-698
-579
-36
441
508
359
346
736
1225
1467
1400
1360
1561
1787
1880
1937
2048
2139
1784
1135
1133
2052
2204
755
-632
5
1615
1610
-298
-1737
-1192
308
702
-843
-2607
-2431
-761
-87
-1231
-2532
-2285
-997
-224
-619
-1436
-1501
-483
511
334
-454
-510
326
1024
930
363
71
413
958
954
205
-452
-307
217
115
-679
-1323
-1189
-650
-619
-1290
-1846
-1631
-1078
-975
-1392
-1652
-1334
-761
-542
-663
-618
-129
502
763
788
1011
1533
1991
2185
2151
2207
2550
2919
3007
2415
1748
1957
2865
2614
934
-244
560
1824
1273
-736
-1898
-1180
93
77
-1613
-3063
-2577
-1025
-663
-1833
-2802
-2335
-1138
-476
-752
-1330
-1236
-292
498
398
22
146
630
951
992
811
617
647
784
673
342
39
-192
-365
-414
-543
-974
-1410
-1352
-1062
-1165
-1579
-1765
-1598
-1291
-1123
-1271
-1435
-1145
-540
-243
-367
-318
197
811
1028
1057
1183
1620
2102
2313
2100
2063
2417
2795
2663
1936
1454
1875
2578
1955
394
-264
828
1706
711
-1131
-1626
-591
308
-316
-1978
-2720
-1759
-578
-880
-2123
-2556
-1632
-611
-550
-1158
-1440
-845
113
379
-138
-388
174
855
878
450
199
418
797
797
202
-413
-237
293
175
-672
-1182
-936
-393
-412
-1059
-1632
-1436
-780
-594
-1101
-1529
-1245
-665
-395
-499
-570
-314
155
521
691
848
1136
1441
1680
1857
2101
2304
2521
2303
1816
1845
2676
2802
1459
219
799
2107
1820
18
-1222
-756
386
505
-1048
-2653
-2438
-974
-543
-1761
-2943
-2666
-1476
-752
-1090
-1891
-1978
-914
169
101
-569
-589
208
978
1078
649
317
599
1194
1354
731
54
80
605
687
4
-772
-812
-242
-137
-865
-1568
-1422
-857
-728
-1282
-1753
-1526
-920
-672
-907
-1061
-662
-29
250
264
466
972
1470
1599
1547
1814
2431
2808
2413
1616
1671
2774
3204
1786
122
414
2058
2318
412
-1424
-1254
216
775
-657
-2649
-2875
-1349
-392
-1325
-2780
-2869
-1669
-702
-812
-1548
-1780
-935
154
319
-221
-308
335
961
1041
785
585
746
1034
973
486
152
290
381
-7
-541
-639
-460
-435
-821
-1276
-1300
-912
-776
-1092
-1368
-1171
-746
-548
-598
-639
-413
16
388
481
559
823
1176
1398
1561
1721
1829
1984
1869
1534
1522
2133
2104
964
48
709
1766
1312
-327
-1189
-505
507
393
-1077
-2276
-1777
-399
-204
-1415
-2330
-1795
-629
-195
-731
-1388
-1232
-267
451
154
-465
-377
338
829
690
255
70
369
738
607
-16
-371
-73
216
-132
-744
-912
-603
-322
-537
-1028
-1155
-699
-282
-480
-946
-900
-363
-13
-144
-397
-279
194
608
560
360
462
955
1247
1172
1015
1174
1482
1423
986
906
1475
1570
665
-95
475
1390
1072
-248
-888
-262
620
527
-678
-1602
-1102
23
70
-958
-1591
-1083
-233
-6
-475
-967
-753
32
407
-48
-494
-236
306
448
150
-180
-183
106
249
-115
-624
-586
-187
-239
-763
-1058
-770
-387
-445
-827
-956
-630
-196
-156
-457
-506
-101
247
222
80
186
559
785
747
652
828
1133
1289
1028
913
1146
1119
757
762
1115
838
66
-157
579
922
211
-692
-763
-145
392
22
-1067
-1476
-688
149
-127
-940
-1144
-567
3
111
-188
-514
-322
288
519
174
-52
124
387
439
315
73
-48
61
153
-160
-592
-577
-371
-505
-886
-1033
-856
-599
-637
-924
-1022
-648
-217
-303
-675
-595
-24
317
164
-39
147
681
1026
904
614
754
1223
1539
1285
989
996
1048
923
1034
1168
660
-174
-216
699
1023
29
-1132
-1099
-176
456
-167
-1516
-1934
-819
296
-107
-1295
-1583
-657
274
360
-290
-844
-461
580
959
301
-251
54
693
906
616
137
-16
245
432
96
-323
-402
-372
-547
-665
-636
-715
-906
-982
-900
-788
-711
-774
-880
-744
-378
-203
-262
-199
121
448
662
770
840
1015
1366
1579
1592
1425
1215
1223
1662
1853
1093
119
314
1281
1269
10
-971
-767
-17
182
-712
-1865
-1937
-927
-407
-1102
-1933
-1759
-917
-384
-521
-947
-992
-340
409
396
-82
-115
461
984
956
553
349
665
1061
949
330
26
321
562
210
-325
-477
-290
-199
-471
-861
-1023
-841
-667
-852
-1156
-1096
-772
-566
-553
-492
-271
97
402
565
653
960
1358
1577
1485
1270
1327
1826
2180
1558
573
589
1590
1831
692
-504
-511
209
486
-323
-1616
-1991
-1194
-542
-1099
-2047
-2170
-1455
-857
-864
-1260
-1467
-1028
-269
-18
-320
-447
-78
440
724
673
465
514
769
875
675
548
488
368
220
267
283
44
-236
-335
-253
-245
-415
-783
-904
-630
-381
-607
-902
-699
-145
217
112
-25
245
919
1444
1377
745
609
1535
2495
1967
548
223
1502
2450
1577
-66
-653
221
1126
596
-1107
-2001
-1244
-244
-554
-1710
-2259
-1758
-979
-765
-1237
-1727
-1456
-661
-278
-556
-773
-493
1
293
295
165
203
471
637
499
378
419
419
288
251
307
250
93
-11
-29
-38
-39
-135
-311
-370
-213
-148
-245
-267
-63
185
210
160
304
735
1037
1000
591
427
988
1791
1595
429
-110
879
2062
1603
28
-754
23
1088
928
-604
-1812
-1348
-110
14
-1168
-2088
-1747
-757
-318
-803
-1543
-1521
-666
-3
-248
-784
-763
-222
260
320
-10
-287
-131
282
391
58
-283
-296
-75
120
80
-248
-461
-235
106
92
-188
-329
-144
173
316
217
163
377
773
902
837
887
1221
1425
1148
723
941
1665
1611
546
-138
637
1646
1275
-159
-912
-285
701
573
-822
-1937
-1482
-277
-110
-1193
-2057
-1735
-769
-268
-659
-1372
-1434
-633
71
-52
-549
-622
-187
356
551
255
-102
-105
215
433
282
-162
-513
-455
-19
190
-217
-737
-692
-185
159
-29
-535
-624
-117
436
381
10
57
613
1011
1012
990
1158
1439
1508
1215
1018
1474
1953
1395
262
198
1318
1809
719
-667
-805
188
839
-1
-1643
-2180
-1098
-127
-687
-1975
-2345
-1516
-569
-512
-1247
-1768
-1260
-261
37
-526
-911
-534
161
471
225
-214
-242
272
655
351
-244
-330
101
431
219
-244
-401
-62
312
222
-159
-249
58
318
328
280
387
551
677
802
966
1172
1206
896
578
978
1714
1498
278
-219
755
1688
1136
-240
-843
-157
832
667
-769
-1771
-1151
-44
-137
-1213
-1813
-1401
-652
-391
-833
-1376
-1226
-526
-191
-511
-818
-675
-296
-78
-101
-417
-614
-315
148
29
-526
-731
-279
251
169
-315
-552
-154
462
604
97
-202
169
815
1021
790
590
753
1175
1475
1458
1248
1188
1119
1032
1179
1476
1097
192
-124
588
1142
572
-551
-1051
-517
248
103
-1093
-1919
-1401
-392
-308
-1100
-1673
-1374
-580
-87
-364
-930
-921
-256
216
62
-357
-503
-250
100
102
-276
-556
-420
-184
-265
-555
-699
-624
-469
-437
-591
-658
-441
-114
-25
-75
49
478
875
1022
982
1099
1491
1908
2010
1629
1226
1418
2126
2169
1193
285
622
1514
1479
308
-783
-743
66
367
-634
-1909
-2037
-1105
-580
-1141
-2005
-2122
-1387
-638
-606
-1169
-1362
-793
-73
48
-228
-385
-116
232
338
169
37
84
104
-3
-109
-43
-88
-265
-481
-474
-311
-182
-314
-496
-458
-149
178
253
214
233
494
857
1174
1247
1157
950
927
1384
1893
1579
601
269
1053
1814
1315
85
-525
26
823
621
-633
-1566
-1186
-283
-225
-1109
-1780
-1512
-775
-431
-774
-1252
-1181
-591
-239
-413
-658
-584
-338
-181
-154
-207
-209
-171
-146
-160
-94
-23
-110
-252
-208
-2
120
76
-10
100
436
718
692
541
655
1022
1297
1260
868
512
741
1381
1418
515
-222
151
1051
1122
184
-755
-687
161
585
-201
-1365
-1504
-636
-33
-454
-1266
-1456
-805
-59
-36
-602
-868
-430
133
216
-49
-331
-360
-67
261
157
-301
-562
-367
-35
-35
-363
-685
-635
-287
-39
-171
-378
-310
48
353
496
521
605
766
967
1209
1444
1488
1097
773
1033
1652
1498
481
-216
238
998
842
-203
-1101
-942
-130
117
-826
-1882
-1821
-903
-489
-1008
-1662
-1600
-843
-224
-391
-902
-779
-61
320
32
-250
-34
363
492
264
-39
-3
330
409
44
-274
-214
3
69
-31
-190
-216
21
369
522
461
446
637
962
1261
1345
1100
823
999
1488
1596
999
362
381
933
1108
524
-319
-628
-242
86
-337
-1241
-1679
-1391
-968
-1084
-1604
-1911
-1646
-1141
-977
-1213
-1316
-1010
-647
-550
-599
-536
-327
-106
-20
-43
5
218
404
355
231
264
450
564
524
417
414
571
776
917
889
834
902
1109
1303
1388
1272
965
818
1096
1437
1169
417
50
442
924
683
-144
-738
-528
33
14
-786
-1492
-1378
-810
-623
-1036
-1501
-1537
-1113
-730
-769
-1100
-1209
-944
-602
-518
-656
-771
-664
-416
-298
-390
-463
-366
-239
-214
-255
-224
-56
141
233
283
443
745
1012
1161
1229
1371
1592
1832
1792
1525
1412
1688
1852
1438
806
632
965
1090
624
-122
-477
-284
-35
-340
-1082
-1517
-1337
-991
-1045
-1430
-1691
-1550
-1184
-975
-1061
-1246
-1148
-817
-532
-511
-600
-558
-291
-32
-17
-132
-140
18
129
87
-57
-76
63
214
187
127
263
528
742
788
808
926
1258
1475
1304
972
1054
1487
1543
990
437
507
931
1001
452
-240
-403
-33
169
-285
-992
-1261
-958
-663
-870
-1408
-1585
-1211
-809
-937
-1315
-1310
-843
-452
-530
-809
-814
-356
84
63
-282
-361
-20
360
369
92
-66
127
478
622
507
410
548
808
992
1009
1026
1115
1150
1036
1022
1212
1304
1006
589
513
762
892
604
77
-253
-143
68
-84
-599
-998
-1013
-830
-832
-1122
-1422
-1414
-1184
-1138
-1326
-1401
-1153
-901
-877
-994
-956
-661
-281
-165
-330
-390
-94
310
435
294
174
339
671
911
866
755
832
1099
1273
1268
1197
1193
1165
1084
1021
1017
920
642
395
348
401
314
71
-178
-291
-293
-300
-461
-691
-812
-767
-751
-828
-925
-912
-816
-728
-724
-770
-709
-519
-374
-406
-490
-449
-253
-74
-60
-228
-342
-233
16
95
-88
-312
-277
-1
248
224
37
30
309
641
737
652
596
691
847
961
923
789
696
702
722
682
591
470
327
204
139
78
-45
-237
-399
-474
-470
-526
-683
-831
-810
-674
-619
-714
-779
-658
-422
-260
-261
-321
-228
5
177
169
73
91
231
343
295
202
142
216
268
212
105
79
101
66
-16
-101
-87
-53
-79
-186
-194
-90
2
-33
-85
-31
101
197
189
172
217
319
360
322
281
316
354
312
211
129
109
91
33
-90
-213
-243
-210
-241
-349
-406
-381
-322
-291
-297
-303
-241
-135
-57
-54
-35
37
115
155
169
159
142
152
168
129
50
-7
-40
-66
-109
-157
-204
-210
-198
-186
-183
-167
-115
-44
13
45
96
189
282
309
319
374
456
506
477
405
374
406
407
284
111
18
16
-25
-158
-323
-419
-422
-412
-466
-549
-562
-514
-452
-412
-356
-291
-231
-156
-55
38
97
122
160
249
330
324
268
240
263
287
261
165
58
32
71
74
-12
-106
-137
-105
-58
-57
-110
-150
-116
-44
1
0
-18
-6
67
157
163
99
81
158
225
190
98
51
94
151
122
23
-45
-18
35
28
-42
-105
-106
-46
-15
-76
-152
-160
-105
-78
-129
-226
-257
-201
-158
-224
-323
-328
-250
-201
-225
-264
-236
-120
-9
13
-6
63
198
286
296
295
336
412
462
433
363
340
374
373
292
193
130
116
97
2
-147
-237
-217
-201
-276
-380
-410
-344
-252
-223
-264
-282
-192
-47
19
-6
-13
68
182
243
212
166
182
263
299
240
155
127
150
161
122
33
-51
-66
-31
-33
-109
-179
-175
-134
-111
-119
-141
-144
-117
-84
-77
-74
-50
-27
-39
-63
-41
11
26
-38
-114
-107
1
54
-48
-176
-176
-77
2
-11
-103
-264
-295
-82
138
75
-131
-121
155
405
379
207
113
174
226
149
-27
-126
-49
50
27
-46
-54
33
126
112
3
-45
26
139
193
183
177
237
348
422
413
349
291
250
229
186
106
-18
-122
-192
-242
-301
-390
-505
-593
-614
-600
-604
-662
-709
-674
-534
-402
-361
-349
-250
-71
89
163
176
232
365
498
534
487
467
533
589
554
456
396
401
402
342
234
143
104
90
40
-32
-89
-131
-159
-164
-136
-110
-129
-154
-128
-42
28
18
-55
-78
-12
74
81
-16
-112
-107
-34
-17
-99
-221
-280
-259
-208
-204
-279
-362
-360
-281
-214
-215
-273
-298
-226
-110
-58
-84
-104
-36
83
169
189
192
234
324
410
439
432
429
447
467
465
429
367
305
268
243
187
102
30
-13
-37
-73
-140
-215
-258
-262
-270
-309
-362
-400
-408
-398
-382
-382
-395
-395
-358
-297
-233
-191
-173
-149
-86
6
61
67
67
100
165
218
227
202
196
235
283
285
245
213
219
250
258
226
191
192
214
217
198
175
158
149
150
146
132
118
105
88
80
78
54
9
-24
-39
-67
-106
-154
-204
-249
-293
-349
-406
-440
-462
-495
-536
-551
-528
-495
-469
-448
-413
-346
-261
-176
-102
-22
64
146
224
313
407
473
509
531
567
618
644
618
568
534
525
503
433
340
266
219
178
118
36
-40
-89
-122
-157
-194
-229
-262
-285
-292
-288
-293
-313
-337
-339
-322
-308
-314
-338
-347
-326
-299
-285
-291
-292
-270
-237
-218
-213
-204
-182
-144
-108
-77
-45
-1
51
109
171
226
270
313
364
416
459
488
501
509
523
535
530
508
478
444
403
353
296
236
175
104
29
-37
-94
-145
-196
-262
-325
-375
-413
-443
-471
-505
-531
-536
-521
-493
-471
-457
-435
-392
-334
-273
-226
-194
-155
-94
-27
26
66
94
129
176
231
268
284
295
310
331
352
362
352
338
333
338
337
327
310
285
261
244
227
203
178
148
110
81
59
37
1
-39
-72
-91
-111
-141
-178
-215
-238
-256
-283
-328
-371
-399
-412
-418
-425
-433
-437
-421
-387
-342
-302
-269
-234
-188
-122
-49
7
51
105
177
251
306
341
368
397
433
460
466
454
447
441
428
402
365
319
277
245
203
145
93
49
8
-23
-51
-92
-137
-154
-155
-165
-186
-211
-227
-224
-214
-221
-248
-269
-271
-271
-281
-292
-308
-321
-314
-299
-297
-291
-271
-245
-222
-189
-147
-103
-58
-16
26
76
142
204
239
261
289
330
366
386
381
360
360
378
369
319
261
226
217
204
147
62
5
5
16
-9
-76
-143
-150
-107
-88
-131
-199
-224
-179
-118
-115
-169
-207
-181
-114
-75
-98
-147
-163
-124
-69
-59
-94
-118
-95
-44
-6
-9
-32
-30
6
48
64
58
56
80
125
160
166
154
162
192
212
206
188
177
175
175
151
108
75
63
48
12
-43
-95
-121
-126
-142
-184
-230
-243
-226
-207
-204
-212
-215
-190
-150
-124
-114
-103
-82
-49
-14
5
8
15
36
58
74
81
83
83
97
117
133
139
131
119
123
144
159
149
126
113
120
138
140
112
77
67
80
91
76
38
5
7
22
12
-25
-68
-87
-86
-81
-99
-135
-163
-165
-153
-149
-164
-185
-200
-197
-179
-165
-165
-171
-172
-158
-130
-103
-96
-99
-88
-57
-17
14
25
32
55
92
132
149
147
156
181
202
203
184
161
155
159
148
114
76
60
62
61
44
16
-5
4
21
27
16
6
13
34
57
64
58
63
83
102
104
90
69
56
55
50
24
-16
-53
-70
-79
-105
-146
-193
-227
-234
-235
-254
-285
-302
-290
-255
-222
-208
-205
-184
-127
-61
-20
-1
21
63
116
165
187
187
189
213
237
238
220
194
173
155
141
113
69
30
10
-7
-26
-43
-57
-77
-84
-76
-71
-64
-47
-28
-10
14
52
86
110
130
146
157
170
187
186
167
147
130
114
96
69
23
-28
-71
-100
-134
-179
-225
-264
-287
-295
-302
-314
-325
-316
-287
-257
-233
-210
-180
-135
-80
-32
-1
29
72
124
174
206
223
234
252
276
293
291
275
259
247
233
213
181
137
92
59
30
-4
-42
-83
-120
-140
-147
-156
-171
-191
-196
-181
-160
-140
-128
-122
-105
-71
-35
-15
-8
-5
8
30
44
46
30
16
18
25
22
0
-27
-48
-56
-59
-68
-90
-108
-103
-88
-74
-63
-57
-42
-10
34
74
103
128
166
210
247
272
277
271
271
277
273
245
204
160
125
95
60
6
-59
-110
-144
-170
-197
-235
-268
-287
-287
-280
-280
-284
-275
-250
-216
-180
-153
-135
-102
-54
-10
23
44
51
65
95
119
123
115
107
106
119
134
129
104
83
80
89
98
91
72
55
65
97
113
112
106
108
129
157
168
153
132
125
124
116
89
53
16
-9
-31
-69
-116
-157
-186
-209
-231
-254
-274
-280
-271
-256
-243
-224
-196
-166
-135
-107
-84
-54
-15
17
34
47
55
68
83
93
83
65
54
51
50
43
29
16
10
19
27
32
37
51
72
92
112
125
136
151
168
173
167
161
151
135
116
89
54
19
-7
-37
-72
-107
-136
-157
-169
-181
-201
-218
-215
-198
-178
-165
-158
-135
-93
-41
-1
19
38
72
122
165
179
173
171
183
202
202
173
126
96
86
80
55
7
-46
-75
-72
-70
-94
-132
-158
-153
-127
-111
-123
-143
-135
-104
-78
-69
-74
-67
-43
-11
3
-4
0
16
30
36
36
41
49
56
52
49
52
59
59
43
31
40
56
60
51
43
52
72
82
76
67
74
95
114
107
92
100
120
129
120
98
84
82
86
72
34
4
1
-5
-32
-73
-111
-135
-151
-176
-222
-266
-278
-270
-279
-305
-320
-310
-285
-260
-252
-246
-219
-165
-114
-84
-54
1
56
92
122
155
190
227
250
247
246
263
281
268
236
214
208
201
181
151
126
119
120
100
66
45
49
54
45
25
7
9
23
25
9
-11
-25
-30
-33
-40
-56
-77
-95
-111
-121
-131
-141
-160
-184
-197
-195
-195
-199
-201
-204
-197
-172
-141
-127
-113
-92
-65
-33
4
31
46
69
106
140
159
172
179
195
215
222
214
201
195
194
190
171
153
131
112
95
71
45
17
-9
-36
-64
-90
-114
-135
-155
-165
-167
-165
-168
-177
-174
-158
-137
-127
-123
-109
-77
-41
-15
-1
12
38
66
83
94
102
113
118
119
114
106
97
84
65
44
28
16
1
-22
-39
-49
-51
-48
-49
-55
-59
-52
-33
-9
-2
-5
3
27
47
50
37
28
28
21
0
-28
-51
-69
-90
-120
-141
-158
-176
-189
-194
-198
-195
-179
-160
-137
-105
-63
-18
31
79
123
167
216
265
297
310
318
332
343
341
321
280
238
212
189
144
82
25
-24
-61
-96
-129
-158
-185
-207
-214
-210
-202
-189
-183
-177
-162
-130
-99
-77
-63
-49
-24
-5
9
16
9
-3
-9
-11
-21
-38
-62
-85
-97
-88
-81
-97
-118
-115
-92
-57
-28
-13
-7
25
87
134
144
155
186
216
242
252
249
236
229
215
182
147
122
101
64
18
-20
-39
-51
-74
-101
-126
-134
-127
-122
-130
-132
-118
-100
-90
-88
-81
-62
-41
-37
-47
-46
-32
-30
-43
-53
-54
-60
-66
-67
-67
-70
-73
-75
-68
-43
-20
-15
-14
11
49
75
82
90
100
115
131
139
128
115
109
108
100
82
59
32
17
9
-7
-31
-42
-51
-60
-65
-67
-68
-60
-50
-45
-43
-32
-13
5
20
24
21
24
43
53
42
23
15
20
18
-8
-42
-58
-55
-61
-82
-104
-108
-94
-77
-75
-74
-56
-28
-7
0
15
47
79
91
99
112
133
152
160
154
142
136
133
118
88
63
50
34
8
-22
-52
-69
-81
-97
-115
-133
-145
-143
-136
-139
-143
-140
-128
-114
-108
-108
-96
-78
-62
-46
-34
-20
-4
10
19
34
49
52
56
57
58
63
78
78
69
74
84
96
99
85
79
92
103
105
102
100
106
110
108
114
118
110
84
69
69
74
61
24
-11
-27
-24
-31
-67
-113
-134
-130
-122
-136
-170
-199
-200
-180
-172
-193
-223
-222
-190
-158
-151
-155
-139
-94
-51
-31
-20
5
43
72
78
81
102
143
165
160
153
168
186
189
177
159
150
156
150
129
105
91
90
82
55
30
21
11
2
-16
-38
-61
-72
-76
-76
-77
-86
-96
-103
-99
-88
-79
-86
-101
-97
-85
-76
-78
-88
-93
-82
-67
-67
-78
-77
-57
-42
-40
-40
-20
6
10
8
20
43
69
78
72
83
108
125
125
118
121
145
157
131
111
118
129
127
95
55
39
39
39
8
-38
-60
-62
-50
-59
-95
-128
-130
-116
-117
-137
-152
-144
-127
-118
-112
-95
-88
-80
-58
-41
-27
-19
-1
27
57
75
83
101
118
140
148
142
149
153
147
147
151
141
121
103
103
93
72
39
7
6
0
-26
-56
-77
-65
-47
-50
-73
-91
-92
-87
-77
-86
-115
-116
-98
-92
-99
-115
-115
-88
-80
-92
-117
-130
-113
-95
-97
-135
-139
-112
-78
-61
-59
-70
-60
-20
18
30
23
34
72
101
113
136
163
191
214
231
228
250
257
250
229
202
185
160
155
135
87
49
22
-11
-61
-92
-108
-114
-130
-147
-183
-216
-245
-229
-216
-218
-205
-195
-178
-147
-133
-125
-96
-83
-88
-100
-86
-34
16
32
42
34
59
106
88
51
27
43
92
138
124
105
106
118
153
131
100
114
114
99
63
13
-11
-2
18
33
33
23
65
85
93
86
83
82
69
49
23
32
80
73
49
-10
-18
8
26
7
-43
-87
-110
-95
-122
-194
-246
-248
-233
-196
-215
-242
-262
-245
-178
-140
-112
-51
-33
6
54
87
113
171
221
279
317
304
265
228
303
335
273
215
164
111
93
90
82
50
37
-16
-102
-99
-68
-9
21
-23
-34
10
40
94
108
103
27
84
-100
70
-1269
-1871
-18
1085
334
-1548
-1019
221
516
-465
-1421
-607
-226
-981
-1482
-728
602
1818
1191
514
940
1349
987
431
45
-140
39
164
313
-355
334
620
394
350
-6
-62
-548
-772
-253
-280
-395
-161
-288
309
645
-107
-168
3
510
710
-449
-706
80
182
-163
-288
10
237
-340
304
-176
-597
91
-495
-196
217
-356
-295
-139
-380
475
-165
-460
-57
649
106
-552
0
113
855
-164
-59
273
470
291
-119
121
188
481
-3
382
-199
-192
573
226
486
-314
-353
120
436
490
-425
-394
222
799
-341
-237
-44
129
689
-351
-529
50
232
169
67
-764
8
180
140
-183
-578
-26
172
-25
-832
-251
395
-289
-237
46
44
-231
-224
-121
-119
512
-596
-154
605
-648
-456
-520
-418
265
-587
-586
-313
-200
384
624
528
145
666
1294
766
329
154
570
679
215
66
23
26
231
164
-38
-473
-427
-269
-404
-304
-536
-545
-264
-251
-192
161
-383
-36
406
315
-47
-87
145
-38
104
-219
-121
-24
-117
267
235
-339
-52
338
26
-86
-424
-133
248
-83
43
-102
196
190
89
-23
-120
154
260
181
-165
44
198
77
-1
-236
-191
106
-167
272
-174
-88
183
72
306
-149
-194
21
53
-83
-95
-241
128
60
248
-258
-227
-9
-143
-126
-11
-185
-223
134
-153
350
-245
-319
182
322
-190
-185
41
310
283
-152
93
342
421
-66
236
246
355
18
2
122
272
282
-107
99
-45
-27
118
-153
-380
-104
-41
-96
-59
-302
-424
288
-10
-409
-172
-345
122
210
-303
-164
152
-66
-8
109
92
-41
-25
200
160
-106
-279
-49
184
385
-173
-318
25
70
274
115
-371
129
116
-131
337
-125
25
82
478
145
-103
16
-1
330
-103
-137
-29
-32
-174
28
-154
-57
153
13
-188
-10
38
-196
-24
-128
-95
-130
-177
-80
247
-183
-354
159
-34
180
-213
-290
90
278
69
-202
-49
32
293
183
-104
-96
49
171
150
-71
-105
51
267
50
18
83
143
126
104
174
67
-73
140
-7
76
-55
-199
208
-73
-28
-145
-5
70
-243
-110
-22
9
-141
-195
-175
42
11
-225
-42
-80
-46
-24
-210
-321
-61
-3
-111
-69
-59
-48
88
78
-12
258
-20
96
249
55
-37
71
272
55
195
67
20
5
154
166
21
1
-153
52
40
-138
27
-19
-44
96
47
-30
-49
116
128
-27
-7
35
-154
30
161
11
-26
-20
72
150
-238
-312
-124
-45
-134
-202
-156
-169
45
-90
-94
57
36
22
41
-114
69
230
36
18
76
93
124
182
45
3
124
243
172
-37
-138
106
101
-122
-67
-21
62
41
-120
-9
-10
-141
51
51
-38
-157
-147
94
72
-67
-41
15
96
141
-46
-83
-6
23
32
-20
-45
-145
-161
20
100
-16
-166
-62
19
25
-64
-67
129
116
106
98
-80
-5
270
168
88
-67
-31
1
-68
-150
-97
29
-11
-63
-311
-264
-60
-9
-115
-55
32
-29
-80
-107
172
241
115
106
75
156
127
39
1
37
183
180
-76
-128
-103
13
100
-24
-121
-164
-68
24
-71
-216
-104
62
135
53
-23
-78
-54
147
219
44
-15
42
46
83
-30
-78
30
131
102
-45
-93
-58
52
23
-33
-108
-91
-98
-144
-6
-8
-76
6
11
-83
-36
-59
-83
6
-33
-52
-107
-26
175
128
-61
-45
139
74
20
-12
-47
-16
113
127
-54
-195
3
186
162
-36
-185
36
174
119
-11
-8
68
166
129
47
-2
-53
122
146
-2
-14
1
49
112
-36
-129
-90
-36
-68
-116
-113
-132
-135
-96
-132
-63
25
-48
-48
17
16
-32
-81
15
151
79
-59
-59
21
42
37
37
22
97
35
-1
-34
-111
-7
39
39
-18
-54
-119
-61
-3
-7
-22
17
22
-6
6
-65
-25
132
117
4
-7
42
67
113
120
31
86
108
84
38
-28
-48
63
88
18
23
-15
2
54
57
-23
-3
7
-31
-21
-34
-83
-122
-99
-65
15
-26
-176
-149
-2
23
5
-63
-89
49
37
-94
-64
5
16
102
32
3
18
4
58
20
-5
15
56
-31
-8
17
-9
64
60
-11
0
-15
-48
32
20
0
4
-11
-5
25
-15
10
39
5
-7
-11
4
-45
-35
-18
-43
-32
25
-4
7
8
-58
-52
-1
-12
-50
-76
-46
26
21
-10
-37
-43
-31
-16
-10
-10
-26
-5
27
13
17
45
24
11
89
103
78
56
9
68
137
75
-14
3
-29
37
62
-48
-65
-18
-32
-44
-36
-75
-54
-31
-26
-32
-29
-50
-23
35
31
-2
-26
-28
7
26
5
-25
-20
23
33
-9
2
27
35
65
26
-32
-16
28
23
6
-6
-14
-6
29
33
12
31
31
12
66
59
-13
3
17
21
67
25
-36
5
30
24
33
-18
-50
7
13
-33
-45
-46
-21
44
9
-79
-94
-52
7
44
3
-82
-80
-1
28
5
-21
-53
-11
60
14
-45
-45
-37
