SAMPLES:	10067
BITSPERSAMPLE:	16
CHANNELS:	1
SAMPLERATE:	16000
NORMALIZED:	FALSE
27
28
29
27
28
30
31
31
29
30
31
32
30
27
25
22
17
13
10
7
5
0
-4
-8
-11
-18
-22
-29
-35
-39
-45
-50
-54
-58
-60
-62
-63
-62
-61
-62
-62
-59
-56
-54
-50
-45
-40
-31
-24
-18
-12
-2
6
11
18
24
30
39
44
48
52
58
63
68
68
70
72
74
74
74
73
71
70
64
62
59
55
47
40
34
26
17
7
-3
-10
-16
-26
-33
-40
-45
-50
-53
-57
-58
-61
-62
-63
-65
-69
-70
-69
-71
-71
-67
-63
-59
-53
-51
-44
-34
-28
-25
-20
-13
-5
0
5
12
20
26
30
33
36
38
40
45
46
44
43
44
42
42
40
38
36
36
36
34
31
31
28
23
21
16
11
5
1
-4
-8
-11
-15
-19
-23
-27
-31
-34
-36
-36
-35
-41
-41
-39
-37
-32
-26
-23
-22
-16
-12
-11
-13
-11
-9
-10
-9
-10
-12
-10
-7
-4
-2
-1
4
8
12
15
22
28
31
33
31
30
32
34
34
32
27
25
21
14
13
13
12
8
5
6
5
2
1
1
0
0
1
-4
-7
-6
2
5
7
9
10
7
8
3
-1
-8
-13
-21
-30
-38
-46
-51
-57
-64
-72
-80
-90
-96
-102
-106
-112
-118
-118
-118
-113
-107
-99
-92
-78
-62
-48
-28
-11
7
28
51
74
98
117
134
149
162
176
190
203
215
224
234
250
260
262
261
259
255
246
230
211
195
177
156
132
106
82
53
25
-3
-31
-60
-82
-102
-124
-149
-167
-186
-201
-220
-238
-261
-280
-302
-320
-335
-350
-361
-364
-364
-362
-357
-352
-343
-332
-319
-303
-286
-264
-237
-210
-181
-149
-112
-75
-35
8
51
95
137
182
228
274
322
367
406
445
481
509
531
553
573
583
580
575
558
536
516
489
449
408
371
329
279
228
185
135
80
21
-42
-109
-175
-238
-302
-360
-412
-451
-496
-539
-582
-616
-648
-675
-697
-719
-738
-747
-746
-743
-735
-724
-700
-669
-633
-597
-554
-510
-457
-392
-328
-255
-168
-75
12
114
218
320
428
533
625
713
802
879
947
1001
1042
1067
1082
1087
1083
1071
1047
1018
986
937
874
803
724
639
558
471
367
266
169
66
-31
-111
-192
-271
-331
-382
-427
-463
-491
-542
-591
-619
-649
-701
-751
-803
-856
-889
-908
-945
-1001
-1036
-1057
-1059
-1048
-1024
-1007
-978
-933
-876
-824
-759
-679
-600
-528
-445
-360
-271
-177
-85
15
114
228
332
435
536
659
781
900
999
1083
1161
1237
1314
1382
1426
1449
1453
1423
1386
1364
1326
1246
1146
1042
936
847
760
643
509
387
275
146
42
-58
-140
-212
-278
-364
-437
-492
-536
-574
-616
-658
-719
-772
-831
-879
-936
-989
-1044
-1100
-1151
-1189
-1221
-1265
-1284
-1284
-1262
-1226
-1182
-1154
-1113
-1059
-997
-943
-870
-786
-693
-596
-503
-419
-328
-202
-64
72
187
306
426
564
688
820
955
1094
1214
1320
1398
1451
1526
1609
1665
1685
1687
1651
1595
1549
1512
1457
1386
1294
1170
1021
899
799
676
522
373
232
98
-4
-100
-194
-276
-343
-413
-479
-546
-623
-695
-761
-841
-928
-993
-1043
-1094
-1159
-1230
-1294
-1336
-1374
-1424
-1482
-1528
-1548
-1547
-1531
-1509
-1461
-1394
-1317
-1245
-1162
-1094
-1011
-906
-785
-661
-538
-401
-262
-108
63
259
455
662
840
1003
1142
1276
1409
1550
1697
1818
1915
1972
2010
2033
2050
2023
1991
1985
1969
1906
1793
1631
1445
1325
1249
1117
935
718
493
292
176
64
-94
-242
-345
-451
-560
-646
-749
-836
-858
-866
-954
-1081
-1171
-1225
-1304
-1365
-1414
-1465
-1500
-1511
-1562
-1668
-1726
-1709
-1653
-1627
-1614
-1629
-1640
-1599
-1502
-1405
-1319
-1195
-1078
-976
-888
-783
-669
-508
-308
-125
15
150
303
454
625
806
982
1151
1316
1458
1551
1641
1753
1888
2021
2126
2166
2161
2141
2106
2068
2050
2053
2025
1939
1779
1577
1388
1276
1163
1003
804
586
379
213
101
-27
-175
-300
-380
-475
-554
-638
-730
-792
-793
-796
-875
-983
-1091
-1196
-1296
-1368
-1437
-1528
-1593
-1648
-1746
-1856
-1912
-1918
-1910
-1899
-1882
-1890
-1896
-1852
-1770
-1706
-1618
-1465
-1323
-1207
-1110
-969
-815
-617
-381
-147
37
196
363
504
682
863
1058
1244
1431
1597
1744
1854
1974
2134
2273
2377
2441
2449
2386
2342
2357
2425
2438
2409
2259
2044
1868
1773
1634
1422
1193
964
768
604
460
259
75
-65
-158
-281
-385
-518
-640
-721
-740
-789
-900
-1039
-1164
-1298
-1418
-1528
-1674
-1818
-1942
-2007
-2115
-2201
-2295
-2354
-2414
-2420
-2425
-2441
-2439
-2427
-2381
-2321
-2196
-2068
-1899
-1724
-1562
-1395
-1207
-969
-705
-415
-169
49
261
492
720
964
1214
1435
1667
1887
2078
2238
2419
2595
2737
2879
2980
3040
3013
2965
2908
2919
2967
2974
2850
2606
2370
2196
2076
1898
1639
1307
1025
796
606
387
175
-25
-174
-328
-476
-649
-806
-924
-988
-1017
-1099
-1227
-1395
-1518
-1640
-1721
-1846
-1990
-2143
-2254
-2353
-2447
-2520
-2585
-2617
-2637
-2652
-2683
-2691
-2656
-2588
-2528
-2461
-2355
-2207
-2038
-1844
-1650
-1477
-1276
-1005
-701
-404
-117
154
391
640
893
1148
1366
1611
1859
2108
2304
2501
2680
2819
2978
3122
3252
3297
3312
3258
3194
3162
3156
3159
3086
2945
2712
2498
2311
2127
1890
1605
1279
939
677
417
190
-33
-220
-435
-635
-856
-1045
-1212
-1334
-1417
-1494
-1574
-1709
-1835
-1996
-2094
-2164
-2203
-2307
-2482
-2679
-2806
-2807
-2744
-2697
-2773
-2890
-2932
-2860
-2760
-2683
-2665
-2694
-2644
-2477
-2258
-2080
-1889
-1651
-1383
-1103
-816
-536
-255
105
485
779
992
1224
1468
1732
2001
2258
2471
2695
2914
3102
3255
3381
3513
3625
3743
3790
3764
3640
3558
3540
3546
3501
3319
3039
2731
2528
2303
2053
1715
1336
947
642
380
75
-241
-539
-747
-969
-1170
-1412
-1622
-1778
-1852
-1885
-1973
-2107
-2251
-2355
-2451
-2534
-2625
-2762
-2924
-3048
-3095
-3098
-3093
-3062
-3096
-3140
-3132
-3050
-2969
-2859
-2765
-2702
-2584
-2390
-2172
-1955
-1664
-1383
-1113
-846
-553
-287
37
436
813
1087
1330
1537
1754
1978
2212
2444
2675
2929
3135
3318
3436
3572
3700
3843
3945
4010
3986
3857
3723
3648
3630
3549
3404
3109
2762
2438
2191
1903
1574
1176
768
378
80
-198
-505
-795
-1051
-1259
-1480
-1648
-1847
-2002
-2105
-2106
-2147
-2230
-2361
-2499
-2617
-2685
-2737
-2873
-3027
-3118
-3097
-3071
-3050
-3088
-3187
-3232
-3121
-2960
-2877
-2795
-2729
-2662
-2508
-2241
-2009
-1783
-1480
-1186
-948
-709
-437
-186
157
555
933
1177
1409
1611
1785
1981
2221
2475
2697
2948
3118
3222
3315
3480
3658
3814
3931
3980
3909
3767
3622
3536
3514
3488
3384
3117
2744
2395
2150
1906
1620
1252
835
428
105
-197
-521
-840
-1091
-1318
-1519
-1721
-1917
-2105
-2223
-2252
-2270
-2323
-2414
-2521
-2652
-2734
-2792
-2897
-3065
-3125
-3074
-2981
-2953
-2997
-3157
-3213
-3105
-2891
-2755
-2652
-2601
-2551
-2410
-2189
-1906
-1635
-1277
-989
-717
-522
-275
-40
300
681
1058
1338
1531
1688
1841
2065
2292
2553
2758
2963
3102
3193
3266
3379
3564
3734
3845
3891
3860
3743
3556
3457
3374
3376
3292
3112
2724
2352
2080
1861
1616
1272
872
387
53
-263
-518
-865
-1102
-1367
-1549
-1721
-1876
-2070
-2218
-2240
-2254
-2280
-2386
-2466
-2621
-2704
-2779
-2907
-3109
-3157
-3098
-3029
-3013
-3077
-3245
-3310
-3171
-2944
-2810
-2720
-2672
-2621
-2473
-2227
-1996
-1733
-1370
-1034
-766
-566
-360
-133
228
638
1015
1259
1463
1629
1820
2029
2275
2490
2714
2937
3098
3214
3284
3410
3573
3780
3905
4001
3954
3810
3602
3497
3482
3506
3458
3209
2814
2420
2143
1927
1686
1338
913
470
114
-195
-509
-862
-1149
-1392
-1587
-1767
-1962
-2197
-2346
-2383
-2384
-2442
-2540
-2667
-2806
-2906
-2949
-3058
-3220
-3290
-3255
-3179
-3150
-3139
-3247
-3302
-3220
-3018
-2856
-2692
-2580
-2519
-2384
-2150
-1857
-1560
-1179
-842
-537
-285
-33
190
515
900
1255
1555
1811
2007
2171
2353
2528
2708
2928
3157
3308
3430
3485
3545
3624
3781
3870
3940
3918
3778
3539
3361
3324
3305
3251
2978
2585
2157
1907
1702
1455
1068
613
157
-175
-451
-779
-1157
-1480
-1694
-1866
-2024
-2229
-2430
-2563
-2547
-2520
-2553
-2682
-2796
-2899
-2960
-3016
-3127
-3258
-3285
-3200
-3112
-3082
-3155
-3257
-3267
-3116
-2915
-2728
-2579
-2493
-2366
-2179
-1934
-1661
-1281
-887
-543
-281
-70
122
376
739
1121
1450
1703
1951
2142
2308
2466
2644
2860
3089
3309
3450
3536
3588
3672
3790
3898
4000
4034
3947
3666
3423
3298
3353
3361
3237
2855
2372
2007
1831
1628
1284
848
356
-70
-395
-646
-1020
-1385
-1657
-1816
-1996
-2160
-2355
-2566
-2668
-2613
-2578
-2664
-2803
-2914
-3002
-3046
-3085
-3230
-3364
-3358
-3218
-3133
-3127
-3266
-3394
-3372
-3147
-2921
-2721
-2594
-2474
-2317
-2098
-1816
-1526
-1125
-735
-376
-147
81
274
577
969
1341
1647
1955
2253
2449
2585
2658
2792
3012
3358
3586
3693
3699
3762
3809
3941
4058
4110
4070
3889
3637
3432
3426
3409
3344
3023
2626
2177
1955
1723
1448
995
499
3
-372
-645
-979
-1308
-1627
-1833
-2059
-2237
-2469
-2633
-2763
-2727
-2696
-2747
-2887
-3013
-3125
-3177
-3210
-3301
-3420
-3451
-3364
-3256
-3217
-3304
-3382
-3397
-3222
-3005
-2781
-2616
-2489
-2326
-2102
-1846
-1569
-1209
-822
-454
-182
10
201
467
837
1201
1520
1823
2113
2344
2501
2652
2805
3043
3296
3541
3688
3772
3841
3916
4008
4099
4189
4155
3999
3740
3579
3559
3575
3486
3135
2653
2190
1955
1769
1507
1064
570
75
-300
-546
-836
-1166
-1477
-1664
-1863
-2072
-2312
-2542
-2721
-2696
-2607
-2613
-2774
-2966
-3117
-3208
-3245
-3346
-3477
-3529
-3420
-3313
-3280
-3348
-3485
-3528
-3398
-3138
-2900
-2690
-2531
-2385
-2222
-1960
-1669
-1296
-876
-459
-137
75
260
484
821
1182
1551
1905
2252
2506
2696
2782
2867
3047
3307
3583
3784
3905
3923
3934
3996
4087
4119
4046
3842
3590
3484
3541
3551
3371
2975
2468
2067
1880
1738
1457
992
463
-17
-372
-630
-915
-1197
-1439
-1588
-1810
-2084
-2377
-2616
-2691
-2605
-2490
-2492
-2639
-2817
-2944
-3065
-3152
-3266
-3391
-3420
-3333
-3231
-3237
-3354
-3499
-3537
-3399
-3135
-2885
-2717
-2596
-2493
-2353
-2142
-1832
-1455
-1000
-550
-231
-17
147
413
756
1140
1522
1905
2253
2535
2707
2818
2932
3112
3414
3736
3990
4094
4192
4199
4241
4309
4358
4141
3801
3607
3625
3681
3578
3209
2615
2156
1968
1892
1607
1158
617
116
-294
-572
-902
-1237
-1424
-1455
-1559
-1780
-2067
-2371
-2561
-2537
-2402
-2400
-2490
-2622
-2772
-2939
-3051
-3167
-3317
-3375
-3295
-3200
-3199
-3317
-3496
-3636
-3576
-3340
-3069
-2809
-2634
-2499
-2411
-2267
-2034
-1657
-1165
-676
-277
13
234
421
681
1007
1389
1827
2301
2650
2791
2793
2818
2941
3220
3586
3905
4080
4162
4188
4151
4090
4006
3766
3361
3136
3246
3400
3228
2736
2162
1769
1660
1638
1431
939
385
-66
-368
-592
-813
-963
-1020
-997
-1109
-1389
-1825
-2177
-2343
-2296
-2130
-2039
-2053
-2099
-2158
-2394
-2708
-3073
-3335
-3318
-3126
-3071
-3214
-3474
-3735
-3716
-3335
-2885
-2506
-2155
-1969
-2149
-2452
-2558
-2233
-1584
-767
-146
109
213
370
582
822
1223
1775
2379
2918
3083
2789
2531
2620
3179
3911
4474
4689
4772
4884
5004
5005
4714
3787
2380
1481
1724
2301
1883
522
-622
-693
37
653
452
-435
-1176
-1225
-1042
-1150
-1344
-905
88
944
959
176
-847
-1258
-953
-527
-515
-749
-1046
-1538
-2167
-2687
-3046
-3144
-2694
-2225
-2618
-3788
-4653
-4662
-3984
-3240
-2884
-2860
-2471
-1511
-932
-1377
-2059
-2031
-1339
-669
-445
-684
-805
-315
393
555
468
944
1855
2532
2689
2533
2510
2968
3521
3547
3385
3841
4830
5540
5631
5404
5157
5008
4324
2199
-524
-1548
-403
703
-123
-2071
-2980
-1913
78
1191
801
-177
-450
29
235
-240
-425
614
2151
2725
1779
-161
-1782
-2106
-1592
-1410
-1816
-2211
-2550
-3083
-3673
-4035
-3902
-2941
-1379
-762
-2007
-3686
-4069
-3135
-1952
-1624
-2085
-2173
-1219
-458
-1118
-2514
-3044
-2289
-1308
-1163
-1641
-1705
-793
400
947
889
1332
2622
3794
3990
3614
3628
4137
4336
3722
2933
3048
4120
5241
5338
4646
4131
4072
2944
-19
-2823
-2860
-654
542
-868
-2875
-2725
-205
2432
3156
2129
918
874
1295
791
-427
-557
904
2430
2377
421
-2182
-3540
-3063
-2114
-1966
-2292
-2423
-2494
-2741
-3068
-3237
-2748
-1207
415
183
-2184
-4378
-4386
-2842
-1700
-2213
-3184
-2876
-1352
-860
-2221
-3689
-3457
-1789
-551
-843
-1596
-1010
835
2166
2054
1472
1914
3401
4459
4055
3022
2693
2926
3019
2547
2086
2437
3586
4692
4884
4474
4023
2811
110
-2515
-2733
-655
707
-425
-2177
-1898
608
2953
3461
2484
1618
1629
1555
447
-891
-631
1161
2722
2398
233
-2146
-3058
-2451
-1731
-1715
-1960
-1958
-2045
-2427
-2940
-3000
-2231
-775
271
-528
-2797
-4563
-4483
-3275
-2595
-3044
-3365
-2477
-1112
-1000
-2185
-3115
-2653
-1343
-671
-983
-1368
-700
658
1549
1393
1126
1873
3168
3542
2735
2087
2252
2610
2354
1712
1507
2357
4041
5198
5218
4880
4287
1995
-1800
-3984
-2626
-19
128
-1849
-2627
-497
2762
4371
3893
2644
2225
2404
1777
72
-843
499
2591
3200
1493
-1196
-3016
-2838
-1753
-1345
-1710
-1833
-1610
-1784
-2365
-2889
-2432
-926
849
1304
-285
-2964
-4823
-5041
-4032
-3010
-2879
-2849
-2415
-1560
-1459
-1824
-2125
-1700
-922
-516
-802
-1327
-943
207
1322
1700
1839
2163
2581
2513
1956
1656
1909
2202
2031
1493
1472
2396
4023
4997
5175
4819
3357
-180
-4049
-4885
-2432
-430
-1325
-2655
-1551
1671
4212
4732
3616
2506
2445
2559
1400
-362
-347
1446
3082
2514
108
-2358
-3032
-2102
-1334
-1500
-1703
-1301
-919
-1159
-1928
-2293
-1512
424
1805
1339
-893
-3771
-5510
-5239
-3770
-2742
-3017
-3108
-2008
-729
-623
-1463
-1828
-1411
-398
-4
-560
-1250
-749
672
1426
1347
1233
1655
2209
2232
1592
1136
1304
1688
1701
1333
1596
2890
4783
5871
5960
4903
1643
-3094
-6076
-4904
-2086
-1650
-3194
-3323
-355
3244
4999
4527
3253
2711
2728
2013
-46
-1267
-63
2333
3216
1469
-1366
-3127
-2774
-1617
-1231
-1455
-1275
-638
-334
-862
-1736
-1883
-530
1607
2748
1817
-464
-2451
-4021
-5661
-6617
-5605
-2835
-384
-408
-1711
-2100
-492
1231
1508
334
-553
-332
8
-587
-1602
-1213
809
3151
3813
2283
240
-172
885
1737
1786
1617
1805
2605
3576
4401
4828
5406
5187
2073
-3237
-6902
-6229
-3570
-2955
-3814
-3091
487
4100
5665
4876
3225
2185
1755
1095
-366
-956
226
2228
2679
735
-2283
-4017
-3488
-1863
-904
-785
-798
-619
-609
-981
-1510
-1458
-31
2146
3261
2146
-349
-3161
-5344
-6249
-5632
-3975
-2323
-1143
-630
-629
-471
40
518
249
-26
-86
-11
-406
-858
-918
-274
1058
2448
3051
2401
1363
851
952
1245
1523
1597
1760
2526
3566
4680
5479
5408
4615
1748
-3420
-7002
-6382
-3911
-3082
-3674
-2691
1145
4850
6466
5794
3787
2277
1444
348
-1253
-1870
-547
1819
2556
718
-2362
-4230
-3671
-1962
-859
-508
-402
-247
-365
-872
-1644
-1933
-682
1548
2967
2222
4
-2750
-5116
-6016
-5436
-4158
-2972
-1723
-265
530
450
-137
-372
-320
259
726
445
-506
-1186
-1010
-608
-108
784
2032
2922
2793
1804
824
704
1342
1957
2168
2317
3233
4833
6002
6049
4946
1779
-3354
-7385
-7382
-4413
-3055
-3581
-2993
626
5044
7462
7187
5047
2904
1192
-152
-2076
-2945
-1515
1308
2760
1435
-1615
-4098
-4480
-3149
-1557
-468
243
595
300
-738
-1994
-2516
-1385
1040
3043
3120
1297
-1305
-3524
-5229
-6240
-6246
-4702
-1783
602
1154
272
-393
-125
444
720
478
225
-131
-479
-1115
-1588
-1289
242
2347
3483
2820
1338
446
547
1099
1589
1766
2124
3190
4723
5599
5397
4765
2690
-1686
-6354
-7751
-5106
-2921
-2925
-3084
-211
4481
7817
8323
6068
3186
725
-704
-2234
-3108
-2051
573
2545
2024
-637
-3544
-4692
-3662
-1831
-293
607
1001
659
-377
-1663
-2422
-1829
202
2355
2986
1787
-359
-2717
-4906
-6348
-6763
-5712
-3197
-442
1281
1257
619
214
313
376
321
143
-191
-463
-882
-1224
-1295
-324
1429
2779
2827
1915
940
615
1024
1627
1875
2060
2750
4103
5155
5325
4843
3804
549
-4283
-7751
-6967
-3950
-2620
-2832
-1718
2429
6812
8956
7612
4422
1173
-942
-2148
-3056
-2888
-1064
1500
2602
1136
-1773
-3889
-3925
-2453
-769
440
1096
1207
513
-879
-2218
-2383
-1036
885
2184
2174
1070
-590
-2252
-3879
-5790
-6987
-6019
-2922
254
1254
686
-25
235
1019
1550
1092
154
-319
-577
-1112
-2133
-2220
-905
1173
2641
2755
1775
716
408
712
1119
1620
2369
3376
4051
4260
4095
4044
3618
1284
-3110
-6837
-6946
-4097
-2549
-2895
-2358
1592
6568
9320
8403
4999
1346
-1329
-2585
-3492
-3353
-1631
1181
2795
1814
-956
-3320
-3812
-2761
-1321
-86
990
1700
1205
-427
-2069
-2603
-1747
-83
1464
2261
2029
964
-674
-3230
-5896
-7070
-5958
-3202
-706
592
948
890
904
900
744
292
206
259
75
-970
-2002
-1902
-662
945
2018
2366
2161
1573
950
553
663
1264
2334
3311
3746
3811
3884
4160
4095
2189
-2111
-6493
-7483
-4658
-2593
-2966
-3023
506
5819
9046
8746
5734
2096
-1038
-2844
-4115
-4303
-2720
192
2359
2300
355
-1857
-3115
-3254
-2622
-1144
836
2200
1734
-185
-2030
-2804
-2373
-1251
303
1933
3068
2982
1266
-1618
-4379
-5837
-6018
-5131
-3356
-1017
992
1360
677
121
573
1386
1869
1496
353
-1004
-2044
-2148
-1631
-549
1027
2587
3346
2734
1493
555
312
747
1767
2798
3225
3276
3194
3172
3334
3263
1074
-3243
-6650
-5959
-3144
-2397
-3235
-2408
1809
6530
9149
8247
4787
603
-2510
-4149
-5007
-4316
-1776
1507
3223
2482
189
-2116
-3376
-3447
-2349
-316
1822
2595
1341
-961
-2888
-3493
-2647
-784
1343
2992
3705
2986
588
-2798
-5885
-7295
-6522
-4103
-1310
394
941
910
951
965
732
354
220
364
125
-595
-1389
-1398
-582
631
1728
2340
2315
1878
1240
617
500
979
1881
2675
3176
3537
3841
4239
4180
2239
-1880
-5854
-6558
-4153
-2573
-3081
-3079
322
5535
8991
8767
5676
1590
-2081
-4335
-5421
-4798
-2426
968
3341
3223
1116
-1271
-2756
-3326
-2865
-1087
1280
2613
1798
-465
-2703
-3677
-2985
-1159
985
2866
4081
3792
1509
-2008
-5290
-6847
-6385
-4587
-2418
-742
402
891
896
518
220
265
678
998
548
-410
-1221
-1245
-826
-234
534
1553
2345
2359
1556
533
85
469
1285
2084
2656
3305
4100
4593
4659
3458
318
-3873
-6450
-5405
-3160
-2738
-3258
-1510
3063
7410
9058
7274
3506
-832
-3834
-5172
-4985
-3217
-302
2505
3496
2398
186
-1855
-3041
-3126
-1836
282
1971
1912
193
-1961
-3345
-3295
-1986
-26
1987
3594
4073
2698
-292
-3483
-5417
-5882
-5642
-4694
-3004
-791
852
1003
311
-131
591
1788
2456
1676
154
-1233
-1840
-1819
-1571
-714
737
2378
3110
2433
1112
199
200
819
1869
2864
3574
3999
4004
3855
3454
1897
-1365
-4811
-5694
-3703
-2241
-2715
-2945
-200
4413
7872
8181
5540
1446
-2348
-4261
-4669
-3785
-1832
908
3091
3318
1655
-668
-2464
-3353
-3037
-1471
625
1931
1406
-451
-2417
-3230
-2599
-976
980
2770
3851
3495
1455
-1606
-4500
-6241
-6277
-4975
-2986
-1240
-246
107
245
546
857
1034
953
931
701
49
-973
-1745
-1846
-1282
-214
977
1934
2271
2051
1591
1127
902
1141
1708
2416
3099
3670
4058
4067
3822
2221
-1081
-4728
-5915
-4051
-2463
-2627
-2787
-9
4434
7665
7640
4868
1175
-2002
-3464
-3970
-3440
-1787
842
2926
3151
1719
-385
-2149
-3244
-3211
-1764
381
1777
1260
-487
-2119
-2633
-1899
-439
1195
2606
3563
3388
1528
-1566
-4389
-5998
-6224
-5227
-3404
-1417
-243
249
453
558
597
769
1016
855
359
-382
-1045
-1661
-1852
-1525
-682
547
1796
2512
2313
1591
876
570
835
1509
2204
2745
3275
3767
3974
3816
2603
-338
-3866
-5566
-4273
-2729
-2776
-2990
-606
3845
7338
7802
5407
1953
-1363
-3225
-3874
-3270
-1591
841
2875
3217
1820
-435
-2394
-3521
-3424
-1846
384
1886
1550
-61
-1678
-2378
-1857
-493
1116
2495
3344
3060
1311
-1535
-4188
-5606
-5347
-4282
-3241
-2160
-1031
230
466
-35
-343
166
1166
1791
1571
351
-778
-1753
-2031
-1975
-1268
68
1533
2622
2675
1793
524
-105
195
1185
2293
2893
3274
3443
3546
3491
3250
1691
-1523
-4749
-5390
-3678
-2687
-2939
-2414
835
5129
7915
7548
4602
570
-2670
-4061
-3952
-2679
-593
1827
3378
3122
1180
-1418
-3497
-4274
-3278
-907
1454
2327
1409
-357
-1780
-2098
-1244
248
1719
2831
3133
2219
-35
-2847
-5119
-5901
-5348
-4038
-2381
-944
118
148
-387
-775
-375
508
1171
1323
838
225
-695
-1324
-1553
-1150
-301
779
1799
2101
1471
369
-180
119
1025
2125
2893
3385
3651
3994
4123
3971
2754
-152
-3791
-5830
-4618
-2739
-2301
-2603
-780
3177
6760
7744
5642
1980
-1720
-3520
-3627
-2658
-1164
868
2694
2985
1442
-1071
-3145
-4069
-3430
-1387
1106
2617
2255
493
-1411
-2301
-1818
-431
1037
2109
2579
2228
758
-1620
-4018
-5362
-5341
-4416
-3039
-1780
-778
-475
-637
-756
-422
426
1297
1858
1692
1009
-211
-1377
-1864
-1488
-509
561
1452
1727
1290
417
-260
-275
458
1843
3118
3918
4018
3849
3670
3456
3205
1630
-1355
-4576
-5342
-3788
-2510
-2660
-2407
453
4549
7464
7103
4129
198
-2666
-3580
-3197
-1909
-69
1932
2862
2079
-58
-2362
-3660
-3505
-1951
342
2360
2857
1524
-724
-2457
-2732
-1627
87
1557
2434
2502
1527
-563
-3034
-4836
-5209
-4523
-3349
-2136
-1200
-819
-1136
-1446
-1160
-69
1242
2177
2291
1736
808
-307
-1225
-1587
-1139
-261
605
996
693
12
-431
-153
774
2083
3428
4182
4209
3738
3337
3034
2820
2522
930
-2001
-4850
-5041
-3387
-2496
-2886
-2059
1555
5681
7663
6146
2728
-841
-2862
-3138
-2347
-966
648
2128
2418
1219
-1010
-2893
-3472
-2699
-870
1265
2692
2335
359
-1932
-3101
-2638
-1029
775
2017
2412
1936
515
-1680
-3821
-4921
-4800
-3931
-2726
-1639
-1066
-1342
-1825
-1707
-630
916
2202
2706
2358
1560
382
-878
-1687
-1537
-778
-2
393
485
351
174
314
970
2127
3430
4302
4330
3604
2808
2491
2495
2615
1827
-501
-3595
-5076
-3982
-2684
-2850
-3035
-436
3961
7148
6970
4117
542
-2109
-2867
-2314
-1103
218
1652
2380
1619
-437
-2577
-3513
-2982
-1301
874
2547
2553
714
-1771
-3343
-3155
-1597
374
1784
2269
1916
750
-1133
-3164
-4426
-4460
-3684
-2618
-1811
-1510
-1818
-2351
-2286
-1220
627
2283
3045
2619
1616
440
-628
-1367
-1408
-756
-21
424
451
286
81
218
993
2255
3638
4442
4242
3240
2228
1984
2282
2761
2423
421
-2765
-4924
-4311
-2798
-2611
-3119
-1344
2802
6475
7112
4576
970
-1822
-2533
-1830
-593
555
1626
2161
1435
-500
-2625
-3526
-2868
-1154
872
2355
2383
657
-1767
-3383
-3213
-1527
575
1913
2113
1538
468
-1096
-2852
-3980
-3854
-2996
-2161
-1778
-1938
-2445
-2951
-2678
-1358
657
2329
2999
2484
1342
162
-824
-1368
-1223
-349
574
994
799
301
-168
-192
572
2016
3480
4180
3808
2786
1957
1828
2260
2914
2804
943
-2192
-4409
-3996
-2708
-2761
-3402
-1671
2532
6214
6729
4194
885
-1410
-1743
-1047
-142
560
1303
1668
934
-865
-2729
-3332
-2460
-721
1088
2252
2008
176
-2143
-3370
-2746
-858
1006
1828
1532
757
-129
-1328
-2792
-3693
-3413
-2516
-1785
-1717
-2100
-2727
-3076
-2503
-941
987
2331
2681
1908
785
-244
-863
-1014
-538
378
1140
1359
980
292
-266
-205
705
1985
3198
3552
2967
1968
1539
2038
2841
3490
2852
594
-2636
-4260
-3494
-2479
-2878
-3261
-964
3046
5926
5614
3045
306
-979
-644
17
408
560
929
928
45
-1528
-2730
-2681
-1623
-163
1130
1787
1145
-639
-2378
-2822
-1693
115
1295
1246
530
-131
-647
-1580
-2756
-3401
-3132
-2287
-1688
-1687
-2328
-2968
-2787
-1480
269
1453
1760
1407
904
335
-180
-465
-212
474
1175
1487
1289
809
291
52
283
977
1948
2653
2638
2110
1755
2164
2997
3694
3335
1279
-1760
-3515
-2674
-1550
-2372
-3903
-2703
1258
4734
5146
2973
658
-292
126
525
408
239
639
1001
421
-1043
-2350
-2546
-1821
-832
186
1068
1145
-28
-1670
-2371
-1602
-68
996
997
374
-166
-455
-1039
-2074
-2961
-3142
-2534
-1812
-1568
-2023
-2575
-2484
-1531
-130
860
1118
780
486
309
54
-246
-147
463
1076
1431
1465
1345
960
511
376
661
1099
1324
1323
1407
1927
2818
3463
3566
2957
1196
-1272
-2899
-2185
-1011
-1574
-3143
-2625
419
3277
3809
2168
542
129
871
1182
730
286
496
857
370
-827
-1854
-1852
-1182
-628
-356
-105
50
-386
-1157
-1462
-864
120
670
511
38
-181
-275
-707
-1604
-2538
-3010
-2776
-2190
-1806
-2034
-2292
-1850
-690
297
458
75
-151
188
531
405
-37
-28
479
975
1104
1164
1387
1592
1545
1199
890
700
567
459
836
1917
3305
4078
3855
2333
-176
-2285
-2246
-601
-242
-1953
-3187
-1424
1637
3093
1989
173
-366
562
1547
1309
584
419
911
876
-128
-1340
-1630
-917
-256
-254
-606
-848
-1156
-1564
-1608
-863
292
974
691
-58
-354
-37
120
-472
-1584
-2543
-2687
-2261
-2012
-2512
-2925
-2240
-711
374
247
-416
-771
-284
374
481
22
-116
405
891
875
641
875
1355
1765
1847
1822
1575
920
123
-173
704
2244
3512
3758
2964
1081
-976
-1669
-570
111
-1267
-2807
-1753
1291
2966
1897
-255
-981
-5
1124
1148
654
755
1200
1117
142
-1021
-1489
-877
0
209
-194
-687
-1193
-1947
-2389
-1783
-275
978
1031
252
-282
-107
181
-124
-903
-1747
-2225
-2247
-2103
-2287
-2839
-2851
-1771
-257
367
-88
-718
-551
191
520
125
-253
84
753
1066
849
657
832
1250
1538
1712
1923
1858
1264
550
520
1288
2206
2666
2454
1308
-256
-931
48
724
-706
-2813
-2397
664
2999
2338
-67
-1118
-65
1227
895
26
294
1367
1584
441
-964
-1467
-804
88
273
-180
-584
-836
-1320
-1912
-1952
-1147
-83
330
-45
-257
292
893
467
-681
-1659
-1956
-1835
-1748
-2003
-2570
-2668
-1952
-826
-362
-656
-1056
-660
307
701
101
-545
-199
656
1183
1057
856
887
1094
1180
1246
1566
1878
1696
1240
1257
1878
2340
2142
1378
142
-884
-709
758
1167
-572
-2546
-1804
1009
2749
1591
-764
-1269
496
2026
1254
-187
-209
941
1288
290
-965
-1196
-432
158
-75
-591
-690
-717
-995
-1204
-996
-584
-368
-540
-952
-863
15
988
920
-177
-1331
-1682
-1385
-1328
-1878
-2422
-2084
-1175
-726
-1098
-1550
-1203
-289
265
17
-368
-161
425
727
662
798
1230
1394
1070
796
1166
1729
1752
1185
975
1750
2742
2857
2038
832
-472
-1257
-762
444
301
-1327
-2147
-391
2161
2662
520
-1634
-1187
1065
2090
936
-109
370
1226
801
-430
-1137
-695
33
-41
-760
-1068
-671
-370
-548
-794
-713
-396
-239
-483
-931
-960
-361
205
179
-436
-1004
-1161
-996
-1151
-1868
-2355
-1994
-1050
-639
-950
-1427
-1177
-345
71
-351
-782
-241
720
1173
907
625
725
1124
1375
1415
1420
1441
1247
1049
1272
1979
2569
2499
1816
493
-684
-897
239
588
-817
-2390
-1513
1237
2829
1726
-751
-1463
68
1750
1327
74
-53
953
1413
536
-675
-1037
-293
224
-276
-1142
-1269
-763
-461
-507
-599
-442
-188
-204
-553
-795
-575
-342
-513
-1008
-1279
-1058
-512
-301
-968
-1890
-2090
-1309
-566
-603
-1183
-1327
-696
-119
-336
-932
-814
22
860
1099
968
891
1087
1343
1411
1395
1310
1176
1158
1570
2059
2192
2039
1553
433
-793
-634
660
690
-1303
-2841
-1448
1468
2682
875
-1424
-1180
1141
2315
998
-433
-139
1082
1397
530
-543
-677
34
297
-428
-1202
-1054
-511
-316
-602
-918
-808
-282
47
-158
-346
-181
-58
-472
-1150
-1560
-1387
-813
-632
-1177
-1711
-1350
-544
-308
-910
-1550
-1330
-436
84
-390
-960
-755
68
613
665
543
727
1254
1668
1720
1420
1056
871
1185
1823
2287
2255
1903
1031
-176
-741
149
965
-219
-2357
-2539
36
2328
1858
-760
-1995
-407
1965
2141
399
-559
188
1366
1317
355
-444
-162
361
-5
-960
-1278
-640
-145
-375
-1036
-1191
-647
-25
-135
-671
-712
-188
113
-424
-1244
-1585
-1078
-580
-822
-1577
-1752
-1055
-363
-320
-753
-848
-622
-394
-525
-611
-366
96
373
305
275
491
980
1351
1587
1626
1450
1233
1319
1847
2174
1997
1515
884
157
-122
543
752
-685
-2423
-1947
456
1893
760
-1535
-1916
115
2104
1517
-302
-676
628
1699
1285
181
-374
200
734
154
-980
-1207
-494
-58
-411
-1081
-1217
-705
-61
-115
-636
-778
-396
-215
-596
-1040
-1154
-871
-777
-1045
-1349
-1076
-628
-646
-1036
-1098
-595
-168
-159
-413
-400
-99
292
576
615
502
442
683
1103
1349
1207
957
1194
1917
2381
2073
1513
1048
506
49
273
600
-325
-1911
-2014
-60
1637
999
-1253
-2376
-885
1307
1490
-141
-967
26
1344
1454
559
-116
136
736
586
-191
-540
-219
-45
-519
-1090
-1117
-529
-71
-359
-955
-902
-179
116
-463
-1156
-1175
-676
-515
-975
-1497
-1254
-533
-253
-742
-1187
-913
-390
-234
-456
-442
-67
449
692
674
695
951
1251
1245
1033
885
1010
1316
1531
1521
1455
1688
1678
908
-80
82
954
527
-1275
-2116
-568
1193
864
-1232
-2209
-664
1517
1475
-696
-1875
-648
1303
1582
375
-503
106
1174
998
-182
-655
141
707
59
-995
-1221
-536
30
-426
-1422
-1625
-742
-155
-590
-1308
-1191
-460
-162
-761
-1580
-1499
-749
-258
-627
-961
-760
-350
-206
-334
-292
-52
394
508
446
510
1051
1598
1574
1221
960
1459
2001
2194
1565
1149
1079
924
412
164
500
17
-1080
-1504
-46
1338
959
-951
-2081
-1001
770
978
-698
-1588
-534
1151
1308
78
-821
-416
566
532
-255
-503
297
895
476
-356
-686
-227
172
-189
-1039
-1148
-506
-284
-886
-1538
-1553
-1263
-933
-882
-920
-846
-570
-504
-788
-891
-707
-380
-267
-232
-255
-14
473
821
759
582
839
1229
1417
1132
1041
1349
1919
2097
1887
1673
1371
994
626
816
483
-658
-1738
-1105
458
820
-559
-2006
-1399
420
1286
-67
-1595
-1236
499
1294
322
-867
-834
329
927
314
-553
-408
212
166
-550
-896
-327
521
645
-96
-624
-427
-105
-524
-1144
-1281
-879
-634
-806
-1147
-1303
-1115
-966
-965
-1135
-1006
-677
-303
-83
11
156
317
601
678
767
963
1362
1493
1202
1178
1583
2077
1834
1503
1458
1485
1092
695
847
652
-112
-790
-195
823
808
-584
-1938
-1512
39
740
-530
-1806
-1383
196
832
-71
-1131
-938
359
992
283
-656
-513
88
38
-556
-751
-193
349
81
-712
-909
-350
55
-359
-834
-774
-331
-211
-605
-1168
-1287
-903
-687
-885
-1177
-959
-504
-223
-402
-619
-434
45
427
502
734
1205
1681
1621
1236
1162
1698
2262
2162
1695
1281
1078
960
1137
1107
230
-793
-622
581
964
-84
-1352
-1298
6
947
255
-1302
-1599
-387
510
-116
-1235
-1288
-262
625
258
-780
-1176
-528
113
-50
-468
-491
-61
121
-121
-586
-598
-273
-219
-593
-887
-534
-68
16
-620
-1191
-1063
-287
47
-536
-1138
-952
-219
5
-372
-706
-313
449
905
839
709
841
932
970
1242
1784
2043
1829
1649
1615
1563
1322
1072
581
-198
-532
7
817
595
-517
-1438
-972
391
892
-256
-1647
-1340
97
823
-12
-1086
-1053
-43
574
-55
-990
-1110
-432
-44
-272
-685
-774
-503
-306
-434
-804
-785
-387
-28
-147
-419
-356
-80
-123
-819
-1345
-1058
-203
91
-410
-818
-499
142
235
-179
-412
9
593
787
605
574
765
976
1145
1390
1650
1731
1722
1490
1185
970
1079
831
-52
-561
238
1443
1127
-431
-1475
-736
646
772
-746
-2010
-1284
404
909
-299
-1322
-941
264
704
-77
-984
-948
-212
29
-372
-856
-828
-533
-388
-640
-986
-882
-553
-455
-700
-651
-308
-101
-394
-788
-714
-128
366
48
-553
-644
-62
166
-231
-681
-444
361
850
871
617
848
1036
1127
1029
1275
1590
1613
1558
1356
1331
1121
1119
534
-301
-529
452
1311
534
-939
-1476
-234
948
570
-1223
-1965
-563
1084
800
-992
-1716
-736
597
429
-791
-1376
-588
323
112
-624
-876
-377
-19
-190
-794
-1007
-653
-361
-637
-1044
-826
-383
-299
-760
-1014
-681
-55
16
-541
-723
-41
696
584
-57
-200
361
970
1044
630
465
584
877
977
1153
1277
1393
1495
1441
1299
1214
1406
1014
44
-507
285
1192
766
-662
-1444
-656
536
401
-1170
-2017
-939
669
657
-779
-1632
-913
303
408
-538
-1142
-559
283
230
-564
-1016
-764
-341
-400
-820
-1009
-642
-181
-230
-547
-683
-383
-156
-268
-614
-669
-376
-124
-158
-385
-276
-14
230
130
56
192
576
911
943
999
974
1241
1461
1718
1518
1369
1353
1244
1036
848
864
214
-451
-436
526
862
73
-808
-592
551
853
-264
-1702
-1465
-47
592
-426
-1680
-1530
-348
350
-375
-1406
-1363
-318
291
-208
-954
-1008
-462
-139
-480
-951
-713
-54
-3
-651
-889
-365
43
-363
-1022
-945
-74
574
206
-471
-271
666
1063
500
-40
213
901
1145
849
577
772
1225
1443
1455
1361
1488
1438
1180
911
1109
1327
718
-234
-347
641
946
-27
-1311
-1271
-149
461
-466
-1863
-1702
-234
608
-287
-1402
-1219
-67
433
-378
-1415
-1382
-464
-120
-755
-1427
-1186
-602
-487
-982
-1383
-1072
-463
-302
-763
-779
-109
427
20
-568
-427
286
618
103
-420
-121
785
1051
495
96
587
1326
1434
1078
933
1247
1635
1788
1649
1489
1574
1609
1296
984
1029
986
268
-341
1
783
582
-538
-1222
-646
417
375
-936
-1928
-1189
216
274
-1120
-2130
-1461
-178
36
-1063
-1866
-1297
-187
-39
-926
-1479
-1072
-397
-527
-1138
-1400
-1016
-788
-1027
-1126
-684
-286
-508
-812
-603
31
247
-96
-349
212
1108
1365
908
712
1238
1716
1485
1035
1089
1535
1823
1747
1684
1851
2099
1810
1302
1186
1570
1406
403
-173
456
1263
661
-704
-1174
-172
743
51
-1551
-2021
-704
413
-221
-1755
-2067
-852
175
-344
-1682
-1995
-971
-62
-528
-1574
-1819
-1127
-667
-1134
-1815
-1812
-1190
-932
-1203
-1326
-879
-492
-642
-896
-725
-273
-120
-312
-339
165
784
897
721
835
1267
1442
1303
1308
1566
1881
2033
2215
2374
2569
2411
1897
1560
1759
1835
933
63
354
1360
1281
9
-868
-261
915
820
-594
-1588
-729
672
523
-1113
-2034
-1099
189
-11
-1445
-2185
-1436
-455
-754
-1877
-2333
-1640
-1018
-1251
-1898
-1936
-1411
-1125
-1367
-1667
-1476
-1152
-993
-1124
-1131
-950
-685
-485
-345
-55
180
446
731
1150
1326
1310
1449
1781
2041
1962
1962
2091
2416
2448
1988
1555
1747
2188
1627
508
297
1303
1858
936
-266
-225
1005
1510
356
-1179
-1015
460
991
-254
-1550
-1169
194
640
-486
-1643
-1355
-240
-109
-1245
-2146
-1820
-1107
-1159
-1925
-2377
-2037
-1483
-1440
-1855
-1992
-1702
-1343
-1296
-1374
-1378
-1155
-764
-388
-206
-185
-53
292
717
876
817
830
1236
1688
1880
1835
1957
2315
2435
2098
1750
1966
2234
1742
853
821
1654
1850
753
-391
-145
964
1126
-164
-1348
-786
687
977
-359
-1376
-599
879
1056
-255
-1178
-611
442
321
-875
-1700
-1437
-840
-1026
-1797
-2255
-1876
-1365
-1406
-1841
-1957
-1568
-1263
-1352
-1647
-1565
-1083
-582
-453
-572
-419
108
642
654
460
527
977
1315
1265
1241
1459
1905
1872
1429
1157
1575
1902
1187
285
414
1543
1801
772
-318
28
1240
1472
222
-1003
-450
864
1055
-229
-1061
-398
696
633
-536
-1145
-538
326
65
-838
-1198
-693
-283
-646
-1305
-1519
-1038
-650
-895
-1477
-1546
-1081
-816
-1093
-1537
-1521
-1092
-642
-601
-758
-581
40
599
618
506
660
1114
1290
1209
1192
1493
1812
1549
1069
1011
1537
1399
419
-243
368
1266
840
-412
-901
179
1141
569
-926
-1238
125
1197
549
-921
-997
344
1231
416
-899
-906
232
825
-36
-1152
-1148
-276
20
-793
-1590
-1371
-534
-437
-1230
-1737
-1189
-416
-544
-1213
-1319
-580
91
-3
-461
-384
383
977
824
500
719
1289
1448
1220
1130
1457
1615
1205
743
900
1328
932
82
-79
735
1058
251
-684
-515
425
607
-404
-1331
-819
332
429
-661
-1307
-575
386
250
-733
-1115
-461
244
17
-890
-1247
-707
-97
-381
-1136
-1292
-715
-281
-641
-1189
-1194
-612
-321
-639
-1065
-891
-249
102
-86
-292
105
713
975
880
977
1324
1537
1568
1550
1757
1793
1528
1155
1230
1431
1039
312
105
648
799
121
-661
-508
217
298
-564
-1271
-814
85
146
-724
-1173
-545
254
146
-671
-954
-408
164
-155
-949
-1202
-749
-421
-893
-1423
-1381
-849
-763
-1140
-1415
-1051
-453
-431
-815
-922
-363
79
70
-104
182
784
1071
1001
1016
1514
1845
1701
1442
1679
2044
1779
1166
994
1442
1416
617
-84
162
771
546
-432
-962
-316
380
-60
-1199
-1427
-450
259
-285
-1244
-1125
-107
428
-275
-1142
-1020
-118
178
-669
-1458
-1125
-255
-307
-1099
-1476
-910
-443
-790
-1377
-1246
-521
-321
-767
-994
-382
265
234
-154
-19
723
1178
1013
773
1233
1869
2040
1730
1631
1842
1881
1678
1421
1326
1036
749
563
643
511
95
-356
-401
-126
-231
-807
-1331
-1093
-648
-663
-1226
-1481
-1064
-452
-449
-963
-1151
-635
-75
-273
-869
-1062
-637
-361
-600
-994
-969
-587
-371
-567
-796
-672
-408
-382
-537
-473
-180
109
255
399
639
906
1107
1225
1396
1583
1698
1791
1933
1976
1758
1589
1657
1670
1275
780
628
760
657
157
-321
-298
2
-112
-779
-1222
-934
-535
-756
-1392
-1610
-1161
-717
-943
-1581
-1672
-1065
-659
-994
-1537
-1407
-895
-645
-982
-1345
-1183
-683
-453
-720
-854
-586
-127
-2
-95
-24
303
671
794
819
940
1235
1468
1541
1552
1663
1872
2026
1959
1654
1556
1718
1771
1225
720
788
1226
1131
423
-102
107
634
401
-486
-1112
-746
-237
-500
-1366
-1775
-1249
-700
-946
-1775
-1984
-1406
-992
-1380
-1987
-1875
-1331
-1041
-1343
-1590
-1407
-1004
-854
-1009
-980
-703
-374
-300
-176
101
416
606
715
975
1267
1559
1616
1638
1728
1965
2146
2004
1730
1517
1665
1723
1464
936
732
976
1074
687
52
-10
325
486
-27
-599
-579
-99
55
-509
-1048
-918
-372
-343
-946
-1386
-1156
-727
-840
-1359
-1677
-1580
-1330
-1333
-1553
-1812
-1804
-1616
-1376
-1310
-1405
-1402
-1103
-573
-238
-227
-280
152
902
1388
1341
1335
1761
2374
2675
2523
2282
2165
2340
2388
2160
1541
1108
1138
1346
1152
375
-141
-100
362
127
-622
-1216
-886
-313
-427
-1111
-1556
-1052
-488
-485
-1137
-1295
-938
-554
-654
-1056
-1298
-1250
-864
-757
-1013
-1453
-1440
-995
-646
-871
-1441
-1488
-848
-215
-379
-887
-759
144
872
771
436
731
1566
2062
1863
1611
1853
2253
2250
1920
1773
1729
1701
1590
1521
1273
933
693
659
656
386
-80
-417
-334
-158
-407
-976
-1299
-1092
-863
-1078
-1563
-1835
-1567
-1262
-1247
-1686
-1889
-1628
-1210
-1213
-1558
-1592
-1253
-807
-828
-1019
-1002
-515
-92
-87
-246
-103
412
753
805
730
1012
1419
1673
1619
1688
1946
2053
1846
1614
1704
1723
1470
1122
1131
1298
1151
696
362
519
640
335
-296
-514
-205
-14
-379
-958
-976
-666
-555
-1025
-1423
-1402
-1160
-1169
-1514
-1674
-1603
-1455
-1635
-1785
-1668
-1418
-1394
-1571
-1460
-1010
-601
-631
-780
-507
151
544
479
451
962
1568
1755
1528
1641
2156
2423
1989
1519
1703
2131
1889
1134
849
1316
1645
1064
219
109
777
917
138
-718
-507
247
369
-428
-1084
-750
-113
-138
-1008
-1494
-1230
-695
-980
-1704
-1966
-1544
-1218
-1597
-2056
-2053
-1552
-1357
-1607
-1803
-1406
-756
-623
-851
-769
-126
488
587
507
768
1413
1876
1845
1754
1936
2154
2076
1890
1838
1728
1516
1342
1403
1363
1078
587
404
571
627
174
-453
-447
16
236
-317
-847
-739
-160
1
-536
-1094
-1030
-456
-401
-949
-1479
-1266
-887
-961
-1420
-1657
-1432
-1201
-1292
-1531
-1410
-1047
-935
-1062
-920
-429
-14
10
22
346
892
1206
1143
1234
1487
1700
1589
1549
1628
1569
1372
1242
1443
1534
1245
690
505
801
921
405
-335
-441
75
254
-325
-1095
-1031
-402
-186
-768
-1430
-1185
-548
-348
-968
-1353
-1058
-545
-555
-1020
-1177
-874
-518
-669
-943
-838
-469
-332
-512
-470
-100
276
295
183
336
760
1067
1015
883
896
1123
1237
1180
934
772
877
1088
1142
776
434
394
701
777
383
-104
-185
181
270
-180
-782
-816
-446
-331
-708
-1144
-1097
-774
-615
-875
-1141
-1069
-838
-777
-893
-888
-760
-665
-617
-542
-334
-202
-188
-181
0
341
524
541
519
783
1118
1274
1220
1110
1122
1199
1231
1095
769
637
709
864
670
274
-1
93
324
179
-242
-588
-399
-115
-190
-692
-1005
-790
-478
-560
-945
-1100
-850
-600
-671
-929
-958
-762
-647
-770
-871
-716
-488
-421
-518
-447
-168
75
82
-33
123
444
739
763
710
904
1156
1412
1296
1132
1033
1160
1279
995
696
613
895
952
607
224
161
467
519
153
-343
-415
-131
-63
-412
-900
-989
-783
-612
-835
-1216
-1343
-1118
-910
-1037
-1289
-1329
-1098
-914
-938
-1015
-917
-628
-394
-353
-325
-95
216
344
398
533
789
999
1127
1204
1271
1397
1413
1296
1145
1166
1111
873
559
549
686
686
349
-18
-20
282
401
9
-441
-439
-89
36
-277
-675
-717
-486
-329
-520
-801
-886
-762
-698
-830
-959
-977
-890
-878
-914
-904
-801
-657
-598
-549
-440
-219
-46
16
103
297
566
737
797
852
1001
1186
1199
1032
924
973
1057
900
677
576
671
693
480
241
146
259
244
72
-195
-251
-172
-141
-286
-486
-535
-470
-410
-516
-654
-722
-675
-707
-830
-951
-922
-844
-848
-927
-928
-772
-612
-543
-538
-414
-195
1
76
122
285
541
743
809
805
883
1013
1076
1013
898
854
870
872
784
698
638
596
505
405
329
280
221
109
-21
-95
-81
-103
-204
-350
-366
-323
-318
-407
-510
-549
-571
-636
-765
-851
-887
-894
-949
-988
-980
-929
-879
-803
-707
-581
-456
-331
-196
-61
135
321
481
613
737
834
884
951
1007
1025
1005
990
984
966
921
861
747
643
538
466
369
249
112
-7
-75
-132
-195
-295
-364
-397
-396
-410
-444
-488
-525
-560
-574
-616
-646
-703
-726
-729
-713
-718
-741
-726
-650
-531
-458
-417
-368
-240
-78
59
150
252
378
510
558
601
643
745
816
830
805
799
835
811
704
569
489
440
367
229
85
-12
-46
-97
-189
-281
-328
-324
-327
-354
-386
-383
-372
-380
-418
-423
-399
-366
-374
-386
-379
-344
-293
-267
-240
-198
-127
-74
-38
11
81
132
168
206
274
301
301
274
285
339
397
405
347
348
388
403
290
157
90
86
65
-31
-144
-228
-208
-190
-216
-301
-342
-312
-257
-244
-288
-318
-305
-263
-257
-265
-270
-227
-171
-130
-116
-79
7
101
169
224
283
374
448
509
517
539
575
616
626
561
497
433
428
390
348
254
186
146
116
34
-118
-267
-375
-420
-491
-592
-732
-797
-807
-794
-831
-878
-879
-826
-740
-693
-662
-646
-561
-463
-378
-333
-259
-145
-18
83
166
278
416
565
678
778
874
992
1078
1122
1138
1165
1198
1205
1147
1041
947
869
805
677
534
386
299
215
82
-98
-292
-430
-560
-655
-806
-953
-1067
-1103
-1138
-1191
-1243
-1252
-1225
-1159
-1100
-1062
-1016
-944
-862
-795
-715
-633
-527
-413
-295
-187
-63
99
262
403
549
702
861
1002
1122
1207
1279
1374
1474
1512
1492
1447
1426
1395
1346
1226
1071
931
833
719
510
262
20
-153
-335
-538
-794
-1003
-1143
-1230
-1341
-1476
-1558
-1573
-1519
-1498
-1473
-1458
-1367
-1269
-1180
-1118
-1021
-871
-711
-577
-449
-289
-93
102
271
424
599
803
965
1075
1153
1262
1372
1474
1518
1515
1494
1490
1481
1420
1307
1174
1055
950
827
660
450
249
69
-105
-298
-519
-702
-865
-982
-1118
-1227
-1324
-1360
-1374
-1385
-1393
-1380
-1334
-1288
-1231
-1180
-1092
-976
-847
-736
-616
-456
-256
-80
88
239
427
625
801
919
1010
1141
1289
1399
1440
1451
1465
1487
1472
1409
1298
1194
1098
994
841
660
476
297
112
-86
-295
-479
-633
-769
-922
-1067
-1171
-1229
-1266
-1316
-1357
-1380
-1355
-1320
-1278
-1258
-1205
-1116
-1008
-904
-801
-673
-518
-334
-161
7
171
371
569
735
877
1005
1170
1312
1430
1460
1498
1533
1567
1542
1480
1409
1331
1252
1113
961
767
600
386
177
-70
-265
-447
-606
-788
-964
-1097
-1180
-1229
-1297
-1348
-1380
-1361
-1342
-1314
-1302
-1262
-1207
-1126
-1059
-966
-865
-742
-613
-455
-284
-111
68
239
420
594
758
905
1048
1178
1288
1341
1389
1438
1480
1475
1440
1385
1320
1237
1105
948
757
577
375
168
-39
-213
-368
-536
-689
-819
-893
-954
-1001
-1062
-1084
-1081
-1060
-1068
-1071
-1037
-978
-921
-868
-801
-714
-602
-493
-383
-269
-115
23
146
244
373
504
621
699
768
852
917
981
995
1020
1023
1032
999
941
868
769
657
512
381
228
71
-88
-213
-326
-455
-585
-695
-749
-790
-826
-899
-942
-933
-899
-896
-920
-892
-803
-704
-643
-585
-491
-356
-216
-107
-8
127
286
416
507
603
729
864
932
963
982
1053
1102
1099
1038
980
952
909
812
652
503
381
262
88
-93
-268
-394
-523
-634
-769
-875
-956
-994
-1022
-1056
-1080
-1087
-1058
-1021
-965
-921
-849
-760
-638
-542
-445
-341
-194
-63
49
155
278
425
562
668
756
869
992
1068
1105
1125
1166
1187
1177
1118
1044
988
924
810
653
516
391
248
66
-102
-237
-354
-491
-634
-754
-820
-872
-922
-1006
-1050
-1061
-1053
-1070
-1069
-1035
-980
-925
-879
-795
-695
-572
-488
-389
-268
-102
41
168
283
442
610
760
867
962
1072
1163
1224
1226
1233
1227
1219
1142
1046
928
828
698
534
344
168
12
-148
-315
-482
-620
-730
-802
-882
-940
-992
-1002
-1006
-987
-972
-939
-901
-825
-739
-650
-574
-487
-379
-267
-164
-89
5
113
232
321
393
465
570
677
747
779
808
849
877
871
834
801
761
705
612
511
421
329
218
73
-52
-146
-224
-347
-466
-548
-584
-597
-645
-707
-750
-723
-691
-673
-691
-678
-628
-540
-458
-397
-338
-272
-173
-74
31
113
188
251
332
412
494
555
607
653
692
727
737
734
712
694
649
586
499
410
307
202
82
-37
-162
-271
-367
-469
-554
-623
-652
-679
-689
-704
-696
-675
-632
-583
-544
-500
-449
-367
-274
-185
-102
-32
49
130
228
310
381
434
484
536
583
640
669
688
686
693
675
669
634
590
516
449
380
282
173
48
-69
-205
-320
-445
-555
-665
-744
-818
-855
-877
-868
-861
-842
-815
-766
-692
-612
-537
-465
-361
-242
-106
16
137
240
351
470
582
662
719
766
806
840
867
873
864
844
813
774
720
669
600
519
423
317
196
71
-59
-193
-333
-471
-602
-724
-828
-917
-988
-1033
-1063
-1060
-1046
-1016
-989
-933
-857
-771
-682
-587
-474
-353
-197
-39
106
243
388
536
674
806
910
988
1055
1114
1168
1188
1203
1174
1130
1065
998
915
816
699
559
411
261
109
-64
-236
-409
-564
-714
-851
-975
-1090
-1171
-1224
-1248
-1261
-1256
-1234
-1190
-1133
-1056
-967
-866
-762
-643
-504
-346
-180
-13
145
295
449
610
762
889
988
1067
1152
1226
1294
1321
1323
1292
1265
1220
1168
1082
969
840
696
550
374
199
8
-174
-364
-538
-719
-876
-1027
-1148
-1254
-1327
-1387
-1414
-1420
-1406
-1362
-1297
-1213
-1131
-1018
-895
-739
-579
-409
-247
-70
111
305
474
624
759
892
1019
1130
1219
1279
1330
1363
1377
1350
1305
1246
1189
1105
996
845
683
519
369
194
11
-175
-350
-513
-671
-819
-957
-1068
-1158
-1230
-1291
-1321
-1326
-1304
-1274
-1227
-1165
-1072
-951
-823
-691
-556
-402
-229
-58
112
266
414
548
691
818
936
1029
1118
1180
1229
1258
1262
1241
1200
1155
1089
997
879
737
585
438
286
126
-53
-220
-391
-537
-681
-805
-929
-1028
-1115
-1177
-1216
-1230
-1226
-1211
-1177
-1116
-1031
-933
-821
-703
-561
-412
-253
-107
48
202
362
497
619
731
851
969
1063
1119
1153
1174
1185
1176
1132
1064
985
898
784
645
503
373
238
91
-69
-219
-353
-459
-576
-688
-794
-858
-901
-931
-967
-992
-996
-969
-918
-886
-845
-788
-700
-609
-495
-388
-278
-177
-59
62
183
292
391
488
579
680
769
853
893
921
930
946
949
922
851
758
668
589
494
373
230
86
-34
-134
-244
-371
-489
-575
-638
-688
-736
-774
-790
-782
-762
-745
-709
-661
-602
-542
-473
-391
-296
-196
-99
-8
77
169
261
346
415
484
551
611
661
701
726
717
708
684
661
610
535
422
316
231
154
55
-80
-210
-308
-366
-427
-504
-598
-651
-664
-653
-656
-662
-658
-610
-551
-489
-449
-398
-328
-248
-171
-98
-12
73
169
248
327
401
480
551
603
647
695
744
769
773
746
714
681
639
563
461
341
230
116
-7
-135
-271
-393
-500
-591
-685
-752
-807
-844
-873
-880
-866
-828
-777
-718
-657
-576
-475
-372
-277
-197
-100
9
129
224
304
383
485
580
646
681
727
790
849
880
877
871
876
882
840
769
677
609
522
416
265
109
-23
-135
-268
-427
-575
-690
-770
-848
-932
-1017
-1063
-1074
-1058
-1046
-1023
-975
-892
-793
-696
-609
-509
-389
-254
-128
-8
101
225
350
475
578
668
748
833
918
991
1040
1063
1090
1099
1104
1074
1015
935
849
754
622
479
317
168
17
-139
-305
-467
-597
-718
-826
-933
-1024
-1088
-1121
-1143
-1154
-1146
-1106
-1042
-963
-880
-804
-714
-593
-457
-332
-224
-115
16
158
278
380
469
570
685
787
871
920
980
1052
1111
1122
1098
1064
1037
996
910
774
636
513
405
260
94
-78
-221
-343
-464
-601
-729
-821
-886
-943
-995
-1010
-999
-971
-947
-903
-838
-751
-674
-611
-529
-421
-300
-205
-126
-42
68
191
281
349
408
511
606
685
727
768
828
884
904
881
851
833
812
734
627
512
433
348
235
86
-43
-154
-245
-349
-459
-571
-649
-707
-745
-778
-801
-795
-776
-747
-719
-673
-614
-550
-494
-431
-357
-264
-180
-110
-47
41
129
211
274
344
416
495
556
612
656
696
722
735
739
729
703
653
590
516
455
376
286
173
70
-30
-115
-217
-321
-415
-489
-548
-605
-649
-672
-670
-662
-651
-631
-600
-560
-516
-475
-431
-372
-294
-220
-159
-102
-29
60
140
209
256
308
383
456
504
522
547
590
622
622
599
573
558
534
485
399
336
290
238
141
36
-49
-106
-163
-256
-356
-430
-455
-480
-526
-570
-575
-540
-509
-494
-485
-452
-400
-356
-331
-295
-233
-159
-106
-65
-26
47
126
191
222
251
294
357
410
422
423
427
468
485
491
451
432
405
403
365
312
235
178
138
87
13
-80
-141
-190
-233
-300
-358
-399
-412
-427
-445
-459
-435
-411
-404
-402
-379
-331
-292
-269
-250
-206
-148
-90
-59
-32
19
79
134
167
205
248
300
346
363
380
401
442
453
446
430
428
423
401
349
292
255
216
159
75
1
-60
-109
-170
-239
-307
-358
-386
-410
-437
-463
-466
-454
-440
-427
-405
-371
-335
-293
-255
-209
-161
-103
-52
-7
33
82
134
175
207
233
270
300
325
340
363
387
400
397
395
403
401
376
332
296
283
260
201
119
56
24
-13
-82
-168
-230
-252
-277
-327
-393
-424
-413
-403
-427
-461
-456
-409
-363
-358
-368
-338
-261
-195
-168
-162
-115
-35
44
75
90
132
203
257
279
293
329
376
408
412
409
426
439
435
402
379
364
352
307
243
184
149
115
58
-16
-79
-124
-167
-219
-280
-317
-341
-360
-391
-415
-419
-414
-409
-410
-395
-364
-329
-310
-284
-253
-207
-161
-119
-85
-43
7
55
102
140
171
199
243
284
317
338
359
379
405
420
422
416
407
391
358
325
281
237
182
129
73
25
-23
-83
-139
-191
-226
-265
-297
-324
-347
-362
-370
-367
-359
-344
-329
-312
-287
-254
-225
-199
-177
-147
-108
-71
-39
-11
21
54
89
118
139
158
179
208
242
278
294
309
322
339
366
361
332
296
288
277
240
175
114
70
33
-18
-88
-145
-184
-208
-244
-279
-305
-314
-322
-332
-333
-322
-309
-299
-287
-268
-237
-207
-184
-169
-142
-110
-75
-40
-10
23
54
90
123
155
180
207
231
258
285
312
332
349
362
372
377
360
336
308
290
256
209
147
95
43
-6
-68
-127
-171
-197
-234
-283
-313
-326
-327
-344
-356
-362
-339
-314
-304
-309
-296
-251
-212
-188
-177
-145
-92
-37
-1
22
54
106
155
180
196
220
256
287
303
308
317
336
357
361
343
318
304
289
260
206
152
111
76
26
-34
-90
-128
-153
-188
-233
-267
-283
-291
-315
-337
-340
-326
-312
-316
-323
-314
-281
-257
-247
-241
-208
-156
-102
-66
-40
5
71
137
173
199
235
286
324
341
348
367
389
399
395
381
374
362
337
296
248
198
148
95
36
-14
-61
-109
-165
-216
-246
-266
-294
-328
-356
-363
-361
-361
-366
-363
-344
-322
-304
-290
-267
-230
-191
-165
-135
-85
-23
27
61
93
137
193
244
264
283
317
359
366
359
352
350
350
331
307
282
278
250
208
158
116
78
40
-4
-56
-95
-131
-154
-185
-215
-246
-262
-275
-288
-299
-309
-309
-297
-278
-267
-257
-246
-223
-198
-162
-130
-100
-73
-36
8
41
60
76
110
156
206
233
236
253
294
325
321
292
271
286
300
272
220
192
191
190
152
87
35
16
6
-28
-86
-132
-152
-169
-190
-212
-227
-239
-256
-273
-279
-275
-274
-274
-274
-262
-246
-228
-214
-193
-157
-129
-101
-72
-33
3
33
64
106
159
202
221
226
248
287
311
306
293
299
307
296
272
245
227
206
186
159
125
80
31
-16
-53
-71
-91
-116
-142
-155
-166
-187
-215
-233
-232
-240
-250
-252
-248
-246
-243
-239
-238
-224
-201
-177
-159
-133
-105
-72
-49
-30
6
58
110
138
148
168
205
238
247
242
245
263
280
273
247
228
228
228
203
158
130
117
100
63
25
-1
-10
-24
-48
-78
-97
-103
-114
-140
-171
-189
-200
-209
-228
-244
-251
-238
-221
-218
-216
-189
-145
-122
-121
-113
-74
-22
23
43
57
94
145
172
170
169
190
218
233
224
207
208
217
207
180
162
152
140
115
81
47
29
15
-14
-40
-57
-69
-89
-117
-144
-161
-172
-187
-206
-217
-217
-211
-213
-220
-221
-197
-163
-133
-115
-97
-76
-44
-11
14
33
61
99
134
150
154
170
189
190
183
181
189
198
192
173
162
161
154
131
104
93
88
72
34
7
4
5
-16
-57
-93
-113
-116
-134
-169
-197
-198
-191
-203
-229
-241
-225
-204
-203
-206
-190
-156
-129
-117
-107
-75
-22
15
38
56
100
143
167
169
177
206
244
261
253
252
272
298
297
262
229
220
213
180
127
81
60
49
12
-45
-90
-109
-123
-152
-195
-226
-235
-242
-264
-295
-310
-295
-276
-281
-293
-277
-239
-208
-205
-204
-175
-120
-77
-58
-42
-2
50
90
121
150
184
218
251
274
288
297
308
330
342
340
327
316
303
284
252
208
173
140
112
78
30
-20
-60
-88
-133
-180
-216
-232
-248
-272
-301
-314
-309
-302
-310
-324
-320
-296
-257
-235
-222
-197
-161
-125
-100
-69
-34
8
43
77
113
147
173
197
224
259
284
295
304
315
333
329
305
276
268
268
244
194
154
131
112
78
18
-38
-73
-93
-125
-176
-215
-227
-232
-253
-285
-302
-298
-289
-290
-291
-276
-248
-229
-218
-197
-158
-117
-93
-72
-41
7
46
65
79
114
167
197
191
194
234
279
273
227
210
231
240
192
127
98
109
103
40
-29
-45
-14
-21
-86
-134
-121
-94
-113
-158
-170
-132
-100
-122
-160
-143
-77
-45
-80
-107
-65
3
7
-36
-50
1
63
82
54
45
87
136
135
98
87
117
146
141
113
106
124
133
101
55
50
65
52
5
-39
-47
-32
-43
-85
-111
-104
-91
-106
-135
-147
-132
-116
-127
-140
-130
-98
-79
-86
-95
-81
-49
-30
-33
-37
-12
27
44
43
50
78
107
119
114
121
143
154
138
125
129
138
135
116
97
91
87
69
38
20
17
9
-16
-57
-75
-70
-65
-87
-112
-111
-92
-92
-117
-140
-129
-92
-75
-95
-109
-84
-42
-34
-64
-80
-46
7
12
-24
-29
18
65
63
23
23
83
129
106
52
48
94
118
67
15
23
66
69
18
-25
-10
27
13
-42
-65
-36
-22
-47
-86
-89
-58
-41
-61
-72
-46
-16
-17
-30
-20
8
23
6
-9
16
60
68
37
19
48
82
75
42
28
51
67
52
27
16
25
29
15
-9
-13
-3
-8
-33
-52
-43
-24
-27
-52
-57
-32
-16
-32
-61
-57
-31
-16
-27
-42
-26
4
21
6
-7
7
33
43
40
45
57
71
79
77
74
81
82
73
64
58
54
47
37
21
4
-15
-31
-41
-49
-62
-77
-87
-88
-91
-107
-124
-128
-120
-117
-119
