-95
-89
-82
-79
-70
-66
-58
-56
-49
-48
-43
-38
-32
-28
-23
-15
-8
4
11
21
26
33
41
47
51
51
57
60
67
65
71
75
79
82
86
93
92
99
94
99
95
100
95
97
91
92
92
85
84
73
69
54
49
29
21
4
-3
-20
-29
-40
-47
-55
-63
-72
-81
-82
-97
-99
-113
-113
-124
-127
-138
-147
-151
-155
-152
-149
-142
-140
-135
-130
-124
-119
-115
-113
-107
-103
-89
-89
-72
-68
-57
-50
-37
-28
-17
4
18
42
57
88
100
126
134
157
160
174
175
182
189
192
203
206
226
229
244
245
255
246
243
231
219
206
191
182
162
155
126
116
83
69
33
11
-21
-38
-63
-87
-105
-123
-138
-164
-167
-186
-194
-223
-230
-254
-263
-291
-299
-321
-332
-347
-354
-364
-373
-373
-370
-350
-346
-316
-308
-269
-254
-211
-187
-156
-141
-117
-91
-69
-36
-14
33
60
117
158
222
266
328
375
431
477
517
554
575
600
614
631
627
638
631
631
605
583
547
508
462
410
362
301
252
195
151
88
36
-23
-86
-153
-227
-301
-383
-453
-531
-589
-650
-688
-726
-751
-767
-773
-763
-755
-730
-715
-684
-664
-634
-622
-605
-586
-569
-551
-530
-490
-444
-385
-317
-232
-148
-55
43
138
226
301
378
440
495
545
595
652
701
769
832
906
960
1017
1064
1098
1103
1090
1055
1004
931
853
764
672
580
496
409
324
250
173
92
6
-71
-151
-231
-328
-406
-487
-548
-622
-669
-722
-753
-781
-791
-801
-815
-820
-824
-810
-819
-813
-824
-806
-811
-801
-801
-784
-772
-756
-730
-697
-649
-611
-547
-487
-410
-344
-254
-179
-101
-32
58
139
221
301
397
487
573
669
753
837
906
983
1037
1088
1124
1150
1152
1144
1128
1099
1057
1015
964
911
842
788
723
665
604
557
488
410
339
259
183
78
-10
-109
-189
-273
-346
-410
-477
-518
-562
-584
-618
-621
-629
-627
-623
-618
-608
-610
-614
-643
-668
-713
-762
-825
-883
-949
-1007
-1042
-1054
-1048
-1016
-967
-898
-824
-739
-649
-573
-509
-457
-398
-356
-303
-261
-202
-138
-47
48
158
283
422
566
693
830
947
1070
1152
1239
1289
1334
1347
1355
1351
1329
1299
1254
1217
1172
1124
1075
1030
972
908
836
767
674
580
485
386
290
185
99
-3
-86
-189
-283
-394
-487
-582
-670
-743
-798
-838
-870
-880
-878
-873
-879
-883
-905
-939
-1004
-1059
-1137
-1210
-1281
-1332
-1377
-1405
-1388
-1347
-1275
-1203
-1098
-986
-866
-751
-631
-523
-430
-346
-257
-180
-116
-49
26
121
220
354
498
663
827
1007
1170
1333
1469
1587
1672
1729
1750
1740
1719
1671
1619
1546
1495
1432
1370
1304
1232
1154
1057
967
853
743
625
527
416
307
195
90
-20
-139
-257
-396
-521
-652
-747
-864
-937
-1002
-1032
-1064
-1061
-1046
-1034
-1020
-1011
-1004
-1018
-1034
-1071
-1122
-1191
-1230
-1290
-1336
-1390
-1400
-1415
-1396
-1354
-1262
-1170
-1041
-888
-725
-574
-433
-292
-203
-127
-84
-25
4
56
130
234
366
522
718
917
1112
1297
1459
1600
1694
1768
1785
1786
1753
1734
1686
1649
1599
1553
1484
1408
1328
1229
1124
1001
886
757
644
539
450
346
232
124
15
-102
-228
-345
-471
-600
-714
-813
-892
-971
-1012
-1044
-1053
-1057
-1039
-1013
-995
-971
-970
-976
-1007
-1039
-1119
-1208
-1300
-1368
-1443
-1510
-1551
-1557
-1509
-1426
-1289
-1154
-979
-808
-603
-452
-318
-231
-159
-114
-88
-42
8
101
193
338
485
686
860
1058
1225
1400
1550
1683
1794
1856
1895
1885
1877
1839
1809
1749
1699
1608
1513
1395
1300
1173
1056
923
818
690
599
504
401
273
133
12
-149
-271
-419
-516
-666
-761
-873
-937
-1026
-1093
-1142
-1175
-1170
-1164
-1115
-1097
-1045
-1029
-997
-1013
-1046
-1123
-1238
-1354
-1469
-1548
-1635
-1670
-1668
-1584
-1480
-1320
-1130
-925
-715
-514
-326
-197
-96
-19
50
74
124
174
257
325
437
568
736
913
1120
1350
1554
1763
1907
2059
2113
2151
2076
2007
1877
1772
1653
1548
1435
1290
1194
1073
989
845
777
653
558
417
325
177
19
-132
-267
-387
-528
-603
-709
-784
-895
-945
-1027
-1083
-1146
-1158
-1162
-1139
-1107
-1066
-1007
-965
-917
-926
-935
-999
-1069
-1191
-1289
-1383
-1459
-1513
-1537
-1502
-1423
-1291
-1137
-958
-778
-566
-374
-206
-83
19
111
183
255
313
360
397
451
535
644
797
981
1194
1404
1608
1806
1964
2080
2140
2162
2108
2006
1886
1747
1597
1448
1303
1152
994
860
739
605
474
363
274
146
35
-64
-157
-271
-383
-477
-576
-677
-786
-879
-990
-1086
-1176
-1237
-1287
-1287
-1256
-1195
-1137
-1049
-975
-907
-887
-895
-937
-1021
-1142
-1297
-1423
-1536
-1597
-1642
-1604
-1531
-1386
-1221
-1014
-787
-544
-300
-80
111
233
323
373
413
410
417
428
488
567
696
863
1068
1292
1508
1747
1933
2102
2191
2270
2275
2236
2112
1970
1830
1682
1542
1393
1280
1126
981
813
698
526
367
198
69
-75
-206
-297
-379
-477
-592
-661
-738
-808
-909
-1007
-1103
-1176
-1241
-1288
-1320
-1307
-1281
-1222
-1149
-1057
-985
-955
-945
-978
-1029
-1142
-1271
-1417
-1535
-1660
-1750
-1788
-1741
-1644
-1514
-1310
-1061
-776
-487
-166
106
312
439
538
587
589
562
529
479
469
535
666
833
1055
1329
1623
1911
2180
2388
2510
2593
2629
2564
2370
2165
1979
1790
1530
1339
1152
963
701
565
446
300
113
20
-32
-136
-205
-232
-249
-391
-506
-611
-679
-853
-990
-1146
-1243
-1325
-1347
-1369
-1379
-1320
-1249
-1150
-1090
-965
-939
-950
-1038
-1090
-1224
-1401
-1593
-1747
-1916
-2065
-2122
-2101
-2013
-1885
-1635
-1339
-977
-611
-207
131
412
591
713
745
741
696
619
546
525
623
762
979
1249
1609
1936
2255
2511
2735
2818
2840
2809
2700
2479
2163
1923
1685
1484
1210
1022
806
617
422
302
167
-2
-122
-187
-228
-333
-367
-425
-485
-641
-726
-827
-932
-1062
-1159
-1232
-1283
-1257
-1236
-1199
-1172
-1068
-985
-912
-866
-808
-821
-890
-983
-1083
-1266
-1493
-1678
-1858
-2035
-2232
-2273
-2243
-2142
-1986
-1689
-1308
-938
-542
-126
257
495
669
768
832
790
731
649
589
570
629
789
1031
1364
1723
2084
2434
2756
2969
3112
3147
3175
2997
2725
2336
2045
1708
1361
1011
745
521
281
147
54
16
-116
-137
-129
-98
-181
-241
-319
-442
-639
-800
-901
-1024
-1164
-1309
-1326
-1291
-1195
-1127
-987
-847
-683
-585
-497
-493
-561
-734
-981
-1248
-1555
-1863
-2211
-2472
-2681
-2789
-2831
-2707
-2476
-2185
-1893
-1494
-1037
-640
-327
-21
288
478
576
631
707
738
733
724
787
924
1117
1365
1689
2086
2428
2709
2930
3118
3195
3177
3160
3021
2725
2279
1952
1656
1342
953
669
448
224
37
-89
-127
-224
-247
-237
-140
-135
-133
-204
-316
-521
-729
-898
-1054
-1189
-1289
-1277
-1196
-995
-812
-628
-512
-358
-275
-282
-406
-566
-820
-1179
-1564
-1900
-2245
-2658
-2980
-3155
-3160
-3125
-2914
-2628
-2235
-1864
-1408
-969
-583
-287
-3
256
428
527
573
678
753
905
999
1194
1390
1700
1993
2298
2612
2840
2993
3020
3087
3087
3080
3054
2993
2735
2322
1967
1707
1339
860
433
135
-205
-506
-640
-630
-667
-688
-518
-275
-107
-48
37
15
-170
-447
-647
-821
-1004
-1160
-1189
-1092
-899
-666
-467
-319
-196
-104
-136
-303
-551
-884
-1338
-1838
-2308
-2764
-3246
-3598
-3748
-3692
-3544
-3198
-2735
-2218
-1752
-1236
-729
-340
-75
156
385
481
520
574
690
802
993
1260
1606
1886
2245
2524
2864
3004
3164
3136
3122
3012
2928
2886
2864
2927
2644
2343
1812
1632
1127
755
149
-144
-599
-886
-1085
-1072
-1004
-988
-653
-357
121
226
557
507
483
29
-158
-466
-665
-1016
-1180
-1165
-1066
-841
-718
-471
-417
-223
-301
-339
-713
-1034
-1640
-2153
-2795
-3311
-3893
-4242
-4327
-4178
-3819
-3390
-2655
-1982
-1215
-631
47
382
620
657
775
694
499
327
279
359
477
854
1279
1766
2121
2572
2977
3298
3466
3493
3486
3383
3308
3153
3095
3059
2820
2331
1697
1383
986
526
-128
-456
-771
-1069
-1258
-1144
-912
-848
-562
-130
425
583
793
836
794
324
-34
-313
-536
-932
-1199
-1188
-1030
-778
-660
-454
-470
-443
-663
-862
-1313
-1753
-2356
-2834
-3231
-3423
-3635
-3799
-3721
-3508
-3174
-2937
-2343
-1756
-1106
-759
-226
132
391
405
520
668
664
644
604
722
686
785
864
1065
1151
1376
1681
2150
2495
2874
3164
3616
3951
4206
4323
4415
4571
4194
3483
2273
1470
501
-278
-1234
-1693
-2040
-2177
-2067
-1680
-1105
-802
-228
268
903
1025
1247
1088
822
67
-418
-754
-974
-1254
-1392
-1145
-831
-361
-128
150
-3
-165
-667
-1119
-1913
-2675
-3535
-4139
-4569
-4771
-4722
-4468
-3845
-3144
-2235
-1437
-510
106
569
740
899
813
535
184
10
-86
-235
-318
-315
-141
-27
300
722
1311
1593
1914
2188
2712
2989
3262
3430
3721
3937
3978
4155
4284
4661
4261
3654
2436
1727
754
-115
-1240
-2026
-2712
-3237
-3203
-2821
-2017
-1596
-613
356
1625
2081
2558
2451
2110
1070
203
-443
-962
-1521
-1924
-1662
-1245
-607
-364
-40
-249
-487
-1163
-1692
-2560
-3356
-4226
-4607
-4581
-4205
-3679
-3108
-2254
-1511
-904
-727
-353
-103
37
-240
-297
-312
-328
-521
-468
-195
-3
10
8
153
107
29
-18
304
583
991
1488
2360
3226
3973
4518
4977
5420
5506
5442
5078
4979
4594
3747
2222
757
-325
-1303
-2309
-3211
-3605
-3900
-3860
-3422
-2328
-1345
-419
617
2007
3050
3583
3692
3515
2772
1568
506
-283
-972
-1834
-2274
-2263
-1847
-1685
-1546
-1612
-1765
-2254
-2717
-3184
-3652
-4151
-4366
-4104
-3555
-2868
-2180
-1372
-644
24
438
724
733
566
112
-367
-779
-1074
-1375
-1596
-1615
-1391
-1130
-942
-793
-593
-326
28
627
1429
2306
3074
3872
4616
5251
5470
5438
5147
4923
4441
4015
3475
3277
3097
2452
1246
-337
-1481
-2706
-3596
-4675
-4940
-5136
-4565
-3610
-1761
139
1939
3567
5019
6186
6387
6043
4701
3042
664
-1172
-2813
-3699
-4556
-4680
-4388
-3490
-2677
-2043
-1830
-2004
-2266
-2659
-2828
-3145
-3031
-2830
-1952
-996
309
1240
1757
1603
1094
359
-553
-1484
-2449
-3176
-3717
-3721
-3372
-2706
-2073
-1323
-518
401
1123
1581
1711
1660
1695
1908
2361
2818
3372
3930
4557
4936
5104
4781
4182
3279
2611
2010
1530
1014
999
1268
1029
-20
-1570
-2499
-3293
-3858
-4450
-4089
-3371
-2044
-468
1798
3945
5547
6448
6785
6594
5533
3808
1386
-1188
-3800
-5488
-6331
-6232
-5844
-4929
-3721
-2160
-1004
-343
-379
-759
-1218
-1509
-1574
-1512
-1160
-625
212
950
1594
1613
786
-805
-2436
-3632
-4434
-5003
-5323
-5016
-4106
-2626
-999
447
1569
2405
3149
3619
3696
3168
2419
1599
1118
978
1297
1706
2185
2663
3131
3390
3128
2499
1521
747
138
244
551
1180
1904
2837
3118
2488
931
-699
-2120
-3176
-3715
-3620
-2871
-1648
153
2064
3969
5060
5578
5162
4375
2976
1457
-642
-2797
-4713
-5627
-5663
-5116
-4202
-3049
-1748
-765
-4
221
20
-855
-1529
-1811
-1400
-995
-475
59
797
1116
1012
363
-764
-2201
-3762
-4972
-5635
-5545
-5003
-3746
-2171
-236
1461
2888
3851
4503
4593
4249
3637
2820
1816
626
-278
-770
-750
-628
-311
129
752
1263
1500
1612
1669
1733
1686
1935
2387
3039
3490
4069
4258
3433
1533
-628
-2198
-3318
-3987
-4236
-3426
-2152
-449
1158
2776
3891
4356
4142
3590
2902
1879
553
-1068
-2521
-3681
-4137
-4250
-3980
-3654
-3118
-2516
-1752
-1175
-896
-991
-971
-550
110
736
1113
1334
1294
973
205
-830
-2294
-3962
-5441
-6127
-5741
-4511
-2991
-1413
273
1923
3317
4132
4288
3979
3372
2723
2074
1313
368
-714
-1638
-2126
-2116
-1786
-1227
-636
100
903
1618
2144
2397
2506
2643
2978
3448
4026
4293
4378
4535
4151
2765
397
-1899
-3487
-4327
-4589
-4118
-3032
-1833
-368
1183
2749
3596
3851
3626
3375
2932
2278
1176
-348
-2094
-3565
-4344
-4652
-4714
-4672
-4179
-3319
-2192
-1180
-322
171
616
1108
1727
2108
1957
1299
355
-637
-1703
-2641
-3579
-4274
-4641
-4727
-4278
-3047
-1273
434
1932
2956
3705
3988
3828
3304
2553
1554
504
-308
-1083
-1978
-3023
-3699
-3878
-3387
-2549
-1189
315
1961
3290
4525
5315
5656
5369
4823
4259
3594
3141
2453
2311
2041
1119
-822
-2472
-3724
-4346
-4682
-4409
-3385
-2014
-512
1204
2978
4160
4737
4854
4800
4265
3353
1848
-48
-2411
-4541
-6007
-6640
-6863
-6639
-5721
-4059
-1947
11
1638
2664
3291
3523
3553
3088
2079
578
-898
-2018
-2929
-3511
-4023
-4432
-4485
-3865
-2734
-1218
223
1243
2075
2673
3081
3072
2634
1876
1222
611
-13
-744
-1740
-2847
-3788
-4134
-3819
-2832
-1479
329
2273
4121
5483
6221
6163
5450
4461
3184
2171
1219
607
229
609
1580
2227
1432
-368
-1940
-2928
-3510
-4033
-4023
-3417
-2252
-509
1731
3683
4797
5258
5450
5324
4425
2659
189
-2669
-5387
-7323
-8073
-7984
-7289
-5923
-3683
-944
1703
3618
4604
4714
4211
3484
2489
1122
-595
-2091
-3027
-3298
-3333
-3138
-3027
-2980
-2834
-2334
-1514
-662
59
545
1208
1974
2641
2776
2476
1845
1158
364
-600
-1690
-2907
-3920
-4430
-4049
-2995
-1341
634
2792
4712
6005
6653
6241
5230
3547
1849
274
-564
-922
-436
561
1772
3316
3902
2967
644
-1539
-3639
-4887
-5759
-5394
-4200
-2194
200
2957
5104
6151
6502
6257
5338
3439
1138
-1506
-4105
-6567
-8074
-8398
-7598
-6253
-4197
-1562
1216
3423
4785
5234
4856
3810
2470
1119
-245
-1572
-2648
-3066
-3044
-2874
-2676
-2369
-2317
-2459
-2667
-2466
-1559
-128
1310
2471
3230
3440
3212
2397
1172
-289
-1607
-2640
-3189
-3488
-3554
-3379
-2766
-1680
-88
1841
3646
4936
5552
5486
4649
3375
1736
337
-687
-987
-619
620
1969
3265
4272
4413
2768
-101
-2815
-4639
-5593
-6037
-5347
-3652
-1221
1246
3904
5778
6563
6283
5732
4550
2712
309
-2197
-4632
-6821
-8083
-7973
-6728
-5233
-3286
-743
2196
4440
5581
5527
4840
3629
2250
807
-560
-1968
-3023
-3353
-3095
-2696
-2459
-2005
-1689
-1360
-1463
-1551
-1275
-430
373
1238
1969
2313
2239
1691
889
-23
-935
-1897
-2335
-2628
-2659
-2698
-2366
-1822
-798
430
1944
3288
4132
4446
4229
3598
2474
1208
35
-386
-207
734
1854
2964
3739
4291
3307
868
-2435
-4752
-5921
-6094
-5675
-4138
-1721
980
3583
5707
6751
6533
5692
4378
2733
411
-1908
-4221
-6161
-7762
-7962
-6915
-5053
-3086
-769
1938
4482
5988
6126
5265
3841
2249
650
-773
-2062
-3079
-3531
-3175
-2477
-1898
-1641
-1339
-1176
-1271
-1382
-1482
-1463
-1123
-423
570
1631
2107
1794
1197
550
-102
-884
-1761
-2449
-2651
-2540
-2227
-1760
-1040
-159
957
2361
3643
4312
4204
3566
2760
2027
1277
679
301
572
1184
2210
2997
3504
3350
1831
-945
-3859
-5399
-5957
-5662
-4771
-2572
257
3218
5383
6838
6770
5673
4137
2587
673
-1695
-3712
-5252
-6176
-6829
-6270
-4836
-2845
-993
1132
3438
5340
5975
5476
4350
2939
1361
-176
-1454
-2484
-3208
-3520
-3236
-2789
-2504
-2335
-2062
-2003
-2139
-2165
-1530
-366
783
1461
1797
1984
1864
1260
367
-529
-1243
-1708
-1956
-2024
-2045
-2085
-1982
-1528
-684
452
1747
2963
3725
3783
3273
2641
1802
980
308
204
585
1460
2059
2473
2463
2228
2061
777
-1656
-4446
-5617
-5472
-4308
-3067
-1168
1053
3295
4926
5903
5666
4351
2842
1443
117
-1589
-3075
-4329
-5097
-5415
-4724
-3186
-1400
181
1802
3620
5133
5635
4966
3490
1836
355
-879
-2056
-3099
-3888
-4086
-3639
-2940
-2318
-1843
-1258
-637
-259
-294
-156
78
476
726
821
684
558
345
65
-247
-621
-938
-1181
-1407
-1642
-1622
-1526
-1287
-862
-50
926
1847
2434
2638
2626
2573
2463
2088
1844
1461
1272
1087
1134
1062
808
474
466
906
-30
-1964
-4057
-4264
-3635
-2293
-1169
528
2308
3941
5040
5328
4475
2779
1364
171
-790
-1996
-2842
-3601
-3929
-3968
-3041
-1739
-396
611
1877
3328
4411
4446
3425
1886
314
-896
-1974
-2949
-3841
-4285
-4026
-3139
-2229
-1626
-1115
-460
-43
-84
-562
-705
-179
815
1529
1675
1404
872
262
-532
-1343
-1991
-2171
-2001
-1595
-1240
-1078
-1024
-882
-435
371
1437
2418
3077
3331
3100
2687
1858
1123
407
26
-57
244
398
561
629
1171
2252
2039
189
-2600
-3965
-3953
-2694
-1551
-89
1473
3143
4489
5204
4541
2946
1453
502
-39
-699
-1439
-2350
-3152
-3747
-3559
-2879
-1818
-733
741
2446
4003
4636
4067
2394
389
-1268
-2413
-3295
-4020
-4288
-3759
-2532
-1378
-557
-19
645
1392
1793
1487
477
-497
-1027
-913
-711
-763
-1025
-1071
-717
-246
-98
-342
-598
-574
-364
-258
-291
-574
-870
-948
-507
178
883
1326
1747
2277
2542
2432
1878
1126
307
-226
-218
92
568
1067
2055
3432
3052
688
-2897
-4799
-4915
-3328
-1529
381
2187
3831
5174
5618
4602
2563
835
-52
-307
-670
-1312
-2582
-3850
-4918
-4720
-3818
-2375
-857
1181
3489
5362
5853
4636
2238
-364
-2306
-3348
-3811
-3932
-3501
-2327
-621
562
916
702
639
734
750
247
-721
-1723
-2140
-1847
-1273
-884
-685
-209
559
1074
822
178
-371
-492
-504
-659
-902
-1090
-1225
-1256
-1079
-832
-397
127
988
1720
2273
2168
1802
1316
922
746
856
1536
2184
3172
3761
4652
4030
1209
-3579
-7212
-7997
-6228
-3501
-804
2012
4378
6019
6237
5085
2600
491
-494
-195
63
-151
-1123
-2482
-3980
-4862
-4630
-3518
-1689
596
3250
5468
6251
5041
2386
-631
-2842
-3827
-3722
-2975
-1773
-404
897
1488
994
-187
-1304
-1675
-1324
-885
-879
-1277
-1465
-1058
-391
119
354
588
896
1112
822
-43
-1107
-1847
-2066
-1940
-1801
-1735
-1639
-1487
-1200
-644
424
1541
2458
2995
3326
3304
2777
2041
1074
776
924
1674
2201
2531
2520
2586
861
-2951
-7270
-8986
-7348
-3662
294
3356
5663
6591
6650
5345
3000
126
-1386
-1298
-280
406
154
-1126
-3033
-4618
-4900
-3810
-2082
33
2411
4804
6101
5561
3203
99
-2427
-3429
-2928
-1792
-752
72
783
1129
515
-962
-2323
-2591
-1822
-656
56
221
55
-210
-676
-1394
-1936
-1920
-960
291
1082
722
-194
-962
-1164
-1245
-1341
-1124
-551
-86
-257
-755
-1167
-919
-392
594
1815
3035
3690
3608
3131
2200
1380
619
527
550
887
1122
1683
250
-3062
-6887
-7736
-5458
-1656
1637
3895
5525
5912
5401
3573
1194
-1110
-1613
-610
1072
1762
1195
-615
-2897
-4776
-5239
-4166
-2173
300
2941
5378
6392
5391
2750
-195
-2259
-2884
-2306
-1279
-507
-92
177
143
-662
-1981
-2744
-2261
-843
428
1132
964
243
-682
-1234
-1339
-1142
-755
-147
559
735
137
-881
-1554
-1633
-1240
-824
-333
-21
-50
-601
-1170
-1264
-640
367
1435
2305
2771
2455
1612
799
176
50
107
901
1490
2217
2053
2120
1910
287
-3015
-6463
-6747
-4455
-828
1472
3090
3545
3523
2893
2227
1280
567
994
2326
3580
3266
1430
-1529
-4255
-5997
-5697
-3849
-1198
1312
3365
4575
4433
2742
159
-2037
-2858
-2040
-361
1135
1693
1376
513
-605
-1980
-3171
-3441
-2473
-785
738
1433
1013
-395
-2014
-2879
-2538
-1366
141
1340
1804
1484
600
-418
-1294
-1768
-1768
-1261
-647
-296
-701
-1534
-2019
-1534
-348
965
2042
2703
2891
2400
1663
763
190
-113
481
1482
2531
2701
2514
1636
-1018
-4756
-7325
-6169
-2846
907
3135
4519
4551
3702
2425
1374
646
553
1664
3072
3735
2497
-47
-3146
-5584
-6354
-4892
-2035
867
2888
3974
4090
2981
790
-1392
-2346
-1650
136
1881
2639
2012
372
-1467
-2834
-3637
-3638
-2716
-886
840
1631
1003
-400
-1771
-2377
-1996
-977
321
1093
1197
655
-17
-788
-1392
-1639
-1418
-939
-568
-564
-1010
-1708
-2247
-2146
-1246
-23
953
1604
1845
1839
1475
1171
1114
1341
1916
2529
3040
3030
2592
2107
1241
-1202
-4673
-6941
-5865
-2800
342
2068
3097
3234
2828
2346
2096
2014
1928
2479
3089
3320
2011
-293
-3093
-5263
-5854
-4349
-1654
615
1710
1999
2158
1777
667
-650
-1092
-524
718
1818
2161
1346
-324
-1856
-2454
-2271
-1839
-1369
-722
-120
69
-464
-1409
-2170
-2147
-1397
-326
647
1134
971
339
-353
-914
-1175
-1163
-997
-865
-868
-1041
-1461
-1965
-2225
-1838
-697
838
1998
2504
2561
2447
2377
2033
1812
1569
1962
2254
2705
2525
2412
1699
-654
-4350
-7150
-6356
-3482
-202
1541
2833
3209
2954
2163
1572
1498
1994
3089
3766
3540
2052
120
-2234
-4499
-5854
-5016
-2435
206
1481
1533
1293
911
279
-381
-388
341
1402
2179
2169
1293
-163
-1422
-2026
-1970
-1510
-869
-290
-377
-1137
-2390
-3225
-3315
-2516
-1279
98
1259
1725
1319
194
-775
-1223
-962
-304
295
271
-462
-1445
-2316
-2749
-2546
-1654
-306
1205
2477
3063
2771
2036
1341
1191
1391
1791
2266
2494
2774
2573
2665
1591
-853
-4491
-6272
-5009
-2401
-69
1000
1800
1526
1145
840
1322
2115
3211
4136
4140
3055
1299
-482
-2476
-4162
-4807
-3340
-904
869
821
51
-400
-425
-276
-82
558
1247
1892
1925
1295
7
-1108
-1521
-1211
-755
-466
-276
-307
-925
-2325
-3731
-4332
-3766
-2471
-945
537
1640
1984
1512
807
253
-59
-35
468
952
585
-658
-2053
-2871
-3043
-2489
-1293
454
2045
3049
3138
2903
2512
2127
1780
1710
1995
2239
2492
2665
2329
258
-3078
-5416
-4877
-2570
-673
226
753
778
166
-364
-38
1132
2591
3842
4142
3331
1769
141
-1486
-2868
-3377
-2423
-457
1060
933
-495
-1743
-2150
-1747
-826
519
1617
2094
1759
784
-545
-1623
-1851
-1297
-347
516
1058
1013
275
-1211
-3109
-4334
-4101
-2628
-1145
-158
262
381
258
199
375
757
1392
1965
1932
912
-429
-1402
-1681
-1564
-1268
-722
277
1268
1606
1264
1045
1566
2348
2857
2728
2473
2110
2061
2051
1300
-764
-3299
-3934
-2457
-337
364
117
-407
-993
-1477
-1369
-186
1517
3136
3638
2864
1390
248
-596
-1434
-2001
-1631
-368
975
1369
320
-1437
-2808
-2986
-2212
-922
301
1160
1572
1301
257
-1143
-1816
-1536
-778
-176
288
650
796
348
-1100
-2937
-3837
-2780
-910
488
627
75
-664
-969
-691
-98
882
2039
2828
2317
943
-445
-1150
-1280
-1043
-414
570
1650
2138
1822
1053
771
1101
1738
2356
2733
2845
2488
1370
-869
-3219
-4034
-2628
-362
1188
1622
1151
166
-919
-1477
-1258
-57
1669
2853
2564
1240
-89
-1094
-2034
-2552
-2049
-595
983
1722
1289
84
-1120
-1913
-2059
-1566
-600
311
742
566
-132
-1002
-1460
-1268
-775
-427
-176
93
191
-392
-1522
-2297
-1952
-780
207
540
444
276
-6
-366
-573
-340
275
805
798
417
102
182
499
731
707
580
579
570
506
324
409
808
1353
1632
1694
1724
1820
1591
674
-522
-1157
-746
157
863
959
668
256
-64
-298
-359
-21
668
1222
1084
343
-492
-1029
-1255
-1286
-1090
-672
-167
113
72
-217
-580
-898
-1021
-868
-558
-315
-295
-360
-469
-622
-816
-850
-675
-433
-314
-406
-684
-1104
-1442
-1483
-1179
-697
-238
53
85
-96
-391
-629
-677
-463
-62
414
844
1013
768
282
-82
-136
-42
61
208
515
879
1039
971
888
943
1053
1140
1174
1176
1162
1208
1407
1659
1644
1278
787
599
666
746
714
792
964
1042
833
418
-29
-434
-663
-714
-562
-413
-252
-185
-201
-429
-759
-1019
-1054
-904
-746
-740
-923
-1137
-1259
-1291
-1312
-1277
-1137
-912
-803
-904
-1131
-1299
-1326
-1224
-1107
-1050
-1056
-1008
-899
-810
-774
-676
-459
-194
57
162
63
-194
-326
-172
238
716
1219
1718
2137
2269
2016
1485
956
651
563
591
729
1039
1499
1914
2089
1940
1583
1265
1139
1129
1115
1052
1020
917
773
554
356
118
-137
-322
-347
-176
-8
8
-229
-544
-878
-1180
-1408
-1386
-1128
-765
-498
-438
-565
-781
-1016
-1356
-1698
-1835
-1645
-1417
-1355
-1430
-1456
-1355
-1259
-1320
-1567
-1741
-1659
-1315
-859
-387
-21
142
109
-24
-163
-245
-193
-9
314
645
894
1037
1151
1250
1261
1254
1366
1674
1953
2037
1960
1896
1880
1816
1577
1225
826
536
408
521
792
1075
1212
1164
999
720
380
-26
-358
-577
-552
-310
65
325
289
37
-271
-535
-789
-926
-840
-481
-119
-53
-410
-956
-1408
-1714
-1962
-2124
-2020
-1638
-1155
-823
-742
-889
-1176
-1516
-1789
-1824
-1572
-1153
-808
-644
-584
-532
-454
-425
-426
-372
-115
291
719
1024
1237
1440
1621
1700
1614
1522
1515
1493
1278
1024
986
1264
1640
1908
1961
1747
1338
946
742
669
652
693
844
946
831
482
56
-304
-545
-659
-573
-270
40
145
51
-178
-483
-794
-913
-788
-562
-435
-381
-397
-518
-785
-1103
-1407
-1597
-1553
-1279
-913
-742
-879
-1293
-1781
-2172
-2328
-2278
-1978
-1474
-891
-472
-293
-293
-298
-251
-171
-159
-138
5
351
790
1153
1382
1540
1766
1992
2056
1818
1514
1338
1408
1578
1753
1816
1768
1632
1459
1290
1123
960
789
682
679
738
674
434
92
-161
-274
-319
-401
-498
-562
-539
-444
-352
-319
-367
-428
-478
-579
-762
-951
-1055
-1106
-1155
-1272
-1366
-1349
-1229
-1167
-1228
-1407
-1614
-1714
-1591
-1278
-991
-847
-792
-743
-753
-829
-892
-745
-445
-187
-127
-144
-35
254
523
672
855
1195
1591
1784
1699
1474
1329
1284
1349
1434
1545
1605
1670
1750
1753
1589
1371
1211
1038
791
499
293
142
101
170
366
535
541
274
-102
-392
-546
-656
-687
-566
-360
-197
-158
-236
-485
-864
-1233
-1459
-1564
-1594
-1506
-1283
-1029
-954
-1075
-1255
-1300
-1251
-1176
-1137
-1077
-1028
-971
-915
-844
-781
-699
-526
-260
18
231
475
751
1023
1114
1099
1054
964
704
453
493
915
1416
1638
1500
1122
771
479
364
450
753
1058
1184
1150
985
686
266
9
50
339
632
832
842
682
377
-4
-325
-489
-413
-219
-6
66
-64
-419
-859
-1182
-1233
-1064
-864
-787
-867
-1022
-1185
-1336
-1407
-1238
-844
-471
-371
-499
-795
-1151
-1445
-1421
-1025
-383
251
760
1027
1032
792
510
429
549
685
711
744
823
912
839
633
338
192
285
554
789
880
787
542
214
-99
-329
-452
-424
-258
14
200
221
48
-172
-334
-389
-392
-326
-129
185
475
582
448
167
-132
-349
-434
-370
-194
-14
51
-52
-287
-569
-792
-884
-814
-677
-519
-385
-261
-268
-370
-423
-302
-37
284
595
832
970
963
870
774
760
759
789
853
945
967
863
665
410
177
109
253
487
641
613
415
90
-287
-645
-932
-1063
-1000
-797
-600
-515
-619
-875
-1123
-1245
-1239
-1133
-879
-537
-261
-211
-374
-670
-935
-1034
-869
-547
-221
-61
-120
-338
-597
-785
-808
-555
-108
346
565
626
588
539
431
368
424
681
1028
1364
1568
1648
1623
1508
1341
1165
1052
1056
1200
1347
1374
1247
1022
709
483
399
469
480
400
183
-43
-257
-421
-616
-747
-715
-565
-450
-460
-599
-852
-1068
-1198
-1217
-1213
-1113
-1001
-959
-1056
-1274
-1560
-1762
-1756
-1529
-1210
-928
-801
-876
-1106
-1267
-1259
-1087
-849
-555
-263
5
159
210
211
288
503
848
1269
1635
1847
1844
1785
1723
1642
1500
1470
1606
1876
2044
2061
1854
1512
1131
874
748
690
631
581
540
431
191
-153
-422
-553
-551
-521
-448
-400
-477
-723
-989
-1139
-1161
-1094
-974
-853
-843
-1000
-1314
-1617
-1755
-1638
-1377
-1133
-987
-925
-902
-903
-911
-899
-842
-736
-608
-492
-420
-375
-324
-223
-29
250
555
838
1134
1413
1604
1553
1304
1063
1053
1232
1422
1450
1370
1282
1234
1156
1022
908
888
917
873
743
567
369
149
-38
-175
-258
-318
-327
-397
-546
-768
-891
-906
-862
-885
-936
-999
-1043
-1118
-1234
-1301
-1238
-1055
-884
-758
-707
-671
-710
-734
-752
-711
-640
-469
-268
-56
135
326
445
504
548
619
702
837
1053
1279
1424
1433
1389
1330
1348
1374
1366
1221
993
704
449
260
189
157
145
165
220
246
178
60
-58
-102
-101
-98
-180
-349
-584
-802
-949
-1003
-981
-913
-839
-843
-957
-1126
-1250
-1329
-1362
-1348
-1238
-1057
-921
-913
-984
-1019
-1000
-962
-878
-659
-309
108
465
665
711
711
800
1029
1307
1463
1430
1340
1353
1471
1608
1652
1554
1350
1156
1072
1004
866
681
594
605
609
475
246
28
-88
-167
-249
-297
-256
-170
-120
-102
-149
-274
-447
-601
-794
-1063
-1321
-1407
-1315
-1216
-1273
-1448
-1559
-1469
-1224
-985
-815
-675
-585
-607
-698
-744
-692
-539
-302
21
365
616
736
771
832
875
843
771
846
1086
1329
1419
1333
1114
841
659
618
667
678
635
532
433
296
116
-67
-136
-89
3
82
96
-7
-198
-332
-338
-271
-175
-52
26
-57
-334
-681
-942
-1045
-1041
-1004
-953
-842
-730
-683
-728
-757
-732
-628
-463
-257
-73
95
297
493
637
713
799
881
934
859
722
660
805
1021
1134
1054
889
723
620
587
596
598
553
442
283
72
-223
-575
-844
-889
-759
-553
-419
-399
-521
-705
-900
-1024
-1035
-903
-760
-691
-707
-737
-796
-903
-1006
-1068
-1034
-925
-760
-597
-427
-295
-238
-285
-285
-160
91
349
579
814
1062
1292
1444
1509
1493
1435
1349
1307
1353
1465
1520
1446
1269
1052
866
770
798
864
856
701
450
152
-174
-485
-666
-650
-506
-377
-392
-538
-753
-992
-1242
-1424
-1475
-1415
-1339
-1270
-1209
-1210
-1310
-1437
-1483
-1428
-1313
-1182
-1063
-973
-918
-882
-808
-670
-436
-120
207
475
683
861
1043
1202
1273
1252
1232
1337
1563
1802
1938
1893
1667
1384
1224
1174
1111
981
905
920
951
875
655
363
137
14
-51
-95
-115
-165
-275
-429
-590
-775
-964
-1131
-1262
-1367
-1423
-1436
-1481
-1579
-1696
-1728
-1648
-1443
-1240
-1119
-1090
-1057
-995
-844
-603
-268
52
330
563
777
942
1013
952
807
729
820
1079
1349
1530
1534
1394
1169
1019
963
992
1038
1116
1155
1115
947
660
310
33
-68
-12
88
154
104
-88
-389
-686
-936
-1072
-1076
-958
-823
-773
-868
-1099
-1377
-1604
-1694
-1634
-1444
-1215
-1032
-973
-990
-1016
-966
-815
-542
-215
126
423
683
855
942
943
911
920
1096
1401
1659
1684
1482
1196
980
896
890
931
1012
1117
1104
917
587
297
92
43
84
185
251
245
135
-74
-374
-704
-953
-1011
-899
-757
-739
-849
-1054
-1292
-1492
-1531
-1390
-1160
-974
-890
-915
-1035
-1172
-1215
-1073
-775
-419
-113
118
314
477
560
520
430
426
635
1034
1415
1565
1438
1239
1087
1017
957
959
1021
1137
1161
1035
770
483
254
142
146
228
283
280
232
124
-111
-488
-798
-874
-677
-420
-296
-470
-828
-1237
-1466
-1536
-1432
-1288
-1111
-1003
-934
-940
-980
-986
-886
-643
-308
63
365
580
693
730
679
620
666
864
1129
1305
1307
1109
844
630
565
624
772
906
968
933
789
533
229
30
9
113
214
232
127
-58
-291
-532
-730
-763
-601
-358
-229
-300
-538
-808
-1008
-1069
-1027
-921
-831
-787
-831
-926
-1055
-1125
-1086
-916
-683
-419
-189
6
118
143
101
42
96
339
756
1126
1299
1245
1117
1006
933
861
809
819
861
869
807
706
581
466
389
359
361
364
337
247
104
-87
-252
-327
-261
-159
-154
-287
-508
-715
-885
-976
-1002
-952
-859
-737
-649
-613
-613
-601
-522
-394
-252
-153
-72
20
86
67
-43
-102
-52
127
291
411
417
395
338
323
331
410
508
602
652
641
558
379
203
92
101
135
171
107
-48
-284
-479
-598
-579
-461
-314
-224
-225
-286
-358
-369
-314
-231
-169
-114
-60
-32
-25
-39
-20
-4
72
185
348
472
559
603
612
562
469
421
449
536
556
506
380
286
203
151
75
17
-39
-67
-102
-128
-179
-243
-281
-261
-219
-224
-294
-419
-546
-619
-610
-561
-534
-532
-540
-540
-542
-534
-535
-543
-545
-510
-466
-431
-381
-302
-181
-81
16
88
222
381
546
624
667
680
705
712
717
717
721
748
783
826
811
767
688
646
613
596
517
407
261
147
38
-66
-220
-418
-624
-793
-919
-982
-981
-903
-800
-704
-653
-639
-626
-588
-529
-470
-420
-393
-365
-320
-229
-133
-49
4
67
145
255
363
440
465
475
481
512
541
567
561
556
525
482
422
395
399
432
476
502
507
449
371
262
177
80
10
-63
-126
-222
-345
-476
-598
-685
-766
-794
-802
-782
-803
-838
-898
-937
-950
-906
-792
-642
-488
-355
-214
-98
-4
71
194
381
597
777
902
979
1004
978
915
851
798
768
743
719
679
607
523
459
440
411
332
194
52
-88
-195
-278
-319
-324
-306
-307
-347
-412
-474
-518
-556
-580
-590
-578
-557
-537
-538
-556
-567
-563
-530
-482
-397
-319
-233
-175
-101
-19
79
180
278
366
448
496
504
478
473
485
507
490
451
416
414
426
417
382
318
258
179
91
-25
-126
-189
-202
-218
-273
-356
-412
-414
-388
-371
-375
-392
-388
-370
-319
-273
-209
-136
-47
29
77
97
124
175
245
304
326
354
397
439
429
377
302
254
252
290
331
347
336
294
218
118
26
-46
-103
-147
-213
-269
-309
-311
-352
-440
-570
-663
-707
-682
-633
-589
-565
-549
-535
-513
-465
-399
-300
-181
-36
83
172
221
273
328
403
481
558
632
704
778
848
923
950
923
837
751
662
587
484
383
272
178
79
-19
-126
-224
-326
-419
-486
-522
-550
-586
-626
-661
-693
-729
-762
-787
-806
-833
-857
-863
-818
-745
-653
-570
-483
-405
-316
-205
-53
122
284
416
525
629
735
826
893
932
970
998
1034
1050
1066
1053
1033
965
869
731
610
504
427
336
218
82
-72
-202
-320
-411
-510
-592
-679
-730
-783
-837
-920
-998
-1043
-1061
-1049
-1034
-986
-926
-839
-753
-671
-599
-514
-414
-310
-213
-123
-26
97
234
374
484
597
713
847
960
1051
1103
1127
1126
1119
1104
1072
1018
930
822
663
485
282
125
-10
-111
-241
-360
-460
-522
-582
-650
-715
-757
-751
-720
-687
-685
-701
-742
-783
-812
-795
-727
-601
-466
-365
-320
-302
-276
-223
-140
-19
146
331
512
651
750
800
829
855
915
999
1079
1117
1090
1007
878
749
615
504
399
314
215
96
-54
-195
-311
-407
-497
-592
-658
-706
-737
-784
-838
-901
-936
-943
-903
-838
-748
-658
-565
-496
-461
-465
-459
-409
-318
-212
-115
-15
76
153
197
233
255
292
346
449
572
713
818
859
826
779
771
822
893
936
913
830
717
601
487
393
328
289
258
217
151
47
-95
-257
-406
-520
-579
-587
-566
-550
-567
-619
-681
-734
-749
-751
-726
-690
-645
-601
-551
-505
-464
-442
-425
-386
-322
-243
-165
-92
-29
25
78
117
148
162
195
224
267
281
281
266
276
304
357
406
442
468
492
511
504
479
447
439
436
424
382
337
290
248
200
154
104
71
56
51
25
-29
-99
-154
-181
-190
-193
-191
-195
-207
-239
-260
-259
-224
-178
-131
-100
-96
-118
-149
-167
-183
-191
-202
-209
-216
-219
-220
-219
-229
-237
-237
-226
-216
-211
-199
-180
-167
-143
-103
-44
9
57
98
143
178
208
235
261
288
324
367
398
413
395
372
336
311
272
247
223
218
211
198
173
148
129
97
50
-20
-74
-134
-152
-173
-169
-204
-240
-306
-336
-352
-340
-333
-308
-282
-267
-267
-283
-297
-301
-288
-261
-213
-164
-114
-78
-51
-37
-10
20
85
133
183
204
242
263
287
279
287
298
339
373
384
370
334
299
260
236
205
176
144
112
63
6
-45
-71
-81
-101
-138
-188
-228
-253
-268
-283
-287
-284
-264
-250
-241
-248
-261
-263
-245
-222
-207
-192
-161
-117
-78
-59
-58
-62
-63
-57
-51
-25
7
50
92
142
176
186
179
177
209
264
319
346
368
381
396
381
350
303
277
271
290
292
262
205
139
85
49
42
35
24
-13
-56
-115
-173
-235
-294
-353
-392
-409
-405
-391
-378
-379
-378
-375
-354
-332
-300
-267
-223
-197
-180
-180
-169
-138
-82
-16
37
65
74
90
114
152
179
201
227
279
335
381
388
362
335
330
335
333
307
271
244
220
188
144
100
66
32
-8
-62
-114
-153
-176
-195
-214
-238
-249
-248
-223
-193
-178
-189
-204
-204
-182
-154
-130
-107
-90
-82
-87
-92
-82
-55
-27
5
28
28
13
1
-5
1
23
51
73
87
85
92
98
109
121
146
189
234
254
229
179
122
100
101
115
115
94
61
12
-49
-130
-201
-244
-240
-208
-172
-164
-171
-177
-177
-182
-196
-193
-173
-141
-120
-119
-137
-162
-162
-124
-60
0
53
87
117
138
152
143
147
184
261
339
389
391
372
352
340
329
322
322