SAMPLES:	10242
BITSPERSAMPLE:	16
CHANNELS:	1
SAMPLERATE:	16000
NORMALIZED:	FALSE
19
2
-12
-6
2
-3
-11
-3
0
-7
-1
13
25
10
-20
-26
6
32
36
-8
-50
-30
19
30
2
-29
-21
25
45
5
-49
-33
25
28
-21
-51
-27
17
43
32
-20
-36
-23
1
7
-7
0
0
2
-3
-10
11
22
4
-20
-21
7
32
8
-23
-26
-12
6
4
8
11
9
-11
2
22
23
-12
-43
0
42
42
-2
-48
-24
29
48
29
-17
-19
5
20
-2
-18
16
50
55
-1
-65
-53
27
59
38
-32
-64
-23
8
19
9
13
4
-14
-54
-42
15
39
19
-29
-18
13
7
-19
-11
14
13
-22
-28
17
42
18
-25
-29
17
35
-2
-41
-47
22
50
18
0
7
29
18
-31
-19
16
40
22
-37
-60
-15
56
74
-9
-103
-54
35
69
30
-43
-74
-20
41
78
22
-53
-77
-11
62
47
-50
-75
-27
28
39
-26
-17
33
3
-50
0
52
54
-32
-70
-6
35
0
-21
-23
5
37
33
4
-20
-59
-45
11
25
44
-1
-44
-6
37
32
-10
-59
-15
33
39
-7
-36
-23
-10
8
33
49
3
-42
-16
21
1
0
20
54
28
-79
-65
45
102
40
-67
-37
11
22
2
-21
-8
17
26
-4
-3
-19
-10
16
-18
-34
0
-10
11
54
14
-46
-44
40
77
21
-83
-61
34
60
31
-8
-7
5
-24
-17
37
13
0
-12
-13
-21
-4
12
10
0
-8
18
13
-12
-15
16
27
-21
-24
-8
30
-4
-29
-3
-6
-6
-26
10
53
40
-31
-52
-10
30
3
-12
10
36
-3
-39
-21
12
59
-7
-60
-20
-35
12
41
54
36
-7
-39
-72
-46
3
36
33
-10
-2
38
34
18
-25
-53
25
56
-9
-19
-9
26
33
25
12
-22
-47
-18
34
30
-42
-37
37
39
-14
-64
-33
58
82
9
-54
-43
15
39
-38
-52
-10
23
-1
-77
25
56
38
-22
-31
-53
-27
9
0
-15
-29
8
58
37
-32
-11
22
57
-67
-12
57
79
-25
-150
-22
139
133
-65
-124
-62
118
55
-116
-122
4
122
56
-81
-171
37
133
56
-60
-115
12
75
43
30
12
-85
28
79
-95
-143
-61
100
163
49
-22
22
43
7
-70
-88
2
2
47
33
-2
9
-21
-3
-23
20
-34
4
-8
-18
-21
81
105
9
-94
-116
74
60
-59
-103
20
96
86
-41
-59
8
56
22
-80
-1
28
82
61
-23
-97
-69
66
79
3
-141
-61
156
151
-95
-228
-145
150
259
42
-90
-37
44
23
-54
-67
10
-2
30
-19
20
14
-19
-31
-78
39
117
47
-79
-29
15
57
47
-61
-47
13
48
-18
-136
-72
107
136
28
-93
-58
111
83
-76
-193
-99
163
218
29
-174
-127
64
135
58
-93
-19
51
-6
33
-84
-26
-60
-40
9
-44
-10
33
127
48
-3
-57
27
13
-39
-152
-62
81
37
-91
-64
100
90
-54
-149
110
120
19
-130
-112
7
109
29
-81
17
-5
76
-40
-62
40
113
113
-43
-95
-82
88
-10
-20
77
96
93
-50
-101
-45
-41
49
116
-13
-28
-38
72
72
17
31
-53
-117
-203
56
258
79
-140
-146
140
114
-101
-220
-95
216
154
-72
-132
31
14
-179
-127
15
162
121
22
-109
-104
17
111
23
-174
-25
95
71
-74
-90
81
102
14
88
139
57
13
-88
-79
-56
-16
66
82
-67
-44
55
141
-63
-234
82
171
40
-166
-13
103
-66
-209
35
83
-28
-121
117
168
-113
-163
39
172
-49
-164
-52
216
-19
-162
-161
93
169
26
45
64
39
-87
-6
-87
-61
33
-49
-109
-95
219
306
-20
-231
-17
62
-192
-202
-55
298
53
8
210
67
-184
-190
-30
46
2
11
165
86
-3
-42
8
18
11
-122
-130
-110
-50
145
197
51
-111
-113
71
127
-88
-134
88
94
51
-37
-113
-30
-2
9
14
34
-26
222
139
-57
-173
-52
43
-25
-109
-122
83
183
154
47
-61
-3
38
-76
-31
-5
36
-167
-32
64
117
-13
-23
182
115
83
-173
-37
-222
-75
59
47
-7
-64
99
52
117
-154
-56
-59
211
105
-74
-179
-47
-2
-101
-159
3
292
185
-5
-107
185
40
96
-205
-288
-184
-52
136
128
35
-6
271
113
-24
-299
-229
-9
8
-14
-23
86
185
36
-69
-16
94
110
-9
-252
-169
77
48
-38
-149
-92
145
427
46
-212
-251
255
173
-139
-284
-113
229
182
-34
-164
58
47
27
-58
-73
2
97
23
-85
-115
0
357
200
-204
-201
-121
29
-82
-43
-167
-179
44
313
390
-80
-26
13
128
-98
-129
-56
-200
-107
149
307
-37
-47
-27
156
-28
29
113
-122
-192
-36
297
-58
-64
13
135
-147
-384
63
353
220
-225
-156
3
45
-32
137
-64
-293
-64
445
254
-151
-339
-100
171
117
36
-212
-31
122
240
-9
-133
-158
-158
-104
52
2
0
108
219
87
-68
19
-25
-88
-349
8
201
249
206
61
-220
-118
-60
-67
40
-61
149
42
83
-42
-24
-25
149
-185
-95
220
140
-136
-195
218
210
-88
-307
71
161
73
-130
-38
157
130
-32
-5
-52
-51
-72
4
152
51
16
45
-303
-398
32
352
47
-470
-350
348
674
137
-190
-307
88
33
-35
-262
-355
116
382
365
-49
-100
4
-61
-121
-88
-39
-49
3
97
140
155
-47
-102
-24
-5
122
66
-153
-3
-40
-92
-69
10
71
161
121
60
78
-135
-199
-292
107
32
-46
-167
79
191
112
-1
-47
-47
10
-10
4
-145
-15
78
9
-148
75
253
121
-62
-239
47
-106
-107
-86
44
40
147
128
40
-137
-74
100
48
-103
-68
54
102
241
-129
-252
-149
127
59
-46
14
19
73
117
117
-70
-187
-33
35
-25
48
25
130
-93
-26
28
10
-159
-92
20
233
109
-76
40
113
17
-290
-326
-159
299
251
276
26
-33
-67
81
-2
-79
-206
11
174
259
-23
-237
-162
-69
28
-35
196
110
2
-113
85
-155
-282
-133
355
335
-96
-187
17
-51
-423
-289
297
337
52
114
267
-55
-367
-126
-93
95
57
410
198
-144
-256
48
62
-425
-281
55
510
198
138
125
25
-161
-85
-225
-111
-15
41
155
-178
25
287
325
-276
-251
-166
249
-81
-42
-48
-29
102
90
263
-209
-144
-66
296
24
-39
-210
59
83
-176
-306
-443
27
370
417
140
-18
-203
-101
20
-54
-92
-59
67
155
51
92
113
46
-122
-121
36
-173
-380
102
223
37
6
132
242
-54
-77
35
4
-192
-265
-238
116
114
246
188
103
-53
84
40
47
-286
-327
17
254
307
-283
-238
-9
254
-26
-107
-56
59
19
210
-87
-125
-106
278
68
-250
-295
-37
472
246
-213
-128
99
84
-77
-234
119
-46
91
-137
143
114
134
-18
-237
-125
72
266
-36
-188
-286
258
459
18
-555
-279
-3
280
228
30
-22
-80
19
-21
135
-21
-55
-195
40
154
195
-37
-30
99
-62
-74
-197
-27
-67
-205
-40
243
448
-52
-230
-59
124
116
-63
-252
-78
213
337
22
-330
-39
64
110
-195
-254
-9
315
182
-417
-293
-141
528
123
-93
-196
-30
54
-5
80
26
77
-72
80
142
120
-117
-116
-163
0
119
15
94
27
286
108
-419
23
-3
124
-223
-134
62
135
306
-83
52
-458
55
198
-3
-184
-218
290
337
15
-470
-102
35
279
-293
-234
207
291
-12
-272
9
187
243
-97
-128
-183
377
110
-141
-191
-141
164
-31
-63
-94
279
337
169
-118
-159
103
-125
-63
-78
147
18
-55
-44
-8
93
-330
-29
140
302
-210
-230
-25
-46
52
-153
17
74
308
416
63
-502
-305
65
338
-242
47
212
203
-319
-240
-227
-335
-42
117
684
154
-321
-464
131
313
-154
-373
-102
498
212
49
23
-176
-110
-46
129
96
-70
23
165
20
-263
-140
-16
176
53
168
140
-89
-168
-35
176
205
-90
-233
-15
-19
264
-138
-245
-385
81
452
77
-89
-36
410
1
-43
-312
-138
153
-252
-47
-30
382
-212
-117
-51
264
-115
151
25
-24
185
142
-67
-166
53
-221
113
-305
126
-126
371
206
21
-146
-90
-15
-399
-176
152
452
89
210
36
149
-145
-454
-428
110
285
126
122
375
153
-402
-598
23
131
38
-7
127
350
176
233
-646
-463
-213
343
206
-55
136
278
160
-54
-172
-197
101
-25
180
-68
59
24
-93
-33
-367
147
120
26
-68
-79
316
-47
95
-395
-112
-214
288
-8
-15
-238
-59
301
380
90
-123
247
-169
-207
-322
28
-228
78
230
271
55
217
-179
-315
-247
-190
-109
5
-68
187
24
256
254
25
40
-203
-161
73
274
-204
-158
-208
477
57
123
-194
-16
-8
197
48
-118
34
-141
21
-291
30
43
127
-48
206
144
-55
-207
-178
144
179
-153
-187
-13
204
102
-8
-48
-26
346
160
-217
-210
-240
-37
-26
-50
-128
15
137
315
15
9
-190
-74
191
-150
-319
27
396
132
-10
-180
9
209
63
-147
-331
205
1
200
-27
-99
-421
245
328
-243
-323
-64
419
-95
-169
120
96
133
200
165
42
-152
-335
-40
-165
-228
-146
-16
280
188
130
-135
16
178
322
-255
-44
-222
521
195
-88
-335
-3
416
-129
-372
-311
268
261
109
-267
-61
-126
-61
106
-83
87
28
318
170
-356
-221
-99
316
50
-130
-68
142
6
-117
33
-9
146
-121
206
79
-294
43
345
-154
-603
-26
206
364
-51
-141
-67
309
129
-106
-658
441
404
342
-158
-468
-143
-44
30
-484
67
345
668
-313
27
136
394
-303
-475
-463
271
326
260
-93
-393
51
239
234
-433
-600
-120
372
226
-51
-143
176
297
37
-33
-142
75
190
-340
-500
-35
380
-43
-28
70
398
308
-391
-505
-474
344
184
59
-401
222
629
579
-122
-968
-364
177
698
-99
-561
-230
719
643
-236
-794
-342
366
250
-149
-35
10
572
56
-204
-329
-179
204
82
-184
-152
375
436
-241
-548
30
207
139
-193
-153
-10
440
308
1
-396
15
168
-28
-165
-282
-373
77
570
366
-167
-59
41
-86
-55
-370
-31
-63
459
58
211
-35
-244
14
-37
213
-395
-147
183
303
84
-74
192
-155
269
12
-122
-240
-279
-120
-135
299
-233
18
-183
81
-19
-11
329
-133
176
203
-147
-57
-218
85
-54
54
149
223
559
27
-355
-252
233
384
-172
-368
-459
-179
359
249
-38
-142
555
790
357
-371
-424
-706
-232
-46
61
-173
162
332
208
-76
-20
-165
-368
-18
-24
63
-146
-271
30
83
246
-36
-20
229
-283
-98
-271
-130
22
298
254
-170
58
-162
-27
-58
35
315
433
150
-210
-180
-37
57
-236
-153
-106
42
330
134
-238
-283
87
300
44
-72
124
297
-20
-185
148
-45
42
3
326
138
-157
-267
-274
92
-154
153
-5
266
317
49
-62
-520
-363
209
197
-161
-267
166
45
-357
-294
-130
-16
-33
85
63
400
432
141
-67
-215
-306
-54
125
19
86
212
390
103
-88
-245
-285
-171
147
-135
-133
-192
296
268
32
-248
25
175
286
317
-128
9
51
179
-100
14
-32
129
-58
63
119
-109
-248
136
144
-82
-177
28
130
32
2
-207
-360
-289
110
63
-2
-88
-63
45
-76
-148
-296
54
-17
63
-22
66
104
-64
-203
-133
157
81
-49
-182
-30
91
-205
-383
-2
268
150
-60
108
-30
63
46
-115
-81
19
361
200
-225
-190
62
282
229
-101
-101
26
347
-61
-275
-260
30
83
108
57
-11
229
241
284
43
-170
-237
102
283
131
-25
-21
136
333
67
-76
-100
250
256
-19
-244
-189
-131
-57
13
-245
-326
-43
177
5
-199
61
185
47
-128
-109
-63
-3
134
-16
-184
-231
-63
86
-41
-298
-274
-142
198
251
178
-169
15
106
344
260
-92
-57
47
89
-68
-185
-226
-26
212
211
284
210
55
-136
102
75
-177
-36
22
152
121
-30
-229
-292
-314
-95
36
104
-22
0
238
322
128
-111
-42
-29
70
-91
-300
-198
-64
57
30
-81
-227
-25
-38
-209
-293
-167
11
60
2
-119
2
-44
-34
-39
31
14
18
92
38
71
90
151
15
64
71
174
224
182
131
19
43
-12
-15
-185
-149
-52
221
331
203
0
86
160
129
50
132
175
131
46
-170
-242
-299
-95
-54
-83
-162
155
158
-143
-346
-313
-107
-96
-266
-387
-164
88
1
-70
-120
-155
-138
-161
-114
-232
-205
-88
33
71
-83
-174
-143
-103
-145
-50
12
178
254
252
268
151
73
14
42
54
49
39
175
305
342
194
236
503
774
760
779
855
1035
1008
765
456
268
168
34
33
-57
-5
99
202
180
-134
-430
-620
-501
-595
-747
-746
-495
-309
-497
-637
-706
-683
-908
-905
-892
-1080
-1330
-1327
-1206
-1299
-1550
-1634
-1425
-1262
-1253
-1217
-1006
-760
-485
-376
-240
-26
340
779
1229
1759
2143
2716
3151
3396
3229
2918
2736
2784
3019
3371
3809
4175
4537
4476
3926
2968
1724
164
-1358
-2683
-3927
-5043
-5729
-5744
-5170
-4211
-3147
-2036
-1133
-341
184
341
-10
-619
-969
-1042
-1255
-1973
-2700
-3010
-2917
-3103
-3724
-4145
-4056
-3545
-2892
-2298
-1807
-1040
100
1463
2766
3685
4603
5614
6381
6792
6642
6182
5394
4754
4742
5400
5887
6105
6408
6209
4199
212
-4291
-8106
-11967
-15684
-16015
-11294
-4283
806
4110
7240
9639
9173
6016
2706
853
971
2510
4443
4818
3136
655
-1572
-4644
-9378
-14174
-16357
-15410
-13088
-10545
-7764
-4335
-491
3307
6263
7409
6950
6424
6676
6764
5084
2318
336
-226
-699
-1583
-2140
-1470
268
2357
4110
4889
4521
3493
3148
3315
3797
4601
6553
8256
7755
5262
2091
-2328
-9079
-14965
-15707
-11491
-6735
-3220
953
5840
8551
7618
4655
1700
-404
-581
1131
3120
3526
2902
2696
2076
-876
-5826
-9960
-11654
-11970
-12059
-11347
-9057
-6338
-4052
-998
3262
6607
7785
8143
8719
8298
5732
2045
-1061
-2997
-4026
-3861
-2939
-1907
-843
1056
3432
4723
4565
4401
5375
6437
7021
7686
8981
9666
8346
4953
852
-3969
-10372
-17008
-19614
-16255
-9786
-3969
1058
6244
10369
11295
9154
5638
2467
1318
2493
4442
4595
3037
1336
-237
-3431
-8046
-11884
-13280
-12516
-10361
-7567
-5302
-4175
-3146
-1308
-101
-251
492
4055
8531
10762
9818
7109
3481
-932
-5573
-9031
-10154
-8407
-4161
962
4896
6558
6798
6693
6340
5344
4531
5350
7805
10571
12273
12267
9470
3443
-3999
-10858
-17434
-24266
-27285
-21519
-9276
1790
8476
13661
17855
18127
13639
7502
2733
562
1573
4569
5632
2663
-2173
-6194
-10380
-15743
-19869
-19467
-14498
-7698
-1050
4393
7255
6935
4991
3092
933
-1624
-2084
1463
6867
9730
8144
3321
-2569
-8025
-12144
-14011
-12947
-8311
-560
7575
12263
12212
9692
7534
6198
5138
4783
6070
8872
11724
12953
11036
5373
-3011
-11305
-17395
-22302
-26662
-26772
-18130
-3284
9425
15799
18522
19943
18024
11909
4568
-550
-2220
-351
3207
4403
758
-5187
-9805
-13326
-16989
-18820
-15647
-8073
511
7378
11580
12463
10200
6166
1633
-2346
-5369
-6872
-6102
-2834
815
1907
-186
-3366
-5187
-5577
-5329
-4405
-1743
3182
8610
11539
10096
5990
2143
548
287
295
1402
4612
8723
11112
10514
7248
2583
-2883
-8911
-14071
-17126
-18532
-18501
-13971
-3153
9184
15861
16767
16525
15619
11165
3963
-1786
-3803
-2765
93
2384
886
-4276
-8921
-11044
-12834
-14517
-12572
-5475
2973
9116
12415
13226
10993
6818
2368
-2640
-8173
-11459
-10954
-9110
-8078
-6238
-2260
1641
2813
2284
1954
1945
1916
2325
3141
3229
2677
2125
1668
128
-1642
-1345
1317
4271
6420
7937
8432
7191
4668
2248
-665
-4997
-8998
-10115
-10353
-12855
-14451
-9015
2028
10240
12518
13470
15346
14607
9896
4283
281
-1923
-1612
332
-30
-4699
-9661
-11196
-11340
-12422
-11553
-5895
1794
7540
10717
11930
10129
5816
1324
-2855
-7782
-11726
-11777
-9203
-7043
-4928
-844
3811
5769
4906
3328
1800
55
-937
-801
-846
-1394
-1550
-1248
-1968
-3472
-3196
-102
4091
7461
9968
11236
10750
8729
6288
3913
706
-3330
-6522
-8297
-10719
-14905
-16476
-10434
859
9649
13346
15767
18009
16732
10661
3293
-2316
-5141
-4987
-3390
-3896
-7363
-10007
-9653
-8881
-9123
-7166
-930
6340
10769
12053
11201
7856
2688
-2555
-7534
-12165
-14337
-12824
-9714
-7170
-4100
859
5519
7319
7026
6296
5092
3063
943
-959
-3179
-5567
-6894
-6961
-6766
-5831
-2616
2829
8279
12025
13882
13885
11800
8486
5461
3665
2446
309
-3140
-6566
-9962
-15211
-20848
-20356
-10292
3571
13315
18632
22480
23219
17933
8634
-263
-6767
-9817
-8671
-5912
-5723
-7874
-8462
-7363
-7446
-7508
-3644
3359
8582
10294
10254
8548
4139
-1529
-6385
-10466
-13257
-12363
-8464
-5303
-3544
-413
4106
6407
5715
4986
5103
3950
893
-2532
-5791
-9003
-10820
-10146
-7815
-4770
-4
6826
13119
16379
16766
15120
11485
6678
2642
373
-627
-316
550
-842
-5579
-10640
-14412
-19078
-22535
-16710
237
17947
26899
29077
28436
23041
11126
-2266
-12268
-18022
-18258
-12647
-5955
-4427
-6262
-6369
-5155
-5638
-5066
489
8096
12338
13039
12003
8299
1126
-5958
-10319
-13087
-13914
-10673
-5196
-2108
-1657
-237
2501
3623
2545
1656
1260
118
-1635
-3454
-5542
-7704
-7892
-5341
-1799
1446
5013
9415
12919
14150
13178
10588
6555
2060
-1288
-3010
-3068
-1249
1875
3272
1027
-3096
-6861
-11275
-16042
-14998
-3799
11980
22282
24723
22627
16862
6643
-5333
-14513
-19193
-18426
-11845
-3146
1567
1228
143
-50
-1220
-2289
634
6421
9802
8908
6145
2301
-3352
-9285
-12398
-12713
-11502
-8090
-2729
729
104
-1244
96
2490
3238
3097
3539
3384
1434
-1871
-5794
-9691
-11374
-9034
-4208
484
4548
8958
12811
14029
12561
9957
6770
3145
75
-1357
-1287
31
2697
5477
5173
789
-4676
-9239
-14397
-19429
-17574
-4585
12569
22948
24404
21377
15247
5271
-5933
-13857
-16906
-14487
-6919
1506
4502
1709
-1619
-3461
-5467
-6544
-3183
3080
6959
6603
4299
928
-3809
-8153
-9389
-7970
-5299
-1305
3224
4726
1656
-2544
-4027
-3245
-2425
-1898
-841
425
1172
805
-1417
-4810
-6375
-3887
910
4844
7179
9159
10718
10452
7980
4460
1087
-1459
-3120
-3852
-3402
-1356
2169
6141
9059
9098
5485
-104
-5570
-11652
-18314
-19524
-9274
7598
18872
20088
16637
11909
4129
-6125
-13682
-15811
-12468
-4329
5018
9109
5782
156
-3822
-7218
-9815
-7946
-1536
4110
5921
5544
4044
690
-3668
-6149
-6343
-5393
-2923
733
2235
-742
-4699
-5004
-2109
605
1864
3232
4738
5112
3584
-13
-4358
-6728
-5054
-1006
1722
2229
2249
2962
3108
2231
1575
2183
3414
4023
3697
3020
2741
3524
5444
7847
8838
6458
940
-5565
-12838
-21277
-25978
-19374
-2513
13402
20512
21338
19487
13836
4069
-5452
-10942
-11621
-7105
234
4251
1270
-4659
-8556
-10730
-11756
-8883
-1384
5917
9203
9530
8292
4797
-39
-3369
-3929
-3182
-1708
464
1286
-1447
-5787
-7463
-5423
-2133
276
1929
3060
3076
2170
410
-2226
-4820
-5262
-3015
-382
531
166
492
1875
3590
5140
6382
6989
6494
4686
1901
-581
-1369
129
2742
5621
7947
7537
3007
-3729
-10348
-17034
-21741
-17673
-2480
14498
22411
21488
17128
10386
341
-9659
-15168
-15720
-11276
-3252
3360
3260
-1475
-5095
-6184
-5960
-2702
4818
12112
13960
10962
6174
293
-6262
-10715
-10824
-7478
-2729
1644
3511
1267
-3834
-7944
-8324
-5242
-647
3545
6300
6904
5094
1238
-3822
-8397
-10199
-7809
-2588
2018
4217
4859
5738
6776
7117
6604
5802
4528
2311
-527
-2857
-3472
-1711
2147
6993
11155
12183
8254
433
-8563
-17155
-23599
-22747
-10882
6311
17986
20355
17298
11845
3751
-4951
-10459
-11249
-7411
-96
6417
6845
1408
-4382
-7294
-7834
-5740
-193
6064
8500
6440
2495
-1668
-5445
-7200
-5720
-1952
2261
5113
4775
519
-5994
-11247
-12187
-8335
-1702
4241
7071
6690
3982
-125
-4386
-7270
-7487
-4507
547
5101
6817
5670
3547
2203
1649
1684
2074
2157
1202
-444
-1692
-1852
-557
2578
7112
11143
12959
11257
5086
-4007
-12199
-17957
-21766
-20852
-10294
7226
20256
22222
16960
9757
1812
-5629
-9401
-9051
-5794
164
6198
6767
256
-7322
-10804
-10415
-7087
-311
7442
11126
9401
5311
817
-3612
-6361
-5734
-2812
400
2569
2446
-815
-6009
-9892
-9877
-5852
464
5913
7788
6014
2539
-742
-3112
-4576
-4617
-2444
1466
4776
4874
1769
-1838
-3118
-1906
576
2806
4026
3966
3009
1484
-160
-1110
94
3657
7823
10599
10723
6711
-1201
-9449
-15284
-19465
-21287
-15293
182
15835
21537
17957
11454
4716
-1875
-6069
-6646
-5003
-1307
3521
5087
164
-7218
-10855
-10127
-6709
-534
7155
11448
9798
5121
789
-2458
-4019
-2871
-123
1922
2843
2320
-1114
-6838
-10831
-10410
-6537
-1156
4681
8748
8530
4460
-354
-3796
-5368
-5030
-2985
-485
906
890
-306
-2123
-3360
-2451
578
4014
5944
5621
3490
669
-1596
-2150
-580
2833
6852
9661
9987
7486
2013
-5110
-10880
-14029
-15996
-16028
-9367
4311
16324
18478
12670
5469
49
-3371
-4122
-2733
-679
2354
5583
4918
-1582
-9429
-12780
-10867
-5473
2248
9711
12679
9916
4690
-11
-3159
-4053
-2331
520
2296
2748
1520
-2314
-7638
-10894
-10178
-6541
-1494
3796
6975
6056
2197
-1753
-4216
-5032
-4238
-2207
78
1544
1783
483
-1632
-2980
-2172
170
2432
3655
3884
3340
2214
970
279
437
1763
4032
6209
6971
6164
3677
-441
-4842
-7916
-10488
-13476
-13251
-5076
7376
14441
12783
7646
3981
1994
681
-109
-537
-72
1848
2510
-1047
-7008
-10045
-8275
-3455
2628
8278
10590
8036
2896
-1510
-3953
-4073
-2108
477
1897
2039
941
-2225
-6834
-10125
-10009
-6777
-1945
2964
5493
4109
576
-2091
-2648
-1929
-859
205
975
902
-364
-2748
-5160
-5599
-2959
1406
5118
6800
6500
4813
2432
402
-588
-706
-15
1752
4144
5639
5566
4565
2674
-588
-4092
-6555
-9224
-12460
-11596
-2490
9323
14410
11254
5874
2476
737
65
112
325
1132
2701
2371
-1873
-7388
-9510
-7149
-2003
3896
8205
8462
4792
107
-3154
-4383
-3359
-751
1753
2607
1694
-726
-4507
-8055
-9177
-7369
-4095
-744
2068
3446
2811
942
-772
-1588
-1545
-1013
-564
-664
-1344
-2283
-3200
-3466
-2417
-129
2428
4309
5090
4643
3226
1331
-453
-1785
-2253
-1286
1178
4201
6541
7594
7457
5558
1825
-2251
-5390
-8836
-12642
-12153
-3634
7500
11979
8362
3188
1768
3312
4659
3833
1773
1084
2086
1017
-3733
-8579
-8925
-4854
640
4879
6165
3951
-31
-2869
-3124
-1301
1530
3950
4515
2931
-57
-3450
-6759
-9043
-8972
-6372
-3147
-1133
-406
166
834
1100
744
455
794
1243
782
-808
-2597
-3659
-3801
-3541
-2695
-1198
684
2252
2997
2900
2258
1399
758
715
1354
2405
3722
5086
6259
6584
5733
4086
1636
-1384
-4121
-6398
-9091
-10772
-7043
2470
10186
9715
3820
27
833
3213
3985
3033
2518
3689
4260
1113
-4316
-7424
-6012
-2309
1127
2953
2533
95
-2401
-3077
-1892
-172
1090
1414
615
-978
-2603
-3608
-3723
-3113
-2247
-1559
-1843
-3132
-4229
-3697
-1399
1098
2138
1367
-228
-1344
-1772
-2303
-3032
-3163
-2282
-1133
-604
-675
-509
811
3137
5256
5859
4949
3499
2065
567
-572
-462
1198
3475
5198
5984
5462
3148
-68
-2742
-5639
-9421
-10968
-5534
4186
9347
6244
758
-69
3450
6307
5551
3202
2600
3811
3068
-1037
-5398
-6157
-3526
-278
1303
359
-2200
-4506
-4796
-3133
-718
1298
2515
2764
2190
1030
-199
-1347
-2212
-2851
-3330
-3925
-4869
-5644
-5296
-3289
-629
862
465
-474
-587
57
241
-376
-1226
-1581
-1723
-1828
-1569
-312
1825
3773
4418
3489
1697
157
-362
-144
228
816
2232
4495
6621
7247
6192
4692
3294
1272
-1402
-4207
-7411
-10093
-8352
-546
7100
7239
1425
-2283
212
5114
7018
5059
3105
3798
5027
2777
-2305
-5899
-5364
-2514
-728
-1630
-4401
-6382
-5848
-3006
120
2026
2457
2342
2172
1870
997
-118
-1092
-1595
-2198
-3313
-4635
-5989
-6796
-5987
-3085
89
992
-470
-1816
-1145
845
1569
214
-1330
-1025
351
872
139
-276
728
2680
3627
2741
1226
1004
2077
2546
1712
881
1918
4334
5994
5491
3860
2845
2428
1175
-1352
-4670
-7380
-7334
-2692
3391
4771
224
-4116
-2526
3377
7608
7208
4887
4370
5288
3813
-716
-4790
-5247
-3018
-1093
-1489
-3862
-5896
-5759
-3712
-1539
-307
75
337
933
1713
1902
1258
350
-179
-625
-1721
-3185
-4522
-5403
-5429
-4039
-1926
-1108
-2171
-3210
-2246
291
2081
1758
488
274
1379
2323
1886
795
224
677
1179
929
380
621
1964
3215
3101
1851
1329
2403
4005
4301
3405
2553
2853
3212
2062
-297
-2805
-5258
-7079
-5202
224
3531
832
-3305
-2383
3301
7814
7278
3942
2157
3099
3282
350
-3473
-4634
-2751
-828
-1225
-3746
-5751
-5398
-3199
-1252
-662
-1034
-1244
-661
424
1175
1124
856
877
1350
1346
-37
-2531
-4516
-5407
-5671
-5314
-3670
-1148
402
203
-689
-487
784
1457
603
-371
74
1413
2061
1611
1212
1712
2844
3306
2408
973
320
580
928
987
1034
1783
3182
4282
4313
3871
3597
3036
1573
-1152
-4656
-6792
-4412
1128
3503
-205
-4670
-3427
2224
6105
5014
1800
628
2101
3100
1278
-1488
-2258
-650
596
-522
-3416
-5401
-4888
-2870
-1484
-1698
-2636
-2900
-1698
90
1231
1168
560
53
94
528
474
-355
-1273
-1852
-2660
-3399
-3216
-2211
-1986
-2895
-3511
-2369
-99
1372
1189
548
1021
2227
2913
2395
1633
1422
1935
2210
1571
635
505
1336
1862
1212
198
521
2434
3884
3507
2658
3211
3993
2968
703
-1431
-3414
-4677
-2827
1092
1903
-2115
-5464
-3199
2248
5207
3620
613
-135
1632
2780
1236
-971
-1196
481
1421
301
-1984
-3370
-3173
-2428
-2492
-3631
-4718
-4214
-1883
525
1348
773
305
793
1876
2513
1792
10
-1665
-2405
-2717
-3166
-3299
-2547
-1845
-2539
-3948
-3862
-1578
809
1348
534
484
1920
3398
3461
2475
1925
2220
2554
1975
848
231
434
651
273
-15
745
2400
3528
3282
2263
1915
2344
2294
1230
-484
-2285
-3378
-1974
1179
2078
-1118
-4409
-3227
1119
3802
2518
-189
-717
1565
3463
2503
165
-637
507
1404
503
-1510
-2727
-2347
-1533
-1954
-3556
-4664
-4085
-2444
-1217
-943
-946
-496
430
1400
2018
1936
1007
-388
-1376
-1766
-2036
-2272
-2115
-1947
-2519
-3302
-2879
-982
704
734
-440
-820
579
2405
2875
1912
975
974
1599
1962
1761
1415
1483
1678
1526
1354
1846
2863
3334
2564
1339
1153
1990
2062
660
-1233
-2700
-3021
-1183
2082
2841
-458
-3966
-3029
1140
3763
2414
-719
-1748
262
2582
2187
102
-903
189
1343
966
-642
-1939
-2149
-1897
-2105
-3029
-3854
-3734
-2555
-1312
-800
-888
-779
-58
1047
1785
1530
290
-886
-1304
-1493
-1985
-2378
-2053
-1539
-1491
-1594
-1107
-24
778
459
-816
-1560
-845
605
1165
562
-109
350
1736
2931
3080
2514
2195
2396
2699
2581
2456
2629
2721
2057
1027
743
1167
1118
285
-610
-1288
-1759
-910
1468
2497
-34
-3400
-3180
226
2464
1012
-2170
-3361
-1275
1769
2569
1215
225
926
2002
2027
942
-459
-1453
-1988
-2383
-3040
-3618
-3705
-3093
-2304
-1757
-1568
-1333
-815
32
843
1055
369
-566
-734
-286
-53
-343
-443
-363
-664
-1490
-1992
-1508
-569
-498
-1661
-2460
-1429
702
1714
1065
259
903
2664
3922
3532
2150
1450
1955
2669
2590
2113
1978
2180
1996
1382
1074
1576
2144
1684
545
-720
-1691
-1926
-283
1759
938
-2723
-5197
-3313
373
1998
-56
-2685
-2531
668
3421
3001
887
-333
523
1690
2052
946
-590
-1663
-1782
-1597
-1993
-2763
-3341
-3035
-2483
-2073
-2132
-2017
-1382
-264
522
323
-400
-682
-7
784
909
323
-294
-662
-910
-1106
-1073
-951
-1174
-1713
-1825
-1024
144
743
543
326
912
2067
2800
2587
1950
1661
1934
2277
2156
1727
1513
1651
1784
1817
2135
2882
3207
2354
886
-136
-619
-864
-335
437
-494
-3344
-5248
-3918
-958
534
-647
-2461
-2172
511
2976
2824
1013
-3
901
2360
2801
1720
138
-717
-692
-573
-1172
-2139
-2880
-2944
-2632
-2267
-2242
-2332
-2041
-1270
-546
-501
-731
-570
61
363
3
-473
-553
-330
-268
-412
-490
-442
-480
-746
-780
-336
297
504
293
158
451
953
1247
1334
1256
1221
1317
1481
1445
1486
1999
2591
2705
2522
2673
3125
3292
2531
1205
323
-216
-1111
-1975
-1393
-373
-1337
-3835
-4582
-2124
752
1064
-1272
-2980
-1564
1860
3639
2145
-126
-524
1118
2564
2533
1129
-316
-750
-289
108
-358
-1245
-1985
-2076
-1838
-1647
-1861
-2167
-2121
-1727
-1395
-1547
-1958
-2121
-1756
-1297
-1034
-698
-213
-5
-182
-160
388
845
714
321
448
1009
1257
630
-266
-429
234
841
699
142
-131
248
801
962
893
1341
2311
3028
2992
2696
2749
3168
3122
2264
1073
-1
-756
-822
167
443
-1172
-3282
-3106
-702
955
141
-2067
-2581
-671
1764
1905
-92
-1573
-894
1140
2227
1777
458
-152
330
1102
1163
379
-353
-782
-974
-1351
-1835
-2281
-2444
-2288
-2090
-2039
-2264
-2328
-2062
-1768
-1801
-1782
-1092
-242
-133
-802
-980
-13
1216
1417
511
-192
86
864
963
207
-597
-568
208
938
1063
641
277
423
971
1467
1765
1970
2082
2165
2393
2814
3284
3393
2714
1500
701
376
-95
-404
240
636
-784
-2748
-2501
-132
1217
-244
-2900
-3525
-1367
1013
804
-1291
-2088
-372
2066
2818
1857
609
358
1053
1643
1343
205
-836
-1324
-1184
-1001
-1179
-1712
-2208
-2378
-2417
-2437
-2524
-2513
-2502
-2541
-2524
-2016
-883
-103
-359
-921
-378
1104
1881
1051
-420
-646
618
1763
1115
-644
-1388
-280
1307
1615
699
-57
510
1722
2320
2130
1967
2263
2410
2302
2175
2383
2613
2111
999
95
21
-27
-105
467
984
31
-1758
-1720
192
1339
-107
-2679
-3364
-1376
1015
768
-1447
-2390
-541
2020
2657
1446
56
-34
873
1553
1145
92
-633
-688
-382
-372
-947
-1791
-2286
-2296
-2272
-2415
-2613
-2747
-2816
-2832
-2591
-1901
-880
-357
-791
-1281
-658
789
1476
643
-622
-730
559
1604
1037
-570
-1200
-59
1462
1814
905
183
675
1981
2775
2545
2127
2200
2470
2293
1849
1735
2161
2298
1591
780
571
576
201
241
754
285
-1527
-2505
-1009
1016
862
-1492
-3158
-1944
815
1747
-369
-2588
-2030
545
2007
1193
-343
-694
433
1675
1751
644
-420
-592
-197
-91
-678
-1510
-2050
-2107
-2037
-2193
-2508
-2754
-2756
-2759
-2678
-2139
-1114
-480
-955
-1766
-1531
-45
1088
605
-777
-1132
268
1805
1669
58
-813
313
2232
2926
2000
1079
1338
2305
2687
2185
1607
1538
1611
1426
1317
1833
2562
2354
1339
446
307
329
473
633
-54
-1596
-2441
-1057
995
1328
-492
-2217
-1599
539
1518
-232
-2519
-2560
-377
1461
1141
-220
-820
170
1524
1787
731
-438
-615
-148
93
-330
-976
-1403
-1541
-1593
-1709
-1959
-2443
-2959
-3275
-3179
-2557
-1577
-878
-1052
-1643
-1503
-275
866
552
-949
-1722
-564
1291
1769
513
-557
168
2033
3052
2409
1389
1319
2133
2661
2359
1903
1724
1887
1787
1631
1714
2046
1956
962
138
-248
-198
-106
354
478
-561
-1473
-956
847
1401
62
-1874
-2134
-441
744
-257
-2452
-2784
-907
1044
1201
133
-284
525
1847
2148
1186
-41
-398
85
318
-116
-872
-1359
-1554
-1732
-1918
-2095
-2216
-2511
-2949
-3110
-2521
-1387
-864
-1476
-2378
-2066
-433
880
523
-922
-1434
-282
1271
1428
187
-667
124
1911
2724
2034
1152
1471
2642
3261
2763
1967
1836
2378
2758
2359
1684
1216
1018
681
149
-516
-836
-174
488
-31
-1403
-1398
277
1376
439
-1491
-1871
-401
1012
138
-2198
-2996
-1294
815
873
-430
-1045
2
1692
2370
1574
309
-25
509
897
499
-441
-1264
-1569
-1484
-1656
-2223
-2574
-2609
-2739
-3070
-3018
-2358
-1656
-1468
-1762
-1640
-718
328
387
-400
-811
-267
598
660
-9
-382
375
1637
2152
1731
1298
1781
2726
3328
3020
2327
2047
2391
2880
2726
2019
1060
625
592
420
48
73
517
8
-1167
-1535
-295
735
77
-1559
-2214
-853
866
748
-1317
-2654
-1619
275
798
-234
-1066
-609
818
1877
1697
838
392
722
1067
818
39
-719
-1004
-1002
-1155
-1605
-2017
-2306
-2700
-3040
-3011
-2619
-2490
-2788
-2886
-2085
-612
222
-267
-1209
-965
377
1174
487
-668
-678
547
1764
1768
1087
1037
1920
2906
3049
2764
2586
2782
3041
3005
2606
1869
1440
1140
770
307
350
511
-261
-1441
-1681
-588
203
-350
-1593
-1956
-690
742
566
-1286
-2403
-1393
429
960
-75
-1024
-711
708
1756
1484
411
-95
420
1153
1310
761
-93
-639
-684
-542
-886
-1565
-2075
-2333
-2409
-2489
-2451
-2566
-2670
-2641
-2365
-1769
-1166
-883
-1098
-1067
-479
251
507
288
249
713
1582
2106
1919
1445
1477
2219
2854
2791
2164
1889
2325
2823
2690
1869
1076
771
1174
1567
934
-507
-1278
-555
256
-268
-1726
-2545
-1778
-423
-59
-1274
-2271
-1517
209
925
173
-614
-394
745
1633
1523
690
217
515
934
843
276
-272
-538
-529
-500
-655
-910
-1110
-1195
-1344
-1630
-1971
-2119
-1999
-1869
-2036
-2270
-1989
-1270
-825
-1050
-1316
-906
92
693
449
112
615
1718
2342
2119
1635
1792
2463
2864
2404
1551
1210
1507
1698
1182
616
827
1316
1000
-4
-409
72
379
-342
-1534
-1815
-890
25
-482
-1965
-2468
-1362
-85
-104
-974
-1264
-382
996
1531
987
318
561
1329
1579
1096
432
219
301
333
-51
-625
-913
-969
-1098
-1459
-1698
-1716
-1586
-1481
-1515
-1495
-1315
-945
-889
-1068
-1064
-646
-184
-54
-138
-38
458
1101
1470
1411
1369
1659
2217
2504
2357
2022
1888
1850
1599
1217
924
592
-29
-652
-832
-562
-502
-981
-1656
-1675
-948
-238
-393
-1053
-1136
-419
157
-138
-822
-1078
-681
-31
228
33
-108
290
841
1072
887
612
403
506
899
946
517
49
85
40
-368
-971
-1339
-1401
-1493
-1746
-2069
-1791
-1073
-793
-1242
-1459
-584
610
955
262
-255
264
1475
1995
1406
731
1107
2211
2630
2097
1233
1014
1405
1934
1841
900
13
-32
650
748
-140
-1370
-1943
-1600
-1111
-1341
-2391
-2968
-2338
-1206
-763
-1012
-1164
-826
-148
337
355
141
208
551
723
755
870
957
675
293
153
199
244
129
-154
-439
-319
27
114
-218
-575
-624
-437
-248
-457
-919
-1136
-773
-310
-260
-480
-428
143
831
1193
1074
986
1398
1968
2011
1665
1427
1449
1508
1627
1569
1016
387
223
417
315
-139
-755
-1213
-1085
-596
-624
-1440
-1936
-1543
-975
-977
-1459
-1903
-1974
-1475
-944
-897
-1111
-918
-421
13
277
428
362
223
409
572
592
527
548
353
42
-45
26
130
30
-216
-474
-287
201
259
-162
-398
18
664
872
623
291
411
885
1050
819
626
983
1279
1344
1182
911
835
1052
1386
922
138
-98
371
707
293
-396
-870
-500
60
-123
-1125
-1730
-1244
-626
-689
-1295
-1637
-1361
-690
-287
-635
-1121
-990
-469
-320
-628
-831
-868
-719
-535
-546
-672
-617
-295
-280
-459
-467
-176
85
60
-46
-61
385
862
816
302
256
873
1401
1381
1107
1141
1499
1947
1968
1723
1439
1443
1475
1224
761
468
723
842
459
-165
-243
-5
-82
-561
-1149
-1251
-803
-400
-852
-1667
-1650
-902
-398
-609
-1010
-1084
-592
120
196
-424
-798
-376
156
117
-319
-778
-870
-584
-482
-888
-1271
-1069
-805
-812
-911
-813
-668
-607
-592
-653
-435
9
259
50
48
620
1137
1215
970
1008
1445
2001
2138
1839
1790
2046
2316
2110
1605
1235
1394
1765
1388
390
-187
156
424
-8
-782
-1296
-1164
-700
-645
-1388
-1938
-1430
-655
-617
-1188
-1550
-1350
-668
-185
-542
-1147
-977
-169
218
-44
-432
-495
-258
-133
-400
-765
-698
-475
-587
-869
-845
-622
-644
-841
-926
-600
-71
238
72
-9
489
1197
1363
1042
880
1254
1902
2217
1881
1380
1415
1782
1823
1522
1307
1160
827
577
568
472
65
-418
-709
-662
-299
-198
-790
-1431
-1276
-688
-540
-927
-1298
-1288
-779
-181
-152
-642
-870
-553
-177
-75
-352
-718
-847
-578
-351
-500
-772
-909
-822
-675
-485
-531
-785
-889
-686
-289
-58
-96
-332
-243
352
936
1038
878
947
1274
1661
1861
1757
1503
1566
1803
1640
1177
1082
1305
1100
554
295
490
609
303
-314
-860
-732
-243
-281
-1158
-1670
-1191
-504
-472
-957
-1317
-1116
-371
126
-213
-834
-729
-94
241
-136
-691
-790
-483
-242
-502
-844
-911
-829
-893
-968
-806
-708
-802
-959
-771
-227
203
136
-144
134
939
1517
1331
903
917
1521
2013
1813
1245
975
1325
1746
1793
1267
653
514
896
1116
643
-92
-553
-493
-180
-88
-584
-1233
-1266
-792
-456
-572
-850
-938
-721
-297
-104
-314
-526
-400
-148
-149
-220
-348
-578
-697
-506
-313
-503
-800
-990
-928
-668
-494
-702
-1067
-863
-276
77
-114
-317
-106
462
954
842
433
471
1143
1681
1573
1101
933
1167
1458
1413
1143
830
566
446
494
492
123
-369
-704
-697
-514
-398
-645
-1100
-1108
-619
-202
-294
-579
-678
-400
196
489
193
-261
-75
348
483
254
-167
-516
-504
-95
-72
-564
-1043
-1005
-654
-421
-470
-856
-977
-561
-31
7
-233
-154
261
733
943
922
850
1105
1496
1570
1272
963
962
1154
1288
948
354
30
248
415
40
-637
-1115
-1104
-822
-776
-1242
-1718
-1611
-1135
-862
-920
-1044
-988
-636
-166
57
2
32
259
474
596
471
262
201
355
348
146
16
53
164
168
165
85
71
177
245
198
181
377
478
522
566
677
812
919
982
834
798
833
785
590
621
836
658
197
-107
38
114
-121
-646
-1186
-1187
-835
-780
-1444
-1978
-1821
-1312
-1016
-1146
-1393
-1412
-891
-309
-276
-588
-645
-358
-55
-2
-196
-366
-177
181
232
-22
-71
229
496
511
408
381
558
799
864
788
860
1105
1368
1433
1392
1339
1467
1677
1624
1401
1108
1069
1179
1350
1154
607
176
143
310
99
-466
-1092
-1315
-1102
-952
-1307
-2003
-2271
-2010
-1637
-1587
-1862
-2053
-1852
-1253
-908
-1002
-1183
-1081
-649
-369
-351
-502
-435
-264
-146
-69
-4
187
240
238
300
626
948
947
739
658
1036
1449
1542
1258
1122
1351
1719
1936
1775
1482
1336
1443
1473
1319
1087
860
557
316
359
466
227
-314
-818
-942
-701
-553
-996
-1719
-1871
-1297
-763
-899
-1417
-1658
-1335
-794
-657
-1114
-1608
-1417
-924
-787
-1078
-1281
-1233
-1011
-796
-819
-841
-726
-464
-308
-129
225
562
737
823
1167
1614
1993
2081
1931
1881
2091
2427
2379
1990
1521
1387
1579
1675
1271
568
155
196
357
132
-486
-1144
-1298
-960
-804
-1217
-1777
-1845
-1439
-956
-821
-1130
-1367
-1033
-434
-196
-541
-810
-772
-597
-381
-244
-367
-722
-810
-637
-313
-227
-528
-878
-865
-253
266
257
-145
-74
550
1321
1574
1228
1003
1352
2066
2270
1949
1432
1251
1534
1878
1737
948
429
444
706
599
116
-493
-907
-775
-609
-822
-1432
-1761
-1696
-1474
-1287
-1349
-1540
-1570
-1228
-861
-810
-850
-814
-755
-664
-383
-131
-195
-418
-540
-320
83
224
-127
-497
-268
407
800
531
169
296
1007
1637
1620
1129
981
1520
2102
2051
1433
906
974
1462
1642
1049
294
101
482
702
372
-254
-673
-575
-278
-319
-843
-1314
-1339
-1111
-995
-1158
-1428
-1544
-1386
-1167
-1234
-1334
-1340
-1233
-1120
-921
-804
-803
-761
-698
-535
-469
-406
-346
-247
-76
96
264
466
835
1078
1312
1535
1799
2020
2183
2216
2059
1965
1831
1640
1409
1350
1162
711
329
178
116
-85
-343
-717
-1006
-928
-723
-784
-1133
-1268
-1128
-827
-624
-680
-911
-917
-588
-402
-502
-755
-791
-632
-341
-242
-429
-657
-631
-393
-384
-591
-820
-835
-678
-511
-462
-473
-331
-18
392
688
889
1062
1321
1670
1864
1835
1634
1547
1594
1760
1717
1359
871
640
686
646
245
-346
-789
-827
-631
-655
-1048
-1421
-1424
-1147
-962
-1049
-1240
-1220
-1059
-869
-751
-896
-962
-644
-219
-268
-470
-409
26
364
187
-155
-277
196
620
516
-72
-176
393
1031
1162
730
521
854
1572
1720
1196
625
602
939
1052
887
423
196
221
390
274
-3
-230
-455
-588
-661
-607
-683
-785
-893
-955
-893
-730
-608
-692
-934
-992
-932
-860
-762
-672
-739
-772
-601
-361
-179
-209
-308
-307
-145
174
321
250
168
452
849
1207
1338
1317
1379
1535
1775
1805
1628
1282
974
706
686
784
590
69
-463
-575
-349
-208
-520
-1160
-1511
-1241
-658
-480
-828
-1219
-1138
-564
-115
-218
-712
-981
-693
-271
-154
-349
-501
-492
-280
-113
-52
-125
-234
-289
-270
-117
50
161
90
103
331
739
1096
1188
1142
1162
1317
1519
1533
1392
1030
748
637
743
696
331
-116
-460
-478
-463
-517
-904
-1281
-1417
-1170
-883
-852
-994
-1154
-1023
-706
-372
-431
-580
-661
-607
-438
-145
-13
-306
-560
-417
79
271
90
-175
-143
257
590
623
402
522
881
1305
1395
1334
1341
1496
1722
1756
1550
1217
949
666
530
506
373
-23
-516
-765
-737
-654
-840
-1304
-1712
-1701
-1351
-1163
-1279
-1507
-1493
-1212
-856
-684
-711
-726
-614
-376
-110
45
76
25
-6
42
183
251
253
192
156
199
355
548
701
830
897
1001
1118
1333
1504
1561
1475
1316
1220
1067
810
496
302
205
55
-210
-526
-670
-658
-625
-822
-1123
-1271
-1107
-870
-866
-1029
-1161
-1053
-868
-645
-595
-614
-524
-318
-140
-56
69
142
135
70
67
131
249
320
230
60
103
371
647
706
657
643
817
1061
1242
1215
1007
915
878
709
357
147
114
43
-193
-481
-628
-674
-612
-674
-950
-1236
-1209
-944
-791
-863
-1021
-1117
-1043
-759
-523
-532
-520
-285
-46
47
123
298
510
577
520
454
529
755
926
861
672
660
917
1247
1379
1240
1047
1078
1261
1364
1164
829
560
314
31
-279
-444
-625
-820
-1087
-1319
-1457
-1434
-1331
-1414
-1593
-1711
-1549
-1296
-1045
-1033
-1201
-1202
-882
-521
-374
-226
-70
106
255
411
590
767
922
922
842
829
1004
1165
1161
1085
1021
1168
1400
1601
1522
1341
1297
1373
1440
1241
976
639
331
-76
-430
-666
-803
-933
-1229
-1522
-1728
-1635
-1506
-1509
-1713
-1818
-1680
-1425
-1203
-1211
-1251
-1176
-927
-681
-389
-159
2
88
197
402
598
740
723
677
629
746
893
971
984
1012
1153
1327
1530
1637
1680
1678
1749
1802
1718
1550
1318
998
564
183
-121
-412
-714
-996
-1296
-1596
-1791
-1894
-2018
-2157
-2214
-2182
-2058
-1970
-1926
-1860
-1656
-1393
-1110
-856
-635
-350
-10
308
481
594
732
933
1089
1135
1136
1131
1218
1335
1451
1466
1494
1597
1726
1828
1825
1787
1750
1789
1723
1490
1113
680
311
46
-136
-375
-688
-1050
-1330
-1533
-1636
-1749
-1898
-2079
-2167
-2063
-1979
-1959
-1972
-1847
-1671
-1384
-1126
-948
-811
-565
-246
-34
70
133
311
506
690
749
773
845
1006
1178
1283
1370
1464
1637
1757
1859
1881
1923
1974
1961
1831
1538
1175
765
498
305
165
-122
-503
-868
-1032
-1064
-1178
-1406
-1693
-1785
-1776
-1744
-1792
-1806
-1730
-1500
-1226
-1071
-994
-886
-641
-389
-220
-156
-64
81
237
363
416
473
545
644
743
843
941
1030
1103
1171
1298
1461
1609
1641
1561
1415
1195
913
615
379
213
89
-78
-321
-568
-737
-854
-984
-1161
-1332
-1488
-1592
-1646
-1580
-1456
-1288
-1076
-874
-709
-558
-339
-107
73
174
257
349
457
565
632
638
673
721
765
748
738
729
741
796
869
927
948
1012
1018
955
747
490
194
-24
-171
-217
-268
-419
-634
-785
-787
-780
-920
-1191
-1357
-1410
-1372
-1307
-1179
-1032
-815
-572
-346
-174
-76
3
79
198
341
495
608
700
747
778
829
895
918
853
765
706
733
768
799
790
780
804
860
808
615
349
116
-72
-226
-360
-467
-568
-661
-738
-799
-867
-1019
-1211
-1388
-1472
-1526
-1522
-1433
-1216
-898
-601
-359
-181
-40
64
175
294
375
455
547
711
845
915
928
945
941
925
898
836
786
757
827
915
1007
1021
965
894
839
766
588
307
-14
-267
-378
-409
-497
-673
-852
-951
-1001
-1132
-1424
-1750
-1902
-1845
-1697
-1544
-1434
-1244
-962
-623
-375
-275
-232
-78
180
398
524
649
845
1089
1245
1252
1172
1102
1080
1066
1016
950
919
958
1026
1045
1000
902
810
714
591
371
118
-92
-255
-362
-458
-574
-734
-876
-945
-1077
-1282
-1530
-1658
-1627
-1451
-1295
-1223
-1159
-969
-627
-348
-246
-246
-140
70
327
471
541
648
814
960
1011
980
922
905
902
894
878
917
1015
1063
1015
893
815
793
746
544
255
18
-130
-251
-417
-593
-740
-859
-1001
-1136
-1261
-1377
-1446
-1406
-1298
-1208
-1139
-1024
-823
-615
-442
-305
-201
-108
11
179
310
390
463
585
750
881
928
911
902
922
958
981
992
965
919
921
971
998
944
819
670
516
352
165
-83
-336
-520
-638
-772
-939
-1090
-1165
-1145
-1121
-1144
-1202
-1199
-1112
-1000
-899
-817
-706
-556
-372
-253
-192
-131
-28
99
217
313
389
492
611
695
733
746
748
727
720
756
819
866
903
942
947
908
818
678
509
332
152
-38
-220
-382
-529
-636
-698
-736
-793
-842
-856
-843
-831
-836
-834
-820
-750
-625
-506
-437
-401
-348
-260
-151
-76
-39
21
164
329
472
574
675
771
863
922
928
912
901
918
920
901
870
814
712
576
414
232
18
-212
-402
-520
-604
-698
-811
-890
-927
-932
-924
-936
-940
-905
-820
-752
-720
-699
-640
-537
-421
-350
-317
-282
-187
-64
46
144
249
367
499
664
790
860
913
993
1059
1072
1059
1047
1037
1011
967
894
790
648
470
264
75
-72
-205
-342
-473
-555
-611
-634
-672
-735
-789
-801
-771
-729
-689
-666
-653
-623
-594
-568
-550
-547
-535
-528
-507
-459
-382
-296
-199
-80
50
175
271
368
475
592
676
739
787
839
881
900
886
857
821
770
697
593
490
379
277
194
126
51
-16
-71
-117
-177
-243
-315
-379
-433
-473
-513
-545
-561
-580
-607
-645
-677
-691
-683
-677
-685
-678
-613
-500
-378
-267
-151
-23
108
231
330
395
458
535
605
645
646
646
652
653
627
569
496
427
355
277
192
115
61
23
-16
-54
-71
-65
-64
-83
-110
-133
-137
-154
-193
-254
-303
-329
-342
-376
-435
-484
-485
-448
-400
-382
-377
-327
-232
-144
-99
-61
-6
71
155
209
225
241
296
369
401
375
338
335
361
381
344
261
202
196
182
116
22
-34
-30
-2
-1
-42
-69
-41
-1
-5
-60
-109
-114
-97
-106
-171
-242
-253
-218
-203
-223
-236
-225
-179
-126
-107
-111
-94
-46
-4
1
-5
12
51
85
87
67
56
71
96
107
100
97
102
109
94
73
60
64
80
96
112
139
183
215
223
210
204
187
157
105
37
-31
-81
-122
-167
-231
-279
-284
-272
-261
-259
-254
-231
-184
-136
-112
-102
-70
-12
29
35
25
20
43
83
93
68
59
83
112
99
53
6
-12
-8
-11
-42
-72
-59
-18
17
46
78
114
170
217
218
192
177
166
152
122
80
33
5
0
-13
-47
-75
-95
-110
-117
-117
-119
-122
-109
-79
-54
-42
-25
-5
14
23
1
-38
-71
-96
-118
-145
-175
-188
-183
-172
-169
-169
-163
-150
-118
-91
-68
-32
24
88
141
170
189
215
237
236
220
204
197
194
178
147
115
109
111
99
70
40
36
57
76
73
70
88
125
145
124
96
81
74
57
25
-10
-30
-41
-56
-90
-143
-197
-224
-237
-257
-298
-339
-349
-331
-314
-300
-285
-248
-195
-161
-156
-161
-146
-114
-80
-61
-56
-45
-6
34
48
49
69
113
157
178
195
243
308
363
403
422
437
457
459
433
390
370
365
338
287
234
188
141
73
-13
-88
-138
-184
-243
-297
-328
-335
-335
-344
-359
-358
-346
-346
-362
-377
-373
-352
-337
-333
-325
-302
-255
-208
-172
-141
-96
-39
13
47
76
131
201
245
267
289
322
354
372
378
369
356
352
351
337
307
284
268
241
198
143
98
77
66
39
-2
-30
-36
-44
-74
-116
-152
-187
-225
-276
-333
-373
-398
-420
-438
-444
-431
-407
-372
-334
-296
-252
-208
-149
-83
-13
64
141
211
274
328
370
400
424
444
453
453
455
453
441
419
385
347
296
241
184
136
93
48
6
-31
-67
-117
-177
-233
-279
-324
-369
-418
-458
-477
-489
-511
-529
-530
-505
-466
-438
-418
-380
-324
-277
-237
-193
-136
-63
14
83
147
209
269
329
381
413
442
481
524
562
584
595
588
572
557
534
493
438
388
348
300
234
157
86
28
-30
-102
-192
-276
-334
-369
-415
-480
-532
-546
-537
-527
-533
-538
-522
-473
-426
-405
-390
-347
-280
-225
-198
-183
-154
-109
-58
-25
-2
35
97
168
228
271
312
369
426
464
484
500
524
550
552
534
517
501
470
419
357
300
246
171
86
0
-72
-133
-188
-252
-325
-381
-409
-431
-460
-482
-474
-442
-421
-404
-395
-377
-336
-289
-262
-243
-220
-177
-123
-68
-28
-7
27
84
141
174
187
209
258
310
346
350
354
378
405
400
361
324
307
293
254
185
115
67
32
-1
-42
-83
-114
-137
-163
-184
-193
-200
-213
-212
-204
-204
-211
-223
-226
-214
-208
-215
-225
-229
-212
-176
-148
-131
-111
-71
-12
32
56
72
96
136
169
178
177
189
208
224
213
179
156
152
137
110
79
55
48
42
24
4
-9
-15
-9
2
8
13
16
13
14
8
-4
-9
-11
-24
-40
-65
-93
-105
-112
-120
-122
-119
-112
-96
-68
-33
-5
15
32
51
71
85
98
104
113
118
113
88
62
44
19
-18
-60
-96
-122
-131
-133
-143
-149
-134
-113
-94
-92
-86
-72
-60
-52
-51
-45
-24
6
19
16
13
18
18
9
8
5
10
34
59
79
100
123
150
174
199
216
226
242
249
238
234
228
195
161
115
62
25
-9
-51
-96
-127
-149
-178
-216
-239
-248
-240
-246
-268
-264
-237
-230
-224
-215
-201
-164
-133
-127
-110
-84
-61
-37
-36
-15
24
45
73
106
118
141
182
196
206
220
231
253
263
269
282
280
267
247
205
168
147
116
80
47
9
-28
-63
-92
-112
-142
-164
-182
-207
-224
-219
-230
-235
-232
-224
-213
-212
-215
-202
-179
-168
-156
-134
-113
-90
-54
-23
6
48
95
133
150
170
217
253
269
268
268
281
290
289
275
262
240
208
161
117
84
51
10
-32
-68
-96
-126
-153
-175
-210
-239
-258
-266
-272
-276
-281
-274
-266
-250
-238
-232
-209
-186
-168
-144
-133
-114
-71
-34
-10
21
60
103
143
169
193
232
273
305
322
336
363
382
385
375
357
339
318
281
235
194
142
96
53
0
-45
-78
-116
-155
-190
-231
-253
-260
-271
-288
-293
-300
-297
-292
-297
-293
-286
-278
-264
-253
-248
-230
-205
-184
-167
-155
-115
-62
-17
23
68
118
173
217
250
286
320
348
372
393
397
401
395
370
346
318
281
249
205
156
113
69
28
-8
-46
-87
-121
-146
-172
-199
-218
-239
-256
-270
-284
-288
-295
-305
-304
-297
-291
-281
-271
-249
-224
-202
-168
-119
-73
-36
5
50
89
135
181
216
259
293
308
316
317
313
314
308
297
282
261
234
204
162
127
110
82
46
4
-38
-75
-104
-135
-165
-196
-218
-224
-239
-265
-283
-292
-286
-281
-283
-275
-261
-245
-226
-212
-186
-138
-94
-65
-33
-2
40
98
136
164
204
240
262
271
282
289
303
310
292
275
261
243
215
192
162
148
125
91
59
26
-3
-30
-53
-85
-108
-121
-136
-159
-191
-221
-232
-245
-263
-273
-272
-268
-264
-265
-255
-239
-224
-200
-169
-132
-101
-60
-17
26
71
116
152
190
233
270
300
326
349
356
343
319
297
283
268
244
210
179
154
116
58
14
-25
-66
-102
-131
-161
-186
-198
-213
-241
-272
-288
-301
-300
-296
-298
-294
-277
-265
-254
-229
-194
-154
-118
-89
-59
-19
27
60
100
142
191
231
251
278
315
347
368
371
361
346
333
311
274
240
213
178
132
87
42
3
-38
-86
-120
-156
-194
-220
-249
-271
-294
-320
-345
-355
-350
-337
-331
-323
-311
-298
-273
-229
-184
-144
-109
-59
-8
30
65
107
160
207
253
275
291
322
357
373
365
367
380
386
368
338
295
265
240
215
181
148
121
71
12
-48
-99
-140
-178
-218
-264
-305
-343
-371
-407
-429
-427
-422
-422
-419
-398
-358
-322
-308
-276
-233
-186
-114
-46
0
48
102
156
205
240
263
306
362
399
408
402
411
426
430
410
375
346
337
323
278
236
195
148
112
67
-2
-50
-93
-144
-190
-250
-312
-345
-365
-408
-449
-456
-451
-444
-436
-421
-398
-361
-316
-274
-227
-182
-136
-78
-26
16
67
126
176
223
260
295
319
337
359
372
369
373
378
378
380
358
311
274
256
231
190
139
93
57
16
-40
-108
-161
-195
-219
-259
-314
-353
-357
-353
-368
-376
-369
-348
-320
-298
-285
-258
-220
-174
-123
-83
-52
-13
39
82
114
146
182
208
230
248
256
265
270
263
258
267
267
252
236
230
221
197
167
138
118
90
42
0
-20
-38
-63
-101
-137
-156
-174
-202
-236
-261
-265
-259
-272
-275
-261
-242
-222
-208
-206
-205
-175
-125
-72
-26
6
20
49
85
108
128
153
181
207
211
197
192
205
210
196
189
194
187
168
146
113
75
60
50
35
14
-16
-53
-72
-66
-81
-111
-132
-145
-160
-163
-154
-149
-155
-152
-144
-135
-126
-105
-93
-82
-59
-38
-17
25
72
84
85
100
119
131
140
147
160
177
184
163
131
116
105
94
75
61
45
19
-9
-37
-63
-92
-113
-114
-119
-127
-137
-157
-167
-165
-161
-160
-157
-151
-134
-106
-78
-54
-42
-24
1
23
44
74
91
108
132
148
159
160
139
134
152
160
137
108
94
99
106
95
71
41
26
12
-1
-15
-40
-67
-72
-73
-104
-132
-151
-168
-179
-186
-187
-176
-173
-171
-157
-137
-123
-99
-79
-58
-22
11
41
59
70
89
118
133
137
151
176
189
190
167
141
145
154
140
118
94
80
79
57
29
16
16
9
-16
-50
-76
-84
-90
-110
-134
-144
-133
-124
-142
-166
-183
-188
-176
-169
-157
-131
-110
-88
-51
-22
-4
20
41
62
83
105
125
129
142
164
185
186
183
181
175
158
131
114
99
94
82
63
51
55
48
21
-14
-40
-51
-68
-101
-127
-135
-147
-160
-171
-180
-173
-159
-156
-166
-162
-150
-134
-111
-86
-60
-43
-18
15
41
55
74
100
135
165
174
182
197
203
203
191
181
178
165
144
124
102
78
54
15
-10
-28
-50
-71
-94
-116
-138
-154
-175
-191
-190
-186
-187
-196
-204
-201
-179
-161
-156
-146
-127
-100
-73
-53
-39
-14
20
45
55
64
85
122
161
180
188
205
228
240
246
242
232
234
230
214
183
147
125
111
76
29
-3
-19
-40
-75
-113
-141
-154
-158
-170
-207
-237
-239
-222
-214
-218
-228
-217
-178
-158
-165
-167
-142
-116
-90
-51
-23
3
43
66
72
85
112
144
169
192
210
219
214
212
213
209
214
205
181
158
141
123
96
63
34
14
-4
-29
-63
-92
-108
-126
-157
-183
-198
-198
-194
-200
-203
-190
-178
-164
-157
-158
-139
-111
-88
-74
-49
-20
6
25
47
78
117
149
168
183
201
215
214
202
195
203
200
173
136
112
105
96
73
45
25
2
-20
-48
-80
-108
-123
-133
-142
-150
-154
-160
-169
-171
-177
-174
-171
-161
-151
-133
-109
-94
-77
-60
-41
-19
1
14
34
59
85
100
107
128
154
167
172
178
185
191
188
175
160
144
132
119
96
69
54
33
0
-28
-50
-64
-81
-98
-113
-123
-131
-139
-157
-167
-167
-171
-173
-168
-158
-146
-125
-109
-90
-75
-62
-47
-21
14
38
58
76
102
129
145
144
149
164
178
186
192
192
185
167
150
138
128
114
93
67
46
23
-3
-36
-73
-100
-110
-116
-134
-158
-174
-179
-191
-202
-209
-212
-202
-195
-187
-174
-158
-141
-113
-89
-68
-40
-21
-2
30
52
69
85
102
126
145
161
181
192
198
208
219
217
204
193
174
154
140
121
101
83
65
41
16
-10
-42
-69
-93
-113
-132
-150
-170
-185
-186
-180
-185
-193
-192
-190
-182
-168
-151
-132
-116
-93
-67
-47
-32
-10
13
34
48
54
68
96
123
135
149
163
169
172
174
173
172
171
160
149
148
134
113
94
81
67
47
19
-15
-34
-43
-59
-84
-104
-114
-115
-124
-144
-162
-168
-163
-161
-159
-149
-139
-123
-95
-71
-60
-51
-25
2
12
18
29
53
74
82
84
92
103
116
129
129
120
114
117
123
114
99
88
87
80
63
39
19
9
3
-15
-43
-61
-61
-65
-86
-105
-109
-107
-105
-118
-131
-130
-114
-99
-98
-100
-95
-79
-63
-52
-43
-29
-10
7
18
31
49
61
74
88
89
90
95
94
89
87
90
96
93
79
64
60
55
45
30
20
20
17
7
-8
-18
-23
-27
-31
-40
-46
-55
-65
-73
-74
-67
-69
-69
-61
-59
-56
-53
-59
-56
-42
-36
-28
-15
-14
-4
6
7
8
10
14
23
38
43
44
48
56
56
49
39
28
20
16
18
15
11
4
1
-4
-5
-6
-14
-14
-9
-1
-1
-2
-3
8
15
15
12
9
2
1
-4
-13
-10
-7
-10
-17
-12
-7
-3
-5
-2
-10
-14
-13
-8
-4
-3
2
10
18
16
10
3
2
-3
-6
-8
-3
-1
-2
-4
-14
-22
-23
-18
-14
-15
-17
-12
4
18
19
13
16
29
30
22
18
25
