-29
-26
-17
-18
-25
-12
10
17
20
-5
-2
-1
-15
-37
-68
-77
-62
-38
-15
1
5
39
56
62
42
7
-19
-47
-69
-78
-82
-87
-69
-54
-34
-10
12
29
47
41
8
-14
-27
-47
-65
-52
-31
-20
1
25
49
67
57
28
-10
-29
-34
-41
-42
-8
8
9
-13
-30
-30
-46
-68
-82
-63
-35
-16
-14
-9
-14
-25
-51
-81
-102
-108
-86
-61
-30
4
42
48
53
40
23
12
-7
-22
-29
-29
-15
-1
9
47
79
107
131
156
140
105
63
39
39
46
61
94
122
140
154
141
131
108
69
45
29
24
32
44
55
63
66
50
44
47
44
18
22
6
-10
-15
-6
1
-3
-2
-6
6
-11
-28
-47
-57
-54
-75
-114
-135
-117
-99
-82
-94
-111
-80
-69
-99
-134
-174
-176
-144
-123
-117
-119
-98
-64
-52
-56
-58
-41
17
88
98
96
94
77
74
82
78
84
103
115
125
83
46
45
100
214
250
201
158
209
354
423
296
113
163
383
547
520
345
284
354
487
542
458
338
217
229
279
307
163
8
-145
-140
-240
-291
-776
-2465
-3417
-3330
-1679
-349
-452
-2728
-5172
-3943
-473
1859
-586
-3718
-3110
1147
4118
2139
-499
1162
4548
3871
94
-297
3758
5299
1197
-3484
-1583
3615
4346
-861
-4272
-832
3980
3291
-1350
-2521
1185
3503
479
-2714
-1186
2339
2447
-735
-2285
240
2990
1779
-1703
-2290
136
1164
-739
-2424
-1613
-93
-24
-1230
-1467
-622
-204
-1084
-1697
-940
-33
-106
-817
-766
-187
-43
-519
-848
-518
-151
-364
-557
-314
338
438
240
290
886
1198
878
739
854
1328
1102
828
436
814
1321
1390
1053
745
873
809
662
305
26
-197
-215
-23
4
-150
-419
-906
-1074
-1226
-1327
-1422
-1344
-1353
-1356
-1279
-1309
-1382
-1565
-1493
-1278
-974
-755
-576
-603
-598
-344
-97
203
484
593
974
1681
2213
2213
2032
2198
2516
2628
2510
2356
2298
2033
1804
1492
1323
1163
689
351
136
52
-342
-885
-1299
-1692
-2321
-3001
-3345
-3013
-2695
-2616
-2633
-2271
-1736
-1678
-1852
-1921
-1587
-1230
-1006
-648
-84
151
-71
-154
84
413
621
903
1253
1644
2015
2357
2638
2797
2744
2172
1478
1437
2037
2565
2315
1886
1806
1935
1585
862
517
482
340
-145
-442
-383
-472
-1377
-2606
-3588
-3743
-3393
-2956
-2941
-2962
-2430
-1640
-1148
-1476
-1878
-2111
-1884
-1431
-917
-319
114
130
-228
-329
-166
218
422
744
1328
2084
3013
3631
3864
3650
3146
2448
1962
2304
2639
2528
1986
2090
2407
2341
1667
781
184
-236
-621
-1065
-1107
-1084
-1273
-1969
-2469
-2503
-2655
-3423
-4219
-4072
-3469
-3080
-3024
-2665
-1991
-1466
-1468
-1674
-1331
-708
-617
-877
-625
79
318
-221
-560
105
1191
1761
1943
2651
3867
4993
5436
4898
3925
2929
2577
2425
2120
1765
1976
2616
2783
2539
2226
1703
523
-963
-2081
-2261
-1896
-1814
-2465
-2979
-2596
-1917
-2398
-3769
-4775
-4681
-4188
-3988
-4059
-3666
-2616
-1643
-1194
-1019
-552
-410
-896
-1375
-978
-299
-5
-201
-56
786
1870
2626
2931
3377
4121
5148
5703
5409
4366
3454
3406
3409
2836
2086
2221
2692
2852
2766
2647
2047
828
-654
-1837
-2257
-2363
-2904
-3849
-3995
-3144
-2420
-2859
-4010
-4887
-4918
-4561
-4670
-5180
-4985
-3588
-2030
-1069
-516
-29
0
-487
-1173
-1465
-1308
-1092
-961
-347
1186
2855
3841
4114
4549
5181
5866
6002
5364
4314
3751
3914
3780
3177
2682
2743
2607
2350
2378
2412
1666
221
-1154
-1904
-2094
-2421
-3414
-4444
-4342
-3451
-2904
-3276
-4055
-4769
-4857
-4509
-4523
-4967
-4827
-3681
-2289
-1151
-287
230
323
123
-322
-741
-903
-876
-969
-675
598
2409
3806
4419
4832
5364
6220
6393
5364
3599
2911
3251
3368
2766
2442
2816
3031
2975
2730
2382
1441
112
-1302
-2127
-2363
-2632
-3554
-4384
-4050
-3127
-2850
-3387
-3947
-4297
-4663
-5064
-5217
-5003
-4553
-3967
-2994
-1451
46
544
151
-155
-110
-365
-1055
-1490
-1155
-152
1139
2595
3901
5017
5650
5993
6282
6213
5162
3500
2948
3165
3056
2388
2373
2984
3265
3008
2632
2374
1622
165
-1426
-2184
-2270
-2658
-3703
-4152
-3482
-2574
-2586
-3268
-3781
-4044
-4255
-4921
-5448
-5499
-4842
-4012
-2985
-1584
-424
113
88
57
-168
-724
-1523
-1960
-1560
-473
834
2108
3531
4907
5937
6371
6657
6325
5120
3442
2773
2894
2622
1985
2006
2818
3220
3226
2955
2550
1588
271
-1096
-1958
-2317
-2964
-3874
-4170
-3366
-2493
-2382
-2740
-3104
-3605
-4239
-4839
-5196
-5504
-5396
-4702
-3213
-1464
-176
390
653
874
451
-499
-1337
-1615
-1566
-1011
341
2164
3866
5100
6029
6927
7458
6937
5115
3360
2764
2779
2058
1277
1646
2682
3111
3087
3225
2922
1698
-82
-1417
-2228
-2862
-3968
-4928
-4794
-3696
-2894
-2967
-3068
-3032
-3246
-4150
-5031
-5583
-5781
-5763
-5186
-3675
-1830
-349
480
1234
1672
1426
472
-499
-1067
-1125
-586
498
2160
3816
5261
6419
7369
7816
7120
5594
3935
3293
2628
1592
859
1333
2176
2351
2503
2774
2851
1842
419
-935
-1811
-2778
-4054
-5066
-5117
-4325
-3655
-3393
-3308
-3017
-2794
-3081
-4018
-4998
-5425
-5354
-4893
-3879
-2425
-982
286
1390
2073
1961
1085
-116
-951
-1228
-929
-160
1096
2729
4403
6089
7289
8062
7612
6252
4455
3593
3036
1843
554
214
1124
1631
2182
2549
2843
2237
1274
240
-731
-1936
-3754
-5258
-5831
-5252
-4687
-4238
-3931
-3270
-2662
-2593
-3188
-4139
-4865
-5439
-5407
-4769
-3493
-2186
-737
755
2003
2528
2133
1149
94
-529
-889
-549
239
1718
3349
5334
7041
8441
8821
8032
6606
5333
4423
2649
1002
-27
353
542
1015
1704
2468
2507
1782
1004
-9
-1231
-3343
-5238
-6444
-6386
-6097
-5559
-5000
-4144
-3243
-2694
-2723
-3394
-4026
-4748
-4989
-4863
-4051
-3041
-1695
-154
1239
2191
2439
2103
1288
597
30
-122
232
1167
2538
4171
5851
7292
8397
8409
7492
6184
5297
3938
2039
413
-115
-113
-101
411
1166
1749
1688
1550
1126
253
-1492
-3599
-5237
-6008
-6279
-6417
-6230
-5643
-4546
-3409
-2697
-2743
-3021
-3328
-3560
-3719
-3586
-3181
-2551
-1585
-465
711
1557
1865
1544
1230
1208
1270
1229
1370
2005
2982
4356
5673
6918
7500
7458
6837
6360
5670
4008
2045
608
152
-415
-548
-324
406
928
1223
1395
1168
375
-1319
-3071
-4605
-5576
-6339
-6805
-6822
-6182
-5101
-4191
-3507
-3102
-2821
-2785
-2835
-2835
-2779
-2584
-2193
-1595
-931
-220
292
650
952
1288
1667
2054
2359
2781
3319
4099
4913
5800
6476
6678
6497
6114
5994
5112
3602
1984
1305
641
-141
-535
-407
-58
16
295
425
288
-554
-1727
-2952
-3911
-4806
-5719
-6438
-6584
-6215
-5582
-4991
-4399
-3798
-3143
-2538
-2071
-1694
-1394
-1045
-835
-566
-358
-76
37
186
441
879
1504
2234
2988
3656
4378
5188
5867
6436
6619
6286
5683
5265
4923
3748
2405
1447
1268
505
-132
-279
7
-1
-205
-145
-200
-528
-1545
-2585
-3626
-4327
-5094
-5820
-6303
-6247
-5898
-5473
-5086
-4644
-4100
-3389
-2692
-2037
-1429
-768
-235
117
331
402
308
123
76
270
763
1440
2284
3137
4154
5108
5996
6391
6877
6809
6377
5539
5121
4431
3245
2119
1482
1128
233
-109
-165
90
-325
-418
-402
-358
-922
-1882
-2883
-3739
-4371
-5188
-5815
-6366
-6385
-6262
-5709
-5328
-4860
-4261
-3300
-2415
-1652
-876
-200
294
483
567
386
84
-240
-276
-58
504
1301
2289
3546
4778
5787
6462
7027
7337
7055
6311
5380
4832
3991
2863
1780
1333
843
168
-200
-187
-229
-608
-753
-764
-889
-1480
-2186
-2955
-3680
-4446
-5134
-5757
-6134
-6350
-6277
-5966
-5386
-4806
-4054
-3133
-2119
-1212
-416
292
660
809
681
476
50
-219
-326
-75
416
1242
2346
3605
4780
5726
6482
7028
7373
7044
6296
5388
4811
3991
2811
1690
1091
603
-88
-400
-455
-498
-795
-789
-722
-839
-1346
-1992
-2700
-3466
-4261
-5057
-5703
-6186
-6451
-6444
-5996
-5342
-4695
-3952
-2952
-1902
-1035
-314
227
498
584
607
473
158
-87
-79
260
762
1491
2345
3435
4515
5409
6101
6596
7001
6797
6238
5406
4894
4103
2972
1784
1032
422
-382
-838
-1054
-1090
-1363
-1251
-981
-817
-1104
-1530
-2021
-2669
-3473
-4363
-5193
-5925
-6361
-6472
-6182
-5629
-4949
-4073
-2953
-1799
-799
36
661
936
1005
989
832
354
-35
-97
152
502
1097
1932
2931
3955
4862
5688
6255
6689
6673
6336
5651
5062
4297
3128
1897
954
275
-677
-1255
-1509
-1456
-1584
-1367
-966
-643
-670
-886
-1247
-1930
-2731
-3719
-4686
-5644
-6292
-6662
-6561
-6149
-5496
-4588
-3391
-2112
-992
-12
737
1185
1310
1332
1134
636
147
-9
118
294
598
1292
2282
3275
4152
4965
5777
6359
6738
6586
6095
5390
4817
3780
2449
1204
312
-586
-1429
-1768
-1871
-1889
-1836
-1308
-878
-663
-758
-904
-1405
-2132
-2987
-3937
-4877
-5762
-6270
-6502
-6237
-5730
-4936
-3937
-2686
-1411
-267
748
1380
1740
1847
1858
1428
849
418
275
189
172
547
1209
2000
2786
3792
4756
5627
6347
6704
6563
6063
5531
4663
3330
1789
532
-510
-1543
-2197
-2475
-2479
-2442
-1931
-1232
-693
-536
-517
-698
-1194
-1973
-2987
-4072
-5075
-5780
-6235
-6312
-6038
-5408
-4523
-3350
-2035
-773
352
1308
1986
2353
2464
2243
1733
1145
699
330
45
0
293
801
1497
2465
3571
4601
5551
6397
6778
6615
6078
5469
4290
2733
1165
-23
-1278
-2345
-2900
-2984
-2958
-2737
-2013
-1213
-641
-375
-231
-456
-963
-1757
-2720
-3827
-4773
-5421
-5820
-5928
-5719
-5182
-4324
-3177
-1961
-759
460
1551
2355
2865
3078
2852
2322
1701
1078
425
-93
-269
-141
287
975
1969
3033
4132
5262
6159
6509
6352
5999
5335
4100
2464
957
-388
-1774
-2861
-3378
-3503
-3491
-3084
-2257
-1378
-743
-305
-86
-237
-681
-1325
-2161
-3154
-4052
-4701
-5166
-5358
-5289
-4913
-4283
-3338
-2206
-943
401
1608
2565
3283
3692
3556
2980
2224
1411
534
-211
-568
-598
-317
346
1357
2494
3661
4863
5773
6189
6115
5820
5165
3948
2383
912
-432
-1861
-2884
-3395
-3608
-3705
-3236
-2369
-1562
-1011
-519
-205
-246
-548
-1030
-1731
-2584
-3342
-3937
-4395
-4730
-4892
-4734
-4219
-3472
-2518
-1335
51
1343
2486
3393
3941
3887
3406
2767
1948
944
87
-407
-611
-520
-60
809
1827
2855
4007
5014
5554
5643
5580
5105
4046
2680
1380
53
-1441
-2536
-3123
-3474
-3706
-3360
-2671
-2041
-1565
-1073
-706
-656
-779
-1024
-1437
-1972
-2467
-2932
-3398
-3848
-4196
-4292
-4109
-3670
-3002
-1960
-636
747
2066
3195
3933
4079
3886
3392
2570
1507
561
-112
-574
-726
-432
202
982
1939
3162
4205
4782
4980
5109
4839
3983
2783
1637
425
-944
-1961
-2550
-2996
-3369
-3249
-2770
-2346
-2072
-1673
-1264
-1075
-979
-902
-980
-1233
-1534
-1852
-2302
-2835
-3343
-3647
-3750
-3617
-3174
-2333
-1204
17
1283
2496
3385
3727
3688
3390
2766
1873
995
280
-325
-655
-541
-92
459
1228
2306
3300
3918
4240
4528
4489
3938
3076
2225
1220
15
-937
-1605
-2238
-2883
-3088
-2944
-2824
-2736
-2411
-1978
-1651
-1300
-896
-679
-714
-794
-929
-1306
-1896
-2499
-2959
-3261
-3362
-3173
-2639
-1810
-813
349
1546
2481
3023
3254
3255
2920
2302
1572
860
243
-173
-287
-190
98
587
1405
2309
2945
3326
3707
3967
3751
3204
2603
1870
826
-99
-769
-1492
-2337
-2839
-2911
-2975
-3062
-2857
-2427
-2066
-1667
-1110
-714
-590
-524
-476
-696
-1152
-1654
-2069
-2440
-2699
-2740
-2470
-1932
-1200
-283
721
1619
2247
2656
2851
2740
2265
1730
1233
727
255
10
-50
70
391
938
1614
2146
2551
2928
3339
3338
3010
2577
2138
1346
448
-234
-921
-1756
-2412
-2608
-2781
-2952
-2842
-2468
-2159
-1807
-1250
-791
-599
-483
-343
-425
-733
-1128
-1524
-1919
-2220
-2333
-2235
-1915
-1404
-717
145
955
1537
1949
2258
2274
1963
1582
1224
791
370
186
121
127
306
728
1274
1766
2144
2491
2905
3072
2889
2584
2256
1679
851
190
-368
-1116
-1876
-2167
-2251
-2476
-2541
-2280
-2002
-1806
-1375
-902
-690
-603
-405
-322
-521
-846
-1172
-1533
-1841
-1993
-2032
-1903
-1549
-986
-290
412
953
1360
1675
1834
1699
1383
1084
751
400
151
50
21
98
383
870
1399
1807
2191
2601
2932
2911
2685
2370
1904
1141
425
-150
-810
-1518
-1906
-1992
-2111
-2176
-1955
-1675
-1476
-1156
-698
-451
-364
-230
-120
-277
-581
-867
-1216
-1579
-1846
-1967
-1969
-1752
-1355
-812
-219
329
761
1122
1373
1389
1167
938
748
432
125
-57
-99
-83
130
500
994
1466
1911
2361
2769
2979
2871
2586
2226
1672
905
247
-321
-956
-1477
-1658
-1734
-1826
-1735
-1481
-1307
-1131
-764
-442
-346
-274
-135
-164
-384
-616
-892
-1269
-1582
-1750
-1818
-1781
-1585
-1210
-733
-244
165
493
734
834
796
672
502
278
36
-125
-181
-167
-33
294
762
1272
1738
2162
2560
2885
2891
2652
2311
1867
1215
570
41
-487
-988
-1243
-1266
-1318
-1322
-1158
-949
-820
-618
-324
-198
-184
-95
-35
-216
-487
-734
-1045
-1407
-1658
-1780
-1830
-1745
-1474
-1071
-649
-255
51
295
444
465
361
238
44
-201
-360
-409
-363
-275
9
434
999
1525
1970
2335
2674
2852
2734
2443
2068
1590
968
477
77
-355
-715
-816
-809
-865
-844
-713
-621
-558
-371
-187
-170
-152
-70
-131
-367
-603
-859
-1222
-1558
-1759
-1884
-1933
-1802
-1518
-1196
-862
-509
-233
-36
86
140
106
13
-110
-226
-298
-320
-255
-85
220
593
1097
1612
2005
2296
2617
2785
2632
2358
2101
1706
1156
779
476
79
-257
-340
-396
-550
-597
-552
-561
-561
-402
-308
-357
-338
-242
-316
-542
-729
-956
-1276
-1532
-1680
-1830
-1917
-1831
-1627
-1404
-1161
-904
-666
-465
-311
-237
-217
-208
-252
-287
-277
-218
-151
55
404
834
1340
1801
2164
2431
2718
2797
2613
2344
2119
1720
1273
1000
742
354
77
48
-54
-265
-343
-330
-431
-471
-358
-345
-475
-477
-417
-537
-752
-920
-1141
-1453
-1676
-1845
-2025
-2136
-2076
-1915
-1702
-1420
-1142
-851
-609
-425
-334
-271
-259
-313
-327
-287
-222
-136
130
512
994
1512
1969
2305
2602
2880
2918
2756
2536
2329
1967
1611
1357
1050
658
397
287
66
-186
-316
-401
-540
-569
-481
-503
-564
-505
-446
-567
-752
-933
-1221
-1576
-1853
-2107
-2372
-2503
-2429
-2263
-2027
-1694
-1339
-1006
-704
-500
-397
-346
-312
-329
-334
-288
-196
-12
325
768
1246
1769
2201
2496
2738
2977
2970
2764
2577
2419
2086
1726
1499
1223
812
523
392
145
-152
-291
-372
-521
-568
-490
-487
-541
-527
-531
-683
-907
-1173
-1531
-1910
-2221
-2472
-2662
-2696
-2559
-2298
-1956
-1555
-1179
-852
-588
-420
-348
-329
-320
-336
-318
-249
-90
139
474
896
1356
1852
2234
2506
2772
3040
3080
2951
2842
2708
2388
2033
1745
1353
850
490
272
-52
-390
-522
-583
-715
-739
-632
-626
-696
-687
-712
-915
-1193
-1463
-1787
-2150
-2431
-2623
-2746
-2740
-2584
-2307
-1966
-1603
-1264
-950
-657
-471
-345
-229
-126
-95
2
170
315
485
777
1172
1565
1999
2386
2676
2919
3215
3356
3253
3082
2914
2585
2139
1745
1287
715
273
36
-253
-581
-717
-751
-849
-892
-817
-821
-933
-989
-1046
-1241
-1510
-1766
-2044
-2353
-2582
-2710
-2765
-2734
-2586
-2315
-1977
-1619
-1279
-939
-648
-428
-248
-70
61
142
262
406
560
733
1010
1368
1745
2188
2605
2899
3116
3362
3423
3264
3016
2781
2368
1878
1489
1085
569
183
22
-208
-504
-661
-721
-865
-947
-945
-1019
-1162
-1208
-1236
-1393
-1625
-1838
-2065
-2310
-2490
-2605
-2693
-2684
-2519
-2236
-1919
-1575
-1219
-874
-555
-280
-69
47
151
221
302
421
568
712
981
1399
1863
2349
2748
3048
3252
3444
3430
3155
2830
2547
2130
1646
1287
974
549
206
68
-123
-430
-616
-698
-893
-1060
-1080
-1115
-1250
-1306
-1303
-1421
-1629
-1837
-2064
-2335
-2529
-2637
-2704
-2691
-2512
-2204
-1867
-1513
-1150
-782
-461
-226
-56
67
153
232
325
464
633
861
1184
1604
2062
2515
2893
3129
3249
3322
3270
2991
2656
2378
2032
1605
1270
986
613
260
47
-184
-500
-728
-856
-1039
-1191
-1194
-1201
-1304
-1358
-1357
-1469
-1675
-1866
-2082
-2349
-2538
-2615
-2640
-2583
-2405
-2112
-1768
-1398
-1045
-710
-419
-184
-5
134
260
354
469
631
850
1072
1336
1667
2026
2380
2670
2830
2890
2965
2958
2776
2531
2348
2090
1722
1425
1164
767
359
101
-159
-515
-780
-934
-1118
-1282
-1299
-1298
-1393
-1474
-1470
-1540
-1691
-1852
-2012
-2206
-2333
-2370
-2378
-2335
-2197
-1965
-1699
-1396
-1129
-878
-626
-369
-156
58
252
451
651
898
1147
1359
1566
1825
2097
2331
2539
2640
2665
2694
2735
2605
2406
2249
2071
1747
1440
1186
820
398
103
-143
-491
-784
-947
-1114
-1318
-1393
-1406
-1507
-1617
-1614
-1640
-1758
-1870
-1958
-2083
-2200
-2240
-2246
-2228
-2138
-1960
-1729
-1476
-1208
-944
-656
-369
-86
183
441
671
869
1067
1265
1429
1569
1741
1940
2133
2340
2480
2519
2559
2644
2587
2397
2226
2040
1709
1363
1094
760
330
10
-203
-497
-781
-947
-1097
-1298
-1381
-1378
-1444
-1530
-1514
-1489
-1568
-1673
-1759
-1880
-2036
-2133
-2186
-2226
-2187
-2037
-1822
-1575
-1288
-971
-638
-324
-34
263
533
746
913
1084
1236
1354
1484
1623
1784
1940
2148
2290
2344
2398
2503
2493
2312
2148
2002
1727
1363
1102
821
421
71
-158
-423
-735
-928
-1057
-1237
-1347
-1328
-1339
-1404
-1399
-1360
-1413
-1525
-1627
-1761
-1935
-2063
-2135
-2181
-2155
-2025
-1807
-1541
-1250
-953
-609
-285
-6
238
496
706
833
956
1099
1216
1317
1458
1623
1775
1983
2168
2253
2295
2411
2443
2297
2099
1959
1728
1374
1083
800
417
37
-180
-410
-715
-901
-965
-1080
-1197
-1178
-1148
-1213
-1251
-1241
-1307
-1459
-1597
-1742
-1927
-2076
-2153
-2185
-2169
-2042
-1824
-1550
-1252
-931
-593
-271
27
281
518
723
859
925
1027
1127
1171
1223
1352
1503
1678
1910
2072
2164
2310
2458
2411
2248
2114
1918
1563
1214
926
541
114
-161
-354
-622
-835
-908
-989
-1107
-1121
-1075
-1122
-1200
-1210
-1252
-1373
-1512
-1647
-1820
-1969
-2055
-2101
-2113
-2044
-1886
-1656
-1385
-1084
-778
-456
-170
89
338
567
706
790
892
984
1055
1120
1235
1372
1581
1837
2031
2139
2268
2419
2417
2273
2119
1955
1637
1303
1033
722
324
37
-138
-368
-591
-695
-770
-913
-975
-971
-1038
-1152
-1192
-1239
-1383
-1522
-1643
-1801
-1969
-2056
-2085
-2107
-2069
-1915
-1680
-1424
-1155
-861
-566
-301
-66
152
339
481
601
724
852
946
1060
1200
1374
1589
1852
2057
2174
2285
2417
2440
2300
2124
1962
1713
1391
1126
850
496
199
19
-194
-435
-582
-686
-837
-954
-974
-1031
-1158
-1227
-1257
-1351
-1496
-1622
-1765
-1925
-2023
-2075
-2106
-2087
-1981
-1795
-1539
-1270
-1025
-760
-465
-204
16
227
406
538
668
813
926
1049
1170
1303
1483
1718
1943
2095
2184
2310
2427
2391
2240
2103
1939
1639
1356
1123
791
406
158
-29
-298
-544
-693
-843
-1011
-1083
-1122
-1217
-1305
-1325
-1380
-1491
-1616
-1729
-1863
-1977
-2043
-2084
-2093
-2032
-1882
-1677
-1452
-1219
-961
-686
-419
-156
87
299
480
666
856
1011
1133
1280
1444
1603
1792
2014
2151
2216
2311
2448
2436
2293
2168
2049
1798
1492
1247
939
553
251
34
-262
-532
-688
-850
-1052
-1142
-1155
-1254
-1375
-1414
-1445
-1561
-1692
-1805
-1937
-2063
-2132
-2155
-2153
-2092
-1955
-1746
-1512
-1276
-1031
-768
-498
-241
14
231
429
617
813
985
1137
1307
1484
1679
1879
2115
2295
2402
2475
2582
2615
2498
2347
2203
1951
1618
1351
1047
630
274
52
-208
-513
-696
-830
-1016
-1147
-1185
-1271
-1411
-1494
-1553
-1674
-1829
-1968
-2115
-2260
-2352
-2381
-2375
-2317
-2177
-1957
-1699
-1435
-1155
-860
-574
-294
8
299
534
724
915
1116
1284
1423
1545
1682
1859
2084
2285
2407
2496
2637
2761
2708
2551
2411
2212
1857
1511
1187
772
334
30
-228
-542
-776
-929
-1104
-1266
-1311
-1356
-1483
-1587
-1627
-1703
-1826
-1952
-2078
-2205
-2287
-2318
-2311
-2263
-2149
-1956
-1708
-1449
-1198
-910
-621
-328
-36
244
479
680
885
1086
1250
1399
1569
1746
1936
2167
2387
2516
2596
2717
2772
2661
2477
2313
2064
1685
1347
1067
687
290
27
-193
-467
-682
-829
-1016
-1186
-1268
-1356
-1504
-1615
-1684
-1790
-1921
-2038
-2163
-2276
-2346
-2379
-2359
-2278
-2146
-1940
-1650
-1356
-1069
-756
-432
-148
131
384
582
758
944
1110
1239
1379
1533
1721
1934
2176
2387
2543
2639
2718
2759
2647
2426
2209
1966
1595
1240
957
599
196
-79
-281
-555
-793
-948
-1118
-1293
-1366
-1418
-1537
-1639
-1689
-1758
-1867
-1977
-2090
-2194
-2259
-2288
-2272
-2187
-2049
-1846
-1562
-1250
-958
-652
-325
-32
233
473
662
810
953
1098
1228
1356
1512
1703
1916
2150
2375
2519
2589
2645
2678
2561
2321
2075
1822
1482
1123
809
461
85
-196
-402
-646
-875
-1021
-1162
-1314
-1390
-1434
-1530
-1635
-1681
-1737
-1832
-1927
-2016
-2103
-2145
-2147
-2108
-2025
-1886
-1678
-1393
-1106
-844
-556
-241
53
293
522
712
887
1054
1208
1342
1480
1639
1809
1993
2169
2344
2449
2485
2473
2470
2355
2113
1853
1619
1311
951
649
333
-20
-296
-486
-715
-934
-1069
-1191
-1333
-1416
-1462
-1554
-1661
-1710
-1752
-1839
-1925
-1989
-2035
-2056
-2031
-1971
-1858
-1691
-1483
-1227
-940
-664
-405
-129
155
413
638
823
993
1160
1311
1434
1551
1684
1831
1992
2139
2289
2376
2391
2360
2340
2224
1974
1702
1450
1125
746
422
99
-257
-546
-745
-963
-1159
-1264
-1354
-1470
-1522
-1526
-1569
-1642
-1668
-1684
-1727
-1790
-1846
-1875
-1883
-1859
-1799
-1687
-1536
-1325
-1059
-777
-510
-226
80
359
607
854
1059
1209
1330
1459
1543
1601
1667
1759
1870
1981
2108
2183
2186
2169
2171
2066
1825
1562
1322
994
613
285
-47
-408
-694
-891
-1107
-1304
-1399
-1461
-1554
-1580
-1552
-1573
-1613
-1592
-1563
-1589
-1630
-1658
-1671
-1680
-1655
-1602
-1519
-1385
-1190
-946
-694
-452
-177
128
416
664
900
1120
1301
1432
1526
1603
1660
1708
1772
1860
1932
2032
2096
2079
2028
2007
1888
1635
1376
1137
813
446
141
-163
-511
-784
-964
-1166
-1345
-1428
-1485
-1560
-1583
-1553
-1564
-1587
-1569
-1542
-1553
-1576
-1585
-1588
-1580
-1540
-1466
-1365
-1227
-1031
-795
-558
-317
-59
218
476
713
916
1109
1287
1420
1504
1567
1633
1688
1747
1811
1881
1957
2008
1991
1930
1883
1769
1539
1279
1038
725
368
65
-225
-562
-840
-1012
-1186
-1367
-1448
-1477
-1531
-1548
-1506
-1497
-1518
-1495
-1461
-1473
-1501
-1511
-1497
-1480
-1438
-1351
-1232
-1099
-916
-688
-458
-251
-12
234
452
655
857
1014
1145
1275
1377
1446
1501
1583
1678
1788
1864
1944
2003
1992
1910
1837
1715
1462
1177
930
634
274
-16
-281
-593
-851
-999
-1144
-1303
-1370
-1384
-1426
-1441
-1408
-1404
-1427
-1415
-1393
-1418
-1452
-1453
-1428
-1403
-1338
-1243
-1125
-967
-767
-554
-351
-159
50
267
445
590
745
899
1013
1117
1231
1320
1390
1496
1624
1734
1819
1900
1945
1910
1818
1726
1582
1321
1032
800
533
199
-77
-301
-560
-794
-927
-1051
-1198
-1263
-1275
-1319
-1349
-1318
-1318
-1352
-1344
-1318
-1346
-1377
-1360
-1326
-1287
-1212
-1106
-981
-818
-635
-449
-264
-94
63
236
402
520
622
756
886
966
1055
1153
1261
1374
1501
1610
1702
1791
1825
1770
1683
1596
1438
1194
944
720
456
163
-71
-281
-532
-738
-853
-976
-1115
-1177
-1196
-1237
-1258
-1237
-1253
-1274
-1255
-1238
-1258
-1265
-1238
-1201
-1137
-1046
-939
-811
-651
-491
-324
-169
-48
68
211
331
393
488
625
731
819
943
1074
1187
1324
1456
1553
1626
1693
1711
1642
1527
1431
1296
1068
827
648
435
164
-46
-219
-445
-654
-765
-894
-1051
-1121
-1138
-1197
-1244
-1221
-1218
-1250
-1235
-1202
-1212
-1216
-1177
-1115
-1049
-959
-844
-710
-568
-425
-286
-158
-56
43
143
236
319
426
543
656
775
908
1057
1192
1320
1431
1534
1606
1643
1633
1568
1463
1347
1226
1031
825
655
474
240
30
-133
-342
-562
-707
-829
-981
-1090
-1133
-1187
-1241
-1242
-1229
-1246
-1248
-1206
-1179
-1169
-1131
-1048
-961
-867
-753
-615
-497
-388
-269
-172
-110
-42
39
113
191
302
421
545
683
843
1007
1138
1263
1388
1491
1544
1582
1584
1517
1418
1335
1227
1042
850
700
534
309
107
-68
-275
-480
-630
-767
-929
-1034
-1086
-1148
-1216
-1223
-1211
-1232
-1239
-1205
-1179
-1161
-1114
-1040
-956
-860
-742
-627
-517
-414
-311
-222
-161
-95
-16
69
151
263
390
510
638
781
919
1040
1166
1284
1381
1449
1503
1537
1514
1445
1367
1289
1143
961
794
632
413
192
1
-206
-426
-593
-732
-892
-1002
-1055
-1111
-1166
-1165
-1147
-1160
-1148
-1106
-1091
-1080
-1032
-977
-924
-853
-772
-693
-595
-493
-416
-334
-245
-151
-54
56
156
267
404
531
626
731
854
961
1063
1170
1267
1347
1422
1475
1481
1437
1374
1298
1176
996
825
664
458
229
41
-154
-369
-543
-688
-837
-957
-1015
-1077
-1141
-1149
-1130
-1141
-1140
-1105
-1080
-1067
-1028
-968
-916
-856
-780
-693
-605
-514
-422
-333
-256
-161
-42
62
153
273
408
518
613
730
852
955
1063
1169
1260
1335
1402
1451
1444
1390
1331
1272
1153
990
838
695
501
282
103
-82
-303
-496
-641
-802
-940
-1015
-1083
-1170
-1194
-1178
-1190
-1204
-1173
-1138
-1110
-1065
-1004
-943
-876
-790
-691
-593
-503
-415
-326
-250
-174
-75
33
115
214
346
466
570
683
814
941
1059
1164
1260
1346
1412
1446
1449
1417
1361
1299
1207
1064
912
767
587
368
170
-10
-231
-440
-591
-740
-888
-979
-1041
-1127
-1176
-1169
-1178
-1207
-1194
-1164
-1138
-1091
-1030
-971
-899
-801
-706
-611
-513
-435
-360
-274
-197
-123
-21
86
186
308
439
557
681
826
953
1060
1166
1264
1332
1377
1406
1408
1387
1338
1275
1201
1093
942
795
638
439
227
41
-158
-367
-535
-679
-817
-925
-1002
-1090
-1151
-1179
-1207
-1242
-1241
-1229
-1208
-1156
-1094
-1027
-943
-832
-739
-637
-531
-447
-380
-299
-222
-156
-71
24
124
245
374
502
647
801
934
1066
1202
1301
1364
1427
1461
1443
1412
1364
1285
1192
1090
936
775
627
454
244
57
-103
-282
-457
-601
-719
-824
-931
-1031
-1107
-1153
-1212
-1264
-1282
-1288
-1279
-1227
-1159
-1092
-994
-865
-751
-645
-522
-416
-343
-263
-186
-125
-54
40
134
225
342
474
609
753
899
1039
1177
1289
1364
1423
1462
1458
1419
1359
1272
1178
1073
931
756
601
451
262
77
-83
-248
-417
-551
-674
-798
-908
-1003
-1091
-1157
-1218
-1275
-1300
-1299
-1295
-1264
-1189
-1108
-1021
-901
-775
-665
-550
-431
-347
-282
-207
-129
-51
30
107
203
336
473
601
743
897
1046
1174
1289
1379
1439
1470
1473
1439
1381
1302
1198
1083
961
812
645
491
332
150
-24
-182
-343
-497
-634
-756
-880
-988
-1085
-1175
-1252
-1298
-1330
-1357
-1350
-1313
-1253
-1174
-1069
-958
-843
-722
-598
-497
-405
-318
-248
-175
-93
-6
87
198
322
461
615
771
915
1058
1203
1321
1400
1455
1485
1479
1440
1376
1296
1193
1069
943
814
670
507
349
199
32
-137
-293
-442
-601
-737
-857
-980
-1101
-1191
-1261
-1324
-1361
-1363
-1346
-1313
-1248
-1147
-1033
-926
-812
-687
-570
-475
-381
-304
-240
-171
-78
16
96
201
332
474
617
776
928
1070
1204
1330
1413
1460
1476
1458
1410
1335
1240
1125
996
863
729
593
445
293
148
9
-148
-309
-450
-584
-729
-862
-976
-1084
-1182
-1247
-1298
-1334
-1332
-1292
-1244
-1183
-1079
-958
-850
-746
-623
-517
-440
-370
-294
-235
-171
-81
14
99
206
350
502
639
778
939
1081
1196
1291
1362
1389
1388
1357
1295
1213
1117
1008
886
765
640
513
384
256
121
-19
-152
-289
-424
-558
-689
-814
-924
-1019
-1107
-1177
-1218
-1238
-1234
-1201
-1149
-1079
-983
-875
-773
-668
-560
-465
-392
-330
-276
-223
-155
-78
-4
89
203
328
463
612
756
891
1020
1132
1219
1275
1301
1295
1267
1213
1135
1044
941
826
705
585
459
333
201
72
-56
-179
-297
-421
-537
-650
-752
-844
-926
-1003
-1068
-1112
-1135
-1140
-1125
-1093
-1037
-959
-866
-774
-677
-572
-470
-390
-321
-247
-174
-101
-21
68
152
248
362
479
586
697
811
916
1004
1074
1132
1163
1170
1154
1125
1074
1001
908
810
706
589
455
318
192
70
-55
-176
-285
-382
-476
-566
-644
-711
-777
-840
-898
-940
-968
-978
-987
-978
-946
-896
-837
-773
-704
-630
-545
-469
-396
-322
-237
-152
-66
23
112
203
305
409
498
589
691
790
868
932
988
1034
1052
1047
1025
990
935
859
772
675
573
456
338
223
121
14
-91
-179
-256
-338
-414
-481
-545
-613
-675
-730
-781
-825
-859
-872
-879
-873
-847
-808
-769
-715
-648
-582
-519
-445
-369
-291
-220
-144
-65
18
100
183
269
363
466
562
656
747
827
886
932
949
946
922
885
830
763
689
604
517
440
357
264
182
111
32
-40
-103
-168
-240
-312
-377
-444
-509
-568
-627
-675
-711
-734
-746
-744
-736
-715
-684
-643
-597
-548
-496
-444
-389
-332
-278
-221
-158
-101
-40
34
119
206
300
396
492
585
668
732
779
808
814
804
778
736
679
617
548
476
409
335
260
195
137
76
21
-24
-70
-117
-161
-205
-249
-289
-334
-385
-430
-469
-507
-540
-561
-584
-599
-594
-580
-568
-545
-510
-471
-429
-386
-343
-293
-240
-193
-149
-85
-12
60
137
220
303
380
452
514
566
601
626
637
634
616
590
555
507
452
394
334
270
211
152
94
47
14
-19
-47
-59
-69
-85
-99
-107
-129
-160
-196
-233
-276
-320
-363
-407
-440
-463
-483
-490
-483
-472
-451
-423
-394
-363
-321
-278
-243
-195
-135
-74
-12
61
135
201
267
325
374
411
436
451
458
454
438
417
390
359
320
277
235
194
153
117
87
62
45
39
41
47
56
64
70
69
57
30
-7
-54
-104
-163
-224
-279
-325
-362
-389
-405
-409
-400
-387
-369
-348
-325
-299
-274
-243
-208
-165
-122
-75
-16
45
98
149
201
244
275
297
312
319
316
308
289
264
238
206
168
133
103
74
54
46
46
53
74
105
137
164
190
208
207
191
167
124
69
11
-49
-112
-166
-212
-249
-282
-301
-314
-320
-322
-325
-324
-320
-314
-300
-281
-256
-226
-183
-138
-94
-48
1
44
82
112
137
156
169
177
178
176
165
153
133
110
86
67
48
39
36
44
63
93
127
165
204
239
263
277
274
263
235
201
160
112
66
25
-12
-50
-85
-116
-143
-163
-188
-216
-239
-251
-262
-273
-273
-262
-244
-222
-196
-170
-141
-110
-85
-62
-40
-18
-3
13
20
29
30
26
17
8
-4
-20
-32
-38
-41
-38
-20
6
41
81
127
173
219
255
283
302
308
301
284
260
228
194
160
124
91
58
23
-12
-41
-67
-98
-128
-156
-176
-190
-202
-211
-213
-205
-195
-179
-166
-150
-132
-112
-98
-85
-73
-60
-51
-48
-45
-47
-51
-59
-70
-82
-90
-94
-96
-93
-77
-54
-23
19
65
113
164
216
260
292
318
335
338
329
312
287
261
228
196
158
125
89
55
20
-13
-45
-78
-106
-131
-155
-174
-188
-196
-198
-196
-187
-175
-163
-149
-138
-128
-117
-113
-112
-115
-117
-125
-132
-140
-152
-163
-170
-173
-173
-164
-152
-131
-101
-63
-20
30
82
134
185
232
271
300
321
333
334
327
314
298
280
256
233
208
184
155
124
89
54
20
-15
-49
-77
-101
-120
-131
-137
-135
-130
-123
-113
-106
-105
-107
-109
-116
-127
-143
-159
-176
-193
-212
-231
-245
-256
-264
-267
-259
-244
-224
-194
-155
-108
-57
1
57
111
162
207
244
277
300
314
323
328
328
326
319
306
291
271
247
216
182
146
104
68
35
4
-21
-39
-54
-63
-67
-69
-71
-74
-79
-87
-96
-109
-121
-137
-156
-172
-191
-214
-238
-259
-283
-304
-316
-325
-322
-310
-288
-260
-217
-165
-110
-52
8
65
116
163
206
239
264
287
301
315
322
324
323
317
306
287
262
235
204
167
133
105
74
51
33
17
3
-7
-20
-35
-46
-58
-74
-88
-99
-112
-128
-144
-156
-173
-191
-212
-234
-259
-280
-300
-312
-318
-316
-305
-284
-250
-208
-158
-105
-50
5
56
102
142
177
209
232
256
276
292
305
311
312
305
290
271
245
214
182
152
122
100
80
63
48
39
28
12
-5
-21
-38
-57
-73
-92
-108
-119
-132
-150
-167
-182
-202
-221
-242
-261
-278
-287
-293
-296
-288
-275
-253
-221
-185
-145
-98
-51
-6
39
80
120
158
193
225
258
286
310
325
335
335
324
308
284
253
218
185
152
124
101
81
62
48
34
19
6
-11
-32
-52
-70
-91
-111
-129
-149
-168
-188
-208
-228
-243
-260
-274
-285
-289
-287
-284
-277
-264
-242
-219
-190
-154
-116
-74
-28
18
61
107
150
192
233
272
305
331
349
362
363
355
339
313
280
245
206
167
131
101
75
52
35
22
9
0
-10
-25
-39
-53
-72
-95
-117
-138
-162
-189
-219
-246
-272
-292
-309
-324
-331
-330
-323
-312
-296
-274
-247
-214
-180
-141
-101
-55
-7
40
88
137
185
230
275
315
348
374
390
395
392
378
356
325
288
246
203
162
123
87
56
32
11
-4
-17
-28
-34
-44
-57
-69
-84
-105
-127
-150
-178
-207
-238
-267
-290
-310
-328
-338
-339
-333
-322
-304
-280
-250
-216
-179
-140
-92
-45
3
55
106
159
208
256
297
334
365
387
401
405
399
385
361
331
295
252
209
165
123
85
47
18
-9
-30
-49
-65
-79
-90
-102
-116
-133
-153
-173
-195
-218
-243
-266
-288
-306
-321
-334
-341
-343
-339
-331
-315
-293
-265
-232
-191
-146
-97
-41
18
75
133
191
247
294
338
374
405
428
444
452
448
437
414
384
348
304
256
207
161
116
75
38
4
-25
-52
-75
-96
-117
-138
-159
-181
-203
-225
-246
-268
-288
-304
-319
-332
-346
-356
-362
-364
-363
-358
-343
-321
-290
-254
-211
-159
-104
-46
12
73
132
190
245
295
342
385
422
451
473
486
486
476
455
425
388
347
303
254
207
163
119
77
34
-7
-46
-81
-115
-148
-176
-201
-224
-245
-262
-276
-290
-302
-315
-331
-346
-358
-369
-378
-381
-377
-368
-350
-323
-291
-249
-202
-154
-101
-45
12
71
129
188
247
301
351
399
438
470
489
495
492
482
459
425
389
354
314
273
232
189
145
101
53
2
-46
-90
-134
-175
-207
-232
-253
-266
-280
-294
-305
-319
-334
-351
-368
-383
-393
-399
-396
-388
-373
-350
-321
-284
-245
-202
-155
-106
-53
4
63
125
188
252
314
373
424
464
492
509
514
509
495
473
448
417
385
352
314
275
228
180
127
73
16
-39
-89
-135
-171
-204
-230
-250
-269
-288
-308
-328
-350
-370
-390
-408
-424
-432
-431
-423
-408
-389
-363
-330
-295
-259
-220
-181
-135
-84
-30
29
97
164
233
301
361
415
457
486
507
517
517
507
493
474
451
424
391
353
311
261
209
152
95
40
-11
-58
-98
-131
-163
-188
-214
-241
-267
-294
-325
-352
-376
-399
-418
-430
-435
-432
-426
-412
-395
-372
-347
-317
-285
-254
-212
-168
-118
-62
0
63
131
197
260
318
368
411
446
474
491
502
504
500
488
469
442
407
367
322
271
218
166
117
70
28
-10
-43
-72
-102
-132
-162
-193
-226
-260
-295
-324
-352
-376
-396
-409
-418
-421
-418
-411
-401
-386
-369
-346
-316
-282
-245
-198
-144
-88
-28
34
95
152
207
256
302
344
381
412
438
458
469
473
466
452
428
395
358
316
271
227
184
143
108
72
37
6
-24
-54
-86
-118
-151
-184
-217
-249
-277
-301
-323
-340
-355
-367
-377
-382
-385
-387
-383
-374
-357
-336
-305
-269
-223
-174
-124
-71
-13
43
93
139
186
232
278
316
348
380
407
425
435
435
427
408
386
356
324
292
259
225
191
160
127
97
63
29
-5
-39
-74
-109
-142
-173
-205
-232
-258
-280
-300
-317
-334
-349
-358
-368
-371
-372
-366
-356
-337
-311
-278
-239
-195
-147
-99
-48
0
45
90
134
176
216
254
288
320
345
363
374
377
372
362
344
323
299
274
250
223
197
173
147
119
91
60
29
-4
-34
-65
-94
-123
-150
-174
-195
-216
-234
-252
-271
-288
-303
-313
-322
-327
-326
-320
-308
-291
-263
-233
-201
-166
-128
-90
-49
-11
29
68
108
146
180
214
243
267
284
294
298
300
295
284
273
261
250
236
220
203
183
163
138
115
88
60
33
10
-14
-38
-62
-83
-104
-122
-142
-162
-180
-200
-217
-234
-247
-259
-267
-272
-273
-270
-261
-249
-233
-212
-189
-159
-127
-95
-61
-22
16
51
86
118
148
173
194
209
222
228
231
231
229
224
218
209
197
183
168
152
136
120
102
87
71
55
40
25
9
-9
-25
-43
-59
-76
-94
-112
-128
-142
-155
-169
-181
-189
-197
-202
-205
-207
-204
-198
-187
-173
-153
-129
-101
-72
-42
-12
16
43
67
88
108
122
136
149
159
163
167
168
168
164
155
147
139
127
115
104
90
82
72
62
53
45
35
27
18
8
-4
-17
-31
-44
-59
-75
-90
-104
-118
-133
-144
-155
-162
-166
-170
-169
-164
-155
-145
-129
-113
-93
-71
-48
-24
-4
16
34
52
66
78
89
95
103
109
113
116
120
118
116
116
111
104
96
90
85
80
74
68
63
59
53
47
41
31
19
9
-2
-17
-31
-47
-61
-75
-88
-101
-111
-121
-126
-129
-131
-130
-126
-121
-112
-101
-88
-72
-57
-43
-28
-14
-2
10
19
25
32
36
40
45
48
50
55
57
58
60
60
60
60
62
64
63
67
72
71
74
74
72
69
63
54
49
38
26
17
6
-4
-15
-28
-40
-50
-63
-74
-81
-88
-90
-91
-92
-86
-78
-70
-62
-52
-41
-30
-21
-16
-10
-6
-3
-1
-1
0
1
3
6
9
10
12
13
15
18
19
24
31
36
40
48
55
60
63
65
65
63
62
59
55
49
42
36
30
25
15
3
-9
-19
-31
-42
-53
-59
-63
-67
-67
-61
-54
-49
-42
-38
-32
-28
-24
-22
-19
-18
-17
-18
-19
-19
-20
-21
-22
-22
-23
-23
-23
-22
-17
-12
-8
0
10
21
29
40
49
54
60
64
68
70
71
71
71
70
65
60
53
44
32
20
9
-2
-13
-23
-30
-36
-40
-41
-40
-38
-34
-30
-27
-21
-16
-15
-15
-14
-16
-21
-24
-28
-30
-36
-41
-43
-43
-46
-48
-51
-51
-47
-43
-40
-33
-24
-11
1
10
21
31
39
44
49
55
61
64
64
65
67
65
59
52
46
39
33
24
14
6
3
-3
-4
-5
-4
-2
2
4
6
10
12
13
12
12
6
2
-3
-11
-21
-31
-39
-47
-54
-61
-70
-75
-78
-80
-77
-75
-69
-62
-53
-44
-31
-19
-8
2
11
20
28
37
42
48
54
58
61
60
61
59
54
50
46
40
35
31
28
26
28
28
29
30
31
31
31
33
32
28
24
20
14
6
-4
-15
-23
-35
-47
-58
-69
-80
-88
-95
-100
-99
-99
-95
-89
-82
-76
-65
-53
-41
-31
-21
-8
8
18
28
36
44
50
55
59
62
63
62
63
61
58
55
55
55
53
53
53
53
55
56
57
55
56
53
48
44
39
30
20
6
-6
-20
-35
-50
-65
-79
-91
-99
-105
-111
-113
-115
-112
-109
-105
-101
-92
-82
-65
-52
-40
-27
-11
4
15
24
30
39
47
54
62
66
71
75
77
79
83
81
79
79
77
76
76
72
68
69
66
65
63
56
50
42
35
20
5
-11
-25
-43
-60
-74
-89
-99
-109
-117
-123
-126
-125
-125
-122
-117
-107
-98
-87
-75
-61
-45
-31
-17
-4
8
21
30
39
48
57
65
73
77
84
91
94
95
96
96
94
91
89
88
86
83
82
79
73
69
65
57
46
34
20
5
-14
-32
-53
-71
-86
-101
-113
-122