SAMPLES:	11660
BITSPERSAMPLE:	16
CHANNELS:	1
SAMPLERATE:	16000
NORMALIZED:	FALSE
3
6
11
-16
-1
10
11
-2
-24
-14
10
23
-10
-22
-4
18
8
-6
-16
7
14
16
-8
-9
11
5
-5
-10
-4
2
-1
-2
-14
-7
2
13
8
10
-8
-8
17
-2
-2
-29
18
10
10
-11
-4
-12
22
12
12
-21
-16
6
21
13
-39
-14
1
37
15
-14
-35
17
31
12
-33
-17
15
18
-16
-18
12
17
24
-22
-4
7
13
1
-19
8
-7
-14
10
9
15
-12
-2
5
4
-19
-13
3
4
-2
1
25
-1
6
-9
-2
-6
2
-11
-15
7
3
2
5
5
3
20
-18
-16
-11
7
-22
15
21
-5
-12
10
28
-29
-7
-15
15
-47
2
10
37
16
5
-11
-16
35
-20
-32
-43
14
9
26
-19
3
14
35
14
-34
5
-23
14
-26
15
-21
24
15
0
-5
4
-3
-8
-13
23
-5
-12
-7
30
-9
-40
-3
32
42
-39
-6
-1
20
23
10
-39
-12
4
52
-18
-4
-62
0
32
-1
10
-41
49
-16
20
5
-27
-16
8
28
-62
-1
0
25
30
18
-33
21
24
10
-46
-24
6
-34
37
-3
33
-51
37
20
65
-18
-21
0
-7
-24
-41
6
15
-11
14
33
14
23
-51
-11
-1
34
-39
-45
13
24
66
-77
8
-9
44
34
-32
6
-65
70
-48
17
-23
5
12
1
53
15
-31
-39
24
-33
23
-50
54
-66
73
4
19
5
-61
27
9
26
-45
-11
2
28
-18
48
-48
4
-7
57
-7
-34
-11
-17
22
-3
-18
-39
49
6
-28
-7
19
63
-46
-2
-26
12
58
-36
0
-76
32
43
46
-58
-3
-7
40
-39
-1
-21
-14
77
-33
-30
35
42
-21
-23
-22
-1
4
42
-45
8
-1
36
-9
51
-20
-41
17
34
-14
-66
-2
37
6
1
9
-16
11
40
-15
-56
-13
70
-35
-9
-33
19
-15
64
29
-68
-30
64
40
-94
12
1
13
-17
-15
48
-21
12
-76
34
64
-1
-55
-58
116
-34
-3
-68
-8
126
-30
-55
-26
75
19
-17
-39
12
15
14
-23
1
10
-4
20
5
-32
-42
79
6
3
-77
60
30
-17
-69
29
17
-11
-44
38
-6
23
-28
-25
40
11
-4
-116
127
-19
3
-68
0
30
50
-31
-77
17
65
47
-69
6
-8
40
73
-81
-61
-6
76
-36
8
-46
10
50
90
-124
-13
32
46
-8
-27
-4
-57
60
-6
64
-76
28
-29
115
-72
54
-55
-46
41
-38
44
-72
58
-3
34
-6
36
21
-28
-38
49
-83
70
-23
-23
-54
84
77
-68
31
-14
107
-142
19
-14
-2
15
-37
-40
49
100
-6
-74
-6
101
-57
26
-143
53
-30
127
-142
29
100
1
4
-67
81
-38
-10
-23
-70
22
2
42
-41
4
47
-63
81
-47
-6
-22
-15
82
-113
73
-49
101
-4
-57
-29
8
88
-69
-31
13
-16
85
-20
34
-68
26
-23
-16
46
-86
5
4
9
33
16
3
-23
-45
57
-29
-5
-47
-50
19
66
44
-96
45
-53
136
-132
56
-89
79
15
-65
76
-74
152
-167
153
-102
91
-143
117
-180
177
-129
103
-45
34
118
-172
196
-168
105
-134
72
-71
103
-37
-36
5
169
-80
10
-11
-49
67
-75
71
-178
164
-68
63
-28
26
12
-10
-7
-46
73
-83
15
-60
118
-77
38
-85
51
26
12
-20
-69
118
12
-55
-22
36
-38
137
-174
157
-157
107
-60
7
76
-56
73
0
0
37
5
-60
-73
-36
9
-47
58
9
100
0
-3
-65
72
-10
-41
-74
-31
-8
117
-44
29
-66
107
123
-125
39
-178
164
-111
-12
-48
67
62
-26
34
-3
-48
80
-32
14
-45
-41
42
20
49
-87
86
-134
130
-6
1
-37
-40
39
-59
76
-149
51
99
-132
91
-43
98
-34
-14
-42
50
80
-129
-37
66
24
-61
64
-62
112
-8
25
-107
79
-39
17
-1
-87
38
-17
105
-147
79
-74
23
30
27
-27
-93
123
-67
80
-96
-19
58
-31
47
-121
65
38
131
-158
53
-106
111
-89
-17
-29
27
8
-15
134
-9
-21
-135
118
-55
10
-54
37
-61
209
-48
36
-13
-9
-77
51
-111
32
-17
133
-16
-18
52
35
34
-127
-42
-63
128
-56
19
-49
0
113
36
-61
-12
-30
3
43
45
-42
-110
89
57
-15
81
-162
15
62
24
-73
-1
-100
189
-116
225
-98
37
-101
-3
12
50
-84
-97
15
267
4
-108
-110
93
-7
33
-50
-32
-109
188
43
-84
-129
137
-72
166
-132
6
-97
122
-108
51
-58
4
92
-43
57
-85
94
-126
-25
100
79
-39
-94
2
115
-26
-76
-26
36
51
11
30
-122
114
51
-125
65
-113
82
-72
36
-82
8
19
57
145
-249
70
22
166
-188
-4
-20
-5
86
-7
-110
-31
18
113
-173
157
-80
199
-198
219
-118
85
-237
143
-78
93
-134
80
-34
-8
252
-141
79
-145
153
-102
-90
-6
-154
156
64
76
15
-34
112
-105
6
8
-84
-117
21
137
-93
-121
63
126
117
-97
-17
157
-90
-31
-387
372
-159
118
-121
88
133
64
95
-162
51
-83
-41
88
-129
-38
9
-3
176
-105
236
-177
45
4
85
28
-181
-1
-20
75
-21
-22
91
-219
195
44
46
-158
46
164
-282
128
-145
24
-210
172
39
-59
113
-23
69
-40
69
-13
-124
97
-193
-15
183
-98
127
-121
84
51
109
-65
-324
73
-53
120
-129
38
-27
261
-4
-125
27
19
-104
-53
-6
-45
141
-42
83
-100
247
-173
210
-192
-35
25
-41
54
-138
244
-12
-6
-101
75
30
-163
-82
3
134
5
20
20
-159
167
14
-262
108
59
-22
-64
197
-82
68
82
-243
37
-130
355
-440
311
-234
308
23
-105
-37
-89
452
-393
-182
-43
207
254
-177
-137
199
131
131
-598
375
-306
0
147
-61
18
-143
606
-256
66
-15
-196
90
-189
2
-64
178
-126
102
226
96
-88
-2
-99
-46
-14
-83
-270
378
-70
149
-202
241
-80
-205
168
-240
226
-20
7
-109
97
329
-329
-45
66
-47
213
-150
-75
-128
492
-184
-231
171
-63
127
44
12
-437
281
154
-136
-192
16
-39
254
127
-135
-111
217
134
-69
-317
-211
83
58
-213
80
231
263
56
-30
-19
-59
-22
-173
-280
-37
151
100
31
14
60
169
99
-7
-183
59
-329
-153
41
-88
147
-1
412
-227
394
-187
-89
-46
-150
37
-303
331
-126
143
-143
174
77
-8
0
-83
-203
280
-243
-40
-203
156
93
286
-230
-120
234
256
-298
-236
76
222
-6
-157
-68
94
133
-26
-97
100
-32
-11
142
-135
-54
-63
63
63
50
-54
-175
249
-48
3
-188
165
63
92
-283
64
308
-40
-159
-118
205
31
18
-239
-13
108
124
-216
-113
95
261
-173
-136
-129
289
102
-245
-44
-14
255
-234
1
-119
247
-12
-84
191
-148
177
11
-29
-217
131
171
-259
-179
270
43
-100
38
193
-255
49
186
-32
-70
-31
42
65
19
-60
-238
251
-142
104
-15
-24
-61
123
200
-315
3
31
142
-154
-41
72
68
-89
-138
159
136
-50
-134
127
-18
220
-168
-77
-118
37
79
-194
42
31
232
-1
9
-103
88
-33
-179
97
-50
-147
-26
333
64
-165
59
12
231
-118
-208
-183
175
10
-200
121
41
97
-145
224
-184
170
-128
-293
-27
248
-10
-83
-137
334
232
94
-425
-98
50
-44
21
-122
-47
147
257
-45
-27
14
96
133
-270
-245
-7
216
-152
-90
88
127
247
-41
81
-77
-7
-403
17
34
-165
-101
25
386
248
82
-322
216
41
-105
-342
-155
41
331
-78
-68
148
234
-113
89
13
-409
-60
94
272
-351
-94
255
342
-146
-103
17
95
-47
-239
-35
55
17
-138
129
101
210
-49
-60
-61
144
-41
-324
136
-25
28
-101
55
-13
24
192
-127
180
-20
-46
-80
-80
112
-208
-55
98
17
-47
32
183
167
7
-194
-173
356
-61
-320
-106
73
357
-51
-190
-96
367
115
-42
-280
-150
246
15
-214
-96
-34
289
192
-181
-127
196
198
-279
-207
4
244
78
-115
-241
319
154
-78
-196
-110
226
-60
168
-227
-5
-67
123
182
-213
-2
22
33
19
-105
-49
-98
301
-114
91
11
77
-18
-17
-144
-189
300
-62
-214
136
122
-155
-183
106
0
131
84
-261
148
-48
260
-304
-55
-11
219
-19
8
76
-17
-59
10
136
-131
47
-33
-29
33
-8
-87
-78
26
-33
89
37
34
-31
136
-109
-51
-126
-50
25
-133
63
95
139
127
160
-3
-113
51
24
-276
-78
-119
372
-234
-29
22
217
15
-74
5
-369
354
122
-185
-445
337
-29
139
-40
-122
139
339
-51
-453
223
-184
173
-87
-128
-14
277
-22
-147
111
-31
-95
-112
218
-79
26
-39
-5
226
136
-169
-210
101
0
-37
-168
-31
221
199
41
-59
140
-115
-52
-38
-31
-221
19
213
-122
29
110
-16
69
142
-223
-117
117
69
-165
-166
72
-4
210
-180
78
-263
217
-53
116
-100
-60
237
-143
131
-370
176
73
29
-207
130
307
-207
-76
-27
92
173
-84
-298
-63
342
148
-347
2
108
244
-254
-36
74
-110
67
-189
77
129
172
-165
-89
213
-50
49
-103
-37
-16
-10
160
-157
192
-131
88
138
-53
-138
1
104
42
-155
3
58
184
-257
143
118
-77
-43
-109
106
38
78
-85
-225
185
135
-239
-7
312
-150
6
96
-147
51
-26
-98
-63
211
-200
-126
99
71
136
-320
322
-165
161
-188
-39
-196
85
134
-157
237
-241
238
161
134
-172
69
-273
-97
28
-3
-218
-7
270
133
11
84
13
36
74
-261
-235
22
189
-178
112
95
115
-74
-49
406
-160
-176
-281
152
31
-186
-297
54
370
-113
-49
-193
123
127
153
-232
-213
337
-45
98
-420
83
102
165
-83
-122
375
82
115
-330
-161
21
222
-147
-157
9
316
50
-73
-71
17
-22
-78
181
-170
-161
195
114
-57
-225
180
-51
166
147
7
-312
52
190
-79
-95
-104
256
105
-131
-29
162
-9
180
-105
-168
-220
219
-155
-27
-135
-26
399
-15
82
-166
208
-257
86
-99
11
-59
70
123
61
94
171
-183
-362
160
103
-241
-43
169
15
146
-10
-24
123
-172
25
-257
278
-481
202
248
-45
-302
438
13
-229
259
-148
-226
384
86
-354
52
115
-29
-171
38
-112
146
15
-121
135
-57
60
-315
195
68
-96
-317
201
286
-316
378
21
-105
-75
-34
-162
207
-125
-244
205
396
-330
78
-100
171
-145
153
-172
-369
627
61
-286
-166
461
-166
-251
66
-277
367
186
105
-528
415
158
-422
-97
-272
435
-98
98
-333
428
427
-214
-268
-84
270
84
-254
-137
-3
266
10
-137
-2
145
482
-619
35
-188
601
-383
-162
-96
200
260
-216
-57
-231
556
-290
-295
-68
310
-15
112
-366
55
-24
459
-601
-119
280
215
-177
-76
109
-219
692
-577
-216
-16
475
79
-151
-242
58
688
-478
196
-352
456
-1
-274
-237
309
-143
-40
423
-413
25
435
35
-635
148
-143
349
317
-517
-601
1215
161
-740
-256
468
111
-188
-114
-150
410
-229
423
-64
-327
-60
255
-25
-626
308
-276
566
-151
-515
684
374
-200
-769
689
0
-104
-143
209
-204
-56
336
42
-457
397
-63
116
-82
-284
269
-29
-415
-219
880
-522
-44
210
406
-205
-165
-232
281
109
-588
163
112
329
-101
40
-111
310
-279
-269
-93
338
-242
-166
329
185
-256
105
148
-31
-388
227
189
-178
-116
405
-551
-39
542
0
-408
212
277
-142
67
39
-10
-391
-180
-208
297
445
-658
-146
698
496
-571
-285
-189
-166
999
-509
-367
-157
1131
-283
-691
-364
80
1026
-468
-394
74
1084
-1
-743
-125
398
-325
-138
115
-673
595
676
-582
-332
1372
58
-215
-603
-132
-90
128
-719
-340
996
-155
246
60
569
-835
843
-313
-544
-513
-26
579
-506
256
36
563
5
329
274
-875
16
245
-197
-844
266
2
650
399
-25
-239
167
12
-116
-602
-136
148
-44
146
276
-254
215
598
-297
-472
252
399
-705
-254
228
-32
365
-25
-164
132
1008
-433
-194
44
-3
-186
-449
-95
211
283
-432
748
-219
230
-452
-85
-247
194
-494
72
536
-562
1024
-312
-153
-128
275
73
121
-1172
56
1578
-1074
-8
-49
279
-270
689
-1290
422
322
490
-1045
416
176
15
226
-468
20
-17
350
-7
-177
-478
741
-67
-581
309
386
-89
307
97
-631
17
222
104
-505
-2
-226
196
302
174
-212
58
380
47
-12
-863
136
696
-148
-376
-154
689
-247
-243
95
117
-355
243
359
-299
27
-200
-66
18
-371
-192
405
662
-311
-299
414
569
-764
-71
33
356
-458
509
-1053
538
300
3
-460
208
676
-344
486
-766
-72
-399
412
-606
598
-162
112
30
903
-407
-526
544
273
-684
-162
300
-662
516
-140
-207
234
1114
129
-580
40
-131
50
-538
44
-723
557
566
-22
-371
209
246
30
470
-937
-67
224
185
-515
-182
62
768
345
-241
-351
-139
562
-757
-141
-57
151
64
678
-385
-739
783
-16
-653
266
481
-306
6
325
-366
-67
-282
425
-390
397
-244
-113
442
476
-81
-558
270
-70
83
-212
-357
-241
243
287
-293
-7
567
338
-609
172
-3
36
-172
-321
-910
640
667
-499
-33
519
102
-7
3
-631
-90
296
24
-590
-133
955
-167
-141
577
-608
322
316
-498
-584
408
-211
442
-647
624
108
192
-139
161
172
-468
200
15
-184
-226
26
60
395
-55
-74
375
-530
607
127
-917
-33
892
-25
-805
-36
373
380
-44
-636
-104
1081
342
-691
-482
402
-86
-354
-300
-93
163
768
-381
-408
632
629
-788
-107
160
-137
-814
228
148
646
-612
411
109
940
-504
-31
-117
184
-2
-510
156
-362
500
421
1337
-1123
-358
585
547
-862
-329
514
375
-652
-1448
-351
-218
150
628
-480
28
464
-846
-552
862
-888
1236
235
-510
311
2192
-394
-935
1102
-298
-152
-186
324
-234
1487
-162
-913
-446
464
-83
-1394
-321
-243
741
-246
313
-546
460
915
-274
-129
-103
-243
-531
340
-481
-580
1073
151
508
-1011
1237
-919
487
-332
-394
-418
821
-104
-1311
550
551
-406
-878
1099
-632
543
-494
1083
-251
775
-394
245
-828
759
-727
-240
419
-334
224
426
-10
-544
1025
210
-76
-374
101
-120
-625
-902
344
-362
933
-89
-90
814
517
-689
616
-166
-1551
678
-566
120
-45
151
-130
1301
-608
777
133
-681
-879
887
-494
-1076
-83
555
698
-296
-242
257
1539
-203
-843
187
-109
-814
732
890
-1700
383
1446
-60
-2041
1291
269
-910
360
490
-1463
1062
231
-1118
680
829
-1350
114
1210
-2351
1172
1314
-438
-297
1287
-617
-1513
740
-165
-353
-205
694
39
-324
1276
-277
-722
1120
-266
-857
892
-852
116
-127
837
-494
241
350
-661
-656
812
91
-1520
1078
821
-1495
1186
455
-1897
1270
726
-850
-656
836
-56
210
290
-571
979
-123
-1291
25
-169
864
-887
712
368
-558
595
-57
-612
-86
62
-348
364
414
-559
515
299
-515
786
-636
-1067
65
1085
-604
-614
543
-185
778
77
-431
222
-4
-385
-627
-347
398
-523
681
194
-354
-780
1469
-721
-1086
1311
-131
-665
1284
-528
-1150
852
648
-1096
-399
-74
352
216
391
371
-101
818
193
-840
9
158
666
-720
-34
650
-367
640
807
-322
334
405
-414
-615
-48
24
-1534
302
1147
-424
-346
1439
-727
-1236
1275
-378
-829
516
223
-1412
612
923
-1666
837
1654
-1098
-875
811
-638
-296
851
-968
-693
1478
102
-625
116
1134
43
-1219
307
27
-523
966
-56
-628
93
975
-475
-507
607
-7
-567
617
363
-603
991
147
-781
378
395
-331
-750
486
-239
28
-279
443
-368
-452
977
-387
-486
440
305
-690
951
600
-277
-22
150
-270
74
-289
-65
-615
362
226
-846
165
867
154
-689
590
-289
-1355
693
644
-1859
-105
1380
-399
-380
913
540
-731
369
-132
-1108
93
789
-1183
-49
774
-284
-582
671
-92
-256
592
-191
-818
-243
1184
-1183
-410
1185
-248
-303
497
533
-741
408
909
-1132
188
839
-930
-845
1370
685
-999
610
681
-824
206
131
94
-549
1075
49
-565
1060
-584
186
309
3
-366
-109
26
-351
-110
377
664
-372
-424
1268
-540
-1457
233
266
-154
-347
666
-183
-395
1218
-471
-762
458
-154
-1127
-475
249
-1046
14
1166
-249
-380
674
-48
-1207
312
861
-432
-398
826
220
-448
444
755
-99
607
1018
-1012
-507
1028
901
-1025
-63
511
-360
53
477
-369
227
1094
-323
-661
27
472
-665
-209
691
38
947
1157
-384
-991
257
-140
-1232
-417
-143
-729
-263
258
-537
-44
349
-318
-880
-631
-1057
-900
-303
-220
-129
80
212
111
301
211
81
146
134
-370
136
591
632
637
337
143
280
185
-367
17
482
-370
-248
523
-152
-24
1143
950
36
613
823
-187
298
708
-247
-181
632
78
-366
631
-7
-576
480
489
-1090
-812
260
-772
-1056
258
-111
-972
35
209
-1076
-45
646
-268
-883
-67
-488
-1063
-255
96
-556
-102
947
167
-310
541
478
-315
246
236
-737
29
558
-311
-499
480
267
-506
-129
-109
-616
-901
-237
-489
-354
-15
63
-229
445
794
420
470
1040
825
928
1383
1023
727
1082
1175
493
639
1418
1171
916
1039
606
631
873
1140
382
591
292
-432
-802
-379
-494
-575
-611
-711
-1201
-964
-1204
-1717
-1615
-1732
-1879
-2165
-2215
-2351
-2201
-2074
-1875
-1856
-1844
-1889
-2017
-2123
-1959
-1799
-1457
-1294
-654
-237
20
578
825
1283
1539
1947
2173
2540
2601
2843
2956
3400
3654
3911
3967
3900
4106
4272
4447
4585
4192
3884
3544
3306
2663
2048
1387
724
172
-469
-1048
-2127
-2672
-3302
-3733
-4530
-5138
-6049
-6369
-6505
-6474
-6800
-6543
-5981
-5663
-5225
-4858
-3980
-3483
-2342
-1953
-1550
-774
43
547
1039
1719
2164
2549
3093
3288
3188
3589
3699
3844
3692
3471
3338
3442
3419
3455
3586
4109
4495
4798
4800
5035
5176
5442
5020
4459
3589
2222
986
-619
-1384
-994
-1146
-1938
-2800
-3581
-4569
-5447
-5846
-6273
-6816
-6484
-6058
-6611
-6495
-5680
-4738
-3359
-1934
-1430
-1142
-724
-244
-460
-122
387
670
522
467
14
-197
62
144
-216
42
303
349
744
1107
1495
2055
2910
2982
3224
4100
5198
5836
6341
6724
7061
7610
7926
8097
7366
6143
4503
2686
-173
-1972
-2206
-2096
-2575
-3738
-4902
-6395
-6790
-7282
-7941
-8140
-7245
-6488
-6724
-6454
-5767
-4521
-2282
-480
410
829
1307
1554
1169
1306
1404
1347
1249
669
-453
-1464
-1401
-1779
-2201
-2453
-2562
-2482
-2293
-1719
-1003
-24
1304
2376
2841
3195
4199
5851
7382
8130
8410
8755
9285
9669
9667
9201
8678
7624
5491
2137
-1589
-3629
-3481
-3266
-4276
-6218
-7318
-8254
-8543
-9033
-9362
-8710
-7207
-5952
-6033
-5673
-4497
-2494
-186
1723
2528
2894
3283
3087
2146
1508
1295
957
327
-763
-2071
-3139
-3338
-3910
-4712
-5013
-4818
-4627
-4126
-3369
-2269
-302
1992
3644
4558
5600
6935
7851
8815
10030
10609
11027
11021
10787
10223
10133
9219
7229
4682
1628
-2466
-6137
-7073
-6797
-7151
-8251
-8971
-9667
-9766
-9217
-8939
-8540
-6448
-4320
-3563
-3483
-2017
171
2435
4857
5808
5417
4817
4370
2824
1003
91
-55
-975
-2138
-3818
-5611
-6713
-6565
-6731
-6823
-6556
-5830
-5100
-3795
-2176
-38
2536
5414
7205
8190
9150
9954
10441
10970
11700
11649
11325
10893
9829
8782
8230
6601
3315
-78
-3484
-7845
-10699
-10171
-9337
-10120
-10838
-10132
-9535
-9175
-8040
-7206
-5895
-3139
-951
-844
-169
2108
4673
6466
7762
7597
6329
5141
3766
1289
-831
-1683
-2621
-4237
-5622
-7254
-8746
-8814
-7995
-7429
-7180
-6186
-4850
-3232
-1112
901
3040
5808
8549
9985
10379
11040
11896
12529
12408
11836
10821
9944
8868
7501
5936
5058
3664
765
-2807
-6417
-10700
-13410
-12522
-10242
-9920
-10426
-9868
-9046
-7966
-5857
-4257
-3211
-668
1789
2041
1724
3257
5354
7088
8404
8052
5704
3379
1487
-1194
-3506
-4296
-5424
-6860
-7688
-8327
-9182
-9070
-7597
-6249
-5097
-4034
-2915
-1296
1269
3764
5483
7149
9387
10992
11642
11623
11936
11794
11573
10199
7612
5916
5387
5011
3500
2164
1643
429
-2441
-5590
-8687
-11914
-12846
-10650
-8156
-7592
-7748
-7102
-5393
-3459
-1675
-737
176
2010
3343
2865
2015
3155
5195
6545
6559
4987
2302
284
-1272
-3797
-6088
-6811
-6814
-7343
-8262
-8532
-7668
-6009
-4505
-3454
-2548
-1288
365
1957
3432
5366
6829
7816
8383
8735
9129
9462
9388
9051
8126
6412
4369
2689
1840
1540
1114
638
479
356
-964
-3044
-4843
-7136
-9985
-9945
-6806
-4305
-4496
-5375
-4347
-2350
-555
256
90
339
1987
2864
1395
404
1624
3556
4368
3972
2172
190
-937
-1961
-4015
-5597
-5426
-5055
-4986
-5251
-5265
-4843
-3328
-2263
-2080
-1828
-533
1418
2878
3645
4093
4868
5723
6339
6177
6172
6551
6790
6139
4931
3514
2580
2500
2608
2316
1671
1322
1303
1672
1643
280
-1672
-3369
-6086
-8583
-8024
-5153
-3603
-3888
-4066
-3302
-2543
-1654
-1193
-1145
-480
1052
974
-336
-466
1246
3197
4253
4264
2978
1567
425
-963
-2733
-3815
-3582
-3140
-3602
-4431
-5221
-4954
-3338
-2246
-2578
-2793
-1690
70
1175
1412
1698
3037
4775
5350
4747
4475
5386
6574
6401
5103
4074
3879
3781
3206
2217
1459
1397
2012
2389
2464
1539
-51
-1754
-4189
-7583
-8681
-6114
-3180
-3186
-4252
-3981
-2918
-1954
-1252
-950
-880
476
1591
885
-109
1140
3408
5021
5278
4406
2598
900
-432
-2264
-4234
-5216
-5275
-5502
-5503
-5669
-6001
-5947
-4600
-3565
-3259
-3038
-1756
420
2387
3352
3332
3785
5230
6375
6356
5969
6286
6729
6306
4998
3366
2242
1975
2147
1523
539
153
823
1730
2328
2093
912
-666
-2882
-6327
-8475
-6621
-2970
-1525
-2386
-2806
-2308
-1398
-578
-249
-236
445
1703
1440
441
819
2787
4505
5073
4091
1860
-326
-1900
-3065
-4248
-4961
-5600
-5828
-6193
-6086
-5371
-4440
-3406
-2057
-927
-620
-94
859
2556
4113
4596
4277
4276
4495
4668
4285
3559
3287
3301
2484
1130
65
-671
-615
-210
-123
162
846
1838
3208
4614
4350
2677
701
-1997
-4946
-5807
-3741
-1431
-1167
-2071
-2425
-2381
-2042
-1546
-1302
-1129
-95
492
-31
-549
388
2282
3612
4093
3359
1739
217
-892
-1953
-2865
-3253
-3505
-3820
-3862
-3756
-3350
-2523
-1553
-779
-359
-174
245
1071
1794
1742
1442
1220
1631
1950
1601
918
744
892
997
610
157
552
1404
1578
1038
777
1346
2794
4152
4879
5264
5417
4493
2426
-644
-4328
-6373
-5111
-2585
-2536
-4440
-5159
-4093
-3062
-2637
-2249
-1563
-158
1256
1270
461
1188
3711
5740
6069
5255
3968
2632
1725
935
-515
-1986
-2750
-3313
-4294
-4955
-4757
-3879
-3236
-3037
-3310
-3538
-3185
-1999
-531
-7
-47
-214
84
786
1556
1829
2090
2672
2795
2180
1424
1139
1734
2464
2082
1413
1134
1599
2784
3938
4698
5236
4947
3383
959
-2256
-5535
-6487
-4463
-1992
-1677
-3110
-4019
-3089
-1442
-95
506
724
1579
2416
2095
1563
2487
4737
6529
6606
5126
2783
832
-394
-1372
-2838
-4385
-5610
-6537
-7222
-7671
-7402
-6203
-4729
-3929
-4049
-4182
-3576
-2086
-330
1061
1996
2595
3007
3350
3379
3275
3168
3095
2750
1959
1117
707
927
1169
1020
798
1185
2029
2903
3779
4791
6067
6323
5064
2871
275
-2576
-3898
-2652
-695
-656
-1878
-2587
-2258
-1491
-786
-496
-393
242
913
659
167
734
2548
3799
3781
2589
967
-542
-1580
-2584
-3964
-5194
-6096
-6669
-7056
-6970
-6533
-5721
-4480
-3354
-2812
-2186
-1301
-66
1340
2151
2161
1960
2085
2437
2527
2128
1709
1700
1629
1052
471
425
981
1704
1960
1984
2294
3087
4179
5550
7080
8385
8867
7691
5519
2911
-505
-3438
-3524
-1870
-1490
-3246
-4951
-4986
-3661
-2403
-2106
-2337
-1967
-898
-569
-1226
-1231
608
2793
3851
3339
1976
571
-264
-1068
-2466
-4167
-5406
-5925
-6094
-6014
-5960
-5477
-4481
-3429
-3019
-2819
-2345
-1379
-60
1103
1561
1717
2132
2798
3237
3160
2791
2581
2627
2392
2076
2063
2194
2727
3097
2887
2911
3501
4561
5742
6724
7468
8047
7369
5154
2574
-730
-4393
-5991
-4988
-3789
-4489
-5998
-6400
-5374
-4297
-3651
-3280
-2738
-1560
-440
-382
-456
1062
3424
5032
5217
4350
2727
1321
94
-1411
-3246
-4765
-5789
-6480
-6738
-6592
-6171
-5439
-4553
-3742
-3039
-2294
-1548
-263
1398
2879
3609
3819
4026
4692
5046
4571
3922
3361
3004
2671
2084
1312
1360
1690
1486
1235
1729
2640
4002
5097
5659
6579
6845
4988
2240
-494
-3808
-6233
-5884
-4100
-3806
-5311
-6210
-5275
-4154
-3354
-2937
-2656
-2106
-732
-214
-396
505
2970
5109
5593
4732
3238
1719
192
-1153
-2881
-4214
-4916
-5532
-6062
-6051
-5542
-4668
-3418
-2370
-1671
-952
-13
1026
1845
2726
3654
4109
3997
3849
3723
3446
2822
1960
1010
368
253
360
367
545
985
1135
1416
2116
3221
4607
5779
6531
7238
7014
5086
2498
-354
-3972
-6548
-6383
-5132
-5141
-6230
-6742
-6054
-4858
-3909
-3335
-3046
-2129
-485
433
559
1572
3530
5234
6074
5586
4096
2671
1591
259
-1626
-3357
-4378
-4898
-5223
-5139
-4993
-4569
-3543
-2487
-2084
-1761
-1011
243
1544
2197
2199
2129
2457
3083
3033
2169
1421
1188
1133
1040
765
738
1235
1889
2053
1836
1876
3002
4559
5456
5848
6084
6321
5872
3933
884
-2461
-5906
-7462
-6598
-5770
-6393
-6946
-6481
-5367
-4159
-3419
-2784
-1477
250
1690
2090
2289
3710
6046
7277
7290
6359
4763
3174
1566
-675
-2968
-4386
-5430
-6474
-7137
-7119
-6711
-5984
-5040
-3836
-2918
-2100
-1292
-403
421
1280
2142
2936
3557
3838
3562
3130
2783
2549
2232
1838
1534
1261
1101
1041
974
1055
1641
2309
2904
3673
4377
4723
5049
4640
3011
790
-1969
-5052
-6882
-6380
-4658
-3784
-4318
-4588
-3527
-2099
-1064
-170
447
1280
2377
2776
2590
3229
5015
6413
6351
4910
2889
961
-604
-1924
-3474
-5142
-6293
-6887
-7306
-7507
-6809
-5675
-4607
-3664
-3033
-2326
-1054
323
1480
2610
3580
3845
3665
3334
3221
3258
2820
2079
1418
899
349
-4
-377
-421
187
625
798
1227
1766
2582
3816
4765
5079
5329
4785
2984
659
-2124
-4565
-4636
-2754
-2149
-3071
-3637
-2975
-1998
-1427
-1299
-1003
-412
700
1621
1412
1454
3080
4723
4803
3813
2401
825
-361
-1295
-2618
-4301
-5408
-5750
-6113
-6462
-6186
-5411
-4443
-3039
-2029
-1778
-1208
40
1123
1871
2602
3061
3231
3082
2759
2443
2157
1734
1346
761
-58
-399
-321
-74
469
1019
1136
1567
2562
3697
4816
5480
5810
6273
5795
4002
1896
-747
-3842
-4749
-3499
-2511
-2987
-3995
-4361
-3545
-2786
-2336
-1917
-1386
-315
964
993
654
1655
3215
4020
3760
2733
1228
1
-809
-1756
-3321
-4584
-4938
-5184
-5515
-5419
-4905
-4132
-3147
-2145
-1695
-1308
-463
613
1439
2131
2620
2631
2569
2570
2450
2153
1794
1436
1170
637
280
359
793
1610
2107
2008
1978
2704
3584
4320
4886
5228
5536
5301
3988
1734
-910
-3526
-4574
-3793
-2711
-2954
-3762
-4025
-3344
-2649
-2275
-2004
-1562
-886
-127
-89
-354
391
1906
3042
3176
2462
1324
448
-314
-1097
-2183
-3195
-3780
-4058
-4553
-4725
-4291
-3649
-2961
-2310
-2053
-1751
-928
-101
532
1350
2006
2040
1980
2016
2130
2229
2076
1771
1501
1250
1136
1281
1531
1853
2257
2041
1700
1956
2724
3469
4127
4450
4910
5203
4196
2550
980
-1309
-3751
-4036
-2978
-2569
-3036
-3400
-3365
-3069
-2792
-2401
-2236
-1941
-978
-335
-658
-487
789
2168
2928
3007
2466
1466
700
162
-673
-1977
-2770
-3175
-3894
-4570
-4730
-4560
-4059
-3061
-2379
-2414
-2156
-1336
-552
120
928
1613
2052
2392
2566
2718
2623
2416
2371
2171
1678
1541
1430
1197
1478
1762
1392
1275
1800
2408
3216
4008
4536
4992
5000
3739
2015
42
-2192
-3508
-2829
-1671
-1724
-2804
-3441
-3285
-2991
-2995
-2996
-2759
-2163
-1357
-1093
-1222
-621
1058
2604
3142
2839
2219
1535
1025
378
-681
-1713
-2367
-2827
-3501
-4157
-4228
-3741
-3150
-2657
-2385
-2449
-1969
-985
-389
34
823
1668
2244
2410
2185
2061
2285
2457
2239
1810
1375
1295
1463
1368
1166
1172
1442
1782
2115
2352
2769
3723
4578
4932
4442
3165
1796
483
-1625
-3306
-2903
-1810
-2000
-3170
-4201
-4333
-3689
-3188
-3113
-3045
-2526
-1484
-979
-1212
-689
976
2569
3397
3263
2557
2096
1887
1279
238
-914
-1699
-2227
-2944
-3598
-3853
-3820
-3439
-2999
-3111
-3163
-2580
-1805
-877
64
629
1018
1436
1851
2351
2541
2515
2691
2708
2504
2329
1991
1827
2166
2167
1682
1331
1413
1852
2386
2875
3373
3700
3901
3782
2750
1424
82
-1802
-3183
-2780
-2042
-2452
-3414
-3718
-3482
-3416
-3540
-3363
-2976
-2390
-1598
-1318
-1355
-651
891
2213
2833
3004
2916
2441
1863
1223
216
-786
-1283
-1715
-2346
-3023
-3420
-3489
-3428
-3211
-3031
-2983
-2531
-1883
-1418
-713
253
910
1393
1913
2321
2635
2757
2702
2687
2562
2407
2450
2371
2063
2026
2042
1670
1689
2240
2650
2983
3341
3231
3373
3302
2309
921
-501
-2352
-3344
-2822
-2243
-2614
-3350
-3729
-3446
-3335
-3648
-3633
-3172
-2501
-1662
-1212
-1132
-240
1396
2680
3193
3362
3270
2817
2093
1280
220
-837
-1333
-1532
-2268
-3044
-3394
-3471
-3436
-3317
-3221
-3055
-2766
-2317
-1751
-1108
-297
604
1327
1774
2289
2623
2705
2768
2835
2778
2664
2474
2358
2299
2159
2081
1986
1807
1906
2365
2608
2874
3021
3048
2840
2076
940
-330
-2197
-3526
-2809
-1799
-2194
-2866
-3046
-3054
-3027
-3223
-3418
-3099
-2318
-1329
-717
-763
-314
1170
2484
3089
3302
3140
2627
1885
1011
94
-641
-902
-1018
-1626
-2592
-3456
-3899
-3950
-3875
-3700
-3493
-3262
-2782
-2006
-1367
-837
21
1102
2018
2426
2410
2445
2708
2995
3170
3088
2927
2864
2849
2651
2224
1949
2031
2159
2051
1934
1797
1692
2035
2482
2018
1101
278
-990
-2372
-2584
-1842
-1440
-1751
-2186
-2260
-2485
-3163
-3458
-3040
-2359
-1522
-783
-651
-736
-183
806
1533
1937
2170
2133
1659
908
157
-400
-679
-744
-867
-1362
-2151
-2929
-3299
-3259
-3179
-3138
-2944
-2668
-2168
-1515
-907
-373
363
1312
2057
2359
2310
2335
2551
2806
2873
2808
2640
2492
2385
2253
2046
1867
1925
2074
2074
1863
1680
1740
2045
2299
2063
1455
708
-517
-1601
-1638
-1291
-1468
-1879
-2235
-2680
-3125
-3549
-3635
-3210
-2644
-2041
-1534
-1411
-1363
-831
-37
675
1275
1720
1896
1743
1316
813
428
115
-53
-271
-773
-1425
-1935
-2308
-2650
-2898
-2854
-2559
-2172
-1645
-1118
-797
-490
51
758
1308
1587
1805
2089
2269
2234
2128
2061
2088
2223
2340
2270
2008
1927
1988
1947
1759
1705
1941
2278
2456
2453
2232
1795
1043
-176
-1250
-1470
-1416
-1861
-2423
-2792
-2971
-3158
-3449
-3554
-3279
-2991
-2556
-1985
-1700
-1463
-756
52
748
1407
1935
2276
2324
2042
1622
1138
625
288
37
-316
-810
-1321
-1833
-2258
-2551
-2619
-2487
-2180
-1758
-1349
-1034
-869
-602
-42
521
881
1172
1419
1474
1394
1263
1260
1433
1691
1938
2055
1989
1854
1769
1645
1611
1805
2146
2417
2579
2624
2456
2032
1461
656
-371
-1175
-1405
-1473
-1905
-2416
-2548
-2440
-2512
-2802
-3045
-2983
-2617
-2100
-1613
-1200
-813
-246
437
1012
1451
1831
2033
2010
1699
1154
578
129
-130
-246
-376
-706
-1116
-1489
-1812
-2010
-2015
-1886
-1550
-1124
-879
-865
-824
-607
-264
70
223
321
456
477
391
368
517
867
1255
1527
1630
1606
1577
1610
1685
1880
2146
2445
2722
2810
2577
2273
1973
1624
1104
210
-729
-1065
-1082
-1357
-1746
-1970
-1955
-1870
-2071
-2418
-2395
-2096
-1814
-1554
-1274
-949
-451
98
516
773
903
999
1080
962
666
399
217
38
-119
-285
-525
-704
-737
-761
-821
-968
-1147
-1164
-1086
-1083
-1088
-1048
-1029
-933
-789
-744
-704
-560
-314
22
345
644
1008
1324
1508
1690
1837
1930
2174
2440
2510
2431
2267
2074
2007
1978
1852
1706
1452
968
366
-360
-1179
-1669
-1703
-1550
-1427
-1414
-1371
-1202
-1133
-1376
-1595
-1565
-1343
-1018
-697
-522
-369
-114
149
330
438
499
569
621
454
115
-219
-431
-500
-379
-250
-202
-226
-339
-578
-839
-1085
-1247
-1273
-1260
-1200
-1121
-1111
-1074
-889
-602
-243
118
385
587
755
843
951
1110
1283
1518
1733
1775
1694
1530
1331
1233
1206
1167
1148
1100
971
779
504
251
67
-69
-179
-356
-605
-659
-456
-243
-123
-55
8
60
-71
-391
-648
-746
-775
-725
-625
-590
-520
-385
-282
-239
-224
-252
-239
-188
-170
-137
-67
23
153
205
144
55
-79
-296
-542
-770
-904
-952
-980
-939
-786
-620
-495
-387
-312
-263
-236
-187
-68
62
179
278
390
523
597
606
627
634
589
538
487
416
355
308
274
286
317
403
540
663
743
807
826
773
627
460
405
454
474
403
274
151
76
-44
-262
-458
-541
-565
-544
-503
-461
-379
-222
-44
105
221
318
415
468
435
298
171
66
-49
-186
-304
-406
-472
-553
-703
-857
-961
-1018
-967
-873
-879
-955
-1010
-997
-911
-803
-693
-486
-264
-156
-149
-176
-157
-55
43
29
-26
-60
-57
-21
49
172
359
541
684
774
800
805
917
1090
1188
1170
1092
983
827
613
419
416
577
682
658
583
465
311
143
-68
-190
-156
-69
8
124
198
201
203
187
137
104
76
36
28
37
14
-26
-59
-119
-183
-222
-288
-403
-513
-652
-847
-1027
-1135
-1150
-1058
-981
-986
-1003
-1013
-1019
-996
-941
-838
-693
-539
-449
-425
-405
-312
-171
-33
51
99
160
245
297
360
444
526
590
588
509
430
418
478
586
670
726
758
743
671
602
619
739
891
984
1027
1056
1038
961
824
666
529
430
342
280
263
252
231
206
162
97
46
-5
-40
-52
-68
-131
-242
-394
-550
-649
-690
-714
-740
-798
-924
-1107
-1291
-1403
-1400
-1323
-1239
-1143
-1064
-994
-914
-829
-723
-585
-470
-395
-353
-350
-344
-299
-246
-217
-228
-295
-387
-436
-402
-297
-139
45
216
357
458
544
668
875
1097
1301
1488
1635
1720
1760
1756
1761
1776
1734
1617
1472
1319
1173
1035
889
747
614
463
274
124
32
-12
-50
-114
-223
-325
-430
-532
-605
-620
-607
-578
-590
-679
-781
-830
-832
-816
-827
-878
-923
-982
-1051
-1118
-1142
-1138
-1110
-1096
-1106
-1133
-1146
-1141
-1112
-1087
-1084
-1076
-1046
-996
-905
-775
-616
-448
-296
-191
-85
57
225
416
617
819
1021
1192
1315
1439
1572
1692
1743
1756
1758
1766
1752
1724
1686
1667
1639
1554
1407
1231
1066
930
808
661
481
281
90
-100
-252
-335
-343
-315
-305
-351
-438
-513
-550
-548
-525
-480
-437
-419
-464
-582
-703
-774
-815
-883
-1011
-1186
-1368
-1522
-1650
-1754
-1808
-1781
-1703
-1612
-1541
-1490
-1399
-1248
-1075
-918
-773
-633
-469
-305
-158
-30
122
289
436
546
624
704
812
939
1064
1190
1295
1387
1467
1540
1589
1631
1675
1729
1765
1756
1696
1610
1506
1380
1254
1125
1008
906
813
710
592
464
334
225
142
73
30
6
-14
-54
-121
-222
-321
-408
-490
-564
-651
-744
-861
-1010
-1191
-1367
-1514
-1602
-1651
-1689
-1717
-1736
-1735
-1714
-1684
-1644
-1577
-1477
-1361
-1246
-1138
-1031
-904
-752
-600
-464
-344
-244
-158
-77
-2
85
195
329
451
563
656
745
854
986
1112
1231
1323
1381
1416
1436
1446
1461
1491
1524
1555
1565
1544
1493
1430
1363
1300
1248
1194
1140
1083
1018
942
854
752
631
494
336
163
-10
-175
-335
-491
-646
-802
-947
-1082
-1203
-1304
-1366
-1404
-1434
-1470
-1506
-1526
-1507
-1457
-1399
-1337
-1279
-1229
-1198
-1190
-1202
-1184
-1130
-1051
-973
-906
-846
-769
-670
-569
-460
-350
-236
-131
-46
22
94
190
296
394
469
532
590
666
749
832
918
997
1065
1123
1174
1222
1284
1365
1450
1541
1610
1653
1666
1659
1624
1567
1483
1372
1247
1114
972
820
664
502
331
146
-53
-249
-411
-535
-627
-706
-776
-846
-911
-981
-1049
-1093
-1091
-1056
-1021
-1010
-1026
-1037
-1036
-1034
-1043
-1052
-1052
-1038
-1032
-1047
-1069
-1054
-998
-923
-854
-801
-753
-685
-622
-569
-517
-456
-381
-304
-249
-212
-167
-99
-19
60
140
225
336
462
587
702
823
938
1057
1155
1230
1286
1348
1417
1480
1524
1536
1527
1494
1444
1356
1250
1137
1033
941
855
753
640
525
414
313
210
111
17
-61
-132
-205
-287
-363
-433
-497
-559
-622
-676
-713
-736
-751
-770
-804
-842
-880
-913
-953
-988
-1021
-1040
-1056
-1080
-1114
-1143
-1148
-1136
-1109
-1082
-1063
-1036
-1001
-965
-917
-860
-777
-669
-551
-439
-337
-230
-105
27
161
286
405
533
657
769
865
953
1040
1128
1190
1219
1234
1256
1294
1331
1348
1342
1331
1317
1288
1235
1173
1128
1104
1080
1028
939
832
732
639
545
452
359
281
203
107
-4
-111
-202
-279
-355
-433
-505
-563
-615
-671
-735
-804
-882
-960
-1040
-1119
-1187
-1245
-1295
-1344
-1389
-1427
-1442
-1432
-1405
-1360
-1309
-1254
-1201
-1144
-1074
-978
-858
-722
-579
-440
-314
-206
-112
-17
89
195
291
374
446
520
607
706
818
936
1051
1138
1187
1205
1214
1242
1295
1351
1393
1427
1444
1443
1419
1371
1329
1302
1279
1232
1157
1053
946
843
744
649
552
460
373
266
140
-1
-141
-274
-417
-563
-688
-796
-903
-1004
-1100
-1183
-1269
-1348
-1427
-1482
-1502
-1501
-1511
-1526
-1533
-1521
-1477
-1419
-1365
-1313
-1245
-1169
-1090
-1032
-975
-881
-767
-650
-539
-438
-337
-231
-134
-40
68
169
274
374
450
533
661
819
960
1087
1180
1258
1312
1351
1372
1406
1465
1540
1601
1626
1631
1617
1604
1586
1546
1489
1428
1352
1262
1139
1005
884
775
648
496
333
169
13
-153
-336
-513
-667
-797
-931
-1046
-1128
-1184
-1227
-1271
-1331
-1375
-1388
-1395
-1386
-1352
-1312
-1287
-1267
-1276
-1276
-1268
-1246
-1219
-1191
-1157
-1115
-1081
-1030
-961
-887
-783
-671
-580
-504
-410
-298
-171
-54
73
205
335
447
561
680
802
932
1074
1174
1257
1333
1390
1442
1504
1579
1646
1699
1723
1717
1690
1659
1618
1562
1503
1413
1273
1125
981
826
684
544
389
236
89
-64
-231
-404
-547
-653
-765
-866
-928
-976
-993
-965
-959
-985
-1000
-1022
-1064
-1082
-1070
-1051
-1027
-1025
-1055
-1074
-1085
-1121
-1167
-1198
-1217
-1204
-1190
-1225
-1225
-1133
-1029
-936
-823
-728
-643
-550
-449
-342
-197
-49
90
248
411
535
650
753
845
955
1098
1225
1317
1386
1440
1521
1602
1651
1646
1643
1643
1640
1602
1535
1485
1434
1343
1218
1068
877
700
589
506
373
208
82
-17
-131
-267
-407
-505
-564
-629
-677
-698
-711
-694
-645
-639
-687
-745
-790
-819
-830
-861
-900
-929
-956
-1009
-1088
-1172
-1224
-1237
-1268
-1336
-1411
-1433
-1389
-1308
-1240
-1142
-1007
-866
-739
-622
-528
-388
-198
-4
154
283
417
585
725
802
861
918
977
1050
1144
1200
1243
1296
1357
1379
1382
1371
1371
1378
1378
1376
1383
1376
1326
1213
1063
905
806
750
686
591
491
378
240
104
-39
-202
-326
-381
-440
-506
-532
-529
-535
-536
-547
-584
-641
-695
-774
-832
-879
-925
-988
-1054
-1129
-1187
-1225
-1274
-1324
-1345
-1362
-1405
-1439
-1408
-1321
-1175
-1063
-991
-915
-778
-610
-460
-323
-200
-80
43
121
136
189
317
456
546
591
608
626
681
793
943
1069
1162
1264
1370
1443
1492
1576
1673
1804
1930
1962
1874
1684
1438
1217
1069
1014
987
870
637
440
272
35
-212
-405
-532
-576
-593
-666
-715
-723
-717
-628
-500
-435
-451
-483
-542
-619
-728
-832
-883
-876
-895
-978
-1083
-1214
-1332
-1406
-1433
-1417
-1400
-1427
-1407
-1291
-1191
-1128
-1042
-916
-747
-581
-518
-484
-395
-299
-209
-117
-47
46
169
234
292
372
445
560
784
1061
1266
1384
1497
1658
1842
2017
2167
2264
2307
2312
2230
1982
1600
1215
1017
1056
1101
949
662
398
195
15
-217
-505
-696
-701
-628
-639
-720
-743
-646
-470
-282
-161
-143
-180
-218
-313
-418
-471
-535
-584
-576
-638
-839
-1033
-1184
-1323
-1428
-1489
-1533
-1550
-1636
-1783
-1814
-1676
-1553
-1493
-1408
-1266
-1111
-953
-828
-704
-521
-324
-115
107
283
413
618
817
913
944
1032
1202
1492
1739
1836
1890
1979
2085
2175
2188
2169
2221
2285
2129
1667
1048
615
627
821
815
595
371
201
-3
-349
-734
-920
-866
-745
-647
-616
-651
-612
-488
-289
-17
237
305
245
160
83
-30
-105
-160
-236
-361
-598
-955
-1327
-1631
-1891
-2064
-2128
-2194
-2319
-2428
-2447
-2313
-2109
-1943
-1776
-1470
-1127
-908
-720
-459
-137
173
459
683
867
1027
1153
1208
1192
1136
1148
1347
1554
1644
1689
1810
1984
2200
2352
2443
2532
2504
2311
1974
1430
739
401
515
691
584
254
-106
-299
-518
-920
-1211
-1203
-1080
-949
-795
-685
-533
-228
160
564
931
1074
1012
887
741
559
384
170
-56
-298
-707
-1308
-1870
-2258
-2517
-2740
-2944
-3063
-3019
-2933
-2885
-2751
-2491
-2142
-1721
-1319
-1000
-716
-425
-160
146
447
655
851
1044
1177
1290
1342
1327
1338
1335
1279
1297
1397
1549
1828
2115
2276
2390
2526
2659
2643
2382
1922
1337
533
-72
-28
303
196
-193
-431
-418
-499
-871
-1265
-1302
-1060
-804
-589
-370
-154
181
671
1101
1325
1336
1265
1122
911
622
332
69
-254
-620
-924
-1288
-1826
-2389
-2713
-2798
-2874
-3100
-3214
-3062
-2852
-2722
-2452
-2022
-1624
-1291
-938
-620
-350
-96
174
524
860
1056
1162
1342
1526
1658
1758
1743
1571
1445
1434
1414
1358
1407
1582
1850
2037
2050
2058
2141
2032
1575
906
38
-649
-690
-151
176
-26
-369
-403
-381
-573
-891
-1011
-846
-531
-331
-241
-155
85
555
1135
1525
1594
1502
1312
980
755
651
421
111
-152
-555
-1043
-1470
-1974
-2438
-2598
-2697
-3012
-3292
-3360
-3287
-3076
-2665
-2231
-1867
-1476
-1095
-716
-280
149
486
883
1214
1359
1424
1575
1705
1835
1899
1736
1439
1250
1110
885
707
771
935
1179
1441
1570
1577
1624
1484
1097
386
-530
-1042
-588
74
66
-260
-383
-319
-254
-328
-648
-776
-622
-379
-229
-54
86
522
1257
1852
2015
2021
1856
1595
1431
1288
946
628
328
-114
-644
-1206
-1844
-2304
-2564
-2816
-3070
-3311
-3542
-3579
-3263
-2943
-2696
-2195
-1508
-998
-587
-231
117
576
1089
1352
1453
1560
1589
1589
1704
1645
1423
1303
1172
858
688
571
465
571
862
1050
1277
1518
1681
1657
1431
913
117
-879
-1170
-543
93
-64
-444
-626
-529
-443
-536
-825
-800
-490
-218
-114
19
275
866
1680
2171
2170
2060
1820
1488
1256
1083
665
200
-94
-495
-1164
-1745
-2145
-2503
-2742
-2965
-3293
-3499
-3444
-3321
-2967
-2361
-1815
-1500
-1219
-853
-320
253
693
961
1202
1442
1527
1422
1361
1545
1753
1793
1545
1087
764
694
649
617
645
670
817
1088
1234
1437
1681
1567
1144
403
-804
-1544
-1039
-193
-90
-375
-530
-530
-359
-236
-437
-580
-257
37
56
22
188
695
1568
2151
2161
1915
1684
1398
1157
930
572
183
-101
-470
-1039
-1672
-2155
-2439
-2446
-2440
-2848
-3340
-3302
-2948
-2617
-2281
-2009
-1816
-1381
-744
-241
44
387
836
1276
1494
1423
1215
1241
1474
1570
1422
1169
864
717
766
715
523
415
485
595
783
1075
1357
1586
1849
1819
1279
325
-707
-1215
-577
400
382
-330
-605
-395
-230
-162
-347
-575
-456
-130
-209
-352
-69
667
1495
2025
1927
1480
1208
1093
959
768
493
104
-282
-683
-1143
-1744
-2163
-2316
-2422
-2577
-2783
-3094
-3167
-2826
-2518
-2265
-1939
-1594
-1112
-450
-82
121
513
969
1286
1394
1248
1048
1097
1222
1219
1056
912
765
717
718
630
419
453
687
898
1139
1501
1823
2082
2116
1791
1079
-12
-869
-709
67
354
-74
-567
-655
-425
-230
-316
-540
-543
-354
-296
-401
-298
274
1129
1813
1953
1627
1305
1209
1139
921
634
269
-125
-454
-890
-1402
-1830
-2105
-2255
-2425
-2782
-2972
-2848
-2648
-2458
-2355
-2270
-1892
-1348
-900
-394
-40
124
422
689
750
798
878
836
824
810
701
664
775
950
1002
874
589
528
590
860
1213
1578
1813
2136
2410
2232
1756
949
-25
-829
-511
24
16
-485
-561
-558
-304
-178
-282
-515
-416
-254
-274
-294
-75
582
1361
1854
1792
1541
1387
1325
1194
980
640
257
-37
-325
-811
-1349
-1703
-1907
-1996
-2167
-2527
-2817
-2750
-2542
-2363
-2252
-2304
-2248
-1681
-843
-475
-411
-304
4
437
707
508
345
542
770
749
590
506
662
1036
1256
967
531
609
975
1245
1410
1631
1934
2467
2603
2183
1510
761
-460
-1110
-597
30
-299
-820
-973
-800
-411
-179
-444
-674
-423
-196
-279
-276
149
934
1786
2180
1935
1610
1563
1575
1374
1083
642
206
-133
-451
-963
-1462
-1698
-1792
-2029
-2365
-2716
-2943
-2764
-2352
-2194
-2225
-2165
-1951
-1396
-775
-514
-312
81
317
353
338
286
430
679
672
465
365
442
738
985
975
759
606
626
903
1299
1541
1824
2209
2509
2453
2129
1590
931
-240
-1176
-955
-359
-631
-1045
-963
-790
-615
-399
-532
-771
-497
-133
-146
-84
375
1030
1747
2204
2091
1864
1863
1779
1423
979
573
152
-138
-500
-1055
-1561
-1747
-1790
-1818
-1930
-2277
-2594
-2585
-2424
-2250
-2084
-1975
-1836
-1507
-1102
-758
-519
-240
119
312
218
61
17
106
239
342
363
451
693
990
1077
1071
1101
1166
1323
1540
1707
1888
2210
2364
2508
2379
1851
1049
65
-1286
-1565
-752
-498
-934
-1009
-938
-808
-329
-184
-418
-290
121
142
94
366
876
1520
2137
2290
1919
1644
1446
1139
772
461
2
-449
-801
-1230
-1683
-1916
-1894
-1875
-1891
-2066
-2364
-2638
-2588
-2293
-1991
-2004
-2040
-1816
-1435
-1000
-403
-3
100
188
181
22
50
129
147
290
505
497
579
960
1348
1536
1527
1406
1271
1496
1821
2036
2129
2428
2600
2312
1633
694
-615
-1534
-1142
-333
-317
-841
-1021
-853
-368
22
-46
-238
2
268
145
18
287
950
1768
2257
2004
1477
1234
1111
865
526
127
-335
-663
-931
-1342
-1714
-1772
-1649
-1622
-1821
-2209
-2498
-2446
-2135
-1753
-1764
-1966
-1901
-1559
-1222
-702
-217
25
154
195
-3
-70
72
183
266
422
431
394
682
1075
1306
1382
1367
1274
1416
1622
1874
2047
2260
2546
2540
1859
1065
99
-1220
-1438
-523
-245
-772
-972
-967
-685
-59
199
-104
-62
225
155
-23
113
571
1352
2087
2071
1475
1108
928
701
402
-6
-440
-734
-975
-1276
-1601
-1782
-1655
-1440
-1507
-1872
-2212
-2323
-2136
-1756
-1509
-1528
-1424
-1206
-1034
-822
-681
-540
-6
419
123
-265
-256
-63
313
574
421
317
643
922
976
1092
1133
1391
1822
2060
2011
2158
2301
2607
2657
1941
880
17
-1088
-1529
-792
-376
-757
-982
-846
-626
-154
57
-37
24
298
249
-40
64
661
1433
2067
2108
1534
1091
912
600
175
-204
-525
-754
-891
-1203
-1569
-1621
-1420
-1310
-1265
-1675
-2233
-2503
-2569
-2508
-1865
-1334
-1207
-1235
-1159
-835
-282
46
124
164
131
10
-122
3
385
819
1087
1184
1125
1291
1485
1479
1381
1368
1555
1787
1852
2031
2323
1961
1369
491
-959
-1886
-1064
-325
-628
-1190
-1359
-1241
-559
57
82
161
596
672
273
67
252
843
1717
2168
1800
1274
974
721
510
312
-89
-534
-859
-1095
-1314
-1423
-1397
-1229
-1155
-1238
-1530
-1891
-1965
-1916
-1847
-1528
-1146
-1310
-1466
-1168
-671
-340
-114
-65
39
206
232
98
219
669
1030
1034
911
882
1148
1559
1562
1319
1336
1529
1661
1766
1859
1999
1852
1282
262
-989
-1886
-1398
-466
-347
-856
-1072
-988
-652
-234
-67
-19
281
523
234
-136
-42
510
1341
1888
1690
1169
817
539
309
86
-198
-417
-534
-772
-1148
-1371
-1351
-1145
-1031
-1117
-1514
-1887
-1898
-1824
-1796
-1558
-1252
-1194
-1317
-1322
-835
-162
97
106
75
98
409
716
759
977
1370
1456
1357
1323
1329
1509
1796
1781
1591
1598
1684
1722
1829
1515
863
227
-704
-1735
-1589
-884
-822
-1083
-1065
-1042
-829
-482
-396
-380
-48
285
254
194
340
698
1179
1605
1622
1313
1011
748
435
110
-121
-311
-464
-569
-748
-1018
-1206
-1227
-1197
-1215
-1444
-1744
-1979
-2156
-2024
-1571
-1302
-1185
-1020
-832
-433
50
20
-96
57
221
408
630
727
1049
1560
1755
1714
1572
1450
1453
1487
1429
1441
1475
1465
1582
1418
928
491
-109
-1003
-1264
-851
-753
-1056
-1227
-1255
-1103
-704
-488
-466
-311
-12
43
-79
-67
341
890
1350
1501
1336
1123
986
807
541
281
83
-63
-245
-526
-826
-980
-977
-948
-1068
-1236
-1376
-1510
-1587
-1683
-1887
-1983
-1594
-1140
-934
-807
-616
-392
-148
-9
-11
98
310
508
685
901
1124
1404
1657
1716
1660
1519
1411
1395
1426
1345
1341
1423
1329
947
405
-172
-728
-804
-445
-264
-520
-734
-840
-855
-764
-679
-681
-576
-351
-285
-349
-332
-93
256
677
1017
1177
1173
1043
826
615
495
449
398
239
51
-106
-297
-499
-663
-804
-898
-978
-1149
-1357
-1506
-1697
-1823
-1829
-1738
-1561
-1138
-701
-517
-448
-375
-281
-83
178
367
609
802
881
952
1061
1134
1252
1321
1294
1255
1157
1027
976
979
901
781
592
295
-8
-35
43
57
40
-10
-133
-213
-266
-358
-414
-448
-439
-393
-287
-210
-128
-22
155
396
603
646
579
589
648
665
602
482
368
306
199
9
-209
-366
-482
-707
-1011
-1294
-1527
-1677
-1730
-1815
-1864
-1814
-1722
-1566
-1361
-1206
-1043
-823
-628
-426
-170
19
173
423
766
1047
1204
1218
1159
1167
1274
1367
1432
1465
1409
1319
1178
976
853
836
859
877
743
432
209
140
142
131
48
-107
-201
-238
-347
-448
-451
-347
-164
52
140
145
242
398
459
472
455
392
395
410
300
63
-163
-366
-540
-723
-952
-1179
-1342
-1489
-1673
-1920
-2109
-2098
-1964
-1878
-1811
-1691
-1515
-1322
-1095
-895
-631
-234
210
550
773
898
1052
1279
1529
1711
1810
1787
1765
1774
1757
1720
1635
1436
1236
1094
885
658
466
285
145
114
49
-128
-324
-439
-461
-445
-429
-422
-416
-366
-248
-108
4
123
231
311
352
362
334
305
280
245
139
-19
-161
-253
-353
-514
-723
-950
-1190
-1375
-1472
-1578
-1678
-1722
-1739
-1695
-1588
-1482
-1342
-1165
-984
-763
-524
-272
74
479
839
1147
1392
1571
1739
1903
1980
2001
1957
1878
1749
1589
1359
1195
1085
976
776
456
54
-245
-408
-540
-671
-787
-857
-866
-862
-889
-882
-824
-648
-357
-95
58
137
164
195
248
335
389
411
376
325
234
137
36
-73
-191
-308
-420
-514
-596
-706
-812
-901
-1015
-1108
-1117
-1121
-1118
-1069
-1001
-947
-855
-722
-559
-327
-41
190
338
499
718
1010
1320
1560
1703
1821
1892
1879
1784
1625
1437
1328
1263
1133
916
622
266
-50
-280
-487
-711
-925
-1123
-1257
-1314
-1370
-1388
-1299
-1132
-895
-635
-483
-351
-192
-55
50
137
175
208
265
263
177
54
-73
-160
-204
-253
-336
-412
-472
-529
-586
-645
-681
-622
-501
-473
-486
-514
-490
-398
-269
-193
-91
96
346
595
782
889
1008
1190
1397
1536
1626
1662
1655
1606
1507
1375
1296
1266
1175
990
680
380
150
-62
-295
-540
-785
-945
-1077
-1261
-1446
-1523
-1479
-1325
-1182
-1105
-1041
-951
-818
-652
-519
-429
-352
-276
-224
-239
-303
-394
-447
-427
-429
-534
-614
-590
-531
-470
-491
-592
-560
-351
-198
-88
-15
75
273
467
482
527
703
927
1171
1288
1258
1267
1424
1553
1643
1673
1676
1643
1564
1384
1189
1087
1097
1072
894
597
263
58
-57
-196
-368
-524
-670
-756
-857
-1014
-1182
-1224
-1204
-1178
-1176
-1210
-1219
-1135
-1024
-983
-1019
-1057
-1038
-966
-910
-937
-979
-970
-980
-1004
-1021
-1055
-990
-862
-811
-761
-636
-506
-309
-92
43
224
434
585
756
989
1235
1510
1739
1845
1886
1930
1981
2032
2083
2101
2052
1932
1750
1500
1324
1228
1162
1069
867
567
285
72
-106
-236
-375
-539
-668
-782
-944
-1054
-1098
-1046
-953
-885
-892
-945
-967
-967
-1001
-1080
-1148
-1222
-1265
-1326
-1396
-1489
-1528
-1565
-1568
-1571
-1571
-1519
-1463
-1400
-1274
-1084
-935
-751
-564
-351
-101
161
367
601
853
1087
1322
1513
1705
1916
2127
2270
2380
2464
2539
2555
2493
2394
2224
2070
1913
1739
1530
1311
1042
800
555
311
87
-135
-358
-535
-695
-877
-1019
-1124
-1209
-1244
-1240
-1237
-1248
-1265
-1288
-1321
-1291
-1260
-1253
-1281
-1340
-1418
-1449
-1495
-1571
-1558
-1554
-1553
-1580
-1622
-1610
-1412
-1228
-1050
-851
-679
-435
-101
134
306
542
786
1081
1378
1544
1652
1770
1937
2080
2161
2172
2176
2195
2145
2072
1993
1918
1878
1815
1649
1439
1239
1109
956
757
534
338
199
44
-155
-377
-581
-694
-737
-834
-992
-1159
-1288
-1415
-1524
-1662
-1769
-1798
-1845
-1914
-1982
-2050
-2051
-2014
-2019
-1963
-1825
-1649
-1479
-1369
-1251
-1023
-716
-436
-200
6
245
501
678
808
970
1175
1355
1518
1628
1719
1788
1839
1782
1721
1693
1666
1605
1484
1370
1266
1160
1008
877
733
683
642
550
442
394
318
270
202
82
14
47
42
-15
-129
-293
-460
-593
-740
-886
-1009
-1187
-1366
-1503
-1662
-1802
-1932
-2033
-2004
-1893
-1821
-1738
-1684
-1572
-1320
-1088
-897
-643
-356
-83
194
375
518
745
979
1177
1361
1493
1615
1712
1701
1636
1536
1492
1467
1375
1225
1073
940
824
729
578
436
372
316
235
105
-76
-191
-232
-319
-355
-376
-412
-448
-456
-483
-549
-594
-605
-604
-597
-594
-654
-758
-796
-772
-787
-768
-787
-759
-635
-586
-588
-551
-504
-383
-196
-102
-18
113
204
284
359
419
531
694
780
832
818
814
849
872
853
827
832
835
786
688
591
468
398
366
284
191
96
-21
-158
-294
-422
-483
-539
-605
-648
-689
-780
-821
-872
-946
-1011
-952
-1003
-1174
-956
-883
-1149
-996
-861
-915
-535
-471
-525
-87
-17
46
492
523
610
1007
1073
1103
1269
1301
1335
1446
1466
1468
1395
1266
1222
1088
923
871
771
631
502
299
101
-24
-181
-290
-345
-486
-588
-648
-769
-824
-849
-914
-923
-868
-873
-886
-875
-901
-918
-907
-899
-881
-855
-870
-848
-842
-846
-788
-724
-664
-600
-471
-315
-199
-64
53
204
409
547
706
850
973
1120
1237
1312
1390
1486
1559
1582
1567
1535
1498
1457
1381
1311
1165
989
808
613
426
239
36
-155
-351
-546
-746
-933
-1053
-1182
-1267
-1354
-1438
-1478
-1524
-1561
-1576
-1552
-1483
-1385
-1329
-1281
-1197
-1111
-957
-810
-674
-545
-357
-199
-30
116
231
407
592
726
843
976
1042
1121
1191
1257
1274
1327
1352
1386
1406
1347
1297
1251
1205
1150
1069
937
815
708
547
337
170
1
-106
-222
-430
-593
-714
-800
-904
-1030
-1138
-1198
-1215
-1247
-1342
-1390
-1404
-1362
-1297
-1281
-1258
-1176
-1065
-967
-868
-765
-616
-429
-266
-141
3
157
347
521
653
764
907
1033
1124
1183
1220
1279
1342
1375
1366
1336
1310
1286
1235
1153
1059
972
872
734
582
428
286
133
-5
-161
-305
-436
-572
-699
-802
-882
-964
-1066
-1144
-1218
-1267
-1283
-1322
-1330
-1313
-1289
-1247
-1193
-1134
-1021
-894
-774
-637
-484
-329
-172
-18
132
294
462
600
737
840
926
1012
1088
1143
1182
1213
1220
1196
1150
1111
1049
996
931
842
732
616
501
388
270
156
61
-33
-133
-232
-328
-414
-482
-532
-575
-611
-640
-686
-729
-765
-787
-783
-767
-769
-754
-740
-736
-720
-693
-646
-578
-502
-433
-362
-290
-229
-154
-70
6
103
193
255
322
377
435
508
576
647
719
772
792
814
818
825
825
812
780
739
673
594
508
413
335
253
161
56
-50
-154
-261
-358
-439
-520
-575
-636
-700
-750
-785
-801
-794
-778
-750
-703
-654
-607
-546
-476
-389
-284
-187
-99
-5
78
134
208
261
312
365
395
400
407
392
378
375
358
354
355
340
308
293
259
235
220
199
188
170
153
132
108
89
81
73
66
48
41
23
-2
-28
-59
-94
-129
-164
-206
-247
-291
-323
-358
-387
-409
-419
-424
-416
-402
-371
-331
-287
-230
-168
-114
-54
19
78
142
204
252
293
326
343
356
366
368
381
383
361
346
318
273
234
196
158
123
92
46
8
-39
-82
-108
-135
-157
-156
-170
-186
-182
-188
-192
-192
-196
-197
-188
-191
-190
-191
-194
-187
-176
-174
-164
-135
-114
-87
-57
-22
20
67
106
136
167
202
239
269
290
307
322
328
323
308
289
276
268
246
206
165
115
61
3
-52
-101
-142
-174
-212
-264
-311
-339
-358
-366
-371
-366
-347
-330
-312
-292
-275
-238
-188
-147
-113
-83
-45
-14
8
24
49
77
105
119
113
110
119
132
135
132
131
138
140
129
116
112
118
134
149
153
169
195
203
214
217
228
253
263
252
228
201
177
157
119
77
34
-9
-60
-116
-176
-228
-261
-293
-325
-354
-376
-385
-390
-393
-388
-363
-325
-280
-238
-197
-148
-86
-19
46
110
171
230
274
311
337
363
378
384
372
355
332
300
256
201
147
99
54
0
-55
-109
-154
-192
-225
-251
-265
-280
-288
-296
-292
-272
-242
-219
-203
-182
-156
-115
-81
-44
-9
29
64
89
110
122
134
137
136
132
130
124
107
95
77
71
69
73
79
87
91
89
93
100
116
128
138
145
159
168
174
169
162
162
156
142
106
78
50
27
-7
-50
-92
-125
-162
-208
-253
-292
-310
-331
-362
-396
-414
-417
-411
-412
-398
-368
-324
-281
-253
-219
-173
-118
-65
-18
32
91
143
180
209
247
294
340
371
385
404
420
426
414
396
388
385
369
340
304
275
246
208
163
124
98
74
38
-5
-39
-65
-84
-118
-154
-181
-198
-212
-232
-257
-273
-282
-290
-302
-314
-316
-311
-307
-302
-297
-286
-267
-249
-231
-212
-188
-159
-128
-102
-75
-48
-20
14
51
86
119
147
174
200
226
251
275
299
319
337
348
351
354
355
354
349
341
331
318
299
271
237
202
169
132
89
38
-13
-66
-117
-173
-228
-278
-324
-366
-405
-442
-472
-491
-501
-505
-505
-495
-478
-450
-418
-383
-339
-291
-237
-183
-127
-73
-12
44
103
154
204
250
291
327
356
382
403
422
432
436
432
424
412
396
378
355
332
307
280
249
216
183
150
116
81
47
13
-20
-53
-88
-123
-156
-189
-223
-254
-286
-315
-342
-365
-387
-406
-421
-433
-441
-444
-442
-432
-416
-396
-368
-337
-299
-258
-209
-155
-98
-34
30
95
157
218
275
329
378
423
463
497
523
539
546
545
535
519
495
468
433
393
349
299
246
189
132
73
16
-39
-92
-143
-190
-236
-277
-312
-343
-368
-389
-404
-415
-424
-427
-427
-420
-409
-395
-376
-356
-332
-306
-277
-245
-211
-173
-133
-92
-51
-13
29
67
107
147
188
226
265
301
332
359
381
402
418
431
440
445
443
438
426
406
382
353
319
280
236
189
136
80
18
-43
-105
-166
-224
-281
-334
-386
-430
-472
-505
-533
-552
-562
-565
-560
-551
-529
-504
-468
-428
-380
-327
-269
-208
-146
-82
-18
48
110
170
228
284
334
379
419
452
477
498
511
516
519
515
507
492
472
446
418
386
350
311
271
229
187
144
99
54
9
-35
-79
-123
-167
-209
-250
-290
-329
-365
-399
-430
-458
-484
-506
-523
-533
-537
-537
-530
-516
-494
-466
-432
-392
-343
-287
-226
-161
-92
-20
53
127
197
267
333
395
452
500
542
574
598
613
620
613
600
579
549
510
465
414
360
301
240
178
116
56
-4
-59
-112
-159
-202
-238
-272
-300
-323
-339
-354
-362
-368
-370
-367
-363
-355
-347
-337
-326
-311
-297
-280
-262
-243
-222
-200
-178
-153
-126
-98
-67
-35
0
36
72
109
145
180
215
250
281
310
335
356
372
381
386
384
376
361
341
316
285
251
210
166
118
71
22
-24
-72
-117
-160
-199
-233
-262
-286
-306
-318
-324
-326
-323
-313
-299
-280
-257
-230
-202
-170
-137
-104
-74
-42
-13
15
41
64
85
104
121
133
143
148
154
155
156
155
154
151
149
144
139
132
125
118
110
102
95
89
81
72
61
50
39
26
11
-3
-17
-31
-46
-61
-77
-92
-106
-121
-132
-141
-150
-155
-158
-160
-159
-155
-149
-138
-126
-111
-93
-74
-53
-32
-12
9
31
51
71
89
105
120
130
139
145
148
149
146
142
137
128
116
104
90
75
59
45
30
16
3
-11
-24
-37
-49
-60
-70
-77
-83
-87
-92
-96
-100
-102
-104
-104
-101
-98
-91
-86
-78
-71
-62
-54
-45
-34
-22
-8
7
20
33
46
58
69
80
90
98
105
110
113
113
111
105
99
92
84
75
64
52
40
26
11
-5
-17
-30
-43
-54
-63
-71
-78
-83
-87
-90
-90
-89
-86
-83
-80
-75
-72
-66
-61
-56
-50
-46
-38
-34
-28
-24
-17
-14
-8
-3
1
6
11
16
21
30
38
48
58
68
76
86
92
99
105
110
114
118
120
120
117
108
99
84
67
47
28
9
-12
-31
-51
-69
-88
-106
-124
-140
-152
-162
-169
-170
-167
-161
-151
-140
-127
-111
-94
-76
-55
-34
-13
8
28
48
66
80
94
106
119
125
131
134
134
131
124
117
107
97
87
76
65
53
44
33
24
17
10
4
0
-3
-5
-8
-9
-9
-9
-10
-10
-11
-13
-16
-20
-23
-26
-31
-34
-37
-43
-49
-56
-65
-72
-79
-83
-86
-85
-85
-82
-80
-76
-73
-67
-61
-54
-45
-35
-26
-15
-6
4
12
21
29
37
43
47
51
52
50
47
44
39
34
29
25
19
14
9
3
-2
-8
-11
-16
-15
-15
-12
-7
1
10
20
30
41
51
61
70
81
90
100
108
116
122
121
120
112
100
84
66
45
25
2
-17
-39
-60
-83
-105
-126
-147
-167
-183
-193
-201
-203
-202
-196
-189
-177
-163
-146
-127
-106
-84
-59
-37
-10
13
37
59
78
96
111
125
137
147
154
158
159
160
156
151
145
140
133
125
116
108
99
89
79
71
65
58
52
47
43
34
26
16
5
-8
-22
-36
-48
-61
-74
-85
-98
-110
-123
-138
-152
-165
-178
-187
-194
-197
-198
-192
-186
-176
-164
-150
-133
-115
-93
-72
-47
-21
6
32
59
84
109
129
152
171
187
200
211
219
222
221
216
210
199
186
169
151
135
115
95
74
56
34
12
-9
-27
-48
-66
-82
-93
-104
-111
-116
-119
-120
-122
-121
-120
-119
-118
-114
-111
-107
-103
-99
-94
-88
-84
-79
-75
-71
-68
-64
-61
-57
-51
-44
-38
-29
-19
-9
0
9
20
31
43
54
65
78
92
104
115
125
132
137
140
139
137
136
129
123
115
108
98
87
74
62
48
32
17
2
-11
-28
-40
-51
-61
-70
-79
-83
-86
-90
-91
-93
-93
-94
-93
-89
-86
-80
-75
-68
-62
-57
-51
-45
-41
-36
-31
-27
-21
-16
-12
-9
-6
-5
-2
-2
-3
-3
-1
1
1
1
3
7
6
7
8
10
12
13
17
21
29
36
43
52
59
70
75
81
87
91
93
95
96
98
98
95
93
89
83
74
65
55
45
35
25
15
6
-5
-18
-30
-43
-54
-64
-72
-77
-81
-82
-81
-81
-83
-83
-84
-83
-84
-83
-80
-75
-70
-67
-63
-58
-53
-50
-48
-44
-40
-39
-38
-37
-35
-35
-33
-31
-27
-21
-16
-11
-4
4
11
18
24
35
45
58
69
84
97
110
121
130
135
139
143
142
140
136
129
122
108
94
78
58
37
16
-5
-27
-48
-67
-86
-106
-122
-137
-149
-160
-167
-170
-172
-170
-165
-155
-145
-134
-118
-98
-82
-64
-47
-28
-16
-1
13
28
40
51
64
74
84
90
96
98
102
99
100
99
98
95
93
93
93
91
89
89
86
83
79
72
66
59
52
43
35
28
21
10
-1
-10
-20
-32
-44
-55
-64
-77
-87
-94
-103
-112
-116
-117
-119
-119
-116
-109
-105
-99
-91
-82
-71
-62
-53
-40
-28
-17
-4
10
23
36
49
61
71
78
84
89
93
96
97
96
96
93
88
84
78
69
62
51
40
31
21
8
-6
-13
-21
-31
-39
-41
-47
-52
-55
-55
-57
-59
-59
-56
-51
-44
-37
-30
-21
-17
-16
-15
-12
-14
-17
-17
-15
-11
-10
-7
-5
0
-1
-6
-8
-9
-8
-7
-5
-1
5
12
17
20
23
25
25
29
30
30
31
33
32
29
28
29
26
21
17
12
7
1
-7
-13
-20
-24
-25
-28
-31
-33
-33
-33
-35
-33
-31
-28
-25
-20
-17
-10
-3
2
6
10
16
21
23
25
27
31
34
36
38
40
41
38
39
37
34
30
28
26
21
16
14
13
9
3
2
0
-1
-5
-10
-12
-17
-18
-21
-23
-21
-21
-23
-24
-22
-23
-25
-28
-28
-28
-26
-24
-20
-17
-14
-10
-6
-4
-4
-2
-2
-1
5
9
12
16
20
22
24
26
25
23
19
20
21
18
15
16
14
11
10
9
7
2
-1
-4
-7
-12
-16
-21
-24
-25
-26
-25
-25
-28
-27
-26
-26
-27
-31
-29
-26
-24
-22
-18
-14
-8
-6
-1
5
8
9
11
