-2
-2
-3
-3
-2
-3
-1
1
-1
-2
-4
-3
-2
-1
-4
-2
-3
-2
-1
-1
-1
-2
0
0
0
-1
2
0
-1
1
-1
-2
2
3
0
2
2
4
1
1
1
0
1
-2
0
-3
2
0
1
2
1
1
4
4
2
3
1
0
0
1
-1
-1
-1
5
5
1
0
0
-6
-4
-5
-6
-9
-6
-4
-4
-5
-3
-3
-7
-6
-6
-5
-4
1
-1
1
0
-1
-3
-1
0
1
1
-3
4
1
6
5
8
2
6
9
6
6
7
5
-1
4
5
6
9
10
4
2
3
0
3
1
1
0
1
0
-1
-2
-3
-5
-6
-5
-2
5
5
3
0
-4
-5
-3
-4
-3
-3
-2
-2
-4
-6
-10
-8
-8
-4
-5
-2
-3
-4
0
-3
-1
-4
-1
-1
-1
-1
-2
-4
-1
1
5
7
7
4
4
2
4
2
5
3
8
5
4
4
1
6
6
9
8
9
3
4
4
2
3
5
7
8
9
7
2
6
3
2
-2
-2
-3
-3
-2
-6
-1
3
2
-3
0
-2
-1
-1
-1
-3
0
3
4
3
-4
-8
-10
-3
1
-4
-7
-9
-7
-6
-4
-7
-13
-16
-16
-13
-12
-10
-15
-14
-15
-10
-8
-4
-9
-9
-7
-4
-8
-11
-15
-19
-13
-11
-8
-12
-9
-9
-6
-8
-4
-4
-2
-4
-6
-4
-1
2
5
7
6
11
12
19
23
26
34
34
34
27
18
11
13
14
13
16
10
14
17
17
14
19
18
21
21
23
29
28
28
22
24
21
37
36
46
39
36
22
-2
-14
-29
-38
-48
-47
-55
-41
-45
-52
-58
-49
-52
-57
-69
-80
-89
-81
-78
-80
-56
-35
-12
3
4
-8
-9
11
19
35
48
48
38
36
40
48
69
77
69
70
75
83
82
68
55
41
38
50
59
70
76
77
68
69
48
30
21
14
13
4
2
-24
-19
-17
-22
-40
-50
-75
-94
-94
-104
-119
-129
-123
-109
-96
-105
-131
-144
-147
-142
-119
-107
-93
-86
-59
-34
-23
-18
-30
-33
-29
-22
-17
4
5
5
16
37
48
54
64
66
76
94
105
106
119
133
141
146
146
126
100
79
71
74
67
49
43
43
47
60
77
78
75
66
53
37
28
14
3
6
14
25
33
39
48
57
52
45
37
26
27
25
28
12
-13
-54
-79
-115
-149
-181
-206
-246
-284
-301
-426
-532
-608
-520
-419
-234
-196
-309
-462
-463
-359
-278
-148
-120
-126
-111
42
127
245
376
496
535
601
618
569
522
539
570
585
597
539
471
399
377
330
329
304
294
268
230
109
-11
-60
-55
5
36
35
-66
-131
-209
-202
-174
-85
-79
-148
-241
-329
-383
-448
-422
-457
-461
-504
-495
-579
-639
-650
-630
-612
-592
-556
-609
-588
-509
-410
-380
-300
-209
-125
-44
73
32
49
220
522
650
742
729
636
637
817
927
784
733
705
707
697
805
690
541
511
582
515
427
360
199
73
89
140
2
-82
-119
-144
-208
-153
-180
-270
-296
-235
-250
-353
-345
-469
-561
-641
-477
-530
-566
-605
-702
-834
-877
-791
-916
-906
-862
-805
-882
-869
-843
-839
-727
-515
-391
-367
-249
-141
-72
-2
158
269
373
534
642
715
785
921
1004
1105
1245
1351
1336
1246
1152
1027
1014
1109
1222
1198
1130
1012
876
764
715
669
535
409
251
78
-94
-207
-290
-342
-349
-336
-369
-474
-533
-556
-562
-539
-497
-462
-488
-463
-512
-669
-812
-837
-752
-718
-701
-916
-1163
-1284
-1183
-1099
-1123
-1175
-1304
-1362
-1363
-1335
-1336
-1274
-1051
-796
-608
-502
-436
-326
-127
177
385
483
536
670
833
996
1167
1257
1328
1470
1615
1659
1642
1642
1601
1549
1525
1505
1463
1428
1482
1438
1331
1233
1201
1077
964
849
657
418
251
150
27
-54
-103
-198
-377
-438
-538
-611
-698
-679
-721
-735
-767
-783
-856
-897
-854
-906
-925
-1122
-1243
-1484
-1443
-1438
-1314
-1381
-1468
-1569
-1653
-1605
-1654
-1606
-1709
-1668
-1645
-1517
-1381
-1178
-1001
-772
-538
-356
-186
-18
180
368
585
766
933
1089
1249
1394
1514
1617
1725
1844
1971
2061
2100
2110
2086
2037
1940
1922
1917
1958
1965
1892
1747
1608
1512
1363
1282
1133
1014
806
640
405
225
76
-41
-160
-293
-412
-559
-662
-770
-830
-918
-965
-1083
-1157
-1458
-1735
-1982
-1944
-1883
-1754
-1743
-1906
-2098
-2175
-2115
-2190
-2127
-2091
-2017
-1962
-1882
-1800
-1746
-1525
-1209
-897
-711
-627
-522
-475
-272
-97
156
193
438
455
677
739
918
1113
1276
1571
1641
1735
1703
1777
1856
2004
2169
2229
2216
2185
2179
2150
2145
2176
2082
2039
1959
1889
1684
1486
1279
1099
948
802
608
339
126
-69
-176
-289
-357
-473
-551
-700
-825
-975
-1166
-1254
-1513
-1667
-1889
-1926
-2016
-1935
-1920
-2002
-2077
-2126
-2098
-2191
-2145
-2229
-2207
-2199
-2068
-2004
-1880
-1617
-1333
-1047
-863
-742
-646
-583
-362
-175
-74
46
89
309
342
565
660
829
1012
1221
1456
1480
1632
1715
1884
2017
2195
2304
2294
2291
2275
2344
2362
2487
2467
2404
2250
2198
2094
1964
1848
1620
1456
1221
1114
856
633
361
175
7
-107
-252
-438
-615
-820
-974
-1239
-1497
-1741
-1835
-1885
-1904
-1943
-2144
-2322
-2396
-2364
-2437
-2492
-2564
-2652
-2662
-2669
-2569
-2501
-2236
-2006
-1734
-1605
-1441
-1307
-1153
-883
-838
-609
-679
-367
-323
-66
-13
163
336
575
880
1056
1216
1281
1491
1561
1831
1876
2042
2051
2256
2425
2546
2581
2572
2616
2658
2713
2739
2685
2617
2502
2457
2296
2213
2075
1908
1685
1453
1244
977
759
537
328
86
-116
-336
-595
-823
-1008
-1203
-1397
-1746
-2015
-2274
-2244
-2310
-2271
-2408
-2577
-2679
-2757
-2746
-2929
-2879
-2955
-2855
-2785
-2674
-2649
-2520
-2252
-2003
-1771
-1613
-1470
-1363
-1179
-1071
-927
-886
-636
-416
-154
-4
130
314
481
790
970
1205
1295
1555
1656
1913
2002
2240
2329
2529
2720
2805
2942
2806
2988
2821
2998
2895
2963
2901
2826
2811
2556
2579
2279
2281
2014
1897
1612
1332
1099
720
575
240
158
-140
-245
-551
-776
-1105
-1518
-1850
-2038
-2054
-2183
-2173
-2444
-2628
-2807
-2809
-2914
-3031
-3030
-3078
-3060
-3113
-3154
-3149
-3076
-2764
-2529
-2293
-2120
-1997
-1817
-1780
-1486
-1450
-1234
-1188
-849
-728
-562
-418
-174
-16
396
670
896
1040
1184
1448
1517
1890
1956
2293
2360
2647
2700
2864
2890
3052
3186
3223
3271
3221
3168
3021
3009
2923
2842
2749
2699
2554
2379
2218
1953
1729
1490
1288
988
703
400
101
-189
-355
-529
-773
-969
-1342
-1667
-2064
-2158
-2353
-2414
-2502
-2645
-2819
-2965
-3020
-3226
-3273
-3351
-3320
-3403
-3366
-3438
-3348
-3213
-2910
-2659
-2458
-2245
-2071
-1858
-1725
-1494
-1382
-1203
-992
-801
-527
-484
-73
84
437
755
963
1315
1389
1757
1808
1991
2108
2263
2443
2615
2800
2877
3008
3027
3169
3177
3220
3123
3054
2972
2852
2854
2744
2760
2618
2545
2355
2190
2023
1804
1698
1421
1235
874
597
304
40
-153
-382
-564
-836
-1023
-1348
-1706
-2072
-2276
-2393
-2417
-2395
-2457
-2630
-2791
-2907
-3048
-3128
-3191
-3178
-3246
-3243
-3259
-3249
-3177
-2948
-2684
-2404
-2185
-1954
-1820
-1608
-1420
-1248
-1118
-835
-622
-353
-109
29
159
392
735
1033
1263
1441
1545
1728
1831
2038
2121
2238
2422
2552
2685
2626
2760
2689
2841
2893
2910
2885
2761
2730
2608
2530
2442
2407
2323
2229
2133
1945
1716
1496
1350
1157
947
689
406
93
-160
-401
-663
-858
-1048
-1197
-1480
-1747
-2086
-2284
-2368
-2373
-2306
-2396
-2514
-2636
-2760
-2872
-2973
-2935
-2960
-2916
-2884
-2928
-2905
-2911
-2620
-2503
-2072
-1947
-1624
-1552
-1353
-1177
-1101
-778
-593
-241
-63
222
241
423
540
783
872
1209
1313
1530
1571
1742
1825
1878
2128
2093
2403
2299
2553
2395
2520
2424
2452
2512
2438
2544
2315
2317
2055
2091
1936
1959
1842
1767
1674
1466
1354
1129
1051
863
758
495
244
1
-275
-452
-659
-763
-953
-1071
-1265
-1510
-1693
-1884
-1892
-1945
-1859
-1933
-1944
-2063
-2113
-2216
-2340
-2322
-2472
-2360
-2529
-2381
-2510
-2326
-2256
-1986
-1787
-1629
-1393
-1301
-1033
-1026
-731
-770
-418
-405
-45
-65
124
153
315
541
608
892
919
1096
1088
1289
1311
1477
1563
1675
1771
1856
1904
1807
1868
1773
1863
1900
1892
1880
1753
1790
1655
1699
1563
1574
1457
1457
1386
1300
1213
1093
1040
855
736
533
376
179
32
-165
-339
-501
-615
-734
-884
-1041
-1218
-1340
-1344
-1369
-1298
-1391
-1401
-1575
-1594
-1746
-1887
-1908
-2075
-1978
-2087
-1913
-2049
-1907
-1847
-1686
-1556
-1374
-1144
-1093
-836
-821
-696
-664
-465
-356
-242
-134
-37
14
134
295
351
540
642
815
854
947
1028
1097
1236
1237
1339
1392
1398
1445
1383
1363
1352
1375
1435
1431
1404
1403
1371
1369
1297
1318
1260
1284
1292
1275
1172
1118
1052
958
836
724
631
424
335
124
7
-208
-287
-429
-494
-642
-774
-909
-1008
-1033
-1032
-1077
-1167
-1257
-1363
-1441
-1532
-1620
-1663
-1715
-1686
-1692
-1742
-1726
-1705
-1616
-1506
-1358
-1249
-1086
-984
-830
-737
-665
-526
-463
-267
-217
-136
-84
-104
20
87
307
362
524
587
648
681
751
823
881
961
1007
1055
1006
1091
1027
1124
1040
1165
1160
1202
1204
1184
1151
1071
1101
1092
1145
1176
1206
1145
1067
1012
933
889
805
726
605
492
358
179
45
-144
-174
-292
-323
-422
-550
-690
-819
-796
-897
-871
-945
-997
-1099
-1185
-1237
-1339
-1376
-1393
-1378
-1435
-1424
-1484
-1477
-1430
-1318
-1155
-1061
-925
-821
-717
-590
-524
-420
-375
-249
-128
-76
-5
-1
46
136
260
386
476
588
622
673
697
711
736
809
844
883
895
902
894
894
951
940
1007
1027
1018
1009
961
918
907
897
954
936
959
897
823
736
695
635
540
496
409
320
174
49
-68
-209
-207
-319
-338
-510
-600
-749
-772
-834
-820
-871
-863
-945
-952
-1026
-1099
-1153
-1186
-1222
-1248
-1219
-1314
-1263
-1281
-1082
-1055
-838
-749
-601
-516
-340
-321
-212
-176
-51
84
128
234
192
309
324
433
491
502
616
639
713
722
675
676
647
703
702
699
738
697
731
673
689
653
692
687
669
631
588
548
539
547
500
572
552
552
493
458
358
290
295
199
185
72
4
-65
-173
-254
-331
-355
-474
-522
-627
-713
-729
-770
-793
-846
-841
-884
-892
-943
-996
-992
-1009
-1009
-983
-984
-955
-982
-848
-754
-626
-490
-412
-219
-243
-31
-63
60
85
207
335
394
401
367
438
435
556
525
605
570
631
651
615
661
617
654
620
695
703
643
641
586
583
531
549
489
497
467
487
443
428
425
391
377
360
358
284
269
207
175
99
56
31
-31
-81
-148
-208
-288
-344
-404
-437
-525
-573
-658
-728
-713
-747
-723
-778
-792
-877
-821
-887
-882
-866
-835
-751
-769
-662
-646
-559
-509
-389
-264
-174
-55
60
32
169
162
252
335
327
436
398
493
386
494
451
531
569
546
606
534
617
524
561
533
590
599
594
594
440
494
380
433
321
338
314
316
280
229
223
129
225
136
167
85
31
65
-51
-27
-119
-126
-146
-204
-204
-266
-337
-373
-416
-462
-434
-587
-537
-672
-624
-638
-700
-647
-756
-695
-783
-769
-799
-778
-749
-684
-619
-559
-523
-474
-389
-300
-189
-90
-3
98
123
206
258
301
377
447
504
525
660
522
730
571
706
718
748
801
697
777
658
712
620
714
604
641
544
564
432
373
466
314
338
211
237
109
137
93
-21
-27
-98
-10
-210
-121
-220
-238
-278
-270
-282
-327
-348
-386
-399
-504
-442
-506
-472
-522
-533
-530
-601
-577
-679
-615
-664
-625
-688
-712
-742
-724
-633
-601
-556
-532
-421
-386
-274
-293
-164
-87
-23
74
143
239
257
321
397
414
540
569
607
574
631
671
710
756
724
812
795
800
721
650
674
651
628
560
500
434
413
332
295
237
201
231
115
116
-2
8
-34
-116
-103
-168
-178
-178
-293
-228
-348
-287
-330
-300
-330
-392
-335
-477
-434
-488
-388
-508
-375
-466
-413
-455
-474
-471
-553
-461
-492
-519
-556
-490
-571
-471
-511
-428
-406
-370
-195
-282
-136
-184
-76
57
36
237
117
277
307
368
337
425
454
478
538
572
486
564
628
629
554
662
669
656
620
584
513
511
483
495
443
279
428
229
291
138
164
84
76
110
39
-104
-82
-101
-148
-147
-213
-172
-218
-242
-323
-308
-300
-298
-325
-344
-363
-376
-358
-405
-357
-396
-434
-407
-356
-430
-353
-355
-380
-414
-448
-397
-410
-331
-391
-374
-415
-306
-338
-275
-288
-254
-158
-181
-66
-57
24
61
43
127
168
185
194
271
307
319
446
393
478
334
616
352
445
568
464
543
462
521
375
486
457
437
297
420
324
273
203
183
196
113
131
90
47
-50
-41
-36
-44
-2
-69
-53
-94
-79
-144
-84
-118
-208
-107
-219
-147
-219
-157
-243
-235
-203
-271
-203
-246
-240
-309
-286
-297
-290
-382
-320
-330
-385
-295
-360
-303
-349
-313
-382
-388
-287
-359
-274
-266
-180
-186
-79
-63
-31
12
64
42
156
168
92
338
102
342
302
375
352
404
505
413
520
421
586
318
463
377
460
405
347
286
299
292
217
221
215
173
124
187
60
130
63
104
71
105
3
-29
72
-13
-28
34
71
-15
-130
-65
-111
-155
-152
-169
-203
-274
-269
-193
-290
-335
-232
-374
-392
-377
-466
-369
-505
-270
-532
-411
-470
-422
-461
-584
-464
-445
-299
-345
-323
-284
-279
-169
-143
-112
24
-87
123
-77
269
-108
387
-23
456
250
389
360
261
557
335
783
295
467
366
576
381
537
325
371
387
136
473
163
415
241
325
303
7
291
179
132
253
123
175
6
96
41
64
55
67
-77
-161
-99
-142
-80
-186
-35
-205
-129
-220
-170
-225
-301
-223
-343
-279
-390
-361
-368
-370
-485
-240
-467
-369
-452
-384
-451
-446
-227
-543
-167
-498
-95
-361
-18
-239
-30
-250
-122
-19
-41
169
-52
271
-7
262
245
385
273
338
279
358
328
474
348
464
369
461
414
273
357
486
311
363
164
299
100
349
31
359
204
195
185
276
95
186
80
-39
-19
-34
33
-146
107
-207
-121
-153
35
-280
34
-390
-258
-330
-211
-96
-272
-148
-457
-255
-288
-299
-346
-174
-416
-349
-293
-471
-290
-424
-358
-507
-546
-309
-150
-170
-294
-17
-158
-136
129
-119
96
-361
516
-207
411
38
238
306
390
572
444
411
266
702
12
729
19
867
-6
758
328
69
585
-55
485
-53
404
139
214
213
95
95
69
88
24
157
-254
-29
-67
-339
154
-336
261
-498
-55
-334
-344
-397
-192
-23
-307
-53
-565
-192
-610
149
-670
-68
-481
18
-378
-92
-199
-526
-136
-592
-241
-287
-426
-275
-282
-269
-410
-46
39
-30
-204
121
2
35
164
445
145
288
529
145
508
70
983
293
573
413
461
261
535
115
762
608
358
602
72
612
91
284
473
-81
487
350
219
80
-34
15
-157
243
-252
-19
-372
148
-334
-191
-208
-374
27
-771
-192
-736
192
-692
311
-313
-520
-163
-677
-111
-777
-450
-254
-425
-714
-506
-546
-320
-20
-469
267
-1088
458
-630
-119
143
-287
-20
-273
29
-65
-210
201
0
180
-7
96
517
-138
814
283
1025
90
936
135
808
237
793
150
571
658
121
785
-108
741
559
339
56
341
575
-224
463
16
267
-38
434
389
-17
403
-821
532
-1630
518
-944
-304
-115
-888
417
-940
-72
-158
-586
-82
-839
45
-974
20
-630
-174
-808
-367
-416
-949
291
-1146
681
-1047
272
-300
-507
337
-534
-70
-433
-185
-94
-256
671
-986
775
-51
205
282
408
278
-84
415
189
541
131
1128
79
965
-12
969
214
337
801
314
782
77
1084
232
583
355
803
528
139
683
-95
487
254
692
-44
387
142
229
-193
-195
167
-379
67
-577
254
-991
-97
-276
-559
-420
-958
-211
-1000
-457
-796
-496
-687
-698
-559
-403
-909
-358
-525
-861
-648
-461
-541
-413
-315
-237
-740
-226
-321
-113
-552
43
-113
332
-654
339
130
65
384
-215
849
-420
643
445
154
261
773
468
913
340
1282
228
838
854
411
785
402
918
613
558
568
434
597
681
665
818
431
171
753
581
-22
541
-81
284
-587
567
-282
-50
-414
264
-666
-62
-654
-321
-932
-90
-776
-628
-676
-750
-448
-1048
-652
-920
-861
-720
-869
-883
-484
-1207
-510
-870
-563
-731
-291
-680
-79
-937
49
-918
72
-139
-523
-267
-15
-173
381
8
667
152
-105
765
-113
1041
-220
1478
-2
772
889
864
812
742
1365
504
1330
764
1377
719
1031
1045
789
1325
828
954
947
682
531
622
472
472
675
221
-1
97
-322
650
-810
105
-202
-698
-352
-901
-460
-951
-633
-1123
-1015
-1410
-852
-1148
-1311
-833
-1242
-795
-1777
-1136
-1230
-1274
-652
-1149
-921
-847
-951
-396
-977
-796
-652
-664
-289
-490
36
-375
107
245
424
86
412
416
418
640
970
1024
967
1386
648
1133
1099
1557
1397
1158
1338
1214
1422
1090
1397
1177
969
828
1291
764
755
921
467
851
516
590
120
8
363
-92
192
-290
-440
-597
-773
-844
-925
-637
-916
-844
-894
-1570
-859
-1604
-654
-1910
-1376
-1067
-1732
-984
-1927
-392
-1783
-454
-1425
-676
-1565
-584
-393
-885
-528
-648
-356
-339
-162
440
334
413
20
985
628
268
1002
1078
1120
900
1549
823
1748
1315
1620
1278
1125
1301
1270
1509
1248
1217
1597
333
1185
557
897
612
859
610
-9
385
-105
176
-253
-2
-86
-460
-990
-859
-927
-462
-834
-647
-1031
-1172
-1424
-481
-741
-1359
-1262
-1398
-1303
-1886
-906
-1691
-1214
-1348
-738
-1409
-1552
-401
-485
-199
-371
-1
-428
-890
514
550
453
445
-86
184
413
1492
1145
1222
1162
1093
1576
963
1001
915
1549
1487
1717
1417
749
1115
1272
2011
1228
837
379
360
429
5
637
27
-217
-151
-240
-106
-585
-147
-344
-203
-644
-1293
-1654
-1246
-455
-442
-843
-1491
-1308
-1290
-780
-815
-992
-1051
-1463
-1071
-1682
-1910
-996
-622
-417
-960
-1047
-873
-423
-29
1007
-577
-221
-117
210
1067
502
1471
212
637
433
1390
803
1675
1435
1868
1708
-160
1244
772
2328
1944
1540
612
119
911
1795
1815
815
417
-151
404
-70
191
33
-718
-872
-298
-460
-651
-299
-158
-454
-492
-611
-958
-918
-1164
-750
-1110
-1110
-919
-1023
-854
-1140
-942
-846
-1007
-1028
-1319
-1434
-1448
-1034
-886
-785
-1173
-1347
-586
-55
-18
-385
145
-185
615
375
363
728
701
636
863
1254
996
1639
1481
2814
1906
1729
681
536
1796
1947
2492
944
503
462
1264
2359
2026
623
119
61
54
51
152
264
-527
-1315
-761
-797
-780
-269
-324
-422
-1535
-1181
-1227
-1031
-400
-870
-1627
-2181
-1202
-849
-794
-829
-1377
-1283
-1421
-1185
-1404
-1199
-1191
-814
-788
-1559
-1403
-1127
-571
-36
-20
-221
-715
102
566
1149
913
324
758
808
1267
1283
1840
1161
1945
2111
2113
1485
922
1676
2165
2696
1678
1010
844
1131
2238
2686
1241
23
101
719
578
553
84
-573
-1284
-859
-641
-1035
-897
-717
-599
-1470
-1295
-1264
-906
-958
-584
-1312
-2717
-2175
-1312
-92
-912
-1132
-1799
-2270
-1134
-414
-572
-1841
-1690
-1186
-1216
-1344
-957
-628
-948
-236
-257
-862
-127
1233
1216
497
290
33
926
1595
1924
1921
1028
1398
1860
3577
2480
1312
1139
1653
2578
2555
2389
487
829
1471
2877
2296
287
-208
40
946
461
-26
-792
-1336
-1167
-390
-685
-1664
-1335
-858
-711
-1293
-1294
-1217
-1332
-582
-739
-2277
-2827
-1682
268
-467
-1336
-1993
-2404
-1082
312
-200
-2317
-2729
-1210
-545
-963
-1084
-1251
-1259
-318
272
12
80
473
1421
380
237
826
1062
1777
1322
1622
1330
1806
2729
3146
2388
597
1491
2710
3388
2685
1794
579
420
2075
3217
1883
-402
-617
43
1021
300
-294
-1184
-2006
-1209
-614
-987
-1904
-1245
-821
-1652
-2011
-1535
-1013
-872
-528
-1131
-2849
-3170
-1220
521
-186
-1639
-2311
-2274
-1070
475
172
-1844
-3063
-1455
-582
-594
-545
-817
-1145
-738
338
142
299
1194
1550
887
251
697
1619
2424
2633
1542
1572
1773
3278
3695
1664
784
1835
3495
2968
1848
1091
715
1056
3041
2694
2
-1297
-462
925
386
-67
-1353
-2609
-2183
-442
-85
-1881
-2436
-1680
-1238
-1618
-1504
-1395
-1480
-993
-737
-1595
-3816
-2580
-144
686
-1357
-2715
-2446
-1665
505
1068
-891
-3554
-2538
114
421
-396
-881
-963
-1076
-111
1229
746
819
1350
1396
385
1041
2687
2823
2488
1762
1911
2200
3531
3754
2115
476
1731
3517
2809
2321
1256
466
718
2667
2403
-264
-1187
-543
246
-125
-593
-1718
-2784
-2259
-773
-984
-2431
-2734
-1851
-1399
-1717
-1409
-1822
-1929
-1190
-711
-1584
-3156
-2167
-781
-201
-1462
-1912
-1990
-1335
106
120
-1076
-2680
-1445
-94
-43
-497
-771
-542
-388
683
1021
879
715
1525
1518
1333
1891
2379
2705
2294
2506
2696
3417
3299
2810
1208
1153
3686
4124
2616
588
826
1231
2067
3186
1076
-1792
-1777
770
837
-583
-1404
-2257
-3085
-2183
-406
-1408
-2949
-2868
-1806
-2321
-2235
-1378
-1387
-1929
-1804
-1244
-2753
-2715
-882
-179
-1869
-2862
-1613
-877
-583
-267
-921
-2229
-1863
108
51
-978
-953
-55
-126
-32
761
1229
1033
1482
1680
1278
1677
2675
3198
2087
1957
2590
3883
3935
3109
1239
742
3355
5060
3565
725
78
1637
2669
3484
1670
-1583
-2342
135
2128
128
-1936
-2644
-2538
-2171
-682
-888
-3015
-3592
-1855
-1584
-2668
-2215
-1403
-1690
-2363
-1755
-2511
-2767
-1264
25
-1655
-3639
-2296
-717
-296
-1103
-1516
-2561
-2425
49
721
-1052
-2274
-601
463
413
478
968
1084
1206
2020
1983
1898
2369
3586
2983
2363
2634
4373
4776
3069
1133
998
4410
5496
3525
764
135
1562
3295
4379
1472
-2519
-2467
957
2139
-129
-2217
-3108
-3201
-1955
-209
-1036
-3669
-4219
-2312
-1793
-2447
-2307
-1834
-2588
-2896
-1965
-2535
-2953
-1696
-417
-2255
-3766
-2216
-405
-447
-1435
-1938
-2866
-2096
384
990
-1357
-2701
-622
1152
1167
882
1060
631
1406
2389
3169
2392
2593
3298
3260
3459
3893
5578
4132
2036
1134
3546
6171
4678
2082
153
1573
3239
4597
3280
-740
-2878
-929
2305
1242
-1667
-3074
-3296
-3176
-1541
-351
-1962
-4525
-4155
-2666
-2428
-2091
-1821
-2554
-3869
-3222
-2131
-2379
-2366
-1645
-1830
-3577
-3132
-1119
-350
-1482
-2398
-2621
-2631
-964
805
-116
-2544
-2176
406
1388
881
730
820
954
1851
3019
2987
2506
2945
3692
3667
3997
5162
5351
2721
1006
3136
6491
5579
2012
549
1881
3590
4351
3649
27
-2602
-744
2762
1697
-1989
-3191
-2342
-2181
-1914
-727
-1699
-4006
-4007
-2172
-2121
-2797
-2254
-2051
-3396
-3441
-2105
-2174
-2834
-2447
-1946
-3139
-3388
-1580
-804
-2149
-2990
-2383
-2230
-1678
-587
-669
-2414
-2232
-50
894
59
-114
936
1250
1527
2026
2664
2530
2900
3438
3819
3923
5228
5279
2903
1259
3540
7116
5788
1829
317
2685
4700
4839
3560
23
-2176
134
3826
2409
-1974
-3380
-1744
-969
-962
-456
-1752
-3848
-3622
-1496
-1277
-2370
-2487
-2326
-3235
-3093
-2130
-2330
-2977
-2587
-2212
-3377
-3252
-1681
-1141
-2578
-3416
-2827
-2340
-1522
-956
-1631
-3075
-2201
134
555
-723
-858
592
1396
1408
1453
1862
1994
2835
3279
3499
3356
4911
4836
2367
1182
4318
7616
4816
907
724
3674
5061
4863
3187
-657
-1890
1735
4845
1609
-2781
-2594
-850
-612
-504
-107
-2100
-4193
-2931
-643
-952
-2269
-2466
-2817
-3388
-2221
-1268
-2535
-3745
-2928
-2049
-2746
-2484
-1686
-2146
-3222
-2823
-1964
-2077
-1803
-1487
-2128
-2759
-1296
464
-145
-1184
-707
870
1315
1330
1247
1285
1787
2711
3257
2870
3468
4697
3933
1352
1475
5534
7201
3582
-92
1157
4374
5587
4467
1577
-1465
-786
3451
4616
209
-3369
-2109
58
136
-299
-887
-2724
-3617
-1838
-339
-1177
-2429
-2509
-2713
-2723
-1541
-1444
-2808
-3569
-2485
-2107
-2376
-1904
-1672
-2597
-3159
-2035
-1649
-2016
-1839
-1554
-2091
-2059
-434
123
-839
-1131
396
1467
802
385
872
1871
2256
2428
2251
2168
3514
5029
3826
369
792
5703
7459
2893
-981
1188
4766
5446
3825
941
-1888
-386
4343
4568
-1104
-4040
-1183
1203
150
-856
-1242
-2762
-2874
-836
-238
-2038
-2705
-1801
-2083
-2513
-1735
-1516
-2861
-3134
-2036
-2137
-2619
-1801
-1300
-2654
-3378
-1992
-1255
-1876
-2153
-1844
-2057
-1646
-92
100
-1399
-1575
675
2060
876
-342
317
1843
2597
2533
1743
1544
2969
5112
4062
582
154
4720
7324
3491
-800
407
4457
5498
3666
798
-1441
-328
3569
4416
-405
-3711
-1444
1431
605
-930
-1259
-1971
-2433
-1035
27
-1229
-2453
-1981
-1645
-1911
-1336
-1375
-2636
-3346
-1963
-1336
-2035
-2361
-1987
-2267
-2649
-1850
-1673
-2377
-2467
-1598
-1456
-1762
-1168
-494
-801
-987
101
1130
674
23
496
1607
1973
1874
1581
2018
2798
4278
3712
1277
244
3684
6776
4041
-339
-73
4034
5221
3464
1243
-538
-407
2354
4122
628
-2941
-1783
1110
635
-883
-792
-1133
-2265
-1695
-141
-509
-1786
-1956
-1779
-1799
-1105
-888
-2179
-3250
-2277
-1447
-1678
-1901
-1926
-2562
-2729
-1674
-1290
-2150
-2671
-2075
-1602
-1297
-968
-1078
-1394
-822
316
745
348
-20
428
1278
1964
1755
1109
1363
2700
3918
3736
2096
673
2025
5201
5509
1954
-382
1696
4652
4533
2458
552
-310
712
3017
2773
-534
-2331
-802
530
-153
-614
-677
-1731
-2538
-1188
117
-756
-2190
-2252
-1789
-1204
-1035
-1619
-2971
-2774
-1440
-1302
-2383
-2773
-1965
-1889
-2181
-2364
-2267
-2277
-1897
-1384
-1808
-2108
-1570
-482
-348
-710
-635
168
828
781
612
734
1273
1755
2148
2254
2247
2751
3707
3097
1425
1773
4744
5365
2304
369
2213
4511
4238
2954
1198
-173
656
3422
3315
-494
-2463
-682
917
337
-445
-1148
-2507
-2495
-340
579
-1426
-3153
-2442
-1222
-900
-1537
-2640
-3227
-2352
-1445
-1874
-2734
-2552
-2118
-2310
-2533
-2305
-2133
-2264
-2446
-2343
-1826
-1250
-1232
-1260
-1041
-629
-134
570
815
125
8
916
2054
1803
1625
1630
2311
3080
4173
3406
1405
1413
4350
5903
3105
504
1581
4488
4926
3413
1279
-59
938
3460
3511
-60
-2288
-786
1291
804
-679
-1755
-2248
-1703
-186
-76
-1875
-2866
-1850
-1024
-1332
-1975
-2575
-3044
-2474
-1334
-1660
-3104
-3290
-1927
-1409
-2144
-2836
-2901
-2577
-1942
-1412
-2101
-2787
-2047
-355
-197
-1098
-1109
150
883
616
223
496
1166
1832
1908
1509
1716
2705
3869
3545
1955
1086
2773
5214
4383
1272
388
3154
5110
3953
1858
732
693
1984
3397
2215
-1008
-1743
330
1510
201
-970
-1251
-1726
-1453
-233
-29
-1719
-2698
-2091
-1038
-936
-1746
-2701
-2949
-2344
-1546
-1564
-2519
-3237
-2652
-1427
-1462
-2611
-3160
-2368
-1591
-1506
-1837
-2225
-1972
-796
131
-418
-1129
-601
747
1125
556
281
655
1517
1939
2062
1719
1972
2778
3244
2222
1162
2477
4291
3597
1166
1142
3285
4242
3167
1974
1280
825
2002
3363
1883
-1223
-1230
1110
1590
97
-740
-1094
-1644
-821
566
-248
-2547
-2724
-1121
-430
-1034
-2065
-2932
-2908
-1519
-751
-2095
-3596
-3027
-1419
-1200
-2088
-2854
-2730
-1953
-1374
-1652
-2384
-2205
-1175
-376
-818
-1327
-760
349
834
207
-319
187
1440
1946
1280
745
1156
2302
2806
2883
1874
775
1429
3776
4415
1837
348
1895
4019
3687
2551
1569
744
1203
2957
3021
110
-1362
242
1730
818
-339
-656
-1043
-887
64
1
-1690
-2307
-1260
-680
-1139
-1597
-2277
-2887
-1990
-499
-1321
-3545
-3612
-1474
-467
-1549
-2923
-3369
-2428
-691
-440
-2369
-3545
-1814
286
-75
-1584
-1596
-435
551
815
269
-261
177
1541
1632
684
320
1476
2262
2430
2117
1384
960
2319
4185
3283
896
816
3142
4143
3243
2089
1317
1165
2330
3506
2011
-554
-607
1324
1676
357
-676
-1023
-1044
-409
81
-807
-2187
-2085
-995
-754
-1325
-2186
-2671
-2516
-1540
-1256
-2145
-3054
-2554
-1442
-1201
-1742
-2394
-2524
-1979
-1214
-1134
-1912
-2368
-1636
-510
-405
-1012
-1225
-568
418
845
257
-373
179
1337
1522
706
408
1145
1892
2305
2517
1951
1009
1673
3693
3911
1905
937
2328
3760
3539
2915
2152
1236
1369
2929
3060
856
-700
89
1060
627
-63
-629
-1614
-1713
-497
8
-1412
-2698
-2224
-1245
-996
-1580
-2624
-3207
-2476
-1026
-1143
-2652
-3362
-2102
-751
-989
-2135
-2950
-2486
-1224
-410
-1492
-2985
-2472
-291
530
-823
-1823
-993
490
1066
609
-352
-516
799
2117
1470
129
365
2011
2808
2458
1976
1516
1725
3031
4066
2754
1069
1721
3782
4110
2763
1942
1814
1993
2577
2828
1390
-367
-175
938
805
-335
-1175
-1519
-1467
-789
-489
-1481
-2476
-2195
-1345
-1182
-1540
-2081
-2676
-2434
-1497
-949
-1856
-2677
-2236
-1174
-935
-1532
-2150
-2391
-1797
-1063
-1134
-2128
-2450
-1333
-222
-528
-1506
-1342
-263
535
478
-107
-420
123
1254
1612
790
147
983
2299
2757
2345
2002
1519
1993
3330
4015
2485
1019
1993
3699
3906
2627
1875
1578
1748
2416
2523
920
-862
-342
843
408
-998
-1349
-1220
-1384
-1085
-686
-1334
-2368
-1954
-976
-1053
-1760
-1831
-1861
-2072
-1634
-821
-1242
-2469
-2385
-1183
-796
-1483
-2095
-2366
-2239
-1236
-750
-1843
-2879
-1769
-140
-300
-1253
-1184
-288
246
487
300
-87
183
1224
1452
745
813
1787
2372
1979
2020
2527
2551
2210
2407
2999
2752
2322
2307
2579
2645
2723
2731
1850
939
1132
1882
1312
-210
-835
-414
-81
-429
-939
-1463
-1716
-1342
-729
-945
-1800
-1975
-1332
-931
-1155
-1416
-1588
-2017
-1812
-1034
-821
-1926
-2596
-1847
-964
-1039
-1790
-2274
-2365
-1563
-740
-1261
-2440
-2060
-482
-2
-784
-1177
-454
486
824
580
56
243
1348
2054
1348
679
1229
2316
2745
2353
2009
1950
2194
2502
2860
2709
1744
1425
2115
2891
2581
1678
1142
852
1034
1509
1224
-406
-1366
-467
457
-238
-1455
-1745
-1247
-852
-709
-1006
-1670
-1760
-1044
-622
-1034
-1637
-1580
-1604
-1743
-1517
-1087
-1600
-2457
-2132
-1170
-927
-1617
-2062
-2075
-1576
-836
-813
-1811
-2108
-737
337
-89
-931
-650
452
1261
1186
506
74
984
2253
2189
852
758
1915
2644
2443
2004
1994
1879
1968
2246
2475
2025
1331
1201
1697
2240
1939
1189
474
406
847
1129
465
-667
-965
-368
102
-441
-1191
-1243
-1017
-1086
-1038
-935
-1157
-1459
-1398
-1220
-1161
-1138
-1260
-1963
-2338
-1603
-798
-1442
-2445
-2214
-1263
-823
-1062
-1522
-2033
-1677
-456
-143
-1378
-1839
-499
615
272
-306
-20
595
1170
1447
1196
527
859
1929
2158
1403
958
1544
2048
2164
2147
1986
1420
1102
1647
2187
1904
1152
546
944
1745
2042
1332
408
32
538
1307
991
-246
-1079
-552
146
-34
-785
-1313
-1385
-1134
-745
-843
-1449
-1883
-1620
-1190
-1151
-1377
-1700
-2061
-2110
-1494
-928
-1341
-2143
-2009
-1055
-434
-692
-1343
-1680
-1225
-170
101
-845
-1555
-526
832
810
-69
-213
583
1421
1602
1059
478
730
1658
1988
1202
534
1038
1744
1965
1556
1359
1305
1203
1227
1481
1836
1271
675
757
1512
1997
1510
876
287
401
922
1300
250
-1055
-997
-120
-11
-756
-1348
-1601
-1507
-1144
-872
-1349
-2088
-2047
-1478
-1090
-1218
-1584
-2013
-2069
-1271
-497
-838
-1893
-1808
-707
-27
-343
-1035
-1338
-933
118
449
-476
-1294
-425
970
995
100
-199
466
1310
1554
1068
314
367
1250
1779
1068
265
588
1373
1693
1440
1147
1180
1131
1077
1371
1842
1467
717
649
1400
1926
1596
913
366
268
822
1249
330
-1181
-1191
-138
-205
-1229
-1675
-1483
-1550
-1514
-1171
-1417
-2013
-1855
-1194
-1198
-1469
-1397
-1266
-1543
-1440
-748
-430
-892
-1204
-717
-191
42
-110
-559
-881
-336
627
434
-544
-603
389
885
610
286
144
363
1010
1271
693
8
501
1213
1204
541
498
823
1150
1461
1362
1234
1015
963
1189
1674
1639
973
530
840
1492
1507
1103
429
-164
-130
639
676
-695
-1735
-1268
-421
-704
-1460
-1811
-1904
-1732
-1104
-919
-1639
-2086
-1398
-756
-817
-1051
-1120
-1272
-1240
-362
220
-318
-1132
-677
235
483
144
-300
-668
-458
567
916
-114
-868
-126
885
755
120
-182
81
673
1169
905
14
40
1001
1454
826
338
468
1022
1486
1641
1315
788
616
1229
1904
1734
724
93
582
1412
1486
782
-53
-577
-165
630
437
-977
-1880
-1266
-519
-676
-1387
-1796
-1867
-1514
-861
-753
-1366
-1704
-1158
-649
-520
-553
-645
-1065
-1118
-172
530
13
-891
-687
102
570
422
-214
-902
-720
501
908
-255
-1171
-400
668
739
118
-323
-192
591
1261
967
-64
-108
1008
1486
925
199
420
902
1600
1542
1232
564
412
1200
1901
1583
318
-4
636
1367
1298
703
14
-551
-168
555
474
-853
-1711
-1247
-599
-653
-1078
-1469
-1802
-1492
-667
-435
-1092
-1409
-999
-625
-378
-146
-319
-1033
-1197
-153
697
254
-797
-889
-242
473
671
-115
-1173
-1151
273
986
-50
-1220
-861
253
705
381
-220
-423
210
1083
1162
199
-138
487
1253
975
530
343
618
1154
1608
1579
522
-3
761
2091
1778
336
-295
311
1450
1674
1018
-473
-1019
84
1298
488
-1408
-1841
-1023
-343
-483
-973
-1776
-1927
-1025
-171
-540
-1305
-1201
-729
-514
-302
-102
-435
-1045
-998
-109
471
113
-674
-882
-400
474
744
-131
-1153
-961
372
890
37
-930
-709
139
778
663
-86
-467
234
1174
1122
193
-99
515
1032
925
606
399
616
1274
1780
1286
129
90
1388
2182
1087
-211
-236
790
1637
1561
438
-1012
-841
686
1289
-296
-1876
-1705
-726
-254
-507
-1242
-2059
-1752
-605
-217
-980
-1503
-1215
-785
-470
-215
-339
-901
-1144
-626
57
186
-254
-710
-743
-161
645
651
-323
-1013
-327
758
801
-21
-611
-385
326
923
665
-124
-268
594
1254
810
96
122
661
958
882
541
384
861
1780
1783
416
-306
991
2495
1736
11
-445
463
1417
1820
1037
-828
-1472
192
1558
297
-1671
-1927
-1119
-520
-341
-781
-2010
-2336
-1121
-239
-886
-1558
-1456
-1219
-912
-298
-193
-861
-1233
-684
-198
-202
-77
-63
-468
-585
222
792
357
-233
-285
21
245
589
452
-244
-523
204
799
487
30
95
411
527
485
536
369
421
700
821
776
891
1560
1693
946
142
861
2299
2071
695
-134
490
1346
1799
1415
-138
-1297
-410
1161
731
-1037
-1836
-1532
-983
-463
-396
-1526
-2580
-1882
-625
-642
-1360
-1593
-1608
-1388
-580
56
-499
-1139
-1123
-607
-27
466
266
-744
-943
35
1114
945
-39
-735
-578
496
1104
551
-614
-887
-87
796
768
47
-378
-2
641
678
435
286
492
601
867
1047
1167
1555
1804
1106
168
794
2512
2616
950
-240
204
1428
2247
1882
-221
-1840
-834
1340
1231
-895
-2201
-2100
-1276
-302
-112
-1577
-2984
-2308
-752
-418
-1150
-1673
-1900
-1576
-548
121
-434
-1020
-799
-503
-393
94
555
7
-696
-505
301
820
815
223
-752
-816
288
1157
528
-738
-1152
-367
657
985
348
-575
-504
364
1153
1077
494
164
551
1360
1899
1939
1971
1029
455
899
2749
2935
1263
-5
9
1194
1948
2290
316
-1799
-1557
571
1216
-385
-1710
-2383
-2307
-1244
107
-739
-2735
-2977
-1539
-698
-783
-903
-1567
-2056
-1264
167
149
-546
-836
-686
-718
30
864
573
-535
-908
-85
676
1155
602
-627
-1339
-227
1188
898
-464
-1347
-883
189
1007
711
-286
-550
85
987
1062
929
736
827
1144
1488
2181
2615
2031
492
227
1989
3152
2404
638
-143
-54
1379
2684
1605
-1408
-2458
-690
815
399
-895
-2226
-3106
-2059
-42
16
-2082
-3000
-2096
-1193
-790
-587
-1072
-1869
-1399
-346
-190
-489
-70
-92
-1110
-1135
286
1072
312
-562
-926
-628
694
1655
532
-1584
-1507
244
1219
500
-744
-1362
-872
446
1145
465
-290
-58
488
787
974
1457
1306
1150
1164
1730
2681
2926
1652
22
700
2635
3051
1615
109
-410
314
1865
2264
0
-2253
-1817
-41
430
-447
-1437
-2549
-2789
-1401
-145
-1001
-2365
-2235
-1632
-1306
-881
-579
-1157
-1466
-864
-419
-456
-127
459
-345
-1314
-668
795
972
160
-452
-898
-272
1205
1478
-367
-1632
-684
617
724
-86
-765
-1061
-483
515
835
245
109
509
479
559
1063
1853
1708
1469
1427
1852
3035
2844
1487
14
1235
2767
2516
1235
-138
-255
307
1916
1482
-904
-2448
-1531
17
-261
-930
-1909
-2663
-2688
-1115
-450
-1655
-2357
-1880
-1406
-1595
-895
-647
-1089
-1167
-541
-480
-666
110
710
-182
-1326
-555
740
1011
246
-457
-906
-335
1054
1129
-435
-1466
-525
395
401
-242
-645
-743
-302
324
408
301
625
756
317
356
1359
2178
1847
1382
1247
2001
3297
3185
1065
-568
1047
3155
2948
1145
-446
-926
167
2158
1807
-1005
-2829
-1844
-263
-63
-592
-1611
-2891
-2989
-1225
-366
-1504
-2159
-1704
-1594
-1570
-731
-481
-983
-843
-143
-304
-667
68
860
319
-778
-396
427
686
524
277
-423
-534
517
727
-206
-833
-402
-202
-223
-308
-513
-745
-562
-80
72
66
470
768
348
285
1105
1789
1486
1589
1764
2007
2608
3311
2008
104
533
2739
3203
1643
372
-520
-410
833
2031
410
-2074
-2432
-1099
-492
-831
-993
-2061
-3303
-2728
-1057
-1075
-2024
-1805
-1544
-1712
-1381
-475
-625
-752
-93
292
-305
-432
425
524
166
213
673
162
-90
376
546
128
-64
121
-412
-684
-350
-64
-526
-732
-457
-662
-910
-542
154
200
178
487
278
184
910
1758
1524
1178
1566
1908
2223
2694
2755
1366
270
1089
2325
2183
1317
797
-299
-634
380
1395
316
-1211
-1582
-1457
-1185
-828
-677
-1894
-2637
-2093
-1237
-1494
-1791
-1339
-1140
-1111
-924
-699
-993
-646
274
676
196
-179
-222
-85
671
1205
721
-235
-327
191
429
218
-124
-263
-235
-275
-463
-721
-557
-54
2
-615
-957
-473
83
407
465
371
292
438
675
724
693
744
1056
1103
900
917
986
800
576
233
118
381
976
1141
388
-151
-12
509
782
562
107
-183
-10
128
-58
-432
-495
-420
-343
-401
-516
-557
-496
-238
-119
-203
-407
-256
40
78
-77
-209
-57
209
411
247
-55
-139
-20
47
-81
-222
-124
168
232
-49
-312
-253
-137
-214
-465
-654
-725
-708
-811
-1025
-1241
-1211
-941
-880
-1144
-1380
-1289
-978
-756
-835
-977
-890
-469
-54
47
-83
-17
295
557
728
825
869
900
1055
1247
1346
1385
1509
1593
1405
1173
1219
1309
1178
936
753
653
685
834
780
469
308
574
873
778
529
472
624
797
898
769
434
247
392
559
382
71
-88
-127
-194
-342
-475
-641
-855
-1002
-1096
-1205
-1242
-1266
-1461
-1830
-2031
-1934
-1770
-1850
-2167
-2402
-2319
-1906
-1651
-1732
-1879
-1727
-1325
-933
-801
-900
-906
-664
-361
-211
-118
59
343
486
579
686
881
1130
1275
1206
1106
1278
1556
1678
1606
1576
1686
1888
2059
1974
1741
1648
1802
1892
1712
1486
1446
1473
1481
1520
1531
1364
1158
1090
1036
956
908
823
522
221
183
268
159
-146
-481
-769
-872
-794
-880
-1278
-1682
-1733
-1665
-1676
-1833
-2045
-2195
-2189
-1969
-1951
-2176
-2241
-2017
-1841
-1848
-1834
-1740
-1608
-1427
-1245
-1222
-1253
-1042
-704
-601
-666
-573
-384
-278
-170
-50
-4
27
253
484
459
426
677
1001
1142
1236
1313
1336
1471
1836
2078
2018
1954
2062
2205
2314
2407
2360
2066
1877
1966
2044
1831
1539
1349
1213
1082
1045
972
684
433
323
305
127
-150
-392
-517
-582
-675
-919
-1235
-1356
-1274
-1265
-1465
-1753
-1858
-1641
-1399
-1541
-1865
-1898
-1566
-1298
-1357
-1520
-1436
-1174
-999
-1059
-1303
-1380
-1194
-947
-1004
-1171
-1396
-1921
-2116
-1207
255
518
-373
-965
-434
432
652
269
-57
376
969
1071
793
988
1520
1660
1391
1374
1937
2273
2049
1552
1597
2122
2506
2239
1630
1552
1905
1933
1311
824
1021
1442
1311
740
259
87
-52
-353
-663
-694
-471
-309
-457
-826
-1025
-938
-725
-708
-881
-973
-804
-526
-458
-734
-970
-892
-643
-552
-609
-694
-811
-991
-1079
-1004
-906
-981
-1054
-964
-868
-913
-1107
-1276
-1280
-984
-672
-658
-833
-649
-341
-283
-294
-254
79
347
591
669
826
984
1029
1041
905
950
1113
1416
1283
1063
1092
1194
1212
1024
855
759
874
729
427
456
725
772
406
38
-147
81
249
54
-300
-391
-209
-71
-191
-513
-667
-378
-73
-45
-122
-87
-24
-84
-68
97
183
-127
-354
-247
-17
-205
-401
-647
-704
-536
-412
-457
-733
-1003
-807
-629
-1329
-1254
-927
-852
-1703
-1786
-1345
-936
-375
-610
-956
-869
465
995
621
569
1071
1282
788
545
851
1542
1772
1819
1358
1224
1226
1036
1026
1188
1440
1309
1406
1511
1406
609
-717
-1368
-566
820
1116
254
-886
-1424
-1329
-813
-384
-279
-323
-491
-788
-872
-663
-517
-615
-656
-217
520
664
32
-572
-603
-243
265
651
461
-143
-669
-710
-487
-220
-257
-611
-736
-492
-320
-895
-1900
-2246
-1694
-1062
-884
-957
-1053
-1047
-690
-129
130
190
378
604
726
837
854
689
607
892
1387
1600
1504
1430
1386
1359
1608
2043
2113
1856
1673
1650
1692
2193
2600
1548
-896
-2163
-977
897
1413
286
-1290
-2330
-2137
-1302
-875
-1204
-1552
-1515
-1244
-844
-373
-450
-1305
-1686
-614
1000
1480
748
-282
-689
-167
742
1040
628
342
275
16
-352
-453
-651
-1074
-1243
-934
-931
-1843
-3068
-3654
-3321
-2419
-1564
-1284
-1468
-1533
-1388
-1276
-876
-10
686
892
1249
1713
1703
1319
1154
1443
2106
2912
3184
2753
2193
2117
2275
2448
2728
3055
3091
2935
3121
3213
1846
-972
-2747
-1774
652
2000
1193
-1060
-3025
-3349
-2327
-1356
-1090
-1113
-1176
-1144
-776
-230
-201
-976
-1551
-605
1443
2786
2370
875
-409
-531
355
1108
977
475
62
-520
-1172
-1486
-1629
-2084
-2481
-2376
-2287
-2881
-4049
-4938
-4914
-3853
-2488
-1693
-1692
-1760
-1481
-1073
-606
-64
534
1092
1908
2555
2495
1797
1291
1405
2147
3111
3676
3487
2842
2479
2455
2631
2696
2951
3243
3756
4046
3198
454
-2379
-2856
-1031
960
1488
652
-1043
-2240
-2465
-2116
-1949
-1669
-1076
-393
356
1137
1427
350
-1256
-1731
-247
1967
3297
3059
1690
412
-33
28
-106
-262
-308
-439
-650
-761
-1106
-2146
-3506
-4167
-3834
-3123
-2828
-3291
-4113
-4532
-4212
-3408
-2615
-1930
-1327
-831
-401
92
451
450
428
868
1570
2092
2217
1906
1491
1526
1981
2329
2381
2501
2881
3218
3283
3086
2837
2728
3107
3552
2776
328
-1903
-2017
-626
467
495
-290
-1155
-1441
-1299
-1358
-1704
-1715
-1239
-516
554
1948
2589
1653
21
-588
322
1830
2825
2845
2224
1621
1276
757
-19
-661
-1004
-1184
-1113
-726
-626
-1428
-2781
-3842
-4214
-4001
-3798
-3984
-4168
-3870
-3135
-2547
-2258
-2068
-1726
-1223
-552
128
538
722
846
993
1000
1134
1262
1182
970
1124
1642
2039
2102
1931
1934
2138
2489
2519
2434
2455
3037
3443
2675
357
-1784
-2200
-1243
-350
-151
-216
-421
-583
-878
-1233
-1687
-1783
-1544
-894
358
2110
3285
2735
1048
-175
36
998
1798
2157
2330
2481
2407
1772
591
-464
-1137
-1535
-1581
-954
-173
-209
-1159
-2499
-3329
-3560
-3571
-4000
-4285
-3750
-2708
-2077
-2017
-1937
-1629
-1160
-802
-318
121
621
929
1049
1012
1061
1083
751
391
557
1275
1800
1886
1742
1761
2104
2283
2078
1674
1739
2340
3035
2778
1198
-949
-2140
-2115
-1592
-1156
-815
-770
-880
-899
-870
-1172
-1642
-1990
-1936
-1058
697
2512
3016
2149
1071
726
999
1349
1584
1774
2039
2288
2279
1762
1037
230
-708
-1572
-1722
-1164
-721
-823
-1401
-1887
-2205
-2541
-3341
-4071
-4033
-3261
-2316
-1536
-763
-198
145
225
370
461
517
402
414
745
1247
1535
1287
811
636
877
971
749
616
835
1315
1703
1957
2119
2227
2281
2231
1974
906
-787
-2095
-2221
-1665
-1177
-951
-971
-1101
-1098
-1028
-1289
-1820
-2166
-2084
-1445
-93
1428
2249
2037
1470
1256
1262
1263
1197
1244
1452
1802
2056
1925
1424
692
-232
-1240
-1704
-1510
-1241
-1279
-1451
-1539
-1596
-1747
-2180
-2735
-2982
-2799
-2368
-1850
-1226
-715
-291
270
950
1329
1167
750
399
329
262
129
21
146
523
941
1156
1130
971
752
664
1035
1645
2133
2311
2533
2995
3473
3166
1419
-747
-1911
-1865
-1682
-1543
-1194
-847
-704
-544
-312
-604
-1360
-2240
-2441
-1682
-188
1068
1516
1472
1446
1604
1519
1216
922
787
703
790
1123
1235
859
129
-542
-951
-1086
-1170
-1407
-1680
-1841
-1875
-1841
-1781
-2068
-2580
-2877
-2641
-2104
-1649
-1465
-1378
-866
143
966
1140
913
692
522
284
3
-253
-349
-237
125
687
1379
1742
1651
1348
1419
1817
2194
2308
2366
2732
3428
3870
3165
1473
-133
-868
-1261
-1506
-1582
-1282
-1209
-989
-575
-74
-270
-920
-1615
-1672
-980
23
665
845
1005
1322
1594
1656
1622
1424
1032
648
577
657
443
-92
-622
-865
-784
-656
-728
-1173
-1692
-2174
-2369
-2345
-2300
-2556
-2807
-2634
-2229
-1990
-2097
-2235
-2098
-1372
-452
176
387
413
367
250
115
-126
-443
-594
-460
-44
493
1023
1354
1535
1830
2244
2705
2919
2966
2890
3124
3658
3996
3383
1907
581
-219
-646
-1131
-1335
-1496
-1531
-1342
-723
-172
-196
-711
-1247
-1232
-596
250
730
841
915
1173
1568
1956
2176
2057
1702
1374
1207
918
358
-278
-805
-1083
-1056
-865
-921
-1363
-1886
-2233
-2377
-2392
-2581
-3049
-3457
-3270
-2919
-2715
-2703
-2441
-1849
-944
-79
446
550
375
180
59
-48
-251
-465
-470
-341
-47
462
1036
1434
1729
2151
2603
2971
3040
2981
2839
3051
3281
2942
1890
871
368
-161
-735
-1238
-1338
-1626
-1731
-1445
-722
-380
-472
-654
-580
-140
521
1024
1050
934
1000
1345
1735
2056
2151
2007
1805
1694
1455
831
2
-675
-1161
-1380
-1292
-1145
-1310
-1715
-2059
-2192
-2149
-2114
-2357
-2730
-2860
-2653
-2550
-2590
-2590
-2339
-1786
-932
-139
354
482
410
298
227
40
-282
-608
-712
-596
-225
326
860
1305
1830
2542
3085
3397
3322
3300
3175
3271
3089
2582
1506
489
-103
-480
-838
-1253
-1382
-1697
-1772
-1590
-1132
-1112
-1241
-1153
-695
-54
553
1004
1111
1029
940
1120
1503
1828
1869
1728
1614
1577
1409
925
231
-334
-792
-1141
-1370
-1498
-1695
-1940
-2039
-1968
-1757
-1737
-1965
-2381
-2572
-2615
-2535
-2332
-2106
-1757
-1209
-275
515
986
992
887
793
705
410
-71
-518
-757
-619
-181
379
765
1228
1868
2666
3231
3506
3464
3313
3138
3024
2542
1543
321
-394
-805
-1173
-1453
-1483
-1630
-1888
-1821
-1445
-1224
-1324
-1364
-1178
-713
-137
440
823
917
939
1100
1426
1634
1634
1419
1176
1030
944
703
302
-84
-454
-807
-1075
-1219
-1450
-1685
-1798
-1694
-1537
-1355
-1296
-1389
-1594
-1699
-1756
-1791
-1757
-1728
-1499
-974
-169
394
724
844
935
947
752
340
-151
-416
-521
-361
-30
348
651
1176
1940
2689
3296
3643
3806
3675
3678
3555
2968
1617
187
-728
-1307
-1726
-2063
-2078
-2248
-2327
-2085
-1497
-1279
-1473
-1603
-1402
-877
-372
44
241
340
483
850
1359
1693
1741
1585
1464
1374
1238
843
275
-217
-601
-928
-1126
-1183
-1336
-1528
-1556
-1376
-1208
-1073
-1150
-1405
-1705
-1796
-1922
-2001
-2041
-1946
-1625
-932
-141
350
683
988
1250
1277
1044
560
102
-160
-271
-173
154
604
981
1591
2345
3105
3653
4072
4148
4046
4001
3612
2464
774
-511
-1373
-1998
-2448
-2584
-2597
-2599
-2266
-1678
-1158
-1147
-1257
-1216
-1005
-754
-429
-129
-25
98
551
1298
1838
2039
1994
1863
1707
1446
965
365
-171
-627
-1042
-1278
-1296
-1331
-1491
-1570
-1465
-1283
-1133
-1171
-1476
-1794
-1849
-1789
-1877
-1978
-1890
-1596
-1138
-621
-206
62
364
664
857
803
535
133
-166
-287
-205
97
445
811
1299
2031
2642
3234
3753
4181
4225
4266
4249
3712
2285
537
-671
-1476
-2037
-2556
-2767
-2907
-2764
-2237
-1508
-1128
-1106
-1006
-740
-412
-185
50
107
27
118
657
1344
1741
1896
2009
2083
2050
1873
1465
839
141
-572
-1162
-1503
-1699
-1970
-2158
-2027
-1688
-1431
-1357
-1561
-1926
-2232
-2298
-2343
-2346
-2257
-2022
-1628
-1047
-442
-13
370
676
945
1074
1050
695
206
-174
-274
-85
251
560
1001
1766
2670
3424
4004
4414
4520
4606
4472
3653
1954
326
-879
-1826
-2500
-2811
-2884
-2875
-2368
-1586
-899
-620
-450
-260
-105
-7
39
121
54
-85
38
575
1116
1426
1638
1831
1930
1915
1749
1287
626
-84
-758
-1331
-1723
-2065
-2382
-2395
-2083
-1654
-1316
-1147
-1202
-1319
-1387
-1528
-1786
-2085
-2257
-2203
-1834
-1387
-994
-549
-21
464
817
1025
1000
720
294
-89
-237
-162
-135
-42
422
1313
2265
3206
3990
4574
4942
5214
4980
3868
2079
477
-797
-1943
-2846
-3289
-3431
-3334
-2659
-1650
-855
-463
-166
123
292
289
209
67
-195
-347
-94
479
959
1283
1626
1990
2272
2385
2246
1773
1120
380
-353
-995
-1544
-2107
-2523
-2498
-2163
-1772
-1479
-1242
-1294
-1438
-1544
-1634
-1909
-2144
-2203
-2032
-1654
-1234
-833
-425
90
485
759
944
912
583
229
71
-50
-170
-167
60
583
1366
2266
3090
3849
4464
5005
5066
4268
2726
1271
-102
-1505
-2703
-3353
-3736
-3779
-3118
-2029
-1097
-470
130
659
967
989
835
549
92
-342
-333
64
389
653
1125
1709
2172
2461
2472
2121
1522
813
19
-744
-1483
-2178
-2651
-2679
-2398
-1952
-1411
-1049
-957
-999
-958
-1053
-1347
-1766
-2019
-1984
-1653
-1285
-960
-563
-70
358
671
844
765
468
167
-26
-144
-202
-244
-73
343
1044
1786
2547
3212
3785
4418
4691
4156
2894
1778
577
-784
-2073
-2880
-3578
-3961
-3574
-2643
-1727
-1000
-213
530
1131
1404
1386
1076
471
-159
-395
-279
-246
-188
186
789
1407
1964
2309
2231
1849
1350
756
38
-828
-1756
-2393
-2650
-2589
-2363
-1814
-1383
-1173
-1010
-642
-504
-750
-1042
-1280
-1336
-1245
-991
-802
-360
163
602
907
1150
1026
653
415
123
-292
-547
-419
-149
408
1214
2073
2797
3501
4093
4234
3660
2586
1567
551
-705
-1921
-2627
-3110
-3431
-3175
-2409
-1671
-1012
-145
677
1171
1404
1482
1249
649
-21
-395
-536
-656
-608
-244
267
738
1214
1571
1638
1428
1009
443
-149
-764
-1437
-1946
-2127
-2067
-1851
-1515
-1251
-1036
-695
-270
-123
-250
-441
-593
-649
-640
-668
-695
-571
-266
147
609
844
835
746
717
534
216
-167
-489
-597
-268
406
1123
1861
2694
3589
3945
3547
2657
1876
865
-402
-1547
-2232
-2803
-3072
-2679
-1935
-1332
-776
85
965
1507
1686
1729
1486
942
318
-78
-472
-900
-1062
-802
-454
-70
420
856
992
915
741
418
-93
-748
-1373
-1806
-1980
-2020
-1871
-1651
-1486
-1341
-977
-594
-357
-240
-220
-221
-91
95
101
91
147
277
422
576
534
446
454
416
232
108
85
73
186
460
806
1228
1882
2429
2455
1968
1485
965
160
-798
-1533
-2037
-2441
-2366
-1758
-997
-375
383
1305
2089
2488
2641
2594
2113
1327
655
183
-407
-930
-1062
-923
-750
-424
-38
171
158
73
-118
-449
-952
-1550
-2040
-2232
-2250
-2145
-1787
-1375
-1046
-626
-80
200
185
103
47
17
42
5
-62
62
365
681
935
1048
938
815
761
566
254
31
-151
-259
-108
265
626
1114
1648
1729
1320
903
584
-87
-932
-1669
-2170
-2535
-2495
-2008
-1359
-720
55
1098
2149
2882
3246
3417
3168
2476
1792
1283
553
-333
-826
-929
-939
-815
-573
-454
-438
-393
-419
-635
-1026
-1546
-2069
-2385
-2526
-2521
-2328
-2008
-1658
-1117
-435
88
330
514
658
733
788
768
653
570
659
817
986
1057
1073
1112
1180
1048
762
516
352
160
90
207
398
743
1107
1089
582
145
-238
-933
-1769
-2330
-2719
-3020
-2882
-2308
-1606
-897
34
1176
2261
2989
3450
3733
3573
2979
2362
1830
1042
220
-180
-311
-457
-513
-438
-391
-388
-460
-695
-1048
-1502
-2022
-2453
-2671
-2784
-2813
-2665
-2355
-1932
-1388
-790
-260
187
487
683
854
975
935
915
1041
1210
1363
1485
1519
1480
1497
1467
1306
1098
925
790
732
730
749
960
1105
777
123
-289
-597
-1249
-2016
-2606
-3096
-3478
-3426
-3002
-2489
-1920
-1056
184
1438
2416
3147
3724
3773
3390
3000
2598
1811
926
450
246
52
-37
42
86
50
-27
-189
-554
-1169
-1901
-2486
-2915
-3313
-3596
-3596
-3315
-2773
-2062
-1310
-657
-107
373
813
1158
1261
1148
996
960
986
998
1048
1188
1429
1705
1946
2059
1988
1847
1726
1630
1464
1373
1439
1303
726
-22
-524
-1123
-1918
-2651
-3139
-3511
-3576
-3169
-2582
-2082
-1482
-545
481
1262
1835
2357
2630
2468
2232
2141
1842
1226
828
818
783
643
602
616
550
429
240
-85
-568
-1158
-1718
-2126
-2416
-2629
-2836
-3004
-2965
-2649
-2227
-1827
-1358
-855
-281
375
927
1174
1267
1338
1352
1334
1271
1082
945
989
1095
1162
1292
1523
1849
2232
2560
2896
2933
2346
1266
386
-501
-1669
-2740
-3364
-3868
-4084
-3596
-2762
-2147
-1515
-539
570
1471
2037
2359
2461
2173
1692
1369
974
281
-246
-257
-114
13
260
542
645
746
840
702
174
-497
-1128
-1600
-1949
-2246
-2413
-2394
-2197
-1860
-1314
-759
-359
-72
232
457
517
442
309
108
-17
53
237
351
438
580
828
1060
1161
1245
1439
1694
1806
2012
2109
1811
1154
658
150
-618
-1359
-1890
-2379
-2740
-2660
-2258
-1834
-1371
-720
175
1039
1636
2041
2336
2239
1867
1574
1252
616
-54
-344
-413
-421
-429
-415
-388
-285
-196
-252
-514
-920
-1314
-1503
-1520
-1643
-1886
-1951
-1653
-1215
-764
-225
279
629
1000
1381
1555
1432
1156
885
711
578
350
112
16
-22
8
202
454
654
916
1356
1736
1746
1219
451
-189
-822
-1592
-2265
-2722
-3088
-3060
-2357
-1470
-844
-134
931
1944
2580
2942
3060
2745
2092
1521
1133
602
-41
-376
-358
-271
-150
56
143
17
-141
-286
-623
-1224
-1923
-2473
-2831
-3022
-3040
-2829
-2441
-1890
-1069
-117
678
1224
1719
2158
2319
2164
1915
1620
1309
1052
935
837
676
554
581
691
697
731
888
1071
1194
1111
682
-62
-811
-1551
-2299
-2928
-3316
-3542
-3426
-2858
-1990
-1159
-341
569
1521
2290
2792
3066
3010
2612
2095
1654
1114
473
-9
-188
-231
-202
-67
76
138
141
54
-218
-746
-1434
-2058
-2522
-2983
-3390
-3448
-3104
-2507
-1665
-661
244
1002
1720
2253
2422
2272
2011
1744
1444
1111
889
880
948
970
1066
1333
1588
1758
1956
2138
1895
1154
226
-621
-1527
-2470
-3251
-3734
-3982
-3881
-3283
-2417
-1653
-895
68
1080
1763
2237
2630
2674
2304
1883
1590
1113
442
-95
-340
-453
-467
-359
-205
-156
-188
-166
-223
-577
-1127
-1596
-2051
-2552
-2834
-2737
-2457
-2031
-1256
-250
704
1513
2164
2539
2553
2324
1952
1515
1019
588
405
435
487
606
907
1295
1603
1911
2244
2258
1728
854
-2
-923
-1998
-2958
-3500
-3695
-3616
-3074
-2076
-1083
-306
512
1417
2046
2276
2407
2350
1922
1356
936
484
-116
-582
-734
-750
-756
-705
-586
-558
-650
-780
-984
-1410
-1999
-2522
-3027
-3450
-3629
-3420
-2878
-1997
-907
341
1669
2860
3688
4142
4208
3941
3451
2770
1910
1096
551
205
65
224
604
1060
1606
2182
2421
2106
1281
246
-887
-2160
-3396
-4342
-4908
-5040
-4479
-3288
-1955
-635
820
2297
3419
4034
4230
3950
3186
2186
1252
380
-471
-1099
-1314
-1229
-1008
-681
-317
-149
-232
-452
-773
-1386
-2351
-3302
-4050
-4507
-4704
-4505
-3942
-2971
-1662
-179
1234
2387
3157
3639
3808
3646
3218
2679
2127
1616
1306
1189
1271
1474
1795
2177
2598
2902
2795
2180
1246
173
-1010
-2194
-3232
-4090
-4648
-4659
-4103
-3203
-2175
-1001
315
1604
2634
3358
3697
3496
2868
2149
1444
580
-270
-813
-1018
-982
-769
-432
-187
-100
-148
-320
-799
-1705
-2622
-3261
-3712
-4018
-3908
-3388
-2573
-1399
-4
1263
2164
2674
2870
2762
2335
1568
804
179
-312
-499
-254
180
702
1400
2214
2881
3183
2915
2205
1307
193
-1076
-2175
-2967
-3562
-3671
-3106
-2210
-1272
-203
956
1972
2720
3190
3304
3020
2393
1659
976
293
-433
-959
-1176
-1183
-1041
-719
-445
-399
-525
-644
-914
-1460
-2179
-2821
-3286
-3527
-3438
-2956
-2203
-1234
-29
1337
2473
3205
3604
3764
3567
2941
2149
1296
468
-185
-505
-556
-439
-73
487
968
1115
872
424
-321
-1293
-2329
-3183
-3850
-4168
-3920
-3139
-2031
-721
759
2237
3426
4264
4711
4615
3945
2970
2003
966
-35
-787
-1117
-1181
-1058
-741
-453
-314
-386
-544
-900
-1449
-2124
-2731
-3128
-3242
-3040
-2552
-1853
-977
42
1111
1918
2418
2660
2702
2512
2199
1861
1447
1143
1046
1142
1300
1505
1717
1705
1378
760
42
-809
-1844
-2803
-3556
-4063
-4257
-3935
-3266
-2474
-1534
-433
645
1460
2070
2483
2540
2305
1945
1591
1150
728
478
388
392
348
316
248
131
-212
-699
-1285
-1983
-2544
-2806
-2805
-2656
-2183
-1390
-411
679
1599
2313
2745
2875
2716
2390
1950
1321
807
521
394
434
729
1193
1543
1693
1553
1175
551
-377
-1417
-2377
-3227
-3927
-4115
-3770
-3109
-2185
-1033
195
1257
2133
2710
2871
2589
1979
1258
446
-381
-1065
-1459
-1657
-1749
-1616
-1225
-812
-624
-569
-571
-735
-996
-1191
-1338
-1484
-1425
-1029
-429
234
877
1561
2210
2671
2864
2937
2862
2516
2130
1813
1448
1042
848
860
851
718
431
125
-232
-703
-1227
-1666
-2139
-2595
-2680
-2402
-2031
-1600
-913
-114
628
1267
1780
2096
2078
1809
1435
1010
409
-223
-665
-1062
-1399
-1547
-1486
-1563
-1759
-1889
-2000
-2119
-2249
-2268
-2154
-1863
-1419
-845
-111
529
1090
1647
2129
2351
2418
2459
2338
2153
2016
1935
1872
1896
2014
2145
2116
1737
1170
537
-216
-1093
-1870
-2533
-3108
-3346
-3141
-2601
-1886
-1022
-56
890
1663
2128
2312
2156
1648
953
306
-324
-930
-1335
-1444
-1367
-1158
-878
-634
-447
-373
-463
-680
-935
-1283
-1527
-1527
-1363
-1090
-633
-35
587
1174
1616
1890
2009
1926
1668
1348
971
516
207
105
113
169
200
182
123
90
-57
-260
-512
-808
-1007
-985
-801
-555
-114
427
989
1520
1963
2205
2145
1870
1346
692
-130
-1008
-1754
-2296
-2640
-2897
-2952
-2879
-2645
-2281
-1861
-1446
-1103
-774
-390
71
495
872
1285
1665
2026
2345
2564
2629
2587
2467
2244
1972
1622
1236
884
590
315
-46
-504
-1026
-1482
-1907
-2254
-2477
-2648
-2686
-2477
-1955
-1291
-522
282
1046
1766
2358
2806
2946
2766
2359
1831
1173
429
-220
-808
-1297
-1646
-1891
-2068
-2168
-2193
-2236
-2223
-2188
-2121
-1933
-1661
-1331
-904
-355
217
802
1393
1893
2301
2574
2724
2738
2612
2379
2074
1810
1517
1265
939
498
-5
-484
-886
-1303
-1617
-1917
-2093
-2070
-1854
-1468
-1032
-476
80
684
1198
1583
1813
1777
1613
1331
1026
563
103
-309
-681
-968
-1187
-1351
-1650
-1852
-1919
-1896
-1897
-1854
-1696
-1507
-1136
-760
-364
11
383
722
1043
1333
1477
1702
1856
1917
1967
2075
2127
2078
1977
1590
1109
578
-19
-689
-1243
-1694
-2066
-2086
-1878
-1531
-1105
-597
-97
385
811
998
1069
964
689
375
132
-133
-417
-521
-600
-588
-524
-476
-504
-500
-491
-595
-680
-778
-827
-812
-703
-590
-450
-233
-39
222
461
622
734
868
940
947
983
979
990
1065
1007
795
586
378
89
-195
-415
-714
-911
-918
-747
-471
-192
121
404
779
977
1118
1112
904
601
287
12
-389
-645
-851
-950
-1027
-1085
-1048
-1022
-967
-1002
-962
-1009
-1065
-1018
-897
-695
-559
-301
-51
252
501
730
965
1095
1172
1162
1194
1158
1091
1106
1108
970
758
613
443
227
46
-153
-373
-568
-662
-625
-507
-396
-263
-52
127
255
372
397
286
98
-82
-274
-470
-615
-669
-626
-553
-432
-263
-107
-17
26
15
-74
-233
-380
-495
-555
-561
-515
-394
-235
-77
74
204
271
256
208
115
15
-41
-18
0
-7
57
190
362
522
695
790
819
802
769
722
591
491
418
411
354
333
342
286
172
-14
-203
-492
-832
-1142
-1351
-1465
-1506
-1366
-1148
-854
-522
-159
184
392
531
575
576
484
384
326
285
269
295
407
490
500
514
513
407
236
114
-59
-358
-621
-776
-825
-843
-748
-577
-364
-151
67
322
469
531
542
570
541
505
499
489
454
388
343
275
149
-71
-289
-493
-667
-772
-782
-751
-662
-512
-319
-132
-16
48
63
68
-16
-118
-176
-214
-195
-98
67
230
406
590
710
820
862
885
763
587
379
199
70
-48
-68
-107
-83
-67
-11
18
-35
-92
-196
-304
-475
-557
-624
-698
-743
-763
-717
-721
-674
-650
-607
-541
-428
-243
-79
164
389
640
845
970
1021
989
921
728
510
250
20
-163
-276
-350
-388
-350
-278
-201
-149
-106
-81
-44
-46
-93
-121
-101
2
150
341
509
710
888
998
1048
1011
863
646
422
164
-89
-330
-522
-670
-791
-930
-1024
-1061
-1141
-1223
-1225
-1194
-1143
-996
-773
-519
-241
26
298
543
707
777
813
774
662
560
511
457
399
383
403
419
419
383
321
214
75
-70
-188
-316
-422
-431
-365
-229
-55
151
327
498
611
659
641
548
406
273
141
11
-76
-125
-199
-240
-293
-350
-426
-512
-624
-725
-800
-826
-775
-716
-613
-474
-311
-194
-84
-7
22
22
27
41
65
168
308
479
631
769
855
886
830
688
509
294
38
-183
-327
-403
-435
-388
-275
-125
-7
81
162
187
154
95
39
-26
-67
-49
14
74
123
187
237
237
198
138
46
-69
-165
-237
-293
-322
-325
-296
-254
-247
-268
-309
-370
-448
-501
-523
-519
-462
-315
-106
105
303
468
584
629
611
538
428
276
137
68
39
18
51
113
158
182
190
178
102
-3
-84
-127
-157
-168
-121
-29
54
95
135
125
55
-48
-156
-255
-334
-363
-325
-209
-72
65
225
357
413
374
252
52
-180
-399
-575
-694
-706
-595
-368
-63
243
524
733
839
794
654
413
129
-166
-395
-540
-582
-507
-346
-144
51
231
367
405
354
238
98
-43
-169
-253
-259
-205
-102
35
179
286
356
380
341
252
129
3
-108
-197
-255
-268
-244
-192
-151
-130
-151
-210
-295
-386
-467
-543
-572
-528
-395
-211
-4
215
402
539
610
629
554
422
255
98
-34
-131
-172
-150
-74
17
139
269
379
449
482
471
414
310
183
66
-52
-152
-220
-241
-232
-194
-125
-43
14
34
31
-7
-84
-181
-279
-368
-425
-450
-448
-397
-317
-222
-121
-34
9
36
52
45
25
1
-17
-19
-7
18
50
77
86
64
12
-74
-173
-269
-353
-404
-412
-367
-263
-98
104
320
524
689
812
889
900
853
768
650
521
413
324
255
223
196
169
123
63
-28
-132
-264
-421
-570
-696
-781
-826
-816
-793
-727
-636
-520
-417
-319
-224
-125
-21
60
127
197
262
306
334
325
275
202
112
15
-81
-161
-208
-218
-203
-175
-118
-54
-3
25
40
38
39
51
85
141
225
330
461
596
707
778
806
775
695
571
415
251
106
-19
-117
-175
-209
-219
-237
-273
-333
-417
-519
-620
-696
-746
-740
-680
-572
-423
-245
-71
76
181
225
227
196
144
77
26
-2
-1
25
68
102
114
108
67
-17
-126
-235
-328
-392
-410
-379
-300
-177
-29
131
275
399
476
529
559
557
542
527
524
512
523
533
523
476
406
294
138
-35
-219
-405
-569
-693
-770
-789
-762
-715
-636
-553
-481
-428
-367
-322
-272
-211
-123
-11
121
268
423
564
649
699
700
643
531
396
250
101
-27
-135
-204
-250
-263
-261
-246
-243
-259
-279
-297
-310
-315
-296
-248
-171
-54
92
244
392
509
600
661
673
628
550
442
333
217
115
21
-61
-144
-221
-302
-385
-474
-566
-656
-725
-760
-760
-718
-641
-521
-393
-258
-121
17
140
238
323
406
478
547
609
647
669
681
662
599
508
373
231
91
-43
-161
-262
-327
-353
-344
-325
-279
-228
-182
-156
-139
-116
-97
-72
-40
6
69
154
244
321
372
394
382
330
237
113
-28
-169
-281
-380
-446
-476
-472
-451
-411
-384
-360
-331
-314
-306
-286
-251
-201
-123
-31
76
181
267
341
394
419
415
393
352
303
245
193
150
108
72
40
9
-28
-59
-89
-101
-112
-109
-84
-38
19
86
161
229
274
283
277
245
194
127
53
-6
-54
-78
-94
-99
-113
-136
-175
-225
-285
-367
-429
-460
-452
-417
-342
-226
-86
64
201
308
356
356
336
291
217
126
52
9
1
8
26
33
23
-6
-64
-139
-236
-346
-437
-487
-494
-459
-374
-244
-79
108
284
427
523
571
578
542
477
392
313
258
237
238
250
261
261
241
173
64
-87
-251
-424
-580
-701
-763
-759
-701
-592
-446
-281
-124
14
124
209
258
278
283
286
291
308
334
367
390
406
404
373
305
216
109
-17
-147
-272
-367
-435
-454
-445
-408
-364
-297
-219
-147
-92
-50
-9
25
55
89
136
179
221
263
297
315
307
276
226
158
84
5
-68
-132
-185
-221
-241
-246
-248
-251
-254
-264
-278
-284
-280
-271
-249
-215
-158
-87
-10
72
142
204
255
294
313
323
320
322
321
322
326
338
355
370
378
358
326
275
204
110
5
-104
-212
-297
-358
-391
-409
-404
-385
-350
-320
-295
-275
-264
-256
-251
-228
-189
-127
-59
18
106
186
251
291
291
250
195
121
23
-72
-152
-215
-245
-242
-234
-221
-197
-169
-148
-134
-128
-118
-99
-58
8
90
182
284
396
505
587
639
668
660
609
531
433
326
224
125
28
-50
-113
-163
-203
-243
-278
-308
-338
-367
-389
-398
-389
-364
-334
-293
-248
-191
-124
-59
-1
51
101
139
160
155
135
91
34
-34
-109
-180
-244
-293
-323
-331
-317
-278
-229
-163
-82
0
75
144
205
262
311
355
394
429
464
495
529
537
519
475
412
322
211
85
-51
-184
-303
-395
-463
-504
-530
-522
-478
-416
-348
-278
-215
-157
-102
-51
-3
47
98
159
232
305
361
395
405
387
342
268
174
57
-71
-197
-299
-377
-429
-451
-441
-405
-345
-268
-184
-96
-11
61
129
199
256
302
339
364
376
383
376
362
331
286
231
169
92
6
-87
-187
-284
-377
-453
-517
-565
-585
-573
-541
-484
-402
-298
-181
-63
57
178
287
371
429
461
466
448
415
372
317
260
206
162
125
95
67
42
17
-14
-48
-86
-130
-169
-185
-179
-163
-130
-77
-9
69
140
199
233
242
225
188
125
40
-52
-135
-202
-262
-304
-326
-334
-334
-328
-319
-315
-316
-316
-317
-319
-309
-278
-220
-135
-26
95
215
321
406
461
474
450
392
308
216
133
67
26
5
10
39
78
118
148
166
169
161
142
120
99
79
64
67
83
102
126
151
169
178
175
154
107
37
-52
-153
-257
-363
-461
-536
-582
-596
-586
-544
-472
-386
-293
-200
-111
-39
23
70
98
119
143
164
183
210
234
255
273
284
276
258
226
170
97
20
-54
-114
-154
-173
-162
-124
-71
-7
58
112
146
162
153
129
110
97
86
80
82
97
116
130
117
82
30
-36
-117
-205
-282
-335
-366
-367
-335
-276
-204
-122
-43
25
73
100
111
111
106
103
114
139
175
214
250
278
297
298
273
225
160
83
7
-61
-123
-169
-185
-176
-148
-110
-72
-43
-18
-5
-11
-31
-65
-97
-131
-160
-183
-197
-195
-187
-177
-163
-150
-144
-144
-154
-166
-178
-182
-179
-168
-142
-100
-45
14
76
135
193
248
291
319
330
334
331
318
297
273
247
221
209
213
223
232
237
237
226
195
149
90
27
-37
-95
-139
-171
-196
-204
-194
-180
-170
-167
-170
-180
-206
-243
-284
-323
-352
-369
-365
-349
-323
-283
-232
-179
-130
-78
-26
22
57
80
99
116
123
128
127
128
132
139
144
145
148
144
145
142
140
142
144
143
142
139
131
125
126
137
150
175
208
246
274
289
287
260
206
128
37
-71
-182
-280
-355
-412
-445
-450
-436
-405
-373
-343
-315
-294
-278
-264
-249
-223
-181
-120
-41
52
150
252
350
428
484
505
491
443
371
283
186
85
-4
-75
-124
-145
-145
-130
-104
-76
-62
-58
-70
-89
-108
-123
-122
-101
-60
7
88
172
245
301
328
315
266
184
83
-31
-146
-249
-328
-379
-398
-387
-349
-299
-247
-194
-150
-122
-112
-114
-123
-118
-100
-64
-11
63
155
247
334
401
439
441
414
360
279
185
96
22
-32
-70
-88
-84
-62
-36
-9
8
14
4
-17
-48
-87
-122
-153
-167
-164
-149
-127
-96
-56
-26
-8
-2
-4
-17
-39
-67
-99
-132
-158
-175
-178
-170
-145
-105
-53
-2
47
88
112
122
120
113
101
87
76
81
92
110
132
158
183
198
207
203
187
162
133
106
85
73
70
72
80
88
90
85
68
46
11
-30
-71
-117
-160
-196
-226
-247
-253
-250
-235
-207
-178
-143
-112
-93
-82
-81
-94
-108
-121
-124
-120
-103
-74
-35
9
47
80
102
116
118
105
80
50
20
-6
-26
-34
-30
-10
22
64
109
153
194
226
245
248
235
212
181
149
116
91
70