SAMPLES:	9418
BITSPERSAMPLE:	16
CHANNELS:	1
SAMPLERATE:	16000
NORMALIZED:	FALSE
-1
4
-1
5
5
2
-2
2
4
-1
6
5
3
-2
2
5
6
-3
-5
-7
-4
-4
-7
-5
4
-1
-1
1
7
6
2
-7
-9
-10
-12
-4
-12
-7
-1
1
-3
3
6
1
-9
-11
-7
-5
-18
0
18
21
6
9
15
0
-18
-15
0
0
-13
-2
26
17
9
2
9
3
9
1
4
16
14
-18
-14
11
7
-1
-21
-15
25
17
-17
-5
4
-5
-17
-18
-26
0
-26
-4
25
20
5
-6
13
4
-6
-16
-2
-5
3
-21
-2
1
-21
-25
23
14
17
-13
-29
19
5
-22
-54
15
14
22
-8
19
37
27
-26
-19
-19
-47
-34
6
40
11
30
36
66
35
-13
-32
7
-11
-23
-19
17
-9
16
42
10
-27
-6
33
20
-7
-23
17
37
-7
-43
-1
24
9
-28
13
4
19
10
22
-25
-7
-1
7
-14
-19
11
-9
-31
-33
25
1
2
-25
-19
-28
-14
-25
-18
7
11
17
-6
11
38
31
-4
-6
13
-11
-23
-32
25
15
-46
-22
26
41
-3
1
23
14
-21
-8
-9
-34
-45
9
57
13
-7
15
76
18
-34
-23
-8
-36
-15
7
19
15
39
48
34
-12
-21
25
-17
-30
-71
-2
10
8
-63
-11
31
-6
-8
-20
2
-12
36
37
17
-5
9
4
-40
-54
-23
-21
0
-18
-4
16
38
26
3
24
-16
-4
-24
-42
-22
10
7
20
38
-16
-9
25
22
-27
20
-5
-2
27
-16
-53
-59
26
-19
3
-8
38
13
47
43
5
42
26
51
93
42
-47
27
45
17
-50
25
35
58
-7
-36
-37
-42
-44
-50
-33
-46
-31
-16
7
-41
-44
-79
-10
34
25
-29
26
49
20
11
-17
-21
-20
-12
-21
11
-16
31
54
58
6
-14
-22
-21
-72
-96
-40
7
59
44
106
68
89
7
20
-44
-88
-72
-53
0
-37
24
37
69
16
-12
-66
-30
-93
-109
-119
-63
-48
5
50
71
96
127
102
49
5
-17
17
-42
-48
-100
-20
11
63
47
70
102
101
24
-15
-20
-54
-104
-97
-44
-21
-14
-7
48
62
62
62
65
15
-26
-55
-81
-157
-129
-129
-86
-54
25
61
80
60
58
62
-41
-122
-118
-96
-94
-84
-30
61
105
110
111
164
119
95
32
31
-39
-27
-48
5
27
61
51
55
99
38
57
37
67
29
28
-7
12
-3
-9
-26
-17
-38
-27
-25
-66
-43
-42
-16
-47
-2
-11
11
6
1
-9
1
-19
-37
4
16
42
66
110
44
58
50
19
-55
-51
-42
-50
-37
-15
50
50
58
48
64
34
-19
-30
-16
-74
-61
-68
-63
-58
-50
-31
-46
-59
-44
12
17
17
14
64
69
12
-90
-123
-105
-114
-138
-114
-32
17
18
-10
-26
-4
-46
-107
-76
-8
60
108
122
179
211
157
144
140
87
5
-36
8
1
-44
-51
-15
15
8
26
39
63
9
-45
-53
-62
-101
-104
-64
-17
22
28
15
-10
-31
-85
-95
-156
-129
-83
-81
-70
-12
5
-14
0
-43
-49
-113
-161
-170
-166
-225
-202
-85
35
85
126
204
225
188
90
55
4
16
69
137
142
129
208
318
306
204
187
242
250
154
172
249
256
124
122
231
236
112
59
146
165
36
-121
-111
-103
-207
-348
-326
-239
-249
-348
-309
-178
-178
-336
-379
-278
-296
-466
-580
-498
-410
-472
-601
-533
-377
-335
-439
-418
-281
-195
-184
-99
18
55
65
151
365
497
525
631
948
1267
1359
1319
1395
1479
1370
1110
964
904
797
617
556
612
588
399
229
227
206
-32
-398
-665
-846
-1140
-1513
-1731
-1734
-1678
-1632
-1486
-1221
-1001
-942
-958
-914
-903
-1027
-1164
-1120
-942
-837
-796
-686
-514
-443
-470
-455
-358
-286
-245
-45
323
665
865
1107
1549
2044
2330
2490
2796
3198
3409
3465
3655
3998
3914
3055
1834
923
157
-1053
-2515
-3355
-3279
-2828
-2505
-2031
-1175
-345
-121
-317
-458
-553
-943
-1418
-1412
-857
-325
-40
319
831
1004
481
-330
-960
-1432
-2008
-2443
-2392
-1968
-1672
-1552
-1352
-1051
-1046
-1410
-1688
-1544
-1202
-913
-528
121
862
1387
1732
1987
2091
1926
1764
1861
2155
2398
2715
3362
4178
4697
4895
5139
5216
4349
2444
553
-743
-2057
-3949
-5468
-5653
-4742
-3822
-3037
-1863
-375
486
408
94
33
-187
-769
-1037
-426
607
1251
1606
1984
2113
1392
42
-1276
-2272
-3203
-3962
-4042
-3403
-2713
-2352
-1978
-1438
-1148
-1436
-1748
-1571
-1008
-578
-110
636
1513
1942
1946
1885
1920
1756
1435
1399
1783
2238
2505
2915
3515
3990
4006
3969
4126
4505
4561
3948
2513
944
-473
-2009
-4072
-5945
-6682
-6248
-5317
-4200
-2522
-584
870
1267
1306
1285
1100
259
-343
-101
896
1573
1969
2297
2427
1589
-101
-1934
-3480
-4858
-6012
-6241
-5454
-4292
-3474
-2468
-1112
48
150
-112
-9
566
841
895
1222
1964
2411
2397
2336
2470
2387
1996
1798
1977
2229
2335
2644
3136
3479
3449
3550
4126
4767
4376
2735
855
-376
-1740
-4043
-6512
-7550
-7097
-6054
-4830
-2894
-498
1399
2158
2351
2386
1957
805
-180
-129
694
1369
1836
2385
2599
1624
-558
-3128
-5359
-7023
-8025
-8098
-7119
-5202
-2806
-382
1537
2681
2989
2819
2396
1822
1244
952
1021
1297
1610
1894
2139
2193
2038
1754
1715
1865
2194
2637
3343
4007
4348
4426
4699
4885
3861
1391
-1061
-2328
-3518
-5690
-7750
-7790
-6345
-5006
-4017
-2093
491
2248
2500
2564
2948
2833
1630
606
742
1399
1360
1017
1117
1045
-432
-3000
-5156
-6344
-7174
-7810
-7288
-5409
-3050
-989
973
2724
3642
3417
2779
2326
1886
1127
523
556
928
1038
982
1164
1400
1254
972
1171
1814
2466
3206
4299
5358
5835
5999
6435
6382
4232
421
-2565
-3945
-5872
-9035
-10886
-9518
-6914
-5169
-3462
-182
3190
4408
3935
4018
4418
3492
1489
672
1394
1756
918
331
623
-2
-2536
-5449
-6849
-7318
-7903
-8018
-6085
-2827
-213
1238
2823
4594
4990
3517
1902
1406
1223
380
-455
-296
237
124
-351
-274
73
0
-64
826
2401
3618
4509
5772
7133
7533
7006
6737
6271
3786
-637
-4130
-5809
-7701
-10808
-12374
-10628
-7325
-4993
-2635
1125
4960
6321
5830
5636
5816
4683
2449
1338
1711
1745
510
-461
-655
-1546
-4215
-6989
-8173
-8067
-7878
-7095
-4682
-1270
1581
3519
5035
5666
4839
3144
1814
726
-597
-1864
-1972
-1280
-893
-1150
-1012
-347
121
-38
204
1282
2693
3567
4431
5880
7338
7538
6813
6848
7138
5137
196
-4163
-6236
-8205
-12023
-14555
-13033
-8923
-5550
-2271
2581
7698
9806
9033
8088
7409
5188
1410
-870
-806
-411
-1348
-1804
-1235
-1303
-3498
-5927
-7156
-7659
-8235
-7484
-4599
-1055
1522
3630
6117
7507
6427
3915
2210
965
-940
-3084
-3546
-2720
-2094
-2113
-1419
-191
389
-54
8
1107
2206
2595
3351
5018
6557
7059
6956
7009
6973
6231
3863
-35
-4246
-7357
-9999
-12674
-14290
-12873
-9022
-4349
274
5310
9665
11867
11233
9286
6709
3589
-105
-2802
-3657
-3259
-2838
-2364
-1619
-1445
-2519
-4206
-5271
-5817
-6125
-5673
-3443
-378
1991
3517
5147
6371
5883
3629
1123
-683
-2234
-3885
-4944
-4656
-3511
-2224
-902
676
1975
2460
2437
2575
2705
2480
2251
2725
3569
4395
5130
5868
6135
6252
5789
3345
-1562
-6232
-9073
-11273
-13859
-14291
-10702
-4899
285
4882
9792
13318
13178
9825
6128
2747
-1022
-5068
-6786
-5872
-3897
-2699
-1346
72
541
-905
-2634
-3499
-3581
-3664
-3265
-1620
786
2594
3267
3502
3302
2077
16
-1569
-2326
-2836
-3335
-3028
-1794
-491
160
716
1575
2111
1775
1199
1243
1559
1662
1775
2435
3121
3663
4169
4757
4824
4784
4450
2613
-1363
-5333
-7580
-9247
-11347
-11901
-8732
-3545
1092
4840
8976
11898
11695
8268
4625
1231
-2092
-5613
-6789
-5599
-3277
-1704
36
1715
2231
644
-1316
-2306
-2734
-3181
-2897
-1330
150
843
1225
1889
1516
-62
-1755
-2139
-2077
-2237
-2462
-1738
-617
219
623
1368
2095
2187
1773
1656
1693
1191
287
-127
298
812
998
1589
3095
4685
5355
5718
5915
4286
-85
-4551
-7030
-8765
-11139
-11737
-8296
-2748
1791
5245
8963
11384
10366
6358
2608
-354
-3169
-5982
-6139
-3884
-956
681
2224
3445
3214
626
-2149
-3625
-4140
-4550
-4126
-2145
2
1019
1011
1243
1044
-47
-1674
-2117
-1805
-1434
-1464
-814
94
665
522
708
1232
1546
1158
738
577
270
-448
-1066
-972
-542
124
1102
2933
4820
6317
6995
7793
7601
4924
-351
-4836
-7502
-9661
-12047
-11765
-7683
-2258
1859
5333
8926
10713
9105
5464
2496
116
-2254
-4179
-3607
-1582
278
896
1663
1829
598
-2184
-4186
-4983
-5078
-4965
-3516
-960
1224
2031
2156
2315
1715
3
-1893
-2472
-2369
-2385
-2543
-1635
-313
513
526
892
1353
1278
417
-198
-444
-907
-1741
-2055
-1384
-305
924
2491
4529
6277
7393
7900
8005
7677
6075
2376
-2535
-6228
-8474
-10460
-12062
-10735
-6452
-1659
1973
5710
9484
11270
9700
6723
4177
1897
-916
-3278
-3796
-3120
-2516
-2339
-1639
-1216
-1940
-3668
-4476
-4322
-3766
-3220
-1558
779
2675
3230
3266
2959
1940
31
-1701
-2520
-2744
-2990
-3117
-2570
-1699
-1084
-823
-219
551
970
801
718
641
259
-480
-793
-504
69
662
1597
2992
4322
5221
5766
6282
6493
6483
6089
4317
416
-4006
-7229
-9754
-12240
-12925
-9865
-4593
659
5604
10921
14517
14313
10565
6085
1507
-3096
-7438
-9285
-8637
-6555
-4484
-2005
357
1416
572
-802
-1505
-1837
-2061
-1649
23
1737
2652
2674
2561
1694
-37
-2130
-3201
-3423
-3284
-3183
-2445
-1235
-193
123
291
570
744
480
153
151
279
205
9
-20
86
237
528
1114
1918
2852
3851
5072
6273
7157
7278
7066
5934
2744
-2458
-7035
-9854
-11764
-13029
-11357
-6233
-107
4806
8903
12273
12991
10026
5150
744
-3015
-6289
-8361
-7833
-5672
-3219
-1377
447
1491
1210
-302
-1341
-1626
-1484
-1334
-513
805
1770
1818
1382
941
176
-859
-1666
-1656
-1371
-1063
-921
-741
-798
-964
-1241
-1398
-1473
-1327
-938
-357
168
516
877
1352
1748
1831
1936
2244
2696
2995
3317
3576
3841
3905
3885
3838
3982
3670
1694
-1857
-5297
-7580
-9548
-11092
-10381
-6421
-1240
3459
7694
11464
12829
10678
6229
1701
-2481
-6240
-8917
-9131
-7387
-4826
-2394
73
1964
2608
1931
1071
480
48
-315
-132
573
1039
955
671
445
-208
-1201
-2090
-2372
-2383
-2162
-1923
-1590
-1335
-1037
-824
-532
-193
334
912
1464
1799
1991
2067
2033
1770
1420
1145
992
1030
1229
1542
1858
2320
2710
3015
3146
3476
2788
496
-2611
-4689
-6356
-8004
-8696
-6514
-2647
1235
4500
7752
9689
8945
5737
2030
-1340
-4338
-6606
-7186
-5872
-3795
-1537
606
2567
3202
2620
1382
617
-157
-811
-1361
-1208
-1038
-879
-794
-393
-183
-320
-655
-660
-406
-419
-835
-1302
-1415
-1616
-1793
-1675
-824
87
939
1595
2309
2507
2228
1558
880
-9
-962
-1688
-1868
-1549
-866
349
1827
3493
4891
5968
6305
6444
6165
4262
43
-4455
-7439
-9411
-11076
-10808
-7157
-1743
3053
6847
10130
11571
9902
5814
1677
-1844
-4734
-6880
-6985
-5373
-3114
-1262
398
1618
1839
1020
61
-425
-770
-1039
-991
-462
-171
-226
-375
-66
242
372
319
508
510
219
-299
-625
-1000
-1495
-1826
-1618
-1066
-643
-396
-295
-224
-364
-518
-554
-283
19
285
469
662
745
799
863
1035
1341
1860
2647
3800
4935
5669
5779
5758
4702
1475
-3222
-6885
-9105
-10769
-11240
-8417
-3066
2129
5971
9291
11331
10337
6251
1500
-2379
-5435
-7555
-7855
-5915
-3184
-677
1226
2883
3267
2306
643
-226
-741
-1163
-1569
-1144
-473
-136
-137
299
957
1268
1213
1226
1179
484
-738
-1936
-2707
-3214
-3316
-2974
-2107
-1252
-534
-77
340
573
744
1015
1601
2311
2762
2810
2421
1771
958
324
-80
-94
203
886
1875
2867
3626
4010
4256
3396
887
-2660
-5329
-7170
-8564
-8789
-6146
-1869
1999
4676
7039
8133
6830
3356
-71
-2546
-4026
-4611
-3791
-1868
-34
1098
1551
1727
1098
-102
-1387
-1750
-1590
-1071
-617
61
464
587
435
459
390
131
-276
-549
-825
-1287
-1787
-2127
-2048
-1625
-842
-20
741
1164
1361
1278
1032
600
347
435
846
1144
1129
842
402
-296
-1138
-1795
-1940
-1547
-635
656
2215
3907
5206
5772
5749
5363
3580
-62
-4092
-6776
-8512
-9665
-9084
-5750
-1398
2261
5098
7660
8661
7417
4640
2103
-48
-1954
-3427
-3772
-3280
-2721
-2295
-1685
-776
-280
-75
149
698
860
747
436
339
9
-303
-418
-11
308
346
154
-9
-346
-930
-1356
-1397
-1092
-743
-221
288
522
195
-227
-492
-595
-726
-564
-30
594
804
582
143
-357
-928
-1316
-1181
-500
431
1479
2561
3457
4107
4298
4159
3972
3946
2856
80
-3265
-5621
-7426
-9036
-9082
-6318
-2122
1698
4961
8003
9550
8527
5571
2521
-72
-2213
-3838
-4470
-4220
-3649
-3000
-2217
-1141
-347
216
675
1424
1871
1956
1652
1391
909
329
-166
-205
-141
-351
-793
-1064
-1152
-1351
-1519
-1401
-943
-542
-217
70
310
66
-504
-997
-1092
-1052
-932
-562
106
673
832
760
674
481
55
-342
-490
-428
-348
-151
305
940
1555
2229
2935
3448
3718
3960
3409
1055
-2125
-4151
-5019
-5919
-6010
-3749
-64
2733
4225
5274
5633
4238
1593
-695
-1855
-2484
-2803
-2517
-1428
-296
418
902
1597
2071
1846
1203
654
95
-753
-1592
-2128
-2288
-2216
-1751
-952
-96
363
477
536
613
466
189
32
90
135
-41
-517
-1120
-1651
-1992
-2155
-2067
-1739
-1250
-662
-20
568
927
996
854
696
507
245
-64
-343
-574
-668
-395
240
1112
2094
3211
4191
4659
4453
3885
3264
1742
-1002
-3818
-5273
-5944
-6421
-5742
-3007
441
2845
4112
5044
5384
4363
2338
666
-176
-653
-1103
-1228
-986
-827
-1013
-1179
-857
-491
-479
-634
-448
-237
-243
-431
-441
-340
-172
74
524
890
771
221
-312
-717
-1278
-1928
-2280
-2046
-1391
-620
77
703
1031
812
141
-626
-1346
-1903
-2063
-1663
-996
-437
-115
159
340
317
184
301
711
1202
1597
1926
2285
2500
2658
2761
2912
2934
2973
2497
832
-1671
-3641
-4770
-5581
-5536
-3644
-600
1968
3422
4238
4501
4011
2734
1325
415
170
103
-233
-715
-1079
-1403
-1835
-1887
-1471
-989
-821
-610
-320
-81
-129
-282
-369
-146
264
673
959
1012
760
277
-199
-569
-857
-1247
-1620
-1768
-1628
-1521
-1559
-1593
-1456
-1338
-1321
-1399
-1337
-1031
-474
280
1158
1898
2233
2185
1888
1424
742
10
-597
-827
-832
-628
-296
291
1038
1877
2642
3084
3296
3582
3807
2788
581
-1494
-2666
-3841
-4916
-4605
-2711
-647
833
2081
3257
3893
3667
2745
1772
1122
596
-320
-1290
-1711
-1577
-1465
-1317
-796
-274
-258
-588
-784
-867
-906
-952
-825
-502
-22
315
380
194
-57
-257
-383
-529
-661
-867
-1090
-1119
-964
-981
-1183
-1236
-1031
-863
-836
-814
-609
-184
377
896
1226
1222
850
276
-333
-776
-967
-837
-455
192
877
1366
1540
1542
1640
1954
2433
2710
2763
2762
2956
2825
1520
-561
-2212
-2959
-3495
-3510
-2335
-399
1012
1568
1858
2022
1809
1059
299
-38
82
79
-336
-779
-889
-845
-961
-849
-399
3
-116
-529
-917
-1151
-1306
-1327
-989
-377
150
372
417
301
26
-321
-593
-740
-803
-881
-931
-858
-799
-867
-957
-988
-924
-749
-540
-443
-391
-256
32
391
705
850
909
932
852
684
436
203
84
155
275
437
677
956
1285
1685
2022
2148
2127
2177
2374
2785
2651
1351
-433
-1709
-2694
-3869
-4224
-3140
-1423
-190
664
1534
2223
2328
1841
1355
1082
1024
744
208
-351
-671
-1012
-1428
-1516
-1398
-1396
-1615
-1716
-1688
-1403
-1000
-538
-81
325
534
581
535
246
-181
-451
-429
-305
-262
-339
-406
-466
-726
-1215
-1576
-1638
-1466
-1201
-851
-377
199
739
1013
1063
882
617
357
284
355
445
504
489
466
379
335
405
759
1283
1890
2358
2687
2712
2460
2190
2298
2178
1014
-507
-1395
-2044
-3138
-3667
-2912
-1787
-1090
-581
367
1257
1761
1654
1537
1448
1218
604
-200
-691
-912
-814
-731
-407
-378
-556
-1027
-1389
-1729
-1774
-1486
-954
-421
-196
-119
-70
56
71
159
388
651
673
364
-128
-608
-1104
-1531
-1752
-1686
-1578
-1403
-1129
-731
-320
135
726
1354
1840
2022
1962
1602
1020
359
-190
-567
-709
-613
-376
-44
312
575
753
1031
1507
2024
2493
2792
2793
2637
2512
1965
459
-1113
-1900
-2323
-2979
-2983
-1901
-897
-733
-920
-559
34
564
861
1322
1755
1874
1466
797
336
33
-225
-472
-370
-409
-850
-1674
-2360
-2706
-2559
-2061
-1453
-863
-375
98
536
975
1250
1461
1606
1516
952
72
-858
-1685
-2277
-2468
-2307
-1984
-1599
-1022
-282
379
807
1063
1297
1446
1418
1109
695
402
254
64
-176
-300
-371
-481
-535
-359
44
543
1081
1651
2249
2574
2557
2456
2219
1871
1797
1879
1023
-523
-1552
-2049
-2850
-3394
-2638
-1406
-801
-694
-116
699
1229
1358
1376
1390
1339
1187
796
510
253
-67
-461
-509
-599
-1142
-1840
-2227
-2133
-1857
-1561
-1513
-1398
-1103
-683
-279
214
775
1174
1381
1352
1085
527
-137
-557
-714
-807
-1062
-1274
-1311
-1222
-1116
-974
-631
-193
285
544
635
545
499
448
488
562
677
793
882
842
676
564
414
232
68
158
422
814
1108
1401
1744
2083
2338
2610
2499
1425
128
-676
-1237
-2065
-2390
-1924
-1446
-1522
-1695
-1318
-649
80
623
1156
1537
1876
1921
1598
1131
723
369
-12
-336
-923
-1694
-2374
-2600
-2561
-2371
-2157
-1842
-1356
-731
-38
577
1069
1303
1380
1254
1016
602
210
-189
-528
-782
-1064
-1449
-1727
-1533
-1141
-830
-629
-211
388
808
833
540
356
339
431
412
392
388
430
482
534
539
380
272
253
424
561
728
917
1271
1664
1907
2104
2393
2491
1636
375
-428
-826
-1521
-2006
-1604
-1129
-1290
-1767
-1533
-868
-206
137
515
1022
1466
1624
1364
1132
901
632
179
-140
-553
-1195
-1780
-2040
-1995
-1998
-1941
-1876
-1534
-1000
-361
186
610
972
1055
1001
818
667
413
243
184
33
-370
-857
-1187
-1408
-1462
-1309
-1017
-689
-328
21
233
332
400
511
655
751
788
713
641
578
465
217
-50
-153
-126
24
226
528
947
1426
1844
2040
2023
1954
2046
2233
1771
646
-349
-777
-1410
-2227
-2279
-1679
-1407
-1660
-1444
-616
242
657
793
874
984
1142
1063
813
621
506
214
-171
-581
-1183
-1775
-2060
-2014
-1895
-1728
-1498
-1243
-895
-489
0
466
891
1071
1059
986
923
688
260
-58
-296
-502
-771
-1049
-1259
-1161
-812
-575
-488
-412
-158
124
343
468
529
557
522
504
404
310
194
70
-50
-34
144
337
543
766
1122
1477
1746
1846
1730
1385
1085
1128
1332
1187
365
-343
-513
-703
-1400
-1617
-933
-472
-764
-976
-458
135
333
245
86
-146
-239
-104
21
127
259
267
176
153
98
-230
-510
-660
-789
-998
-1170
-1358
-1534
-1459
-1179
-830
-644
-356
74
573
848
936
910
822
759
565
197
-304
-622
-734
-821
-954
-1078
-1047
-958
-766
-486
-168
93
281
424
494
548
523
438
329
288
317
402
460
411
365
452
730
1091
1338
1460
1559
1662
1649
1717
2050
2031
1254
391
35
-540
-1440
-1605
-1105
-1152
-1834
-1909
-1231
-581
-303
-182
-97
66
557
937
911
693
598
462
318
243
-69
-537
-892
-1085
-1321
-1463
-1459
-1375
-1184
-922
-676
-469
-197
57
239
395
517
415
131
-37
55
64
-155
-390
-464
-430
-349
-248
-253
-402
-536
-455
-180
-11
-39
-127
-146
-129
-93
-46
36
270
611
915
1058
1066
1005
1009
1100
1169
1169
1150
1208
1280
1309
1428
1650
1825
1345
480
-113
-288
-643
-1086
-951
-817
-1275
-1934
-1734
-1071
-717
-673
-521
-206
59
350
409
325
389
574
533
395
322
84
-374
-766
-1078
-1344
-1487
-1386
-1288
-1232
-1097
-856
-571
-256
185
461
570
562
564
534
515
530
441
329
103
-160
-369
-551
-813
-1128
-1156
-1038
-849
-687
-406
3
329
553
563
626
682
836
871
826
707
634
665
732
745
670
669
783
975
1114
1308
1469
1642
1780
2100
2009
1025
-25
-291
-284
-968
-1378
-1102
-1125
-1959
-2339
-1684
-1124
-1032
-958
-700
-634
-391
70
377
503
691
739
617
680
765
447
-82
-464
-759
-971
-1025
-1020
-1170
-1192
-981
-665
-428
-230
-74
84
288
337
174
89
284
445
368
188
60
-183
-426
-502
-510
-654
-700
-454
-167
52
251
414
436
363
311
281
250
150
26
-28
0
41
33
104
311
463
553
843
1282
1645
1937
2150
2192
2065
1988
1822
1083
129
-373
-723
-1536
-1979
-1554
-1398
-2063
-2349
-1559
-763
-600
-614
-476
-394
-122
447
784
681
560
637
726
821
771
360
-155
-437
-559
-672
-663
-624
-720
-793
-656
-442
-356
-320
-217
-46
101
127
60
43
150
126
-47
-209
-290
-364
-404
-335
-346
-389
-346
-92
224
426
443
363
379
385
284
34
-212
-424
-590
-622
-579
-443
-272
-44
139
379
723
1117
1529
1897
2135
2064
1952
1995
2186
1857
918
115
-243
-727
-1498
-1598
-1286
-1594
-2285
-2029
-1007
-527
-621
-612
-427
-274
129
635
707
462
340
385
479
635
557
145
-220
-260
-163
-101
-66
-142
-255
-267
-182
-166
-204
-263
-376
-485
-589
-760
-939
-933
-741
-585
-501
-436
-268
9
276
394
389
430
405
280
108
70
29
-97
-268
-397
-482
-567
-629
-670
-581
-397
-155
105
383
557
669
833
1068
1355
1591
1652
1617
1602
1652
1777
2062
1925
1072
339
215
-51
-896
-1128
-827
-1264
-2266
-2182
-1152
-790
-1049
-1038
-732
-531
-131
283
236
-13
39
261
506
817
845
509
334
484
462
288
264
229
10
-109
-19
-8
-180
-409
-705
-983
-1166
-1257
-1337
-1267
-1108
-1098
-1036
-691
-173
126
359
587
672
639
670
747
611
331
67
-111
-240
-335
-465
-645
-759
-688
-519
-358
-172
84
330
484
615
757
955
1092
1192
1250
1384
1468
1444
1614
1911
1817
984
400
280
-38
-678
-754
-434
-990
-1872
-1822
-906
-606
-911
-1016
-885
-800
-501
-77
-102
-371
-497
-267
224
789
923
674
631
783
824
730
753
638
310
79
72
30
-219
-513
-814
-1089
-1229
-1227
-1230
-1189
-1061
-914
-844
-605
-268
-21
49
163
278
287
326
374
352
199
139
80
3
-15
79
95
-53
-174
-171
-111
-29
78
82
0
-30
78
257
464
588
649
885
1183
1340
1526
1955
1943
1144
630
809
669
-121
-241
115
-419
-1436
-1427
-716
-710
-1131
-1343
-1412
-1418
-919
-380
-489
-826
-700
-123
491
999
1025
745
719
1092
1294
1139
916
657
359
167
164
73
-199
-541
-843
-1088
-1217
-1220
-1201
-1183
-1151
-1121
-1108
-959
-646
-387
-322
-320
-169
59
249
350
400
416
410
456
509
544
519
440
280
123
92
97
43
-82
-190
-271
-258
-174
-71
69
258
431
641
930
1145
1387
1801
1972
1407
875
1012
1083
520
206
403
-122
-1127
-1154
-356
-427
-1224
-1557
-1463
-1384
-1083
-631
-749
-1044
-780
-156
236
495
677
612
583
829
1025
940
840
716
465
276
346
326
45
-341
-663
-905
-1007
-946
-994
-1175
-1335
-1274
-1118
-940
-786
-669
-595
-534
-352
-79
174
253
294
408
560
628
633
631
623
574
426
249
128
99
66
-20
-165
-239
-166
-6
94
140
216
417
716
914
1019
1275
1628
1380
879
894
1156
669
117
431
383
-535
-1036
-362
-2
-602
-1184
-1270
-1214
-1004
-596
-612
-1062
-1210
-770
-298
36
171
83
31
302
683
764
726
676
633
634
712
765
599
336
-16
-313
-485
-554
-735
-1011
-1139
-1147
-1123
-1072
-900
-818
-881
-919
-776
-556
-353
-134
67
213
329
530
747
861
823
722
616
517
460
424
367
229
66
-44
-39
45
139
205
205
238
489
772
915
1128
1445
1247
660
678
978
546
-112
195
466
-309
-974
-480
-30
-569
-1099
-1171
-1201
-1104
-595
-466
-972
-1191
-836
-451
-208
35
-12
-178
33
473
686
723
731
589
476
626
781
590
260
39
-121
-278
-351
-523
-793
-904
-809
-827
-932
-830
-718
-802
-911
-740
-573
-515
-382
-130
-8
14
220
490
661
708
724
665
630
663
692
660
556
440
393
523
665
651
503
396
472
600
758
864
983
747
282
202
434
270
-315
-222
22
-366
-865
-510
-28
-367
-741
-791
-788
-858
-486
-239
-622
-916
-665
-232
-129
-113
-275
-447
-322
31
252
253
294
279
322
518
707
578
295
187
205
184
84
-85
-320
-482
-502
-515
-620
-727
-798
-847
-859
-807
-755
-700
-570
-421
-301
-157
53
233
352
480
558
603
698
855
862
716
582
541
601
677
693
625
616
686
790
838
881
1013
1132
790
182
93
310
-44
-624
-406
-191
-837
-1271
-600
-38
-492
-920
-813
-697
-600
-190
-68
-561
-759
-338
19
-19
-92
-240
-433
-278
136
289
87
-38
-38
30
150
268
244
93
4
26
165
224
99
-141
-305
-332
-358
-372
-384
-423
-517
-520
-392
-343
-400
-452
-397
-349
-320
-237
-145
-82
-66
14
114
251
402
519
611
634
713
880
1135
1280
1240
1166
1177
1273
1303
1349
1370
993
281
17
276
-7
-786
-839
-366
-654
-1243
-985
-434
-655
-1052
-1056
-1076
-1070
-615
-137
-397
-659
-335
186
378
359
174
-99
23
332
431
221
29
-112
-92
96
125
-116
-408
-414
-251
-121
-109
-185
-294
-324
-177
-106
-198
-324
-315
-308
-293
-237
-212
-232
-228
-171
-178
-221
-239
-236
-254
-269
-189
-62
84
204
295
377
470
635
831
1040
1130
1191
1314
1511
1596
1536
1558
1700
1494
790
493
710
404
-437
-539
-208
-780
-1489
-1169
-641
-1090
-1578
-1379
-1216
-1277
-999
-642
-877
-985
-479
26
181
320
406
263
306
571
621
373
155
70
70
184
277
105
-312
-598
-628
-529
-454
-507
-710
-808
-617
-422
-358
-409
-444
-472
-324
-64
35
-13
-18
145
185
153
174
199
76
-94
-40
59
151
233
325
311
306
530
756
872
908
1058
1235
1432
1681
1931
2060
1651
1161
1166
1318
734
-15
-8
-166
-927
-1226
-652
-613
-1343
-1589
-1415
-1473
-1518
-1153
-1194
-1587
-1340
-602
-258
-219
41
120
120
391
721
653
506
494
372
294
442
554
265
-118
-317
-363
-447
-571
-776
-983
-1032
-882
-719
-754
-848
-830
-623
-420
-288
-190
-79
89
207
301
344
409
443
462
452
350
342
453
523
382
331
427
563
706
857
957
916
1010
1306
1701
1741
1159
715
1053
1450
875
286
490
331
-521
-765
-244
-471
-1150
-1158
-996
-1333
-1442
-1026
-1172
-1679
-1561
-1039
-822
-683
-374
-347
-343
-31
353
466
459
443
405
552
711
678
469
277
106
-10
-19
-108
-399
-704
-817
-803
-836
-927
-1024
-1078
-980
-827
-723
-598
-389
-186
-67
84
255
374
425
449
492
511
561
613
674
780
895
988
1009
1085
1193
1232
1242
1376
1585
1334
817
897
1335
954
80
96
459
-16
-560
-306
-125
-648
-879
-739
-906
-1133
-825
-622
-1117
-1405
-1089
-730
-680
-556
-516
-655
-502
-90
126
-56
-224
-223
-4
295
434
297
-14
-125
-14
182
121
-194
-536
-547
-250
-139
-363
-665
-756
-728
-653
-640
-740
-822
-710
-492
-354
-291
-171
32
258
433
563
674
816
952
1018
1061
1113
1183
1334
1478
1454
1423
1676
1752
1226
857
1140
1154
379
71
493
325
-452
-513
-42
-304
-841
-863
-924
-1263
-1176
-751
-940
-1326
-1159
-720
-540
-462
-354
-479
-472
-146
227
229
1
-119
-71
105
126
-2
-214
-345
-328
-231
-216
-394
-571
-573
-446
-432
-498
-571
-583
-577
-520
-451
-473
-466
-388
-256
-218
-178
-89
61
204
274
352
446
600
710
835
948
1053
1170
1288
1321
1319
1528
1785
1568
1068
1159
1551
1191
503
569
764
139
-407
-236
-189
-690
-851
-791
-1064
-1248
-858
-642
-1092
-1265
-980
-738
-662
-439
-421
-616
-449
-49
139
26
-33
-4
163
366
375
175
-34
-82
-117
-187
-433
-760
-974
-916
-838
-999
-1144
-1111
-912
-772
-637
-557
-486
-320
-143
-5
35
145
271
387
498
629
803
960
1108
1182
1161
1209
1414
1547
1451
1459
1642
1519
1085
1113
1417
1039
376
440
738
235
-264
-62
23
-492
-814
-736
-955
-1189
-1055
-984
-1376
-1511
-1117
-793
-718
-660
-516
-397
-143
113
237
235
188
178
241
362
298
173
71
9
-169
-277
-311
-442
-660
-890
-974
-982
-864
-918
-1097
-1170
-1028
-882
-876
-782
-676
-572
-423
-106
83
140
372
728
916
907
1089
1321
1504
1661
1769
1719
1774
2122
2016
1482
1357
1553
1200
716
887
744
-10
-262
131
-108
-787
-882
-824
-1143
-1246
-980
-1121
-1418
-1197
-853
-875
-843
-597
-524
-504
-277
-17
45
53
109
233
375
460
477
395
293
216
252
166
-46
-235
-366
-495
-638
-663
-846
-1085
-1217
-1192
-1234
-1264
-1116
-1059
-1032
-894
-588
-475
-378
-103
189
425
703
1040
1226
1407
1652
1843
1967
1908
1664
1562
1800
1702
1184
1086
1334
1052
475
491
547
89
-284
-287
-537
-956
-934
-850
-1182
-1451
-1240
-1005
-995
-922
-758
-636
-545
-353
-163
-89
-104
-67
90
250
359
385
319
182
160
313
300
-4
-315
-388
-382
-440
-486
-640
-828
-944
-784
-625
-561
-578
-589
-514
-357
-114
-52
-70
-50
168
364
476
576
723
909
1066
1145
974
857
1015
1075
818
632
779
593
287
310
460
110
-269
-256
-308
-483
-462
-353
-598
-746
-519
-308
-273
-216
-151
-276
-256
-38
96
11
-139
-171
-137
37
189
195
57
-33
77
131
164
154
37
-180
-242
-68
-117
-363
-570
-614
-604
-601
-575
-666
-680
-595
-483
-421
-270
28
264
435
562
826
1086
1298
1418
1510
1355
1074
1135
1233
920
416
465
435
-61
-418
-311
-383
-778
-895
-970
-1176
-1279
-1116
-1148
-1374
-1383
-1182
-902
-684
-477
-411
-293
-76
215
501
661
698
685
856
1001
1077
1036
938
683
419
402
433
200
-227
-439
-461
-563
-669
-711
-741
-877
-889
-725
-556
-514
-461
-277
-91
76
304
567
728
802
939
1143
1382
1480
1292
1030
1139
1286
1014
684
773
724
262
75
237
78
-373
-556
-674
-977
-1182
-1188
-1313
-1532
-1574
-1483
-1384
-1300
-1248
-1161
-1022
-902
-811
-540
-240
-143
-107
59
243
328
478
589
545
413
408
519
553
482
378
390
394
370
374
378
260
100
111
172
147
109
172
198
198
310
455
493
437
473
689
925
813
523
645
929
790
524
749
855
434
231
489
487
54
-158
-280
-571
-788
-755
-840
-1110
-1221
-1209
-1149
-1085
-1036
-1002
-930
-895
-909
-742
-509
-479
-544
-513
-430
-359
-170
-58
-152
-241
-115
61
131
158
88
-8
-21
70
119
112
108
70
110
220
315
355
484
648
707
823
987
1117
1214
1468
1535
1224
1009
1225
1390
1075
827
840
703
296
121
120
-134
-505
-719
-854
-1017
-1074
-1137
-1266
-1294
-1229
-1191
-1105
-917
-824
-730
-531
-407
-422
-289
-60
-46
-112
-48
13
-3
41
95
-18
-158
-195
-202
-232
-309
-407
-478
-427
-362
-352
-338
-280
-161
-23
139
275
422
610
816
1023
1184
1283
1388
1591
1674
1442
1226
1261
1218
893
668
671
461
46
-170
-155
-280
-552
-745
-873
-980
-1030
-961
-947
-993
-1033
-963
-808
-696
-641
-588
-474
-373
-260
-162
-163
-203
-153
-70
-121
-213
-218
-209
-258
-333
-378
-434
-438
-449
-477
-463
-347
-212
-122
-8
96
224
409
643
814
953
1144
1318
1438
1492
1544
1598
1543
1325
1111
1059
934
694
586
611
416
77
-63
-88
-232
-406
-546
-759
-994
-1055
-990
-939
-992
-1101
-1129
-949
-732
-685
-676
-633
-621
-601
-483
-414
-480
-490
-402
-317
-274
-228
-249
-302
-280
-213
-200
-236
-280
-289
-220
-111
-78
-79
-19
94
217
370
530
618
701
863
1063
1149
1235
1359
1381
1186
1077
1151
1128
868
650
667
671
550
387
240
80
-52
-117
-265
-505
-756
-894
-909
-909
-966
-1044
-1012
-938
-860
-759
-651
-620
-635
-555
-430
-326
-268
-176
-66
-10
-1
4
34
5
-65
-156
-220
-276
-341
-361
-361
-365
-367
-283
-172
-60
110
332
494
598
760
987
1148
1213
1185
1124
1079
1078
1034
912
791
714
608
424
284
196
18
-290
-520
-627
-751
-931
-1058
-1076
-1039
-1014
-1030
-1013
-905
-767
-621
-495
-412
-392
-276
-51
120
165
209
343
456
509
491
470
419
331
225
162
119
5
-124
-155
-160
-221
-231
-138
-53
3
150
377
540
628
769
901
902
799
776
789
705
588
558
557
381
153
15
-65
-248
-510
-707
-820
-909
-1051
-1190
-1250
-1219
-1137
-1051
-961
-904
-834
-699
-503
-331
-216
-116
26
207
305
297
271
346
422
404
316
212
175
176
176
117
62
59
99
195
288
380
481
677
907
1047
1078
1124
1230
1261
1157
1017
921
814
685
611
538
311
-52
-287
-339
-411
-700
-1030
-1218
-1270
-1356
-1453
-1494
-1510
-1482
-1397
-1220
-1086
-990
-919
-743
-531
-334
-224
-107
57
231
356
385
393
404
456
461
393
297
232
197
172
192
227
251
272
348
473
611
761
887
991
1084
1187
1264
1233
1120
1023
973
877
698
569
488
349
59
-207
-379
-490
-688
-892
-1051
-1153
-1225
-1268
-1260
-1280
-1302
-1293
-1143
-967
-877
-853
-774
-636
-488
-342
-199
-101
-26
41
112
171
224
253
236
199
155
141
160
233
314
414
490
556
657
827
1010
1122
1143
1136
1162
1251
1299
1168
927
774
721
639
497
389
261
91
-106
-236
-372
-547
-744
-890
-962
-1021
-1089
-1144
-1156
-1174
-1163
-1122
-1002
-938
-901
-894
-823
-753
-640
-512
-420
-387
-351
-259
-153
-96
-131
-149
-106
-22
5
70
198
345
444
604
808
967
1082
1235
1367
1431
1451
1494
1550
1507
1328
1114
1025
911
731
536
454
267
27
-176
-253
-403
-648
-872
-961
-979
-1061
-1164
-1208
-1174
-1202
-1151
-991
-834
-841
-811
-696
-547
-485
-422
-362
-283
-195
-119
-67
-56
-97
-164
-140
-86
-97
-161
-146
-70
51
160
208
253
426
680
848
944
1099
1253
1314
1292
1261
1261
1249
1140
934
807
736
676
520
341
107
-66
-197
-323
-525
-735
-889
-1002
-1067
-1086
-1110
-1160
-1157
-1081
-976
-901
-846
-811
-714
-575
-460
-408
-341
-261
-170
-83
-42
-64
-89
-65
-41
-47
-40
-1
53
119
224
341
472
629
816
968
1095
1178
1255
1338
1379
1305
1182
1136
1072
917
735
612
502
342
175
9
-123
-287
-487
-664
-753
-851
-999
-1123
-1136
-1145
-1190
-1186
-1105
-1024
-1007
-984
-901
-739
-612
-553
-508
-396
-268
-207
-160
-108
-98
-120
-111
-44
-19
-11
4
121
266
373
396
484
666
872
1010
1089
1133
1183
1263
1324
1276
1136
1022
940
853
741
640
519
378
218
116
63
-37
-253
-468
-545
-578
-670
-797
-859
-869
-864
-853
-848
-847
-844
-804
-732
-658
-638
-642
-613
-557
-552
-574
-556
-525
-525
-528
-479
-407
-354
-311
-220
-89
58
198
338
519
713
883
1042
1215
1328
1367
1418
1437
1397
1306
1238
1107
946
763
602
457
317
149
-37
-186
-296
-428
-586
-738
-865
-940
-942
-946
-976
-940
-841
-766
-731
-684
-595
-493
-396
-317
-274
-237
-202
-185
-184
-170
-196
-244
-291
-272
-273
-271
-271
-241
-197
-111
-8
106
264
402
514
652
852
993
1079
1139
1176
1170
1185
1182
1093
935
825
769
684
539
331
167
23
-134
-332
-495
-645
-815
-952
-969
-956
-986
-1016
-995
-953
-868
-754
-665
-614
-528
-407
-284
-203
-166
-157
-120
-93
-108
-141
-134
-126
-140
-121
-87
-79
-62
10
88
155
232
323
455
579
628
672
801
944
978
936
951
964
868
776
739
717
630
499
399
347
214
-2
-206
-346
-482
-656
-787
-796
-815
-883
-950
-950
-891
-811
-762
-726
-646
-533
-417
-342
-292
-270
-216
-139
-78
-73
-110
-85
-9
53
55
45
62
106
175
253
335
355
362
468
611
652
608
623
717
760
708
680
695
614
500
498
550
496
398
293
231
148
14
-148
-262
-364
-524
-628
-640
-637
-697
-752
-749
-699
-625
-597
-614
-598
-528
-451
-427
-383
-348
-332
-294
-234
-194
-198
-208
-213
-146
-103
-99
-54
76
151
224
339
431
512
591
668
742
775
789
853
855
812
758
742
654
511
398
395
356
252
113
15
-38
-106
-279
-428
-527
-604
-683
-709
-676
-672
-681
-614
-480
-390
-356
-348
-264
-140
-62
-77
-77
-33
5
3
-11
-76
-122
-163
-170
-155
-196
-269
-307
-239
-145
-161
-106
50
146
269
311
380
502
613
643
742
822
804
744
730
682
584
493
454
415
314
170
30
-85
-207
-368
-513
-650
-738
-781
-771
-783
-756
-684
-610
-549
-468
-366
-299
-230
-170
-73
-7
64
94
139
168
154
127
155
163
135
133
132
130
95
78
107
108
141
183
277
325
363
374
428
474
486
474
480
466
385
331
274
262
229
188
81
7
-51
-165
-319
-439
-529
-670
-758
-752
-771
-781
-756
-662
-545
-474
-471
-423
-296
-203
-149
-79
-10
-6
39
87
167
215
222
273
281
273
365
382
360
310
275
230
297
298
193
247
349
362
337
381
356
390
359
390
455
411
289
285
357
300
216
93
90
-2
-131
-234
-350
-452
-556
-644
-663
-701
-750
-733
-704
-642
-636
-624
-602
-529
-520
-454
-415
-370
-271
-234
-229
-115
-17
-6
65
192
272
275
365
458
541
583
570
611
716
681
539
629
689
557
486
567
574
465
323
311
333
198
80
74
106
-27
-193
-222
-211
-307
-415
-446
-442
-459
-472
-488
-440
-352
-397
-442
-338
-275
-312
-320
-187
-94
-63
-71
-17
7
-26
-64
-122
-52
31
-151
-173
50
-61
-63
19
23
165
119
76
221
292
174
192
317
362
321
392
374
489
479
261
279
305
179
144
113
5
14
-106
-146
-15
-161
-399
-349
-300
-418
-470
-500
-441
-321
-361
-380
-323
-269
-244
-189
-166
-22
-20
28
107
198
202
170
174
278
256
201
184
170
208
136
153
151
182
274
252
290
331
173
289
328
249
334
348
271
303
241
181
109
-44
-27
-73
-241
-315
-295
-391
-451
-525
-488
-574
-711
-679
-569
-547
-548
-479
-387
-316
-347
-312
-233
-176
-186
-61
23
9
126
241
192
249
379
290
266
304
458
435
319
418
513
360
364
337
319
458
207
239
501
525
283
428
501
478
304
191
245
271
142
-56
125
154
-131
-268
-205
-383
-459
-591
-734
-665
-643
-770
-629
-512
-573
-585
-468
-407
-441
-512
-419
-230
-172
-172
-102
43
102
79
-8
77
121
66
119
225
284
340
255
140
277
224
116
227
376
330
361
433
473
446
369
339
418
471
397
341
564
438
247
258
189
86
-11
-232
-322
-295
-400
-462
-537
-492
-544
-631
-654
-451
-362
-409
-415
-236
-104
-240
-255
-38
62
-86
12
160
193
73
86
123
149
89
43
103
127
63
-37
42
66
47
-12
126
174
196
109
101
191
317
276
240
414
461
382
354
311
183
192
115
-54
-52
-30
-113
-247
-354
-408
-507
-538
-618
-621
-518
-540
-534
-340
-333
-362
-223
-121
-38
-135
-49
237
297
154
158
398
462
291
189
313
271
309
169
139
152
209
147
215
101
69
64
4
79
72
54
89
290
216
189
164
205
213
231
58
90
331
167
50
-50
-86
-171
-183
-364
-394
-429
-462
-465
-426
-366
-504
-475
-249
-242
-428
-381
-226
-173
-214
-150
17
182
100
51
191
210
102
146
234
203
218
199
211
223
192
167
188
250
100
84
239
248
42
166
209
127
116
10
85
84
54
24
102
90
56
-97
3
27
-99
-118
-8
-58
-192
-275
-194
-160
-209
-211
-230
-195
-201
-194
-127
-106
-205
-151
-77
-47
-48
-67
-21
6
95
96
46
96
89
57
103
76
130
187
178
295
275
247
250
215
185
231
106
202
139
86
155
172
-46
30
34
-107
-189
-252
-228
-231
-314
-326
-234
-314
-326
-389
-251
-266
-317
-295
-104
-209
-152
-121
-42
36
46
90
124
209
121
151
113
174
51
95
132
151
146
144
125
145
113
135
139
172
172
222
134
198
226
183
99
231
255
149
180
170
135
192
106
-77
20
-19
7
-261
-205
-82
-146
-362
-212
-326
-323
-412
-437
-339
-363
-306
-291
-249
-305
-221
-252
-123
-236
-94
-33
-54
-77
25
-85
5
171
199
134
181
221
249
271
226
241
351
397
272
304
360
322
132
263
343
232
159
182
122
222
154
36
-26
53
-108
-173
-121
-110
-193
-272
-171
-183
-263
-387
-263
-317
-317
-400
-227
-172
-257
-199
-34
6
-93
-72
-81
65
-104
15
-74
72
-58
135
82
29
15
172
125
35
218
4
133
113
142
-1
201
138
216
169
153
261
242
130
155
369
270
148
183
306
112
34
74
65
-39
-19
-88
-203
-157
-128
-300
-450
-305
-302
-456
-488
-438
-296
-347
-359
-228
-132
-180
-198
-98
55
-38
-189
79
240
178
74
138
303
325
133
62
250
248
-4
4
247
219
20
70
210
252
49
66
137
146
19
-2
178
292
117
106
310
241
18
-102
2
42
-53
-86
-26
-40
15
-48
-211
-272
-177
-330
-432
-335
-293
-306
-328
-212
-149
-101
-178
-136
-25
34
-112
-14
166
94
56
161
268
229
156
128
269
246
81
35
200
154
-22
25
157
38
-26
-30
76
66
5
-12
6
141
0
-182
-118
92
-82
-143
-26
15
53
-30
-72
-86
-108
-259
-121
-29
-242
-289
-123
35
-232
-217
-190
-23
-79
-36
-81
11
63
76
141
119
312
139
214
271
230
149
430
278
220
222
214
218
176
71
13
69
51
29
-40
35
20
-65
-212
-117
-96
-144
-133
-110
-157
-71
-116
-135
-67
-60
-103
-106
-94
-103
-119
-178
-270
-249
-183
-295
-272
-173
-190
-160
-65
-158
-120
-78
-142
-147
-68
-19
76
194
261
356
364
271
374
439
444
313
408
395
377
284
338
375
129
100
150
199
-147
-122
-90
-80
-170
-178
-196
-119
-202
-262
-323
-361
-232
-284
-493
-187
24
-120
-80
-193
-135
-78
-169
-298
-99
-103
-56
33
82
8
-90
-9
-24
-156
-156
-28
-48
-10
91
153
141
200
227
202
148
131
192
230
196
331
393
267
338
406
342
129
88
130
180
-70
81
118
-89
-60
111
-51
-190
-216
-130
-114
-207
-299
-284
-202
-116
-387
-424
-258
-269
-374
-324
-244
-216
-214
-313
-132
-33
-152
-300
-26
90
53
-87
130
331
269
90
239
390
219
133
265
450
345
156
180
440
215
120
109
324
317
167
95
249
95
-209
-36
111
148
-172
-61
147
73
-148
-165
-30
-105
-127
-266
-90
-163
-319
-322
-128
-146
-465
-365
-202
-266
-430
-350
-168
-237
-322
-220
25
-44
-198
-48
119
110
-121
-17
266
275
94
113
339
318
290
245
369
410
207
231
225
283
132
173
233
258
183
47
204
106
106
-79
9
67
-101
-117
-21
31
-177
-119
-217
-107
-128
-320
-309
-237
-174
-299
-250
-156
-82
-244
-299
-145
-204
-231
-152
-92
-92
-18
-103
-70
93
58
24
122
206
238
156
166
186
286
129
128
198
246
135
125
213
143
107
44
92
20
114
6
18
98
92
-93
9
11
-113
-137
-99
115
-18
-273
-222
65
-91
-261
-192
-47
-173
-297
-266
-215
-168
-256
-224
-55
35
-112
-153
-13
120
17
-52
110
188
156
172
345
411
206
181
292
247
250
176
38
63
243
186
68
71
167
93
-150
-20
38
-16
-116
40
16
-127
-129
-148
-78
-120
-218
-167
162
-15
-276
-95
-20
-288
-418
-378
-215
-297
-247
-221
-120
-18
-137
-183
-193
-88
-173
-101
-19
156
247
286
317
309
354
263
371
353
285
190
400
279
124
108
190
143
86
-28
-39
100
108
-51
-107
58
-56
-127
-200
-9
-82
-130
-81
91
-88
-93
-5
26
-34
-194
-137
-28
-114
-493
-339
-211
-215
-400
-290
-149
-220
-319
-229
-190
-320
-316
-70
97
23
-84
254
398
304
149
301
533
400
314
281
502
290
294
281
353
314
-23
114
181
135
-89
11
118
49
-62
-186
98
-219
-179
-263
-139
-142
-163
-48
-51
-39
-172
-17
-117
-251
-248
-242
-129
-250
-84
-280
-39
-105
-272
-300
-116
38
-259
-208
-71
160
-50
-59
108
14
157
46
291
252
222
254
370
256
189
363
284
340
121
178
164
243
115
32
68
182
70
-47
-121
-118
-95
-67
-64
-117
74
-77
-210
-246
-43
-331
-202
-220
-116
-93
-45
-193
-195
-188
-349
-219
-176
-208
-171
-97
-46
-24
-110
-93
41
-4
-23
60
-62
290
242
159
233
442
65
377
427
15
301
395
263
-21
367
81
104
104
-19
130
-91
10
-6
210
-217
-59
-128
-25
-85
-294
-196
-79
92
-334
-193
-35
44
-296
-456
3
-58
-284
-460
157
-45
-382
-268
-163
-22
-203
-172
-78
165
-63
-16
137
-70
82
84
221
214
181
131
436
473
235
137
203
321
503
30
94
281
393
-99
-59
70
171
33
-124
106
16
-80
-265
-91
-266
106
-70
-217
-212
-38
-229
-206
-101
-227
-124
-182
-223
-249
-267
-339
-235
-252
-306
-189
17
-114
-9
-47
-2
23
84
1
-29
138
183
301
149
278
376
402
273
221
154
267
292
-46
184
325
207
185
284
71
-74
-122
-111
42
20
-37
2
61
-24
-151
-35
-53
-176
-196
-146
46
-76
-87
-378
-186
-190
-76
-293
-322
-30
-145
-243
-339
-124
-279
-30
132
106
69
-97
-31
100
188
-84
20
211
192
339
70
172
182
268
15
78
149
117
121
80
215
32
8
49
183
26
-169
-2
139
-153
-161
142
173
-121
-30
41
-25
-104
-380
-132
-92
-140
-254
-3
-35
-282
-72
-180
-202
-416
-224
-31
27
25
-227
197
94
26
-301
96
216
-13
215
209
427
48
174
125
369
182
-72
332
311
295
-231
262
128
22
-135
9
73
-74
-37
-117
84
-27
-38
-89
-124
-81
-130
-52
-114
-67
-52
-147
36
27
-206
-382
0
21
-134
-432
-56
18
-25
-295
-82
-165
-20
-56
-64
123
-64
2
108
194
30
-35
164
273
255
77
142
240
411
142
56
161
179
146
82
-11
145
131
-7
102
113
143
-274
-165
4
24
-230
-117
-9
1
91
-294
22
-79
-221
-262
-149
-155
-106
-100
-263
147
-210
-458
-281
-205
-227
-405
-178
-129
125
-92
3
199
18
16
26
360
74
28
150
389
269
333
185
290
445
315
69
209
292
255
151
49
279
20
-102
136
223
-351
-123
214
66
-190
-118
67
88
-138
-290
-16
26
-342
-307
-84
-257
-207
-142
-110
-38
-184
-437
-250
-83
-206
-392
-151
-14
8
-169
21
203
-38
-92
-155
395
78
85
-62
520
316
-2
47
224
416
20
150
44
469
25
32
150
223
20
-12
123
-169
176
-162
-21
19
105
-112
-276
-6
-44
-33
-437
-157
155
-124
-330
-326
215
-184
-358
-350
9
94
-251
-320
-43
149
-309
-84
68
119
65
-62
6
277
161
-12
216
553
332
307
114
335
305
-39
129
290
412
-105
364
289
142
-124
-261
218
20
-35
-606
351
57
-156
-386
-107
143
-280
-209
-264
151
-352
-406
-132
-203
-285
-590
-79
-254
-124
-458
-165
-122
-164
-280
-342
77
-90
-9
-196
160
160
123
247
200
202
248
312
328
412
310
242
446
539
270
319
169
364
254
205
-11
149
244
75
8
44
173
-166
-226
-99
62
-229
-255
-69
35
-104
-268
-200
-88
-178
-312
-226
-207
-386
-371
-89
-311
-432
-288
-107
-212
-356
-327
-109
51
-234
-255
106
153
-90
-53
198
197
175
179
281
455
349
119
342
501
169
104
370
363
167
21
167
378
100
-107
-11
295
43
-199
-46
-12
58
-134
-32
-64
-80
-69
-5
82
-308
-60
-194
-63
-69
-192
-346
-199
55
-224
-155
-296
-74
-4
-207
-310
-141
59
-136
-85
-120
47
191
25
51
134
114
26
108
165
52
166
81
314
235
124
97
210
293
-4
164
111
233
53
-21
-24
225
105
-179
-52
120
-101
-98
-82
-25
-135
-348
-200
-74
-87
-448
-209
-123
-88
-283
-280
-110
-105
-204
-242
-56
-41
-104
-102
-45
108
-35
-42
16
199
200
-2
99
192
298
82
157
268
252
188
107
304
230
93
-53
270
275
46
7
116
276
168
-63
-100
209
76
-212
-57
26
-20
-176
-201
-89
-42
-206
-268
-38
-169
-284
-279
-70
-84
-137
-199
-173
-37
-187
-383
-173
-1
-59
-123
-60
90
53
-53
-132
113
110
70
33
143
249
179
118
70
205
191
174
165
220
239
186
202
118
165
78
72
99
152
169
-16
35
0
5
-126
-97
-57
-141
-221
-192
-56
-119
-226
-264
-134
-74
-161
-239
-154
-38
-113
-160
-129
-44
-67
-79
-22
77
30
-60
21
96
104
-94
-35
116
144
26
8
215
168
27
-48
109
131
70
11
137
234
83
92
168
250
107
-10
115
167
100
-73
63
80
60
-106
-81
41
-6
-154
-242
14
-70
-174
-255
-118
-85
-173
-219
-218
-115
-158
-210
-137
-91
-96
-143
-99
-87
-40
-130
-150
89
105
-23
-56
159
127
61
45
151
133
112
184
208
144
134
140
188
152
111
53
148
193
119
78
54
144
98
44
-12
75
21
-75
-28
-44
-64
-109
-80
-113
-184
-96
-116
-110
-136
-90
-141
-130
-121
-114
-128
-114
-105
-61
-20
-83
-41
-34
40
2
2
58
64
69
22
76
32
48
14
64
115
129
71
54
176
148
92
42
24
63
79
108
68
75
101
53
34
30
3
-21
8
-10
-59
-66
-86
-102
-75
-132
-141
-126
-77
-129
-169
-200
-121
-13
-130
-202
-103
31
-69
-159
-35
65
19
-14
48
83
97
17
55
110
51
33
108
132
99
78
58
86
186
88
47
124
153
42
3
99
89
66
-11
60
145
62
-46
-9
73
-53
-108
-122
-38
3
-76
-170
-106
-18
-120
-162
-145
-98
-121
-138
-143
-81
-83
-106
-94
-32
-50
-95
-51
-31
-39
-43
-15
18
62
18
39
98
133
123
38
66
122
137
64
75
116
115
113
80
107
96
83
67
75
59
13
48
68
16
-20
19
19
-26
-32
-43
-51
-35
-55
-75
-77
-93
-106
-41
-23
-104
-85
6
-2
-91
-91
-58
-48
-78
-120
-74
-22
-17
-41
-19
28
10
-26
-2
34
24
1
40
102
99
63
54
78
72
59
55
72
79
55
63
92
83
27
-1
2
5
-3
-25
-42
-21
5
-31
-68
-62
-49
-40
-38
-74
-83
-39
-26
-59
-86
-62
-45
-28
-20
-36
-35
-35
-11
15
-11
-51
-40
30
50
3
6
73
113
85
60
72
95
82
76
123
105
56
65
116
106
15
14
71
53
10
1
13
4
-28
-62
-61
-30
-48
-103
-94
-48
-71
-110
-85
-47
-58
-107
-106
-58
-65
-122
-118
-72
-69
-90
-82
-50
-52
-61
-55
-51
-17
12
21
26
37
51
46
51
63
62
61
82
118
132
134
126
124
135
122
96
94
100
92
76
48
36
38
14
-24
-33
-9
-33
-83
-88
-87
-90
-117
-138
-108
-71
-81
-117
-110
-83
-110
-163
-147
-74
-40
-67
-66
6
40
6
-6
28
61
56
53
80
94
88
86
108
119
97
76
81
106
111
88
71
73
80
59
43
60
53
17
12
37
31
-18
-42
-35
-36
-41
-54
-66
-58
-60
-65
-65
-71
-87
-94
-87
-85
-94
-108
-108
-83
-76
-96
-98
-59
-37
-46
-40
-5
35
40
12
15
65
87
69
73
98
102
80
84
110
115
108
99
101
110
95
69
41
26
44
50
27
13
33
54
24
-24
-39
-39
-56
-86
-93
-80
-76
-77
-58
-46
-70
-96
-87
-76
-97
-114
-99
-71
-75
-100
-90
-51
-44
-71
-64
-7
22
8
3
30
59
54
41
53
81
85
71
71
79
70
56
63
74
68
58
66
81
73
46
28
29
27
7
-9
-1
8
10
10
3
-11
-9
3
-10
-40
-38
-12
-9
-38
-62
