SAMPLES:	7514
BITSPERSAMPLE:	16
CHANNELS:	1
SAMPLERATE:	16000
NORMALIZED:	FALSE
32
-15
-15
28
11
47
-6
23
-10
12
-11
0
-76
-110
-14
-35
47
24
48
80
17
-16
-20
42
-7
-44
-25
4
-31
-88
53
21
53
43
6
-47
-73
-41
-61
-25
32
93
17
61
-11
-18
39
-11
-74
0
79
-33
-2
-10
-28
-26
21
-21
27
106
30
30
-35
-80
-68
78
28
-32
14
25
-17
-40
16
62
95
2
-64
-116
-103
-99
-50
84
88
111
100
32
-16
-4
-58
-110
-75
-56
-59
-16
25
121
126
74
64
-4
-32
-133
-118
-130
-54
12
69
129
136
96
-30
-60
-61
-86
-96
-16
25
-46
33
36
52
100
80
56
-27
-2
-39
-30
-85
-33
-11
-18
-2
-14
112
163
68
-6
-2
-38
-151
-104
-72
13
98
81
104
32
47
40
48
-53
-82
-121
-134
-121
-84
27
201
182
145
173
8
16
-51
-152
-129
-188
-120
11
72
-2
115
169
79
89
-12
-20
-113
-132
-223
-148
-37
4
101
126
130
103
105
97
-97
-184
-145
-259
-118
-51
115
202
258
218
99
48
-126
-162
-212
-152
-131
-89
51
103
173
199
157
142
64
-109
-155
-89
-103
-22
-56
17
38
18
74
9
36
-27
51
-85
-97
-115
-35
-64
-64
82
133
190
85
124
-33
-9
-68
-144
-185
-98
-36
26
136
54
39
56
89
8
0
-62
-126
-37
-115
-47
-13
106
125
116
33
95
79
-113
-37
-78
12
-173
-26
-28
126
221
146
171
-4
-34
-235
-193
-227
-20
53
-12
79
28
77
41
55
14
85
45
-122
-96
-135
-157
-136
6
84
35
119
183
129
53
167
-90
-214
-108
-47
-28
-6
27
66
73
-33
32
113
100
-10
-21
-133
-201
-119
10
37
68
90
86
21
45
42
32
12
-15
-48
-82
-21
-103
-137
-3
91
15
63
-26
-9
-25
-40
104
47
37
-45
73
-18
-35
-54
59
42
-39
-11
-77
13
-19
-26
26
29
13
7
44
-29
-71
5
39
0
-35
-5
-42
-89
-87
-11
134
149
81
99
94
36
12
-15
-165
-157
17
103
-12
-44
-32
-45
74
-24
14
218
216
100
-99
-284
-176
-89
-73
-117
-10
199
218
85
96
19
-64
-50
-155
-166
-62
-74
16
-17
-84
-54
29
31
-21
56
18
101
63
41
26
-47
-87
-55
-126
-109
92
153
235
247
172
47
37
-106
-250
-102
-170
-147
-98
-8
55
78
184
216
124
99
76
-104
-195
-181
-123
-77
-3
90
85
22
36
-41
6
18
40
-25
-46
-90
-107
54
122
142
104
204
37
-52
-108
-117
-104
-229
-46
-23
121
53
120
88
44
115
-80
-139
-298
-265
-285
-147
-17
190
419
370
325
57
11
-51
-150
-335
-399
-151
-196
-12
163
413
403
384
339
117
8
-205
-345
-489
-392
-310
-73
167
392
394
349
243
-45
-65
-170
-49
-163
-250
-158
-125
-94
-45
148
201
297
98
-129
-175
-240
-212
-72
210
209
259
184
44
-128
-85
-41
-97
-186
-426
-230
-14
203
516
762
504
184
-77
-375
-540
-531
-395
-303
48
260
341
364
423
274
60
-37
-272
-365
-353
-274
-170
-57
25
180
209
197
360
325
91
-133
-342
-380
-222
-77
-64
121
131
77
130
77
6
-32
-7
-11
-15
-130
-172
-80
-18
-15
-31
52
93
49
19
47
45
11
-74
-105
-56
75
144
189
187
57
99
34
-167
-166
-76
-53
-37
89
192
162
103
19
-128
-69
-106
-197
-179
-104
-39
4
120
167
182
95
5
-126
-157
-205
-176
-72
29
137
150
141
2
-21
-34
7
-52
-188
-122
38
127
84
20
-47
-91
-137
-122
-16
60
140
189
140
101
60
69
-16
-45
-77
-127
-79
-80
32
109
191
261
258
152
82
-11
-125
-98
-78
-239
-234
-125
-3
105
126
146
125
90
6
-29
-70
-144
-131
-93
-83
-79
3
22
10
-18
-24
17
14
61
28
9
40
110
136
48
-22
-52
-65
-139
-207
-170
-110
-31
62
67
-8
-11
-10
-35
-36
21
52
93
101
78
57
42
3
-82
-137
-86
12
56
162
184
152
145
151
21
-41
-137
-155
-104
-114
-76
-33
27
95
131
110
49
-11
-21
-55
-107
-210
-128
-60
-26
56
149
80
1
-59
-174
-182
-156
-177
-86
105
143
65
64
114
74
-5
-52
-123
-149
-69
-102
-156
-86
6
29
38
3
7
99
127
104
134
143
141
54
-116
-150
-35
89
170
155
103
109
91
53
-1
11
81
159
116
38
17
-1
16
0
74
120
150
141
134
115
83
64
39
1
-112
-224
-272
-294
-236
-194
-234
-196
-129
-106
-117
-66
-126
-160
-152
-237
-288
-266
-206
-166
-161
-229
-281
-244
-168
-68
42
149
172
160
142
136
102
41
73
80
138
192
284
377
463
516
544
621
626
552
385
309
246
194
121
124
108
138
180
170
145
110
141
80
-15
-103
-116
-187
-299
-386
-449
-462
-458
-467
-519
-528
-550
-611
-703
-769
-718
-633
-592
-549
-476
-367
-294
-231
-231
-279
-359
-369
-372
-329
-207
-28
175
314
491
685
811
814
811
750
711
761
804
885
979
1089
1188
1279
1353
1334
1323
1285
1175
933
639
318
-43
-386
-734
-1004
-1147
-1209
-1225
-1166
-1060
-924
-818
-692
-615
-621
-643
-715
-805
-955
-1108
-1268
-1356
-1335
-1267
-1101
-824
-572
-330
-124
-12
53
72
26
4
-35
-22
30
160
355
563
783
981
1134
1174
1231
1273
1370
1504
1687
1920
2089
2235
2340
2375
2205
1793
1224
596
-45
-687
-1227
-1655
-1900
-1982
-1878
-1659
-1301
-909
-595
-321
-121
-16
-34
-169
-395
-715
-994
-1166
-1323
-1392
-1459
-1438
-1325
-1168
-1050
-831
-624
-476
-369
-245
-201
-245
-280
-294
-285
-249
-194
-71
131
382
673
973
1264
1505
1742
1893
2024
2165
2286
2356
2477
2544
2523
2430
2197
1719
1055
402
-307
-1009
-1629
-2064
-2348
-2409
-2249
-1898
-1432
-945
-492
-98
230
387
370
278
86
-232
-561
-878
-1149
-1343
-1458
-1434
-1274
-1091
-995
-910
-810
-749
-682
-627
-645
-702
-709
-698
-703
-657
-543
-388
-170
86
389
756
1123
1438
1748
2078
2301
2460
2605
2631
2598
2555
2563
2517
2424
2274
1919
1397
749
16
-681
-1382
-2065
-2546
-2774
-2823
-2724
-2313
-1749
-1197
-622
-106
285
559
602
488
263
-9
-317
-635
-822
-985
-1076
-1068
-1007
-913
-858
-855
-947
-1044
-1004
-1011
-1053
-1081
-1088
-1033
-943
-819
-606
-318
26
344
711
1176
1569
1905
2152
2347
2533
2690
2819
2843
2812
2844
2798
2771
2682
2423
1966
1279
443
-393
-1207
-2067
-2889
-3377
-3570
-3645
-3382
-2769
-2020
-1281
-520
186
727
1064
1142
920
618
251
-225
-570
-825
-1050
-1161
-1087
-978
-851
-674
-541
-560
-650
-713
-776
-918
-1104
-1224
-1229
-1198
-1139
-965
-636
-260
126
614
1182
1720
2119
2485
2710
2898
3036
3084
3046
2983
2898
2820
2758
2649
2374
1930
1222
195
-794
-1684
-2557
-3370
-3862
-3967
-3854
-3477
-2790
-1956
-1123
-403
236
740
1074
1143
994
734
411
6
-277
-467
-647
-723
-669
-540
-456
-351
-310
-394
-605
-892
-1155
-1367
-1588
-1798
-1891
-1768
-1605
-1340
-868
-377
90
583
1126
1698
2153
2548
2819
2993
3122
3169
3183
3145
3018
2939
2914
2804
2567
2108
1406
413
-662
-1678
-2682
-3585
-4197
-4466
-4404
-4005
-3283
-2382
-1441
-532
289
1002
1504
1725
1667
1466
1176
781
409
76
-181
-373
-445
-440
-421
-437
-464
-557
-756
-997
-1232
-1422
-1668
-1905
-2013
-1944
-1852
-1656
-1338
-891
-406
86
610
1167
1750
2257
2682
2987
3186
3316
3427
3409
3281
3132
3089
2929
2706
2364
1707
764
-351
-1456
-2545
-3530
-4315
-4745
-4877
-4659
-4057
-3067
-1982
-937
91
1063
1791
2189
2309
2182
1882
1475
1079
692
364
94
-88
-152
-184
-274
-401
-564
-796
-1144
-1465
-1763
-2051
-2315
-2479
-2502
-2414
-2216
-1893
-1460
-932
-389
217
872
1531
2174
2714
3184
3517
3702
3842
3883
3713
3490
3258
3067
2738
2368
1830
978
-152
-1299
-2386
-3425
-4361
-4958
-5173
-5055
-4543
-3663
-2516
-1372
-262
808
1761
2410
2737
2773
2620
2260
1792
1304
852
419
75
-150
-269
-406
-548
-749
-985
-1262
-1570
-1867
-2155
-2405
-2603
-2690
-2667
-2489
-2226
-1810
-1300
-721
-77
626
1271
1889
2485
3038
3477
3732
3856
3944
3926
3761
3523
3277
3038
2727
2305
1698
785
-403
-1592
-2698
-3757
-4663
-5165
-5296
-5184
-4628
-3591
-2371
-1161
1
1131
2029
2645
2936
2916
2663
2192
1618
1112
653
218
-158
-367
-483
-592
-659
-776
-972
-1205
-1488
-1824
-2166
-2439
-2633
-2788
-2787
-2617
-2330
-1911
-1347
-680
25
757
1451
2092
2739
3296
3712
3973
4079
4048
3944
3759
3402
3052
2784
2509
2086
1540
725
-370
-1461
-2512
-3548
-4393
-4849
-5020
-4953
-4481
-3516
-2385
-1186
-97
917
1861
2502
2792
2780
2596
2224
1667
1179
746
293
-19
-252
-424
-535
-601
-683
-939
-1211
-1454
-1747
-2087
-2447
-2663
-2785
-2841
-2748
-2520
-2095
-1571
-974
-250
524
1253
1907
2523
3085
3517
3820
3975
3931
3802
3611
3339
2964
2583
2282
1963
1536
913
29
-989
-1979
-2888
-3728
-4333
-4565
-4561
-4296
-3631
-2610
-1495
-483
459
1333
2048
2513
2686
2641
2392
1947
1479
1068
693
307
12
-150
-320
-453
-588
-812
-1096
-1403
-1683
-2014
-2412
-2711
-2888
-2950
-2968
-2837
-2483
-1981
-1437
-777
-8
819
1546
2166
2746
3245
3621
3835
3899
3767
3548
3293
2965
2537
2142
1838
1586
1238
771
85
-769
-1620
-2370
-3083
-3655
-3991
-4020
-3827
-3355
-2543
-1578
-658
107
872
1564
2030
2238
2273
2173
1944
1638
1381
1104
803
498
230
-49
-346
-631
-933
-1333
-1737
-2040
-2292
-2557
-2823
-2954
-2935
-2803
-2624
-2271
-1788
-1209
-612
84
814
1466
2031
2467
2850
3167
3352
3382
3247
3002
2729
2408
2041
1673
1405
1250
1085
937
653
42
-635
-1259
-1826
-2439
-2955
-3104
-3073
-2937
-2512
-1792
-978
-391
168
856
1394
1752
1919
2017
2029
1893
1774
1593
1320
957
528
135
-382
-895
-1359
-1789
-2192
-2569
-2754
-2755
-2820
-2815
-2669
-2380
-2136
-1922
-1504
-1068
-609
-147
386
934
1380
1781
2133
2408
2638
2748
2790
2695
2446
2216
1992
1728
1460
1350
1408
1393
1352
1141
684
117
-470
-1049
-1740
-2322
-2616
-2814
-2831
-2546
-1997
-1369
-815
-187
486
1109
1595
1914
2158
2246
2153
1988
1703
1286
730
120
-495
-1134
-1652
-2062
-2398
-2636
-2767
-2730
-2580
-2448
-2348
-2188
-1936
-1723
-1570
-1303
-1022
-696
-351
76
537
961
1393
1724
1985
2240
2441
2548
2532
2409
2287
2168
2016
1768
1660
1765
1829
1838
1781
1512
954
295
-292
-972
-1720
-2295
-2629
-2857
-2890
-2555
-1957
-1347
-789
-91
720
1403
1853
2182
2366
2287
1965
1584
1096
426
-280
-928
-1479
-1931
-2204
-2352
-2423
-2399
-2276
-2065
-1857
-1754
-1713
-1622
-1514
-1482
-1458
-1319
-1130
-884
-545
-91
375
811
1227
1578
1855
2100
2298
2398
2337
2228
2127
2016
1823
1619
1565
1670
1784
1908
2011
1831
1343
775
245
-468
-1257
-1872
-2293
-2650
-2740
-2420
-1866
-1288
-680
50
813
1423
1812
2040
2086
1839
1409
963
458
-171
-789
-1255
-1643
-1951
-2110
-2148
-2183
-2171
-2081
-1923
-1781
-1695
-1683
-1586
-1474
-1421
-1376
-1207
-958
-741
-443
-45
373
755
1111
1411
1622
1778
1922
2009
1993
1921
1876
1901
1868
1781
1799
1956
2150
2287
2479
2429
1960
1314
699
-14
-853
-1591
-2097
-2492
-2668
-2496
-1995
-1390
-890
-311
349
920
1241
1367
1358
1126
699
307
-98
-578
-1049
-1416
-1641
-1801
-1836
-1782
-1673
-1560
-1464
-1328
-1177
-1124
-1171
-1242
-1267
-1306
-1358
-1322
-1180
-966
-699
-301
174
597
962
1295
1552
1703
1778
1853
1859
1787
1716
1730
1755
1709
1709
1878
2123
2347
2619
2839
2718
2196
1588
940
155
-784
-1582
-2140
-2586
-2844
-2717
-2313
-1898
-1533
-1002
-363
62
330
504
570
399
173
13
-227
-590
-909
-1116
-1247
-1337
-1341
-1221
-1096
-976
-859
-686
-521
-518
-586
-641
-715
-822
-938
-947
-915
-853
-680
-386
-58
218
489
778
959
1095
1205
1325
1410
1462
1576
1751
1876
1932
2047
2287
2502
2695
2993
3246
3146
2694
2096
1402
510
-542
-1486
-2258
-2966
-3502
-3637
-3440
-3154
-2806
-2244
-1590
-1009
-498
10
351
476
539
603
560
363
139
-62
-231
-397
-471
-485
-496
-526
-477
-383
-351
-385
-436
-525
-671
-865
-992
-1130
-1238
-1287
-1215
-1060
-887
-684
-420
-110
141
365
637
972
1256
1550
1837
2121
2365
2579
2718
2879
3067
3266
3459
3644
3604
3169
2448
1583
630
-473
-1607
-2621
-3420
-4079
-4442
-4382
-4011
-3565
-2995
-2231
-1381
-626
27
583
958
1163
1259
1286
1160
909
598
348
126
-75
-200
-220
-230
-235
-202
-139
-174
-317
-511
-755
-1033
-1324
-1622
-1872
-2043
-2098
-2038
-1848
-1523
-1166
-731
-262
170
588
1047
1499
1903
2265
2580
2849
3081
3252
3338
3411
3497
3531
3547
3519
3283
2661
1770
778
-265
-1412
-2581
-3500
-4177
-4665
-4814
-4509
-3938
-3306
-2560
-1615
-685
139
829
1393
1725
1837
1845
1735
1474
1147
807
503
234
24
-68
-125
-159
-216
-202
-257
-450
-714
-1044
-1492
-1975
-2398
-2731
-3044
-3166
-3038
-2766
-2359
-1806
-1136
-422
260
909
1510
2056
2498
2836
3163
3376
3480
3524
3535
3435
3288
3147
3016
2877
2777
2579
2093
1301
389
-509
-1465
-2487
-3362
-3919
-4277
-4453
-4226
-3599
-2873
-2156
-1287
-320
500
1194
1753
2074
2160
2102
1953
1675
1309
926
577
284
-9
-261
-406
-558
-767
-943
-1093
-1338
-1703
-2059
-2446
-2908
-3264
-3449
-3513
-3443
-3140
-2640
-1997
-1241
-406
459
1297
1995
2513
2955
3289
3437
3481
3517
3450
3302
3162
3024
2788
2558
2390
2214
2077
1977
1749
1265
558
-226
-993
-1757
-2514
-3159
-3496
-3638
-3622
-3251
-2585
-1892
-1245
-520
241
834
1294
1605
1724
1710
1612
1465
1241
939
592
237
-61
-401
-734
-974
-1224
-1496
-1715
-1891
-2190
-2541
-2759
-2944
-3122
-3149
-2979
-2637
-2215
-1650
-944
-174
568
1212
1811
2339
2665
2834
2924
2931
2816
2687
2634
2516
2330
2207
2082
1888
1674
1532
1423
1346
1348
1307
1103
656
67
-483
-1001
-1574
-2136
-2468
-2592
-2701
-2568
-2140
-1654
-1246
-774
-191
317
720
1048
1242
1314
1290
1175
1000
695
262
-192
-584
-975
-1381
-1656
-1854
-2078
-2150
-2067
-1965
-1953
-1862
-1643
-1459
-1292
-1069
-779
-513
-323
-60
274
563
771
1007
1299
1501
1626
1763
1838
1783
1676
1642
1628
1483
1291
1170
1098
983
854
910
1033
1180
1426
1731
1877
1661
1263
882
432
-218
-885
-1393
-1827
-2303
-2488
-2336
-2075
-1838
-1485
-947
-444
-26
363
628
709
628
498
304
-39
-414
-738
-1000
-1261
-1444
-1444
-1350
-1268
-1080
-753
-414
-234
-123
-3
41
-30
-172
-291
-363
-465
-547
-500
-397
-280
-116
123
279
368
483
573
564
522
572
708
830
982
1209
1494
1728
1887
2083
2293
2466
2643
2821
2835
2556
2049
1480
831
54
-832
-1597
-2225
-2794
-3187
-3234
-3071
-2895
-2631
-2136
-1568
-1070
-632
-246
59
238
355
433
415
314
233
212
174
99
104
154
160
181
302
447
435
325
257
148
-103
-472
-805
-1101
-1433
-1725
-1870
-1894
-1859
-1759
-1503
-1151
-796
-398
48
484
867
1278
1745
2172
2451
2682
2931
3082
3056
2952
2887
2780
2652
2582
2515
2231
1670
971
289
-449
-1324
-2185
-2843
-3396
-3896
-4105
-3949
-3691
-3405
-2897
-2180
-1489
-854
-186
413
827
1128
1402
1575
1560
1463
1421
1360
1183
992
896
804
603
427
378
248
-71
-438
-731
-1087
-1523
-1933
-2262
-2525
-2737
-2807
-2689
-2434
-2126
-1669
-1065
-439
151
798
1424
1897
2270
2656
2985
3169
3258
3303
3278
3137
2916
2639
2370
2057
1758
1564
1415
1094
556
-48
-640
-1293
-2025
-2729
-3293
-3739
-4108
-4202
-3973
-3577
-3109
-2456
-1618
-787
8
818
1515
1998
2333
2601
2722
2599
2365
2089
1719
1242
779
396
-3
-435
-741
-896
-1043
-1262
-1459
-1617
-1807
-2026
-2246
-2435
-2570
-2603
-2508
-2283
-1922
-1450
-849
-155
528
1173
1796
2331
2676
2896
3077
3183
3148
3033
2874
2677
2399
2027
1602
1204
846
542
357
287
164
-147
-556
-980
-1415
-1938
-2484
-2930
-3210
-3402
-3395
-3056
-2524
-1928
-1253
-447
351
1058
1700
2205
2485
2602
2627
2518
2224
1821
1398
955
467
-54
-508
-914
-1294
-1569
-1691
-1737
-1801
-1824
-1791
-1767
-1767
-1761
-1735
-1670
-1535
-1327
-1091
-779
-375
95
589
1052
1467
1844
2154
2332
2390
2422
2397
2290
2154
2002
1760
1442
1091
706
306
-24
-252
-361
-318
-196
-165
-280
-457
-639
-855
-1169
-1496
-1710
-1851
-1944
-1867
-1570
-1198
-835
-394
150
652
1089
1464
1702
1761
1699
1570
1300
886
414
-58
-520
-958
-1324
-1575
-1736
-1789
-1669
-1410
-1109
-817
-517
-286
-149
-56
-44
-131
-246
-308
-360
-399
-328
-162
56
287
544
812
1061
1245
1352
1405
1414
1345
1242
1128
917
650
397
168
-88
-259
-274
-201
-9
356
764
997
1028
971
862
610
198
-271
-681
-1105
-1501
-1691
-1680
-1616
-1515
-1236
-855
-514
-162
178
378
438
458
464
369
195
7
-135
-266
-417
-487
-440
-370
-259
-3
353
634
832
982
998
854
626
320
-114
-585
-994
-1324
-1567
-1652
-1589
-1412
-1155
-842
-465
-47
284
486
650
794
866
889
924
887
766
681
638
573
533
637
862
1192
1601
1993
2163
2085
1832
1484
969
237
-561
-1278
-1969
-2610
-2983
-3059
-3015
-2886
-2514
-1955
-1348
-726
-118
391
775
1072
1305
1416
1397
1300
1219
1132
996
882
843
808
755
801
922
943
848
706
451
51
-400
-882
-1450
-2012
-2420
-2668
-2800
-2758
-2534
-2141
-1648
-1096
-504
95
618
996
1289
1518
1653
1689
1684
1628
1481
1316
1187
1042
897
854
948
1117
1345
1569
1656
1511
1182
780
260
-440
-1229
-1900
-2489
-3033
-3334
-3306
-3100
-2813
-2301
-1578
-830
-102
613
1222
1687
2014
2227
2311
2228
2020
1780
1540
1221
885
654
448
233
122
158
156
56
-68
-258
-581
-991
-1437
-1901
-2344
-2694
-2882
-2896
-2754
-2459
-1978
-1357
-724
-92
562
1150
1552
1790
1953
1985
1874
1707
1529
1278
987
763
613
492
436
523
754
1076
1411
1673
1721
1512
1180
726
84
-714
-1476
-2141
-2758
-3173
-3251
-3063
-2755
-2297
-1611
-821
-53
686
1333
1827
2137
2327
2406
2301
2036
1717
1403
1050
659
341
103
-103
-234
-231
-156
-133
-198
-319
-536
-864
-1247
-1654
-2070
-2435
-2664
-2706
-2601
-2362
-1961
-1412
-796
-201
378
924
1329
1562
1659
1672
1602
1441
1253
1044
816
627
513
451
437
543
806
1168
1568
1930
2101
1972
1625
1153
495
-352
-1258
-2084
-2801
-3330
-3516
-3371
-3044
-2541
-1806
-889
31
875
1612
2184
2540
2689
2670
2478
2100
1639
1216
801
387
36
-175
-300
-371
-317
-158
-19
-4
-83
-240
-529
-935
-1397
-1859
-2290
-2638
-2796
-2755
-2564
-2225
-1716
-1089
-445
160
717
1142
1388
1481
1471
1365
1197
1024
843
675
566
526
522
561
701
960
1287
1635
1959
2128
2010
1618
1104
462
-366
-1278
-2085
-2724
-3204
-3390
-3218
-2790
-2215
-1480
-580
341
1137
1798
2274
2525
2539
2383
2110
1702
1223
799
473
188
-41
-133
-117
-64
29
202
369
408
302
98
-219
-672
-1210
-1725
-2192
-2608
-2861
-2869
-2682
-2398
-1964
-1352
-716
-165
324
719
970
1048
1022
956
869
783
727
716
731
744
826
963
1101
1263
1503
1789
2026
2109
1941
1543
1019
389
-406
-1246
-1968
-2530
-2942
-3088
-2925
-2515
-1955
-1295
-551
214
907
1449
1811
1975
1967
1848
1656
1355
1055
838
690
573
513
566
642
702
766
828
821
694
446
74
-437
-1035
-1614
-2156
-2632
-3010
-3209
-3182
-2997
-2679
-2218
-1635
-1030
-481
-8
380
630
751
800
796
787
811
892
986
1064
1176
1335
1476
1563
1679
1879
2078
2231
2259
2047
1569
960
262
-549
-1403
-2146
-2707
-3084
-3201
-3030
-2581
-1999
-1336
-613
130
805
1310
1667
1853
1862
1779
1670
1511
1325
1193
1140
1090
1033
1014
976
883
740
586
381
97
-263
-698
-1167
-1659
-2120
-2478
-2749
-2946
-3006
-2867
-2576
-2200
-1741
-1200
-661
-199
159
422
591
656
661
684
759
886
1072
1295
1516
1692
1847
1933
1960
1942
1944
1917
1855
1675
1256
646
5
-626
-1321
-1993
-2483
-2759
-2891
-2797
-2452
-1904
-1306
-693
-68
533
1012
1343
1552
1625
1565
1471
1405
1303
1203
1191
1257
1293
1291
1274
1193
996
710
365
6
-379
-797
-1209
-1599
-1962
-2259
-2426
-2495
-2524
-2462
-2246
-1929
-1575
-1212
-839
-502
-221
-37
87
187
244
301
436
659
918
1185
1446
1678
1833
1921
1924
1875
1801
1733
1675
1580
1347
890
334
-210
-787
-1425
-1953
-2269
-2444
-2503
-2300
-1875
-1378
-867
-353
143
538
832
1030
1128
1137
1113
1132
1196
1258
1337
1457
1576
1600
1557
1435
1192
824
399
-31
-471
-892
-1262
-1562
-1821
-2014
-2123
-2098
-2028
-1962
-1853
-1643
-1405
-1210
-1056
-906
-783
-683
-572
-474
-345
-169
104
467
900
1312
1682
1999
2196
2245
2211
2123
1971
1804
1661
1524
1287
904
365
-159
-651
-1161
-1666
-1981
-2095
-2122
-2042
-1747
-1333
-964
-612
-276
21
233
397
515
606
684
804
1018
1267
1484
1699
1942
2043
1967
1775
1470
1017
481
-81
-589
-1025
-1390
-1668
-1852
-1957
-2030
-1970
-1816
-1683
-1601
-1461
-1256
-1098
-1018
-956
-880
-805
-712
-599
-437
-209
96
501
967
1408
1762
2035
2229
2267
2166
2018
1863
1694
1550
1441
1281
957
494
21
-397
-865
-1386
-1746
-1895
-1983
-2010
-1803
-1465
-1156
-898
-606
-334
-127
31
169
304
449
635
926
1255
1516
1747
1978
2103
1984
1744
1411
946
355
-214
-698
-1097
-1407
-1589
-1663
-1687
-1704
-1636
-1463
-1350
-1329
-1279
-1147
-1052
-1018
-978
-903
-841
-741
-590
-384
-127
184
570
1010
1418
1698
1920
2056
2048
1954
1879
1825
1782
1760
1719
1517
1091
565
29
-528
-1169
-1750
-2069
-2203
-2265
-2154
-1805
-1380
-1026
-696
-391
-178
-68
-11
36
82
162
339
669
1039
1378
1719
2037
2180
2105
1892
1527
1008
406
-160
-653
-1052
-1348
-1525
-1584
-1611
-1596
-1470
-1279
-1207
-1204
-1124
-1007
-982
-997
-967
-907
-838
-749
-578
-320
-10
360
815
1298
1671
1907
2105
2193
2112
1979
1919
1895
1863
1758
1504
1037
451
-121
-694
-1309
-1883
-2192
-2252
-2198
-2028
-1660
-1223
-891
-652
-443
-326
-324
-365
-382
-329
-204
45
453
956
1451
1908
2314
2523
2459
2189
1742
1136
466
-170
-717
-1129
-1391
-1507
-1528
-1514
-1480
-1382
-1261
-1231
-1283
-1293
-1221
-1147
-1075
-944
-750
-506
-262
-41
198
466
761
1069
1355
1572
1698
1801
1850
1841
1822
1847
1907
1928
1778
1319
680
54
-566
-1252
-1865
-2245
-2350
-2272
-2030
-1628
-1164
-768
-506
-351
-320
-418
-575
-685
-702
-585
-291
193
745
1305
1831
2257
2478
2433
2153
1693
1095
419
-230
-756
-1135
-1362
-1422
-1361
-1273
-1183
-1083
-1004
-1005
-1109
-1222
-1251
-1190
-1088
-886
-557
-160
218
548
829
1033
1195
1314
1395
1419
1396
1381
1430
1492
1593
1734
1914
1976
1754
1162
394
-343
-1062
-1822
-2456
-2708
-2630
-2340
-1863
-1219
-628
-223
-15
32
-99
-383
-705
-920
-927
-732
-302
311
992
1587
2083
2385
2347
1964
1374
674
-57
-730
-1214
-1462
-1452
-1283
-1018
-757
-570
-453
-401
-467
-700
-964
-1130
-1139
-1028
-790
-412
85
614
1061
1401
1617
1704
1660
1568
1435
1240
1085
1055
1180
1378
1631
1898
2014
1712
943
-32
-935
-1809
-2675
-3266
-3334
-2952
-2342
-1533
-631
128
560
685
534
130
-430
-908
-1167
-1162
-856
-236
618
1411
1993
2334
2372
1967
1161
186
-789
-1634
-2184
-2316
-2055
-1532
-909
-307
158
388
317
49
-335
-799
-1196
-1321
-1123
-726
-154
547
1227
1722
1985
2037
1914
1657
1367
1165
1062
1044
1155
1424
1764
2067
2277
2298
1911
965
-337
-1554
-2506
-3333
-3933
-3893
-3219
-2253
-1203
-123
761
1175
1116
720
95
-633
-1289
-1611
-1452
-885
-35
984
1913
2452
2575
2335
1654
541
-700
-1811
-2575
-2925
-2853
-2364
-1605
-827
-223
130
188
-42
-457
-897
-1231
-1288
-1012
-404
393
1233
2007
2579
2784
2611
2173
1650
1163
804
673
766
1103
1590
2147
2632
2908
2864
2370
1295
-228
-1782
-2960
-3772
-4290
-4258
-3529
-2405
-1246
-175
662
1045
933
461
-169
-797
-1290
-1489
-1218
-514
393
1339
2159
2573
2463
1967
1173
116
-1024
-1951
-2480
-2554
-2255
-1693
-1045
-552
-413
-608
-956
-1416
-1930
-2324
-2324
-1809
-895
211
1358
2369
3063
3361
3231
2752
2064
1435
1032
930
1069
1376
1828
2347
2784
3021
2995
2569
1617
211
-1257
-2344
-2977
-3373
-3458
-2989
-2113
-1235
-523
-32
60
-262
-756
-1210
-1528
-1615
-1389
-780
112
1062
1866
2397
2465
2012
1292
492
-376
-1209
-1773
-1942
-1767
-1366
-899
-510
-378
-595
-1074
-1613
-2102
-2496
-2666
-2447
-1812
-885
122
1063
1771
2145
2220
2095
1848
1577
1473
1616
1977
2411
2817
3125
3282
3162
2790
2246
1488
363
-935
-1901
-2291
-2323
-2241
-1953
-1363
-693
-236
-18
-64
-398
-915
-1306
-1463
-1431
-1223
-779
-127
525
1053
1380
1425
1089
522
-28
-477
-891
-1181
-1191
-996
-736
-522
-408
-520
-926
-1493
-1924
-2107
-2123
-1984
-1567
-870
-115
528
992
1219
1146
928
710
582
577
810
1298
1890
2378
2683
2850
2881
2718
2349
1877
1207
272
-720
-1320
-1433
-1383
-1359
-1145
-695
-258
-7
143
106
-193
-516
-608
-479
-273
-29
286
672
963
1054
939
553
-130
-846
-1326
-1636
-1845
-1889
-1688
-1305
-920
-654
-568
-695
-1071
-1468
-1623
-1564
-1459
-1209
-644
57
660
1092
1385
1447
1306
1053
906
890
951
1115
1428
1722
1777
1708
1636
1469
1154
776
300
-444
-1314
-1808
-1772
-1508
-1334
-1043
-416
232
648
880
939
695
284
71
125
332
559
841
1255
1659
1806
1713
1360
685
-192
-901
-1446
-1954
-2320
-2398
-2244
-2030
-1894
-1879
-1945
-2043
-2057
-1872
-1503
-1134
-688
-7
732
1278
1562
1674
1674
1574
1468
1440
1553
1746
1948
2146
2123
1882
1610
1397
1051
499
-202
-1110
-2091
-2778
-2967
-2830
-2561
-2167
-1515
-741
-14
545
898
944
753
630
692
881
1149
1487
1847
2169
2309
2176
1795
1218
527
-109
-634
-1118
-1512
-1681
-1697
-1686
-1786
-2037
-2378
-2646
-2703
-2532
-2232
-1862
-1379
-715
35
656
1124
1467
1748
1958
2082
2186
2357
2584
2736
2697
2436
2075
1766
1531
1144
512
-331
-1371
-2320
-2864
-3014
-2984
-2813
-2441
-1932
-1365
-766
-284
12
113
145
268
552
896
1219
1569
1913
2114
2087
1834
1396
903
446
33
-349
-702
-984
-1210
-1363
-1527
-1717
-1904
-1981
-1854
-1583
-1276
-946
-573
-193
111
287
364
446
636
884
1162
1529
1980
2406
2681
2710
2490
2187
1920
1584
1065
327
-628
-1710
-2524
-2867
-2909
-2859
-2583
-2059
-1540
-1052
-499
-7
228
286
363
524
742
998
1268
1554
1728
1695
1478
1116
600
69
-285
-512
-758
-971
-1136
-1331
-1557
-1717
-1800
-1842
-1791
-1602
-1293
-877
-444
9
483
857
1041
1159
1363
1614
1826
2098
2465
2795
2919
2772
2426
1992
1588
1132
543
-336
-1464
-2569
-3174
-3260
-3217
-3174
-2875
-2354
-1912
-1498
-980
-478
-122
255
687
1110
1445
1738
2015
2268
2335
2133
1774
1298
732
279
76
-81
-351
-693
-1094
-1647
-2275
-2759
-3019
-3038
-2840
-2437
-1883
-1251
-575
99
755
1196
1394
1500
1680
1885
2117
2484
2941
3292
3376
3257
3043
2781
2358
1704
721
-465
-1613
-2352
-2640
-2780
-2919
-2910
-2725
-2567
-2498
-2388
-2170
-1919
-1584
-1080
-413
278
948
1641
2283
2698
2769
2580
2160
1521
854
368
28
-319
-651
-918
-1206
-1485
-1651
-1647
-1555
-1471
-1417
-1369
-1259
-1052
-774
-426
-125
129
435
862
1333
1810
2320
2788
3020
2984
2925
2925
2827
2386
1632
634
-350
-1028
-1340
-1616
-1989
-2214
-2255
-2237
-2194
-2079
-1874
-1565
-1165
-739
-333
-4
185
366
600
780
814
709
476
202
46
-7
-27
-90
-229
-428
-651
-799
-856
-764
-579
-418
-355
-348
-288
-146
48
242
400
529
683
865
1099
1385
1708
1990
2151
2155
2111
2070
1895
1421
646
-301
-1212
-1698
-1778
-1728
-1667
-1448
-1205
-1032
-903
-745
-623
-486
-324
-163
0
66
17
3
112
165
145
50
-159
-460
-596
-615
-659
-757
-914
-1084
-1119
-1060
-962
-796
-554
-341
-151
117
379
637
883
1113
1342
1598
1823
2029
2260
2399
2416
2278
2015
1663
1353
955
342
-496
-1405
-2065
-2264
-2027
-1684
-1340
-1026
-791
-649
-566
-497
-415
-257
-25
197
364
499
592
677
731
774
745
540
116
-431
-920
-1360
-1700
-1961
-2194
-2300
-2221
-2034
-1801
-1467
-1087
-774
-392
55
495
875
1273
1676
2080
2476
2815
3128
3374
3414
3223
2840
2383
2009
1635
1004
34
-995
-1926
-2507
-2627
-2497
-2389
-2192
-1961
-1872
-1887
-1776
-1529
-1137
-543
115
707
1130
1400
1541
1724
1876
1876
1692
1336
800
231
-290
-788
-1327
-1771
-2023
-2170
-2275
-2316
-2241
-2063
-1756
-1317
-827
-354
88
481
842
1202
1534
1861
2228
2553
2759
2779
2650
2468
2369
2269
1915
1289
470
-377
-932
-1124
-1175
-1331
-1446
-1501
-1587
-1717
-1798
-1792
-1670
-1422
-1100
-808
-586
-414
-173
171
542
833
981
957
739
459
179
-147
-520
-766
-868
-910
-945
-967
-997
-953
-712
-328
57
424
724
945
1106
1237
1330
1478
1711
1890
1907
1714
1511
1382
1307
1040
524
-191
-961
-1567
-1759
-1588
-1296
-1012
-760
-619
-599
-636
-630
-535
-285
99
428
625
709
740
724
754
751
620
354
-87
-723
-1477
-2111
-2529
-2686
-2564
-2270
-1912
-1628
-1387
-1191
-937
-569
-100
403
908
1366
1791
2184
2633
3077
3509
3801
3823
3576
3208
2841
2360
1765
1001
64
-889
-1621
-2008
-2219
-2393
-2471
-2537
-2613
-2753
-2742
-2533
-2075
-1389
-606
132
667
1022
1267
1453
1621
1703
1673
1487
1134
632
22
-561
-1020
-1262
-1340
-1386
-1512
-1733
-1951
-2083
-2045
-1867
-1579
-1242
-843
-396
36
486
980
1485
1991
2463
2780
2961
3129
3298
3330
3144
2710
2010
1270
709
356
-19
-445
-885
-1274
-1676
-2061
-2405
-2577
-2491
-2169
-1797
-1480
-1246
-1042
-782
-443
-33
337
656
813
773
563
321
99
-51
-124
-117
-159
-241
-401
-525
-570
-576
-597
-643
-618
-541
-382
-213
-41
159
428
705
904
1089
1374
1781
2091
2136
1855
1384
889
583
479
519
598
648
566
294
-146
-678
-1147
-1349
-1289
-1164
-1082
-1065
-1074
-1108
-1051
-957
-813
-631
-445
-350
-367
-451
-519
-494
-331
-125
81
230
326
340
333
292
195
95
50
72
137
212
266
269
257
288
365
499
686
881
1012
1018
871
596
285
123
176
335
459
517
512
421
219
-134
-517
-680
-624
-460
-364
-355
-441
-510
-582
-681
-794
-800
-724
-646
-614
-616
-621
-589
-485
-312
-43
312
624
741
686
579
481
374
280
183
150
136
43
-169
-363
-450
-438
-381
-324
-173
91
386
532
565
662
846
1035
1078
994
896
797
637
379
110
-106
-281
-460
-626
-762
-834
-876
-933
-996
-1008
-932
-809
-656
-490
-321
-170
-42
64
187
327
468
604
749
885
957
942
855
705
510
277
5
-289
-577
-848
-1066
-1203
-1276
-1283
-1213
-1088
-930
-693
-418
-121
176
522
860
1149
1395
1570
1690
1767
1802
1707
1518
1267
970
647
307
-20
-331
-610
-860
-1064
-1243
-1391
-1488
-1517
-1503
-1471
-1394
-1239
-1005
-720
-399
-73
242
527
771
936
1001
995
957
887
787
654
526
362
189
13
-164
-350
-509
-640
-753
-830
-874
-845
-738
-559
-369
-147
67
270
449
619
769
846
878
871
852
831
809
769
714
622
493
341
146
-85
-295
-470
-642
-808
-914
-937
-877
-771
-654
-543
-413
-266
-141
-47
16
27
33
39
50
50
65
99
119
95
31
-52
-119
-163
-213
-229
-237
-201
-121
20
145
251
347
430
497
537
553
562
584
594
601
590
579
561
508
411
277
74
-155
-367
-539
-673
-793
-894
-942
-953
-1084
-1302
-1447
-1415
-960
-145
530
755
683
632
686
736
682
629
746
896
759
286
-119
-162
-20
-12
-182
-387
-451
-431
-586
-889
-917
-573
-209
-41
15
126
307
512
564
520
655
886
954
885
789
758
796
719
478
250
159
41
-192
-421
-655
-852
-1004
-1171
-1267
-1287
-1219
-972
-742
-527
-281
-141
-99
122
396
517
551
649
697
615
351
38
-136
-5
280
305
41
-191
-238
-238
-316
-450
-467
-240
1
-65
-250
-152
237
515
576
591
793
1140
1261
978
708
792
936
700
234
11
-57
-166
-384
-700
-913
-904
-908
-1141
-1337
-1270
-1114
-1085
-1128
-1005
-760
-457
-157
97
366
667
877
936
943
950
984
963
781
588
485
332
40
-152
-168
-207
-325
-475
-513
-468
-483
-640
-687
-493
-240
-97
-41
97
438
809
858
669
702
998
1118
920
713
686
798
764
393
-18
-234
-337
-600
-963
-1165
-1170
-1125
-1151
-1221
-1180
-978
-795
-700
-621
-416
-191
-112
-76
83
253
301
317
450
661
715
635
602
600
528
389
225
190
280
311
162
-23
-37
98
194
165
79
156
323
340
166
45
121
277
309
234
236
315
279
55
-186
-321
-442
-578
-683
-746
-770
-726
-632
-529
-327
-179
-209
-219
-165
-169
-160
-76
90
254
358
339
225
150
180
251
226
167
133
62
-42
-144
-227
-219
-118
-60
-40
-89
-146
-157
-106
-72
30
214
373
515
617
705
762
825
821
782
723
628
451
273
76
-182
-402
-510
-583
-650
-676
-768
-912
-991
-936
-889
-881
-782
-577
-361
-268
-262
-170
82
331
400
425
599
815
820
594
420
468
554
490
298
203
206
143
-97
-340
-386
-314
-273
-306
-363
-363
-238
-196
-231
-157
1
217
371
395
330
366
427
440
475
307
133
261
309
3
-158
-175
-110
46
-46
-302
-386
-239
-143
-366
-707
-660
-388
-294
-348
-419
-371
-107
92
-61
-211
-9
197
160
68
92
137
172
198
172
169
294
381
273
191
216
212
139
163
212
203
248
289
266
194
145
141
169
133
1
-61
-60
-141
-253
-269
-267
-267
-199
-144
-180
-242
-212
-184
-229
-253
-231
-258
-256
-205
-191
-196
-185
-118
-15
88
119
69
106
274
331
197
58
64
163
145
35
-1
89
191
160
44
-68
-45
22
11
-47
0
143
239
215
132
139
200
183
64
-2
49
67
-4
-61
-6
105
161
126
72
141
132
38
-96
-247
-322
-346
-378
-440
-468
-506
-526
-453
-369
-373
-374
-292
-127
31
56
-11
12
118
193
160
122
155
272
401
368
295
313
392
456
442
405
433
487
446
301
164
74
-7
-103
-222
-297
-274
-228
-232
-264
-220
-90
16
51
76
147
153
54
-47
-130
-157
-165
-180
-169
-118
-40
-30
-122
-164
-168
-249
-351
-349
-271
-299
-342
-303
-208
-166
-158
-172
-170
-111
-68
-23
52
121
195
313
390
421
514
607
558
442
435
406
287
167
94
68
82
117
67
80
163
183
108
70
105
145
80
-48
-176
-163
-115
-181
-272
-267
-134
-96
-208
-331
-347
-309
-325
-350
-359
-317
-182
-135
-239
-320
-223
-155
-172
-209
-208
-108
-11
-2
-2
78
218
285
244
168
157
218
213
94
48
198
310
277
221
240
296
359
409
346
230
218
253
214
125
99
171
229
133
8
-60
-135
-193
-202
-162
-106
-90
-173
-234
-247
-284
-360
-373
-319
-280
-295
-357
-374
-345
-316
-280
-226
-146
-11
91
16
-101
-54
54
14
-120
-137
17
123
91
61
134
217
217
207
225
292
400
435
375
385
451
455
389
336
346
386
379
252
94
80
86
-41
-163
-118
-14
-35
-160
-297
-356
-366
-471
-583
-558
-462
-472
-497
-482
-414
-331
-286
-218
-89
71
148
104
58
113
155
92
71
161
231
190
117
64
48
50
8
-7
47
86
30
11
76
134
176
211
218
257
310
286
260
281
311
351
382
338
290
286
218
109
57
-9
-101
-184
-288
-412
-463
-494
-599
-691
-634
-497
-475
-549
-529
-361
-232
-233
-242
-160
-21
82
86
71
179
350
397
352
371
445
441
343
260
229
209
130
23
-40
10
88
81
-11
-53
25
82
19
-57
42
225
292
183
93
160
280
247
130
105
198
255
86
-150
-256
-222
-230
-340
-431
-382
-276
-307
-481
-600
-534
-411
-387
-432
-408
-272
-168
-173
-163
-40
160
329
360
338
422
534
506
376
309
330
359
327
236
156
130
114
35
-37
-28
22
25
-6
-10
19
48
16
-30
-29
36
73
45
27
64
109
101
61
46
64
31
-34
-104
-199
-283
-352
-417
-463
-473
-478
-496
-510
-496
-437
-375
-312
-195
-36
92
171
244
311
383
447
460
471
519
538
477
417
380
317
227
157
116
95
81
16
-70
-128
-158
-185
-225
-234
-196
-146
-117
-98
-61
-8
49
85
102
119
166
218
192
98
14
-40
-133
-248
-331
-363
-408
-491
-561
-584
-558
-505
-468
-397
-275
-149
-78
-15
101
221
304
370
455
531
573
584
571
545
530
512
455
382
336
288
181
50
-25
-60
-123
-201
-236
-236
-241
-252
-254
-219
-134
-58
-33
-5
63
121
138
114
80
50
16
-49
-141
-246
-335
-379
-430
-505
-543
-518
-472
-444
-429
-403
-322
-199
-101
-45
29
148
263
326
350
403
472
514
527
526
518
494
459
410
321
254
222
162
72
14
-25
-78
-123
-140
-149
-137
-103
-80
-69
-47
1
68
108
80
50
59
51
-17
-134
-238
-255
-234
-304
-401
-423
-384
-392
-445
-487
-444
-336
-258
-238
-202
-111
-26
26
57
105
184
286
349
378
386
411
419
399
375
361
359
336
294
235
195
146
83
15
-1
26
30
0
-24
-7
16
22
23
37
52
36
-12
-77
-119
-155
-221
-299
-339
-332
-339
-388
-433
-425
-388
-376
-379
-352
-269
-162
-98
-74
-32
49
119
164
208
274
340
384
397
369
337
324
311
283
249
220
182
136
69
-14
-69
-89
-89
-83
-62
-30
13
46
60
67
87
143
208
224
182
137
108
59
-18
-97
-163
-228
-305
-374
-426
-469
-505
-539
-554
-540
-506
-449
-378
-310
-248
-163
-46
79
196
303
403
489
559
610
634
625
611
598
551
463
370
275
162
51
-55
-151
-234
-288
-324
-344
-344
-342
-313
-236
-142
-66
15
93
137
165
178
175
173
168
152
119
64
-20
-116
-205
-289
-370
-417
-430
-454
-499
-522
-518
-499
-453
-372
-261
-141
-22
82
179
287
399
506
593
656
697
708
680
613
535
459
388
318
214
86
-30
-127
-223
-304
-353
-356
-313
-265
-238
-226
-189
-127
-61
-8
46
106
142
142
103
54
24
8
-19
-78
-134
-178
-235
-324
-399
-425
-442
-467
-476
-462
-423
-356
-290
-207
-91
31
127
206
284
375
480
541
559
580
596
559
490
431
385
334
275
198
118
52
-23
-114
-176
-198
-215
-221
-212
-205
-206
-192
-159
-119
-75
-38
-5
30
58
65
52
34
25
20
-9
-62
-118
-176
-236
-299
-359
-393
-393
-379
-361
-333
-298
-250
-184
-103
-1
110
204
274
319
344
359
374
385
389
376
355
338
308
249
179
142
132
97
38
-7
-31
-43
-75
-125
-154
-146
-123
-116
-125
-123
-67
10
41
24
8
26
40
22
-12
-26
-29
-57
-137
-236
-297
-324
-357
-394
-390
-347
-289
-251
-219
-169
-78
12
89
168
243
297
340
364
366
366
373
352
301
252
207
166
126
90
51
18
-23
-72
-113
-134
-135
-131
-120
-96
-59
-42
-48
-34
31
107
138
137
126
114
79
24
-24
-49
-56
-77
-132
-207
-269
-321
-368
-398
-387
-337
-281
-239
-211
-185
-152
-96
-18
67
148
210
254
292
317
315
307
322
354
352
300
231
188
171
149
107
74
63
41
3
-50
-112
-154
-153
-132
-121
-108
-72
-27
-3
3
10
22
30
25
11
-12
-34
-57
-100
-154
-185
-199
-212
-228
-239
-244
-235
-227
-223
-203
-153
-108
-81
-47
-7
29
75
132
187
231
265
291
296
285
278
284
285
278
257
214
158
107
65
26
-15
-62
-100
-110
-109
-116
-122
-105
-67
-31
-7
11
25
28
5
-34
-67
-70
-70
-92
-118
-131
-147
-180
-223
-265
-280
-264
-244
-241
-220
-179
-140
-112
-89
-48
26
112
158
182
208
237
264
278
277
287
314
320
292
253
218
184
147
108
67
26
-17
-60
-95
-113
-109
-95
-79
-61
-48
-51
-58
-41
-20
-18
-32
-49
-67
-76
-84
-108
-128
-123
-110
-118
-135
-154
-178
-199
-201
-192
-165
-121
-79
-37
0
23
42
74
112
149
182
200
196
196
211
215
203
198
196
184
154
104
52
24
7
-13
-21
-13
-18
-28
-39
-65
-94
-103
-88
-62
-38
-32
-32
-24
-20
-28
-37
-40
-49
-61
-81
-110
-129
-140
-152
-157
-147
-131
-116
-103
-98
-97
-90
-68
-35
-3
31
80
135
173
203
231
247
244
241
237
217
188
162
128
98
71
47
21
-10
-47
-75
-89
-109
-138
-157
-148
-133
-118
-113
-104
-82
-50
-26
-15
0
26
41
30
9
-8
-13
-14
-18
-32
-48
-68
-89
-106
-113
-114
-114
-119
-127
-130
-123
-107
-73
-20
41
96
139
166
177
185
196
211
226
233
235
230
210
168
122
76
35
14
6
-19
-53
-85
-117
-147
-170
-177
-163
-137
-115
-103
-92
-79
-60
-33
1
35
61
69
60
39
8
-13
-17
-16
-19
-28
-35
-50
-70
-82
-91
-90
-73
-50
-35
-25
-22
-19
-5
20
49
80
105
113
114
115
103
99
113
125
120
108
86
53
12
-26
-53
-62
-71
-91
-110
-114
-115
-116
-98
-71
-44
-12
31
59
68
69
78
88
80
65
56
53
40
25
2
-8
-12
-34
-69
-92
-102
-101
-88
-75
-67
-56
-37
-15
-6
-1
10
27
37
39
25
11
22
45
56
53
54
45
26
-1
-23
-38
-46
-44
-51
-65
-68
-60
-47
-40
