6
6
4
5
4
7
6
6
3
3
1
3
2
-1
-3
-5
-4
-4
-5
-6
-7
-7
-6
-5
-7
-5
-2
-1
3
2
5
7
7
7
9
6
5
2
2
2
2
2
2
1
2
5
6
9
5
4
-1
0
-2
-3
-10
-10
-13
-8
-11
-13
-12
-10
-6
-8
-7
-10
-6
-9
-6
-9
-10
-13
-10
-15
-16
-18
-17
-18
-21
-17
-16
-13
-17
-15
-14
-8
-8
-4
-3
2
5
9
11
14
16
17
19
18
25
29
33
32
33
35
40
41
42
41
39
37
37
36
33
29
26
24
20
20
17
19
14
12
7
7
3
-1
-8
-16
-21
-28
-30
-38
-43
-52
-56
-63
-66
-72
-76
-79
-85
-86
-93
-93
-100
-97
-101
-102
-102
-100
-95
-92
-88
-82
-74
-66
-55
-46
-33
-24
-12
2
16
31
44
58
72
87
101
117
129
142
153
162
173
178
186
187
194
192
195
193
192
188
181
176
166
159
143
132
117
106
90
77
60
40
24
5
-10
-29
-45
-62
-76
-92
-105
-117
-130
-143
-156
-169
-178
-187
-194
-201
-207
-214
-220
-222
-228
-229
-232
-228
-230
-227
-224
-220
-214
-207
-199
-190
-178
-168
-153
-137
-122
-106
-86
-66
-47
-24
-4
22
42
69
91
118
143
168
194
215
235
255
278
291
309
322
336
347
357
361
366
369
371
368
361
351
340
326
308
289
268
245
219
193
163
137
102
74
39
6
-27
-57
-89
-120
-150
-181
-205
-237
-261
-292
-316
-341
-361
-381
-398
-415
-431
-444
-455
-460
-468
-474
-480
-481
-477
-472
-462
-449
-438
-420
-396
-369
-338
-310
-274
-234
-191
-150
-101
-53
2
54
103
154
202
256
302
352
393
439
481
528
569
606
635
666
691
713
728
740
745
740
730
713
692
658
621
576
530
481
426
369
309
253
197
139
77
14
-45
-111
-179
-252
-322
-395
-465
-533
-592
-648
-695
-734
-769
-798
-824
-835
-854
-859
-865
-860
-853
-835
-810
-786
-747
-710
-666
-624
-575
-521
-463
-401
-340
-278
-208
-131
-48
34
114
196
278
354
428
495
554
609
666
713
759
800
843
881
915
940
971
992
1004
1009
1001
988
960
932
886
841
782
724
655
585
514
444
369
287
204
122
43
-38
-123
-212
-300
-383
-463
-547
-621
-696
-763
-834
-889
-944
-983
-1024
-1053
-1080
-1090
-1090
-1080
-1062
-1040
-1001
-959
-906
-861
-811
-768
-716
-670
-611
-554
-486
-411
-333
-243
-144
-44
55
149
243
330
413
488
551
610
662
718
765
814
861
910
958
1002
1044
1078
1105
1122
1133
1130
1116
1091
1058
1010
963
907
848
779
714
637
561
477
393
299
205
109
6
-100
-205
-298
-393
-483
-571
-651
-733
-805
-876
-941
-1004
-1053
-1099
-1137
-1165
-1173
-1176
-1165
-1147
-1116
-1079
-1031
-976
-932
-878
-829
-770
-721
-667
-617
-559
-502
-433
-358
-267
-170
-66
40
141
255
354
451
528
606
664
725
776
828
878
929
985
1030
1084
1124
1163
1183
1200
1204
1196
1180
1153
1113
1068
1017
964
903
842
769
688
601
510
415
317
216
110
3
-105
-193
-297
-390
-490
-580
-678
-768
-858
-941
-1022
-1097
-1157
-1212
-1247
-1267
-1266
-1255
-1234
-1208
-1168
-1124
-1079
-1037
-994
-952
-911
-868
-819
-765
-708
-641
-574
-503
-418
-325
-226
-133
-29
72
180
279
370
456
542
623
693
758
826
897
966
1036
1102
1168
1222
1277
1320
1353
1363
1366
1352
1325
1287
1245
1195
1135
1074
1010
947
874
798
711
617
521
413
303
178
58
-62
-174
-282
-395
-498
-595
-681
-772
-848
-923
-997
-1066
-1124
-1175
-1220
-1253
-1278
-1297
-1305
-1301
-1296
-1287
-1270
-1243
-1219
-1186
-1156
-1117
-1077
-1029
-975
-914
-849
-778
-700
-618
-528
-436
-340
-249
-147
-41
62
164
270
380
486
599
711
809
906
1006
1101
1181
1257
1328
1398
1452
1497
1533
1565
1590
1599
1597
1579
1562
1527
1479
1413
1345
1264
1172
1068
951
826
694
561
418
280
150
22
-107
-230
-359
-470
-584
-687
-805
-914
-1022
-1123
-1204
-1276
-1330
-1385
-1416
-1446
-1442
-1441
-1426
-1425
-1414
-1399
-1374
-1347
-1323
-1293
-1283
-1256
-1229
-1171
-1116
-1046
-970
-884
-800
-690
-572
-462
-348
-231
-111
1
120
230
326
419
528
649
768
883
1002
1113
1219
1315
1405
1476
1524
1566
1595
1622
1637
1654
1659
1667
1658
1650
1623
1590
1546
1481
1399
1300
1193
1066
940
801
655
495
349
211
76
-60
-197
-339
-483
-607
-729
-862
-990
-1103
-1211
-1299
-1362
-1411
-1458
-1489
-1502
-1508
-1513
-1503
-1490
-1490
-1489
-1476
-1462
-1442
-1412
-1382
-1356
-1317
-1264
-1196
-1124
-1042
-950
-856
-748
-635
-532
-439
-346
-255
-160
-55
57
163
273
384
514
635
769
896
1011
1112
1210
1296
1362
1418
1463
1504
1523
1548
1567
1586
1601
1621
1626
1615
1593
1572
1536
1480
1409
1328
1226
1103
987
874
750
609
470
331
198
83
-43
-177
-322
-443
-562
-676
-784
-889
-984
-1068
-1126
-1179
-1219
-1246
-1260
-1277
-1288
-1276
-1266
-1256
-1255
-1253
-1256
-1257
-1253
-1247
-1247
-1244
-1219
-1195
-1152
-1100
-1017
-942
-859
-765
-666
-580
-496
-413
-336
-262
-174
-84
7
111
227
340
454
583
708
817
925
1027
1106
1178
1246
1293
1322
1353
1390
1413
1424
1441
1455
1463
1464
1457
1431
1400
1357
1305
1235
1155
1065
977
876
775
653
533
410
285
147
19
-115
-250
-381
-495
-603
-708
-778
-861
-926
-985
-1006
-1041
-1054
-1069
-1073
-1089
-1084
-1076
-1090
-1116
-1144
-1163
-1195
-1209
-1219
-1217
-1209
-1160
-1101
-1031
-960
-869
-784
-713
-640
-574
-541
-513
-478
-426
-379
-312
-235
-147
-35
103
250
377
503
617
727
816
902
962
1009
1043
1080
1114
1141
1173
1203
1232
1251
1276
1313
1339
1337
1317
1283
1256
1200
1132
1043
958
873
793
706
612
519
424
325
204
85
-37
-156
-283
-390
-492
-578
-663
-727
-786
-835
-855
-868
-871
-881
-882
-884
-881
-892
-912
-944
-984
-1016
-1050
-1083
-1100
-1091
-1072
-1041
-989
-926
-846
-767
-689
-628
-584
-543
-517
-506
-492
-464
-427
-369
-299
-207
-107
15
146
271
373
471
566
645
706
757
800
832
869
918
963
1002
1053
1107
1157
1197
1245
1261
1259
1250
1234
1190
1131
1081
1017
943
878
818
743
659
581
492
378
271
159
40
-90
-193
-293
-377
-456
-515
-566
-598
-610
-621
-626
-628
-632
-650
-676
-702
-736
-778
-832
-885
-934
-967
-982
-986
-973
-956
-919
-878
-816
-769
-714
-684
-659
-660
-658
-659
-662
-665
-650
-617
-565
-488
-404
-309
-210
-95
2
102
199
306
383
455
517
580
633
702
756
817
872
944
1006
1063
1120
1163
1193
1207
1222
1214
1199
1163
1123
1061
1007
955
897
812
716
613
493
366
241
113
-21
-138
-236
-308
-368
-405
-434
-460
-465
-461
-444
-455
-463
-493
-521
-566
-609
-670
-735
-797
-845
-879
-902
-898
-881
-853
-819
-763
-699
-649
-609
-571
-547
-542
-548
-557
-583
-600
-599
-581
-551
-500
-419
-324
-218
-97
7
104
197
293
353
402
444
491
530
574
634
692
756
835
923
1000
1067
1121
1151
1163
1168
1164
1127
1081
1029
976
914
858
805
724
636
529
427
296
181
58
-60
-189
-283
-359
-423
-475
-520
-532
-548
-531
-534
-522
-538
-534
-556
-582
-627
-667
-719
-765
-805
-837
-855
-852
-831
-816
-776
-731
-663
-615
-565
-533
-499
-482
-462
-471
-487
-489
-471
-453
-424
-386
-326
-252
-168
-81
5
88
176
252
311
365
418
473
515
574
635
709
768
853
916
992
1043
1105
1123
1158
1169
1178
1142
1095
1049
984
926
849
783
670
580
468
365
223
98
-27
-137
-254
-341
-410
-458
-502
-523
-544
-560
-563
-553
-554
-574
-588
-609
-632
-675
-707
-755
-781
-813
-819
-831
-799
-775
-729
-693
-646
-596
-551
-515
-494
-474
-454
-430
-423
-414
-407
-377
-340
-279
-218
-150
-85
-5
69
138
200
267
315
369
428
494
546
601
651
707
772
846
909
953
1004
1046
1082
1105
1119
1113
1092
1059
1022
963
895
813
725
623
509
399
255
119
-28
-141
-279
-386
-488
-558
-620
-648
-653
-669
-670
-675
-658
-661
-639
-652
-660
-700
-719
-752
-771
-803
-812
-830
-818
-794
-723
-670
-612
-553
-482
-422
-384
-343
-331
-328
-332
-298
-297
-279
-265
-227
-206
-133
-67
13
61
134
185
236
290
347
385
430
504
563
630
697
782
831
880
915
966
973
1004
1003
1014
1004
1021
1030
1023
1008
979
939
861
784
677
575
431
281
103
-48
-202
-332
-468
-576
-668
-717
-752
-768
-771
-769
-764
-777
-750
-735
-711
-729
-727
-754
-771
-796
-806
-834
-851
-835
-803
-765
-689
-602
-538
-478
-414
-363
-342
-320
-306
-305
-311
-289
-276
-250
-210
-140
-76
-1
96
184
255
312
366
404
446
503
543
565
607
694
771
828
895
954
1022
1058
1110
1111
1128
1135
1158
1146
1158
1154
1132
1094
1033
967
868
777
633
483
293
124
-68
-225
-388
-522
-659
-753
-832
-864
-883
-900
-913
-917
-893
-883
-864
-869
-866
-901
-910
-948
-971
-1016
-1030
-1051
-1031
-989
-907
-831
-751
-667
-587
-510
-463
-441
-471
-485
-514
-516
-521
-487
-458
-379
-289
-148
-33
96
198
282
346
404
459
486
521
550
603
668
771
846
947
1032
1146
1229
1330
1413
1483
1516
1543
1573
1579
1573
1542
1508
1429
1352
1256
1170
1040
895
703
493
269
58
-159
-369
-553
-717
-847
-933
-965
-995
-1000
-1010
-1000
-1002
-970
-968
-985
-1027
-1065
-1120
-1168
-1183
-1203
-1222
-1236
-1206
-1193
-1168
-1140
-1079
-1044
-990
-925
-857
-819
-759
-703
-645
-598
-531
-463
-377
-277
-187
-123
-49
44
134
235
331
419
490
606
709
819
899
1007
1070
1127
1179
1267
1347
1400
1462
1521
1587
1655
1740
1788
1806
1817
1803
1735
1632
1521
1376
1203
988
740
467
222
-11
-231
-440
-599
-729
-819
-872
-901
-923
-930
-944
-990
-1013
-1025
-1044
-1101
-1141
-1188
-1219
-1246
-1237
-1245
-1212
-1182
-1146
-1138
-1108
-1077
-1077
-1090
-1101
-1107
-1126
-1120
-1097
-1048
-1005
-928
-834
-704
-570
-408
-265
-109
41
182
277
363
447
528
581
637
709
799
893
1010
1125
1234
1354
1478
1580
1676
1766
1855
1916
1965
1988
2011
2011
1978
1903
1797
1691
1543
1379
1142
902
607
344
84
-107
-304
-461
-585
-669
-729
-773
-801
-852
-910
-974
-1036
-1119
-1163
-1212
-1258
-1322
-1336
-1353
-1333
-1302
-1253
-1219
-1186
-1149
-1144
-1150
-1188
-1228
-1311
-1408
-1508
-1577
-1606
-1604
-1543
-1443
-1298
-1112
-879
-623
-369
-152
22
151
273
365
442
512
608
700
799
921
1074
1247
1436
1616
1749
1865
1956
2043
2094
2154
2184
2210
2247
2309
2314
2257
2146
2035
1878
1671
1411
1116
780
448
175
-77
-280
-448
-563
-678
-691
-678
-672
-744
-786
-854
-943
-1044
-1125
-1235
-1361
-1446
-1504
-1531
-1544
-1474
-1430
-1372
-1313
-1215
-1167
-1148
-1195
-1276
-1398
-1521
-1663
-1813
-1905
-1941
-1909
-1831
-1656
-1441
-1143
-830
-495
-224
51
269
476
605
702
750
823
884
939
1005
1116
1290
1472
1672
1843
2046
2212
2344
2391
2464
2511
2550
2529
2531
2456
2316
2122
1929
1695
1425
1122
788
461
168
-59
-274
-427
-550
-621
-671
-619
-565
-535
-593
-640
-719
-832
-984
-1134
-1278
-1434
-1552
-1631
-1643
-1642
-1587
-1514
-1407
-1315
-1231
-1211
-1220
-1309
-1450
-1662
-1865
-2045
-2217
-2347
-2368
-2253
-2083
-1828
-1539
-1190
-841
-462
-125
175
405
608
762
878
990
1059
1113
1152
1271
1436
1678
1925
2173
2385
2583
2777
2922
3044
3115
3159
3146
3102
2916
2645
2341
2052
1702
1332
940
529
127
-188
-444
-660
-816
-882
-895
-822
-665
-553
-537
-571
-615
-758
-922
-1095
-1244
-1443
-1563
-1637
-1643
-1644
-1558
-1475
-1372
-1302
-1256
-1255
-1288
-1363
-1554
-1780
-2029
-2280
-2622
-2842
-2920
-2863
-2790
-2620
-2307
-1880
-1391
-901
-424
34
489
837
1107
1309
1425
1469
1498
1540
1574
1625
1749
1947
2174
2426
2680
2928
3168
3350
3502
3611
3706
3700
3592
3263
2840
2379
1965
1479
940
383
-172
-623
-955
-1121
-1255
-1230
-1165
-989
-835
-559
-402
-370
-478
-599
-806
-1015
-1190
-1354
-1506
-1605
-1563
-1497
-1327
-1153
-970
-936
-904
-1020
-1246
-1648
-2070
-2559
-3027
-3462
-3793
-3962
-3936
-3672
-3295
-2748
-2194
-1526
-873
-231
247
620
864
990
1045
1113
1217
1358
1561
1794
2046
2340
2684
2988
3279
3495
3633
3619
3604
3519
3467
3379
3377
3255
3017
2598
2232
1906
1591
1101
501
-95
-635
-979
-1245
-1319
-1397
-1258
-1134
-778
-455
-79
-16
-16
-143
-280
-559
-822
-1059
-1282
-1450
-1571
-1491
-1393
-1182
-1096
-963
-994
-1066
-1452
-1849
-2353
-2830
-3413
-3891
-4281
-4517
-4562
-4363
-3933
-3417
-2732
-2054
-1276
-607
28
398
704
852
953
940
1019
1176
1434
1711
2000
2359
2735
3189
3536
3857
3991
4041
3904
3797
3618
3495
3382
3300
3029
2573
2173
1907
1581
1055
450
-161
-629
-966
-1147
-1250
-1111
-846
-516
-115
475
923
1031
925
743
457
2
-456
-837
-1130
-1360
-1487
-1501
-1365
-1184
-1077
-1035
-1043
-1199
-1653
-2275
-2884
-3419
-4009
-4569
-4926
-5033
-4917
-4578
-3981
-3272
-2497
-1709
-960
-308
226
544
641
664
669
600
568
713
1024
1338
1635
1955
2343
2753
3117
3404
3590
3671
3600
3495
3419
3426
3481
3524
3253
2764
2270
1976
1621
1175
534
-167
-750
-1001
-1054
-1039
-820
-444
45
619
1349
1843
2017
1844
1538
965
331
-331
-923
-1456
-1752
-1883
-1843
-1652
-1354
-1099
-980
-941
-1130
-1556
-2321
-3119
-3924
-4523
-5121
-5498
-5614
-5231
-4556
-3638
-2680
-1707
-731
84
647
906
965
715
342
-107
-443
-741
-738
-462
112
707
1328
1895
2523
3097
3535
3714
3633
3376
3087
2902
2816
2875
2955
2831
2401
2054
1947
1853
1469
846
163
-332
-579
-654
-655
-432
75
668
1352
2132
2774
2930
2728
2285
1670
848
-20
-861
-1524
-1934
-2120
-2120
-1972
-1686
-1444
-1237
-1170
-1260
-1688
-2420
-3291
-3981
-4496
-4916
-5122
-5032
-4567
-3759
-2696
-1684
-771
51
732
1046
1104
890
382
-243
-753
-1163
-1433
-1394
-1008
-355
402
1097
1645
2232
2795
3172
3269
3203
3009
2837
2757
2786
2947
3209
3170
2728
2208
1919
1565
945
42
-818
-1385
-1565
-1553
-1356
-753
197
1186
2188
3230
3950
4117
3756
3103
2174
1074
-199
-1348
-2195
-2602
-2754
-2647
-2347
-1906
-1514
-1217
-1074
-1236
-1668
-2425
-3343
-4179
-4655
-4868
-4847
-4535
-3821
-2668
-1273
-33
854
1556
2039
2066
1550
792
-130
-1110
-2008
-2587
-2835
-2573
-1939
-952
197
1375
2277
2953
3435
3660
3532
3145
2776
2326
2072
1924
2256
2771
3069
2549
1902
1482
1188
454
-757
-1932
-2698
-2868
-2722
-2193
-1241
309
1811
3373
4856
6002
6131
5490
4284
2871
1117
-806
-2558
-3793
-4319
-4418
-4049
-3390
-2426
-1653
-974
-604
-528
-957
-1687
-2669
-3506
-4115
-4355
-4248
-3735
-2884
-1731
-396
820
1664
2052
2109
1714
910
-213
-1331
-2331
-3007
-3381
-3323
-2750
-1670
-346
1071
2342
3260
3772
4012
4039
3862
3471
2877
2295
1967
2075
2402
2924
3213
2806
1719
690
-40
-859
-2062
-3456
-4188
-4025
-3107
-1899
-286
1687
3867
5705
7165
7998
7821
6443
4318
1937
-535
-3001
-5163
-6388
-6622
-6037
-5016
-3592
-2092
-776
20
426
325
-298
-1333
-2443
-3388
-3939
-3966
-3525
-2710
-1690
-635
362
1232
1657
1390
708
-144
-1137
-2255
-3136
-3596
-3511
-2999
-2130
-959
469
1898
2988
3878
4330
4267
3658
2961
2328
1896
1482
1227
1264
1619
2266
3018
3839
4016
3006
1060
-353
-1327
-2172
-3539
-4563
-4600
-3335
-1598
392
2519
4782
6703
7836
8433
8089
6487
3617
615
-2290
-4696
-6985
-8221
-8278
-7015
-5249
-3164
-1216
506
1569
1932
1748
927
-407
-1910
-3073
-4005
-4505
-4518
-3666
-2492
-1340
-615
114
720
971
451
-366
-1155
-1781
-2308
-2471
-2181
-1572
-850
-41
935
1887
2561
2796
2961
2982
2801
2217
1708
1384
1475
1617
1919
2229
2573
2924
3326
3892
3873
2673
702
-679
-1427
-1820
-2630
-3362
-3254
-2072
-443
1254
2935
4557
5849
6449
6739
6162
4547
1939
-708
-3124
-4918
-6540
-7338
-7009
-5622
-3786
-1885
-191
1111
1813
1791
1381
360
-950
-2381
-3409
-4269
-4555
-4431
-3460
-2376
-1470
-999
-353
373
660
211
-518
-1034
-1391
-1595
-1747
-1463
-1002
-392
76
776
1324
1672
1610
1783
1953
2023
1781
1667
1787
2131
2382
2482
2763
2981
3233
3308
3722
3566
2517
484
-758
-1461
-1762
-2627
-3222
-3019
-1703
-133
1506
3221
4840
6155
6611
6750
6013
4351
1447
-1194
-3698
-5463
-7161
-7715
-7213
-5556
-3704
-1653
125
1458
2069
1903
1406
349
-949
-2377
-3082
-3496
-3322
-3113
-2316
-1705
-1247
-1246
-1062
-1269
-1784
-2563
-2851
-2576
-2119
-1701
-1000
261
1453
2255
2380
2317
1758
971
-68
-758
-1380
-1511
-1241
-62
1397
2833
3882
4914
5688
5899
5396
4550
3858
3383
2685
1145
-643
-1923
-2200
-2099
-2069
-2408
-2117
-1126
493
1918
3227
4303
5310
5810
5942
5436
3909
1493
-1158
-3407
-5230
-6683
-7600
-7312
-6000
-4062
-2209
-484
882
1813
2048
1715
777
-399
-1542
-2360
-2947
-3403
-3497
-3030
-2328
-1788
-1552
-1405
-1048
-750
-850
-1222
-1499
-1423
-1141
-810
-474
-237
-87
45
92
-49
-198
-278
86
906
1847
2582
3162
3740
4283
4571
4383
3748
2948
2405
2206
2189
2380
2416
1692
410
-548
-929
-1193
-1935
-2818
-2867
-1777
-92
1553
3091
4681
6134
6816
6650
5538
3361
230
-2962
-5626
-7618
-9011
-9262
-8043
-5689
-2969
-457
1604
3082
3797
3557
2537
928
-802
-2368
-3220
-3536
-3593
-3496
-2720
-1733
-1017
-847
-1012
-1171
-1161
-1348
-1707
-1823
-1593
-1014
-389
306
688
767
495
258
-192
-571
-855
-747
-111
996
2266
3485
4440
4891
4966
4661
4087
3135
2094
1528
1588
2173
2589
2080
712
-424
-949
-1206
-2003
-3330
-3765
-2691
-613
1395
3130
4749
6570
7491
7464
6086
3715
187
-3373
-6609
-8663
-10052
-10237
-8850
-6001
-2640
333
2662
4175
4947
4362
3063
1048
-806
-2547
-3425
-3725
-3169
-2590
-1629
-867
-657
-1224
-1835
-2336
-2692
-2978
-3189
-2683
-1534
-212
787
1761
2342
2518
1875
908
-328
-1529
-2512
-2668
-2041
-701
912
2805
4847
6350
6786
6342
5396
4148
2769
1389
616
616
1336
1806
1333
90
-863
-1379
-1641
-2427
-3433
-3465
-2000
228
2403
4170
5759
7080
7365
6509
4375
1179
-2593
-6020
-8595
-9849
-10117
-9038
-6531
-3039
423
3042
4605
5259
4906
3457
1513
-592
-2321
-3483
-3782
-3282
-2455
-1829
-1172
-623
-433
-895
-1899
-2756
-3109
-3126
-2848
-2127
-1107
206
1325
2118
2403
2030
1046
-6
-1022
-1785
-2149
-1872
-758
854
2424
3849
4933
5418
5295
4539
3515
2494
1590
1057
1371
2124
3290
3727
2807
864
-863
-2101
-2872
-4064
-5083
-4702
-2704
71
2650
4701
6416
7566
7292
5898
3319
-32
-3826
-6988
-9133
-9709
-9381
-7633
-4780
-1244
1914
4153
5168
5166
4134
2358
473
-1401
-2803
-3557
-3365
-2575
-1581
-1156
-889
-897
-1170
-1964
-2768
-3468
-3602
-3151
-2132
-882
379
1501
2360
2801
2507
1446
-122
-1507
-2512
-2950
-2846
-1864
-252
1812
3810
5538
6379
6277
5365
4151
2790
1550
615
347
887
1911
3114
3738
2940
882
-1154
-2585
-3490
-4532
-5346
-4867
-2622
252
2926
4911
6542
7454
7104
5473
2958
-357
-3942
-6940
-8717
-9120
-8457
-6710
-3955
-703
2164
4084
4777
4560
3494
1982
375
-1079
-2315
-2882
-2738
-2031
-1335
-994
-935
-1036
-1529
-2728
-3998
-4483
-4031
-3099
-1910
-767
619
2033
2880
2837
2113
898
-310
-1328
-2069
-2428
-2293
-1344
396
2326
3964
5171
5872
5995
5434
4212
2789
1622
838
450
474
1055
2107
3173
2868
1044
-1350
-2865
-3648
-4214
-4902
-4597
-2775
159
2927
4946
6237
7048
6772
5358
3093
122
-3194
-6070
-7817
-8365
-7909
-6732
-4518
-1684
1158
3166
4206
4309
3858
2923
1786
453
-795
-1779
-2227
-2269
-2126
-2353
-2880
-3314
-3477
-3557
-3546
-3419
-3032
-2061
-717
485
1187
1500
1619
1667
1185
259
-783
-1377
-1409
-1004
-486
411
1640
3041
4204
4789
4667
3996
3110
2262
1591
902
505
650
1235
2049
2746
3362
3409
1877
-913
-3159
-4052
-4148
-4250
-4331
-3054
-303
2556
4537
5555
6027
5967
4878
2979
742
-1898
-4604
-6377
-6958
-6608
-5880
-4577
-2371
212
2314
3464
3812
3678
3193
2323
1239
-16
-1302
-2288
-2781
-3025
-3378
-3863
-3978
-3686
-3685
-3931
-3708
-2741
-1446
-221
662
1447
2154
2373
2100
1546
807
12
-631
-932
-877
-791
-555
187
1327
2327
2923
3122
3388
3433
3050
2328
1693
1373
1572
1740
1915
2250
2558
2988
2692
777
-1819
-3500
-4037
-3770
-3800
-3788
-2531
-120
2335
4187
4949
5258
5211
4525
3187
1231
-1345
-3722
-5274
-5845
-5746
-5291
-4063
-2063
204
2143
3299
3619
3545
2976
2064
786
-814
-2378
-3369
-3923
-4143
-4229
-4224
-4041
-3524
-2710
-1764
-947
-368
87
729
1358
1471
1050
519
266
165
-140
-569
-808
-733
-396
-51
210
568
1128
1836
2580
3001
3116
2970
2765
2566
2305
1851
1577
1383
1265
1315
1643
2245
2278
743
-1589
-3107
-3456
-3256
-3513
-3698
-2613
-196
2289
4119
5100
5798
6004
5416
4014
1973
-768
-3480
-5446
-6388
-6584
-6283
-5152
-3011
-312
2082
3609
4176
4122
3494
2329
669
-1224
-2942
-4020
-4429
-4323
-4019
-3535
-2769
-1825
-1020
-576
-441
-325
-410
-747
-1001
-939
-640
-179
127
362
773
1092
1039
769
320
-17
-219
-215
102
639
1222
1884
2522
3016
3283
3212
2943
2495
1946
1346
867
537
635
1169
2035
1843
284
-1760
-2824
-2964
-2852
-3160
-2866
-1317
1192
3703
5517
6446
6677
6142
4823
2819
-71
-3276
-5914
-7209
-7428
-6925
-5847
-3642
-834
1943
3817
4674
4501
3685
2331
855
-849
-2492
-3710
-4137
-3940
-3511
-3039
-2614
-2354
-2136
-1801
-1519
-1381
-1452
-1455
-854
84
637
700
758
1077
1367
1122
499
-164
-541
-640
-512
-302
119
766
1633
2524
3092
3158
2772
2315
1870
1405
882
432
255
427
1162
2013
3080
3449
2385
124
-1895
-2962
-3243
-3396
-3422
-2365
-93
2732
4964
6119
6267
5836
4593
2784
223
-2581
-5103
-6395
-6663
-6113
-5211
-3495
-1161
1368
3297
4228
4117
3437
2393
1191
-284
-1960
-3400
-4161
-4296
-4083
-3738
-3227
-2522
-1932
-1768
-1907
-1951
-1763
-1221
-466
318
930
1467
1813
2020
1769
1080
226
-409
-879
-1181
-1351
-1221
-778
-83
739
1683
2492
3118
3492
3552
3037
2148
1203
596
530
639
777
1283
2165
3199
3683
2395
2
-2101
-2947
-2940
-2784
-2835
-1790
404
3052
4857
5339
4837
4235
3214
1775
-264
-2555
-4481
-5289
-5153
-4558
-3875
-2714
-930
987
2502
3210
3069
2379
1395
185
-1213
-2792
-4045
-4606
-4451
-3908
-3277
-2689
-1966
-1291
-806
-522
-301
-488
-808
-836
-329
333
920
1085
1188
1336
1245
760
2
-802
-1132
-999
-743
-497
-233
351
1246
2079
2492
2754
2906
3058
2968
2423
1749
1252
1134
1249
1752
2173
2938
3407
2721
390
-2190
-3828
-3935
-3654
-3391
-2511
-376
2345
4610
5535
5351
4750
3647
2197
436
-1501
-3571
-4866
-5269
-4857
-4323
-3415
-2006
-76
1629
2662
2692
2061
906
-361
-1645
-2793
-3668
-3848
-3370
-2514
-1603
-940
-454
-530
-1112
-1641
-1707
-1578
-1293
-948
-324
674
1500
1634
1325
801
291
-325
-1008
-1577
-1734
-1361
-491
444
1169
1838
2528
3197
3533
3260
2575
1794
1070
591
295
325
641
1193
1921
2737
3376
3926
3468
1281
-1718
-3724
-4244
-3717
-3183
-2266
-382
2312
4654
5805
5495
4519
3193
1686
80
-1636
-3470
-4681
-4912
-4476
-3928
-3270
-2119
-651
721
1586
1842
1328
394
-614
-1240
-1697
-2095
-2213
-1790
-1108
-573
-511
-799
-1294
-1873
-2370
-2480
-2220
-1645
-1148
-535
188
784
985
911
503
104
-170
-359
-410
-159
383
1249
1941
2183
1988
1663
1335
993
520
145
173
455
906
1298
1782
2339
2889
3146
3156
3031
2917
2902
2553
815
-1840
-3931
-4274
-3448
-2373
-1492
-148
1688
3460
4420
4177
3107
1879
753
-120
-942
-2009
-3116
-3677
-3650
-3502
-3410
-3101
-2311
-1179
10
873
1125
834
452
175
-19
-401
-917
-1274
-1358
-1451
-1662
-2090
-2509
-2865
-3053
-2796
-1970
-925
226
1210
1775
1808
1454
884
317
-258
-636
-531
13
739
1298
1608
1578
1213
541
-25
-337
-328
-14
537
1262
1893
2199
2311
2506
2797
2999
2979
2789
2665
2598
2669
2156
312
-2446
-4325
-4465
-3405
-2445
-1672
-436
1483
3167
3809
3366
2513
1752
1150
718
64
-1077
-2483
-3401
-3790
-3952
-4123
-3808
-2834
-1301
211
1297
1643
1423
965
599
152
-551
-1330
-1828
-1924
-1972
-2176
-2478
-2582
-2448
-1919
-1076
-52
856
1514
1972
1772
608
-741
-1347
-1152
-613
-99
440
1290
2109
2450
2168
1317
165
-768
-1189
-1068
-902
-748
-209
986
2213
3051
3404
3532
3635
3702
3537
2966
2154
1466
1226
1220
113
-2389
-4723
-5134
-3950
-2314
-1092
61
1409
2804
3657
3729
2909
1808
849
518
412
-212
-1637
-3058
-3864
-4232
-4445
-4371
-3682
-2395
-678
956
1937
1951
1442
878
494
-98
-859
-1508
-1765
-1838
-1780
-1719
-1676
-1592
-1468
-1039
-314
364
678
799
723
402
-73
-376
-401
-137
312
909
1409
1598
1354
792
79
-669
-1245
-1363
-927
-26
998
2018
2774
3158
3055
2734
2306
2084
1872
1676
1504
1510
1585
1576
1412
142
-2033
-4063
-4276
-3259
-1719
-750
251
1316
2586
3131
2928
2084
1470
1028
888
669
-62
-1503
-3126
-4209
-4816
-4925
-4616
-3431
-1745
312
1969
2777
2380
1472
551
9
-576
-1158
-1508
-1322
-943
-716
-813
-958
-1067
-1104
-1084
-812
-352
48
152
44
-148
-338
-298
51
460
930
1414
1628
1302
680
30
-451
-849
-1009
-767
-58
822
1533
1893
1956
1845
1459
1161
1151
1501
1996
2358
2342
2301
2052
1799
1416
126
-2167
-4086
-4420
-3240
-1747
-759
117
1124
2157
2715
2570
1998
1565
1096
765
453
-156
-1473
-3034
-4113
-4391
-4176
-3497
-2416
-1047
411
1596
1976
1484
501
-206
-393
-328
-337
-308
-241
-113
-229
-590
-1076
-1428
-1590
-1308
-649
181
802
653
-11
-591
-690
-525
-214
-55
262
893
1509
1442
857
301
204
230
228
91
-94
-184
-219
-268
-258
2
593
1338
2218
2964
3370
3156
2737
2126
1670
1238
937
228
-1375
-3225
-3976
-3256
-1988
-945
-302
592
1561
2177
1894
1420
1055
1098
949
964
715
80
-1173
-2439
-3485
-3956
-3733
-2818
-1645
-548
395
1037
1087
532
-111
-367
-134
163
352
356
307
23
-367
-806
-1156
-1385
-1310
-843
-96
416
447
100
-401
-854
-956
-745
-414
-4
617
1225
1509
1347
963
542
105
-433
-889
-1016
-828
-509
-224
201
773
1393
1875
2187
2430
2606
2595
2297
1752
1263
1038
1242
1173
5
-1969
-3152
-2843
-1790
-1057
-809
-501
278
966
1103
941
1087
1528
1811
1816
1494
793
-396
-1748
-3105
-3953
-3905
-2943
-1726
-828
-305
121
351
180
-282
-494
-220
386
869
1046
817
327
-180
-405
-473
-558
-582
-233
351
578
207
-490
-1480
-2497
-3005
-2451
-1116
342
1261
1721
1933
1947
1534
849
205
-167
-315
-341
-506
-833
-1045
-943
-515
209
1052
1859
2509
2845
2764
2476
2072
1601
1358
1530
1902
1523
1
-1978
-2923
-2781
-2172
-1816
-1296
-562
419
897
939
793
1158
1618
1847
1701
1341
644
-336
-1505
-2758
-3568
-3474
-2507
-1442
-758
-481
-356
-332
-329
-373
-312
-33
515
1116
1538
1401
833
262
65
-41
-268
-633
-881
-972
-1000
-1319
-1957
-2452
-2237
-1375
-397
359
909
1504
2043
2014
1272
541
188
49
-199
-505
-756
-658
-280
187
448
729
944
1244
1490
1752
1792
1909
2068
2190
2232
2316
2377
1525
-287
-2155
-2699
-2264
-1604
-1450
-1242
-785
-104
31
-40
59
891
1744
2162
1902
1219
283
-709
-1665
-2618
-3129
-2852
-1782
-696
-252
-446
-855
-1151
-1142
-865
-472
-45
521
1131
1572
1430
854
256
126
157
-7
-420
-608
-661
-760
-1168
-2012
-2896
-2900
-1792
-496
270
593
1026
1674
1994
1482
708
598
1063
1222
738
-30
-608
-670
-434
-464
-523
-133
850
1704
2177
2014
1937
2124
2525
2534
2525
2493
1896
191
-1705
-2590
-2443
-1869
-1492
-1110
-690
-140
-27
-81
-114
391
948
1379
1359
978
259
-421
-1015
-1616
-2048
-1927
-1231
-514
-281
-635
-1263
-1782
-1906
-1599
-929
-224
474
1161
1715
1726
1238
597
264
112
-218
-853
-1355
-1373
-1141
-1130
-1376
-1681
-1723
-1290
-622
-275
-143
121
597
1003
1253
1184
1047
1086
1144
835
420
165
72
149
321
222
61
174
638
1142
1574
1785
2030
2424
2777
2893
2503
1207
-686
-1743
-1492
-854
-762
-775
-652
-331
-278
-649
-1131
-808
153
898
1063
730
151
-360
-543
-843
-1321
-1482
-976
-366
-157
-503
-1144
-1723
-1869
-1610
-1113
-548
33
563
913
911
499
90
-57
66
96
-27
-234
-235
-149
-378
-935
-1467
-1681
-1621
-1343
-1221
-1201
-993
-364
302
923
1440
1875
2049
2025
1508
686
73
-16
115
247
269
185
323
740
1178
1409
1551
1690
1985
2380
2761
2567
1418
-291
-1307
-1080
-452
-408
-693
-604
-243
-204
-765
-1389
-1279
-274
660
900
510
-40
-467
-500
-539
-910
-1204
-801
-82
174
-168
-744
-1232
-1407
-1277
-1090
-915
-657
-314
-36
-6
-266
-439
-211
295
575
452
116
-83
-108
-140
-379
-758
-1152
-1442
-1575
-1616
-1614
-1391
-721
182
901
1258
1346
1270
1242
1172
908
606
714
1120
1416
1330
1024
812
900
1200
1251
1124
987
1138
1392
1789
1615
631
-623
-803
-163
266
-71
-488
-576
-351
-231
-567
-973
-734
111
571
420
-138
-687
-1112
-983
-770
-814
-950
-497
43
167
-204
-635
-996
-1013
-810
-753
-942
-1020
-846
-706
-732
-867
-803
-381
281
601
530
334
360
322
37
-511
-850
-866
-822
-1063
-1435
-1524
-1195
-606
-140
233
663
1243
1507
1410
1155
1004
924
1078
1327
1456
1447
1465
1463
1425
1324
1084
773
696
868
1141
1324
1162
418
-321
-372
104
285
21
-212
-177
-84
-209
-491
-675
-369
92
301
99
-324
-865
-1252
-1270
-1093
-938
-704
-261
95
88
-154
-367
-537
-620
-614
-671
-947
-1266
-1373
-1292
-1249
-1207
-994
-515
73
475
491
323
233
125
-148
-395
-351
-156
-122
-362
-651
-742
-582
-331
-117
87
319
490
498
410
304
290
465
830
1218
1421
1465
1416
1276
1023
754
587
488
469
571
740
735
491
268
350
738
1112
1182
888
499
264
184
49
-159
-225
-89
52
8
-222
-552
-899
-1157
-1215
-1085
-834
-501
-133
121
167
36
-109
-199
-266
-380
-575
-833
-1093
-1298
-1407
-1396
-1245
-978
-675
-398
-191
-66
-27
-64
-176
-284
-294
-179
-44
18
-16
-132
-260
-340
-421
-533
-576
-536
-465
-383
-224
-60
64
208
418
609
759
864
977
1046
1024
926
896
975
1081
1146
1089
941
837
1048
1397
1701
1747
1587
1277
1034
883
800
737
662
521
297
145
-46
-346
-749
-1018
-1129
-1019
-796
-621
-609
-596
-519
-466
-524
-602
-678
-736
-790
-887
-1062
-1265
-1366
-1353
-1241
-1119
-1013
-979
-956
-936
-883
-852
-818
-731
-561
-376
-240
-142
-75
-67
-125
-213
-337
-421
-435
-318
-184
-65
10
169
389
611
758
865
979
1104
1241
1353
1476
1603
1807
1916
1844
1572
1354
1218
1173
1087
962
777
676
751
906
1019
1001
930
766
637
480
261
-144
-560
-860
-934
-876
-798
-825
-915
-956
-926
-886
-850
-802
-792
-797
-830
-907
-1098
-1253
-1253
-1068
-898
-812
-812
-872
-1019
-1200
-1377
-1480
-1441
-1197
-851
-553
-369
-259
-163
-101
-83
-101
-54
35
111
101
83
97
177
272
365
436
543
676
803
921
1061
1174
1249
1360
1483
1513
1442
1441
1625
1913
2087
1971
1531
943
426
171
180
370
583
766
880
923
775
407
-73
-448
-602
-519
-339
-242
-312
-495
-697
-869
-969
-989
-905
-760
-635
-664
-871
-1179
-1434
-1547
-1474
-1285
-1037
-825
-758
-889
-1152
-1405
-1573
-1597
-1461
-1206
-908
-649
-446
-331
-272
-260
-215
-134
-13
117
276
456
585
623
636
755
948
1106
1121
1048
991
1002
1083
1205
1319
1299
1185
1130
1234
1425
1567
1594
1527
1452
1365
1267
1063
745
325
-37
-180
-86
67
145
156
115
14
-152
-292
-384
-417
-422
-396
-349
-366
-480
-661
-839
-1014
-1134
-1173
-1118
-1060
-1038
-1053
-1140
-1284
-1464
-1579
-1596
-1498
-1403
-1349
-1355
-1318
-1219
-1070
-936
-857
-764
-597
-382
-256
-205
-186
-100
17
222
448
683
838
979
1142
1268
1315
1338
1451
1593
1683
1644
1471
1214
1017
1033
1264
1536
1615
1429
1142
921
821
770
769
810
894
933
902
674
237
-278
-619
-682
-496
-165
129
254
190
-6
-303
-541
-628
-539
-386
-253
-304
-547
-905
-1262
-1549
-1702
-1648
-1439
-1184
-1060
-1107
-1268
-1450
-1656
-1836
-1873
-1777
-1585
-1369
-1151
-1004
-879
-765
-659
-539
-381
-213
-85
30
144
273
449
697
941
1196
1489
1773
1954
2038
2029
1905
1687
1506
1448
1547
1713
1779
1582
1235
987
941
986
991
914
722
513
371
310
186
51
11
126
259
294
138
-166
-459
-586
-591
-546
-398
-158
24
-9
-212
-522
-837
-1055
-1074
-1000
-961
-1032
-1186
-1430
-1720
-1958
-2035
-1901
-1611
-1312
-1160
-1161
-1269
-1427
-1590
-1655
-1573
-1356
-1060
-738
-450
-234
-82
57
236
441
588
636
695
867
1108
1335
1554
1724
1800
1804
1845
1960
2071
2050
1865
1630
1493
1426
1342
1237
1144
1003
818
693
629
523
357
202
44
-82
-131
-85
-85
-115
-96
-6
29
-23
-142
-283
-397
-491
-631
-789
-841
-736
-575
-513
-594
-774
-961
-1107
-1210
-1326
-1409
-1484
-1539
-1582
-1576
-1558
-1528
-1489
-1402
-1251
-1051
-840
-695
-589
-539
-506
-520
-474
-347
-73
289
690
1009
1212
1352
1420
1330
1073
878
950
1293
1644
1776
1672
1532
1490
1515
1486
1374
1218
1076
996
944
790
501
229
106
101
139
187
194
139
59
-44
-193
-359
-437
-401
-311
-265
-262
-291
-330
-394
-498
-637
-768
-849
-908
-963
-1038
-1078
-1072
-1044
-1039
-1067
-1090
-1070
-1038
-1037
-1079
-1108
-1063
-953
-809
-663
-555
-471
-399
-305
-223
-127
33
269
501
693
833
825
662
462
463
703
1072
1313
1326
1179
1072
1034
1001
901
816
807
883
988
1018
910
687
501
417
457
547
635
601
452
245
61
-88
-172
-159
-75
18
46
-37
-226
-446
-618
-745
-841
-888
-848
-799
-784
-823
-921
-1056
-1140
-1115
-1072
-1044
-1014
-964
-974
-986
-867
-623
-390
-198
-16
113
136
87
58
105
254
472
658
774
784
676
460
328
365
532
685
755
692
568
480
411
308
192
183
290
467
589
603
485
341
216
126
86
123
201
243
262
295
320
293
224
156
110
56
-63
-229
-396
-480
-517
-542
-572
-576
-541
-536
-580
-724
-902
-1050
-1090
-1080
-1036
-967
-849
-696
-540
-411
-327
-226
-109
-12
46
107
183
295
431
604
816
1064
1256
1317
1216
1035
888
846
877
854
754
590
481
439
409
267
44
-167
-258
-242
-200
-229
-324
-441
-522
-556
-510
-435
-345
-233
-84
57
132
141
94
19
-91
-185
-223
-160
-59
51
83
22
-135
-291
-434
-549
-635
-724
-836
-898
-839
-756
-679
-579
-456
-399
-383
-357
-336
-279
-171
-37
61
178
356
619
865
1058
1171
1212
1161
1021
894
834
871
922
941
856
756
717
740
707
587
395
191
38
-57
-147
-293
-431
-530
-556
-560
-574
-658
-760
-842
-865
-830
-699
-513
-360
-284
-298
-369
-462
-496
-451
-317
-172
-49
-12
-44
-192
-362
-485
-482
-425
-334
-226
-130
-94
-121
-192
-312
-357
-275
-91
60
177
231
264
311
446
598
731
819
850
792
695
664
714
823
903
932
893
868
848
825
742
629
497
382
273
176
58
-57
-196
-310
-364
-361
-334
-347
-431
-579
-682
-713
-694
-701
-709
-734
-757
-804
-862
-945
-981
-980
-966
-971
-906
-757
-598
-506
-509
-562
-599
-533
-376
-182
-32
91
188
298
392
478
530
575
648
779
892
965
995
1018
1020
1024
938
772
662
721
841
892
830
658
491
443
499
485
381
248
149
110
114
57
-47
-126
-126
-103
-66
-74
-130
-231
-318
-402
-480
-544
-567
-571
-603
-687
-829
-954
-1014
-955
-858
-805
-841
-895
-947
-991
-1020
-1009
-925
-771
-595
-472
-416
-389
-342
-252
-99
117
365
610
833
985
1054
1095
1166
1273
1383
1447
1418
1350
1298
1277
1246
1173
1039
880
785
733
643
448
232
74
-23
-125
-244
-361
-436
-466
-473
-474
-489
-531
-607
-684
-760
-826
-863
-828
-746
-675
-632
-607
-589
-588
-600
-614
-682
-770
-809
-723
-589
-507
-546
-676
-747
-671
-493
-358
-265
-228
-164
-59
94
182
245
368
555
749
913
1031
1098
1143
1166
1130
1079
1085
1164
1262
1299
1235
1078
928
813
735
657
570
421
268
128
24
-101
-188
-273
-317
-362
-397
-484
-571
-684
-824
-964
-1044
-1050
-1042
-1023
-1031
-1050
-1080
-1067
-1044
-981
-919
-843
-801
-751
-716
-662
-641
-581
-510
-381
-233
-54
96
233
347
443
524
642
817
1007
1191
1302
1366
1345
1300
1184
1088
1019
1057
1116
1184
1159
1060
905
776
685
636
590
524
449
360
231
53
-108
-251
-345
-398
-415
-475
-561
-654
-774
-962
-1166
-1315
-1370
-1341
-1269
-1216
-1196
-1198
-1205
-1177
-1116
-1055
-1016
-974
-927
-877
-828
-776
-740
-664
-527
-356
-189
8
203
374
527
647
756
902
1125
1335
1501
1569
1543
1436
1360
1325
1342
1391
1438
1399
1277
1130
995
934
921
920
831
725
577
427
220
8
-218
-379
-461
-475
-490
-549
-677
-849
-999
-1116
-1206
-1254
-1232
-1195
-1201
-1272
-1358
-1426
-1442
-1435
-1388
-1312
-1190
-1101
-1047
-1036
-1026
-1014
-916
-724
-474
-239
-19
178
335
483
649
869
1095
1319
1473
1581
1596
1549
1409
1267
1194
1240
1292
1289
1213
1124
1051
1005
961
918
866
815
732
622
466
295
129
-3
-87
-117
-144
-230
-384
-559
-703
-782
-790
-780
-803
-854
-958
-1105
-1214
-1217
-1169
-1158
-1199
-1311
-1362
-1296
-1144
-1051
-954
-858
-739
-619
-485
-403
-315
-138
90
294
477
641
736
804
888
965
1007
1045
1072
1070
1065
1042
957
808
718
722
812
902
950
915
846
781
718
633
547
444
297
110
-78
-247
-386
-530
-676
-780
-827
-822
-813
-812
-879
-940
-1022
-1078
-1098
-1007
-896
-796
-745
-732
-762
-762
-717
-671
-612
-482
-298
-107
57
190
321
487
687
833
919
938
951
961
980
962
928
908
926
938
912
791
612
447
355
316
321
315
288
207
113
-11
-121
-210
-253
-287
-310
-361
-460
-609
-769
-868
-903
-866
-807
-740
-716
-718
-763
-781
-765
-682
-604
-533
-509
-491
-485
-446
-402
-334
-234
-99
37
161
273
387
527
692
878
1039
1148
1188
1183
1153
1119
1073
1035
996
990
949
868
740
647
560
492
405
334
233
145
9
-167
-384
-540
-640
-697
-744
-795
-864
-953
-1061
-1200
-1329
-1389
-1366
-1338
-1298
-1258
-1174
-1081
-965
-868
-759
-633
-493
-360
-225
-98
9
113
241
377
513
660
814
950
1056
1145
1235
1342
1428
1495
1558
1598
1614
1589
1544
1451
1324
1157
956
739
569
452
347
237
79
-129
-342
-494
-610
-728
-855
-962
-1065
-1150
-1258
-1366
-1432
-1392
-1337
-1308
-1339
-1373
-1413
-1414
-1407
-1403
-1349
-1211
-1015
-829
-657
-513
-376
-248
-106
66
267
470
639
756
837
915
1045
1196
1349
1461
1549
1586
1596
1588
1574
1526
1475
1410
1376
1322
1248
1122
980
788
587
343
89
-138
-289
-414
-550
-704
-869
-1007
-1086
-1106
-1129
-1161
-1193
-1254
-1355
-1439
-1481
-1488
-1469
-1389
-1303
-1208
-1107
-991
-915
-819
-681
-482
-286
-84
90
269
441
620
773
917
1067
1209
1294
1302
1227
1141
1075
1079
1085
1108
1078
1043
985
933
858
773
678
583
489
372
235
78
-58
-204
-336
-473
-569
-673
-750
-846
-932
-1046
-1118
-1181
-1186
-1167
-1112
-1053
-977
-886
-828
-788
-755
-690
-602
-465
-332
-196
-70
92
271
467
640
778
896
1011
1125
1219
1274
1279
1244
1209
1180
1151
1104
1017
885
732
578
456
357
253
135
-4
-146
-270
-377
-474
-560
-636
-720
-816
-914
-1013
-1103
-1189
-1238
-1247
-1205
-1150
-1082
-1015
-944
-892
-837
-751
-629
-462
-274
-105
9
88
163
271
420
571
700
783
867
919
962
971
986
992
1014
1038
1065
1082
1082
1047
959
856
746
658
574
485
346
186
26
-95
-206
-299
-397
-483
-567
-642
-721
-781
-822
-843
-857
-883
-921
-964
-991
-1000
-980
-956
-924
-866
-765
-653
-552
-467
-396
-321
-215
-86
46
181
312
418
473
497
489
528
656
859
1002
1011
888
747
689
736
814
845
821
775
733
680
588
455
323
230
177
132
81
-21
-158
-322
-446
-507
-497
-478
-500
-567
-656
-703
-713
-665
-617
-555
-518
-464
-443
-421
-425
-399
-357
-300
-244
-187
-109
-30
42
69
102
169
287
379
431
424
423
448
489
484
445
383
327
264
211
144
77
17
-25
-76
-119
-154
-183
-209
-222
-217
-201
-172
-148
-125
-117
-117
-126
-107
-69
-24
-1
-3
-17
-9
32
90
135
168
192
223
249
281
267
233
190
179
182
204
216
186
128
66
22
-22
-43
-50
-50
-61
-73
-94
-110
-119
-131
-160
-191
-214
-233
-252
-291
-342
-387
-409
-436
-462
-471
-450
-396
-332
-285
-271
-252
-200
-133
-65
-21
25
73
146
200
249
288
333
373
418
461
500
530
543
557
556
563
562
573
557
542
502
470
402
323
218
99
-10
-85
-130
-165
-189
-217
-246
-284
-309
-341
-371
-400
-425
-446
-455
-443
-428
-411
-408
-408
-412
-403
-373
-332
-305
-290
-288
-268
-210
-124
-55
-23
-11
9
59
140
228
283
315
332
348
355
375
387
403
419
436
450
470
490
474
421
355
303
263
231
178
91
-12
-134
-252
-361
-432
-487
-537
-590
-639
-673
-689
-682
-650
-587
-499
-390
-278
-191
-121
-72
-18
47
141
251
342
404
427
454
483
537
586
628
640
642
623
570
489
407
356
332
318
270
188
70
-51
-170
-249
-296
-306
-308
-307
-330
-354
-378
-384
-390
-390
-376
-339
-303
-309
-361
-440
-482
-486
-442
-393
-341
-298
-260
-237
-221
-205
-167
-109
-32
33
92
141
177
189
195
227
292
385
469
507
492
457
435
436
459
496
526
545
553
540
489
421
356
313
278
230
161
67
-36
-141
-225
-277
-286
-270
-259
-276
-310
-350
-387
-414
-413
-382
-327
-268
-232
-235
-266
-298
-321
-312
-273
-226
-199
-186
-192
-202
-195
-151
-92
-35
15
58
90
119
118
88
62
61
79
111
154
180
190
171
143
108
91
92
99
99
94
86
69
54
39
34
45
58
59
38
12
-12
-20
-14
5
40
89
142
192
244
289
323
355
385
410
418
397
354
305
275
249
213
155
91
22
-30
-83
-134
-198
-248
-281
-289
-304
-337
-394
-453
-497