SAMPLES:	9201
BITSPERSAMPLE:	16
CHANNELS:	1
SAMPLERATE:	16000
NORMALIZED:	FALSE
3
-6
-5
2
-3
-12
-11
-1
7
4
0
-2
-1
-3
-5
-9
-9
-5
0
5
3
1
2
9
9
3
-3
-3
3
4
-3
-8
-5
-2
2
1
-1
-2
0
0
-1
-3
-4
-4
-2
-4
-4
-1
2
3
5
6
4
1
0
0
-2
-5
-5
-2
0
-1
-2
0
0
0
1
3
3
2
2
2
-1
-2
-1
1
2
3
6
6
5
3
3
3
1
0
1
4
2
0
2
3
3
0
-2
-1
1
1
0
0
0
2
0
-2
-1
-2
-3
-3
-2
0
1
0
-1
0
0
-2
-2
-2
-2
-1
-2
-2
-1
0
2
4
1
1
1
2
0
-2
-1
3
1
2
-3
1
-3
1
-1
2
1
-2
4
3
4
-9
-2
-9
4
1
5
0
1
-5
7
6
-8
-16
0
12
7
-1
-9
9
-6
1
-3
12
-32
-15
31
28
-5
-47
9
19
19
-27
-30
-6
8
11
-5
-8
-18
-5
12
29
7
-1
-14
10
25
-12
-30
-28
34
32
2
-22
-4
-24
18
25
27
-64
-31
39
28
-13
-57
5
14
70
-27
-35
-18
49
20
8
-29
-78
-1
61
108
-83
-69
8
141
-7
-102
-64
37
101
5
-72
-76
41
81
84
-110
-97
-28
169
-12
-113
-85
119
148
6
-74
-89
17
67
78
-92
-128
36
120
-25
-68
-73
21
113
128
-46
-125
25
92
89
-123
-18
15
44
-45
74
2
-228
34
146
55
-197
-7
54
119
12
-141
-22
68
134
19
4
-198
-7
159
8
-127
-200
75
117
147
-286
-18
196
113
-55
-66
66
-15
54
-24
-66
-121
7
131
-133
-47
44
169
114
-61
-68
18
142
-188
-148
-106
159
88
-36
-209
83
246
148
-174
-171
79
109
15
-126
-78
-110
94
31
-16
-75
14
151
81
-183
-20
41
-14
-158
29
-34
54
40
62
111
10
-80
29
52
-37
-121
-10
170
-50
-18
-43
229
-37
-35
-104
72
-63
-109
147
-79
29
-28
199
-50
-3
-95
-26
89
-80
-81
-24
123
-32
50
-51
200
-12
-160
-55
47
90
-214
-33
3
149
35
-138
-1
34
189
-146
60
-9
40
-17
62
-24
-139
72
-5
27
-51
37
49
28
-5
58
-157
-90
89
100
-200
-78
286
19
-163
-98
178
20
-57
-54
197
-25
-118
31
78
14
-194
164
-41
-7
-97
45
63
14
2
-13
161
153
-2
-98
-108
-40
16
-193
-192
73
-34
-29
175
183
-166
-210
306
183
-190
-293
86
502
-104
-258
-183
306
98
-51
-114
-17
127
-200
224
-276
87
24
49
-226
137
111
-294
87
60
-7
-136
-11
83
108
110
-17
-112
-163
291
373
-251
-512
167
442
5
-423
-184
402
143
-314
-114
256
-151
-160
-95
351
8
-272
-159
377
405
-324
-364
14
565
-49
-289
-382
412
276
69
-393
-152
298
176
47
-262
-144
-53
256
26
-204
-356
56
511
77
-388
-183
421
373
-208
-467
24
538
94
-456
-210
380
292
-213
-211
335
145
-314
-267
243
102
-427
-318
427
183
-274
-152
514
49
-324
-321
182
31
-334
-165
316
545
56
-75
93
267
-207
-202
-35
22
-228
-268
59
381
12
-310
88
614
144
-349
-348
368
77
-354
-415
325
273
-264
149
432
174
-349
207
207
-92
-468
-211
142
206
-377
-160
260
449
-43
-45
126
138
-155
-415
61
47
-153
-271
250
71
126
-126
-59
267
187
-199
-118
208
-92
-88
-181
13
83
4
-323
41
216
35
-33
9
136
-101
-60
-61
178
-220
-135
125
221
31
-159
-13
120
147
-253
-307
-30
142
-90
-103
-56
-18
-33
111
137
18
-2
70
106
107
57
-102
-79
1
97
-69
-138
-112
11
-19
-88
4
8
122
156
97
-22
24
86
-29
-115
-134
4
-59
33
123
143
107
11
140
7
-115
-284
-8
6
-67
-126
42
151
74
124
7
123
33
63
-58
-28
-57
-105
-62
-79
63
0
-70
-104
78
7
-24
-73
23
10
-56
-137
-102
-50
-39
64
67
110
50
153
111
49
-37
33
49
23
27
8
37
92
101
13
2
11
48
-18
-58
-80
-51
-51
8
72
16
5
62
99
19
-42
-21
39
18
-11
-34
-44
-55
-41
-43
-136
-257
-145
-2
-80
-161
-135
22
59
-5
-75
37
101
85
78
86
110
136
158
137
94
7
-15
-17
-54
-121
-123
-109
-100
-79
-76
-69
-11
52
81
58
63
57
66
19
11
50
93
98
135
143
117
66
-17
-95
-140
-153
-117
-71
-75
-36
-18
-12
-36
-100
-132
-124
-73
-33
-33
-47
4
74
97
61
13
-9
31
54
-16
-20
-25
33
35
37
-22
-15
-16
30
-1
-47
-22
54
117
44
59
99
132
80
80
73
97
72
114
129
121
121
145
113
1
-36
-79
-117
-207
-200
-79
4
-32
-56
22
77
29
-152
-221
-130
-104
-228
-210
-106
-27
-37
-5
100
111
-39
-174
-119
-93
-197
-319
-205
-20
23
-78
-64
36
55
-13
-68
-48
-26
-39
-61
20
3
-1
50
161
167
160
139
196
228
207
202
276
357
397
404
436
481
421
321
228
163
139
146
109
76
42
59
71
41
-46
-109
-167
-206
-314
-423
-468
-475
-507
-525
-535
-605
-673
-666
-615
-622
-725
-770
-604
-478
-504
-552
-481
-406
-422
-467
-395
-262
-218
-151
87
454
535
523
624
1042
1293
1311
1309
1640
1959
2095
2054
2070
2101
2004
1725
1412
1134
750
389
115
-66
-343
-536
-542
-556
-871
-1289
-1492
-1653
-2027
-2462
-2538
-2384
-2232
-2221
-1967
-1448
-990
-819
-721
-583
-514
-665
-913
-991
-967
-1024
-1098
-945
-632
-478
-470
-390
-102
178
404
656
1094
1603
2169
2826
3459
3953
4278
4624
4947
5247
5247
4903
3753
2237
789
-201
-1671
-3437
-4718
-4599
-4012
-3630
-3394
-2522
-1330
-549
-392
-302
-143
-232
-408
-259
223
476
538
832
1378
1358
490
-597
-1368
-2070
-2936
-3552
-3558
-3141
-2732
-2191
-1376
-658
-520
-627
-665
-787
-1189
-1352
-993
-392
-30
457
1507
2756
3266
3138
3273
3763
3903
3382
3074
3412
3977
4005
3943
4290
4475
3288
1223
-279
-1229
-2801
-4852
-5725
-5075
-4035
-3446
-2584
-1089
262
641
469
490
487
-25
-543
-251
399
503
341
666
1076
527
-865
-2026
-2621
-3298
-4127
-4366
-3843
-3266
-2902
-2265
-1348
-896
-1054
-1017
-376
288
512
770
1495
2402
2801
2796
2867
3085
3016
2870
3006
3427
3833
4124
4613
5087
5384
5071
3997
1948
-53
-1676
-2988
-4562
-5686
-5729
-4608
-3309
-2353
-1361
-271
605
660
480
244
83
-396
-496
-132
383
492
509
711
608
-118
-1492
-2757
-3841
-4523
-4967
-4704
-4036
-3142
-2308
-1235
-129
429
429
345
665
870
872
683
931
1249
1546
1654
1947
2220
2463
2718
3080
3416
3524
3892
4407
4921
4788
4825
4870
4355
2226
-87
-1616
-2603
-4417
-6208
-6465
-5142
-3815
-3233
-2169
-447
1077
1206
946
867
904
248
-314
-232
158
80
-130
44
-36
-937
-2306
-3256
-3979
-4652
-5085
-4577
-3600
-2695
-2004
-796
447
1001
739
717
1119
1337
1000
729
1047
1491
1636
1594
1858
2236
2526
2746
3176
3641
4143
4711
5174
5336
5326
5377
4622
2575
-66
-1766
-3017
-4627
-6568
-6987
-5743
-3903
-2831
-1701
-42
1538
1972
1579
1270
934
286
-579
-606
-216
-146
-576
-577
-401
-991
-2578
-4013
-4452
-4597
-4868
-4710
-3401
-1733
-496
326
1256
2021
1932
1323
900
897
583
127
-11
429
681
612
653
1180
1623
1731
2013
2841
3780
4204
4667
5373
5960
5794
5609
5264
3747
785
-1827
-3152
-4503
-6642
-8059
-7054
-4895
-3265
-2291
-415
1758
2878
2304
1711
1547
1122
-128
-889
-598
-245
-642
-1019
-706
-771
-2124
-3893
-4563
-4401
-4586
-4849
-3997
-2070
-504
489
1360
2384
2525
1970
1316
1247
851
108
-403
-32
376
299
198
736
1569
1967
2231
2973
4053
4802
5261
5804
6298
6550
6037
4348
1522
-1133
-3158
-5045
-7187
-8438
-7782
-5761
-3542
-1740
317
2198
3421
3108
2434
1539
690
-637
-1267
-1263
-882
-920
-867
-648
-757
-1746
-3293
-4274
-4577
-4493
-4323
-3195
-1449
292
1386
2360
2995
2896
1932
997
535
108
-634
-1204
-1016
-580
-486
-559
-140
532
998
1350
2171
3210
3966
4439
5209
6243
6828
6630
6239
5752
4124
960
-2401
-4828
-6738
-8709
-9688
-8752
-6389
-3864
-1369
1253
3640
4723
4444
3622
2752
1408
-306
-1503
-1752
-1596
-1598
-1437
-1082
-951
-1610
-2667
-3548
-3890
-3935
-3820
-3113
-1810
-277
831
1754
2239
2301
1649
989
439
27
-592
-927
-846
-521
-306
-180
262
932
1787
2475
3407
4274
5180
5818
6533
6895
7020
6939
5958
3184
-705
-3760
-6013
-8321
-10746
-11043
-8894
-5435
-2511
408
3483
5926
6326
5094
3613
2200
418
-1554
-2383
-2239
-1726
-1455
-941
-783
-1259
-2472
-3664
-4588
-4947
-4659
-3574
-1984
-214
1552
2986
3739
3358
2419
1272
363
-873
-1812
-2264
-1851
-1522
-1118
-601
284
1026
1460
1861
2226
2717
2986
3730
4549
5353
5563
5876
6377
6549
5821
3468
189
-3608
-6039
-8130
-9453
-10701
-9273
-6368
-2245
636
3533
5722
7219
6616
4734
2734
850
-897
-3004
-3632
-3688
-2739
-2500
-1604
-1480
-1312
-2200
-2715
-3343
-3337
-3220
-2617
-1622
-392
828
1519
1969
1843
1699
1004
479
-200
-423
-818
-979
-1151
-881
-424
247
1023
1789
2615
3311
4248
4987
5649
5856
6256
6426
6748
6327
4257
236
-3561
-5909
-7838
-10023
-11053
-9118
-5533
-1829
1179
4500
6946
7627
6043
4062
2053
-24
-2571
-4029
-3991
-3256
-2700
-2042
-1091
-831
-1338
-2279
-2821
-3356
-3604
-3345
-2038
-559
643
1422
2213
2570
2098
1127
298
-271
-998
-1547
-1717
-1449
-1261
-956
-405
454
1086
1475
1932
2563
3123
3374
3936
4483
4971
5040
5532
5789
5821
4384
1709
-1901
-4700
-6682
-8241
-9395
-8888
-6209
-2730
684
3390
6041
7157
6891
4652
2639
261
-1697
-4092
-4952
-4857
-3748
-2804
-1619
-647
-358
-757
-1391
-1687
-2208
-2313
-1895
-553
327
1001
1390
1966
1699
801
-290
-718
-978
-1433
-1955
-1893
-1296
-856
-610
-137
815
1597
2092
2480
3035
3346
3466
3675
3970
4196
4388
4921
5243
5255
3962
1303
-2358
-4962
-6756
-8280
-9673
-8944
-5991
-2244
912
3711
6320
7523
6734
4453
2418
234
-2088
-4502
-5089
-4568
-3451
-2635
-1185
31
453
-106
-480
-654
-1067
-1476
-1174
-144
323
133
-129
95
-195
-1004
-1683
-1429
-954
-687
-468
70
458
484
352
504
661
572
548
1035
1747
2257
2702
3474
4321
4982
5397
5695
5612
5157
3537
411
-3329
-5910
-7538
-9075
-9787
-8105
-4440
-693
2349
5045
7352
7908
6344
3596
1124
-1120
-3324
-5007
-5140
-4101
-2712
-1409
-28
1035
1232
719
-39
-709
-1412
-1798
-1656
-970
-498
-235
43
391
175
-554
-1211
-1326
-1204
-1228
-1266
-1030
-445
-5
255
409
728
986
1285
1490
1734
1887
2292
2864
3397
3754
4217
4729
4763
4657
3860
1571
-2289
-5272
-6757
-7654
-8725
-7933
-4693
-501
2691
5118
7244
8135
6913
4090
1462
-921
-3110
-5219
-5443
-4361
-2689
-1530
18
1417
1906
1123
138
-425
-1090
-1881
-2331
-1701
-976
-705
-1037
-810
-471
-561
-1439
-1766
-1247
-560
-493
-601
-284
124
223
-50
-30
137
414
587
1097
1744
2410
2971
3625
4105
4250
4435
4583
4797
4250
2406
-986
-3894
-5537
-6400
-7576
-7494
-5130
-1325
2024
4507
6551
7551
6788
4210
1536
-923
-2830
-4736
-5116
-4220
-2281
-662
908
1960
2313
1618
497
-557
-1548
-2175
-2394
-1903
-1519
-1145
-1043
-833
-1091
-1483
-1901
-1821
-1535
-1121
-737
-287
93
270
297
243
246
127
7
-105
66
244
612
961
1754
2535
3323
3749
4669
5438
5585
5162
4283
1825
-1962
-4866
-6007
-6738
-7647
-6648
-3257
993
3764
5594
6834
7217
5301
2299
-409
-2088
-3658
-4589
-3882
-1988
-157
898
1861
2230
1700
154
-1004
-1838
-2366
-2835
-2530
-1810
-1407
-1567
-1782
-1741
-1910
-2314
-2488
-1699
-539
354
573
770
900
871
382
-185
-701
-1002
-1073
-936
-709
-421
249
1336
2783
3957
4737
5216
5940
6229
6066
5214
3269
-233
-3581
-5388
-6387
-7585
-7681
-5227
-1405
1818
3949
5847
6865
6111
3608
1216
-490
-1721
-2977
-3008
-1809
-220
602
1062
1323
892
-494
-2070
-2895
-3292
-3447
-3216
-2195
-1254
-759
-607
-134
137
-117
-502
-385
-79
-248
-764
-1175
-1334
-1667
-1933
-1737
-1000
-308
62
325
645
764
621
584
897
1492
2233
3110
3981
4876
5677
6032
5729
5536
4517
1743
-2155
-4576
-5853
-7219
-8324
-6850
-3339
243
2657
4771
6605
7017
5403
2979
1225
-194
-1606
-2614
-2232
-1673
-1376
-1624
-1422
-1652
-2314
-3204
-3174
-2725
-2165
-1600
-639
364
800
836
637
269
-691
-1843
-2824
-3080
-2880
-2410
-2049
-1413
-513
462
1045
1203
1045
800
637
395
99
-168
24
613
1760
3061
4340
5352
6386
7166
7358
7149
5788
2425
-2113
-5025
-6430
-7904
-9443
-8131
-4098
199
2792
4840
6740
7391
5740
3204
1455
257
-1299
-2725
-2688
-2087
-1921
-2450
-2259
-1906
-1873
-2449
-2326
-1671
-890
-500
16
466
425
-186
-860
-1398
-2172
-3027
-3442
-3019
-2321
-1710
-1071
-119
690
1065
1141
1305
1269
956
441
88
-367
-749
-939
-352
677
2117
3483
4725
5397
5818
6249
6245
5818
4845
2857
-490
-3451
-5063
-6222
-7785
-7971
-5741
-2306
525
2742
5008
6695
6735
5212
3550
1891
-6
-2340
-3613
-3918
-3662
-3432
-2656
-1663
-1023
-950
-1059
-1073
-1250
-1351
-1372
-970
-738
-507
-481
-252
-355
-745
-1570
-2199
-2246
-1642
-1078
-798
-266
789
1815
2085
1754
1179
533
-430
-1417
-2029
-1948
-1339
-163
1478
3439
5026
5768
5947
5911
5743
5036
4584
3580
1290
-2151
-4259
-5452
-6900
-8479
-7561
-4350
-745
1921
4425
6835
7840
6696
4328
2329
322
-1668
-3494
-3783
-3664
-3203
-2925
-1932
-1489
-1544
-2113
-1970
-1711
-1531
-1425
-827
-8
475
727
895
928
333
-265
-636
-792
-1270
-1606
-1660
-1351
-1094
-662
-133
471
721
725
610
402
-134
-847
-1121
-764
-116
403
976
1712
2594
3309
3793
4371
5136
5750
5783
5845
4826
1850
-2562
-5471
-7117
-8595
-9631
-7749
-3652
664
3717
6321
8117
8207
6250
3697
1376
-882
-3141
-4739
-4883
-4420
-3754
-3190
-1804
-698
-161
-362
-98
63
63
-185
107
495
565
286
44
-183
-838
-1746
-2390
-2673
-2810
-2541
-1592
-428
415
895
1464
1794
1417
218
-984
-1866
-2403
-2772
-2451
-1415
324
2273
4273
5976
6901
7265
7223
7132
6268
5447
3611
482
-3847
-6628
-8220
-9379
-10036
-7896
-3654
813
4068
6598
8377
8393
6379
3438
1137
-838
-2542
-3953
-3869
-3476
-2816
-2530
-1582
-988
-589
-783
-686
-684
-605
-596
-390
-85
86
140
2
-169
-587
-1022
-1438
-1492
-1426
-1179
-1094
-1045
-1056
-941
-762
-645
-771
-983
-1079
-1026
-987
-828
-390
439
1380
2314
2968
3530
3827
3980
3976
3992
3857
3797
3705
3123
2520
2005
330
-2971
-5518
-5981
-5945
-6270
-4995
-1608
1913
4061
5401
6607
6714
5085
2525
563
-972
-2569
-4103
-4416
-4057
-3449
-2794
-1552
-249
451
407
233
69
-266
-700
-945
-750
-433
-128
-128
-293
-647
-995
-1466
-1754
-1953
-1899
-1777
-1623
-1420
-869
-227
168
296
451
600
643
553
446
451
665
1028
1409
1796
2145
2351
2490
2559
2719
2978
3646
4056
4518
4209
2212
-1435
-4179
-5369
-6435
-7354
-6023
-2342
1197
3454
4880
6122
6102
4633
2297
712
-588
-1811
-3183
-3465
-3399
-3112
-2785
-1743
-687
-40
61
57
-66
-492
-1081
-1527
-1476
-1262
-886
-498
36
276
327
112
-120
-461
-684
-1019
-1106
-1082
-1050
-1202
-1084
-668
-203
37
240
473
689
841
917
975
911
742
557
511
652
809
1129
1477
1946
2600
3698
4631
5256
5857
5375
2734
-870
-3108
-4876
-7050
-8015
-5816
-2408
249
1853
3735
5022
4810
3016
1531
516
-452
-1994
-2914
-3076
-2938
-2848
-2352
-1437
-831
-692
-726
-502
-477
-564
-715
-396
152
832
1246
1423
1076
460
-254
-962
-1756
-2513
-3014
-3065
-2535
-1741
-979
-93
1006
1912
2111
1725
992
219
-600
-1285
-1617
-1493
-963
-247
946
2234
3663
4675
5568
5991
6386
6117
5660
4828
2825
-963
-4519
-6095
-7098
-8353
-8149
-5106
-1481
1135
2748
4498
5458
5093
3536
2369
1365
47
-1772
-2787
-3229
-3397
-3431
-2629
-1465
-580
-220
-64
-8
-182
-340
-419
-149
104
468
658
802
462
-10
-539
-1014
-1698
-2107
-1969
-1546
-1325
-1121
-566
212
668
617
370
171
-96
-517
-852
-802
-423
51
447
896
1445
2045
2349
2433
2409
2667
2983
3182
3059
3096
3259
3354
3169
1573
-1341
-4153
-5230
-6111
-6897
-6245
-3109
123
2470
3758
4751
4702
3640
1704
162
-979
-1904
-2754
-2804
-2330
-1960
-1479
-681
216
412
167
-491
-1003
-1460
-1440
-1231
-652
-7
838
1521
1993
1968
1674
1163
489
-365
-1313
-2200
-3013
-3328
-3186
-2646
-1854
-718
283
819
1013
1081
1028
858
877
1081
1488
1609
1441
976
704
499
504
634
1134
1565
2006
2401
2790
2979
3575
3868
2320
-698
-2709
-3598
-5092
-6447
-5471
-2669
-319
923
1883
2958
3299
2451
1178
674
461
-123
-787
-752
-656
-749
-827
-463
-165
-246
-777
-1228
-1394
-1334
-1203
-803
-192
399
894
1316
1395
1052
584
170
-446
-1421
-2383
-2982
-3028
-2800
-2323
-1468
-210
830
1451
1702
1808
1536
1097
639
478
291
-168
-946
-1506
-1653
-1478
-954
-11
1179
2490
3594
4200
4444
4386
4106
3475
3371
2437
-212
-3479
-4762
-5132
-6056
-6527
-4539
-1461
611
1564
2636
3845
4257
3555
2830
2615
2094
694
-709
-1319
-1669
-2085
-2281
-1948
-1604
-1714
-2203
-2396
-2109
-1444
-569
612
1673
2223
2166
1889
1470
821
28
-707
-1214
-1750
-2201
-2449
-2307
-2009
-1562
-867
-111
347
362
358
449
543
336
292
605
885
586
-59
-499
-599
-507
-210
281
1114
1986
2812
3308
3740
3874
4102
4392
3508
783
-1959
-3205
-4267
-5888
-6230
-4340
-2157
-716
488
1985
3241
4022
3935
3369
2576
1696
133
-1379
-2279
-2527
-2528
-2217
-1737
-1343
-1174
-1260
-1187
-716
119
754
1327
1739
1955
1792
1467
867
254
-183
-446
-913
-1670
-2501
-3018
-3020
-2588
-1916
-946
142
970
1355
1357
985
451
37
-173
-363
-568
-841
-1036
-1041
-778
-344
228
752
1339
1816
2249
2390
2454
2502
2450
2357
2335
2929
2725
610
-2422
-3500
-3402
-4114
-5036
-3683
-1007
838
1459
1846
2385
2985
3058
2317
1453
1078
624
-538
-1517
-1684
-1257
-935
-533
71
688
451
-343
-855
-597
-309
-354
-553
-551
-289
-75
-80
-209
-105
32
100
-25
-398
-1066
-1650
-1769
-1553
-1204
-940
-870
-888
-628
-277
-210
-268
-87
247
368
159
-331
-713
-731
-489
-108
342
861
1440
1885
2213
2618
2973
3082
3698
4426
3225
203
-1772
-2190
-3457
-4940
-4257
-1984
-420
243
749
1427
2147
2459
1916
1537
1713
1547
421
-334
-309
-23
-134
-239
-73
12
-669
-1705
-2015
-1611
-1191
-994
-543
-143
192
449
708
749
808
733
571
299
-126
-991
-1872
-2210
-2021
-1819
-1931
-1945
-1560
-899
-442
-140
189
598
863
680
178
-456
-882
-1144
-1034
-787
-367
64
419
741
1100
1656
1959
2557
3298
3987
3989
4183
4345
2790
-324
-2318
-2447
-3177
-4744
-4773
-2843
-1097
-443
-55
865
2182
3106
2850
2262
1987
1830
835
-7
-328
-116
-188
-314
-426
-454
-819
-1526
-1765
-1420
-912
-980
-1060
-826
-56
593
959
922
860
599
204
-260
-826
-1469
-1757
-1448
-1127
-1236
-1677
-2069
-2024
-1580
-1140
-1012
-721
-189
157
48
-265
-541
-628
-450
-191
22
326
780
1476
2310
3056
3604
4030
4339
4212
4183
3989
2229
-863
-2779
-3010
-3731
-5084
-4847
-2849
-1057
-230
431
1535
2895
3567
3110
2402
2124
1725
786
218
376
583
311
-23
-318
-753
-1406
-1901
-1997
-1766
-1576
-1590
-1529
-1140
-528
138
779
1153
1286
1223
926
233
-645
-1502
-2011
-2019
-1876
-1909
-1936
-1533
-1000
-735
-764
-703
-485
-261
-205
-326
-505
-695
-771
-631
-229
101
352
576
1032
1342
1448
1461
1774
2110
2178
2327
2614
2751
2823
3461
2881
504
-1619
-1579
-1805
-3204
-3485
-1697
-321
-202
-130
724
1796
2292
1791
1277
1642
1945
1269
511
673
838
494
-139
-492
-992
-1558
-2123
-2220
-2196
-2217
-2309
-1971
-1368
-714
-87
537
999
1297
1442
1223
732
17
-575
-1121
-1320
-1537
-1815
-2362
-2609
-2652
-2585
-2549
-2155
-1432
-712
-187
232
633
920
1042
986
977
1042
1100
998
995
1259
1799
2159
2424
2663
3246
3831
4362
4230
2496
-136
-1737
-1861
-2505
-3568
-3335
-1867
-979
-771
-282
683
1618
2139
2119
2087
2107
1827
1038
677
663
573
120
-240
-564
-920
-1417
-1891
-2108
-2122
-2126
-2242
-1960
-1377
-597
28
596
854
860
677
419
10
-568
-1080
-1383
-1370
-1417
-1494
-1531
-1342
-1206
-1178
-1215
-1329
-1436
-1422
-1149
-721
-234
177
584
1137
1625
1682
1324
884
704
702
756
836
1342
2011
2268
2291
2367
2344
2203
2948
3588
2174
-159
-676
-283
-1591
-3287
-2632
-934
-580
-1205
-866
384
1505
1609
1142
962
1188
1110
695
650
788
626
212
-45
-465
-1204
-1876
-1970
-1794
-1812
-2111
-2261
-2112
-1621
-886
-198
90
138
237
379
452
396
261
5
-206
-407
-695
-1082
-1266
-1254
-1462
-2023
-2455
-2334
-1862
-1378
-812
-151
405
657
651
776
1148
1555
1572
1480
1572
1905
2264
2248
2148
2493
3159
3234
2930
3135
2691
645
-1229
-1239
-1156
-2327
-2923
-1791
-726
-851
-1102
-412
683
1460
1472
1335
1423
1477
996
560
516
498
196
-43
-155
-390
-789
-1153
-1437
-1687
-1946
-2205
-2453
-2558
-2267
-1599
-756
-35
397
573
800
1259
1443
1126
482
-83
-687
-1257
-1678
-1947
-2187
-2290
-2144
-1908
-1690
-1370
-794
-191
224
393
372
398
625
1027
1238
1075
745
565
739
1006
1257
1600
1970
2458
2866
3122
3114
3310
3665
2768
685
-540
-355
-921
-2483
-2621
-1522
-1344
-1991
-1677
-514
341
766
785
782
839
1014
889
1010
1377
1441
992
454
25
-492
-1077
-1652
-2080
-2261
-2410
-2545
-2390
-1853
-1105
-356
239
420
346
257
351
557
463
-127
-751
-896
-1052
-1485
-1672
-1412
-1301
-1488
-1463
-1191
-928
-660
-267
119
242
6
-313
-322
-38
185
272
403
730
1307
2008
2652
3237
3464
3749
3860
3739
3076
3052
2927
1154
-1180
-1493
-987
-2114
-3417
-2664
-1610
-1587
-1632
-753
260
1320
1978
1727
1228
1060
1018
749
697
521
297
287
248
-234
-809
-1140
-1398
-1523
-1496
-1737
-2120
-2204
-1730
-1129
-599
-518
-579
-430
-7
258
267
53
-197
-173
-115
-385
-608
-557
-773
-1243
-1329
-1278
-1680
-1904
-1514
-950
-776
-755
-715
-447
152
699
955
1035
1347
1765
2220
2410
2485
2590
2646
2673
2729
2796
2386
2290
2615
2030
70
-992
-410
-508
-1892
-2108
-961
-618
-1343
-1363
-599
17
144
59
61
316
692
807
867
827
602
293
319
386
214
-238
-585
-882
-1113
-1498
-1926
-2194
-2085
-1800
-1423
-1067
-779
-630
-533
-334
-80
-35
-292
-424
-140
129
-87
-421
-451
-539
-1009
-1366
-1253
-1161
-1300
-1355
-1048
-774
-640
-622
-436
58
644
987
1097
1478
2049
2605
2869
2884
2656
2511
2580
2754
2695
2799
3103
2363
473
-431
96
-392
-2095
-2266
-1161
-1116
-2073
-2077
-1287
-557
-56
43
-8
142
565
733
973
1073
958
885
1162
1243
797
96
-532
-890
-1055
-1493
-2125
-2371
-2130
-1866
-1579
-1250
-1109
-1035
-700
-168
30
-230
-663
-674
-284
-2
-87
-190
-249
-572
-887
-804
-662
-850
-1023
-786
-606
-736
-852
-588
-190
7
-31
-90
231
786
1370
1709
2023
2308
2761
3033
3211
3265
3399
3096
3004
2818
1628
-160
-423
20
-1048
-2485
-2032
-1237
-1787
-2141
-1211
-389
-340
-340
-231
-103
55
231
281
520
798
1012
1121
1135
898
773
591
250
-277
-578
-1095
-1647
-2084
-2116
-2108
-2115
-2229
-2220
-1927
-1465
-1053
-779
-550
-266
150
624
848
872
802
540
37
-375
-519
-723
-1011
-1183
-1145
-1272
-1553
-1606
-1118
-528
-253
-198
154
834
1533
2061
2344
2485
2745
3087
3397
3428
3325
2992
2842
2693
1712
217
31
660
-190
-1901
-1741
-693
-1176
-2231
-1824
-965
-987
-1366
-1467
-1286
-895
-341
-30
223
467
885
1326
1801
1825
1591
1244
980
630
106
-668
-1444
-2030
-2420
-2557
-2455
-2440
-2507
-2218
-1582
-1056
-784
-563
-285
145
446
527
461
407
184
45
16
-168
-635
-795
-606
-459
-473
-456
-416
-302
-33
159
133
189
439
712
968
1240
1410
1576
1819
2048
2366
2766
2823
2823
3190
2741
1222
770
1595
840
-1151
-1344
-525
-1312
-2504
-2358
-1887
-2002
-1907
-1813
-1762
-1327
-523
-65
299
694
1072
1597
2146
2223
1963
1570
960
397
93
-494
-1350
-1836
-1989
-2153
-2187
-2037
-1905
-1681
-1300
-963
-683
-525
-543
-480
-152
86
95
49
95
138
48
-170
-182
33
-28
-316
-349
-153
-276
-443
-312
-173
-366
-503
-350
-26
240
476
630
929
1396
1845
2234
2706
3061
3055
3376
3520
2334
1046
1405
1598
-259
-1678
-985
-684
-1686
-2109
-1615
-1603
-1696
-1497
-1563
-1583
-1099
-536
-365
-90
268
700
1168
1498
1483
1430
1253
955
737
603
101
-446
-694
-866
-1107
-1270
-1405
-1665
-1668
-1485
-1367
-1383
-1373
-1362
-1202
-827
-564
-455
-235
-19
-53
-141
103
270
195
133
402
544
397
178
157
137
-93
-407
-538
-407
-255
-239
-283
-195
210
838
1409
2013
2490
2873
3115
3797
3663
2331
1326
1883
1710
-140
-1128
-338
-359
-1631
-2096
-1396
-1288
-1660
-1742
-1483
-1410
-1323
-1085
-795
-428
55
556
925
1142
1264
1412
1459
1456
1167
769
249
39
-111
-235
-587
-986
-1359
-1553
-1695
-1946
-2099
-2129
-2039
-1826
-1440
-1144
-997
-786
-696
-676
-508
-87
100
181
434
738
727
460
273
275
288
47
-320
-410
-257
-208
-217
9
495
979
1382
1843
2434
2799
2830
3240
3162
1994
1314
2177
1957
-114
-686
455
146
-1305
-1276
-660
-1092
-1383
-1196
-1423
-1728
-1276
-830
-886
-891
-667
-98
580
956
872
934
1151
1349
1494
1407
812
164
-149
-171
-258
-608
-1358
-1864
-1839
-1728
-1862
-2013
-2070
-2103
-1853
-1501
-1322
-1290
-991
-614
-369
-263
-129
20
239
499
545
329
191
286
369
233
90
90
227
454
726
804
847
1012
1251
1439
1722
2073
2083
2351
2405
1754
1189
1880
2123
753
-83
548
549
-342
-625
-482
-1214
-1638
-1529
-1479
-1675
-1364
-1121
-1080
-780
-343
40
474
939
941
754
663
769
793
734
289
-119
-292
-97
-100
-215
-622
-929
-1017
-957
-1174
-1532
-1735
-1994
-2265
-2235
-1884
-1721
-1658
-1359
-900
-635
-366
-20
376
561
662
602
639
738
796
658
545
476
418
570
816
1052
1124
1314
1478
1681
2056
2224
2422
2186
1538
1071
1545
1590
393
-88
577
490
-524
-696
-291
-652
-1005
-1104
-1391
-1724
-1367
-1071
-1220
-1108
-696
-253
121
577
681
618
503
497
515
600
359
55
-131
-56
-60
-84
-250
-522
-845
-1053
-1129
-1251
-1391
-1571
-1642
-1657
-1556
-1550
-1505
-1277
-905
-753
-687
-456
-130
31
139
319
412
294
204
298
409
424
566
855
1048
1150
1358
1654
1882
2151
2248
2206
2529
2377
1373
732
1354
1213
20
-104
540
99
-709
-348
-113
-752
-1098
-1043
-1215
-1420
-1081
-865
-827
-731
-518
-225
152
557
622
522
418
550
643
428
52
-131
-167
-201
-212
-243
-457
-571
-512
-528
-815
-1137
-1290
-1282
-1174
-1137
-1218
-1290
-1184
-977
-823
-707
-584
-473
-353
-279
-391
-388
-200
-195
-496
-433
42
200
52
293
887
1164
1107
1279
1677
1963
2049
2200
2405
2513
2021
1363
1478
1917
1249
27
171
818
349
-569
-588
-441
-807
-977
-944
-1144
-1407
-1230
-967
-847
-767
-701
-564
-200
260
444
362
355
550
762
725
380
90
58
237
237
20
-351
-519
-511
-535
-834
-1331
-1661
-1645
-1364
-1314
-1487
-1641
-1518
-1308
-1071
-856
-806
-850
-739
-423
-149
-25
89
201
456
669
851
996
1230
1561
1905
2244
2346
2560
2724
2312
1728
1849
1969
984
270
696
667
-394
-858
-418
-508
-1008
-1071
-1140
-1500
-1590
-1092
-885
-975
-1003
-597
-168
132
301
422
464
560
813
983
786
514
466
493
457
316
66
-354
-604
-698
-741
-982
-1347
-1581
-1431
-1173
-1195
-1319
-1280
-1166
-1074
-824
-610
-706
-819
-518
-93
-15
-81
85
328
469
554
723
921
1123
1291
1244
1347
1592
1841
1697
1253
1008
1232
1387
845
392
667
751
218
-163
-58
-191
-441
-510
-722
-1039
-1126
-950
-997
-1065
-1103
-875
-548
-238
-3
240
364
400
609
789
689
442
411
444
454
285
15
-231
-230
-263
-360
-501
-704
-976
-1050
-865
-814
-931
-1034
-1004
-879
-661
-465
-476
-548
-457
-212
-26
-19
-28
63
276
494
679
898
1036
1056
1221
1485
1588
1472
1207
942
996
1090
548
-5
330
528
-81
-429
-93
-178
-541
-467
-449
-788
-939
-826
-866
-940
-843
-741
-574
-424
-324
-197
12
171
342
577
576
501
579
756
744
692
548
257
59
122
27
-328
-637
-786
-919
-930
-798
-775
-886
-921
-848
-761
-647
-494
-388
-356
-328
-183
61
283
346
334
400
667
1020
1186
1230
1370
1445
1380
1437
1295
899
753
941
604
113
133
123
-335
-579
-458
-637
-949
-986
-1026
-1144
-1178
-1125
-1152
-1033
-804
-571
-379
-293
-178
6
206
302
502
565
409
330
562
761
751
628
423
293
343
370
119
-235
-532
-675
-703
-708
-907
-1092
-1090
-916
-783
-765
-739
-626
-378
-219
-156
-91
131
424
740
1043
1178
1192
1414
2000
2286
2118
1748
1460
1405
1587
1364
503
27
157
-10
-458
-648
-840
-1188
-1245
-1313
-1692
-1794
-1580
-1559
-1709
-1528
-1333
-1153
-821
-402
-148
-6
176
389
663
757
687
695
702
602
574
730
608
238
78
121
90
-110
-252
-447
-526
-478
-419
-546
-685
-671
-592
-483
-475
-514
-504
-278
-1
165
250
350
566
937
1190
1279
1457
1794
1940
1899
1767
1587
1565
1539
1236
869
869
619
-72
-406
-366
-637
-1199
-1339
-1556
-1869
-1943
-1754
-1946
-2117
-1874
-1573
-1447
-1258
-949
-784
-598
-312
8
212
272
309
468
661
733
738
767
637
488
413
411
254
64
-98
-224
-302
-351
-407
-471
-489
-473
-474
-418
-297
-102
37
141
301
606
967
1117
1136
1172
1401
1524
1713
1726
1376
1031
1318
1603
1106
659
871
883
340
69
115
-193
-599
-748
-937
-1350
-1580
-1506
-1481
-1651
-1842
-1769
-1625
-1496
-1374
-1137
-1116
-1090
-835
-437
-375
-393
-267
-52
70
260
465
521
495
496
485
367
296
241
175
44
-32
-110
-147
-150
-175
-267
-318
-232
-63
72
186
286
486
786
1150
1329
1423
1563
1932
2146
1841
1522
1715
1887
1376
901
890
686
168
-44
-116
-506
-922
-972
-1079
-1277
-1444
-1390
-1416
-1409
-1419
-1313
-1192
-1131
-1079
-942
-814
-849
-794
-602
-415
-419
-451
-413
-202
31
128
-23
-145
-180
-155
-129
-80
-151
-336
-372
-289
-194
-146
-41
-40
-9
139
380
575
672
705
805
1129
1380
1429
1482
1607
1737
1693
1508
1360
1403
1304
951
909
1012
680
174
186
320
57
-279
-483
-696
-865
-883
-1013
-1304
-1536
-1534
-1365
-1244
-1302
-1382
-1265
-1054
-921
-831
-740
-651
-558
-467
-349
-250
-209
-242
-236
-215
-264
-322
-270
-180
-247
-347
-319
-190
-132
-73
46
119
85
93
248
492
587
614
724
985
1156
1292
1517
1744
1760
1527
1481
1682
1776
1401
1099
1175
1195
808
501
427
162
-320
-548
-656
-929
-1252
-1267
-1212
-1302
-1423
-1326
-1137
-1089
-1048
-884
-724
-759
-715
-516
-359
-434
-494
-453
-408
-354
-275
-278
-424
-516
-490
-441
-477
-573
-637
-624
-527
-463
-353
-246
-150
-17
250
504
667
875
1235
1549
1656
1617
1703
1986
2119
1688
1281
1424
1578
1129
797
911
719
199
178
304
-63
-503
-475
-550
-847
-986
-958
-1091
-1205
-1121
-1025
-945
-941
-903
-789
-564
-569
-689
-619
-461
-479
-485
-372
-375
-500
-384
-231
-291
-475
-422
-349
-369
-480
-552
-588
-520
-482
-467
-409
-245
-94
94
335
613
816
1022
1362
1609
1614
1648
2025
1970
1460
1293
1755
1605
980
830
1148
904
422
236
204
-117
-397
-551
-722
-1116
-1389
-1390
-1247
-1327
-1560
-1557
-1385
-1171
-1028
-756
-639
-570
-414
-88
41
-5
41
201
282
253
188
83
-28
-48
-142
-339
-560
-632
-641
-623
-638
-675
-682
-586
-367
-100
114
257
435
794
1185
1347
1323
1632
2026
1842
1382
1505
1743
1438
1127
1316
1145
519
305
416
148
-362
-554
-799
-1078
-1234
-1206
-1295
-1329
-1429
-1435
-1247
-984
-957
-878
-678
-567
-582
-362
-168
-186
-206
-14
77
-1
38
133
112
-14
44
47
-91
-304
-287
-211
-224
-375
-403
-235
-19
63
174
393
588
735
1017
1250
1235
1289
1443
1291
1016
1124
1144
695
421
738
795
360
87
130
-3
-277
-362
-453
-714
-997
-1066
-997
-945
-1072
-1193
-1077
-895
-884
-849
-661
-593
-639
-487
-272
-298
-354
-217
-28
34
34
21
56
141
168
135
83
42
-27
35
134
145
79
135
271
400
574
698
814
899
1062
1084
1316
1436
1216
866
1041
1120
775
441
616
484
45
-220
-118
-255
-532
-736
-895
-1048
-1207
-1255
-1343
-1303
-1381
-1358
-1281
-1106
-1125
-1010
-791
-608
-575
-349
-138
-54
-39
196
364
455
429
452
419
415
361
283
199
116
-1
-86
-7
110
160
205
298
443
565
806
971
1126
1200
1447
1544
1423
1250
1356
1371
1039
803
876
808
317
-12
-137
-235
-594
-784
-1101
-1346
-1622
-1570
-1633
-1669
-1799
-1789
-1687
-1473
-1337
-1294
-1203
-1078
-881
-601
-316
-252
-222
-40
247
369
432
486
539
460
451
451
428
330
329
384
437
420
413
482
665
816
967
1084
1173
1212
1449
1626
1493
1273
1370
1436
1136
854
852
827
526
273
75
-128
-475
-692
-836
-917
-1201
-1448
-1550
-1542
-1641
-1645
-1507
-1434
-1543
-1576
-1464
-1294
-1157
-1043
-937
-802
-666
-570
-392
-160
14
73
130
183
216
306
395
444
411
479
610
765
809
848
991
1190
1307
1367
1471
1539
1569
1648
1599
1349
1188
1284
1140
769
655
781
528
100
-29
-24
-290
-632
-784
-855
-977
-1148
-1289
-1388
-1448
-1451
-1356
-1254
-1331
-1446
-1344
-1116
-1011
-1046
-992
-906
-797
-665
-473
-371
-333
-303
-168
-35
31
-5
50
207
304
351
539
784
866
915
1161
1411
1512
1572
1732
1873
1776
1561
1449
1450
1196
899
842
893
547
161
59
65
-241
-543
-624
-655
-932
-1226
-1309
-1284
-1371
-1495
-1431
-1291
-1241
-1240
-1106
-987
-987
-968
-757
-579
-521
-544
-472
-394
-313
-245
-127
-91
-100
-110
-19
89
175
212
307
464
664
835
1011
1176
1300
1421
1569
1711
1848
1816
1647
1485
1448
1254
973
860
886
673
350
135
-27
-269
-500
-663
-879
-1077
-1241
-1381
-1518
-1624
-1692
-1689
-1559
-1443
-1366
-1299
-1193
-1114
-1000
-790
-617
-529
-494
-342
-170
-69
-78
-98
-78
17
146
204
246
277
347
448
673
832
891
954
1181
1337
1453
1600
1642
1465
1381
1477
1402
1143
1032
1111
1010
841
669
531
269
89
-98
-270
-503
-728
-980
-1135
-1250
-1439
-1595
-1560
-1462
-1484
-1494
-1390
-1337
-1343
-1208
-1006
-940
-964
-825
-580
-444
-469
-476
-359
-199
-104
-51
59
165
282
463
696
805
842
981
1183
1335
1392
1503
1544
1473
1363
1339
1289
1140
952
871
887
861
702
486
328
187
12
-182
-327
-531
-713
-840
-867
-1009
-1144
-1208
-1109
-1031
-984
-957
-887
-837
-760
-642
-532
-553
-593
-550
-460
-482
-543
-578
-534
-477
-425
-401
-353
-237
-94
84
280
460
583
755
988
1188
1360
1416
1396
1328
1394
1346
1223
1094
1127
1046
884
667
482
313
146
-46
-305
-479
-626
-770
-926
-1045
-1179
-1278
-1247
-1190
-1099
-1006
-877
-894
-815
-585
-361
-298
-255
-157
-88
-22
-2
-53
-126
-121
-97
-101
-85
-84
-85
-15
147
246
316
410
557
689
824
967
969
900
895
1008
1017
945
839
856
877
855
683
554
464
355
163
12
-138
-340
-525
-602
-693
-862
-1063
-1172
-1183
-1135
-1127
-1137
-1092
-973
-880
-813
-699
-547
-414
-307
-188
-92
-62
-66
-15
98
154
128
118
199
320
399
457
507
553
606
691
823
851
764
596
630
649
598
441
482
500
469
395
392
370
272
162
78
87
39
-97
-235
-290
-360
-488
-565
-566
-631
-723
-774
-728
-698
-694
-735
-685
-526
-410
-415
-406
-328
-273
-254
-200
-103
-33
-30
-22
42
127
204
256
364
478
577
615
756
875
840
692
642
683
608
461
371
419
362
266
124
111
27
-94
-224
-265
-306
-414
-458
-491
-510
-606
-621
-588
-541
-562
-558
-484
-398
-365
-355
-254
-133
-38
-9
32
72
102
100
116
144
173
149
128
139
161
203
262
340
386
439
507
621
707
678
553
501
555
529
378
277
293
265
170
58
-5
-96
-184
-297
-352
-438
-535
-635
-619
-632
-709
-777
-739
-701
-749
-741
-668
-589
-572
-527
-440
-308
-234
-205
-119
-10
62
52
109
178
220
240
306
383
433
486
554
640
733
785
830
910
1049
1038
925
792
754
685
576
391
322
295
217
91
-24
-135
-288
-375
-446
-463
-544
-600
-608
-571
-602
-679
-693
-669
-689
-697
-660
-646
-660
-663
-622
-547
-552
-576
-566
-446
-387
-394
-387
-275
-184
-119
-58
88
234
348
462
609
791
878
968
1062
1280
1338
1292
1198
1179
1074
901
727
615
480
319
164
33
-92
-272
-453
-581
-617
-656
-726
-714
-657
-640
-633
-531
-465
-496
-463
-336
-251
-243
-253
-245
-222
-260
-329
-343
-362
-424
-464
-473
-462
-441
-425
-384
-296
-210
-113
-5
130
296
461
609
756
951
1082
1118
1058
1126
1156
1039
885
832
789
716
565
403
291
106
-79
-266
-378
-485
-606
-696
-726
-727
-765
-773
-731
-672
-677
-622
-499
-438
-421
-382
-342
-349
-375
-373
-388
-322
-309
-306
-261
-253
-203
-162
-193
-30
116
103
274
398
443
568
664
820
932
912
885
912
931
810
636
609
641
588
527
451
374
263
114
-31
-119
-189
-301
-432
-470
-493
-583
-661
-680
-642
-583
-568
-572
-520
-452
-442
-450
-413
-411
-469
-490
-470
-474
-513
-480
-416
-395
-355
-327
-282
-149
-70
-60
63
241
376
475
624
820
885
897
952
968
913
837
794
778
716
645
609
551
482
399
337
264
116
-18
-68
-115
-217
-313
-363
-387
-422
-459
-485
-489
-487
-456
-457
-497
-543
-574
-555
-514
-558
-648
-598
-547
-550
-552
-518
-476
-389
-367
-291
-163
-72
-24
86
290
375
449
558
692
704
683
696
723
620
515
558
606
566
500
506
517
457
347
274
229
137
5
-36
22
-46
-190
-171
-132
-161
-246
-241
-234
-203
-281
-356
-316
-306
-437
-500
-417
-422
-502
-501
-460
-498
-473
-450
-470
-448
-436
-359
-205
-119
-42
197
247
309
407
449
451
453
557
569
416
440
440
322
349
372
330
287
265
277
287
201
85
35
0
10
29
5
21
42
12
-62
-77
-66
-80
-161
-177
-160
-210
-241
-268
-320
-348
-359
-337
-364
-470
-436
-390
-442
-396
-336
-300
-239
-132
4
45
39
106
186
252
237
270
364
361
266
285
366
343
275
264
297
267
215
147
145
159
122
50
100
135
73
48
54
45
60
48
16
58
73
-27
-97
5
-13
-233
-182
3
-72
-241
-258
-197
-170
-356
-488
-360
-286
-309
-392
-265
-175
-180
-214
-127
-117
-109
-100
-68
76
58
-24
51
211
137
98
172
232
262
283
242
264
285
151
134
251
167
73
127
122
145
154
63
51
107
98
89
75
100
124
79
137
59
40
58
-33
-42
27
-109
-135
-79
-180
-75
-118
-132
-67
-42
-101
-89
-150
-209
-150
-366
-283
-188
-247
-267
-255
-241
-157
-194
-141
-24
-26
47
98
179
237
185
172
252
237
181
148
227
239
153
109
86
105
113
1
-79
18
-3
-61
-162
-21
-12
-171
-185
-70
10
-127
-126
68
104
-125
-37
209
266
131
63
235
300
128
-24
62
78
-60
-208
-91
-123
-279
-259
-215
-208
-184
-204
-126
-18
-72
-114
-40
90
62
9
15
102
151
157
76
197
290
209
116
170
170
117
84
32
-26
-4
-26
-24
-64
-88
-84
-123
-202
-162
-194
-180
-132
-100
-115
-13
19
-23
62
9
-73
22
126
-70
-140
5
30
-70
-30
-98
-114
80
43
-93
42
186
150
115
125
140
190
160
159
139
149
93
32
169
79
-130
7
134
-75
-19
54
51
-50
-25
-67
-22
3
-165
-99
45
-4
-108
-110
-61
25
-102
-88
-45
-44
-19
-104
-18
-16
-137
-159
-159
-162
-131
-339
-237
-85
-149
-141
-75
43
41
-82
17
154
90
78
59
254
283
141
152
238
233
79
77
186
145
5
67
129
117
51
1
108
84
23
10
64
56
-29
-73
-80
23
-23
-163
-35
132
-7
-99
-22
41
-7
-102
-137
-63
-33
-200
-198
-48
-97
-159
-157
-81
27
-46
-138
-76
10
-23
-23
-66
51
79
43
94
131
7
-78
-15
22
-5
-97
-16
55
45
-64
-35
92
51
22
21
123
94
84
15
102
45
65
68
9
98
139
52
2
116
-87
26
-2
22
10
-52
-104
23
72
-101
-120
22
120
-25
-64
60
95
0
9
38
107
82
-32
25
72
45
-60
-119
-45
-47
-139
-110
-195
-158
-77
-85
-106
-127
-11
-93
-210
-107
-30
-111
-54
-137
5
-8
-21
-53
-33
25
115
31
105
86
32
212
106
93
122
164
111
181
172
34
47
173
135
87
49
91
96
49
-18
10
138
95
-80
-66
146
-37
-152
-116
-95
-65
-113
-165
-122
18
-213
-211
-64
50
-173
-288
43
104
-232
-191
-60
-63
-112
-145
-52
-46
-90
-34
-20
-77
101
-14
18
130
176
88
203
159
208
306
33
189
379
167
40
198
235
215
8
50
150
146
17
31
-43
-14
-36
-194
-89
-192
-145
-277
-134
-21
-224
-309
-119
-24
-126
-97
-195
57
-23
-135
-65
-96
-171
-161
-16
-95
-110
-182
-101
0
60
-35
-138
140
217
73
65
137
210
276
154
201
363
223
186
345
73
146
246
67
192
248
-65
8
177
-44
-175
-174
-80
-111
-148
-312
-232
-67
-216
-384
-42
-109
-229
-114
-82
54
-63
-295
31
133
-53
-102
-119
142
38
-275
-26
90
-91
-122
-13
44
29
-97
46
208
85
-74
31
187
214
50
47
252
321
172
144
232
235
169
57
153
225
44
-37
7
11
28
-180
-247
-58
-84
-339
-216
-101
-155
-340
-247
-169
-145
-101
-199
-121
10
0
-83
142
29
-107
101
285
6
-39
267
129
125
279
-7
27
324
92
-5
161
43
7
33
58
49
-11
51
85
38
70
-58
-35
68
-27
-50
-63
13
-126
-162
-11
-107
-309
-19
-35
-343
-85
-61
-236
-311
-151
-130
-219
-182
-165
-39
45
-98
-162
172
85
-30
81
235
203
42
256
334
228
233
284
198
310
221
72
275
205
-20
30
192
148
23
-124
115
158
-7
-123
2
111
44
-133
-137
61
-102
-292
-221
-144
-299
-156
-288
-306
-158
-365
-296
-167
-352
-258
-153
-203
-144
-242
-48
25
-108
-5
118
90
124
144
365
80
151
422
186
158
205
266
345
194
22
336
287
-35
153
180
195
96
49
156
223
40
38
81
112
38
-123
46
17
-242
-186
-86
-192
-196
-363
-302
-206
-260
-292
-376
-419
-62
-227
-450
-195
-88
-128
-139
-86
-57
-33
112
38
15
238
145
35
328
382
46
161
346
281
140
96
188
330
133
-27
171
259
156
55
39
197
238
-46
54
45
-12
83
21
-238
-7
39
-330
-209
-89
-295
-303
-156
-323
-269
-222
-239
-220
-256
-366
-139
-35
-22
-221
-162
257
128
-168
-20
226
271
281
28
346
414
70
283
221
221
274
26
102
495
219
-49
22
174
392
-76
-230
206
170
-69
-48
13
164
-164
-250
132
-51
-638
-388
24
-173
-434
-470
-118
1
-245
-664
-341
52
-161
-464
-373
18
0
-165
-249
-26
291
158
-70
170
448
338
176
191
348
440
312
152
268
381
265
101
286
433
204
-134
259
505
-56
-316
187
331
-109
-272
12
275
-29
-375
-213
150
-235
-519
-228
-12
-357
-415
-232
-94
-158
-618
-381
-37
-59
-675
-431
-96
-11
-294
-549
-130
203
79
-392
-17
393
397
-31
197
566
349
186
297
494
401
370
192
486
595
256
141
327
497
279
-143
115
401
-96
-200
275
49
-288
-243
-14
6
-385
-575
-143
37
-350
-495
-271
-177
-142
-324
-446
-177
-3
-441
-480
-162
-130
-387
-341
-65
12
-221
-284
93
121
-30
-92
243
425
295
-66
453
645
134
303
521
477
463
385
302
750
279
84
319
426
178
-160
9
308
48
-358
-55
-127
-77
-226
-549
-294
-93
-364
-467
-209
-381
-393
-297
-232
-443
-273
-216
-303
-256
-187
-303
-345
-106
-139
-198
-229
-40
-14
63
25
25
186
259
209
165
451
410
231
311
448
489
323
433
492
460
359
421
246
270
349
216
174
166
74
14
15
-102
-70
-235
-245
-246
-138
-302
-484
-408
-174
-347
-553
-381
-239
-437
-493
-307
-349
-329
-327
-264
-220
-211
-258
-289
-128
-14
-10
-122
156
263
213
106
237
463
280
70
254
646
366
132
273
697
515
183
222
528
448
199
187
325
277
105
141
93
-23
-61
-53
-45
-78
-220
-228
-131
-180
-419
-423
-339
-244
-294
-427
-341
-130
-308
-524
-241
-189
-149
-409
-367
-15
-81
-297
-198
116
-10
80
54
170
111
26
104
254
258
90
291
402
464
189
207
382
404
176
203
365
189
259
256
119
139
177
39
34
65
-107
-75
-65
-119
-242
-227
-181
-240
-198
-236
-302
-349
-237
-298
-300
-346
-267
-198
-220
-265
-168
-55
-97
-97
3
74
63
-21
82
99
8
126
214
205
120
229
258
296
152
163
235
304
163
128
135
236
191
37
36
262
192
10
12
77
132
-121
-154
-70
-53
-194
-101
-123
-54
-260
-196
-206
-239
-322
-294
-136
-214
-311
-310
-94
-315
-186
-147
-117
13
-43
-84
9
260
44
-21
137
252
154
159
281
97
281
184
235
303
216
69
341
341
67
123
202
269
99
106
108
140
67
36
-108
-12
28
-102
-183
-97
-105
-2
-141
-311
-236
-62
-161
-271
-214
-200
-255
-345
-104
-202
-383
-352
2
4
-170
-336
24
193
-81
-209
84
159
62
72
204
209
92
215
256
180
91
291
137
199
280
254
85
174
181
158
171
-10
-2
56
132
8
-73
-142
63
-75
-206
-146
38
-84
-237
-50
-8
-154
-283
-71
1
-87
-303
-158
-45
-125
-320
-165
37
1
-142
-154
124
-1
-183
23
158
-7
57
111
63
113
119
93
190
224
188
215
132
209
134
143
74
162
87
78
76
30
75
-40
-104
-70
64
-87
-181
-93
-133
-111
-169
-54
-159
-123
-118
-55
-106
-172
-150
-172
-5
-76
-222
-101
68
-28
-87
1
-41
31
107
-26
-10
79
124
33
68
79
181
162
137
89
164
100
98
215
199
41
124
218
153
59
-22
21
60
-17
-86
-154
-47
-17
-185
-105
-102
-69
-197
-121
-53
-31
-344
-208
78
-54
-293
-268
-44
43
-1
-218
-121
50
110
-20
-17
50
-18
45
132
32
-104
-25
124
203
138
-26
11
243
276
41
-5
126
145
176
149
137
184
125
80
202
246
-61
-96
118
178
-122
-199
-51
-13
-50
-129
-77
-12
-30
-192
-151
-22
-130
-293
-289
-78
-88
-208
-244
-71
-15
-72
-120
-169
-48
-10
-31
-38
3
-66
-7
91
64
-5
-32
160
264
48
-97
198
271
64
-13
103
243
207
17
78
242
83
44
37
136
78
21
-75
73
94
-14
-98
-33
161
-73
-180
-152
111
5
-266
-222
143
40
-311
-233
-49
0
-201
-183
33
-3
-83
-130
1
43
-18
-165
24
147
-5
-110
62
120
-72
-97
45
262
216
-78
-82
203
147
-33
30
44
127
149
63
87
124
20
-2
130
63
-98
-152
-22
202
79
-303
-180
236
77
-84
-132
-156
-33
-66
-152
-111
-73
-182
-33
47
-7
-161
-162
42
127
-6
-81
66
86
9
30
166
95
-95
-139
158
345
11
-220
75
320
-41
-170
26
88
8
86
79
-75
-121
-37
137
37
-167
-139
30
141
11
-247
-142
124
115
-93
-41
35
71
-17
6
16
-82
-113
24
91
-125
-148
128
-21
-106
57
158
-134
-207
44
220
-82
-272
7
149
109
-8
-2
53
83
5
124
157
-44
-235
107
324
-10
-246
56
200
77
-44
-62
82
-37
-170
-41
12
-31
-78
-78
28
58
-32
-51
-89
62
249
-91
-109
147
60
-199
-104
57
102
-9
-87
161
185
-64
-148
32
83
70
-116
-127
86
96
-32
27
33
-108
9
140
25
-111
-85
53
60
28
-107
-37
107
104
-35
-83
18
-116
-105
-82
53
-25
-133
-88
95
112
-89
-21
3
11
77
89
-96
-31
76
75
-29
-57
84
88
-45
75
44
-109
69
208
-44
-161
-41
53
51
-143
-143
74
110
-98
-53
-13
27
3
-16
-28
99
-17
-69
74
71
-38
-100
-9
101
46
-219
-56
87
17
-96
-75
-21
38
-67
-65
61
105
-20
-47
81
198
11
-148
64
138
84
-102
-9
162
165
-31
-93
82
110
-23
-173
-55
134
95
-141
-94
138
10
-244
-74
189
19
-228
-87
155
21
-125
-143
102
134
-117
-139
95
108
-108
-92
-19
51
-6
-81
55
124
-48
-122
84
175
30
-158
-35
228
71
-145
-57
120
113
64
-20
35
167
-28
-28
50
36
-51
-47
-17
140
70
-201
-61
117
42
-168
-78
35
-29
-141
-77
32
-67
-133
-78
107
0
-137
-14
89
27
-94
-68
11
101
-6
-61
40
71
22
-23
-31
45
143
2
-51
39
74
25
65
-40
-21
121
67
1
34
26
-31
81
62
24
9
3
52
64
-43
-67
37
6
-100
-93
4
-1
-97
-114
-60
-14
-75
-98
-80
-47
-37
-71
-101
-12
29
-36
-63
5
34
-32
-58
-11
57
6
9
19
99
41
6
-5
66
70
15
35
70
100
34
64
130
52
27
36
81
88
-7
-51
59
99
-12
-9
35
80
8
-24
-48
-39
-82
-66
-45
-64
-75
-75
-5
36
-48
-107
-26
-23
-44
-79
-56
-53
-38
-2
-3
-2
-35
-28
23
99
-32
-41
29
38
16
-26
-30
13
57
29
32
21
59
68
27
7
42
46
43
37
58
59
62
1
0
56
30
-35
-27
-15
14
12
-41
-76
-1
20
-50
-4
3
-9
-39
-2
-43
-47
-89
-41
10
-48
-71
-20
-5
2
-29
-46
13
-20
-45
3
8
0
22
-50
-5
38
44
-8
11
49
56
53
8
69
49
-21
-13
88
44
-11
4
19
79
35
-65
-44
52
-4
-46
2
-31
-53
29
20
-43
10
1
-18
-13
-51
-61
19
-4
-60
-4
-4
-39
-2
-8
-29
-43
-32
28
53
-11
-27
41
40
-28
-78
29
73
27
-25
42
89
23
-18
-3
55
-16
-14
56
23
-55
-29
20
-19
-10
-28
-55
-11
