-23
-28
-37
-41
-42
-39
-32
-27
-25
-24
-23
-30
-30
-25
-25
-26
-28
-25
-20
-16
-17
-10
0
7
14
20
24
27
30
33
36
34
36
39
40
43
47
56
60
65
69
72
71
69
67
68
72
71
67
65
62
56
52
49
48
46
38
27
19
18
19
14
11
10
7
-3
-19
-29
-38
-44
-51
-55
-55
-51
-49
-50
-55
-56
-55
-57
-64
-73
-79
-81
-84
-89
-89
-84
-73
-67
-62
-54
-45
-39
-36
-36
-31
-25
-22
-18
-11
1
15
28
38
40
40
43
50
53
55
55
58
64
69
69
68
68
71
73
71
70
68
61
52
44
31
22
10
-3
-15
-23
-22
-22
-22
-18
-8
2
6
3
-1
-7
-15
-29
-46
-61
-73
-80
-87
-92
-94
-90
-86
-82
-77
-69
-61
-56
-56
-56
-57
-64
-74
-84
-87
-85
-80
-75
-65
-55
-43
-30
-20
-11
-3
2
10
16
23
31
45
61
73
84
96
114
128
142
152
165
177
186
190
190
188
187
183
181
176
170
163
155
148
139
130
122
113
102
85
62
36
12
-14
-41
-67
-88
-104
-115
-124
-135
-146
-159
-174
-192
-212
-229
-242
-250
-256
-256
-252
-243
-234
-220
-206
-196
-189
-185
-182
-179
-179
-176
-165
-147
-123
-97
-67
-34
-3
23
42
57
73
90
108
129
149
172
197
224
252
280
310
339
363
379
389
393
389
381
369
357
347
335
321
306
291
272
248
218
188
155
118
77
35
-7
-49
-88
-130
-174
-217
-258
-295
-331
-368
-404
-441
-476
-511
-544
-573
-598
-618
-636
-648
-653
-650
-641
-627
-607
-579
-546
-510
-466
-419
-372
-322
-267
-206
-141
-72
-1
73
152
233
316
396
474
550
622
692
756
816
873
927
977
1022
1062
1095
1117
1127
1123
1109
1082
1041
987
920
847
765
672
572
467
357
241
120
-3
-126
-246
-368
-490
-615
-740
-864
-983
-1099
-1208
-1304
-1387
-1450
-1496
-1523
-1529
-1518
-1492
-1454
-1405
-1344
-1274
-1198
-1116
-1027
-931
-832
-729
-620
-506
-388
-266
-138
2
149
303
458
614
769
918
1060
1193
1321
1446
1569
1685
1789
1877
1945
1989
2010
2005
1976
1927
1860
1776
1668
1545
1407
1254
1084
900
705
503
295
78
-137
-350
-557
-759
-958
-1147
-1330
-1507
-1679
-1842
-1991
-2121
-2226
-2302
-2342
-2345
-2312
-2248
-2157
-2042
-1910
-1767
-1623
-1483
-1352
-1228
-1111
-996
-878
-749
-606
-442
-259
-58
159
388
621
849
1066
1267
1443
1593
1724
1843
1953
2056
2152
2241
2321
2385
2428
2445
2437
2406
2346
2260
2148
2013
1855
1676
1474
1250
1007
752
490
225
-42
-308
-565
-812
-1051
-1285
-1511
-1731
-1941
-2134
-2304
-2449
-2563
-2645
-2683
-2676
-2629
-2545
-2434
-2296
-2140
-1974
-1807
-1646
-1499
-1363
-1235
-1108
-979
-839
-679
-495
-286
-60
179
427
675
915
1139
1342
1525
1684
1817
1928
2030
2126
2220
2310
2395
2474
2536
2573
2578
2548
2485
2393
2272
2122
1949
1757
1547
1319
1071
807
530
249
-30
-304
-573
-828
-1070
-1305
-1538
-1768
-1987
-2191
-2375
-2534
-2664
-2757
-2806
-2810
-2766
-2682
-2560
-2410
-2242
-2066
-1893
-1732
-1591
-1469
-1358
-1251
-1133
-997
-833
-635
-407
-150
126
405
678
935
1167
1367
1530
1658
1754
1831
1892
1948
2009
2083
2166
2260
2360
2447
2516
2558
2566
2540
2477
2376
2236
2059
1856
1627
1373
1103
820
536
261
-5
-262
-509
-749
-978
-1199
-1421
-1646
-1865
-2066
-2248
-2409
-2540
-2629
-2674
-2675
-2635
-2557
-2437
-2284
-2114
-1945
-1786
-1642
-1517
-1415
-1337
-1269
-1189
-1087
-954
-785
-578
-334
-75
191
451
693
912
1096
1245
1359
1439
1501
1560
1625
1704
1798
1911
2037
2166
2288
2393
2478
2525
2524
2478
2394
2281
2142
1975
1786
1578
1351
1111
853
584
314
44
-228
-505
-779
-1042
-1287
-1521
-1747
-1956
-2135
-2282
-2397
-2484
-2538
-2549
-2515
-2441
-2336
-2204
-2052
-1899
-1764
-1659
-1578
-1511
-1451
-1397
-1334
-1246
-1115
-940
-729
-491
-224
57
336
597
828
1027
1181
1287
1354
1393
1424
1465
1529
1622
1735
1870
2022
2178
2326
2453
2549
2608
2615
2568
2480
2355
2205
2040
1865
1687
1498
1282
1032
762
478
179
-143
-478
-806
-1114
-1406
-1686
-1942
-2162
-2343
-2492
-2617
-2713
-2765
-2770
-2725
-2636
-2507
-2349
-2182
-2030
-1910
-1824
-1772
-1743
-1721
-1685
-1619
-1504
-1331
-1109
-846
-557
-254
49
330
580
795
970
1095
1178
1235
1281
1326
1389
1487
1630
1804
1993
2193
2390
2567
2707
2806
2858
2859
2813
2731
2620
2489
2346
2196
2037
1858
1645
1390
1105
794
462
109
-257
-621
-969
-1294
-1596
-1878
-2133
-2353
-2540
-2693
-2814
-2891
-2912
-2878
-2790
-2659
-2498
-2325
-2168
-2053
-1984
-1949
-1931
-1917
-1896
-1837
-1724
-1552
-1332
-1077
-804
-519
-231
48
317
567
788
976
1123
1230
1309
1366
1423
1502
1608
1740
1892
2062
2240
2411
2558
2679
2767
2826
2856
2865
2848
2805
2734
2637
2519
2376
2199
1972
1702
1398
1069
713
326
-80
-483
-871
-1234
-1571
-1883
-2169
-2424
-2642
-2822
-2962
-3059
-3104
-3089
-3017
-2890
-2723
-2537
-2357
-2207
-2094
-2029
-2012
-2033
-2065
-2079
-2052
-1965
-1803
-1563
-1264
-927
-571
-207
135
429
657
817
916
965
982
994
1025
1088
1196
1362
1577
1820
2072
2317
2538
2720
2855
2951
3009
3029
3011
2969
2923
2878
2830
2759
2661
2525
2342
2101
1795
1434
1035
615
181
-244
-644
-1007
-1343
-1657
-1948
-2216
-2455
-2662
-2828
-2945
-2998
-2986
-2908
-2772
-2590
-2387
-2200
-2059
-1980
-1959
-1986
-2049
-2128
-2200
-2229
-2195
-2091
-1910
-1650
-1317
-930
-527
-140
200
473
662
761
778
756
732
736
792
907
1080
1298
1543
1794
2040
2260
2445
2587
2693
2767
2811
2832
2839
2842
2846
2845
2826
2780
2698
2563
2357
2076
1726
1331
914
489
72
-318
-661
-952
-1206
-1442
-1666
-1877
-2075
-2254
-2396
-2480
-2489
-2418
-2273
-2078
-1862
-1664
-1528
-1492
-1562
-1719
-1927
-2150
-2359
-2516
-2582
-2533
-2370
-2115
-1785
-1404
-1000
-622
-309
-89
31
67
40
-16
-65
-71
-3
143
355
613
887
1145
1367
1544
1673
1763
1836
1904
1984
2085
2202
2329
2457
2575
2672
2736
2759
2739
2680
2573
2404
2175
1902
1603
1301
995
689
403
151
-80
-306
-541
-780
-997
-1192
-1353
-1470
-1530
-1523
-1452
-1335
-1204
-1092
-1023
-1025
-1123
-1310
-1559
-1829
-2082
-2301
-2464
-2542
-2523
-2416
-2245
-2039
-1807
-1566
-1340
-1152
-1019
-938
-902
-897
-918
-945
-945
-892
-767
-578
-344
-91
161
387
581
741
879
1010
1145
1294
1468
1669
1890
2115
2336
2538
2712
2853
2962
3033
3064
3056
3006
2913
2774
2594
2377
2131
1862
1576
1280
983
689
404
131
-120
-347
-545
-718
-857
-955
-1008
-1023
-1009
-974
-938
-925
-960
-1060
-1229
-1459
-1735
-2035
-2337
-2607
-2817
-2945
-2979
-2926
-2799
-2610
-2378
-2139
-1925
-1756
-1647
-1597
-1592
-1615
-1634
-1628
-1571
-1450
-1264
-1019
-733
-434
-149
104
320
503
664
816
975
1155
1365
1609
1876
2158
2441
2702
2927
3106
3240
3325
3362
3358
3312
3229
3113
2960
2776
2563
2328
2077
1815
1552
1295
1046
803
563
334
121
-70
-236
-360
-433
-457
-438
-396
-355
-347
-408
-557
-802
-1128
-1511
-1923
-2327
-2683
-2963
-3143
-3216
-3189
-3080
-2911
-2708
-2504
-2335
-2225
-2182
-2198
-2258
-2339
-2411
-2437
-2390
-2263
-2058
-1783
-1458
-1113
-778
-480
-231
-33
125
263
396
545
730
958
1227
1525
1837
2149
2449
2718
2952
3145
3297
3412
3486
3523
3520
3478
3392
3266
3104
2908
2682
2438
2182
1922
1656
1392
1134
893
670
465
291
161
81
48
45
48
32
-30
-159
-369
-660
-1016
-1412
-1814
-2192
-2519
-2781
-2964
-3067
-3100
-3078
-3022
-2953
-2889
-2846
-2834
-2854
-2894
-2936
-2959
-2936
-2852
-2701
-2491
-2228
-1930
-1622
-1326
-1063
-846
-668
-519
-383
-241
-77
128
380
678
1012
1365
1726
2079
2411
2713
2980
3211
3405
3559
3676
3757
3802
3802
3763
3680
3553
3382
3178
2945
2687
2406
2109
1815
1535
1278
1045
843
679
560
481
433
399
360
293
178
-1
-250
-565
-930
-1328
-1735
-2128
-2482
-2781
-3023
-3208
-3338
-3420
-3459
-3471
-3472
-3468
-3466
-3469
-3474
-3469
-3436
-3361
-3238
-3066
-2846
-2587
-2313
-2043
-1792
-1563
-1356
-1162
-968
-760
-532
-275
12
327
665
1018
1380
1744
2101
2439
2756
3047
3310
3540
3730
3886
4014
4112
4177
4206
4193
4132
4013
3837
3616
3356
3060
2736
2398
2069
1763
1490
1251
1053
894
768
661
557
447
317
150
-69
-343
-671
-1036
-1430
-1838
-2245
-2632
-2981
-3276
-3517
-3702
-3834
-3914
-3951
-3953
-3925
-3878
-3813
-3739
-3660
-3571
-3461
-3323
-3150
-2944
-2706
-2441
-2161
-1878
-1608
-1354
-1112
-879
-646
-405
-154
106
377
660
962
1277
1604
1941
2282
2625
2962
3279
3569
3819
4028
4198
4326
4410
4448
4440
4383
4271
4100
3873
3596
3283
2942
2579
2211
1858
1532
1240
984
766
583
427
282
135
-20
-194
-397
-639
-923
-1237
-1572
-1918
-2267
-2608
-2928
-3209
-3442
-3627
-3764
-3856
-3899
-3898
-3860
-3793
-3702
-3596
-3476
-3351
-3224
-3090
-2939
-2768
-2573
-2354
-2113
-1859
-1599
-1344
-1101
-871
-652
-434
-210
18
251
495
758
1045
1355
1684
2026
2373
2720
3060
3375
3654
3888
4073
4212
4306
4353
4357
4322
4247
4128
3962
3751
3501
3217
2899
2557
2202
1849
1510
1193
907
656
439
253
86
-69
-223
-390
-586
-817
-1091
-1399
-1732
-2077
-2422
-2753
-3052
-3303
-3495
-3629
-3710
-3744
-3736
-3696
-3634
-3561
-3486
-3406
-3319
-3224
-3114
-2987
-2833
-2649
-2437
-2200
-1950
-1697
-1450
-1212
-991
-786
-591
-395
-186
39
282
544
829
1136
1462
1791
2117
2428
2724
3003
3256
3479
3672
3838
3976
4082
4149
4178
4169
4114
4009
3847
3636
3381
3089
2763
2412
2049
1689
1344
1019
723
459
229
30
-146
-303
-449
-600
-770
-969
-1202
-1467
-1761
-2072
-2392
-2704
-2988
-3227
-3412
-3541
-3616
-3643
-3628
-3578
-3504
-3417
-3325
-3228
-3122
-3006
-2876
-2731
-2561
-2365
-2144
-1909
-1665
-1421
-1179
-951
-740
-542
-353
-162
37
246
473
716
977
1253
1540
1830
2116
2393
2658
2908
3140
3353
3542
3710
3852
3959
4024
4044
4013
3928
3792
3605
3368
3084
2764
2422
2061
1695
1335
996
686
412
175
-24
-191
-329
-448
-560
-675
-806
-964
-1155
-1380
-1629
-1894
-2163
-2427
-2666
-2866
-3017
-3121
-3185
-3214
-3216
-3192
-3149
-3093
-3026
-2945
-2845
-2725
-2588
-2434
-2263
-2072
-1867
-1660
-1455
-1256
-1064
-881
-710
-546
-384
-218
-45
138
336
550
779
1021
1270
1523
1779
2030
2277
2513
2736
2943
3134
3304
3450
3564
3636
3655
3618
3526
3389
3209
2979
2708
2403
2081
1749
1418
1101
808
545
319
133
-11
-125
-227
-321
-415
-511
-623
-761
-927
-1117
-1325
-1541
-1761
-1975
-2170
-2339
-2475
-2577
-2646
-2689
-2713
-2720
-2717
-2702
-2671
-2618
-2543
-2447
-2333
-2204
-2060
-1903
-1742
-1579
-1422
-1274
-1135
-1002
-872
-743
-615
-486
-352
-203
-35
158
377
621
881
1150
1424
1693
1951
2198
2430
2643
2834
3004
3149
3261
3332
3351
3314
3235
3124
2982
2799
2577
2324
2049
1763
1476
1201
950
733
559
431
337
263
190
108
15
-93
-224
-377
-559
-767
-989
-1213
-1433
-1654
-1869
-2056
-2208
-2321
-2399
-2447
-2473
-2486
-2495
-2502
-2499
-2488
-2468
-2442
-2398
-2328
-2240
-2133
-2007
-1863
-1712
-1565
-1429
-1300
-1170
-1041
-912
-786
-654
-505
-324
-106
145
417
711
1019
1324
1623
1914
2193
2448
2667
2861
3033
3181
3288
3339
3336
3292
3220
3123
2989
2807
2588
2333
2056
1766
1481
1219
995
811
666
562
494
437
367
277
172
50
-102
-295
-527
-772
-1018
-1261
-1507
-1744
-1950
-2116
-2242
-2328
-2376
-2390
-2387
-2385
-2396
-2419
-2444
-2469
-2498
-2517
-2507
-2455
-2370
-2258
-2126
-1977
-1824
-1680
-1549
-1424
-1297
-1171
-1039
-902
-751
-578
-368
-125
149
451
763
1073
1383
1698
2005
2286
2533
2756
2968
3161
3316
3414
3453
3439
3392
3315
3201
3035
2818
2560
2270
1969
1671
1390
1135
914
727
592
517
462
387
299
214
123
-9
-200
-442
-708
-968
-1222
-1479
-1722
-1926
-2080
-2194
-2267
-2299
-2299
-2281
-2266
-2276
-2313
-2360
-2416
-2481
-2541
-2564
-2534
-2440
-2300
-2136
-1960
-1778
-1598
-1440
-1308
-1198
-1096
-988
-862
-719
-557
-369
-153
106
412
747
1088
1417
1735
2040
2329
2593
2830
3046
3251
3431
3548
3578
3538
3465
3364
3221
3019
2765
2471
2153
1833
1522
1224
954
724
535
415
361
316
237
149
72
-25
-155
-336
-577
-857
-1113
-1348
-1583
-1802
-1974
-2096
-2167
-2185
-2171
-2120
-2051
-2017
-2043
-2105
-2190
-2307
-2447
-2568
-2628
-2632
-2579
-2462
-2283
-2084
-1896
-1708
-1508
-1305
-1127
-982
-842
-669
-479
-320
-164
25
258
533
840
1129
1398
1694
2014
2322
2599
2857
3094
3342
3540
3594
3514
3425
3341
3191
2958
2689
2397
2062
1702
1343
1008
716
475
271
123
69
80
82
68
65
54
2
-85
-221
-448
-724
-972
-1206
-1459
-1682
-1823
-1883
-1860
-1774
-1691
-1603
-1484
-1414
-1481
-1629
-1798
-2013
-2263
-2478
-2634
-2716
-2697
-2568
-2365
-2127
-1881
-1610
-1293
-967
-713
-556
-439
-329
-236
-158
-55
90
281
503
767
1104
1515
1924
2294
2620
2902
3149
3384
3586
3651
3545
3357
3213
3097
2916
2640
2301
1903
1471
1041
650
306
21
-216
-379
-399
-278
-123
-25
53
133
173
153
79
-76
-303
-549
-799
-1097
-1402
-1627
-1762
-1816
-1789
-1706
-1581
-1401
-1247
-1232
-1341
-1505
-1751
-2092
-2433
-2702
-2884
-2958
-2923
-2779
-2531
-2190
-1801
-1380
-942
-563
-304
-145
-45
5
-7
-53
-67
-20
87
311
683
1148
1624
2078
2504
2877
3194
3491
3717
3767
3595
3302
3055
2872
2624
2251
1813
1340
889
476
118
-197
-437
-630
-695
-554
-269
-29
103
236
381
460
434
350
219
67
-126
-360
-611
-842
-1062
-1281
-1409
-1414
-1361
-1317
-1216
-1079
-1003
-1061
-1247
-1558
-1948
-2293
-2575
-2824
-3023
-3061
-2926
-2655
-2255
-1774
-1250
-714
-223
125
333
477
512
378
176
42
-11
28
223
574
1033
1567
2129
2661
3168
3630
4005
4161
3987
3541
3101
2791
2446
1922
1307
734
234
-199
-604
-947
-1146
-1184
-1136
-924
-484
13
327
512
665
778
787
683
487
221
-7
-221
-446
-671
-793
-860
-929
-952
-898
-848
-829
-817
-903
-1136
-1469
-1902
-2461
-2966
-3288
-3514
-3674
-3641
-3400
-2993
-2437
-1786
-1163
-516
135
639
934
1071
1062
855
574
298
54
-105
-54
187
594
1177
1877
2606
3318
3980
4545
4852
4697
4074
3387
2854
2305
1524
647
-139
-759
-1222
-1590
-1842
-1913
-1745
-1492
-1083
-416
366
825
1003
1147
1293
1237
989
636
245
-59
-286
-527
-732
-710
-564
-458
-327
-118
2
16
-31
-251
-733
-1382
-2190
-3132
-3974
-4480
-4736
-4861
-4767
-4341
-3622
-2653
-1545
-530
376
1282
2065
2474
2523
2289
1843
1298
767
222
-219
-323
-67
414
1087
1947
2884
3821
4706
5382
5581
5093
4137
3148
2263
1226
-82
-1411
-2469
-3123
-3450
-3545
-3390
-2860
-2099
-1249
-223
981
1900
2279
2352
2331
2129
1686
1043
280
-353
-731
-977
-1148
-1046
-694
-264
186
683
1022
1133
1032
692
28
-970
-2326
-3920
-5237
-6007
-6441
-6740
-6663
-5987
-4751
-3209
-1671
-208
1258
2613
3521
3952
4003
3647
2910
2038
1181
415
-153
-424
-299
258
1120
2045
3012
4054
5032
5755
6005
5508
4298
2954
1789
526
-1087
-2738
-4086
-4908
-5158
-4984
-4544
-3670
-2329
-869
610
2212
3635
4325
4353
4063
3550
2736
1643
329
-884
-1645
-2011
-2188
-2079
-1528
-763
20
750
1320
1536
1360
808
-163
-1596
-3413
-5249
-6637
-7431
-7848
-7942
-7432
-6086
-4161
-2157
-328
1477
3180
4433
4981
4955
4477
3628
2536
1399
445
-227
-524
-423
227
1274
2390
3400
4457
5453
6105
6306
5954
4799
2969
1174
-342
-1835
-3522
-5095
-6226
-6549
-6122
-5366
-4394
-2868
-897
1006
2777
4529
5809
6197
5851
5067
3984
2672
1106
-630
-1990
-2653
-2890
-2907
-2449
-1527
-463
504
1286
1721
1688
1163
153
-1245
-3022
-5109
-7056
-8225
-8597
-8476
-7996
-6829
-4780
-2197
164
2037
3738
5210
5964
5816
5082
3919
2495
966
-396
-1346
-1710
-1564
-890
450
2140
3714
4966
6166
7099
7467
7193
6229
4316
1764
-551
-2384
-4002
-5669
-7053
-7780
-7398
-6132
-4635
-3050
-989
1414
3502
5240
6661
7379
7046
5966
4489
2881
1205
-607
-2380
-3436
-3547
-3233
-2806
-1973
-709
540
1425
1836
1747
1155
57
-1535
-3322
-5147
-7029
-8646
-9330
-8940
-7925
-6594
-4804
-2426
270
2581
4056
5033
5728
5751
4828
3404
1894
375
-1031
-2085
-2585
-2414
-1586
-318
1368
3310
5058
6318
7287
7967
8038
7506
6209
3873
909
-1496
-3218
-4870
-6593
-7836
-8206
-7433
-5788
-3983
-2077
350
2935
4978
6596
7842
8141
7191
5519
3608
1695
-206
-2088
-3651
-4249
-3879
-3081
-2173
-962
429
1609
2250
2238
1625
445
-1217
-3120
-5034
-6888
-8432
-9228
-9031
-7978
-6283
-4249
-1895
684
3003
4485
5250
5499
5101
3999
2428
658
-970
-2227
-3096
-3426
-2999
-1953
-519
1298
3343
5095
6371
7287
7868
7926
7467
6609
5062
2490
-529
-2693
-4019
-5304
-6926
-8033
-8013
-6733
-4958
-3279
-1273
1447
4157
6034
7477
8569
8657
7275
5102
2841
749
-1400
-3516
-4969
-5080
-4266
-3323
-2224
-652
1018
2104
2368
2014
1171
-253
-2218
-4276
-5978
-7412
-8532
-8805
-7895
-6105
-3946
-1743
574
2925
4688
5253
4956
4349
3253
1478
-569
-2307
-3502
-4131
-4206
-3696
-2399
-518
1572
3703
5831
7446
8309
8698
8651
8119
7212
6104
4054
982
-2189
-4158
-5334
-6519
-8030
-8910
-8359
-6453
-4284
-2293
161
3176
5984
7914
9328
10022
9455
7397
4688
1990
-417
-2933
-5242
-6511
-6180
-4975
-3715
-2416
-734
1056
2161
2246
1554
400
-1169
-2969
-4631
-5861
-6552
-6723
-6367
-5198
-3250
-1156
502
1891
2973
3408
2931
1778
308
-1092
-2358
-3499
-4218
-4120
-3378
-2236
-779
887
2536
4129
5558
6566
7054
7096
6908
6669
6337
5758
5338
4475
2209
-1156
-3480
-4643
-5912
-8106
-9968
-10227
-8465
-5868
-3515
-718
3296
7499
10380
12318
13494
13178
10633
6710
2507
-1261
-4983
-8523
-10849
-10819
-9057
-6782
-4465
-1652
1481
4016
5035
4640
3474
1705
-655
-3134
-5056
-6395
-7070
-6926
-5717
-3719
-1497
203
1494
2601
3082
2235
546
-1137
-2503
-3718
-4663
-4964
-4319
-2794
-959
850
2711
4493
5760
6536
6906
6734
6018
5280
4739
4425
4115
4123
3997
2713
-263
-3168
-4664
-5671
-7615
-9970
-10802
-9274
-6060
-2834
439
4723
9728
13439
15391
16104
15290
11953
6654
832
-4328
-8801
-12670
-15139
-14800
-11678
-7502
-3512
432
4510
7812
9210
8382
6108
3148
-111
-3537
-6342
-8010
-8473
-8065
-6609
-4151
-1367
691
1740
2206
2274
1476
-480
-2753
-4236
-4732
-4777
-4441
-3270
-1087
1350
3324
4670
5559
5942
5688
4901
3877
2828
1923
1524
1926
2829
3730
4759
5544
4422
903
-2829
-4790
-6115
-8392
-11032
-11474
-8693
-3997
235
4063
8805
13952
17038
17356
16004
13171
8003
900
-6097
-11289
-14695
-16984
-17227
-14055
-8001
-1688
3373
7384
10887
12867
11949
8217
3450
-1108
-5285
-8895
-11126
-11636
-10704
-8644
-5604
-2027
1134
2967
3575
3671
3092
1203
-1554
-3663
-4455
-4490
-4365
-3743
-2058
396
2434
3507
4080
4560
4623
4166
3485
2886
2385
2153
2440
3257
4084
4899
5364
4165
650
-3285
-5474
-6494
-7922
-9758
-9852
-7030
-2060
2536
6109
9772
13712
15926
15512
13194
9555
4403
-1884
-7870
-12136
-14370
-15078
-13920
-10171
-4160
1954
6496
9289
10998
11345
9552
5494
448
-4115
-7495
-9741
-10654
-10019
-8203
-5871
-3354
-715
1460
2460
2060
1121
254
-803
-2418
-3721
-3656
-2443
-1184
-299
663
2037
3101
3077
2144
1236
716
366
260
651
1485
2465
3710
5115
6362
6807
6782
5991
3318
-1499
-5973
-7850
-8092
-8652
-9410
-7943
-3562
2040
6135
8789
11445
14048
14425
12161
8619
4653
-246
-5704
-10136
-12331
-12626
-11755
-9331
-4888
761
5490
8171
9108
9220
8193
5375
1040
-3303
-6542
-8366
-9045
-8706
-7400
-5403
-3347
-1579
-187
595
487
-295
-1031
-1452
-1925
-2538
-2537
-1418
194
1200
1485
1730
2124
1958
897
-487
-1271
-1306
-867
-75
1259
2845
4166
5279
6278
6977
6554
5616
4380
2015
-2243
-6239
-7798
-7273
-6866
-6998
-5706
-1930
2959
6391
8191
9947
11884
12013
9872
6814
3649
-318
-4852
-8624
-10372
-10546
-9865
-7997
-4275
600
4677
6904
7612
7657
6840
4521
830
-2926
-5637
-7018
-7482
-7291
-6497
-5075
-3250
-1697
-1068
-1310
-1753
-1782
-1466
-1372
-1625
-1572
-498
1050
2049
2192
1935
1544
906
-192
-1593
-2759
-3357
-3168
-2200
-490
1689
3854
5654
6979
7755
7686
6730
5169
3891
2744
330
-3599
-6708
-7020
-5622
-4829
-4936
-3890
-778
3093
5814
7219
8476
9882
10254
9064
6911
4122
327
-3954
-7443
-9334
-10172
-10148
-8520
-4770
64
4094
6465
7570
7931
7019
4276
258
-3510
-6199
-7740
-8345
-7868
-6356
-4237
-2152
-576
281
397
-108
-1034
-1968
-2644
-2875
-2679
-2023
-974
418
1640
2289
2260
1841
1131
128
-1142
-2428
-3162
-2968
-1851
-105
1951
3997
5841
7103
7642
7399
6464
4996
3812
2644
179
-3637
-6388
-6298
-4782
-4381
-4899
-3790
-315
3587
5832
6806
8186
9848
10112
8569
6043
2898
-1093
-5302
-8489
-10038
-10423
-9689
-7103
-2683
2025
5408
7143
7617
6929
4845
1552
-2143
-5280
-7316
-7986
-7486
-6194
-4535
-2884
-1620
-923
-712
-850
-1178
-1575
-1814
-1636
-974
-190
389
844
1429
1824
1471
322
-945
-1938
-2668
-3303
-3481
-2633
-666
1868
4288
6178
7224
7533
7067
5967
4368
2748
1814
1855
1389
-707
-3270
-4127
-3282
-2908
-4014
-4743
-3277
-127
2866
4791
6546
8892
10671
10506
8602
5628
1628
-3153
-7507
-10269
-11305
-10978
-9021
-5095
81
4696
7399
8150
7577
5801
2669
-1320
-4988
-7412
-8327
-7920
-6606
-4720
-2790
-1256
-378
-105
-255
-563
-961
-1334
-1402
-999
-309
261
605
837
983
631
-480
-1944
-3164
-3815
-3855
-3370
-2241
-242
2444
5204
7180
7983
7711
6700
5191
3564
2161
1236
1343
2188
2114
57
-2709
-4071
-4088
-4600
-6074
-6439
-4145
-56
3828
6734
9368
11846
12884
11584
8491
4253
-962
-6384
-10536
-12527
-12613
-11120
-7786
-2675
2805
6859
8654
8445
6685
3616
-275
-4052
-6845
-8250
-8022
-6345
-3982
-1704
89
1057
922
-201
-1576
-2540
-2956
-3026
-2612
-1469
87
1321
1780
1719
1333
348
-1419
-3305
-4446
-4612
-4051
-2827
-678
2338
5448
7864
9260
9432
8302
5980
3329
1213
-56
-774
-453
835
1446
39
-2465
-3807
-3699
-3789
-4908
-5052
-2705
1474
5396
8034
9916
11420
11608
9715
6217
1898
-2880
-7540
-10936
-12121
-11422
-9444
-6200
-1655
3147
6536
7638
6804
4925
2358
-702
-3728
-5831
-6611
-5960
-4424
-2692
-1375
-608
-562
-1266
-2441
-3382
-3613
-3109
-2214
-1047
278
1439
2013
1792
914
-405
-1850
-3128
-3893
-4035
-3238
-1440
903
3224
5313
7115
8247
8192
6700
4281
1760
-255
-1448
-1762
-1036
616
2978
4430
3373
279
-2466
-3551
-3917
-4761
-5309
-3573
493
5072
8226
9849
10690
10728
9080
5777
1587
-2967
-7303
-10441
-11632
-10981
-9156
-6328
-2412
2031
5609
7224
6804
5080
2786
323
-2188
-4331
-5548
-5531
-4462
-3128
-2288
-2098
-2219
-2666
-3397
-4075
-4037
-3014
-1340
319
1701
2559
2695
2129
993
-484
-1979
-3169
-3638
-3176
-2043
-550
1281
3209
4913
5919
6080
5514
4446
2746
785
-856
-1602
-1232
-130
1452
3309
5445
5912
3687
-237
-2937
-3689
-3802
-4574
-4487
-2032
2178
6021
8086
8781
8943
8245
6154
3060
-602
-4549
-7998
-9799
-9856
-8792
-7175
-4402
-525
3462
5984
6557
5530
3842
1810
-433
-2768
-4652
-5509
-5217
-4390
-3725
-3406
-3308
-3206
-3182
-3213
-2796
-1585
34
1510
2413
2812
2759
2055
693
-880
-2176
-2915
-3145
-2963
-2226
-984
493
1943
3099
3726
3840
3599
3093
2310
1339
466
156
591
1647
2958
4149
5320
6330
5642
2458
-1885
-4726
-5264
-4976
-5152
-4491
-1735
2503
6100
7837
8265
8289
7569
5672
2849
-532
-4172
-7361
-9187
-9338
-8340
-6684
-4056
-379
3417
5820
6201
5014
3231
1133
-1298
-3749
-5415
-5919
-5306
-4311
-3507
-2804
-2072
-1342
-814
-854
-1065
-708
208
1187
1575
1274
946
741
182
-804
-1813
-2353
-2323
-2125
-1900
-1340
-573
295
1130
1926
2618
3163
3458
3682
3666
3320
2685
2148
1970
2289
2739
3211
4007
4151
2427
-1006
-4030
-5101
-4719
-4609
-4401
-2605
994
4813
7276
8156
8389
8028
6532
3809
380
-3422
-6908
-9269
-9940
-9206
-7615
-5125
-1605
2186
4873
5812
5238
3678
1527
-823
-2945
-4404
-5035
-4652
-3487
-2158
-1300
-817
-517
-441
-808
-1263
-1151
-332
579
1019
1071
986
697
-82
-1174
-2210
-2865
-3117
-2992
-2470
-1579
-444
854
2315
3658
4482
4682
4428
3949
3218
2140
1019
268
202
821
1715
2670
3810
4921
4396
1573
-2365
-4810
-5103
-4568
-4488
-3691
-948
3168
6497
7826
7790
7414
6333
3947
536
-3114
-6394
-8702
-9654
-9147
-7599
-5290
-2250
1161
4008
5557
5583
4369
2425
275
-1595
-2937
-3576
-3567
-2900
-1906
-1033
-677
-672
-803
-900
-1100
-1422
-1583
-1214
-354
498
773
290
-414
-953
-1408
-2035
-2631
-2677
-1790
-486
722
1682
2602
3392
3783
3511
2894
2200
1638
1252
994
886
970
1479
2338
3361
4020
4595
4747
3164
-487
-4470
-6428
-6133
-5118
-4337
-2578
755
4757
7512
8237
7456
6092
4018
1283
-1722
-4551
-6953
-8320
-8346
-7108
-5349
-3305
-881
1808
4012
5119
4916
3697
1957
309
-925
-1823
-2381
-2539
-2089
-1466
-1205
-1461
-1748
-1878
-1806
-1576
-1264
-953
-647
-225
331
491
-243
-1324
-1868
-1722
-1467
-1324
-890
203
1433
2214
2480
2421
2083
1559
978
673
659
841
1281
1932
2419
2623
2741
3013
3284
3228
2909
2839
2089
-484
-4167
-6409
-5905
-4075
-2898
-1968
323
3698
6343
6882
5830
4403
2963
1112
-926
-2899
-4751
-6229
-6776
-6292
-5134
-3730
-1906
432
2795
4515
5194
4664
3227
1574
219
-925
-2010
-2809
-2931
-2601
-2340
-2280
-2198
-2053
-1938
-1758
-1162
-386
-175
-466
-574
-196
95
-296
-997
-1040
-393
286
607
823
1186
1518
1426
1046
617
222
-42
41
434
1096
1771
2349
2645
2658
2559
2682
2840
2685
2516
2449
2773
1823
-1117
-4811
-6441
-5581
-3730
-2686
-1587
766
3829
5784
5958
5013
3913
2732
1130
-641
-2382
-4208
-5874
-6635
-6240
-4837
-3036
-900
1530
4040
5765
6088
4846
2767
621
-1124
-2560
-3567
-4091
-3926
-3130
-2209
-1713
-1699
-1738
-1464
-833
-161
340
490
543
511
297
-335
-1135
-1724
-1651
-1089
-332
434
1172
1702
1860
1633
1143
438
-258
-584
-475
-127
483
1393
2416
3147
3449
3612
3720
3561
2860
1977
1272
1011
-308
-3066
-5971
-6546
-4773
-2371
-1049
40
1829
3984
5062
4690
3558
2641
1872
994
50
-1064
-2607
-4194
-4994
-4772
-3868
-2738
-1146
911
3037
4373
4533
3449
1720
-46
-1300
-2152
-2770
-3081
-2830
-2193
-1670
-1596
-1735
-1642
-1159
-372
444
1117
1349
924
-99
-1347
-2458
-3051
-2984
-2229
-857
829
2263
3013
2983
2283
1130
-167
-1163
-1529
-1301
-663
298
1469
2655
3490
3682
3405
2864
2255
1664
993
427
282
846
987
-643
-3616
-5299
-4433
-2526
-1637
-1426
-249
2173
4319
5093
4879
4548
4228
3378
1874
-150
-2523
-4907
-6557
-6979
-6087
-4335
-1957
735
3412
5390
6043
4989
2721
253
-1554
-2654
-3306
-3507
-2977
-1859
-835
-375
-540
-758
-798
-663
-576
-534
-775
-1321
-1972
-2304
-2275
-1832
-992
318
1797
2913
3232
2720
1549
31
-1365
-2166
-2160
-1553
-519
768
2024
2813
3014
2695
2190
1515
1021
750
838
1048
1361
1801
2411
2411
371
-3067
-5630
-5527
-3765
-2166
-1274
273
2727
5120
6102
5731
4652
3616
2332
755
-1192
-3320
-5227
-6219
-6049
-4898
-3071
-801
1721
3872
5124
5063
3773
1624
-457
-1933
-2508
-2452
-1892
-1210
-719
-702
-1040
-1567
-2131
-2588
-2627
-2019
-1044
-215
109
-27
-448
-807
-979
-751
-139
772
1588
1908
1561
664
-399
-1175
-1309
-914
-221
528
1142
1373
1128
669
316
351
720
1379
2090
2711
3113
3120
2571
1676
990
212
-1820
-4673
-5984
-4369
-1389
453
1046
1966
3692
4920
4616
3228
2006
1426
950
133
-964
-2200
-3241
-3736
-3590
-3029
-2051
-463
1446
2825
3073
2458
1555
600
-312
-1036
-1367
-1259
-983
-989
-1470
-2210
-2865
-2961
-2565
-1960
-1368
-664
208
933
929
50
-1156
-1805
-1503
-569
422
1067
1381
1482
1276
494
-582
-1223
-1168
-722
-307
-41
115
197
331
664
1178
1727
2248
2614
2676
2425
1909
1310
780
322
471
780
-74
-2103
-3293
-2344
-473
347
82
327
1546
2717
2883
2359
2129
2494
2647
2039
755
-898
-2389
-3339
-3904
-4156
-3608
-1814
573
2239
2629
2290
1709
887
-154
-1190
-2019
-2378
-2071
-1432
-1142
-1491
-1934
-1668
-895
-556
-824
-948
-496
-56
-261
-888
-1253
-1134
-705
-125
563
1230
1533
1237
528
-368
-1169
-1628
-1506
-991
-260
441
1028
1367
1533
1595
1513
1260
1041
1033
1234
1492
1582
1430
1510
1834
2481
2702
1301
-1460
-3464
-3248
-1787
-975
-1022
-472
1171
2931
3525
3111
2592
2757
2802
2097
519
-1276
-2734
-3419
-3726
-3824
-3359
-1860
285
1865
2111
1351
289
-664
-1280
-1635
-1788
-1564
-716
352
866
302
-852
-1679
-1776
-1680
-1784
-1881
-1533
-871
-331
-163
-385
-680
-555
67
629
719
348
-26
-186
-285
-512
-598
-193
543
1148
1247
985
586
429
471
555
566
714
1160
1826
2373
2477
2333
2165
2262
2568
2633
1108
-1693
-3844
-3520
-1859
-767
-685
-208
1176
2622
2940
2220
1590
1819
2396
2251
1088
-619
-1925
-2560
-2917
-3437
-3570
-2691
-863
656
1071
399
-523
-1079
-997
-687
-438
-155
479
1156
1098
-14
-1569
-2513
-2712
-2399
-2086
-1635
-1159
-622
-300
-176
-368
-625
-705
-399
-55
47
-18
89
486
862
1031
930
812
727
682
458
71
-298
-244
213
727
880
920
1198
1815
2319
2511
2415
2379
2398
2451
2516
1708
-661
-3247
-3822
-2328
-809
-505
-540
177
1434
2123
1840
1256
1430
2268
2733
2053
434
-1290
-2348
-2809
-3198
-3547
-3109
-1605
102
844
420
-524
-1228
-1226
-656
-9
347
584
821
774
-80
-1501
-2683
-2808
-2133
-1444
-1177
-1027
-749
-469
-454
-688
-873
-771
-382
13
277
478
848
1295
1554
1450
1151
847
545
176
-157
-307
-253
22
309
493
584
760
1061
1353
1709
2164
2742
3047
3128
2887
2771
2089
38
-2746
-4000
-3050
-1514
-862
-827
-381
537
1419
1571
1311
1266
1947
2523
2332
1026
-709
-2090
-2671
-2848
-3003
-2733
-1762
-480
192
41
-829
-1692
-1876
-1086
-125
403
461
540
527
77
-927
-1873
-2153
-1665
-986
-664
-682
-769
-661
-508
-469
-582
-441
-63
384
522
495
534
851
1204
1342
1207
898
503
147
-96
-237
-268
-181
16
185
344
502
757
1221
1975
2756
3331
3430
3181
2716
2333
1788
126
-2442
-4188
-3630
-1883
-647
-480
-424
130
1071
1510
1159
707
1157
2166
2510
1606
-131
-1622
-2323
-2450
-2650
-2711
-2219
-1166
-308
-178
-794
-1654
-1939
-1286
-212
367
415
409
540
347
-330
-1142
-1462
-1153
-529
-121
-88
-261
-380
-369
-417
-649
-889
-782
-360
36
95
23
210
739
1245
1423
1220
900
583
354
118
-66
-170
-21
358
703
921
958
1197
1626
2209
2462
2462
2172
1901
1650
1608
837
-1039
-2907
-2997
-1498
-189
2
-515
-583
-31
625
516
136
400
1494
2263
1893
411
-1290
-2153
-2159
-1989
-2075
-1911
-1220
-343
-42
-546
-1517
-2130
-1763
-716
138
328
255
259
320
105
-408
-844
-690
-45
496
466
4
-416
-617
-756
-1042
-1272
-1206
-813
-368
-95
26
231
680
1244
1589
1531
1198
817
643
617
592
482
462
606
721
677
546
476
623
1012
1516
1920
2019
1933
1933
2094
1326
-689
-2571
-2545
-1186
-192
-309
-799
-857
-310
190
82
-216
131
1146
1765
1370
101
-1193
-1803
-1658
-1359
-1300
-1147
-632
-14
47
-556
-1504
-2099
-1777
-801
-1
179
174
206
195
-42
-416
-715
-564
-15
333
223
-72
-324
-555
-725
-862
-882
-718
-370
-69
93
123
218
544
950
1142
1117
1018
919
887
918
897
717
527
460
454
419
258
150
311
862
1488
1926
2034
1872
1844
1498
94
-1951
-2806
-1926
-680
-248
-435
-614
-454
10
315
212
224
844
1543
1626
892
-339
-1508
-1933
-1638
-1309
-1132
-818
-241
141
31
-553
-1275
-1516
-1042
-292
74
7
-255
-472
-605
-725
-895
-917
-492
118
445
343
97
-95
-180
-184
-159
-78
99
287
325
168
-89
-218
-41
317
550
598
600
643
765
886
852
661
601
739
735
497
255
253
445
812
1182
1416
1440
1433
1293
390
-1164
-2192
-1776
-720
-44
17
-47
70
363
540
448
369
604
982
1066
690
-147
-1149
-1826
-1980
-1771
-1358
-705
-29
426
546
317
-246
-854
-1098
-929
-582
-328
-241
-324
-460
-599
-780
-947
-924
-631
-279
-43
114
288
405
421
427
468
513
543
527
348
-82
-544
-725
-589
-337
-78
206
484
649
645
501
235
-7
-81
-16
3
-12
101
350
605
800
1025
1210
1329
1236
755
-28
-637
-645
-169
403
718
775
739
790
807
672
474
400
416
414
308
26
-475
-1041
-1458
-1591
-1423
-996
-437
50
297
273
54
-285
-600
-777
-688
-405
-82
76
-17
-307
-645
-963
-1213
-1250
-999
-583
-179
200
481
508
299
51
-93
-127
-21
140
164
-2
-208
-360
-480
-545
-522
-419
-316
-231
-252
-370
-452
-314
-39
246
510
780
1027
1186
1234
1144
1068
1059
1024
790
520
506
747
1061
1176
1036
717
434
342
480
662
700
633
644
751
651
193
-483
-1038
-1354
-1353
-1137
-849
-551
-240
6
5
-242
-538
-750
-874
-867
-739
-564
-465
-423
-436
-481
-588
-713
-826
-864
-816
-767
-746
-710
-635
-528
-338
-88
142
303
442
504
387
94
-253
-554
-680
-604
-445
-337
-234
-95
53
158
287
495
764
990
1125
1142
1125
1222
1353
1323
1131
1093
1275
1462
1390
1053
544
58
-184
-152
0
114
292
565
810
841
668
378
48
-258
-438
-467
-407
-385
-458
-577
-628
-568
-496
-530
-679
-829
-914
-965
-1047
-1095
-982
-697
-358
-127
-83
-224
-483
-793
-1123
-1357
-1434
-1310
-1054
-696
-319
0
158
169
108
24
-57
-98
-82
-77
-99
-83
61
238
328
317
320
368
395
407
480
623
802
1019
1192
1189
1092
1116
1281
1420
1506
1541
1388
939
392
22
-113
-119
-50
75
226
398
524
496
268
-29
-170
-34
246
434
393
207
9
-203
-453
-706
-850
-860
-777
-720
-804
-1067
-1355
-1478
-1362
-1082
-759
-484
-322
-314
-455
-749
-1105
-1334
-1321
-1108
-806
-498
-327
-316
-377
-372
-376
-395
-287
-7
342
607
731
698
581
513
614
793
900
901
860
832
778
695
564
467
478
642
885
1154
1355
1376
1138
806
624
639
744
755
632
390
183
43
-83
-231
-360
-389
-235
88
353
359
173
44
1
-45
-97
-97
-113
-213
-375
-565
-843
-1162
-1374
-1391
-1340
-1322
-1302
-1246
-1204
-1170
-1090
-1019
-999
-995
-929
-841
-730
-594
-485
-487
-537
-551
-527
-462
-297
-16
271
489
640
737
781
811
863
933
1034
1221
1472
1669
1662
1376
911
474
261
313
560
793
842
719
632
631
604
550
507
505
559
709
791
608
213
-137
-350
-406
-253
-9
126
63
-60
-181
-301
-409
-405
-252
-16
169
184
5
-332
-728
-1082
-1317
-1417
-1407
-1320
-1221
-1236
-1381
-1571
-1702
-1689
-1461
-1073
-701
-470
-376
-386
-447
-471
-398
-231
-8
204
320
316
281
290
363
489
690
905
1094
1286
1483
1578
1495
1325
1225
1316
1496
1562
1328
872
436
195
136
226
400
523
560
555
485
248
-68
-274
-281
-130
126
370
432
310
131
-30
-170
-273
-281
-227
-171
-201
-337
-544
-725
-810
-788
-679
-573
-523
-566
-723
-1004
-1332
-1597
-1716
-1652
-1428
-1171
-1005
-960
-993
-1095
-1163
-1069
-802
-468
-152
118
275
307
291
318
390
500
642
796
941
1082
1151
1054
826
663
716
969
1296
1541
1598
1469
1317
1217
1147
1020
808
580
444
397
327
159
-45
-157
-149
-55
26
-5
-123
-190
-146
-43
49
143
237
308
332
266
54
-272
-589
-783
-844
-865
-914
-992
-1030
-1048
-1083
-1131
-1148
-1121
-1053
-970
-921
-938
-1005
-1049
-1022
-932
-809
-662
-496
-398
-394
-418
-381
-251
-39
223
496
777
1022
1172
1166
1043
840
704
732
923
1112
1175
1066
875
741
707
748
791
857
931
1031
1041
884
557
211
-19
-83
39
222
319
277
185
77
-25
-113
-171
-213
-216
-147
-66
-68
-163
-269
-352
-402
-444
-489
-570
-699
-882
-1078
-1272
-1404
-1423
-1332
-1172
-1002
-860
-777
-719
-652
-566
-492
-414
-320
-222
-114
9
120
179
235
334
433
510
553
550
482
442
507
667
862
979
948
798
680
621
588
561
521
449
403
438
456
369
224
129
115
193
339
424
366
239
160
121
86
90
141
219
290
302
177
-77
-335
-489
-518
-520
-545
-591
-621
-632
-644
-707
-837
-955
-996
-971
-956
-967
-973
-923
-788
-590
-415
-316
-245
-155
-54
25
99
207
373
577
777
915
910
795
666
629
648
683
680
599
444
289
224
217
255
295
315
277
213
125
-5
-139
-222
-235
-172
8
207
292
256
198
120
26
-9
18
48
83
153
173
90
-47
-146
-180
-164
-124
-132
-229
-386
-549
-712
-846
-900
-835
-715
-600
-539
-538
-576
-574
-484
-385
-332
-294
-204
-102
-3
107
263
464
706
940
1076
1006
768
502
360
384
531
712
816
808
759
703
589
408
220
67
-33
-49
-41
-87
-202
-299
-336
-331
-297
-292
-348
-417
-448
-428
-349
-221
-89
11
88
132
64
-79
-204
-262
-286
-286
-267
-273
-321
-373
-391
-422
-472
-495
-456
-399
-366
-360
-368
-387
-371
-292
-180
-83
29
168
291
346
344
341
380
480
606
656
578
498
530
659
787
845
804
692
587
546
504
381
196
37
-28
-23
-39
-83
-146
-189
-209
-198
-217
-305
-430
-521
-546
-517
-434
-304
-177
-111
-112
-198
-379
-581
-660
-604
-464
-313
-138
-30
-26
-115
-233
-368
-467
-463
-355
-212
-105
-41
-6
21
16
46
123
233
359
480
564
563
545
542
587
608
590
536
526
590
681
752
695
486
210
55
20
62
108
124
92
66
49
-46
-205
-328
-353
-318
-238
-152
-145
-257
-398
-488
-552
-582
-532
-405
-250
-137
-140
-286
-474
-609
-633
-589
-488
-386
-306
-256
-256
-315
-445
-528
-552
-480
-359
-155
40
215
348
434
433
390
394
451
562
698
851
980
1095
1123
1022
791
585
492
556
710
819
736
511
281
120
25
-54
-122
-168
-136
-55
-34
-164
-381
-577
-662
-622
-516
-457
-465
-513
-550
-583
-593
-583
-531
-427
-287
-201
-234
-340
-439
-509
-578
-634
-678
-686
-662
-579
-503
-452
-426
-386
-335
-259
-162
-50
63
157
243
319
440
586
755
886
978
1036
1104
1188
1237
1225
1149
1100
1100
1151
1156
1042
810
581
438
386
362
305
187
21
-121
-232
-353
-517
-653
-703
-653
-571
-537
-603
-744
-871
-909
-850
-734
-591
-474
-432
-456
-537
-661
-812
-889
-876
-814
-763
-693
-621
-576
-577
-604
-603
-540
-403
-249
-112
-33
4
17
68
138
247
395
601
826
1035
1193
1258
1237
1163
1098
1067
1112
1223
1351
1365
1242
1013
799
649
599
586
548
466
383
308
191
13
-185
-355
-476
-513
-514
-548
-650
-765
-855
-888
-874
-848
-823
-779
-746
-774
-876
-991
-1075
-1104
-1073
-1002
-939
-886
-805
-714
-638
-595
-546
-484
-379
-256
-144
-72
-11
73
189
343
529
735
897
1022
1110
1168
1155
1077
994
994
1091
1233
1322
1267
1088
884
744
675
657
639
601
560
528
468
326
137
-43
-142
-138
-85
-90
-183
-333
-488
-609
-683
-695
-660
-606
-582
-645
-807
-1021
-1211
-1351
-1413
-1388
-1267
-1104
-976
-931
-969
-1028
-1034
-926
-727
-525
-369
-252
-138
-12
127
266
424
593
794
1016
1208
1272
1201
1090
1024
1036
1108
1224
1272
1190
1012
832
686
611
587
574
557
518
447
313
155
21
-65
-101
-75
-32
-40
-128
-258
-391
-502
-546
-519
-439
-369
-347
-437
-633
-870
-1040
-1116
-1099
-1012
-867
-732
-680
-700
-768
-839
-864
-776
-627
-468
-356
-292
-249
-164
-23
127
281
487
715
905
971
913
758
622
588
707
904
1041
1057
1004
947
840
710
595
511
455
462
499
479
403
292
171
62
-3
-58
-154
-260
-365
-468
-544
-567
-548
-513
-473
-487
-597
-772
-918
-1000
-1003
-926
-801
-734
-738
-735
-686
-625
-537
-406
-267
-157
-48
52
102
140
233
399
604
826
1008
1108
1100
1007
857
714
613
604
647
663
596
490
404
332
285
246
194
115
45
-7
-73
-154
-215
-245
-235
-163
-95
-92
-137
-206
-304
-416
-483
-523
-544
-559
-579
-646
-714
-745
-735
-703
-688
-719
-798
-843
-827
-763
-644
-467
-265
-102
8
107
190
264
335
455
619
823
1019
1191
1269
1239
1131
1050
1045
1098
1141
1114
991
821
672
558
467
370
272
179
120
33
-105
-277
-418
-517
-581
-602
-621
-644
-679
-700
-734
-759
-778
-797
-813
-837
-898
-984
-1031
-991
-894
-801
-753
-728
-709
-671
-610
-502
-364
-214
-56
92
194
253
320
424
575
764
963
1139
1257
1285
1218
1104
1004
962
1006
1072
1066
964
815
650
498
378
306
249
204
175
146
68
-45
-174
-273
-328
-351
-364
-380
-408
-464
-544
-644
-731
-783
-814
-864
-932
-994
-1024
-1026
-1012
-995
-967
-898
-804
-698
-619
-547
-479
-397
-309
-203
-75
77
249
427
607
776
938
1063
1169
1206
1216
1192
1209
1235
1255
1219
1144
1051
948
841
720
616
491
361
237
141
18
-119
-231
-305
-357
-407
-461
-557
-677
-782
-860
-926
-977
-993
-995
-993
-972
-933
-908
-916
-932
-920
-863
-770
-659
-564
-481
-398
-319
-250
-180
-98
13
162
333
478
606
728
872
1006
1106
1167
1202
1228
1261
1286
1256
1153
1018
903
813
733
653
577
490
412
311
173
0
-155
-273
-353
-398
-437
-511
-621
-725
-815
-902
-982
-1040
-1086
-1114
-1126
-1122
-1114
-1100
-1086
-1052
-981
-881
-760
-631
-517
-435
-366
-283
-199
-110
3
145
309
472
639
801
960
1081
1144
1163
1170
1186
1233
1272
1264
1203
1113
1025
931
847
770
697
616
537
438
310
159
22
-80
-149
-185
-227
-293
-401
-547
-698
-843
-960
-1056
-1102
-1129
-1140
-1162
-1199
-1228
-1234
-1213
-1165
-1066
-932
-806
-703
-623
-542
-467
-337
-174
25
226
427
588
722
855
955
1035
1105
1186
1257
1320
1356
1326
1227
1126
1051
972
889
821
751
656
525
367
203
58
-66
-167
-236
-281
-345
-434
-536
-650
-775
-884
-948
-986
-1002
-1010
-1012
-1036
-1065
-1106
-1127
-1105
-1015
-896
-786
-696
-623
-548
-465
-337
-195
-19
166
369
550
703
810
885
944
992
1037
1087
1159
1222
1251
1220
1127
1008
914
873
861
845
803
736
618
462
274
106
-47
-165
-251
-305
-373
-474
-622
-785
-942
-1049
-1072
-1043
-1004
-1000
-1027
-1085
-1137
-1150
-1116
-1048
-966
-882
-812
-778
-747
-688
-571
-412
-226
-34
157
331
482
601
709
827
956
1075
1160
1171
1140
1117
1141
1184
1202
1153
1040
931
873
836
778
697
598
481
370
252
91
-104
-267
-370
-434
-481
-558
-680
-824
-936
-1008
-1039
-1029
-1000
-977
-969
-960
-939
-915
-865
-800
-712
-607
-483
-361
-277
-196
-117
-12
102
232
339
430
535
648
762
837
900
933
960
944
898
833
755
668
568
467
341
228
141
76
22
-17
-60
-129
-189
-247
-299
-337
-336
-306
-279
-258
-257
-273
-308
-337
-368
-387
-380
-334
-276
-214
-164
-137
-130
-111
-73
-43
-11
4
7
-12
-8
19
58
96
125
158
191
239
266
284
271
272
257
238
196
154
107
64
26
-15
-51
-94
-155
-247
-334
-410
-467
-497
-497
-475
-439
-390
-343
-302
-245
-152
-47
57
158
240
308
371
429
469
512
544
568
573
568
535
476
416
351
298
240
204
165
122
66
0
-84
-154
-206
-255
-310
-364
-394
-419
-434
-440
-431
-411
-384
-360
-342
-328
-306
-283
-259
-220
-170
-131
-120
-127
-121
-100
-61
-13
23
61
108
181
260
317
341
352
379
424
473
500
533
554
560
532
494
441
386
331
269
206
137
73
-14
-100
-180
-253
-320
-373
-422
-488
-548
-597
-635
-687
-729
-749
-747
-716
-668
-608
-545
-476
-394
-292
-183
-72
33
127
225
332
450
560
648
709
740
763
775
775
758
764
765
744
688
612
526
447
389
332
277
214
146
66
-27
-125
-228
-325
-401
-457
-500
-562
-625
-678
-713
-730
-726
-705
-683
-654
-626
-608
-603
-596
-571
-525
-464
-397
-323
-239
-143
-46
42
116
192
269
346
416
481
534
583
628
663
686
689
672
637
605
577
549
509
470
428
369
308
243
173
89
-3
-92
-173
-243
-305
-358
-409
-438
-460
-457
-442
-414
-403
-401
-394
-375
-333
-280
-210
-145
-64
12
90
147
196
236
260
271
271
259
243
220
187
146
107
79
58
37
9
-20
-63
-109
-153
-187
-210
-226
-231
-234
-239
-247
-251
-258
-267
-283
-292
-291
-274
-247
-218
-183
-146
-118
-111
-105
-82
-32
33
97
143
191
252
344
441
530
587
627
668
702
709
686
651
620
604
595
570
529
473
398
303
191
82
-30
-135
-232
-315
-399
-480
-550
-607
-647
-673
-681
-682
-674
-666
-649
-634
-612
-585
-544
-517
-498
-479
-445
-398
-341
-286
-244
-205
-160
-97
-23
57
137
225
317
406
485
547
604
657
705
747
781
805
806
791
751
698
632
570
496
417
332
231
124
8
-110
-218
-296
-362